"area_fips","own_code","industry_code","agglvl_code","size_code","year","qtr","disclosure_code","qtrly_estabs","month1_emplvl","month2_emplvl","month3_emplvl","total_qtrly_wages","taxable_qtrly_wages","qtrly_contributions","avg_wkly_wage","lq_disclosure_code","lq_qtrly_estabs","lq_month1_emplvl","lq_month2_emplvl","lq_month3_emplvl","lq_total_qtrly_wages","lq_taxable_qtrly_wages","lq_qtrly_contributions","lq_avg_wkly_wage","oty_disclosure_code","oty_qtrly_estabs_chg","oty_qtrly_estabs_pct_chg","oty_month1_emplvl_chg","oty_month1_emplvl_pct_chg","oty_month2_emplvl_chg","oty_month2_emplvl_pct_chg","oty_month3_emplvl_chg","oty_month3_emplvl_pct_chg","oty_total_qtrly_wages_chg","oty_total_qtrly_wages_pct_chg","oty_taxable_qtrly_wages_chg","oty_taxable_qtrly_wages_pct_chg","oty_qtrly_contributions_chg","oty_qtrly_contributions_pct_chg","oty_avg_wkly_wage_chg","oty_avg_wkly_wage_pct_chg"
"01000","0","10","50","0","2017","4","",127297,1948432,1956946,1955326,23576402250,1463404386,23453446,928,"",1.00,1.00,1.00,1.00,1.00,1.00,1.00,1.00,"",2835,2.3,24098,1.3,25615,1.3,21979,1.1,953105086,4.2,55684411,4.0,-766183,-3.2,26,2.9
"01000","1","10","51","0","2017","4","",1203,53083,52947,53193,1094425014,0,0,1586,"",1.58,1.42,1.41,1.41,1.69,0.00,0.00,1.20,"",-8,-0.7,-447,-0.8,-698,-1.3,-746,-1.4,8415649,0.8,0,0.0,0,0.0,30,1.9
"01000","2","10","51","0","2017","4","",1381,97230,97556,96929,1375515418,6415,38,1088,"",1.55,1.55,1.56,1.55,1.79,0.00,0.00,1.15,"",-8,-0.6,904,0.9,1302,1.4,592,0.6,38936099,2.9,6380,18228.6,38,100.0,20,1.9
"01000","3","10","51","0","2017","4","",3709,213685,214231,214508,2225020765,8276413,88177,799,"",1.71,1.11,1.10,1.11,1.10,0.29,0.71,0.99,"",-4,-0.1,1354,0.6,892,0.4,961,0.5,43352939,2.0,-339672,-3.9,-10391,-10.5,11,1.4
"01000","5","10","51","0","2017","4","",121004,1584434,1592212,1590696,18881441053,1455121558,23365231,914,"",0.98,0.96,0.96,0.96,0.94,1.03,1.00,0.98,"",2855,2.4,22287,1.4,24119,1.5,21172,1.3,862400399,4.8,56017703,4.0,-755830,-3.1,29,3.3
"01000","8","10","96","0","2017","4","",6293,363998,364734,364630,4694961197,8282828,88215,991,"",1.65,1.24,1.24,1.24,1.36,0.17,0.57,1.10,"",-20,-0.3,1811,0.5,1496,0.4,807,0.2,90704687,2.0,-333292,-3.9,-10353,-10.5,16,1.6
"01001","0","10","70","0","2017","4","",885,10827,10899,10851,103654361,7191446,92839,734,"",1.00,1.00,1.00,1.00,1.00,1.00,1.00,1.00,"",17,2.0,70,0.7,20,0.2,-93,-0.8,3365991,3.4,-883,0.0,-7937,-7.9,24,3.4
"01001","1","10","71","0","2017","4","",12,83,88,87,1204710,0,0,1078,"",2.26,0.40,0.42,0.42,0.42,0.00,0.00,1.03,"",0,0.0,4,5.1,8,10.0,2,2.4,78974,7.0,0,0.0,0,0.0,13,1.2
"01001","2","10","71","0","2017","4","",19,587,597,596,6540474,0,0,848,"",3.06,1.69,1.71,1.72,1.93,0.00,0.00,1.13,"",0,0.0,26,4.6,35,6.2,41,7.4,442150,7.3,0,0.0,0,0.0,9,1.1
"01001","3","10","71","0","2017","4","",32,1907,1903,1905,17291844,3875,23,698,"",2.13,1.78,1.76,1.77,1.94,0.03,0.05,1.10,"",0,0.0,-24,-1.2,-23,-1.2,-24,-1.2,-36760,-0.2,1980,104.5,12,109.1,7,1.0
"01001","5","10","71","0","2017","4","",822,8250,8311,8263,78617333,7187571,92816,731,"",0.96,0.90,0.90,0.90,0.89,1.03,1.01,0.99,"",17,2.1,64,0.8,0,0.0,-112,-1.3,2881627,3.8,-2863,0.0,-7949,-7.9,28,4.0
"01003","0","10","70","0","2017","4","",6225,71600,71401,70787,670952306,59987963,817827,724,"",1.00,1.00,1.00,1.00,1.00,1.00,1.00,1.00,"",262,4.4,1828,2.6,1608,2.3,1576,2.3,37863772,6.0,3044104,5.3,-16343,-2.0,24,3.4
"01003","1","10","71","0","2017","4","",31,344,357,354,5447111,0,0,1191,"",0.83,0.25,0.26,0.26,0.30,0.00,0.00,1.15,"",-2,-6.1,-1,-0.3,7,2.0,2,0.6,226451,4.3,0,0.0,0,0.0,40,3.5
"01003","2","10","71","0","2017","4","",39,1279,1290,1262,13128564,0,0,791,"",0.89,0.56,0.56,0.56,0.60,0.00,0.00,1.07,"",1,2.6,61,5.0,157,13.9,57,4.7,565469,4.5,0,0.0,0,0.0,-24,-2.9
"01003","3","10","71","0","2017","4","",84,7961,8050,8038,82954331,158395,944,796,"",0.79,1.12,1.14,1.15,1.44,0.13,0.22,1.27,"",0,0.0,189,2.4,156,2.0,153,1.9,2721562,3.4,-21515,-12.0,-190,-16.8,10,1.3
"01003","5","10","71","0","2017","4","",6071,62016,61704,61133,569422300,59829568,816883,711,"",1.01,1.02,1.02,1.02,0.99,1.03,1.01,0.98,"",263,4.5,1579,2.6,1288,2.1,1364,2.3,34350290,6.4,3065619,5.4,-16153,-1.9,27,3.9
"01005","0","10","70","0","2017","4","",557,8017,8109,8159,74610069,5917166,101789,709,"",1.00,1.00,1.00,1.00,1.00,1.00,1.00,1.00,"",-2,-0.4,78,1.0,70,0.9,105,1.3,2197849,3.0,252103,4.5,-7178,-6.6,14,2.0
"01005","1","10","71","0","2017","4","",7,54,52,51,822901,0,0,1210,"",2.10,0.35,0.34,0.32,0.40,0.00,0.00,1.19,"",-1,-12.5,2,3.8,-2,-3.7,-8,-13.6,57235,7.5,0,0.0,0,0.0,139,13.0
"01005","2","10","71","0","2017","4","",18,590,593,591,7397225,0,0,962,"",4.61,2.29,2.28,2.27,3.04,0.00,0.00,1.33,"",-1,-5.3,-3,-0.5,0,0.0,-2,-0.3,97404,1.3,0,0.0,0,0.0,15,1.6
"01005","3","10","71","0","2017","4","",31,939,940,942,8197598,45806,950,671,"",3.27,1.18,1.17,1.17,1.28,0.39,1.77,1.09,"",-1,-3.1,10,1.1,8,0.9,5,0.5,201575,2.5,-15550,-25.3,-379,-28.5,12,1.8
"01005","5","10","71","0","2017","4","",501,6434,6524,6575,58192345,5871360,100839,688,"",0.93,0.94,0.95,0.95,0.91,1.03,1.00,0.97,"",1,0.2,69,1.1,64,1.0,110,1.7,1841635,3.3,267653,4.8,-6799,-6.3,14,2.1
"01007","0","10","70","0","2017","4","",371,4105,4115,4113,43346936,2284454,39366,811,"",1.00,1.00,1.00,1.00,1.00,1.00,1.00,1.00,"",18,5.1,25,0.6,49,1.2,32,0.8,1722985,4.1,155758,7.3,1754,4.7,25,3.2
"01007","1","10","71","0","2017","4","",9,72,69,71,1115856,0,0,1215,"",4.04,0.91,0.88,0.90,0.94,0.00,0.00,1.05,"",0,0.0,1,1.4,-2,-2.8,-1,-1.4,-4660,-0.4,0,0.0,0,0.0,7,0.6
"01007","2","10","71","0","2017","4","",13,223,225,218,3068636,0,0,1063,"",5.00,1.69,1.71,1.66,2.17,0.00,0.00,1.29,"",0,0.0,0,0.0,0,0.0,1,0.5,37587,1.2,0,0.0,0,0.0,11,1.0
"01007","3","10","71","0","2017","4","",31,977,975,975,7910061,57976,573,624,"",4.92,2.40,2.39,2.40,2.12,1.28,2.77,0.89,"",0,0.0,-6,-0.6,-24,-2.4,-22,-2.2,-15435,-0.2,10706,22.6,25,4.6,10,1.6
"01007","5","10","71","0","2017","4","",318,2833,2846,2849,31252383,2226478,38793,846,"",0.88,0.81,0.81,0.82,0.84,1.01,0.99,1.04,"",18,6.0,30,1.1,75,2.7,54,1.9,1705493,5.8,145052,7.0,1729,4.7,31,3.8
"01009","0","10","70","0","2017","4","",783,8448,8408,8378,77507630,5350962,69634,709,"",1.00,1.00,1.00,1.00,1.00,1.00,1.00,1.00,"",17,2.2,331,4.1,302,3.7,327,4.1,4102559,5.6,-32260,-0.6,-2191,-3.1,11,1.6
"01009","1","10","71","0","2017","4","",10,88,89,89,1193956,0,0,1036,"",2.13,0.54,0.55,0.55,0.56,0.00,0.00,1.02,"",0,0.0,-8,-8.3,0,0.0,-5,-5.3,-18639,-1.5,0,0.0,0,0.0,33,3.3
"01009","2","10","71","0","2017","4","",11,164,165,159,1688451,0,0,798,"",2.00,0.60,0.61,0.60,0.67,0.00,0.00,1.10,"",0,0.0,-3,-1.8,-1,-0.6,-7,-4.2,-24106,-1.4,0,0.0,0,0.0,6,0.8
"01009","3","10","71","0","2017","4","",44,1663,1664,1671,15340310,41558,817,708,"",3.31,1.99,1.99,2.02,2.30,0.39,2.23,1.15,"",0,0.0,10,0.6,24,1.5,17,1.0,267618,1.8,6863,19.8,325,66.1,5,0.7
"01009","5","10","71","0","2017","4","",718,6533,6490,6459,59284913,5309404,68817,702,"",0.95,0.91,0.91,0.91,0.90,1.03,0.99,0.98,"",17,2.4,332,5.4,279,4.5,322,5.2,3877686,7.0,-39123,-0.7,-2516,-3.5,13,1.9
"01011","0","10","70","0","2017","4","",153,3061,3030,3032,27580869,2416379,35960,698,"",1.00,1.00,1.00,1.00,1.00,1.00,1.00,1.00,"",6,4.1,41,1.4,74,2.5,112,3.8,719271,2.7,205833,9.3,3571,11.0,1,0.1
"01011","1","10","71","0","2017","4","",5,35,33,35,435801,0,0,976,"",5.45,0.59,0.57,0.60,0.57,0.00,0.00,0.98,"",-1,-16.7,-4,-10.3,-3,-8.3,-2,-5.4,-30830,-6.6,0,0.0,0,0.0,15,1.6
"01011","2","10","71","0","2017","4","",10,233,231,231,3012491,0,0,1000,"",9.33,2.37,2.38,2.39,3.35,0.00,0.00,1.40,"",1,11.1,5,2.2,3,1.3,5,2.2,32966,1.1,0,0.0,0,0.0,-8,-0.8
"01011","3","10","71","0","2017","4","",14,394,388,394,3102889,0,0,609,"",5.38,1.30,1.29,1.31,1.31,0.00,0.00,1.01,"",0,0.0,-6,-1.5,-13,-3.2,-2,-0.5,-4786,-0.2,0,0.0,0,0.0,10,1.7
"01011","5","10","71","0","2017","4","",124,2399,2378,2372,21029688,2416379,35960,679,"",0.84,0.92,0.92,0.92,0.89,1.03,1.01,0.97,"",6,5.1,46,2.0,87,3.8,111,4.9,721921,3.6,205833,9.3,3571,11.0,0,0.0
"01013","0","10","70","0","2017","4","",493,6625,6652,6606,59368556,5034401,73747,689,"",1.00,1.00,1.00,1.00,1.00,1.00,1.00,1.00,"",3,0.6,-267,-3.9,-232,-3.4,-146,-2.2,-1820337,-3.0,-580446,-10.3,-18895,-20.4,1,0.1
"01013","1","10","71","0","2017","4","",5,39,38,38,510383,0,0,1024,"",1.69,0.31,0.30,0.30,0.31,0.00,0.00,1.04,"",0,0.0,-3,-7.1,-4,-9.5,-4,-9.5,-9119,-1.8,0,0.0,0,0.0,73,7.7
"01013","2","10","71","0","2017","4","",12,99,103,102,1279066,0,0,971,"",3.47,0.47,0.48,0.48,0.66,0.00,0.00,1.38,"",-1,-7.7,3,3.1,6,6.2,6,6.2,33811,2.7,0,0.0,0,0.0,-23,-2.3
"01013","3","10","71","0","2017","4","",24,780,793,780,7074841,17508,150,694,"",2.86,1.19,1.20,1.19,1.39,0.18,0.39,1.16,"",0,0.0,-5,-0.6,11,1.4,-9,-1.1,-134741,-1.9,-5491,-23.9,-79,-34.5,-12,-1.7
"01013","5","10","71","0","2017","4","",452,5707,5718,5686,50504266,5016893,73597,681,"",0.95,1.01,1.01,1.01,1.00,1.03,1.00,0.98,"",4,0.9,-262,-4.4,-245,-4.1,-139,-2.4,-1710288,-3.3,-574955,-10.3,-18816,-20.4,2,0.3
"01015","0","10","70","0","2017","4","",2550,44397,44655,44437,441494069,32261188,466119,763,"",1.00,1.00,1.00,1.00,1.00,1.00,1.00,1.00,"",13,0.5,509,1.2,467,1.1,309,0.7,16536924,3.9,720046,2.3,-28587,-5.8,21,2.8
"01015","1","10","71","0","2017","4","",44,3576,3595,3594,58299825,0,0,1250,"",2.88,4.18,4.21,4.20,4.80,0.00,0.00,1.15,"",0,0.0,-83,-2.3,-75,-2.0,-62,-1.7,1382314,2.4,0,0.0,0,0.0,54,4.5
"01015","2","10","71","0","2017","4","",27,1709,1713,1701,20789193,0,0,936,"",1.51,1.20,1.20,1.20,1.44,0.00,0.00,1.20,"",0,0.0,-27,-1.6,-35,-2.0,-39,-2.2,-115898,-0.6,0,0.0,0,0.0,13,1.4
"01015","3","10","71","0","2017","4","",72,6490,6490,6517,64421827,83711,1163,763,"",1.66,1.48,1.46,1.48,1.70,0.13,0.47,1.15,"",2,2.9,225,3.6,211,3.4,224,3.6,2856848,4.6,8636,11.5,466,66.9,9,1.2
"01015","5","10","71","0","2017","4","",2407,32622,32857,32625,297983224,32177477,464956,701,"",0.97,0.86,0.87,0.86,0.79,1.03,1.00,0.91,"",11,0.5,394,1.2,366,1.1,186,0.6,12413660,4.3,711410,2.3,-29053,-5.9,23,3.4
"01017","0","10","70","0","2017","4","",602,8417,8459,8495,82393621,5686680,73476,749,"",1.00,1.00,1.00,1.00,1.00,1.00,1.00,1.00,"",-5,-0.8,305,3.8,308,3.8,237,2.9,5386436,7.0,198544,3.6,-11847,-13.9,24,3.3
"01017","1","10","71","0","2017","4","",5,55,54,53,723413,0,0,1031,"",1.38,0.34,0.33,0.32,0.32,0.00,0.00,0.96,"",0,0.0,5,10.0,2,3.8,1,1.9,30541,4.4,0,0.0,0,0.0,-7,-0.7
"01017","2","10","71","0","2017","4","",15,144,144,142,1490664,0,0,800,"",3.56,0.53,0.53,0.52,0.55,0.00,0.00,1.05,"",-1,-6.2,-1,-0.7,-4,-2.7,-4,-2.7,70670,5.0,0,0.0,0,0.0,54,7.2
"01017","3","10","71","0","2017","4","",58,1600,1614,1615,16030837,26508,193,766,"",5.67,1.92,1.92,1.92,2.26,0.24,0.50,1.18,"",-2,-3.3,-12,-0.7,-3,-0.2,-15,-0.9,841229,5.5,8771,49.5,57,41.9,45,6.2
"01017","5","10","71","0","2017","4","",524,6618,6647,6685,64148707,5660172,73283,742,"",0.90,0.93,0.92,0.93,0.91,1.03,1.00,0.99,"",-2,-0.4,313,5.0,313,4.9,255,4.0,4443996,7.4,189773,3.5,-11904,-14.0,19,2.6
"01019","0","10","70","0","2017","4","",408,5109,5102,5068,45293875,3320613,53587,684,"",1.00,1.00,1.00,1.00,1.00,1.00,1.00,1.00,"",1,0.2,20,0.4,2,0.0,47,0.9,1456720,3.3,277284,9.1,-2319,-4.1,19,2.9
"01019","1","10","71","0","2017","4","",8,47,48,48,613603,0,0,990,"",3.27,0.48,0.49,0.49,0.49,0.00,0.00,1.01,"",0,0.0,5,11.9,0,0.0,-1,-2.0,20226,3.4,0,0.0,0,0.0,5,0.5
"01019","2","10","71","0","2017","4","",11,96,96,96,1026461,0,0,822,"",3.85,0.59,0.59,0.59,0.69,0.00,0.00,1.18,"",0,0.0,1,1.1,-2,-2.0,0,0.0,-22772,-2.2,0,0.0,0,0.0,-16,-1.9
"01019","3","10","71","0","2017","4","",24,1156,1164,1141,10364089,25083,180,691,"",3.46,2.28,2.30,2.27,2.66,0.38,0.64,1.16,"",1,4.3,-26,-2.2,-11,-0.9,-18,-1.6,212458,2.1,-2157,-7.9,-406,-69.3,25,3.8
"01019","5","10","71","0","2017","4","",365,3810,3794,3783,33289722,3295530,53407,675,"",0.92,0.88,0.88,0.88,0.86,1.03,1.00,0.98,"",0,0.0,40,1.1,15,0.4,66,1.8,1246808,3.9,279441,9.3,-1913,-3.5,19,2.9
"01021","0","10","70","0","2017","4","",784,9160,9272,9310,91938212,6879032,89104,765,"",1.00,1.00,1.00,1.00,1.00,1.00,1.00,1.00,"",16,2.1,-321,-3.4,-221,-2.3,-125,-1.3,3516906,4.0,403720,6.2,-8257,-8.5,47,6.5
"01021","1","10","71","0","2017","4","",6,61,62,63,754885,0,0,937,"",1.28,0.35,0.35,0.35,0.30,0.00,0.00,0.86,"",0,0.0,-2,-3.2,0,0.0,3,5.0,32763,4.5,0,0.0,0,0.0,36,4.0
"01021","2","10","71","0","2017","4","",14,233,233,232,3061259,0,0,1012,"",2.55,0.79,0.78,0.78,1.02,0.00,0.00,1.30,"",0,0.0,-15,-6.0,-15,-6.0,-12,-4.9,31713,1.0,0,0.0,0,0.0,67,7.1
"01021","3","10","71","0","2017","4","",33,1502,1510,1535,13202354,104365,699,670,"",2.48,1.65,1.64,1.67,1.67,0.77,1.49,1.01,"",0,0.0,-6,-0.4,-10,-0.7,4,0.3,335224,2.6,25,0.0,78,12.6,19,2.9
"01021","5","10","71","0","2017","4","",731,7364,7467,7480,74919714,6774667,88405,775,"",0.96,0.95,0.95,0.95,0.95,1.02,1.00,1.01,"",16,2.2,-298,-3.9,-196,-2.6,-120,-1.6,3117206,4.3,403695,6.3,-8335,-8.6,52,7.2
"01023","0","10","70","0","2017","4","",304,3533,3549,3676,42838727,2586726,43445,919,"",1.00,1.00,1.00,1.00,1.00,1.00,1.00,1.00,"",19,6.7,194,5.8,206,6.2,246,7.2,2921074,7.3,692141,36.5,13749,46.3,8,0.9
"01023","1","10","71","0","2017","4","",7,26,26,28,297345,0,0,858,"",3.84,0.38,0.38,0.40,0.25,0.00,0.00,0.65,"",0,0.0,3,13.0,0,0.0,1,3.7,17359,6.2,0,0.0,0,0.0,8,0.9
"01023","2","10","71","0","2017","4","",11,73,73,72,632944,0,0,670,"",5.16,0.64,0.64,0.61,0.45,0.00,0.00,0.71,"",0,0.0,5,7.4,3,4.3,-3,-4.0,-69328,-9.9,0,0.0,0,0.0,-91,-12.0
"01023","3","10","71","0","2017","4","",23,386,387,392,3229019,20887,195,640,"",4.45,1.10,1.10,1.08,0.88,0.41,0.85,0.80,"",0,0.0,-21,-5.2,-20,-4.9,-10,-2.5,-821,0.0,4719,29.2,60,44.4,27,4.4
"01023","5","10","71","0","2017","4","",263,3048,3063,3184,38679419,2565839,43250,960,"",0.89,1.02,1.02,1.02,1.06,1.03,1.00,1.04,"",19,7.8,207,7.3,223,7.9,258,8.8,2973864,8.3,687422,36.6,13689,46.3,3,0.3
"01025","0","10","70","0","2017","4","",659,8044,8010,8120,81358689,4894153,63963,777,"",1.00,1.00,1.00,1.00,1.00,1.00,1.00,1.00,"",-2,-0.3,-46,-0.6,-97,-1.2,-32,-0.4,-325995,-0.4,61629,1.3,-10440,-14.0,3,0.4
"01025","1","10","71","0","2017","4","",13,65,66,65,938032,0,0,1104,"",3.29,0.42,0.43,0.42,0.42,0.00,0.00,0.99,"",-1,-7.1,-10,-13.3,-8,-10.8,-11,-14.5,-127041,-11.9,0,0.0,0,0.0,12,1.1
"01025","2","10","71","0","2017","4","",16,348,357,360,4511773,0,0,978,"",3.47,1.35,1.39,1.39,1.70,0.00,0.00,1.23,"",-2,-11.1,-6,-1.7,3,0.8,0,0.0,46810,1.0,0,0.0,0,0.0,13,1.3
"01025","3","10","71","0","2017","4","",39,1336,1318,1351,11931381,75763,690,687,"",3.48,1.68,1.66,1.68,1.71,0.78,2.05,1.02,"",1,2.6,-13,-1.0,-19,-1.4,-1,-0.1,-313554,-2.6,11897,18.6,42,6.5,-13,-1.9
"01025","5","10","71","0","2017","4","",591,6295,6269,6344,63977503,4818390,63273,781,"",0.92,0.92,0.92,0.92,0.92,1.02,1.00,1.00,"",0,0.0,-17,-0.3,-73,-1.2,-20,-0.3,67790,0.1,49732,1.0,-10482,-14.2,6,0.8
"01027","0","10","70","0","2017","4","",211,4183,4207,4234,36228731,3359152,31069,662,"",1.00,1.00,1.00,1.00,1.00,1.00,1.00,1.00,"",-2,-0.9,186,4.7,231,5.8,203,5.0,2388469,7.1,373557,12.5,-5936,-16.0,11,1.7
"01027","1","10","71","0","2017","4","",6,57,55,55,726959,0,0,1005,"",4.74,0.71,0.68,0.67,0.73,0.00,0.00,1.06,"",0,0.0,7,14.0,4,7.8,2,3.8,75722,11.6,0,0.0,0,0.0,29,3.0
"01027","2","10","71","0","2017","4","N",9,0,0,0,0,0,0,0,"N",6.09,0,0,0,0,0,0,0,"N",0,0.0,0,0,0,0,0,0,0,0,0,0,0,0,0,0
"01027","3","10","71","0","2017","4","N",17,0,0,0,0,0,0,0,"N",4.74,0,0,0,0,0,0,0,"N",0,0.0,0,0,0,0,0,0,0,0,0,0,0,0,0,0
"01027","5","10","71","0","2017","4","",179,3225,3255,3281,28312005,3322483,30803,669,"",0.87,0.91,0.91,0.91,0.92,1.02,1.00,1.01,"",-2,-1.1,167,5.5,223,7.4,197,6.4,2284957,8.8,396443,13.5,-5704,-15.6,14,2.1
"01029","0","10","70","0","2017","4","",220,2145,2189,2254,24966337,1196512,19726,875,"",1.00,1.00,1.00,1.00,1.00,1.00,1.00,1.00,"",4,1.9,-18,-0.8,23,1.1,-90,-3.8,-604528,-2.4,-73875,-5.8,-2931,-12.9,-9,-1.0
"01029","1","10","71","0","2017","4","",7,42,44,45,564556,0,0,995,"",5.30,1.02,1.05,1.04,0.82,0.00,0.00,0.80,"",1,16.7,4,10.5,5,12.8,8,21.6,-28110,-4.7,0,0.0,0,0.0,-205,-17.1
"01029","2","10","71","0","2017","4","",10,135,133,129,1048962,0,0,610,"",6.49,1.96,1.90,1.79,1.29,0.00,0.00,0.68,"",-1,-9.1,5,3.8,4,3.1,5,4.0,46917,4.7,0,0.0,0,0.0,6,1.0
"01029","3","10","71","0","2017","4","",32,618,611,615,5680715,107995,1447,711,"",8.56,2.91,2.81,2.76,2.65,4.56,13.94,0.94,"",-1,-3.0,10,1.6,-1,-0.2,9,1.5,51842,0.9,-9574,-8.1,-422,-22.6,0,0.0
"01029","5","10","71","0","2017","4","",171,1350,1401,1465,17672104,1088517,18279,967,"",0.80,0.74,0.75,0.76,0.83,0.94,0.93,1.10,"",5,3.0,-37,-2.7,15,1.1,-112,-7.1,-675177,-3.7,-64301,-5.6,-2509,-12.1,-6,-0.6
"01031","0","10","70","0","2017","4","",1094,15690,15738,15721,138951896,12541886,186345,680,"",1.00,1.00,1.00,1.00,1.00,1.00,1.00,1.00,"",5,0.5,213,1.4,209,1.3,46,0.3,3826799,2.8,-1142633,-8.3,-29303,-13.6,12,1.8
"01031","1","10","71","0","2017","4","",16,251,243,252,3800462,0,0,1176,"",2.44,0.83,0.81,0.83,1.00,0.00,0.00,1.21,"",0,0.0,22,9.6,13,5.7,24,10.5,446939,13.3,0,0.0,0,0.0,50,4.4
"01031","2","10","71","0","2017","4","",22,463,463,438,4894485,0,0,828,"",2.87,0.92,0.92,0.87,1.08,0.00,0.00,1.19,"",0,0.0,21,4.8,22,5.0,-3,-0.7,31259,0.6,0,0.0,0,0.0,-20,-2.4
"01031","3","10","71","0","2017","4","",42,1878,1894,1867,18036953,121319,784,738,"",2.26,1.21,1.21,1.20,1.51,0.49,0.80,1.25,"",0,0.0,5,0.3,16,0.9,4,0.2,226566,1.3,-7311,-5.7,25,3.3,6,0.8
"01031","5","10","71","0","2017","4","",1014,13098,13138,13164,112219996,12420567,185561,657,"",0.96,0.98,0.98,0.99,0.95,1.02,1.00,0.96,"",5,0.5,165,1.3,158,1.2,21,0.2,3122035,2.9,-1135322,-8.4,-29328,-13.6,12,1.9
"01033","0","10","70","0","2017","4","",1304,23718,23688,23724,271965937,14342296,230411,882,"",1.00,1.00,1.00,1.00,1.00,1.00,1.00,1.00,"",5,0.4,-153,-0.6,-333,-1.4,-352,-1.5,5127891,1.9,-1032644,-6.7,-51116,-18.2,26,3.0
"01033","1","10","71","0","2017","4","",14,583,589,595,19514451,0,0,2549,"",1.79,1.28,1.30,1.30,2.61,0.00,0.00,2.02,"",0,0.0,-57,-8.9,-39,-6.2,-38,-6.0,-1458052,-7.0,0,0.0,0,0.0,3,0.1
"01033","2","10","71","0","2017","4","",18,674,672,672,6967200,0,0,797,"",1.97,0.89,0.89,0.89,0.78,0.00,0.00,0.89,"",0,0.0,-7,-1.0,0,0.0,-7,-1.0,70707,1.0,0,0.0,0,0.0,14,1.8
"01033","3","10","71","0","2017","4","",46,3287,3256,3226,33166550,86294,629,783,"",2.08,1.40,1.38,1.37,1.42,0.30,0.52,1.02,"",0,0.0,-67,-2.0,-112,-3.3,-102,-3.1,1247100,3.9,-27719,-24.3,-445,-41.4,50,6.8
"01033","5","10","71","0","2017","4","",1226,19174,19171,19231,212317736,14256002,229782,851,"",0.97,0.95,0.95,0.95,0.91,1.03,1.00,0.96,"",5,0.4,-22,-0.1,-182,-0.9,-205,-1.1,5268136,2.5,-1004925,-6.6,-50671,-18.1,27,3.3
"01035","0","10","70","0","2017","4","",256,3379,3405,3442,31405994,2418891,35508,709,"",1.00,1.00,1.00,1.00,1.00,1.00,1.00,1.00,"",5,2.0,22,0.7,39,1.2,29,0.8,806622,2.6,45466,1.9,-1622,-4.4,12,1.7
"01035","1","10","71","0","2017","4","",4,26,27,33,331470,0,0,889,"",2.61,0.40,0.41,0.50,0.38,0.00,0.00,0.88,"",0,0.0,-3,-10.3,1,3.8,2,6.5,22032,7.1,0,0.0,0,0.0,59,7.1
"01035","2","10","71","0","2017","4","",12,174,177,174,2123829,0,0,934,"",6.69,1.60,1.62,1.59,2.07,0.00,0.00,1.29,"",0,0.0,-5,-2.8,-1,-0.6,4,2.4,-41601,-1.9,0,0.0,0,0.0,-14,-1.5
"01035","3","10","71","0","2017","4","",21,503,506,495,4484671,8977,53,688,"",4.83,1.50,1.50,1.45,1.66,0.19,0.28,1.12,"",1,5.0,-1,-0.2,12,2.4,-3,-0.6,-6584,-0.1,5650,169.8,33,165.0,-5,-0.7
"01035","5","10","71","0","2017","4","",219,2676,2695,2740,24466024,2409914,35455,696,"",0.88,0.93,0.93,0.94,0.91,1.03,1.01,0.98,"",4,1.9,31,1.2,27,1.0,26,1.0,832775,3.5,39816,1.7,-1655,-4.5,17,2.5
"01037","0","10","70","0","2017","4","",124,1411,1423,1417,14565529,878802,16527,791,"",1.00,1.00,1.00,1.00,1.00,1.00,1.00,1.00,"",-1,-0.8,59,4.4,76,5.6,40,2.9,512831,3.6,-76896,-8.0,-1747,-9.6,-5,-0.6
"01037","1","10","71","0","2017","4","",5,18,18,17,222774,0,0,970,"",6.72,0.66,0.66,0.62,0.56,0.00,0.00,0.86,"",0,0.0,0,0.0,1,5.9,-1,-5.6,5392,2.5,0,0.0,0,0.0,23,2.4
"01037","2","10","71","0","2017","4","",10,45,46,46,411937,0,0,694,"",11.51,0.99,1.01,1.02,0.87,0.00,0.00,0.86,"N",-1,-9.1,0,0,0,0,0,0,0,0,0,0,0,0,0,0
"01037","3","10","71","0","2017","4","",16,296,296,301,2047706,4887,29,529,"",7.59,2.12,2.09,2.15,1.63,0.28,0.33,0.77,"N",0,0.0,0,0,0,0,0,0,0,0,0,0,0,0,0,0
"01037","5","10","71","0","2017","4","",93,1052,1063,1053,11883112,873915,16498,866,"",0.77,0.88,0.88,0.87,0.96,1.03,1.00,1.09,"",0,0.0,59,5.9,75,7.6,34,3.3,480041,4.2,-78131,-8.2,-1755,-9.6,-11,-1.3
"01039","0","10","70","0","2017","4","",907,12449,12477,12474,116074921,8541654,199848,716,"",1.00,1.00,1.00,1.00,1.00,1.00,1.00,1.00,"",1,0.1,173,1.4,161,1.3,66,0.5,6300867,5.7,135550,1.6,12265,6.5,31,4.5
"01039","1","10","71","0","2017","4","",13,117,114,112,1609950,0,0,1083,"",2.39,0.49,0.48,0.47,0.50,0.00,0.00,1.06,"",0,0.0,-5,-4.1,-2,-1.7,-7,-5.9,40789,2.6,0,0.0,0,0.0,69,6.8
"01039","2","10","71","0","2017","4","",15,398,392,388,4476835,0,0,877,"",2.36,1.00,0.98,0.98,1.18,0.00,0.00,1.20,"",0,0.0,-9,-2.2,-5,-1.3,-19,-4.7,141996,3.3,0,0.0,0,0.0,51,6.2
"01039","3","10","71","0","2017","4","",47,1580,1578,1583,13407190,20694,122,653,"",3.05,1.28,1.27,1.28,1.34,0.12,0.12,1.05,"",0,0.0,-24,-1.5,-26,-1.6,-5,-0.3,66853,0.5,-11626,-36.0,-511,-80.7,11,1.7
"01039","5","10","71","0","2017","4","",832,10354,10393,10391,96580946,8520960,199726,716,"",0.95,0.98,0.98,0.98,0.97,1.03,1.01,0.99,"",1,0.1,211,2.1,194,1.9,97,0.9,6051229,6.7,147176,1.8,12776,6.8,34,5.0
"01041","0","10","70","0","2017","4","",260,3661,3675,3599,33627705,2106884,44898,710,"",1.00,1.00,1.00,1.00,1.00,1.00,1.00,1.00,"",1,0.4,-165,-4.3,-141,-3.7,-92,-2.5,-430268,-1.3,-250294,-10.6,-9199,-17.0,16,2.3
"01041","1","10","71","0","2017","4","",8,42,37,38,428902,0,0,846,"",5.13,0.60,0.53,0.55,0.46,0.00,0.00,0.83,"",-1,-11.1,5,13.5,-1,-2.6,-5,-11.6,-6209,-1.4,0,0.0,0,0.0,-5,-0.6
"01041","2","10","71","0","2017","4","",9,46,45,45,591177,0,0,1003,"",4.94,0.39,0.38,0.39,0.54,0.00,0.00,1.39,"",0,0.0,-2,-4.2,-3,-6.2,-3,-6.2,13832,2.4,0,0.0,0,0.0,78,8.4
"01041","3","10","71","0","2017","4","",22,537,544,535,4756215,31833,188,679,"",4.98,1.48,1.49,1.50,1.64,0.76,0.80,1.10,"",0,0.0,-3,-0.6,10,1.9,10,1.9,172958,3.8,10583,49.8,62,49.2,18,2.7
"01041","5","10","71","0","2017","4","",221,3036,3049,2981,27851411,2075051,44710,709,"",0.88,0.98,0.98,0.97,0.97,1.02,1.00,0.99,"",2,0.9,-165,-5.2,-147,-4.6,-94,-3.1,-610849,-2.1,-260877,-11.2,-9261,-17.2,16,2.3
"01043","0","10","70","0","2017","4","",1839,28704,28804,28825,291865925,20649041,251110,780,"",1.00,1.00,1.00,1.00,1.00,1.00,1.00,1.00,"",15,0.8,-214,-0.7,-306,-1.1,-178,-0.6,6615862,2.3,-446082,-2.1,-32233,-11.4,24,3.2
"01043","1","10","71","0","2017","4","",19,200,197,193,2663039,0,0,1042,"",1.72,0.36,0.36,0.35,0.33,0.00,0.00,0.93,"",0,0.0,-5,-2.4,-14,-6.6,-18,-8.5,-95188,-3.5,0,0.0,0,0.0,27,2.7
"01043","2","10","71","0","2017","4","",17,784,785,778,7879996,0,0,775,"",1.32,0.85,0.85,0.85,0.83,0.00,0.00,0.97,"",1,6.2,41,5.5,51,6.9,44,6.0,44164,0.6,0,0.0,0,0.0,-43,-5.3
"01043","3","10","71","0","2017","4","",50,3352,3384,3351,30522833,158453,1732,698,"",1.60,1.18,1.18,1.17,1.22,0.39,1.31,1.03,"",-1,-2.0,39,1.2,45,1.3,13,0.4,721011,2.4,-750,-0.5,-385,-18.2,10,1.5
"01043","5","10","71","0","2017","4","",1753,24368,24438,24503,250800057,20490588,249378,789,"",0.98,1.00,1.00,1.00,1.01,1.03,1.00,1.01,"",15,0.9,-289,-1.2,-388,-1.6,-217,-0.9,5945875,2.4,-445332,-2.1,-31848,-11.3,28,3.7
"01045","0","10","70","0","2017","4","",891,16857,16882,16790,222016833,7568085,116848,1014,"",1.00,1.00,1.00,1.00,1.00,1.00,1.00,1.00,"",13,1.5,-87,-0.5,6,0.0,-93,-0.6,3993969,1.8,-2856302,-27.4,-29707,-20.3,22,2.2
"01045","1","10","71","0","2017","4","",37,2929,2924,2918,46198107,0,0,1215,"",6.92,9.03,9.05,9.02,7.57,0.00,0.00,0.84,"",0,0.0,-144,-4.7,-133,-4.4,-136,-4.5,-347683,-0.7,0,0.0,0,0.0,45,3.8
"01045","2","10","71","0","2017","4","",14,172,170,167,2037385,0,0,924,"",2.24,0.32,0.31,0.31,0.28,0.00,0.00,0.89,"",0,0.0,4,2.4,2,1.2,2,1.2,-18229,-0.9,0,0.0,0,0.0,-23,-2.4
"01045","3","10","71","0","2017","4","",57,1910,1945,1926,17183101,59054,568,686,"",3.76,1.14,1.16,1.16,0.90,0.39,0.92,0.78,"",0,0.0,-24,-1.2,1,0.1,-19,-1.0,184816,1.1,-17334,-22.7,-1114,-66.2,12,1.8
"01045","5","10","71","0","2017","4","",783,11846,11843,11779,156598240,7509031,116280,1019,"",0.91,0.83,0.83,0.83,0.83,1.03,1.00,1.00,"",13,1.7,77,0.7,136,1.2,60,0.5,4175065,2.7,-2838968,-27.4,-28593,-19.7,20,2.0
"01047","0","10","70","0","2017","4","",857,12500,12480,12461,116413616,8322328,162607,718,"",1.00,1.00,1.00,1.00,1.00,1.00,1.00,1.00,"",6,0.7,-149,-1.2,-344,-2.7,-361,-2.8,-2174198,-1.8,-365871,-4.2,-23673,-12.7,3,0.4
"01047","1","10","71","0","2017","4","",17,157,151,145,2479801,0,0,1263,"",3.31,0.65,0.63,0.60,0.77,0.00,0.00,1.23,"",0,0.0,-5,-3.1,-6,-3.8,-7,-4.6,109753,4.6,0,0.0,0,0.0,102,8.8
"01047","2","10","71","0","2017","4","",20,544,571,571,5984938,0,0,819,"",3.33,1.36,1.43,1.44,1.57,0.00,0.00,1.12,"",0,0.0,6,1.1,9,1.6,11,2.0,-70054,-1.2,0,0.0,0,0.0,-23,-2.7
"01047","3","10","71","0","2017","4","",64,1776,1777,1762,14678467,15602,92,637,"",4.39,1.43,1.43,1.43,1.47,0.09,0.11,1.02,"",-1,-1.5,-59,-3.2,-59,-3.2,-80,-4.3,-724193,-4.7,-1735,-10.0,-44,-32.4,-8,-1.2
"01047","5","10","71","0","2017","4","",756,10023,9981,9983,93270410,8306726,162515,718,"",0.91,0.94,0.94,0.94,0.94,1.03,1.01,0.99,"",7,0.9,-91,-0.9,-288,-2.8,-285,-2.8,-1489704,-1.6,-364136,-4.2,-23629,-12.7,5,0.7
"01049","0","10","70","0","2017","4","",1190,21506,21494,21622,204896077,16705671,221040,732,"",1.00,1.00,1.00,1.00,1.00,1.00,1.00,1.00,"",30,2.6,871,4.2,822,4.0,906,4.4,16964368,9.0,1859574,12.5,1010,0.5,33,4.7
"01049","1","10","71","0","2017","4","",19,167,164,165,2126668,0,0,989,"",2.66,0.40,0.40,0.40,0.38,0.00,0.00,0.94,"",0,0.0,6,3.7,-2,-1.2,-1,-0.6,53052,2.6,0,0.0,0,0.0,18,1.9
"01049","2","10","71","0","2017","4","",17,544,553,543,5310654,0,0,747,"",2.04,0.79,0.80,0.79,0.79,0.00,0.00,1.00,"",1,6.2,5,0.9,15,2.8,10,1.9,50781,1.0,0,0.0,0,0.0,-7,-0.9
"01049","3","10","71","0","2017","4","",60,2640,2615,2637,19878085,187695,2135,581,"",2.97,1.24,1.23,1.23,1.13,0.57,1.84,0.92,"",0,0.0,31,1.2,-39,-1.5,7,0.3,395006,2.0,-681,-0.4,643,43.1,11,1.9
"01049","5","10","71","0","2017","4","",1094,18155,18162,18277,177580670,16517976,218905,751,"",0.95,0.99,0.99,0.99,1.02,1.02,1.00,1.02,"",29,2.7,829,4.8,848,4.9,890,5.1,16465529,10.2,1860255,12.7,367,0.2,36,5.0
"01051","0","10","70","0","2017","4","",1398,19839,20046,20025,180692841,13814361,163527,696,"",1.00,1.00,1.00,1.00,1.00,1.00,1.00,1.00,"",25,1.8,348,1.8,393,2.0,419,2.1,7020056,4.0,809034,6.2,-16395,-9.1,14,2.1
"01051","1","10","71","0","2017","4","",15,162,164,166,2182042,0,0,1023,"",1.79,0.42,0.43,0.43,0.44,0.00,0.00,1.03,"",1,7.1,16,11.0,14,9.3,6,3.8,93126,4.5,0,0.0,0,0.0,-34,-3.2
"01051","2","10","71","0","2017","4","",27,963,964,947,13855270,0,0,1113,"",2.76,1.51,1.50,1.48,2.35,0.00,0.00,1.57,"",0,0.0,-9,-0.9,-6,-0.6,-19,-2.0,15279,0.1,0,0.0,0,0.0,15,1.4
"01051","3","10","71","0","2017","4","",46,3420,3422,3424,29297676,510999,3796,659,"",1.94,1.74,1.72,1.73,1.89,1.87,4.41,1.09,"",-1,-2.1,16,0.5,4,0.1,28,0.8,697252,2.4,-25363,-4.7,-1162,-23.4,13,2.0
"01051","5","10","71","0","2017","4","",1310,15294,15496,15488,135357853,13303362,159731,675,"",0.97,0.91,0.91,0.91,0.88,1.00,0.98,0.96,"",25,1.9,325,2.2,381,2.5,404,2.7,6214399,4.8,834397,6.7,-15233,-8.7,15,2.3
"01053","0","10","70","0","2017","4","",852,12959,12999,12985,133171163,8709187,149619,789,"",1.00,1.00,1.00,1.00,1.00,1.00,1.00,1.00,"",4,0.5,-43,-0.3,76,0.6,145,1.1,3681616,2.8,213168,2.5,10989,7.9,18,2.3
"01053","1","10","71","0","2017","4","",6,59,58,58,846385,0,0,1116,"",1.17,0.24,0.23,0.23,0.23,0.00,0.00,0.99,"",0,0.0,-2,-3.3,-3,-4.9,-10,-14.7,-25650,-2.9,0,0.0,0,0.0,57,5.4
"01053","2","10","71","0","2017","4","",19,556,543,545,6967764,0,0,978,"",3.18,1.34,1.30,1.32,1.60,0.00,0.00,1.22,"",-2,-9.5,-19,-3.3,-21,-3.7,-30,-5.2,-303938,-4.2,0,0.0,0,0.0,-1,-0.1
"01053","3","10","71","0","2017","4","",46,3455,3455,3460,37273962,1099149,8231,829,"",3.18,2.69,2.68,2.69,3.26,6.38,10.45,1.21,"",-1,-2.1,26,0.8,60,1.8,67,2.0,1982037,5.6,-73367,-6.3,1104,15.5,32,4.0
"01053","5","10","71","0","2017","4","",781,8889,8943,8922,88083052,7610038,141388,760,"",0.95,0.81,0.81,0.81,0.77,0.90,0.95,0.96,"",7,0.9,-48,-0.5,40,0.4,118,1.3,2029167,2.4,286535,3.9,9885,7.5,15,2.0
"01055","0","10","70","0","2017","4","",2085,36147,36388,36523,341551510,32447921,469303,723,"",1.00,1.00,1.00,1.00,1.00,1.00,1.00,1.00,"",29,1.4,83,0.2,-58,-0.2,95,0.3,10145367,3.1,1625075,5.3,19796,4.4,21,3.0
"01055","1","10","71","0","2017","4","",18,308,298,307,5232748,0,0,1323,"",1.44,0.44,0.43,0.44,0.56,0.00,0.00,1.28,"",0,0.0,14,4.8,-1,-0.3,8,2.7,301401,6.1,0,0.0,0,0.0,47,3.7
"01055","2","10","71","0","2017","4","",23,798,805,798,8603534,0,0,827,"",1.57,0.69,0.69,0.69,0.77,0.00,0.00,1.12,"",-1,-4.2,2,0.3,-5,-0.6,-12,-1.5,-309130,-3.5,0,0.0,0,0.0,-24,-2.8
"01055","3","10","71","0","2017","4","",105,4101,4133,4121,38411222,153930,908,717,"",2.96,1.15,1.14,1.14,1.31,0.24,0.37,1.14,"",1,1.0,-32,-0.8,-19,-0.5,-35,-0.8,384393,1.0,-76261,-33.1,-938,-50.8,12,1.7
"01055","5","10","71","0","2017","4","",1939,30940,31152,31297,289304006,32293991,468395,715,"",0.96,1.01,1.01,1.01,0.99,1.03,1.00,0.98,"",29,1.5,99,0.3,-33,-0.1,134,0.4,9768703,3.5,1701336,5.6,20734,4.6,23,3.3
"01057","0","10","70","0","2017","4","",339,3982,3980,4034,33533920,2286189,32674,645,"",1.00,1.00,1.00,1.00,1.00,1.00,1.00,1.00,"",-5,-1.5,-56,-1.4,2,0.1,-31,-0.8,173186,0.5,38149,1.7,826,2.6,8,1.3
"01057","1","10","71","0","2017","4","",5,37,38,37,448978,0,0,925,"",2.46,0.48,0.50,0.48,0.49,0.00,0.00,1.00,"",-1,-16.7,-1,-2.6,-1,-2.6,-7,-15.9,23980,5.6,0,0.0,0,0.0,114,14.1
"01057","2","10","71","0","2017","4","",9,251,252,236,2080742,0,0,650,"",3.79,1.96,1.98,1.83,1.90,0.00,0.00,0.99,"",0,0.0,-11,-4.2,-12,-4.5,-21,-8.2,-40446,-1.9,0,0.0,0,0.0,25,4.0
"01057","3","10","71","0","2017","4","",21,884,908,899,7894074,5241,31,677,"",3.64,2.24,2.30,2.25,2.74,0.12,0.18,1.21,"",-1,-4.5,-15,-1.7,1,0.1,-2,-0.2,77286,1.0,-10709,-67.1,-64,-67.4,11,1.7
"01057","5","10","71","0","2017","4","",304,2810,2782,2862,23110126,2280948,32643,631,"",0.92,0.83,0.82,0.83,0.81,1.03,1.01,0.97,"",-3,-1.0,-29,-1.0,14,0.5,-1,0.0,112366,0.5,48858,2.2,890,2.8,4,0.6
"01059","0","10","70","0","2017","4","",578,10517,10540,10499,97627529,6871770,152139,714,"",1.00,1.00,1.00,1.00,1.00,1.00,1.00,1.00,"",15,2.7,125,1.2,-17,-0.2,-40,-0.4,4500264,4.8,-680730,-9.0,-15209,-9.1,31,4.5
"01059","1","10","71","0","2017","4","",9,86,83,84,1223686,0,0,1116,"",2.60,0.42,0.41,0.42,0.46,0.00,0.00,1.09,"",0,0.0,-2,-2.3,-3,-3.5,-6,-6.7,3906,0.3,0,0.0,0,0.0,50,4.7
"01059","2","10","71","0","2017","4","",14,356,357,353,3751820,0,0,812,"",3.46,1.05,1.06,1.05,1.18,0.00,0.00,1.12,"",0,0.0,-2,-0.6,0,0.0,-2,-0.6,17730,0.5,0,0.0,0,0.0,7,0.9
"01059","3","10","71","0","2017","4","",26,1479,1497,1472,13713624,88071,1440,711,"",2.65,1.42,1.43,1.42,1.63,0.65,1.80,1.15,"",0,0.0,1,0.1,1,0.1,-11,-0.7,-77167,-0.6,-3593,-3.9,804,126.4,-3,-0.4
"01059","5","10","71","0","2017","4","",529,8596,8603,8590,78938399,6783699,150699,706,"",0.94,0.96,0.96,0.96,0.95,1.02,1.00,0.98,"",15,2.9,128,1.5,-15,-0.2,-21,-0.2,4555795,6.1,-677137,-9.1,-16013,-9.6,38,5.7
"01061","0","10","70","0","2017","4","",501,4894,4940,4928,43355704,4046027,61872,678,"",1.00,1.00,1.00,1.00,1.00,1.00,1.00,1.00,"",9,1.8,-44,-0.9,20,0.4,-36,-0.7,1568453,3.8,495613,14.0,7262,13.3,27,4.1
"01061","1","10","71","0","2017","4","",10,51,51,52,665113,0,0,997,"",3.33,0.54,0.54,0.55,0.56,0.00,0.00,1.03,"",0,0.0,-5,-8.9,-4,-7.3,-9,-14.8,-8262,-1.2,0,0.0,0,0.0,94,10.4
"01061","2","10","71","0","2017","4","",11,91,92,92,904331,0,0,759,"",3.13,0.58,0.58,0.59,0.64,0.00,0.00,1.10,"",0,0.0,4,4.6,3,3.4,2,2.2,41245,4.8,0,0.0,0,0.0,10,1.3
"01061","3","10","71","0","2017","4","",36,1252,1255,1276,10567275,446665,5826,645,"",4.23,2.58,2.56,2.62,2.83,5.58,17.89,1.10,"",0,0.0,-42,-3.2,-31,-2.4,-34,-2.6,138776,1.3,34848,8.5,1129,24.0,26,4.2
"01061","5","10","71","0","2017","4","",444,3500,3542,3508,31218985,3599362,56046,683,"",0.91,0.84,0.84,0.84,0.84,0.92,0.91,1.00,"",9,2.1,-1,0.0,52,1.5,5,0.1,1396694,4.7,460765,14.7,6133,12.3,27,4.1
"01063","0","10","70","0","2017","4","",164,1771,1820,1785,16122015,1365868,41526,692,"",1.00,1.00,1.00,1.00,1.00,1.00,1.00,1.00,"",2,1.2,46,2.7,110,6.4,101,6.0,929914,6.1,480439,54.3,22833,122.1,7,1.0
"01063","1","10","71","0","2017","4","",6,25,29,25,292160,0,0,853,"",6.10,0.73,0.83,0.73,0.66,0.00,0.00,0.86,"",-1,-14.3,-1,-3.8,3,11.5,-2,-7.4,2299,0.8,0,0.0,0,0.0,6,0.7
"01063","2","10","71","0","2017","4","",9,56,57,56,527474,0,0,720,"",7.83,0.99,0.98,0.98,1.00,0.00,0.00,1.02,"",0,0.0,1,1.8,2,3.6,2,3.7,20899,4.1,0,0.0,0,0.0,7,1.0
"01063","3","10","71","0","2017","4","",25,533,529,520,4560456,50370,886,665,"",8.97,3.04,2.93,2.94,3.29,1.86,4.05,1.11,"",0,0.0,-34,-6.0,-19,-3.5,-31,-5.6,-78699,-1.7,-46884,-48.2,-1182,-57.2,22,3.4
"01063","5","10","71","0","2017","4","",124,1157,1205,1184,10741925,1315498,40640,699,"",0.78,0.77,0.78,0.78,0.78,1.00,0.99,1.00,"",3,2.5,80,7.4,124,11.5,132,12.5,985415,10.1,527323,66.9,24015,144.5,-2,-0.3
"01065","0","10","70","0","2017","4","",280,2745,2733,2738,25886824,1425839,18724,727,"",1.00,1.00,1.00,1.00,1.00,1.00,1.00,1.00,"",6,2.2,-11,-0.4,-27,-1.0,-22,-0.8,326307,1.3,135924,10.5,-1913,-9.3,14,2.0
"01065","1","10","71","0","2017","4","",10,42,43,47,574979,0,0,1005,"",5.95,0.79,0.82,0.89,0.81,0.00,0.00,0.97,"",-1,-9.1,-5,-10.6,-5,-10.4,2,4.4,-12462,-2.1,0,0.0,0,0.0,37,3.8
"01065","2","10","71","0","2017","4","",11,83,84,81,933172,0,0,868,"",5.61,0.94,0.96,0.93,1.10,0.00,0.00,1.17,"",0,0.0,-1,-1.2,-3,-3.4,-4,-4.7,-90365,-8.8,0,0.0,0,0.0,-55,-6.0
"01065","3","10","71","0","2017","4","",22,758,742,746,6146139,126931,833,631,"",4.62,2.79,2.73,2.75,2.76,4.50,8.45,1.00,"",0,0.0,2,0.3,-17,-2.2,-8,-1.1,18694,0.3,40082,46.2,-22,-2.6,8,1.3
"01065","5","10","71","0","2017","4","",237,1862,1864,1864,18232534,1298908,17891,753,"",0.87,0.80,0.80,0.80,0.82,0.94,0.96,1.03,"",7,3.0,-7,-0.4,-2,-0.1,-12,-0.6,410440,2.3,95842,8.0,-1891,-9.6,20,2.7
"01067","0","10","70","0","2017","4","",336,3321,3300,3302,35992126,2494394,29622,837,"",1.00,1.00,1.00,1.00,1.00,1.00,1.00,1.00,"",2,0.6,31,0.9,47,1.4,-23,-0.7,1119492,3.2,152284,6.5,-4852,-14.1,21,2.6
"01067","1","10","71","0","2017","4","",6,42,46,44,536937,0,0,939,"",2.98,0.66,0.73,0.69,0.54,0.00,0.00,0.78,"",0,0.0,0,0.0,3,7.0,-3,-6.4,2157,0.4,0,0.0,0,0.0,4,0.4
"01067","2","10","71","0","2017","4","",11,70,70,70,859300,0,0,944,"",4.67,0.66,0.66,0.66,0.73,0.00,0.00,1.11,"",0,0.0,1,1.4,2,2.9,3,4.5,-18155,-2.1,0,0.0,0,0.0,-49,-4.9
"01067","3","10","71","0","2017","4","",22,606,604,598,5025196,55399,487,641,"",3.85,1.84,1.84,1.83,1.62,1.12,3.12,0.88,"",0,0.0,1,0.2,11,1.9,-11,-1.8,-105748,-2.1,-3507,-6.0,7,1.5,-14,-2.1
"01067","5","10","71","0","2017","4","",297,2603,2580,2590,29570693,2438995,29135,878,"",0.91,0.92,0.92,0.92,0.96,1.01,0.99,1.04,"",2,0.7,29,1.1,31,1.2,-12,-0.5,1241238,4.4,155791,6.8,-4859,-14.3,32,3.8
"01069","0","10","70","0","2017","4","",2985,48227,48495,48425,529993208,38077195,544908,843,"",1.00,1.00,1.00,1.00,1.00,1.00,1.00,1.00,"",30,1.0,793,1.7,711,1.5,435,0.9,19788056,3.9,2876434,8.2,24209,4.6,21,2.6
"01069","1","10","71","0","2017","4","",25,320,322,309,4858566,0,0,1179,"",1.40,0.34,0.35,0.33,0.33,0.00,0.00,0.98,"",-1,-3.8,21,7.0,15,4.9,-2,-0.6,16864,0.3,0,0.0,0,0.0,-39,-3.2
"01069","2","10","71","0","2017","4","",31,1073,1024,996,11226754,0,0,838,"",1.48,0.69,0.66,0.64,0.65,0.00,0.00,0.97,"",0,0.0,-34,-3.1,-53,-4.9,-79,-7.3,-343353,-3.0,0,0.0,0,0.0,19,2.3
"01069","3","10","71","0","2017","4","",73,7040,7017,6978,79943253,360388,3787,877,"",1.44,1.47,1.46,1.46,1.75,0.48,1.32,1.20,"",0,0.0,-99,-1.4,-118,-1.7,-188,-2.6,-189292,-0.2,8693,2.5,1,0.0,14,1.6
"01069","5","10","71","0","2017","4","",2856,39794,40132,40142,433964635,37716807,541121,834,"",0.99,0.97,0.97,0.98,0.96,1.02,1.00,0.98,"",31,1.1,905,2.3,867,2.2,704,1.8,20303837,4.9,2867741,8.2,24208,4.7,22,2.7
"01071","0","10","70","0","2017","4","",986,15656,15706,15773,146075750,11543465,216020,715,"",1.00,1.00,1.00,1.00,1.00,1.00,1.00,1.00,"",24,2.5,-476,-3.0,-528,-3.3,-352,-2.2,1010862,0.7,215794,1.9,-7772,-3.5,25,3.6
"01071","1","10","71","0","2017","4","",21,142,134,138,3045994,0,0,1698,"",3.55,0.47,0.45,0.45,0.76,0.00,0.00,1.66,"",0,0.0,-36,-20.2,-45,-25.1,-42,-23.3,-1067998,-26.0,0,0.0,0,0.0,-70,-4.0
"01071","2","10","71","0","2017","4","",13,193,199,195,2300263,0,0,904,"",1.88,0.38,0.40,0.39,0.48,0.00,0.00,1.24,"",0,0.0,7,3.8,10,5.3,6,3.2,11876,0.5,-35,-100.0,0,0.0,-32,-3.4
"01071","3","10","71","0","2017","4","",65,2766,2777,2778,26443649,155677,1312,733,"",3.88,1.78,1.78,1.78,2.11,0.68,1.15,1.18,"",0,0.0,-73,-2.6,-88,-3.1,-33,-1.2,23445,0.1,9733,6.7,-379,-22.4,17,2.4
"01071","5","10","71","0","2017","4","",887,12555,12596,12662,114285844,11387788,214708,697,"",0.93,0.94,0.94,0.94,0.92,1.02,1.00,0.97,"",24,2.8,-374,-2.9,-405,-3.1,-283,-2.2,2043539,1.8,206096,1.8,-7393,-3.3,31,4.7
"01073","0","10","70","0","2017","4","",18869,346331,349725,350215,4914128116,252794347,3719078,1084,"",1.00,1.00,1.00,1.00,1.00,1.00,1.00,1.00,"",352,1.9,4779,1.4,5927,1.7,5558,1.6,259443484,5.6,18528875,7.9,32929,0.9,41,3.9
"01073","1","10","71","0","2017","4","",95,8140,8110,8290,151151559,0,0,1421,"",0.84,1.22,1.21,1.23,1.12,0.00,0.00,0.92,"",0,0.0,-64,-0.8,-142,-1.7,-11,-0.1,2733886,1.8,0,0.0,0,0.0,38,2.7
"01073","2","10","71","0","2017","4","",83,23067,23223,23108,348307046,0,0,1158,"",0.63,2.07,2.07,2.07,2.17,0.00,0.00,1.05,"",0,0.0,105,0.5,238,1.0,166,0.7,16804968,5.1,0,0.0,0,0.0,48,4.3
"01073","3","10","71","0","2017","4","",424,26903,27058,27394,339058195,302042,4010,962,"",1.32,0.78,0.78,0.79,0.80,0.06,0.20,1.02,"",-5,-1.2,400,1.5,325,1.2,372,1.4,10247829,3.1,21795,7.8,244,6.5,17,1.8
"01073","5","10","71","0","2017","4","",18267,288221,291334,291423,4075611316,252492305,3715068,1080,"",1.00,0.98,0.98,0.98,0.97,1.03,1.01,0.99,"",357,2.0,4338,1.5,5506,1.9,5031,1.8,229656801,6.0,18507080,7.9,32685,0.9,43,4.1
"01075","0","10","70","0","2017","4","",287,3503,3498,3489,34725307,2142068,33167,764,"",1.00,1.00,1.00,1.00,1.00,1.00,1.00,1.00,"",10,3.6,66,1.9,40,1.2,1,0.0,1588854,4.8,-80823,-3.6,-880,-2.6,28,3.8
"01075","1","10","71","0","2017","4","",7,38,39,39,444688,0,0,885,"",4.07,0.56,0.58,0.58,0.47,0.00,0.00,0.81,"",0,0.0,1,2.7,3,8.3,2,5.4,20861,4.9,0,0.0,0,0.0,-4,-0.4
"01075","2","10","71","0","2017","4","",9,75,77,76,786211,0,0,796,"",4.48,0.67,0.69,0.68,0.69,0.00,0.00,1.02,"",1,12.5,7,10.3,7,10.0,7,10.1,27003,3.6,0,0.0,0,0.0,-50,-5.9
"01075","3","10","71","0","2017","4","",30,473,463,464,4059243,1921,11,669,"",6.15,1.36,1.33,1.34,1.36,0.05,0.06,1.01,"",0,0.0,-5,-1.0,-8,-1.7,-13,-2.7,-31840,-0.8,-3981,-67.5,-24,-68.6,7,1.1
"01075","5","10","71","0","2017","4","",241,2917,2919,2910,29435165,2140147,33156,777,"",0.87,0.98,0.98,0.98,0.99,1.03,1.01,1.01,"",9,3.9,63,2.2,38,1.3,5,0.2,1572830,5.6,-76842,-3.5,-856,-2.5,33,4.4
"01077","0","10","70","0","2017","4","",2128,29830,30130,29902,274987032,23996749,361806,706,"",1.00,1.00,1.00,1.00,1.00,1.00,1.00,1.00,"",9,0.4,149,0.5,309,1.0,303,1.0,12576131,4.8,552729,2.4,-39364,-9.8,26,3.8
"01077","1","10","71","0","2017","4","",19,276,275,277,4517693,0,0,1259,"",1.49,0.48,0.48,0.48,0.60,0.00,0.00,1.25,"",-1,-5.0,-9,-3.2,-6,-2.1,-10,-3.5,237488,5.5,0,0.0,0,0.0,101,8.7
"01077","2","10","71","0","2017","4","",16,1355,1355,1155,15774248,0,0,942,"",1.07,1.42,1.40,1.21,1.76,0.00,0.00,1.31,"",0,0.0,53,4.1,52,4.0,25,2.2,568672,3.7,0,0.0,0,0.0,3,0.3
"01077","3","10","71","0","2017","4","",48,3297,3265,3272,33947351,47229,777,797,"",1.33,1.12,1.09,1.11,1.44,0.10,0.41,1.30,"",0,0.0,63,1.9,19,0.6,45,1.4,702884,2.1,172,0.4,-89,-10.3,7,0.9
"01077","5","10","71","0","2017","4","",2045,24902,25235,25198,220747740,23949520,361029,676,"",0.99,0.98,0.99,0.99,0.94,1.03,1.00,0.95,"",10,0.5,42,0.2,244,1.0,243,1.0,11067087,5.3,552557,2.4,-39275,-9.8,29,4.5
"01079","0","10","70","0","2017","4","",449,4875,4954,4947,43537365,3436324,67815,680,"",1.00,1.00,1.00,1.00,1.00,1.00,1.00,1.00,"",8,1.8,175,3.7,246,5.2,282,6.0,2992965,7.4,493127,16.8,23450,52.9,15,2.3
"01079","1","10","71","0","2017","4","",10,81,83,85,1502857,0,0,1393,"",3.71,0.86,0.88,0.89,1.26,0.00,0.00,1.43,"",0,0.0,1,1.2,4,5.1,3,3.7,130940,9.5,0,0.0,0,0.0,79,6.0
"01079","2","10","71","0","2017","4","",12,161,162,163,1877563,0,0,892,"",3.81,1.03,1.02,1.03,1.32,0.00,0.00,1.29,"",0,0.0,10,6.6,7,4.5,9,5.8,-11008,-0.6,0,0.0,0,0.0,-55,-5.8
"01079","3","10","71","0","2017","4","",33,1110,1133,1124,9512421,26964,159,652,"",4.32,2.30,2.30,2.30,2.54,0.40,0.45,1.11,"",0,0.0,-27,-2.4,2,0.2,-33,-2.9,247045,2.7,78,0.3,0,0.0,28,4.5
"01079","5","10","71","0","2017","4","",394,3523,3576,3575,30644524,3409360,67656,663,"",0.90,0.85,0.85,0.85,0.82,1.03,1.00,0.97,"",8,2.1,191,5.7,233,7.0,303,9.3,2625988,9.4,493049,16.9,23450,53.0,13,2.0
"01081","0","10","70","0","2017","4","",3182,58771,58899,58282,588777133,45123741,573776,772,"",1.00,1.00,1.00,1.00,1.00,1.00,1.00,1.00,"",45,1.4,1090,1.9,557,1.0,-49,-0.1,7830617,1.3,-6325743,-12.3,-412664,-41.8,3,0.4
"01081","1","10","71","0","2017","4","",18,297,294,302,4820196,0,0,1246,"",0.94,0.26,0.26,0.27,0.30,0.00,0.00,1.13,"",0,0.0,-4,-1.3,-5,-1.7,-10,-3.2,129114,2.8,0,0.0,0,0.0,59,5.0
"01081","2","10","71","0","2017","4","",28,7038,7037,7010,121575999,0,0,1331,"",1.26,3.73,3.73,3.77,6.32,0.00,0.00,1.69,"",1,3.7,88,1.3,92,1.3,47,0.7,1858018,1.6,0,0.0,0,0.0,6,0.5
"01081","3","10","71","0","2017","4","",101,7903,7891,7873,89904246,64503,1267,877,"",1.87,1.36,1.35,1.36,1.78,0.07,0.42,1.31,"",-5,-4.7,225,2.9,193,2.5,210,2.7,4536293,5.3,-14264,-18.1,-15,-1.2,22,2.6
"01081","5","10","71","0","2017","4","",3035,43533,43677,43097,372476692,45059238,572509,660,"",0.98,0.87,0.87,0.87,0.74,1.03,1.00,0.85,"",49,1.6,781,1.8,277,0.6,-296,-0.7,1307192,0.4,-6311479,-12.3,-412649,-41.9,-1,-0.2
"01083","0","10","70","0","2017","4","",1464,24229,24128,23574,309060131,19237583,559326,992,"",1.00,1.00,1.00,1.00,1.00,1.00,1.00,1.00,"",42,3.0,1242,5.4,1500,6.6,1265,5.7,16766687,5.7,2063281,12.0,96342,20.8,-1,-0.1
"01083","1","10","71","0","2017","4","",15,1418,1405,1411,53933565,0,0,2940,"",1.71,3.04,3.04,3.11,6.35,0.00,0.00,2.07,"",0,0.0,-97,-6.4,-93,-6.2,-59,-4.0,-9385830,-14.8,0,0.0,0,0.0,-319,-9.8
"01083","2","10","71","0","2017","4","",16,1708,1692,1694,17761629,0,0,805,"",1.56,2.20,2.19,2.25,1.76,0.00,0.00,0.80,"",0,0.0,31,1.8,37,2.2,49,3.0,299101,1.7,0,0.0,0,0.0,-5,-0.6
"01083","3","10","71","0","2017","4","",25,3508,3530,3541,35255154,32111,381,769,"",1.00,1.46,1.47,1.52,1.33,0.08,0.13,0.89,"",1,4.2,225,6.9,204,6.1,202,6.0,264277,0.8,5887,22.4,106,38.5,-43,-5.3
"01083","5","10","71","0","2017","4","",1408,17595,17501,16928,202109783,19205472,558945,897,"",0.99,0.85,0.85,0.84,0.77,1.03,1.01,0.90,"",41,3.0,1083,6.6,1352,8.4,1073,6.8,25589139,14.5,2057394,12.0,96236,20.8,57,6.8
"01085","0","10","70","0","2017","4","",167,2324,2385,2368,32023830,1574625,34229,1044,"",1.00,1.00,1.00,1.00,1.00,1.00,1.00,1.00,"",4,2.5,-30,-1.3,-53,-2.2,-81,-3.3,4761854,17.5,34171,2.2,-2154,-5.9,175,20.1
"01085","1","10","71","0","2017","4","",6,28,28,28,347788,0,0,955,"",5.99,0.63,0.61,0.61,0.40,0.00,0.00,0.64,"",0,0.0,0,0.0,1,3.7,1,3.7,9432,2.8,0,0.0,0,0.0,3,0.3
"01085","2","10","71","0","2017","4","",7,53,54,54,740794,0,0,1062,"",5.98,0.71,0.71,0.72,0.71,0.00,0.00,1.00,"",0,0.0,1,1.9,2,3.8,2,3.8,-20853,-2.7,0,0.0,0,0.0,-65,-5.8
"01085","3","10","71","0","2017","4","",21,429,425,429,3731530,9408,153,671,"",7.40,1.86,1.79,1.83,1.36,0.30,0.85,0.74,"",-1,-4.5,-6,-1.4,-19,-4.3,-17,-3.8,-51358,-1.4,-14979,-61.4,-234,-60.5,12,1.8
"01085","5","10","71","0","2017","4","",133,1814,1878,1857,27203718,1565217,34076,1131,"",0.82,0.92,0.93,0.92,0.99,1.03,1.00,1.08,"",5,3.9,-25,-1.4,-37,-1.9,-67,-3.5,4824633,21.6,49150,3.2,-1920,-5.3,221,24.3
"01087","0","10","70","0","2017","4","",235,4848,4801,4756,51789807,2044585,32540,830,"",1.00,1.00,1.00,1.00,1.00,1.00,1.00,1.00,"",2,0.9,-76,-1.5,-178,-3.6,-130,-2.7,-264786,-0.5,-689388,-25.2,-7194,-18.1,18,2.2
"01087","1","10","71","0","2017","4","",10,911,901,922,15482399,0,0,1307,"",7.09,9.76,9.81,10.06,10.88,0.00,0.00,1.10,"",0,0.0,-14,-1.5,-33,-3.5,-20,-2.1,64666,0.4,0,0.0,0,0.0,37,2.9
"01087","2","10","71","0","2017","4","",16,866,870,870,11917083,0,0,1055,"",9.72,5.56,5.66,5.74,7.05,0.00,0.00,1.25,"",1,6.7,-35,-3.9,-34,-3.8,-32,-3.5,-10611,-0.1,0,0.0,0,0.0,38,3.7
"01087","3","10","71","0","2017","4","",26,786,781,770,7410085,60982,1123,732,"",6.51,1.64,1.64,1.64,1.66,1.51,6.56,1.02,"",0,0.0,-21,-2.6,-32,-3.9,-40,-4.9,41131,0.6,21840,55.8,258,29.8,32,4.6
"01087","5","10","71","0","2017","4","",183,2285,2249,2194,16980240,1983603,31417,582,"",0.80,0.55,0.55,0.54,0.38,1.00,0.97,0.70,"",1,0.5,-6,-0.3,-79,-3.4,-38,-1.7,-359972,-2.1,-711228,-26.4,-7452,-19.2,-2,-0.3
"01089","0","10","70","0","2017","4","",9705,196691,198102,198791,2924717708,136211849,2142376,1137,"",1.00,1.00,1.00,1.00,1.00,1.00,1.00,1.00,"",149,1.6,2901,1.5,3233,1.7,3548,1.8,147287903,5.3,1610247,1.2,-197103,-8.4,39,3.6
"01089","1","10","71","0","2017","4","",78,17729,17759,17791,442517407,0,0,1917,"",1.34,4.68,4.68,4.65,5.50,0.00,0.00,1.18,"",1,1.3,-107,-0.6,-111,-0.6,-143,-0.8,7457614,1.7,0,0.0,0,0.0,45,2.4
"01089","2","10","71","0","2017","4","",35,3259,3254,3254,49454170,0,0,1168,"",0.51,0.52,0.51,0.51,0.52,0.00,0.00,1.01,"",1,2.9,34,1.1,24,0.7,26,0.8,1368905,2.8,0,0.0,0,0.0,22,1.9
"01089","3","10","71","0","2017","4","",219,21292,21439,21492,256482872,490491,9712,922,"",1.33,1.09,1.09,1.09,1.02,0.18,0.86,0.93,"",1,0.5,475,2.3,545,2.6,533,2.5,8857686,3.6,-107378,-18.0,-3742,-27.8,10,1.1
"01089","5","10","71","0","2017","4","",9373,154411,155650,156254,2176263259,135721358,2132664,1077,"",1.00,0.92,0.92,0.92,0.87,1.03,1.00,0.94,"",146,1.6,2499,1.6,2775,1.8,3132,2.0,129603698,6.3,1717625,1.3,-193361,-8.3,46,4.5
"01091","0","10","70","0","2017","4","",524,6982,7113,7199,72193968,4640681,69370,782,"",1.00,1.00,1.00,1.00,1.00,1.00,1.00,1.00,"",5,1.0,114,1.7,188,2.7,40,0.6,2201967,3.1,452414,10.8,8298,13.6,11,1.4
"01091","1","10","71","0","2017","4","",13,67,65,65,827328,0,0,969,"",4.14,0.50,0.48,0.47,0.42,0.00,0.00,0.87,"",0,0.0,8,13.6,2,3.2,2,3.2,96116,13.1,0,0.0,0,0.0,57,6.2
"01091","2","10","71","0","2017","4","",14,117,118,117,1570983,0,0,1030,"",3.81,0.52,0.52,0.51,0.67,0.00,0.00,1.29,"",0,0.0,0,0.0,1,0.9,1,0.9,11496,0.7,0,0.0,0,0.0,2,0.2
"01091","3","10","71","0","2017","4","",33,1363,1379,1362,11567368,36041,213,650,"",3.71,1.97,1.95,1.91,1.86,0.39,0.58,0.96,"",0,0.0,-12,-0.9,7,0.5,-28,-2.0,133627,1.2,-19556,-35.2,-197,-48.0,12,1.9
"01091","5","10","71","0","2017","4","",464,5435,5551,5655,58228289,4604640,69157,807,"",0.91,0.92,0.92,0.92,0.94,1.03,1.00,1.03,"",5,1.1,118,2.2,178,3.3,65,1.2,1960728,3.5,471970,11.4,8495,14.0,9,1.1
"01093","0","10","70","0","2017","4","",635,9994,10003,10051,89562476,7837410,143798,688,"",1.00,1.00,1.00,1.00,1.00,1.00,1.00,1.00,"",17,2.8,180,1.8,44,0.4,84,0.8,3270365,3.8,484540,6.6,5159,3.7,18,2.7
"01093","1","10","71","0","2017","4","",9,74,73,70,918952,0,0,977,"",2.36,0.38,0.38,0.36,0.37,0.00,0.00,0.99,"",0,0.0,2,2.8,2,2.8,-6,-7.9,-1532,-0.2,0,0.0,0,0.0,7,0.7
"01093","2","10","71","0","2017","4","",14,337,336,325,3654614,0,0,845,"",3.15,1.05,1.05,1.01,1.25,0.00,0.00,1.20,"",0,0.0,5,1.5,2,0.6,-18,-5.2,27137,0.7,0,0.0,0,0.0,15,1.8
"01093","3","10","71","0","2017","4","",42,1107,1118,1108,9719468,52657,631,673,"",3.89,1.12,1.13,1.11,1.26,0.34,0.83,1.13,"",0,0.0,-21,-1.9,-13,-1.1,-16,-1.4,-8495,-0.1,8868,20.3,66,11.7,9,1.4
"01093","5","10","71","0","2017","4","",570,8476,8476,8548,75269442,7784753,143167,681,"",0.93,1.00,1.00,1.00,0.98,1.03,1.00,0.98,"",17,3.1,194,2.3,53,0.6,124,1.5,3253255,4.5,475672,6.5,5093,3.7,20,3.0
"01095","0","10","70","0","2017","4","",2095,36496,36610,36827,338894762,27472881,379602,711,"",1.00,1.00,1.00,1.00,1.00,1.00,1.00,1.00,"",19,0.9,368,1.0,355,1.0,511,1.4,13502503,4.1,-714261,-2.5,-52437,-12.1,20,2.9
"01095","1","10","71","0","2017","4","",19,280,278,285,4679322,0,0,1281,"",1.51,0.40,0.40,0.40,0.50,0.00,0.00,1.26,"",0,0.0,7,2.6,4,1.5,0,0.0,173407,3.8,0,0.0,0,0.0,31,2.5
"01095","2","10","71","0","2017","4","",19,631,621,609,5301755,0,0,657,"",1.29,0.54,0.53,0.52,0.48,0.00,0.00,0.91,"",1,5.6,35,5.9,35,6.0,36,6.3,301060,6.0,0,0.0,0,0.0,-1,-0.2
"01095","3","10","71","0","2017","4","",122,5276,5265,5274,53567224,285294,2235,782,"",3.43,1.46,1.45,1.45,1.84,0.52,1.12,1.27,"",-2,-1.6,97,1.9,78,1.5,112,2.2,1551280,3.0,-5536,-1.9,-752,-25.2,9,1.2
"01095","5","10","71","0","2017","4","",1935,30309,30446,30659,275346461,27187587,377367,695,"",0.95,0.98,0.98,0.98,0.95,1.02,1.00,0.97,"",20,1.0,229,0.8,238,0.8,363,1.2,11476756,4.3,-708725,-2.5,-51685,-12.0,23,3.4
"01097","0","10","70","0","2017","4","",10251,171383,172093,171805,2175149719,141162471,2734459,974,"",1.00,1.00,1.00,1.00,1.00,1.00,1.00,1.00,"",198,2.0,2409,1.4,2511,1.5,1876,1.1,110453170,5.3,15559447,12.4,255364,10.3,37,3.9
"01097","1","10","71","0","2017","4","",71,2549,2546,2564,50691334,0,0,1527,"",1.15,0.77,0.77,0.77,0.85,0.00,0.00,1.10,"",1,1.4,-35,-1.4,-62,-2.4,-53,-2.0,1982167,4.1,0,0.0,0,0.0,88,6.1
"01097","2","10","71","0","2017","4","",62,6329,6347,6347,96192600,0,0,1167,"",0.86,1.15,1.15,1.16,1.35,0.00,0.00,1.17,"",0,0.0,-162,-2.5,-127,-2.0,-124,-1.9,1851730,2.0,0,0.0,0,0.0,47,4.2
"01097","3","10","71","0","2017","4","",217,15257,15285,15229,150080280,728008,9428,757,"",1.25,0.90,0.89,0.90,0.80,0.26,0.66,0.90,"",11,5.3,-137,-0.9,-240,-1.5,-272,-1.8,-1500806,-1.0,167316,29.8,3157,50.3,3,0.4
"01097","5","10","71","0","2017","4","",9901,147248,147915,147665,1878185505,140434463,2725031,979,"",1.00,1.01,1.01,1.01,1.01,1.03,1.00,1.00,"",186,1.9,2743,1.9,2940,2.0,2325,1.6,108120079,6.1,15392131,12.3,252207,10.2,40,4.3
"01099","0","10","70","0","2017","4","",446,6080,6085,6127,65681793,3522788,46946,829,"",1.00,1.00,1.00,1.00,1.00,1.00,1.00,1.00,"",2,0.5,20,0.3,-30,-0.5,-28,-0.5,355934,0.5,-35316,-1.0,-6411,-12.0,7,0.9
"01099","1","10","71","0","2017","4","",14,50,49,49,613078,0,0,956,"",5.23,0.43,0.42,0.42,0.34,0.00,0.00,0.81,"",0,0.0,1,2.0,-3,-5.8,-4,-7.5,27539,4.7,0,0.0,0,0.0,79,9.0
"01099","2","10","71","0","2017","4","",10,152,154,151,1749874,0,0,884,"",3.20,0.78,0.79,0.77,0.82,0.00,0.00,1.05,"",0,0.0,-2,-1.3,-2,-1.3,-8,-5.0,-162892,-8.5,0,0.0,0,0.0,-57,-6.1
"01099","3","10","71","0","2017","4","",30,1204,1197,1207,10722125,81469,643,686,"",3.96,2.00,1.98,1.99,1.90,1.17,2.60,0.95,"",0,0.0,6,0.5,2,0.2,15,1.3,13720,0.1,-45931,-36.1,-558,-46.5,-3,-0.4
"01099","5","10","71","0","2017","4","",392,4674,4685,4720,52596716,3441319,46303,862,"",0.91,0.90,0.91,0.91,0.94,1.01,0.99,1.03,"",2,0.5,15,0.3,-27,-0.6,-31,-0.7,477567,0.9,10615,0.3,-5853,-11.2,10,1.2
"01101","0","10","70","0","2017","4","",6465,131704,132314,132326,1612588477,81349159,1275747,939,"",1.00,1.00,1.00,1.00,1.00,1.00,1.00,1.00,"",46,0.7,5,0.0,-59,0.0,-323,-0.2,-6643120,-0.4,-2602286,-3.1,-170131,-11.8,-3,-0.3
"01101","1","10","71","0","2017","4","",88,6231,6205,6168,115932737,0,0,1438,"",2.27,2.46,2.45,2.42,2.62,0.00,0.00,1.07,"",3,3.5,-45,-0.7,-84,-1.3,-141,-2.2,867532,0.8,0,0.0,0,0.0,31,2.2
"01101","2","10","71","0","2017","4","",208,20290,20387,20350,294728338,6415,38,1114,"",4.59,4.80,4.81,4.82,5.60,0.01,0.02,1.16,"",0,0.0,408,2.1,480,2.4,362,1.8,5104507,1.8,6415,100.0,38,100.0,-4,-0.4
"01101","3","10","71","0","2017","4","",142,8784,8764,8822,89376177,384361,4926,782,"",1.29,0.67,0.67,0.67,0.64,0.24,0.73,0.96,"",0,0.0,61,0.7,33,0.4,49,0.6,1628077,1.9,110284,40.2,1341,37.4,10,1.3
"01101","5","10","71","0","2017","4","",6027,96399,96958,96986,1112551225,80958383,1270783,884,"",0.96,0.86,0.86,0.86,0.81,1.03,1.00,0.94,"",43,0.7,-419,-0.4,-488,-0.5,-593,-0.6,-14243236,-1.3,-2718985,-3.2,-171510,-11.9,-7,-0.8
"01103","0","10","70","0","2017","4","",2814,47054,47446,47572,544572737,36564062,616962,885,"",1.00,1.00,1.00,1.00,1.00,1.00,1.00,1.00,"",17,0.6,335,0.7,489,1.0,266,0.6,22547489,4.3,1967088,5.7,17357,2.9,31,3.6
"01103","1","10","71","0","2017","4","",21,297,291,294,4891807,0,0,1280,"",1.24,0.33,0.32,0.32,0.33,0.00,0.00,1.01,"",0,0.0,-11,-3.6,-15,-4.9,-20,-6.4,-163207,-3.2,0,0.0,0,0.0,23,1.8
"01103","2","10","71","0","2017","4","",19,640,646,639,8132566,0,0,975,"",0.96,0.42,0.43,0.42,0.46,0.00,0.00,1.08,"",0,0.0,13,2.1,10,1.6,10,1.6,22892,0.3,0,0.0,0,0.0,-14,-1.4
"01103","3","10","71","0","2017","4","",102,5733,5781,5774,59865448,83019,859,799,"",2.13,1.23,1.23,1.23,1.28,0.11,0.26,1.04,"",2,2.0,48,0.8,66,1.2,39,0.7,1630271,2.8,-144095,-63.4,-743,-46.4,15,1.9
"01103","5","10","71","0","2017","4","",2672,40384,40728,40865,471682916,36481043,616103,892,"",0.98,1.01,1.01,1.01,1.01,1.03,1.01,1.00,"",15,0.6,285,0.7,428,1.1,237,0.6,21057533,4.7,2111183,6.1,18100,3.0,33,3.8
"01105","0","10","70","0","2017","4","",154,2152,2152,2156,16676919,1173958,19184,596,"",1.00,1.00,1.00,1.00,1.00,1.00,1.00,1.00,"",-1,-0.6,70,3.4,38,1.8,41,1.9,194030,1.2,170760,17.0,2638,15.9,-7,-1.2
"01105","1","10","71","0","2017","4","",4,22,21,21,255529,0,0,921,"",4.33,0.53,0.51,0.51,0.56,0.00,0.00,1.08,"",-1,-20.0,-2,-8.3,-8,-27.6,-9,-30.0,-48522,-16.0,0,0.0,0,0.0,76,9.0
"01105","2","10","71","0","2017","4","",8,63,62,60,680322,0,0,849,"",7.41,0.91,0.90,0.87,1.25,0.00,0.00,1.40,"",0,0.0,-1,-1.6,-1,-1.6,-2,-3.2,-21237,-3.0,0,0.0,0,0.0,-8,-0.9
"01105","3","10","71","0","2017","4","",14,392,386,389,3002540,10585,195,594,"",5.35,1.84,1.81,1.82,2.09,0.46,1.93,1.15,"",0,0.0,11,2.9,-3,-0.8,2,0.5,-24341,-0.8,-594,-5.3,-39,-16.7,-10,-1.7
"01105","5","10","71","0","2017","4","",128,1675,1683,1686,12738528,1163373,18989,583,"",0.86,0.92,0.92,0.92,0.89,1.02,1.00,0.97,"",0,0.0,62,3.8,50,3.1,50,3.1,288130,2.3,171354,17.3,2677,16.4,-6,-1.0
"01107","0","10","70","0","2017","4","",340,3851,3840,3844,37283483,2188323,27109,746,"",1.00,1.00,1.00,1.00,1.00,1.00,1.00,1.00,"",5,1.5,57,1.5,55,1.5,25,0.7,98030,0.3,-92745,-4.1,-6570,-19.5,-7,-0.9
"01107","1","10","71","0","2017","4","",8,341,338,332,4877636,0,0,1113,"",3.92,4.60,4.60,4.48,4.76,0.00,0.00,1.04,"",0,0.0,-13,-3.7,-12,-3.4,-26,-7.3,-275045,-5.3,0,0.0,0,0.0,-7,-0.6
"01107","2","10","71","0","2017","4","",10,106,106,103,1340666,0,0,982,"",4.20,0.86,0.86,0.84,1.10,0.00,0.00,1.29,"",0,0.0,-13,-10.9,-13,-10.9,-13,-11.2,4141,0.3,0,0.0,0,0.0,111,12.7
"01107","3","10","71","0","2017","4","",30,811,808,805,7161826,113028,1374,682,"",5.19,2.13,2.12,2.12,2.23,2.61,9.63,1.05,"",0,0.0,9,1.1,2,0.2,0,0.0,-84972,-1.2,30472,36.9,305,28.5,-11,-1.6
"01107","5","10","71","0","2017","4","",292,2593,2588,2604,23903355,2075295,25735,709,"",0.89,0.79,0.79,0.80,0.75,0.98,0.96,0.95,"",5,1.7,74,2.9,78,3.1,64,2.5,453906,1.9,-123217,-5.6,-6875,-21.1,-6,-0.8
"01109","0","10","70","0","2017","4","",704,14512,14430,14421,146183007,9865950,162236,778,"",1.00,1.00,1.00,1.00,1.00,1.00,1.00,1.00,"",6,0.9,520,3.7,289,2.0,458,3.3,139473,0.1,337498,3.5,-13689,-7.8,-23,-2.9
"01109","1","10","71","0","2017","4","",7,95,89,99,1304835,0,0,1064,"",1.66,0.34,0.32,0.36,0.32,0.00,0.00,0.96,"",0,0.0,-1,-1.0,-1,-1.1,6,6.5,6639,0.5,0,0.0,0,0.0,-10,-0.9
"01109","2","10","71","0","2017","4","N",15,0,0,0,0,0,0,0,"N",3.04,0,0,0,0,0,0,0,"N",-1,-6.2,0,0,0,0,0,0,0,0,0,0,0,0,0,0
"01109","3","10","71","0","2017","4","N",22,0,0,0,0,0,0,0,"N",1.84,0,0,0,0,0,0,0,"N",0,0.0,0,0,0,0,0,0,0,0,0,0,0,0,0,0
"01109","5","10","71","0","2017","4","",660,11341,11248,11217,108321084,9850338,162071,739,"",0.97,0.92,0.92,0.92,0.87,1.03,1.01,0.94,"",7,1.1,389,3.6,171,1.5,337,3.1,-902698,-0.8,324362,3.4,-13839,-7.9,-27,-3.5
"01111","0","10","70","0","2017","4","",390,4827,4811,4820,40344328,3411097,39927,644,"",1.00,1.00,1.00,1.00,1.00,1.00,1.00,1.00,"",20,5.4,177,3.8,142,3.0,144,3.1,926778,2.4,640892,23.1,-3284,-7.6,-6,-0.9
"01111","1","10","71","0","2017","4","",8,58,57,56,714803,0,0,965,"",3.42,0.62,0.62,0.60,0.64,0.00,0.00,1.05,"",0,0.0,1,1.8,-4,-6.6,-9,-13.8,24204,3.5,0,0.0,0,0.0,94,10.8
"01111","2","10","71","0","2017","4","",12,173,178,176,1950212,0,0,854,"",4.39,1.12,1.16,1.15,1.48,0.00,0.00,1.30,"",0,0.0,-3,-1.7,-2,-1.1,-2,-1.1,13043,0.7,0,0.0,0,0.0,17,2.0
"01111","3","10","71","0","2017","4","",17,918,819,829,7493890,16760,397,674,"",2.56,1.92,1.71,1.74,2.16,0.25,1.89,1.21,"",1,6.2,5,0.5,-106,-11.5,-106,-11.3,-500593,-6.3,-38233,-69.5,-359,-47.5,9,1.4
"01111","5","10","71","0","2017","4","",353,3678,3757,3759,30185423,3394337,39530,622,"",0.93,0.90,0.92,0.92,0.88,1.03,1.00,0.96,"",19,5.7,174,5.0,254,7.3,261,7.5,1390124,4.8,679125,25.0,-2925,-6.9,-11,-1.7
"01113","0","10","70","0","2017","4","",913,14092,14046,14061,135329639,10607860,150576,740,"",1.00,1.00,1.00,1.00,1.00,1.00,1.00,1.00,"",9,1.0,-59,-0.4,146,1.1,234,1.7,1010739,0.8,-653355,-5.8,-36429,-19.5,0,0.0
"01113","1","10","71","0","2017","4","",13,101,98,99,1427070,0,0,1105,"",2.37,0.37,0.36,0.37,0.38,0.00,0.00,1.04,"",0,0.0,4,4.1,0,0.0,-8,-7.5,27342,2.0,0,0.0,0,0.0,35,3.3
"01113","2","10","71","0","2017","4","",13,457,463,462,4571099,0,0,763,"",2.03,1.01,1.03,1.03,1.03,0.00,0.00,1.01,"",0,0.0,-32,-6.5,-29,-5.9,-23,-4.7,-69017,-1.5,0,0.0,0,0.0,33,4.5
"01113","3","10","71","0","2017","4","",40,2224,2254,2248,20841589,17026,287,715,"",2.58,1.59,1.62,1.62,1.79,0.08,0.36,1.11,"",-1,-2.4,5,0.2,23,1.0,6,0.3,289854,1.4,-189,-1.1,-186,-39.3,6,0.8
"01113","5","10","71","0","2017","4","",847,11310,11231,11252,108489881,10590834,150289,741,"",0.96,0.94,0.94,0.94,0.94,1.03,1.00,1.00,"",10,1.2,-36,-0.3,152,1.4,259,2.4,762560,0.7,-653166,-5.8,-36243,-19.4,-3,-0.4
"01115","0","10","70","0","2017","4","",1518,19549,19680,19709,188083220,15112196,213739,736,"",1.00,1.00,1.00,1.00,1.00,1.00,1.00,1.00,"",40,2.7,8,0.0,-114,-0.6,132,0.7,1259762,0.7,78324,0.5,-21333,-9.1,4,0.5
"01115","1","10","71","0","2017","4","",12,119,115,115,1556697,0,0,1029,"",1.32,0.32,0.31,0.30,0.30,0.00,0.00,0.98,"",0,0.0,5,4.4,2,1.8,-2,-1.7,57576,3.8,0,0.0,0,0.0,23,2.3
"01115","2","10","71","0","2017","4","",19,367,366,356,4751357,0,0,1007,"",1.79,0.58,0.58,0.57,0.77,0.00,0.00,1.34,"",0,0.0,3,0.8,-2,-0.5,-1,-0.3,-19797,-0.4,0,0.0,0,0.0,-4,-0.4
"01115","3","10","71","0","2017","4","",62,2410,2427,2429,23281164,39636,473,739,"",2.40,1.24,1.24,1.25,1.44,0.13,0.42,1.16,"",-1,-1.6,24,1.0,33,1.4,23,1.0,434933,1.9,21255,115.6,310,190.2,5,0.7
"01115","5","10","71","0","2017","4","",1425,16653,16772,16809,158494002,15072560,213266,728,"",0.97,1.00,1.00,1.00,0.99,1.03,1.00,0.98,"",41,3.0,-24,-0.1,-147,-0.9,112,0.7,787050,0.5,57069,0.4,-21643,-9.2,4,0.6
"01117","0","10","70","0","2017","4","",5899,86168,85872,85327,1149784750,70978910,1133522,1031,"",1.00,1.00,1.00,1.00,1.00,1.00,1.00,1.00,"",106,1.8,1904,2.3,1323,1.6,986,1.2,48694635,4.4,6032365,9.3,28236,2.6,27,2.7
"01117","1","10","71","0","2017","4","",30,387,381,387,5866984,0,0,1172,"",0.85,0.23,0.23,0.24,0.19,0.00,0.00,0.79,"",0,0.0,12,3.2,16,4.4,20,5.4,22599,0.4,0,0.0,0,0.0,-46,-3.8
"01117","2","10","71","0","2017","4","",26,1155,1143,1144,13447748,0,0,902,"",0.63,0.42,0.42,0.42,0.36,0.00,0.00,0.86,"",-1,-3.7,12,1.0,33,3.0,20,1.8,2376124,21.5,0,0.0,0,0.0,145,19.2
"01117","3","10","71","0","2017","4","",99,7086,7142,7113,75998137,260523,1891,822,"",0.99,0.83,0.84,0.84,0.77,0.19,0.32,0.92,"",0,0.0,106,1.5,86,1.2,91,1.3,1068230,1.4,-27749,-9.6,-58,-3.0,1,0.1
"01117","5","10","71","0","2017","4","",5744,77540,77206,76683,1054471881,70718387,1131631,1051,"",1.00,1.06,1.06,1.06,1.07,1.03,1.00,1.01,"",107,1.9,1774,2.3,1188,1.6,855,1.1,45227682,4.5,6060114,9.4,28294,2.6,28,2.7
"01119","0","10","70","0","2017","4","",237,2967,3017,2937,30296041,1460140,27800,784,"",1.00,1.00,1.00,1.00,1.00,1.00,1.00,1.00,"",-2,-0.8,-137,-4.4,4,0.1,-130,-4.2,-169687,-0.6,-277297,-16.0,-6850,-19.8,18,2.3
"01119","1","10","71","0","2017","4","",12,36,37,35,430300,0,0,919,"",8.44,0.63,0.64,0.62,0.52,0.00,0.00,0.82,"",0,0.0,2,5.9,3,8.8,-1,-2.8,6716,1.6,0,0.0,0,0.0,-21,-2.2
"01119","2","10","71","0","2017","4","",14,605,644,590,8279722,0,0,1039,"",8.43,6.35,6.66,6.30,8.37,0.00,0.00,1.30,"",0,0.0,-45,-6.9,65,11.2,-34,-5.4,343157,4.3,0,0.0,0,0.0,51,5.2
"01119","3","10","71","0","2017","4","",15,503,503,503,4033444,56272,939,617,"",3.72,1.71,1.68,1.73,1.55,1.95,6.42,0.91,"",0,0.0,-2,-0.4,-3,-0.6,-16,-3.1,-91802,-2.2,-28592,-33.7,-2310,-71.1,-5,-0.8
"01119","5","10","71","0","2017","4","",196,1823,1833,1809,17552575,1403868,26861,741,"",0.85,0.72,0.72,0.72,0.68,0.99,0.97,0.94,"",-2,-1.0,-92,-4.8,-61,-3.2,-79,-4.2,-427758,-2.4,-248705,-15.0,-4540,-14.5,13,1.8
"01121","0","10","70","0","2017","4","",1367,29737,29260,29379,363124874,21848924,360061,948,"",1.00,1.00,1.00,1.00,1.00,1.00,1.00,1.00,"",35,2.6,450,1.5,171,0.6,253,0.9,69933,0.0,1952472,9.8,28261,8.5,-9,-0.9
"01121","1","10","71","0","2017","4","",17,466,458,449,7334884,0,0,1233,"",2.07,0.81,0.82,0.79,0.73,0.00,0.00,0.91,"",0,0.0,-11,-2.3,-24,-5.0,-29,-6.1,127283,1.8,0,0.0,0,0.0,76,6.6
"01121","2","10","71","0","2017","4","",26,1512,1521,1500,14532289,0,0,740,"",2.71,1.58,1.62,1.60,1.23,0.00,0.00,0.77,"",-1,-3.7,17,1.1,3,0.2,-15,-1.0,202495,1.4,0,0.0,0,0.0,10,1.4
"01121","3","10","71","0","2017","4","",70,2831,2838,2832,26437132,59223,549,718,"",3.01,0.96,0.98,0.97,0.85,0.14,0.29,0.87,"",0,0.0,-50,-1.7,-42,-1.5,-15,-0.5,321875,1.2,33268,128.2,240,77.7,18,2.6
"01121","5","10","71","0","2017","4","",1254,24928,24443,24598,314820569,21789701,359512,982,"",0.95,0.99,0.98,0.99,1.02,1.03,1.01,1.03,"",36,3.0,494,2.0,234,1.0,312,1.3,-581720,-0.2,1919204,9.7,28021,8.5,-16,-1.6
"01123","0","10","70","0","2017","4","",850,13099,13000,13180,115113003,11106932,151500,676,"",1.00,1.00,1.00,1.00,1.00,1.00,1.00,1.00,"",18,2.2,-145,-1.1,-426,-3.2,-197,-1.5,-4076606,-3.4,-1083059,-8.9,-73115,-32.6,-11,-1.6
"01123","1","10","71","0","2017","4","",8,90,92,93,1232659,0,0,1034,"",1.57,0.36,0.37,0.37,0.39,0.00,0.00,1.07,"",0,0.0,-4,-4.3,0,0.0,1,1.1,30748,2.6,0,0.0,0,0.0,36,3.6
"01123","2","10","71","0","2017","4","",17,406,402,400,4502639,0,0,860,"",2.85,0.97,0.97,0.95,1.20,0.00,0.00,1.25,"",0,0.0,-16,-3.8,-20,-4.7,-20,-4.8,84816,1.9,0,0.0,0,0.0,53,6.6
"01123","3","10","71","0","2017","4","",35,1555,1554,1537,14453348,54322,320,718,"",2.42,1.20,1.20,1.18,1.46,0.25,0.40,1.22,"",-1,-2.8,16,1.0,-2,-0.1,5,0.3,321322,2.3,27433,102.0,-110,-25.6,13,1.8
"01123","5","10","71","0","2017","4","",790,11048,10952,11150,94924357,11052610,151180,661,"",0.96,0.99,0.99,1.00,0.97,1.03,1.00,0.97,"",19,2.5,-141,-1.3,-404,-3.6,-183,-1.6,-4513492,-4.5,-1110492,-9.1,-73005,-32.6,-16,-2.4
"01125","0","10","70","0","2017","4","",4620,94220,94155,93960,1117206275,66185335,992764,913,"",1.00,1.00,1.00,1.00,1.00,1.00,1.00,1.00,"",74,1.6,2224,2.4,1621,1.8,2061,2.2,70890043,6.8,3554385,5.7,-19869,-2.0,40,4.6
"01125","1","10","71","0","2017","4","",33,1596,1583,1595,27527618,0,0,1331,"",1.19,0.88,0.88,0.88,0.90,0.00,0.00,1.02,"",-1,-2.9,63,4.1,54,3.5,39,2.5,1689274,6.5,0,0.0,0,0.0,40,3.1
"01125","2","10","71","0","2017","4","",37,9353,9364,9450,146794196,0,0,1203,"",1.14,3.09,3.10,3.15,4.02,0.00,0.00,1.29,"",-3,-7.5,223,2.4,192,2.1,115,1.2,6489653,4.6,0,0.0,0,0.0,31,2.6
"01125","3","10","71","0","2017","4","",68,11657,11656,11692,131879212,158377,1196,869,"",0.87,1.25,1.25,1.26,1.37,0.12,0.23,1.10,"",-1,-1.4,-63,-0.5,-99,-0.8,-63,-0.5,1197690,0.9,-44557,-22.0,-2998,-71.5,13,1.5
"01125","5","10","71","0","2017","4","",4482,71614,71552,71223,811005249,66026958,991568,873,"",1.00,0.89,0.89,0.89,0.85,1.03,1.01,0.95,"",79,1.8,2001,2.9,1474,2.1,1970,2.8,61513426,8.2,3598942,5.8,-16871,-1.7,45,5.4
"01127","0","10","70","0","2017","4","",1380,17893,17843,17986,174957265,12608570,182252,752,"",1.00,1.00,1.00,1.00,1.00,1.00,1.00,1.00,"",12,0.9,-87,-0.5,-136,-0.8,-70,-0.4,9368449,5.7,915256,7.8,13894,8.3,45,6.4
"01127","1","10","71","0","2017","4","",20,193,189,191,2751062,0,0,1108,"",2.42,0.56,0.55,0.55,0.57,0.00,0.00,1.03,"",-2,-9.1,3,1.6,-2,-1.0,-3,-1.5,88885,3.3,0,0.0,0,0.0,40,3.7
"01127","2","10","71","0","2017","4","",17,583,577,577,5885461,0,0,782,"",1.76,1.02,1.01,1.01,1.03,0.00,0.00,1.02,"",0,0.0,2,0.3,-6,-1.0,-4,-0.7,104595,1.8,0,0.0,0,0.0,18,2.4
"01127","3","10","71","0","2017","4","",67,2348,2339,2356,21200607,127595,918,695,"",2.86,1.32,1.32,1.32,1.41,0.51,0.96,1.07,"",0,0.0,-35,-1.5,-50,-2.1,-31,-1.3,-24375,-0.1,-60441,-32.1,-727,-44.2,11,1.6
"01127","5","10","71","0","2017","4","",1276,14769,14738,14862,145120135,12480975,181334,755,"",0.95,0.97,0.97,0.97,0.97,1.02,1.00,1.00,"",14,1.1,-57,-0.4,-78,-0.5,-32,-0.2,9199344,6.8,975697,8.5,14621,8.8,51,7.2
"01129","0","10","70","0","2017","4","",270,3627,3599,3611,56294565,2087531,46310,1199,"",1.00,1.00,1.00,1.00,1.00,1.00,1.00,1.00,"",13,5.1,-6,-0.2,-18,-0.5,0,0.0,1456446,2.7,603799,40.7,12005,35.0,34,2.9
"01129","1","10","71","0","2017","4","",12,34,33,32,341277,0,0,796,"",7.41,0.49,0.48,0.46,0.22,0.00,0.00,0.46,"",0,0.0,5,17.2,2,6.5,-2,-5.9,33900,11.0,0,0.0,0,0.0,41,5.4
"01129","2","10","71","0","2017","4","",9,59,59,59,681395,0,0,888,"",4.76,0.51,0.51,0.51,0.37,0.00,0.00,0.73,"",0,0.0,-1,-1.7,-1,-1.7,0,0.0,-1432,-0.2,0,0.0,0,0.0,8,0.9
"01129","3","10","71","0","2017","4","",29,867,844,860,6514634,33316,197,585,"",6.32,2.41,2.36,2.41,1.35,0.81,0.81,0.56,"",0,0.0,-16,-1.8,-45,-5.1,-12,-1.4,-110030,-1.7,8471,34.1,51,34.9,7,1.2
"01129","5","10","71","0","2017","4","",220,2667,2663,2660,48757259,2054215,46113,1408,"",0.84,0.87,0.87,0.87,1.01,1.02,1.00,1.17,"",13,6.3,6,0.2,26,1.0,14,0.5,1534008,3.2,595328,40.8,11954,35.0,36,2.6
"01131","0","10","70","0","2017","4","",242,2788,2780,2837,30980558,1370519,20365,851,"",1.00,1.00,1.00,1.00,1.00,1.00,1.00,1.00,"",16,7.1,57,2.1,3,0.1,114,4.2,1432104,4.8,30903,2.3,-1732,-7.8,23,2.8
"01131","1","10","71","0","2017","4","",13,66,62,64,817448,0,0,983,"",8.96,1.23,1.17,1.17,0.96,0.00,0.00,0.81,"",-1,-7.1,1,1.5,-7,-10.1,-9,-12.3,-23269,-2.8,0,0.0,0,0.0,46,4.9
"01131","2","10","71","0","2017","4","",12,102,102,100,1250994,0,0,950,"",7.08,1.14,1.15,1.11,1.24,0.00,0.00,1.09,"",0,0.0,2,2.0,3,3.0,3,3.1,-23990,-1.9,0,0.0,0,0.0,-44,-4.4
"01131","3","10","71","0","2017","4","",19,579,597,593,4452962,12367,139,581,"",4.62,2.10,2.16,2.11,1.67,0.46,1.30,0.79,"",0,0.0,-5,-0.9,-6,-1.0,2,0.3,25277,0.6,6279,103.1,61,78.2,6,1.0
"01131","5","10","71","0","2017","4","",198,2041,2019,2080,24459154,1358152,20226,919,"",0.84,0.86,0.85,0.86,0.92,1.02,1.00,1.07,"",17,9.4,59,3.0,13,0.6,118,6.0,1454086,6.3,24624,1.8,-1793,-8.1,27,3.0
"01133","0","10","70","0","2017","4","",492,7778,7829,7844,72509532,6739586,102572,714,"",1.00,1.00,1.00,1.00,1.00,1.00,1.00,1.00,"",10,2.1,193,2.5,201,2.6,210,2.8,5733988,8.6,27826,0.4,2953,3.0,40,5.9
"01133","1","10","71","0","2017","4","",9,69,69,68,865978,0,0,970,"",3.05,0.46,0.46,0.45,0.43,0.00,0.00,0.95,"",0,0.0,3,4.5,1,1.5,-3,-4.2,-115481,-11.8,0,0.0,0,0.0,-135,-12.2
"01133","2","10","71","0","2017","4","",9,87,86,86,1235723,0,0,1101,"",2.61,0.35,0.34,0.34,0.52,0.00,0.00,1.51,"",0,0.0,-6,-6.5,-8,-8.5,-8,-8.5,46183,3.9,0,0.0,0,0.0,124,12.7
"01133","3","10","71","0","2017","4","",32,1008,1019,1005,8150200,3505,21,620,"",3.83,1.31,1.31,1.29,1.31,0.03,0.04,1.00,"",0,0.0,19,1.9,32,3.2,29,3.0,126786,1.6,-8945,-71.8,-52,-71.2,-7,-1.1
"01133","5","10","71","0","2017","4","",442,6614,6655,6685,62257631,6736081,102551,720,"",0.93,1.00,1.00,1.00,1.01,1.03,1.01,1.00,"",10,2.3,177,2.7,176,2.7,192,3.0,5676500,10.0,36771,0.5,3005,3.0,47,7.0
"01999","0","10","70","0","2017","4","",13774,52473,53276,52411,900524419,72022651,1615805,1314,"",1.00,1.00,1.00,1.00,1.00,1.00,1.00,1.00,"",963,7.5,844,1.6,3509,7.1,1185,2.3,46168540,5.4,4219978,6.2,7478,0.5,22,1.7
"01999","1","10","71","0","2017","4","",46,536,518,506,10914976,0,0,1615,"",0.56,0.53,0.51,0.50,0.44,0.00,0.00,0.86,"",1,2.2,118,28.2,97,23.0,85,20.2,2579235,30.9,0,0.0,0,0.0,88,5.8
"01999","2","10","71","0","2017","4","N",2,0,0,0,0,0,0,0,"N",0.02,0,0,0,0,0,0,0,"N",-1,-33.3,0,0,0,0,0,0,0,0,0,0,0,0,0,0
"01999","3","10","71","0","2017","4","N",5,0,0,0,0,0,0,0,"N",0.02,0,0,0,0,0,0,0,"N",0,0.0,0,0,0,0,0,0,0,0,0,0,0,0,0,0
"01999","5","10","71","0","2017","4","",13721,51728,52542,51690,886944699,71964612,1615376,1312,"",1.03,1.16,1.16,1.16,1.15,1.03,1.01,0.99,"",963,7.5,757,1.5,3441,7.0,1131,2.2,43705980,5.2,4251592,6.3,7892,0.5,20,1.5
"02000","0","10","50","0","2017","4","",21877,320395,309260,307169,4266666212,1054078166,18118696,1051,"",1.00,1.00,1.00,1.00,1.00,1.00,1.00,1.00,"",-224,-1.0,-2142,-0.7,-3155,-1.0,-3292,-1.1,21557595,0.5,10013007,1.0,-1827127,-9.2,15,1.4
"02000","1","10","51","0","2017","4","",550,14827,14634,14778,289396073,0,0,1510,"",4.19,2.40,2.47,2.50,2.47,0.00,0.00,1.00,"",-1,-0.2,-155,-1.0,-225,-1.5,-198,-1.3,4780628,1.7,0,0.0,0,0.0,44,3.0
"02000","2","10","51","0","2017","4","",749,21728,21633,21462,316293729,740660,11110,1126,"",4.89,2.11,2.18,2.19,2.27,0.06,0.47,1.05,"",-122,-14.0,-579,-2.6,-596,-2.7,-354,-1.6,-7771715,-2.4,-70970,-8.7,-1971,-15.1,-1,-0.1
"02000","3","10","51","0","2017","4","",661,41326,41420,41441,511951933,38365146,659335,951,"",1.78,1.30,1.35,1.36,1.40,1.84,6.91,1.04,"",-14,-2.1,-416,-1.0,-314,-0.8,-159,-0.4,14443319,2.9,-128222,-0.3,-106896,-14.0,33,3.6
"02000","5","10","51","0","2017","4","",19917,242514,231573,229488,3149024477,1014972360,17448251,1033,"",0.94,0.89,0.88,0.88,0.86,1.00,0.97,0.98,"",-87,-0.4,-992,-0.4,-2020,-0.9,-2581,-1.1,10105363,0.3,10212199,1.0,-1718260,-9.0,12,1.2
"02000","8","10","96","0","2017","4","",1960,77881,77687,77681,1117641735,39105806,670445,1106,"",2.99,1.62,1.67,1.68,1.79,1.14,5.62,1.08,"",-137,-6.5,-1150,-1.5,-1135,-1.4,-711,-0.9,11452232,1.0,-199192,-0.5,-108867,-14.0,25,2.3
"02013","0","10","70","0","2017","4","",100,2350,1332,978,21269992,10041407,207705,1053,"",1.00,1.00,1.00,1.00,1.00,1.00,1.00,1.00,"",-4,-3.8,-33,-1.4,-179,-11.8,-30,-3.0,105111,0.5,-745864,-6.9,-53406,-20.5,57,5.7
"02013","1","10","71","0","2017","4","",8,19,16,17,315804,0,0,1401,"",13.34,0.42,0.63,0.90,0.54,0.00,0.00,0.93,"",0,0.0,-7,-26.9,-7,-30.4,-6,-26.1,-49676,-13.6,0,0.0,0,0.0,230,19.6
"02013","2","10","71","0","2017","4","",11,14,11,16,127379,0,0,717,"",15.70,0.19,0.26,0.51,0.18,0.00,0.00,0.67,"",-5,-31.2,-5,-26.3,0,0.0,2,14.3,1337,1.1,0,0.0,0,0.0,56,8.5
"02013","3","10","71","0","2017","4","",17,236,217,216,2258237,753115,12444,779,"",10.00,1.01,1.64,2.23,1.23,3.79,11.38,0.85,"",0,0.0,5,2.2,-28,-11.4,-9,-4.0,13844,0.6,47684,6.8,358,3.0,40,5.4
"02013","5","10","71","0","2017","4","",64,2081,1088,729,18568572,9288292,195261,1099,"",0.66,1.04,0.96,0.88,1.02,0.96,0.95,1.04,"",1,1.6,-26,-1.2,-144,-11.7,-17,-2.3,139606,0.8,-793548,-7.9,-53764,-21.6,58,5.6
"02016","0","10","70","0","2017","4","",176,2934,2567,2390,40386504,12761879,243914,1181,"",1.00,1.00,1.00,1.00,1.00,1.00,1.00,1.00,"",8,4.8,-359,-10.9,-180,-6.6,-133,-5.3,1205242,3.1,67110,0.5,-35286,-12.6,125,11.8
"02016","1","10","71","0","2017","4","",5,15,16,15,285001,0,0,1430,"",4.74,0.27,0.33,0.33,0.26,0.00,0.00,0.85,"",0,0.0,0,0.0,2,14.3,1,7.1,58778,26.0,0,0.0,0,0.0,216,17.8
"02016","2","10","71","0","2017","4","",14,27,28,27,495535,0,0,1395,"",11.35,0.29,0.34,0.35,0.38,0.00,0.00,1.16,"",-3,-17.6,-5,-15.6,-1,-3.4,-3,-10.0,-26914,-5.2,0,0.0,0,0.0,70,5.3
"02016","3","10","71","0","2017","4","",14,444,445,451,5680211,1239346,19552,978,"",4.68,1.53,1.75,1.91,1.64,4.91,15.23,0.95,"",1,7.7,23,5.5,16,3.7,17,3.9,285587,5.3,124098,11.1,-311,-1.6,8,0.8
"02016","5","10","71","0","2017","4","",143,2448,2078,1897,33925757,11522533,224362,1219,"",0.84,0.98,0.95,0.93,0.98,0.93,0.93,1.03,"",10,7.5,-377,-13.3,-197,-8.7,-148,-7.2,887791,2.7,-56988,-0.5,-34975,-13.5,152,14.2
"02020","0","10","70","0","2017","4","",8226,149718,147866,147451,2128122957,516037950,8622828,1104,"",1.00,1.00,1.00,1.00,1.00,1.00,1.00,1.00,"",-89,-1.1,-1421,-0.9,-1737,-1.2,-1945,-1.3,18171413,0.9,3297481,0.6,-829229,-8.8,22,2.0
"02020","1","10","71","0","2017","4","",105,8356,8381,8393,174395616,0,0,1601,"",2.13,2.90,2.96,2.95,2.98,0.00,0.00,1.01,"",4,4.0,-143,-1.7,-140,-1.6,-149,-1.7,2662118,1.6,0,0.0,0,0.0,51,3.3
"02020","2","10","71","0","2017","4","N",57,0,0,0,0,0,0,0,"N",0.99,0,0,0,0,0,0,0,"N",-11,-16.2,0,0,0,0,0,0,0,0,0,0,0,0,0,0
"02020","3","10","71","0","2017","4","N",11,0,0,0,0,0,0,0,"N",0.08,0,0,0,0,0,0,0,"N",-1,-8.3,0,0,0,0,0,0,0,0,0,0,0,0,0,0
"02020","5","10","71","0","2017","4","",8053,121774,119871,119393,1658525573,514878826,8603384,1060,"",1.01,0.96,0.95,0.95,0.91,1.03,1.00,0.95,"",-81,-1.0,-727,-0.6,-1053,-0.9,-1421,-1.2,9577887,0.6,3213939,0.6,-829325,-8.8,15,1.4
"02050","0","10","70","0","2017","4","",348,7071,7000,7040,70902871,21551632,375261,775,"",1.00,1.00,1.00,1.00,1.00,1.00,1.00,1.00,"",-5,-1.4,89,1.3,161,2.4,122,1.8,638191,0.9,-807955,-3.6,-70838,-15.9,-7,-0.9
"02050","1","10","71","0","2017","4","",24,70,70,74,939551,0,0,1013,"",11.50,0.51,0.52,0.55,0.48,0.00,0.00,0.91,"",0,0.0,-7,-9.1,-6,-7.9,-1,-1.3,498,0.1,0,0.0,0,0.0,63,6.6
"02050","2","10","71","0","2017","4","N",46,0,0,0,0,0,0,0,"N",18.86,0,0,0,0,0,0,0,"N",-3,-6.1,0,0,0,0,0,0,0,0,0,0,0,0,0,0
"02050","3","10","71","0","2017","4","N",74,0,0,0,0,0,0,0,"N",12.51,0,0,0,0,0,0,0,"N",-5,-6.3,0,0,0,0,0,0,0,0,0,0,0,0,0,0
"02050","5","10","71","0","2017","4","",204,4042,3948,3972,42216498,16934084,287809,814,"",0.60,0.67,0.66,0.66,0.70,0.81,0.77,1.04,"",3,1.5,201,5.2,194,5.2,152,4.0,1636545,4.0,-610329,-3.5,-62048,-17.7,-6,-0.7
"02060","0","10","70","0","2017","4","",116,602,544,524,7444590,2010279,39002,1029,"",1.00,1.00,1.00,1.00,1.00,1.00,1.00,1.00,"",-2,-1.7,-10,-1.6,25,4.8,-27,-4.9,313550,4.4,158436,8.6,-3573,-8.4,51,5.2
"02060","1","10","71","0","2017","4","",7,49,46,47,839142,0,0,1364,"",10.06,4.23,4.42,4.66,4.10,0.00,0.00,0.93,"",0,0.0,2,4.3,7,17.9,4,9.3,123173,17.2,0,0.0,0,0.0,83,6.5
"02060","2","10","71","0","2017","4","",8,18,17,18,336272,0,0,1464,"",9.84,0.93,0.98,1.08,1.38,0.00,0.00,1.40,"",-1,-11.1,-3,-14.3,-3,-15.0,-2,-10.0,-51976,-13.4,0,0.0,0,0.0,-5,-0.3
"02060","3","10","71","0","2017","4","",7,141,143,138,1608439,64218,1292,880,"",3.55,2.36,2.65,2.66,2.51,1.61,6.29,0.99,"",0,0.0,-13,-8.4,-6,-4.0,0,0.0,-31741,-1.9,12049,23.1,-392,-23.3,22,2.6
"02060","5","10","71","0","2017","4","",94,394,338,321,4660737,1946061,37710,1021,"",0.84,0.77,0.73,0.72,0.73,1.00,0.97,0.99,"",-1,-1.1,4,1.0,27,8.7,-29,-8.3,274094,6.2,146387,8.1,-3181,-7.8,58,6.0
"02068","0","10","70","0","2017","4","",140,2123,985,1030,16722921,3562797,78500,933,"",1.00,1.00,1.00,1.00,1.00,1.00,1.00,1.00,"",7,5.3,65,3.2,135,15.9,190,22.6,1516446,10.0,450905,14.5,4344,5.9,-3,-0.3
"02068","1","10","71","0","2017","4","",8,167,152,166,2869677,0,0,1365,"",9.53,4.09,8.06,8.37,6.24,0.00,0.00,1.02,"",0,0.0,-10,-5.6,-11,-6.7,-2,-1.2,164831,6.1,0,0.0,0,0.0,136,11.1
"02068","2","10","71","0","2017","4","",6,18,19,19,294442,0,0,1213,"",6.12,0.26,0.60,0.58,0.54,0.00,0.00,1.27,"",-1,-14.3,-1,-5.3,-1,-5.0,-2,-9.5,-31413,-9.6,0,0.0,0,0.0,-40,-3.2
"02068","3","10","71","0","2017","4","",7,140,138,136,1308525,81405,1494,729,"",2.94,0.67,1.41,1.33,0.91,1.15,3.62,0.90,"",0,0.0,-4,-2.8,-2,-1.4,-6,-4.2,54213,4.3,-23399,-22.3,-997,-40.0,50,7.4
"02068","5","10","71","0","2017","4","",119,1798,676,709,12250277,3481392,77006,888,"",0.88,1.00,0.81,0.81,0.86,1.01,0.99,0.95,"",8,7.2,80,4.7,149,28.3,200,39.3,1328815,12.2,474304,15.8,5341,7.5,-27,-3.0
"02070","0","10","70","0","2017","4","",154,2280,2198,2034,24426186,7405863,133042,866,"",1.00,1.00,1.00,1.00,1.00,1.00,1.00,1.00,"",1,0.7,136,6.3,186,9.2,102,5.3,1829497,8.1,326358,4.6,-44304,-25.0,9,1.1
"02070","1","10","71","0","2017","4","",11,47,44,43,682754,0,0,1176,"",11.91,1.07,1.05,1.10,1.02,0.00,0.00,0.95,"",0,0.0,2,4.4,1,2.3,0,0.0,-21716,-3.1,0,0.0,0,0.0,-65,-5.2
"02070","2","10","71","0","2017","4","",21,86,89,85,1422647,0,0,1263,"",19.46,1.18,1.26,1.31,1.78,0.00,0.00,1.43,"",-2,-8.7,4,4.9,1,1.1,2,2.4,103489,7.8,0,0.0,0,0.0,60,5.0
"02070","3","10","71","0","2017","4","",25,644,679,601,5167995,998987,17922,620,"",9.55,2.85,3.11,2.99,2.46,6.81,25.60,0.83,"",0,0.0,6,0.9,59,9.5,6,1.0,38178,0.7,9394,0.9,-2037,-10.2,-19,-3.0
"02070","5","10","71","0","2017","4","",97,1503,1386,1305,17152790,6406876,115120,944,"",0.65,0.78,0.74,0.75,0.82,0.89,0.87,1.08,"",3,3.2,124,9.0,125,9.9,94,7.8,1709546,11.1,316964,5.2,-42267,-26.9,19,2.1
"02090","0","10","70","0","2017","4","",2279,36688,35700,35653,467672310,120663539,2039774,999,"",1.00,1.00,1.00,1.00,1.00,1.00,1.00,1.00,"",9,0.4,-192,-0.5,-185,-0.5,-13,0.0,1213654,0.3,11078653,10.1,-42970,-2.1,6,0.6
"02090","1","10","71","0","2017","4","",70,2961,2892,2984,51467849,0,0,1344,"",5.12,4.19,4.23,4.34,4.00,0.00,0.00,0.94,"",0,0.0,5,0.2,-58,-2.0,-92,-3.0,705093,1.4,0,0.0,0,0.0,40,3.1
"02090","2","10","71","0","2017","4","",30,3900,3856,3815,56542328,36887,553,1128,"",1.88,3.31,3.37,3.36,3.70,0.02,0.21,1.11,"",-6,-16.7,-127,-3.2,-184,-4.6,-117,-3.0,-890477,-1.6,568,1.6,8,1.5,23,2.1
"02090","3","10","71","0","2017","4","",12,3051,3078,3103,42253055,218183,3773,1056,"",0.31,0.84,0.87,0.88,1.05,0.09,0.35,1.22,"",0,0.0,-36,-1.2,-42,-1.3,-42,-1.3,234592,0.6,-32920,-13.1,-1393,-27.0,19,1.8
"02090","5","10","71","0","2017","4","",2167,26776,25874,25751,317409078,120408469,2035448,934,"",0.98,0.86,0.85,0.85,0.79,1.03,1.00,0.93,"",15,0.7,-34,-0.1,99,0.4,238,0.9,1164446,0.4,11111005,10.2,-41585,-2.0,0,0.0
"02100","0","10","70","0","2017","4","",151,873,715,708,6984700,2711344,47856,702,"",1.00,1.00,1.00,1.00,1.00,1.00,1.00,1.00,"",-7,-4.4,-15,-1.7,-51,-6.7,11,1.6,-170644,-2.4,-74654,-2.7,-7815,-14.0,0,0.0
"02100","1","10","71","0","2017","4","",2,10,9,9,296528,0,0,2444,"",2.21,0.60,0.66,0.66,1.54,0.00,0.00,2.43,"",0,0.0,-1,-9.1,-2,-18.2,-2,-18.2,34588,13.2,0,0.0,0,0.0,612,33.4
"02100","2","10","71","0","2017","4","",12,44,32,28,442433,0,0,982,"",11.34,1.57,1.40,1.24,1.94,0.00,0.00,1.37,"",-1,-7.7,-1,-2.2,1,3.2,1,3.7,-77678,-14.9,0,0.0,0,0.0,-183,-15.7
"02100","3","10","71","0","2017","4","",3,136,137,140,1341184,398982,6329,749,"",1.17,1.57,1.93,2.00,2.23,7.43,25.13,1.23,"",0,0.0,-4,-2.9,-6,-4.2,2,1.4,-34758,-2.5,-43996,-9.9,-947,-13.0,-5,-0.7
"02100","5","10","71","0","2017","4","",134,683,537,531,4904555,2312362,41527,646,"",0.91,0.92,0.88,0.88,0.82,0.88,0.87,0.92,"",-6,-4.3,-9,-1.3,-44,-7.6,10,1.9,-92796,-1.9,-30658,-1.3,-6868,-14.2,3,0.5
"02105","0","10","70","0","2017","4","",137,720,581,600,5980983,2169115,42473,726,"",1.00,1.00,1.00,1.00,1.00,1.00,1.00,1.00,"",1,0.7,76,11.8,-10,-1.7,19,3.3,418658,7.5,237769,12.3,-1911,-4.3,19,2.7
"02105","1","10","71","0","2017","4","",9,84,78,86,1370619,0,0,1275,"",10.95,6.06,7.02,7.44,8.34,0.00,0.00,1.23,"",0,0.0,-1,-1.2,3,4.0,7,8.9,103925,8.2,0,0.0,0,0.0,52,4.3
"02105","2","10","71","0","2017","4","",13,8,8,8,91908,0,0,884,"",13.54,0.35,0.43,0.42,0.47,0.00,0.00,1.19,"",-4,-23.5,1,14.3,-1,-11.1,-1,-11.1,-7484,-7.5,0,0.0,0,0.0,-33,-3.6
"02105","3","10","71","0","2017","4","",18,276,261,265,2158028,680481,11772,621,"",7.73,3.87,4.52,4.46,4.20,15.85,52.66,0.99,"",0,0.0,16,6.2,11,4.4,-5,-1.9,-62169,-2.8,-8817,-1.3,-3488,-22.9,-36,-5.5
"02105","5","10","71","0","2017","4","",97,352,234,241,2360428,1488634,30701,659,"",0.73,0.58,0.47,0.47,0.46,0.71,0.73,0.90,"",5,5.4,60,20.5,-23,-8.9,18,8.1,384386,19.5,246586,19.9,1577,5.4,68,11.5
"02110","0","10","70","0","2017","4","",1127,16986,16423,16202,212820796,43661320,758336,990,"",1.00,1.00,1.00,1.00,1.00,1.00,1.00,1.00,"",3,0.3,-96,-0.6,70,0.4,29,0.2,1544888,0.7,589410,1.4,-57990,-7.1,7,0.7
"02110","1","10","71","0","2017","4","",24,707,696,691,15719595,0,0,1732,"",3.55,2.16,2.21,2.21,2.69,0.00,0.00,1.22,"",0,0.0,21,3.1,17,2.5,25,3.8,404129,2.6,0,0.0,0,0.0,-8,-0.5
"02110","2","10","71","0","2017","4","",38,3405,3453,3407,52725699,22725,341,1185,"",4.81,6.25,6.56,6.59,7.59,0.04,0.34,1.17,"",4,11.8,-51,-1.5,-41,-1.2,-10,-0.3,-1213096,-2.2,350,1.6,5,1.5,-16,-1.3
"02110","3","10","71","0","2017","4","",6,2341,2390,2385,29393865,1364661,20614,953,"",0.31,1.39,1.47,1.49,1.61,1.58,5.17,1.11,"",0,0.0,31,1.3,69,3.0,4,0.2,1101859,3.9,181146,15.3,2583,14.3,22,2.4
"02110","5","10","71","0","2017","4","",1059,10533,9884,9719,114981637,42273934,737381,880,"",0.97,0.73,0.71,0.71,0.63,1.00,0.98,0.88,"",-1,-0.1,-97,-0.9,25,0.3,10,0.1,1251996,1.1,407914,1.0,-60578,-7.6,11,1.3
"02122","0","10","70","0","2017","4","",2016,19236,18100,18117,225051802,59980678,1046202,937,"",1.00,1.00,1.00,1.00,1.00,1.00,1.00,1.00,"",31,1.6,56,0.3,-500,-2.7,-134,-0.7,574867,0.3,-2252967,-3.6,-182081,-14.8,12,1.3
"02122","1","10","71","0","2017","4","",29,363,322,330,6612982,0,0,1504,"",2.40,0.98,0.93,0.95,1.07,0.00,0.00,1.12,"",0,0.0,26,7.7,-7,-2.1,2,0.6,276751,4.4,0,0.0,0,0.0,33,2.2
"02122","2","10","71","0","2017","4","",68,1180,1170,1162,17073771,14101,211,1122,"",4.81,1.91,2.02,2.01,2.32,0.02,0.15,1.17,"",-12,-15.0,-9,-0.8,-8,-0.7,-1,-0.1,-409225,-2.3,-82164,-85.4,-2140,-91.0,-21,-1.8
"02122","3","10","71","0","2017","4","",37,3542,3388,3374,47710803,2830095,46234,1069,"",1.08,1.86,1.88,1.88,2.47,2.38,8.40,1.32,"",1,2.8,7,0.2,-124,-3.5,70,2.1,908467,1.9,86083,3.1,-9608,-17.2,26,2.5
"02122","5","10","71","0","2017","4","",1882,14151,13220,13251,153654246,57136482,999757,873,"",0.96,0.87,0.86,0.86,0.80,0.98,0.96,0.93,"",42,2.3,32,0.2,-361,-2.7,-205,-1.5,-201126,-0.1,-2256886,-3.8,-170333,-14.6,10,1.2
"02130","0","10","70","0","2017","4","",605,7096,6582,6469,82226154,24188515,434515,942,"",1.00,1.00,1.00,1.00,1.00,1.00,1.00,1.00,"",13,2.2,148,2.1,94,1.4,-55,-0.8,2872581,3.6,510138,2.2,-45414,-9.5,25,2.7
"02130","1","10","71","0","2017","4","",12,220,214,209,4059520,0,0,1457,"",3.31,1.61,1.70,1.68,1.80,0.00,0.00,1.08,"",0,0.0,-8,-3.5,-11,-4.9,-14,-6.3,-147199,-3.5,0,0.0,0,0.0,21,1.5
"02130","2","10","71","0","2017","4","",18,580,574,556,8341123,7869,118,1126,"",4.25,2.55,2.72,2.70,3.11,0.03,0.21,1.17,"",0,0.0,4,0.7,-2,-0.3,1,0.2,-92509,-1.1,122,1.6,2,1.7,-14,-1.2
"02130","3","10","71","0","2017","4","",7,1110,1138,1133,14714148,947769,14365,1004,"",0.68,1.58,1.74,1.77,2.08,1.98,6.28,1.23,"",-1,-12.5,14,1.3,43,3.9,37,3.4,406696,2.8,-220291,-18.9,-6498,-31.1,0,0.0
"02130","5","10","71","0","2017","4","",568,5186,4656,4571,55111363,23232877,420032,882,"",0.97,0.86,0.83,0.83,0.78,0.99,0.97,0.93,"",14,2.5,138,2.7,64,1.4,-79,-1.7,2705593,5.2,730307,3.2,-38918,-8.5,36,4.3
"02150","0","10","70","0","2017","4","",490,6234,5690,5252,63215336,20244266,372470,849,"",1.00,1.00,1.00,1.00,1.00,1.00,1.00,1.00,"",8,1.7,-22,-0.4,-137,-2.4,-240,-4.4,3346323,5.6,63875,0.3,-45442,-10.9,63,8.0
"02150","1","10","71","0","2017","4","",15,307,300,295,4161132,0,0,1065,"",5.10,2.56,2.76,2.92,2.39,0.00,0.00,0.88,"",0,0.0,25,8.9,21,7.5,22,8.1,231014,5.9,0,0.0,0,0.0,-22,-2.0
"02150","2","10","71","0","2017","4","",24,241,230,230,3199971,7974,120,1053,"",6.99,1.20,1.26,1.37,1.55,0.03,0.24,1.22,"",-2,-7.7,10,4.3,3,1.3,9,4.1,43091,1.4,123,1.6,2,1.7,-20,-1.9
"02150","3","10","71","0","2017","4","",17,882,883,895,9215478,755884,11949,799,"",2.04,1.43,1.56,1.72,1.70,1.89,6.10,1.08,"",-1,-5.6,-62,-6.6,-66,-7.0,-80,-8.2,-102193,-1.1,23914,3.3,-1035,-8.0,49,6.5
"02150","5","10","71","0","2017","4","",434,4804,4277,3832,46638755,19480408,360401,833,"",0.91,0.91,0.88,0.86,0.86,0.99,0.97,0.98,"",11,2.6,5,0.1,-95,-2.2,-191,-4.7,3174411,7.3,39838,0.2,-44409,-11.0,73,9.6
"02158","0","10","70","0","2017","4","",143,2396,2323,2399,15808829,5068315,88299,513,"",1.00,1.00,1.00,1.00,1.00,1.00,1.00,1.00,"",1,0.7,56,2.4,25,1.1,27,1.1,372835,2.4,16247,0.3,-12241,-12.2,5,1.0
"02158","1","10","71","0","2017","4","",11,19,18,18,163774,0,0,687,"",12.83,0.41,0.40,0.39,0.38,0.00,0.00,0.94,"",0,0.0,1,5.6,-1,-5.3,0,0.0,3309,2.1,0,0.0,0,0.0,14,2.1
"02158","2","10","71","0","2017","4","",26,28,27,31,480775,0,0,1290,"",25.95,0.36,0.36,0.41,0.93,0.00,0.00,2.47,"",-2,-7.1,-4,-12.5,1,3.8,1,3.3,41840,9.5,0,0.0,0,0.0,139,12.1
"02158","3","10","71","0","2017","4","",46,1610,1603,1646,9689427,2238028,40347,460,"",18.93,6.78,6.95,6.93,7.13,22.31,86.82,1.03,"",1,2.2,-8,-0.5,-20,-1.2,-16,-1.0,-114110,-1.2,-66026,-2.9,-7116,-15.0,-1,-0.2
"02158","5","10","71","0","2017","4","",60,739,675,704,5474853,2830287,47952,597,"",0.43,0.36,0.34,0.35,0.41,0.58,0.55,1.16,"",2,3.4,67,10.0,45,7.1,42,6.3,441796,8.8,82273,3.0,-5125,-9.7,6,1.0
"02164","0","10","70","0","2017","4","",119,864,745,734,7701656,2999412,59881,759,"",1.00,1.00,1.00,1.00,1.00,1.00,1.00,1.00,"",-13,-9.8,17,2.0,5,0.7,42,6.1,1082258,16.3,87685,3.0,-10001,-14.3,89,13.3
"02164","1","10","71","0","2017","4","",10,37,27,26,324358,0,0,832,"",14.01,2.22,1.89,1.84,1.53,0.00,0.00,0.77,"",-1,-9.1,-5,-11.9,-5,-15.6,0,0.0,17994,5.9,0,0.0,0,0.0,125,17.7
"02164","2","10","71","0","2017","4","N",8,0,0,0,0,0,0,0,"N",9.59,0,0,0,0,0,0,0,"N",-2,-20.0,0,0,0,0,0,0,0,0,0,0,0,0,0,0
"02164","3","10","71","0","2017","4","N",36,0,0,0,0,0,0,0,"N",17.80,0,0,0,0,0,0,0,"N",-3,-7.7,0,0,0,0,0,0,0,0,0,0,0,0,0,0
"02164","5","10","71","0","2017","4","",65,435,314,297,4592066,1964584,40613,1013,"",0.56,0.59,0.50,0.48,0.70,0.68,0.68,1.33,"",-7,-9.7,70,19.2,36,12.9,18,6.5,1060237,30.0,65404,3.4,-6537,-13.9,129,14.6
"02170","0","10","70","0","2017","4","",2107,23336,22734,22521,243254746,86423842,1474287,818,"",1.00,1.00,1.00,1.00,1.00,1.00,1.00,1.00,"",-20,-0.9,-93,-0.4,-132,-0.6,-234,-1.0,2423680,1.0,1332232,1.6,-128804,-8.0,13,1.6
"02170","1","10","71","0","2017","4","",19,205,208,215,4553203,0,0,1673,"",1.50,0.46,0.48,0.50,0.68,0.00,0.00,1.43,"",0,0.0,-29,-12.4,-17,-7.6,-11,-4.9,-41146,-0.9,0,0.0,0,0.0,125,8.1
"02170","2","10","71","0","2017","4","",51,1392,1361,1372,18399403,11638,175,1029,"",3.45,1.86,1.87,1.91,2.32,0.01,0.09,1.23,"",-10,-16.4,-82,-5.6,-96,-6.6,-30,-2.1,-1140702,-5.8,180,1.6,3,1.7,-12,-1.2
"02170","3","10","71","0","2017","4","",7,3825,3853,3862,41045914,791529,12193,821,"",0.20,1.65,1.71,1.73,1.96,0.46,1.57,1.16,"",0,0.0,-70,-1.8,-62,-1.6,-73,-1.9,-386215,-0.9,39948,5.3,-707,-5.5,7,0.9
"02170","5","10","71","0","2017","4","",2030,17914,17312,17072,179256226,85620675,1461919,791,"",0.99,0.90,0.90,0.89,0.86,1.02,1.00,0.96,"",-10,-0.5,88,0.5,43,0.2,-120,-0.7,3991743,2.3,1292104,1.5,-128100,-8.1,17,2.2
"02180","0","10","70","0","2017","4","",305,4004,3856,3862,47601201,11652321,198450,937,"",1.00,1.00,1.00,1.00,1.00,1.00,1.00,1.00,"",-7,-2.2,66,1.7,92,2.4,87,2.3,1694332,3.7,-206505,-1.7,-37497,-15.9,14,1.5
"02180","1","10","71","0","2017","4","",22,55,53,50,768546,0,0,1123,"",12.03,0.71,0.72,0.67,0.59,0.00,0.00,0.84,"",0,0.0,13,31.0,6,12.8,8,19.0,130540,20.5,0,0.0,0,0.0,-1,-0.1
"02180","2","10","71","0","2017","4","",33,211,213,211,3780323,5443,82,1374,"",15.44,1.64,1.72,1.71,2.43,0.04,0.31,1.44,"",-4,-10.8,-17,-7.5,-6,-2.7,4,1.9,-148306,-3.8,84,1.6,2,2.5,-12,-0.9
"02180","3","10","71","0","2017","4","",64,1456,1469,1484,14485922,2480486,44154,758,"",12.35,3.67,3.84,3.88,3.54,10.75,42.28,0.93,"",1,1.6,-17,-1.2,-28,-1.9,5,0.3,-119030,-0.8,115370,4.9,-10582,-19.3,0,0.0
"02180","5","10","71","0","2017","4","",186,2282,2121,2117,28566410,9166392,154214,1011,"",0.63,0.67,0.65,0.64,0.70,0.81,0.78,1.07,"",-4,-2.1,87,4.0,120,6.0,70,3.4,1831128,6.8,-321959,-3.4,-26917,-14.9,23,2.3
"02185","0","10","70","0","2017","4","",240,11942,11744,11872,291036379,32361825,527179,1889,"",1.00,1.00,1.00,1.00,1.00,1.00,1.00,1.00,"",-4,-1.6,-1109,-8.5,-1204,-9.3,-1306,-9.9,-26452084,-8.3,-5061496,-13.5,-129970,-19.8,19,1.0
"02185","1","10","71","0","2017","4","",9,17,19,19,306469,0,0,1286,"",6.25,0.07,0.08,0.08,0.04,0.00,0.00,0.48,"",0,0.0,-2,-10.5,-1,-5.0,-2,-9.5,-18909,-5.8,0,0.0,0,0.0,35,2.8
"02185","2","10","71","0","2017","4","",18,53,54,56,888099,0,0,1257,"",10.70,0.14,0.14,0.15,0.09,0.00,0.00,0.65,"",-6,-25.0,-4,-7.0,3,5.9,3,5.7,-19552,-2.2,0,0.0,0,0.0,-44,-3.4
"02185","3","10","71","0","2017","4","",32,2008,2017,2013,33036002,5414433,85252,1263,"",7.84,1.70,1.73,1.71,1.32,8.45,30.73,0.77,"",0,0.0,-5,-0.2,-13,-0.6,24,1.2,2266640,7.4,-8211,-0.2,-18572,-17.9,86,7.3
"02185","5","10","71","0","2017","4","",181,9864,9654,9784,256805809,26947392,441927,2022,"",0.78,0.97,0.97,0.97,1.03,0.86,0.84,1.06,"",2,1.1,-1098,-10.0,-1193,-11.0,-1331,-12.0,-28680263,-10.0,-5053285,-15.8,-111398,-20.1,21,1.0
"02188","0","10","70","0","2017","4","",164,2923,2816,2860,48789893,8538841,233931,1309,"",1.00,1.00,1.00,1.00,1.00,1.00,1.00,1.00,"",-5,-3.0,110,3.9,78,2.8,34,1.2,3567518,7.9,357133,4.4,77977,50.0,63,5.1
"02188","1","10","71","0","2017","4","",13,36,37,37,495999,0,0,1041,"",13.22,0.64,0.69,0.67,0.37,0.00,0.00,0.56,"",0,0.0,-11,-23.4,-4,-9.8,-2,-5.1,-2982,-0.6,0,0.0,0,0.0,134,14.8
"02188","2","10","71","0","2017","4","",19,57,54,54,1174751,0,0,1643,"",16.53,0.61,0.60,0.59,0.74,0.00,0.00,1.23,"",-3,-13.6,-1,-1.7,-3,-5.3,-2,-3.6,-4553,-0.4,0,0.0,0,0.0,51,3.2
"02188","3","10","71","0","2017","4","",46,993,979,952,10744843,1985870,36881,848,"",16.50,3.43,3.50,3.36,2.56,11.75,29.96,0.75,"",1,2.2,64,6.9,55,6.0,40,4.4,551940,5.4,94575,5.0,-3371,-8.4,-3,-0.4
"02188","5","10","71","0","2017","4","",86,1837,1746,1817,36374300,6552971,197050,1554,"",0.54,0.74,0.73,0.75,0.87,0.79,0.85,1.18,"",-3,-3.4,58,3.3,30,1.7,-2,-0.1,3023113,9.1,262558,4.2,81348,70.3,106,7.3
"02195","0","10","70","0","2017","4","",167,1187,1114,1145,12285854,4036507,73149,823,"",1.00,1.00,1.00,1.00,1.00,1.00,1.00,1.00,"",1,0.6,9,0.8,15,1.4,76,7.1,390650,3.3,248178,6.6,-16615,-18.5,3,0.4
"02195","1","10","71","0","2017","4","",5,89,81,81,1585848,0,0,1458,"",4.99,3.90,3.80,3.67,4.70,0.00,0.00,1.24,"",0,0.0,-13,-12.7,-23,-22.1,-7,-8.0,-245862,-13.4,0,0.0,0,0.0,20,1.4
"02195","2","10","71","0","2017","4","",10,38,38,36,477126,1314,20,983,"",8.55,1.00,1.06,0.99,1.19,0.03,0.21,1.17,"",-1,-9.1,-1,-2.6,2,5.6,1,2.9,-16575,-3.4,21,1.6,1,5.3,-53,-5.1
"02195","3","10","71","0","2017","4","",5,345,360,361,4207104,637971,10116,911,"",1.76,2.93,3.25,3.19,3.98,7.98,26.28,1.28,"",0,0.0,-8,-2.3,11,3.2,10,2.8,22112,0.5,-50830,-7.4,-1245,-11.0,-6,-0.7
"02195","5","10","71","0","2017","4","",147,715,635,667,6015776,3397222,63013,688,"",0.91,0.71,0.67,0.69,0.57,0.87,0.87,0.83,"",2,1.4,31,4.5,25,4.1,72,12.1,630975,11.7,298987,9.7,-15371,-19.6,30,4.6
"02198","0","10","70","0","2017","4","",225,2175,2039,2048,21320068,7261164,128277,786,"",1.00,1.00,1.00,1.00,1.00,1.00,1.00,1.00,"",-12,-5.1,178,8.9,84,4.3,118,6.1,1859906,9.6,641762,9.7,-2742,-2.1,23,3.0
"02198","1","10","71","0","2017","4","",11,99,88,87,1400897,0,0,1180,"",8.15,2.36,2.26,2.21,2.39,0.00,0.00,1.05,"",0,0.0,16,19.3,8,10.0,8,10.1,102894,7.9,0,0.0,0,0.0,-58,-4.7
"02198","2","10","71","0","2017","4","N",18,0,0,0,0,0,0,0,"N",11.42,0,0,0,0,0,0,0,"N",-6,-25.0,0,0,0,0,0,0,0,0,0,0,0,0,0,0
"02198","3","10","71","0","2017","4","N",35,0,0,0,0,0,0,0,"N",9.15,0,0,0,0,0,0,0,"N",-2,-5.4,0,0,0,0,0,0,0,0,0,0,0,0,0,0
"02198","5","10","71","0","2017","4","",161,1068,974,969,9679603,4525298,85206,742,"",0.74,0.58,0.56,0.56,0.53,0.64,0.67,0.94,"",-4,-2.4,145,15.7,53,5.8,101,11.6,1520454,18.6,801766,21.5,6855,8.7,48,6.9
"02220","0","10","70","0","2017","4","",367,3917,3740,3745,42888784,11244261,207955,868,"",1.00,1.00,1.00,1.00,1.00,1.00,1.00,1.00,"",-14,-3.7,117,3.1,42,1.1,59,1.6,1753128,4.3,445215,4.1,-22967,-9.9,19,2.2
"02220","1","10","71","0","2017","4","",10,116,112,114,2203790,0,0,1487,"",4.54,1.54,1.56,1.58,1.87,0.00,0.00,1.20,"",0,0.0,-3,-2.5,-6,-5.1,7,6.5,18074,0.8,0,0.0,0,0.0,21,1.4
"02220","2","10","71","0","2017","4","",17,306,316,295,3577819,5869,88,900,"",6.61,2.43,2.64,2.47,2.56,0.04,0.32,1.02,"",-2,-10.5,-12,-3.8,1,0.3,-5,-1.7,-161004,-4.3,90,1.6,1,1.1,-25,-2.7
"02220","3","10","71","0","2017","4","",4,695,691,686,9694150,366148,5529,1080,"",0.64,1.79,1.86,1.85,2.63,1.64,5.05,1.43,"",0,0.0,30,4.5,3,0.4,3,0.4,41023,0.4,-44056,-10.7,-665,-10.7,-14,-1.3
"02220","5","10","71","0","2017","4","",336,2800,2621,2650,27413025,10872244,202338,784,"",0.94,0.84,0.82,0.83,0.75,1.00,0.98,0.90,"",-12,-3.4,102,3.8,44,1.7,54,2.1,1855035,7.3,489181,4.7,-22303,-9.9,35,4.7
"02230","0","10","70","0","2017","4","",134,849,470,454,6219178,2552196,51751,809,"",1.00,1.00,1.00,1.00,1.00,1.00,1.00,1.00,"",2,1.5,46,5.7,12,2.6,-9,-1.9,335986,5.7,-15227,-0.6,-7473,-12.6,21,2.7
"02230","1","10","71","0","2017","4","",4,57,51,51,862244,0,0,1251,"",4.98,3.49,5.67,5.83,5.04,0.00,0.00,1.08,"",0,0.0,8,16.3,10,24.4,8,18.6,133192,18.3,0,0.0,0,0.0,-14,-1.1
"02230","2","10","71","0","2017","4","N",5,0,0,0,0,0,0,0,"N",5.33,0,0,0,0,0,0,0,"N",-1,-16.7,0,0,0,0,0,0,0,0,0,0,0,0,0,0
"02230","3","10","71","0","2017","4","N",2,0,0,0,0,0,0,0,"N",0.88,0,0,0,0,0,0,0,"N",0,0.0,0,0,0,0,0,0,0,0,0,0,0,0,0,0
"02230","5","10","71","0","2017","4","",123,673,296,285,3882219,2315299,48198,714,"",0.95,0.93,0.74,0.74,0.73,0.94,0.94,0.88,"",3,2.5,50,8.0,9,3.1,-15,-5.0,229253,6.3,25659,1.1,-6859,-12.5,17,2.4
"02240","0","10","70","0","2017","4","",257,2437,2399,2347,40576794,6386507,117801,1304,"",1.00,1.00,1.00,1.00,1.00,1.00,1.00,1.00,"",2,0.8,-32,-1.3,-27,-1.1,-48,-2.0,968196,2.4,797882,14.3,-2334,-1.9,50,4.0
"02240","1","10","71","0","2017","4","",25,380,385,397,7064959,0,0,1403,"",16.22,8.10,8.39,8.78,6.33,0.00,0.00,0.75,"",-1,-3.8,-29,-7.1,-17,-4.2,-10,-2.5,-134610,-1.9,0,0.0,0,0.0,39,2.9
"02240","2","10","71","0","2017","4","",28,113,101,101,1405706,0,0,1030,"",15.55,1.44,1.31,1.35,1.06,0.00,0.00,0.77,"",-6,-17.6,1,0.9,0,0.0,1,1.0,-9056,-0.6,0,0.0,0,0.0,-13,-1.2
"02240","3","10","71","0","2017","4","",15,350,351,339,3436136,539070,11904,762,"",3.43,1.45,1.47,1.46,0.98,4.26,19.20,0.67,"",0,0.0,19,5.7,22,6.7,12,3.7,283835,9.0,209396,63.5,4061,51.8,25,3.4
"02240","5","10","71","0","2017","4","",189,1594,1562,1510,28669993,5847437,105897,1418,"",0.76,0.77,0.77,0.76,0.83,0.95,0.90,1.08,"",9,5.0,-23,-1.4,-32,-2.0,-51,-3.3,828027,3.0,588486,11.2,-6395,-5.7,72,5.3
"02261","0","10","70","0","2017","4","",545,4401,4071,3954,59870213,11831394,211166,1112,"",1.00,1.00,1.00,1.00,1.00,1.00,1.00,1.00,"",-13,-2.3,70,1.6,167,4.3,104,2.7,2410805,4.2,686318,6.2,-15982,-7.0,15,1.4
"02261","1","10","71","0","2017","4","",16,132,116,115,2132490,0,0,1356,"",4.89,1.56,1.49,1.51,1.30,0.00,0.00,0.85,"",0,0.0,-5,-3.6,7,6.4,1,0.9,102944,5.1,0,0.0,0,0.0,55,4.2
"02261","2","10","71","0","2017","4","",46,266,268,258,3556393,7440,111,1036,"",12.05,1.88,2.06,2.05,1.82,0.05,0.40,0.91,"",-12,-20.7,-8,-2.9,8,3.1,4,1.6,-374927,-9.5,115,1.6,2,1.8,-115,-10.0
"02261","3","10","71","0","2017","4","",27,841,847,846,9741593,1158057,19520,887,"",2.91,1.93,2.10,2.16,1.89,4.94,17.56,0.92,"",-1,-3.6,-5,-0.6,9,1.1,10,1.2,419862,4.5,-39347,-3.3,-3178,-14.0,33,3.9
"02261","5","10","71","0","2017","4","",456,3162,2840,2735,44439737,10665897,191535,1174,"",0.86,0.85,0.82,0.81,0.87,0.93,0.91,1.05,"",0,0.0,88,2.9,143,5.3,89,3.4,2262926,5.4,725550,7.3,-12806,-6.3,18,1.6
"02275","0","10","70","0","2017","4","",94,831,799,782,7934498,1848214,35249,759,"",1.00,1.00,1.00,1.00,1.00,1.00,1.00,1.00,"",-1,-1.1,13,1.6,18,2.3,-6,-0.8,554617,7.5,-420359,-18.5,-9306,-20.9,46,6.5
"02275","1","10","71","0","2017","4","",5,45,39,40,705831,0,0,1314,"",8.87,2.81,2.55,2.66,3.24,0.00,0.00,1.21,"",0,0.0,4,9.8,-2,-4.9,1,2.6,-25224,-3.5,0,0.0,0,0.0,-80,-5.7
"02275","2","10","71","0","2017","4","",8,16,17,18,200824,5600,84,909,"",12.15,0.60,0.66,0.72,0.78,0.24,1.81,1.17,"",0,0.0,-1,-5.9,0,0.0,1,5.9,5648,2.9,87,1.6,1,1.2,26,2.9
"02275","3","10","71","0","2017","4","",5,258,282,287,2975346,30877,652,830,"",3.13,3.13,3.55,3.71,4.36,0.84,3.51,1.26,"",0,0.0,4,1.6,42,17.5,15,5.5,452965,18.0,15089,95.6,253,63.4,70,9.2
"02275","5","10","71","0","2017","4","",76,512,461,437,4052497,1811737,34513,663,"",0.83,0.73,0.68,0.66,0.60,1.01,0.99,0.87,"",-1,-1.3,6,1.2,-22,-4.6,-23,-5.0,121228,3.1,-435535,-19.4,-9560,-21.7,37,5.9
"02282","0","10","70","0","2017","4","",42,252,212,213,2345815,866301,15499,800,"",1.00,1.00,1.00,1.00,1.00,1.00,1.00,1.00,"",-3,-6.7,9,3.7,-5,-2.3,-6,-2.7,19924,0.9,1034,0.1,-1346,-8.0,10,1.3
"02282","1","10","71","0","2017","4","",6,26,22,22,407343,0,0,1343,"",23.82,5.36,5.42,5.36,6.32,0.00,0.00,1.17,"",0,0.0,3,13.0,1,4.8,1,4.8,-24416,-5.7,0,0.0,0,0.0,-190,-12.4
"02282","2","10","71","0","2017","4","N",4,0,0,0,0,0,0,0,"N",13.59,0,0,0,0,0,0,0,"N",-1,-20.0,0,0,0,0,0,0,0,0,0,0,0,0,0,0
"02282","3","10","71","0","2017","4","N",4,0,0,0,0,0,0,0,"N",5.60,0,0,0,0,0,0,0,"N",-1,-20.0,0,0,0,0,0,0,0,0,0,0,0,0,0,0
"02282","5","10","71","0","2017","4","",28,125,93,93,799889,464633,8776,594,"",0.69,0.58,0.52,0.51,0.40,0.55,0.57,0.74,"",-1,-3.4,3,2.5,-3,-3.1,-1,-1.1,81644,11.4,78467,20.3,626,7.7,63,11.9
"02290","0","10","70","0","2017","4","",272,2188,2161,2089,19185172,5212188,98689,688,"",1.00,1.00,1.00,1.00,1.00,1.00,1.00,1.00,"",-13,-4.6,79,3.7,129,6.3,47,2.3,-886681,-4.4,-3870,-0.1,-21994,-18.2,-61,-8.1
"02290","1","10","71","0","2017","4","",27,64,60,65,754071,0,0,921,"",16.55,1.52,1.45,1.62,1.43,0.00,0.00,0.94,"",-3,-10.0,4,6.7,3,5.3,-2,-3.0,12416,1.7,0,0.0,0,0.0,-9,-1.0
"02290","2","10","71","0","2017","4","",47,84,78,79,1258074,0,0,1205,"",24.66,1.20,1.13,1.19,2.01,0.00,0.00,1.72,"",-13,-21.7,1,1.2,-1,-1.3,3,3.9,35997,2.9,0,0.0,0,0.0,20,1.7
"02290","3","10","71","0","2017","4","",78,1344,1355,1305,10114736,2817420,54743,583,"",16.87,6.20,6.31,6.31,6.13,27.31,105.40,0.98,"",-4,-4.9,46,3.5,83,6.5,10,0.8,43853,0.4,-169495,-5.7,-17526,-24.3,-18,-3.0
"02290","5","10","71","0","2017","4","",120,696,668,640,7058291,2394768,43946,813,"",0.45,0.37,0.36,0.36,0.43,0.47,0.45,1.18,"",7,6.2,28,4.2,44,7.1,36,6.0,-978947,-12.2,165625,7.4,-4468,-9.2,-165,-16.9
"02999","0","10","70","0","2017","4","",631,1782,1754,1696,26619030,8804294,155255,1174,"",1.00,1.00,1.00,1.00,1.00,1.00,1.00,1.00,"",-99,-13.6,-100,-5.3,-146,-7.7,-173,-9.3,-2117252,-7.4,-1791917,-16.9,-69917,-31.1,0,0.0
"02999","1","10","71","0","2017","4","",28,75,82,82,1650481,0,0,1594,"",7.40,2.19,2.44,2.51,2.26,0.00,0.00,0.95,"",0,0.0,-11,-12.8,7,9.3,7,9.3,206107,14.3,0,0.0,0,0.0,182,12.9
"02999","2","10","71","0","2017","4","",45,134,138,125,1385032,0,0,805,"",10.18,2.34,2.46,2.31,1.59,0.00,0.00,0.67,"",-6,-11.8,-21,-13.5,-25,-15.3,-28,-18.3,-269179,-16.3,0,0.0,0,0.0,-5,-0.6
"02999","5","10","71","0","2017","4","",558,1573,1534,1489,23583517,8804294,155255,1184,"",0.91,1.04,1.03,1.03,1.04,1.03,1.01,1.00,"",-93,-14.3,-68,-4.1,-128,-7.7,-152,-9.3,-2054180,-8.0,-1791917,-16.9,-69917,-31.1,-13,-1.1
"04000","0","10","50","0","2017","4","",160809,2793925,2827927,2837219,35831034031,2139007485,51859210,977,"",1.00,1.00,1.00,1.00,1.00,1.00,1.00,1.00,"",5664,3.7,67272,2.5,74365,2.7,75040,2.7,2092366669,6.2,117748584,5.8,2709843,5.5,32,3.4
"04000","1","10","51","0","2017","4","",795,55795,55526,55663,1059765241,0,0,1465,"",0.82,1.04,1.03,1.02,1.08,0.00,0.00,1.05,"",-6,-0.7,187,0.3,65,0.1,-106,-0.2,29822104,2.9,0,0.0,0,0.0,40,2.8
"04000","2","10","51","0","2017","4","",333,69021,68319,67755,906168782,62327,1378,1020,"",0.30,0.77,0.75,0.75,0.77,0.00,0.02,1.02,"",-5,-1.5,1473,2.2,408,0.6,1047,1.6,40851137,4.7,38137,157.7,976,242.8,32,3.2
"04000","3","10","51","0","2017","4","",1532,276695,278451,276760,3183914428,15301353,354217,883,"",0.56,1.00,0.99,0.99,1.03,0.36,1.30,1.04,"",-5,-0.3,199,0.1,217,0.1,-856,-0.3,86359631,2.8,-155312,-1.0,-4483,-1.2,24,2.8
"04000","5","10","51","0","2017","4","",158149,2392414,2425631,2437041,30681185580,2123643805,51503615,976,"",1.01,1.01,1.01,1.01,1.00,1.03,1.00,0.99,"",5680,3.7,65413,2.8,73675,3.1,74955,3.2,1935333797,6.7,117865759,5.9,2713350,5.6,34,3.6
"04000","8","10","96","0","2017","4","",2660,401511,402296,400178,5149848451,15363680,355595,987,"",0.55,0.96,0.95,0.94,0.98,0.22,1.04,1.04,"",-16,-0.6,1859,0.5,690,0.2,85,0.0,157032872,3.1,-117175,-0.8,-3507,-1.0,28,2.9
"04001","0","10","70","0","2017","4","",599,18127,18025,18062,195948269,6152629,246986,834,"",1.00,1.00,1.00,1.00,1.00,1.00,1.00,1.00,"",17,2.9,297,1.7,235,1.3,67,0.4,12738508,7.0,259252,4.4,44371,21.9,45,5.7
"04001","1","10","71","0","2017","4","",46,2573,2594,2589,38245627,0,0,1138,"",12.80,7.37,7.52,7.44,7.10,0.00,0.00,0.95,"",-1,-2.1,-1,0.0,12,0.5,-4,-0.2,1532841,4.2,0,0.0,0,0.0,45,4.1
"04001","2","10","71","0","2017","4","",8,221,220,221,2138884,0,0,746,"",1.91,0.38,0.38,0.38,0.33,0.00,0.00,0.88,"",-2,-20.0,-1,-0.5,-8,-3.5,-4,-1.8,-102615,-4.6,0,0.0,0,0.0,-20,-2.6
"04001","3","10","71","0","2017","4","",97,7906,7922,7996,77264121,781320,34989,748,"",9.53,4.40,4.43,4.47,4.59,6.41,26.92,1.03,"",0,0.0,154,2.0,81,1.0,-103,-1.3,2303203,3.1,-66246,-7.8,2122,6.5,18,2.5
"04001","5","10","71","0","2017","4","",448,7427,7289,7256,78299637,5371309,211997,822,"",0.77,0.48,0.48,0.47,0.47,0.90,0.86,0.98,"",20,4.7,145,2.0,150,2.1,178,2.5,9005079,13.0,325498,6.5,42249,24.9,78,10.5
"04003","0","10","70","0","2017","4","",2254,33596,33692,33645,377297290,20090901,523393,863,"",1.00,1.00,1.00,1.00,1.00,1.00,1.00,1.00,"",11,0.5,-889,-2.6,-941,-2.7,-1169,-3.4,4978760,1.3,-531339,-2.6,-64152,-10.9,36,4.4
"04003","1","10","71","0","2017","4","",65,4682,4677,4660,91975679,0,0,1514,"",4.81,7.24,7.25,7.19,8.87,0.00,0.00,1.23,"",0,0.0,-244,-5.0,-229,-4.7,-259,-5.3,-2238631,-2.4,0,0.0,0,0.0,40,2.7
"04003","2","10","71","0","2017","4","",12,920,920,927,9342397,0,0,779,"",0.76,0.85,0.85,0.86,0.76,0.00,0.00,0.89,"",-1,-7.7,-124,-11.9,-133,-12.6,-122,-11.6,-959768,-9.3,0,0.0,0,0.0,23,3.0
"04003","3","10","71","0","2017","4","",149,5372,5374,5406,50284785,358385,6074,718,"",3.89,1.61,1.61,1.62,1.55,0.90,2.21,0.96,"",-5,-3.2,-148,-2.7,-177,-3.2,-150,-2.7,344752,0.7,179579,100.4,3302,119.1,25,3.6
"04003","5","10","71","0","2017","4","",2028,22622,22721,22652,225694429,19732516,517319,766,"",0.93,0.79,0.79,0.79,0.70,1.02,0.99,0.88,"",17,0.8,-373,-1.6,-402,-1.7,-638,-2.7,7832407,3.6,-710918,-3.5,-67454,-11.5,42,5.8
"04005","0","10","70","0","2017","4","",3411,63766,62883,62475,662378083,42485507,906399,808,"",1.00,1.00,1.00,1.00,1.00,1.00,1.00,1.00,"",73,2.2,1028,1.6,1047,1.7,1345,2.2,31636668,5.0,3695907,9.5,105735,13.2,24,3.1
"04005","1","10","71","0","2017","4","",58,2747,2666,2613,43039360,0,0,1237,"",2.83,2.24,2.22,2.17,2.36,0.00,0.00,1.07,"",-1,-1.7,-64,-2.3,-58,-2.1,-13,-0.5,607134,1.4,0,0.0,0,0.0,37,3.1
"04005","2","10","71","0","2017","4","",23,5041,5022,5006,60794106,0,0,931,"",0.96,2.46,2.49,2.51,2.81,0.00,0.00,1.13,"",0,0.0,146,3.0,135,2.8,148,3.0,3096638,5.4,0,0.0,0,0.0,22,2.4
"04005","3","10","71","0","2017","4","",96,8178,8172,8190,103987624,1139861,28572,978,"",1.66,1.29,1.31,1.32,1.83,1.36,5.99,1.40,"",1,1.1,-37,-0.5,-62,-0.8,32,0.4,7363602,7.6,-121857,-9.7,-8635,-23.2,72,7.9
"04005","5","10","71","0","2017","4","",3234,47800,47023,46666,454556993,41345646,877827,741,"",0.98,0.88,0.88,0.88,0.80,1.01,0.97,0.91,"",73,2.3,983,2.1,1032,2.2,1178,2.6,20569294,4.7,3817764,10.2,114370,15.0,17,2.3
"04007","0","10","70","0","2017","4","",970,14915,14782,14813,153274955,8899118,227656,795,"",1.00,1.00,1.00,1.00,1.00,1.00,1.00,1.00,"",2,0.2,108,0.7,-56,-0.4,-25,-0.2,8935463,6.2,-777362,-8.0,-35765,-13.6,46,6.1
"04007","1","10","71","0","2017","4","",23,264,267,245,4004993,0,0,1191,"",3.95,0.92,0.94,0.86,0.95,0.00,0.00,1.05,"",0,0.0,-67,-20.2,-33,-11.0,-39,-13.7,-614696,-13.3,0,0.0,0,0.0,26,2.2
"04007","2","10","71","0","2017","4","",10,272,270,268,2971889,0,0,847,"",1.47,0.57,0.57,0.57,0.59,0.00,0.00,1.04,"",0,0.0,-16,-5.6,-21,-7.2,-20,-6.9,-55319,-1.8,0,0.0,0,0.0,41,5.1
"04007","3","10","71","0","2017","4","",62,4828,4872,4872,46253905,1763446,72519,732,"",3.76,3.27,3.32,3.32,3.51,10.01,60.53,1.06,"",-1,-1.6,141,3.0,141,3.0,114,2.4,3892108,9.2,-152747,-8.0,3232,4.7,42,6.1
"04007","5","10","71","0","2017","4","",875,9551,9373,9428,100044168,7135672,155137,814,"",0.93,0.75,0.75,0.75,0.76,0.83,0.69,1.02,"",3,0.3,50,0.5,-143,-1.5,-80,-0.8,5713370,6.1,-624615,-8.0,-38997,-20.1,51,6.7
"04009","0","10","70","0","2017","4","",545,9090,9127,9050,92143618,4803549,127589,780,"",1.00,1.00,1.00,1.00,1.00,1.00,1.00,1.00,"",14,2.6,19,0.2,-87,-0.9,-163,-1.8,4670910,5.3,434957,10.0,16013,14.4,46,6.3
"04009","1","10","71","0","2017","4","",17,385,383,380,6405359,0,0,1288,"",5.20,2.20,2.19,2.18,2.53,0.00,0.00,1.15,"",-1,-5.6,-13,-3.3,-7,-1.8,-13,-3.3,135501,2.2,0,0.0,0,0.0,63,5.1
"04009","2","10","71","0","2017","4","",7,463,482,485,4824461,0,0,779,"",1.83,1.59,1.65,1.68,1.60,0.00,0.00,0.98,"",0,0.0,85,22.5,108,28.9,116,31.4,1023915,26.9,0,0.0,0,0.0,-3,-0.4
"04009","3","10","71","0","2017","4","",50,2128,2122,2082,19821937,22015,0,722,"",5.40,2.36,2.34,2.32,2.50,0.23,0.00,1.07,"",0,0.0,-252,-10.6,-200,-8.6,-236,-10.2,465190,2.4,11914,117.9,0,0.0,86,13.5
"04009","5","10","71","0","2017","4","",471,6114,6140,6103,61091861,4781534,127589,768,"",0.89,0.79,0.79,0.79,0.78,1.03,1.01,0.98,"",15,3.3,199,3.4,12,0.2,-30,-0.5,3046304,5.2,423043,9.7,16013,14.4,31,4.2
"04011","0","10","70","0","2017","4","",104,4562,4595,4631,76674179,1799209,54703,1283,"",1.00,1.00,1.00,1.00,1.00,1.00,1.00,1.00,"",0,0.0,234,5.4,247,5.7,277,6.4,5186490,7.3,298395,19.9,3947,7.8,17,1.3
"04011","1","10","71","0","2017","4","",6,32,29,27,370408,0,0,971,"",9.62,0.36,0.33,0.30,0.18,0.00,0.00,0.53,"",0,0.0,-5,-13.5,-3,-9.4,-4,-12.9,-51938,-12.3,0,0.0,0,0.0,-4,-0.4
"04011","2","10","71","0","2017","4","",3,14,14,14,132231,0,0,727,"",4.12,0.10,0.10,0.09,0.05,0.00,0.00,0.56,"",0,0.0,4,40.0,4,40.0,4,40.0,22001,20.0,0,0.0,0,0.0,-121,-14.3
"04011","3","10","71","0","2017","4","",14,563,542,537,4919452,33006,784,691,"",7.92,1.25,1.19,1.17,0.75,0.93,2.72,0.62,"",0,0.0,58,11.5,56,11.5,46,9.4,180801,3.8,8734,36.0,531,209.9,-47,-6.4
"04011","5","10","71","0","2017","4","",81,3953,4010,4053,71252088,1766203,53919,1368,"",0.80,1.02,1.03,1.03,1.09,1.01,0.99,1.06,"",0,0.0,177,4.7,190,5.0,231,6.0,5035626,7.6,289661,19.6,3416,6.8,30,2.2
"04012","0","10","70","0","2017","4","",358,5668,5589,5583,52153783,3556344,93762,715,"",1.00,1.00,1.00,1.00,1.00,1.00,1.00,1.00,"",1,0.3,96,1.7,27,0.5,9,0.2,3842422,8.0,376791,11.9,9687,11.5,48,7.2
"04012","1","10","71","0","2017","4","",14,318,317,326,5639293,0,0,1354,"",6.52,2.91,2.96,3.03,3.93,0.00,0.00,1.32,"",-2,-12.5,-24,-7.0,-20,-5.9,-7,-2.1,-42098,-0.7,0,0.0,0,0.0,58,4.5
"04012","2","10","71","0","2017","4","",6,57,60,57,542305,0,0,719,"",2.39,0.31,0.34,0.32,0.32,0.00,0.00,0.99,"",0,0.0,-7,-10.9,-5,-7.7,-5,-8.1,-32637,-5.7,0,0.0,0,0.0,24,3.5
"04012","3","10","71","0","2017","4","",36,1785,1779,1782,16520150,439187,11018,713,"",5.92,3.18,3.21,3.23,3.68,6.24,22.33,1.15,"",0,0.0,-76,-4.1,-111,-5.9,-102,-5.4,-485250,-2.9,-43948,-9.1,-3839,-25.8,17,2.4
"04012","5","10","71","0","2017","4","",302,3508,3433,3418,29452035,3117157,82744,656,"",0.87,0.73,0.72,0.72,0.66,0.91,0.89,0.91,"",3,1.0,203,6.1,163,5.0,123,3.7,4402407,17.6,420739,15.6,13526,19.5,70,11.9
"04013","0","10","70","0","2017","4","",98612,1963983,1987211,1992822,26359420794,1557848903,35599595,1023,"",1.00,1.00,1.00,1.00,1.00,1.00,1.00,1.00,"",3243,3.4,59876,3.1,64144,3.3,65252,3.4,1584307489,6.4,95795056,6.6,1927839,5.7,30,3.0
"04013","1","10","71","0","2017","4","",191,21010,20985,21197,403458963,0,0,1473,"",0.32,0.56,0.55,0.55,0.56,0.00,0.00,1.01,"",-1,-0.5,390,1.9,251,1.2,187,0.9,12500372,3.2,0,0.0,0,0.0,26,1.8
"04013","2","10","71","0","2017","4","",131,38057,37261,36774,505525679,51360,1155,1041,"",0.19,0.60,0.59,0.58,0.59,0.00,0.02,1.00,"",-2,-1.5,748,2.0,-148,-0.4,291,0.8,23642732,4.9,28740,127.1,763,194.6,41,4.1
"04013","3","10","71","0","2017","4","",410,155949,156964,155533,1906469125,2674034,28931,939,"",0.24,0.80,0.80,0.79,0.84,0.09,0.15,1.06,"",2,0.5,554,0.4,691,0.4,-392,-0.3,41847528,2.2,-273934,-9.3,-4757,-14.1,19,2.1
"04013","5","10","71","0","2017","4","",97880,1748967,1772001,1779318,23543967027,1555123509,35569509,1025,"",1.02,1.05,1.05,1.05,1.05,1.03,1.01,1.00,"",3244,3.4,58184,3.4,63350,3.7,65166,3.8,1506316857,6.8,96040250,6.6,1931833,5.7,30,3.0
"04015","0","10","70","0","2017","4","",3740,49627,49893,49694,480920268,37029137,943860,744,"",1.00,1.00,1.00,1.00,1.00,1.00,1.00,1.00,"",55,1.5,1041,2.1,1044,2.1,1061,2.2,29677746,6.6,2910529,8.5,81539,9.5,31,4.3
"04015","1","10","71","0","2017","4","",33,448,440,439,7563402,0,0,1315,"",1.47,0.47,0.46,0.46,0.57,0.00,0.00,1.24,"",-1,-2.9,-4,-0.9,-4,-0.9,-5,-1.1,312060,4.3,0,0.0,0,0.0,66,5.3
"04015","2","10","71","0","2017","4","",13,521,519,534,5533668,0,0,811,"",0.50,0.33,0.32,0.34,0.35,0.00,0.00,1.07,"",0,0.0,44,9.2,2,0.4,26,5.1,283933,5.4,0,0.0,0,0.0,4,0.5
"04015","3","10","71","0","2017","4","",61,6705,6779,6552,70257077,1383781,26338,809,"",0.96,1.36,1.37,1.33,1.70,1.89,5.30,1.25,"",0,0.0,-147,-2.1,-90,-1.3,-88,-1.3,3750492,5.6,-121083,-8.0,-7220,-21.5,55,7.3
"04015","5","10","71","0","2017","4","",3633,41953,42155,42169,397566121,35645356,917522,727,"",1.00,1.00,0.99,1.00,0.97,0.99,0.98,0.97,"",56,1.6,1148,2.8,1136,2.8,1128,2.7,25331261,6.8,3031612,9.3,88759,10.7,28,4.0
"04017","0","10","70","0","2017","4","",1668,28130,27927,27809,276580408,16906078,456599,761,"",1.00,1.00,1.00,1.00,1.00,1.00,1.00,1.00,"",26,1.6,39,0.1,415,1.5,693,2.6,14493730,5.5,1853759,12.3,65825,16.8,30,4.1
"04017","1","10","71","0","2017","4","",46,1835,1826,1837,30129265,0,0,1265,"",4.60,3.39,3.42,3.43,3.96,0.00,0.00,1.16,"",0,0.0,95,5.5,107,6.2,123,7.2,3130092,11.6,0,0.0,0,0.0,61,5.1
"04017","2","10","71","0","2017","4","",13,723,715,714,8100313,0,0,869,"",1.11,0.80,0.80,0.81,0.90,0.00,0.00,1.12,"",0,0.0,37,5.4,22,3.2,30,4.4,583063,7.8,0,0.0,0,0.0,28,3.3
"04017","3","10","71","0","2017","4","",90,7043,7113,7056,61212622,777670,35055,666,"",3.17,2.53,2.56,2.56,2.57,2.32,14.59,1.01,"",0,0.0,-79,-1.1,-23,-0.3,-40,-0.6,194012,0.3,144460,22.8,14577,71.2,7,1.1
"04017","5","10","71","0","2017","4","",1519,18529,18273,18202,177138208,16128408,421544,743,"",0.94,0.78,0.77,0.77,0.75,0.99,0.93,0.97,"",26,1.7,-14,-0.1,309,1.7,580,3.3,10586563,6.4,1709299,11.9,51248,13.8,33,4.6
"04019","0","10","70","0","2017","4","",18829,367654,370603,372474,4294495562,239543669,5138212,892,"",1.00,1.00,1.00,1.00,1.00,1.00,1.00,1.00,"",186,1.0,4768,1.3,4665,1.3,5049,1.4,209337593,5.1,8031871,3.5,-60408,-1.2,32,3.7
"04019","1","10","71","0","2017","4","",105,12796,12708,12752,249672701,0,0,1506,"",0.93,1.81,1.79,1.78,2.12,0.00,0.00,1.18,"",-2,-1.9,25,0.2,-36,-0.3,-87,-0.7,8311956,3.4,0,0.0,0,0.0,54,3.7
"04019","2","10","71","0","2017","4","",43,17654,17742,17642,252075072,0,0,1097,"",0.33,1.50,1.49,1.49,1.80,0.00,0.00,1.21,"",-1,-2.3,635,3.7,569,3.3,637,3.7,12828346,5.4,0,0.0,0,0.0,19,1.8
"04019","3","10","71","0","2017","4","",84,40244,40622,40771,450837371,2260913,40637,855,"",0.26,1.10,1.10,1.11,1.22,0.48,1.50,1.10,"",-1,-1.2,73,0.2,22,0.1,188,0.5,14262958,3.3,72624,3.3,-10364,-20.3,25,3.0
"04019","5","10","71","0","2017","4","",18597,296960,299531,301309,3341910418,237282756,5097575,859,"",1.02,0.95,0.95,0.95,0.91,1.02,1.00,0.96,"",190,1.0,4035,1.4,4110,1.4,4311,1.5,173934333,5.5,7959247,3.5,-50044,-1.0,33,4.0
"04021","0","10","70","0","2017","4","",3209,60617,61754,62073,655319314,34780464,820617,820,"",1.00,1.00,1.00,1.00,1.00,1.00,1.00,1.00,"",-21,-0.7,-889,-1.4,-303,-0.5,-218,-0.3,26906266,4.3,1315390,3.9,58753,7.7,40,5.1
"04021","1","10","71","0","2017","4","",39,1588,1582,1583,33509387,0,0,1627,"",2.03,1.36,1.34,1.32,1.86,0.00,0.00,1.39,"",1,2.6,-43,-2.6,-46,-2.8,-60,-3.7,363961,1.1,0,0.0,0,0.0,67,4.3
"04021","2","10","71","0","2017","4","",12,2744,2759,2761,30397227,0,0,849,"",0.53,1.41,1.39,1.39,1.42,0.00,0.00,1.02,"",0,0.0,-77,-2.7,-76,-2.7,-65,-2.3,-122986,-0.4,0,0.0,0,0.0,19,2.3
"04021","3","10","71","0","2017","4","",127,15626,15724,15774,180909002,1063538,13760,886,"",2.33,2.60,2.56,2.57,3.21,1.54,3.19,1.25,"",-1,-0.8,27,0.2,66,0.4,60,0.4,7047800,4.1,229819,27.6,2007,17.1,32,3.7
"04021","5","10","71","0","2017","4","",3031,40659,41689,41955,410503698,33716926,806857,762,"",0.97,0.79,0.79,0.80,0.73,1.00,0.99,0.92,"",-21,-0.7,-796,-1.9,-247,-0.6,-153,-0.4,19617491,5.0,1085571,3.3,56746,7.6,43,6.0
"04023","0","10","70","0","2017","4","",1197,12799,13367,13595,156308904,8524357,309447,907,"",1.00,1.00,1.00,1.00,1.00,1.00,1.00,1.00,"",12,1.0,29,0.2,0,0.0,-41,-0.3,5326010,3.5,249165,3.0,30861,11.1,31,3.5
"04023","1","10","71","0","2017","4","",18,1562,1564,1550,39233681,0,0,1936,"",2.51,6.34,6.11,5.92,9.13,0.00,0.00,1.49,"",0,0.0,-38,-2.4,-26,-1.6,-21,-1.3,635249,1.6,0,0.0,0,0.0,65,3.5
"04023","2","10","71","0","2017","4","",9,122,125,128,1152176,0,0,709,"",1.07,0.30,0.29,0.30,0.23,0.00,0.00,0.77,"",0,0.0,-9,-6.9,-14,-10.1,-3,-2.3,-91445,-7.4,0,0.0,0,0.0,-7,-1.0
"04023","3","10","71","0","2017","4","",27,1987,1965,1990,18808529,175930,1606,730,"",1.33,1.57,1.48,1.48,1.40,1.04,0.99,0.93,"",0,0.0,-13,-0.6,-61,-3.0,-40,-2.0,-22382,-0.1,-103448,-37.0,-1221,-43.2,12,1.7
"04023","5","10","71","0","2017","4","",1143,9128,9713,9927,97114518,8348427,307841,779,"",0.98,0.84,0.86,0.86,0.73,1.01,1.00,0.85,"",12,1.1,89,1.0,101,1.1,23,0.2,4804588,5.2,352613,4.4,32082,11.6,33,4.4
"04025","0","10","70","0","2017","4","",5704,64072,64099,63742,635974605,46028708,989797,765,"",1.00,1.00,1.00,1.00,1.00,1.00,1.00,1.00,"",84,1.5,1503,2.4,1277,2.0,1297,2.1,33893111,5.6,1490825,3.3,34678,3.6,25,3.4
"04025","1","10","71","0","2017","4","",43,1551,1527,1515,29515517,0,0,1483,"",1.26,1.26,1.24,1.23,1.69,0.00,0.00,1.36,"",-1,-2.3,-19,-1.2,-25,-1.6,-50,-3.2,1728175,6.2,0,0.0,0,0.0,115,8.4
"04025","2","10","71","0","2017","4","",17,603,609,612,6229196,0,0,788,"",0.43,0.29,0.30,0.30,0.30,0.00,0.00,1.01,"",-1,-5.6,0,0.0,-3,-0.5,4,0.7,142327,2.3,0,0.0,0,0.0,17,2.2
"04025","3","10","71","0","2017","4","",120,8865,8843,8662,90048166,1241739,23318,788,"",1.24,1.40,1.39,1.37,1.65,1.36,4.48,1.19,"",0,0.0,23,0.3,-95,-1.1,-51,-0.6,3415099,3.9,72669,6.2,881,3.9,33,4.4
"04025","5","10","71","0","2017","4","",5524,53053,53120,52953,510181726,44786969,966479,740,"",1.00,0.97,0.98,0.98,0.94,1.01,0.98,0.96,"",86,1.6,1499,2.9,1400,2.7,1394,2.7,28607510,5.9,1418156,3.3,33797,3.6,22,3.1
"04027","0","10","70","0","2017","4","",3235,68418,75078,77416,706918586,76838473,4572903,738,"",1.00,1.00,1.00,1.00,1.00,1.00,1.00,1.00,"",30,0.9,-1798,-2.6,981,1.3,-65,-0.1,42690525,6.4,3396418,4.6,466246,11.4,47,6.8
"04027","1","10","71","0","2017","4","",56,3539,3493,3470,66398676,0,0,1459,"",2.89,2.69,2.43,2.33,3.42,0.00,0.00,1.38,"",1,1.8,106,3.1,75,2.2,27,0.8,1239778,1.9,0,0.0,0,0.0,-2,-0.1
"04027","2","10","71","0","2017","4","",16,1576,1568,1581,15955323,0,0,779,"",0.71,0.72,0.65,0.64,0.69,0.00,0.00,1.04,"",0,0.0,10,0.6,-19,-1.2,16,1.0,584390,3.8,0,0.0,0,0.0,27,3.6
"04027","3","10","71","0","2017","4","",97,9469,9611,9510,85793530,1180810,30487,692,"",1.76,1.40,1.29,1.24,1.41,0.78,1.27,1.08,"",-2,-2.0,-96,-1.0,-38,-0.4,-111,-1.2,1589259,1.9,10302,0.9,4852,18.9,18,2.7
"04027","5","10","71","0","2017","4","",3066,53834,60406,62855,538771057,75657663,4542416,702,"",0.98,0.93,0.95,0.96,0.89,1.02,1.00,0.95,"",31,1.0,-1818,-3.3,963,1.6,3,0.0,39277098,7.9,3386116,4.7,461394,11.3,54,8.3
"04999","0","10","70","0","2017","4","",16374,28901,29302,29335,655225413,33720439,847692,1727,"",1.00,1.00,1.00,1.00,1.00,1.00,1.00,1.00,"",1931,13.4,1810,6.7,1670,6.0,1671,6.0,73744978,12.7,-1051030,-3.0,24674,3.0,98,6.0
"04999","1","10","71","0","2017","4","",35,465,468,480,10602930,0,0,1732,"",0.36,0.84,0.83,0.85,0.59,0.00,0.00,0.70,"",2,6.1,93,25.0,107,29.6,119,33.0,2272348,27.3,0,0.0,0,0.0,-25,-1.4
"04999","2","10","71","0","2017","4","",10,33,33,31,453855,10967,223,1080,"",0.09,0.04,0.04,0.03,0.02,0.03,0.20,0.61,"",2,25.0,-2,-5.7,-5,-13.2,-6,-16.2,8562,1.9,9397,598.5,213,2130.0,146,15.6
"04999","3","10","71","0","2017","4","",12,47,47,47,527032,5718,129,863,"",0.04,0.02,0.02,0.02,0.01,0.01,0.03,0.58,"",2,20.0,17,56.7,17,56.7,17,56.7,210459,66.5,-2150,-27.3,49,61.2,51,6.3
"04999","5","10","71","0","2017","4","",16317,28356,28754,28777,643641596,33703754,847340,1729,"",1.03,1.15,1.16,1.15,1.15,1.03,1.01,1.00,"",1925,13.4,1702,6.4,1551,5.7,1541,5.7,71253609,12.4,-1058277,-3.0,24412,3.0,100,6.1
"05000","0","10","50","0","2017","4","",90000,1214276,1217775,1217287,13419161509,1300137112,23757662,849,"",1.00,1.00,1.00,1.00,1.00,1.00,1.00,1.00,"",1037,1.2,9087,0.8,11500,1.0,11902,1.0,450781579,3.5,38211011,3.0,-3539428,-13.0,22,2.7
"05000","1","10","51","0","2017","4","",1160,20019,20060,20209,353400392,0,0,1353,"",2.15,0.86,0.86,0.86,0.96,0.00,0.00,1.11,"",-4,-0.3,-148,-0.7,-169,-0.8,-167,-0.8,10859845,3.2,0,0.0,0,0.0,52,4.0
"05000","2","10","51","0","2017","4","",1063,69195,69324,69292,796970504,286722,8342,885,"",1.69,1.78,1.78,1.79,1.82,0.02,0.27,1.02,"",-27,-2.5,78,0.1,170,0.2,351,0.5,36707555,4.8,20062,7.5,-1653,-16.5,38,4.5
"05000","3","10","51","0","2017","4","",1966,113965,114406,114328,1073807657,15600557,170279,723,"",1.29,0.95,0.95,0.95,0.93,0.61,1.36,0.98,"",18,0.9,1572,1.4,1210,1.1,1008,0.9,40903884,4.0,1483847,10.5,-24487,-12.6,20,2.8
"05000","5","10","51","0","2017","4","",85811,1011097,1013985,1013458,11194982956,1284249833,23579041,850,"",0.98,0.98,0.98,0.98,0.98,1.02,1.00,1.00,"",1050,1.2,7585,0.8,10289,1.0,10710,1.1,362310295,3.3,36707102,2.9,-3513288,-13.0,19,2.3
"05000","8","10","96","0","2017","4","",4189,203179,203790,203829,2224178553,15887279,178621,840,"",1.55,1.11,1.11,1.12,1.13,0.38,1.14,1.02,"",-13,-0.3,1502,0.7,1211,0.6,1192,0.6,88471284,4.1,1503909,10.5,-26140,-12.8,28,3.4
"05001","0","10","70","0","2017","4","",784,9753,9721,9757,101245302,9828757,155752,799,"",1.00,1.00,1.00,1.00,1.00,1.00,1.00,1.00,"",-2,-0.3,-288,-2.9,-152,-1.5,-221,-2.2,-7151089,-6.6,686741,7.5,-44601,-22.3,-38,-4.5
"05001","1","10","71","0","2017","4","",18,184,184,181,2526387,0,0,1062,"",3.83,0.98,0.99,0.96,0.91,0.00,0.00,0.93,"",0,0.0,1,0.5,-8,-4.2,-12,-6.2,39511,1.6,0,0.0,0,0.0,52,5.1
"05001","2","10","71","0","2017","4","",14,171,170,172,1356813,0,0,610,"",2.55,0.55,0.55,0.55,0.41,0.00,0.00,0.75,"",-2,-12.5,19,12.5,20,13.3,23,15.4,257593,23.4,0,0.0,0,0.0,48,8.5
"05001","3","10","71","0","2017","4","",32,728,733,716,6372491,105298,750,676,"",2.40,0.75,0.76,0.74,0.73,0.54,0.91,0.98,"",0,0.0,-2,-0.3,8,1.1,-34,-4.5,53554,0.8,2215,2.1,-341,-31.3,15,2.3
"05001","5","10","71","0","2017","4","",720,8670,8634,8688,90989611,9723459,155002,808,"",0.95,1.05,1.05,1.05,1.05,1.02,1.00,1.01,"",0,0.0,-306,-3.4,-172,-2.0,-198,-2.2,-7501747,-7.6,684526,7.6,-44260,-22.2,-44,-5.2
"05003","0","10","70","0","2017","4","",572,6699,6652,6675,72497025,9156022,328507,835,"",1.00,1.00,1.00,1.00,1.00,1.00,1.00,1.00,"",1,0.2,24,0.4,3,0.0,87,1.3,4015011,5.9,3213126,54.1,103432,46.0,41,5.2
"05003","1","10","71","0","2017","4","",13,63,67,69,864404,0,0,1002,"",3.79,0.49,0.53,0.54,0.43,0.00,0.00,0.84,"",0,0.0,-5,-7.4,2,3.1,2,3.0,2733,0.3,0,0.0,0,0.0,8,0.8
"05003","2","10","71","0","2017","4","",10,105,104,101,913676,0,0,680,"",2.50,0.49,0.49,0.47,0.39,0.00,0.00,0.80,"",0,0.0,7,7.1,5,5.1,1,1.0,66550,7.9,0,0.0,0,0.0,22,3.3
"05003","3","10","71","0","2017","4","",32,872,881,872,7118176,276581,4069,626,"",3.29,1.31,1.33,1.32,1.14,1.53,2.35,0.86,"",0,0.0,5,0.6,14,1.6,-21,-2.4,-174746,-2.4,50048,22.1,-756,-15.7,-15,-2.3
"05003","5","10","71","0","2017","4","",517,5659,5600,5633,63600769,8879441,324438,869,"",0.93,0.99,0.99,0.99,1.03,1.00,0.99,1.04,"",1,0.2,17,0.3,-18,-0.3,105,1.9,4120474,6.9,3163078,55.3,104188,47.3,51,6.2
"05005","0","10","70","0","2017","4","",1235,15053,15054,15151,139056388,15392500,288507,709,"",1.00,1.00,1.00,1.00,1.00,1.00,1.00,1.00,"",14,1.1,301,2.0,310,2.1,405,2.7,8856942,6.8,2266610,17.3,12426,4.5,30,4.4
"05005","1","10","71","0","2017","4","",20,128,124,126,1968576,0,0,1202,"",2.70,0.44,0.43,0.43,0.52,0.00,0.00,1.19,"",0,0.0,2,1.6,4,3.3,-5,-3.8,105274,5.6,0,0.0,0,0.0,61,5.3
"05005","2","10","71","0","2017","4","",11,315,315,314,2485531,0,0,608,"",1.27,0.65,0.65,0.65,0.55,0.00,0.00,0.84,"",0,0.0,2,0.6,5,1.6,12,4.0,111614,4.7,0,0.0,0,0.0,16,2.7
"05005","3","10","71","0","2017","4","",36,1199,1198,1220,10047658,291493,1632,641,"",1.72,0.80,0.80,0.81,0.84,0.96,1.07,1.04,"",3,9.1,16,1.4,16,1.4,29,2.4,-95973,-0.9,49059,20.2,-1417,-46.5,-17,-2.6
"05005","5","10","71","0","2017","4","",1168,13411,13417,13491,124554623,15101007,286875,713,"",0.98,1.05,1.05,1.05,1.05,1.01,1.00,1.00,"",11,1.0,281,2.1,285,2.2,369,2.8,8736027,7.5,2217551,17.2,13843,5.1,34,5.0
"05007","0","10","70","0","2017","4","",6516,118553,119258,119418,1563108608,142544657,2189684,1010,"",1.00,1.00,1.00,1.00,1.00,1.00,1.00,1.00,"",268,4.3,1806,1.5,1772,1.5,1713,1.5,12098776,0.8,-5765350,-3.9,-209980,-8.8,-7,-0.7
"05007","1","10","71","0","2017","4","",30,479,462,462,7014177,0,0,1154,"",0.77,0.21,0.20,0.20,0.16,0.00,0.00,0.80,"",0,0.0,28,6.2,-1,-0.2,-4,-0.9,146382,2.1,0,0.0,0,0.0,6,0.5
"05007","2","10","71","0","2017","4","",17,1117,1122,1115,9051939,0,0,623,"",0.37,0.29,0.29,0.29,0.18,0.00,0.00,0.60,"",0,0.0,26,2.4,26,2.4,22,2.0,706759,8.5,0,0.0,0,0.0,36,6.1
"05007","3","10","71","0","2017","4","",84,8604,8636,8733,91162151,407380,5880,810,"",0.76,0.73,0.73,0.74,0.68,0.14,0.51,0.92,"",2,2.4,317,3.8,373,4.5,349,4.2,6406396,7.6,75708,22.8,804,15.8,26,3.3
"05007","5","10","71","0","2017","4","",6385,108353,109038,109108,1455880341,142137277,2183804,1029,"",1.01,1.08,1.08,1.08,1.09,1.03,1.00,1.01,"",266,4.3,1435,1.3,1374,1.3,1346,1.2,4839239,0.3,-5841058,-3.9,-210784,-8.8,-10,-1.0
"05009","0","10","70","0","2017","4","",983,13997,14017,14013,137019727,13967209,238135,752,"",1.00,1.00,1.00,1.00,1.00,1.00,1.00,1.00,"",-13,-1.3,-40,-0.3,-18,-0.1,83,0.6,6971429,5.4,1564278,12.6,-51268,-17.7,37,5.2
"05009","1","10","71","0","2017","4","",17,150,148,145,2038507,0,0,1062,"",2.88,0.56,0.55,0.54,0.54,0.00,0.00,0.99,"",1,6.2,0,0.0,5,3.5,-4,-2.7,-33737,-1.6,0,0.0,0,0.0,-20,-1.8
"05009","2","10","71","0","2017","4","",17,737,729,684,6858046,0,0,736,"",2.47,1.64,1.62,1.53,1.53,0.00,0.00,0.96,"",0,0.0,-4,-0.5,-6,-0.8,8,1.2,267681,4.1,0,0.0,0,0.0,29,4.1
"05009","3","10","71","0","2017","4","",53,2245,2275,2267,22238560,281079,2378,756,"",3.17,1.62,1.63,1.63,1.89,1.02,1.90,1.16,"",-1,-1.9,18,0.8,38,1.7,31,1.4,1766995,8.6,546,0.2,-1852,-43.8,51,7.2
"05009","5","10","71","0","2017","4","",896,10865,10865,10917,105884614,13686130,235757,748,"",0.94,0.91,0.91,0.92,0.91,1.01,1.00,0.99,"",-13,-1.4,-54,-0.5,-55,-0.5,48,0.4,4970490,4.9,1563732,12.9,-49416,-17.3,36,5.1
"05011","0","10","70","0","2017","4","",372,3775,3809,3859,33346813,3805538,79889,673,"",1.00,1.00,1.00,1.00,1.00,1.00,1.00,1.00,"",1,0.3,54,1.5,86,2.3,80,2.1,1831486,5.8,262888,7.4,-4438,-5.3,25,3.9
"05011","1","10","71","0","2017","4","",7,28,28,29,338686,0,0,920,"",3.14,0.39,0.38,0.39,0.37,0.00,0.00,0.96,"",0,0.0,-5,-15.2,-4,-12.5,0,0.0,-1898,-0.6,0,0.0,0,0.0,84,10.0
"05011","2","10","71","0","2017","4","",10,343,338,340,2293626,0,0,518,"",3.84,2.83,2.77,2.76,2.11,0.00,0.00,0.75,"",0,0.0,1,0.3,-4,-1.2,-1,-0.3,138671,6.4,0,0.0,0,0.0,33,6.8
"05011","3","10","71","0","2017","4","",14,476,473,472,3657947,28988,171,594,"",2.21,1.27,1.25,1.24,1.28,0.38,0.41,1.02,"",0,0.0,-5,-1.0,-9,-1.9,-10,-2.1,-99533,-2.6,-2780,-8.8,-196,-53.4,-6,-1.0
"05011","5","10","71","0","2017","4","",341,2928,2970,3018,27056554,3776550,79718,700,"",0.95,0.91,0.92,0.92,0.95,1.03,1.00,1.03,"",1,0.3,63,2.2,103,3.6,91,3.1,1794246,7.1,265668,7.6,-4242,-5.1,27,4.0
"05013","0","10","70","0","2017","4","",104,2948,2960,2965,39766462,2109704,37243,1034,"",1.00,1.00,1.00,1.00,1.00,1.00,1.00,1.00,"",-1,-1.0,162,5.8,151,5.4,138,4.9,3657659,10.1,277554,15.1,-1987,-5.1,45,4.6
"05013","1","10","71","0","2017","4","",4,10,10,10,120858,0,0,930,"",6.41,0.18,0.18,0.18,0.11,0.00,0.00,0.63,"",0,0.0,-1,-9.1,0,0.0,-1,-9.1,13650,12.7,0,0.0,0,0.0,157,20.3
"05013","2","10","71","0","2017","4","N",7,0,0,0,0,0,0,0,"N",9.61,0,0,0,0,0,0,0,"N",0,0.0,0,0,0,0,0,0,0,0,0,0,0,0,0,0
"05013","3","10","71","0","2017","4","N",11,0,0,0,0,0,0,0,"N",6.22,0,0,0,0,0,0,0,"N",0,0.0,0,0,0,0,0,0,0,0,0,0,0,0,0,0
"05013","5","10","71","0","2017","4","",82,2659,2669,2679,37466808,1988277,34540,1080,"",0.81,1.06,1.06,1.06,1.10,0.97,0.93,1.04,"",-1,-1.2,153,6.1,147,5.8,125,4.9,3454937,10.2,289618,17.0,-713,-2.0,45,4.3
"05015","0","10","70","0","2017","4","",815,11275,10967,10804,85922230,10907400,170352,600,"",1.00,1.00,1.00,1.00,1.00,1.00,1.00,1.00,"",9,1.1,133,1.2,148,1.4,94,0.9,2125623,2.5,-521348,-4.6,-78693,-31.6,8,1.4
"05015","1","10","71","0","2017","4","",12,83,81,83,1089344,0,0,1018,"",2.45,0.38,0.39,0.40,0.46,0.00,0.00,1.19,"",0,0.0,-1,-1.2,-7,-8.0,-7,-7.8,-37175,-3.3,0,0.0,0,0.0,26,2.6
"05015","2","10","71","0","2017","4","",9,90,90,91,814786,0,0,694,"",1.58,0.25,0.26,0.26,0.29,0.00,0.00,1.13,"",0,0.0,1,1.1,3,3.4,4,4.6,100876,14.1,0,0.0,0,0.0,68,10.9
"05015","3","10","71","0","2017","4","",25,1071,1078,1058,8968530,350577,5054,645,"",1.80,0.96,0.99,0.99,1.21,1.62,5.64,1.24,"",0,0.0,28,2.7,33,3.2,33,3.2,195083,2.2,55081,18.6,-356,-6.6,-5,-0.8
"05015","5","10","71","0","2017","4","",769,10031,9718,9572,75049570,10556823,165298,591,"",0.97,1.05,1.04,1.04,1.02,1.00,0.98,0.98,"",9,1.2,105,1.1,119,1.2,64,0.7,1866839,2.6,-576429,-5.2,-78337,-32.2,9,1.5
"05017","0","10","70","0","2017","4","",523,3123,3133,3127,26481867,2536484,68103,651,"",1.00,1.00,1.00,1.00,1.00,1.00,1.00,1.00,"",-7,-1.3,-158,-4.8,-88,-2.7,-97,-3.0,691923,2.7,-397707,-13.6,-21193,-23.7,39,6.4
"05017","1","10","71","0","2017","4","",8,40,42,47,509099,0,0,911,"",2.55,0.67,0.70,0.78,0.70,0.00,0.00,0.98,"",0,0.0,-4,-9.1,-2,-4.5,0,0.0,-20436,-3.9,0,0.0,0,0.0,6,0.7
"05017","2","10","71","0","2017","4","",10,294,293,295,2237692,0,0,585,"",2.73,2.93,2.92,2.96,2.59,0.00,0.00,0.88,"",1,11.1,40,15.7,45,18.1,46,18.5,388596,21.0,0,0.0,0,0.0,17,3.0
"05017","3","10","71","0","2017","4","",17,581,599,586,5536107,130538,880,723,"",1.91,1.88,1.93,1.89,2.43,2.60,2.46,1.28,"",-1,-5.6,-56,-8.8,-25,-4.0,-34,-5.5,458850,9.0,18792,16.8,-769,-46.6,100,16.1
"05017","5","10","71","0","2017","4","",488,2208,2199,2199,18198969,2405946,67223,636,"",0.96,0.83,0.83,0.83,0.80,0.98,0.99,0.97,"",-7,-1.4,-138,-5.9,-106,-4.6,-109,-4.7,-135087,-0.7,-416499,-14.8,-20424,-23.3,28,4.6
"05019","0","10","70","0","2017","4","",645,9393,9428,9415,80872321,7734025,147005,661,"",1.00,1.00,1.00,1.00,1.00,1.00,1.00,1.00,"",17,2.7,197,2.1,195,2.1,100,1.1,3031947,3.9,285637,3.8,-6784,-4.4,14,2.2
"05019","1","10","71","0","2017","4","",11,90,87,86,1189315,0,0,1044,"",2.84,0.50,0.48,0.47,0.54,0.00,0.00,1.10,"",-1,-8.3,2,2.3,4,4.8,-2,-2.3,60126,5.3,0,0.0,0,0.0,38,3.8
"05019","2","10","71","0","2017","4","",14,1246,1246,1235,10144201,0,0,628,"",3.10,4.13,4.13,4.11,3.84,0.00,0.00,0.93,"",0,0.0,60,5.1,58,4.9,57,4.8,611367,6.4,0,0.0,0,0.0,9,1.5
"05019","3","10","71","0","2017","4","",30,987,997,983,8078107,41239,222,628,"",2.74,1.06,1.06,1.05,1.16,0.27,0.29,1.10,"",2,7.1,23,2.4,36,3.7,-8,-0.8,262675,3.4,-11119,-21.2,-310,-58.3,9,1.5
"05019","5","10","71","0","2017","4","",590,7070,7098,7111,61460698,7692786,146783,667,"",0.94,0.89,0.89,0.89,0.89,1.03,1.01,1.00,"",16,2.8,112,1.6,97,1.4,53,0.8,2097779,3.5,296756,4.0,-6474,-4.2,15,2.3
"05021","0","10","70","0","2017","4","",389,3394,3361,3326,26258469,3356226,111814,601,"",1.00,1.00,1.00,1.00,1.00,1.00,1.00,1.00,"",-7,-1.8,8,0.2,-8,-0.2,71,2.2,820503,3.2,119274,3.7,-2918,-2.5,15,2.6
"05021","1","10","71","0","2017","4","",13,54,50,52,558173,0,0,826,"",5.57,0.83,0.78,0.81,0.77,0.00,0.00,0.96,"",-1,-7.1,1,1.9,-3,-5.7,-1,-1.9,2661,0.5,0,0.0,0,0.0,20,2.5
"05021","2","10","71","0","2017","4","",9,43,43,43,385661,0,0,690,"",3.30,0.39,0.40,0.41,0.45,0.00,0.00,1.13,"",-1,-10.0,6,16.2,7,19.4,7,19.4,114468,42.2,0,0.0,0,0.0,116,20.2
"05021","3","10","71","0","2017","4","",21,808,823,807,6713957,331967,4203,636,"",3.18,2.40,2.47,2.45,2.97,5.00,7.14,1.22,"",-1,-4.5,43,5.6,30,3.8,47,6.2,637833,10.5,10524,3.3,-85,-2.0,31,5.1
"05021","5","10","71","0","2017","4","",346,2489,2445,2424,18600678,3024259,107611,583,"",0.92,0.86,0.86,0.86,0.83,0.93,0.97,0.96,"",-4,-1.1,-42,-1.7,-42,-1.7,18,0.7,65541,0.4,108750,3.7,-2833,-2.6,7,1.2
"05023","0","10","70","0","2017","4","",670,6471,6401,6391,54893415,7001216,176784,658,"",1.00,1.00,1.00,1.00,1.00,1.00,1.00,1.00,"",-7,-1.0,-185,-2.8,-146,-2.2,-57,-0.9,-74365,-0.1,-508087,-6.8,-10493,-5.6,12,1.9
"05023","1","10","71","0","2017","4","",15,87,85,85,1157374,0,0,1039,"",3.73,0.70,0.69,0.69,0.77,0.00,0.00,1.10,"",0,0.0,-1,-1.1,-4,-4.5,-1,-1.2,91108,8.5,0,0.0,0,0.0,103,11.0
"05023","2","10","71","0","2017","4","",8,107,106,109,900289,0,0,645,"",1.70,0.52,0.52,0.53,0.50,0.00,0.00,0.96,"",0,0.0,-18,-14.4,-14,-11.7,-12,-9.9,3847,0.4,0,0.0,0,0.0,80,14.2
"05023","3","10","71","0","2017","4","",18,817,814,812,6468364,187896,1856,611,"",1.58,1.27,1.28,1.28,1.37,1.36,1.99,1.07,"",0,0.0,-8,-1.0,-20,-2.4,-4,-0.5,-70651,-1.1,-49816,-21.0,-487,-20.8,1,0.2
"05023","5","10","71","0","2017","4","",629,5460,5396,5385,46367388,6813320,174928,659,"",0.97,0.99,0.99,0.99,0.99,1.01,1.00,1.00,"",-7,-1.1,-158,-2.8,-108,-2.0,-40,-0.7,-98669,-0.2,-458271,-6.3,-10006,-5.4,11,1.7
"05025","0","10","70","0","2017","4","",131,1011,987,1004,8201347,926925,17344,630,"",1.00,1.00,1.00,1.00,1.00,1.00,1.00,1.00,"",3,2.3,29,3.0,19,2.0,22,2.2,273651,3.5,9403,1.0,-3801,-18.0,6,1.0
"05025","1","10","71","0","2017","4","",4,11,10,10,123819,0,0,922,"",5.09,0.57,0.53,0.52,0.55,0.00,0.00,1.02,"",0,0.0,-1,-8.3,-2,-16.7,-1,-9.1,-1986,-1.6,0,0.0,0,0.0,93,11.2
"05025","2","10","71","0","2017","4","",6,28,27,26,269471,0,0,768,"",6.54,0.86,0.85,0.81,1.01,0.00,0.00,1.20,"",0,0.0,-2,-6.7,0,0.0,-1,-3.7,26476,10.9,0,0.0,0,0.0,100,15.0
"05025","3","10","71","0","2017","4","",11,325,318,317,2580337,59604,664,620,"",4.94,3.24,3.24,3.19,3.66,3.25,7.27,1.13,"N",0,0.0,0,0,0,0,0,0,0,0,0,0,0,0,0,0
"05025","5","10","71","0","2017","4","",110,647,632,651,5227720,867321,16680,625,"",0.87,0.75,0.75,0.76,0.75,0.97,0.97,0.99,"N",3,2.8,0,0,0,0,0,0,0,0,0,0,0,0,0,0
"05027","0","10","70","0","2017","4","",714,8019,8024,8018,81287078,6973211,148818,780,"",1.00,1.00,1.00,1.00,1.00,1.00,1.00,1.00,"",-17,-2.3,-60,-0.7,-159,-1.9,-61,-0.8,1107684,1.4,602742,9.5,14607,10.9,20,2.6
"05027","1","10","71","0","2017","4","",6,37,37,36,460655,0,0,966,"",1.40,0.24,0.24,0.23,0.21,0.00,0.00,0.87,"",-1,-14.3,0,0.0,0,0.0,0,0.0,-20040,-4.2,0,0.0,0,0.0,-42,-4.2
"05027","2","10","71","0","2017","4","",12,633,644,635,7090898,0,0,856,"",2.40,2.46,2.51,2.48,2.67,0.00,0.00,1.08,"",0,0.0,7,1.1,12,1.9,12,1.9,162293,2.3,0,0.0,0,0.0,6,0.7
"05027","3","10","71","0","2017","4","",26,1092,1098,1128,9962648,33209,219,693,"",2.14,1.37,1.38,1.42,1.43,0.24,0.28,1.02,"",0,0.0,-21,-1.9,-74,-6.3,-2,-0.2,345654,3.6,6138,22.7,-239,-52.2,43,6.6
"05027","5","10","71","0","2017","4","",670,6257,6245,6219,63772877,6940002,148599,786,"",0.97,0.92,0.92,0.91,0.92,1.03,1.01,1.00,"",-16,-2.3,-46,-0.7,-97,-1.5,-71,-1.1,619777,1.0,596604,9.4,14846,11.1,16,2.1
"05029","0","10","70","0","2017","4","",534,6433,6351,6434,61788535,5193728,119921,742,"",1.00,1.00,1.00,1.00,1.00,1.00,1.00,1.00,"",-27,-4.8,-179,-2.7,-329,-4.9,-227,-3.4,-767199,-1.2,-502913,-8.8,-20384,-14.5,19,2.6
"05029","1","10","71","0","2017","4","",13,53,54,54,700708,0,0,1004,"",4.06,0.43,0.44,0.44,0.41,0.00,0.00,0.95,"",-1,-7.1,-7,-11.7,-1,-1.8,-7,-11.5,21862,3.2,0,0.0,0,0.0,114,12.8
"05029","2","10","71","0","2017","4","",9,403,412,425,2963766,0,0,552,"",2.41,1.95,2.03,2.07,1.47,0.00,0.00,0.73,"",0,0.0,25,6.6,28,7.3,37,9.5,154183,5.5,0,0.0,0,0.0,-12,-2.1
"05029","3","10","71","0","2017","4","",30,1035,1026,1044,8257911,103436,900,614,"",3.31,1.62,1.63,1.64,1.55,1.01,1.43,0.95,"",0,0.0,30,3.0,-90,-8.1,11,1.1,-418877,-4.8,-25851,-20.0,-482,-34.9,-21,-3.3
"05029","5","10","71","0","2017","4","",482,4942,4859,4911,49866150,5090292,119021,782,"",0.93,0.90,0.90,0.90,0.95,1.01,1.00,1.05,"",-26,-5.1,-227,-4.4,-266,-5.2,-268,-5.2,-524367,-1.0,-477062,-8.6,-19902,-14.3,30,4.0
"05031","0","10","70","0","2017","4","",2860,51219,51563,51420,504995541,59242812,1099494,756,"",1.00,1.00,1.00,1.00,1.00,1.00,1.00,1.00,"",47,1.7,1550,3.1,1657,3.3,1584,3.2,25725731,5.4,4538669,8.3,-93346,-7.8,16,2.2
"05031","1","10","71","0","2017","4","",28,320,320,319,4958240,0,0,1193,"",1.63,0.32,0.32,0.32,0.36,0.00,0.00,1.10,"",0,0.0,-2,-0.6,-4,-1.2,-13,-3.9,-150570,-2.9,0,0.0,0,0.0,-12,-1.0
"05031","2","10","71","0","2017","4","",22,3111,3100,3104,34006094,0,0,842,"",1.10,1.89,1.88,1.89,2.06,0.00,0.00,1.09,"",0,0.0,74,2.4,60,2.0,69,2.3,2453903,7.8,0,0.0,0,0.0,43,5.4
"05031","3","10","71","0","2017","4","",35,4187,4190,4184,39308125,480968,4422,722,"",0.72,0.83,0.82,0.82,0.91,0.41,0.76,1.10,"",0,0.0,212,5.3,153,3.8,169,4.2,1112039,2.9,-24887,-4.9,-962,-17.9,-11,-1.5
"05031","5","10","71","0","2017","4","",2775,43601,43953,43813,426723082,58761844,1095072,750,"",1.00,1.00,1.00,1.00,0.99,1.03,1.00,0.99,"",47,1.7,1266,3.0,1448,3.4,1359,3.2,22310359,5.5,4563556,8.4,-92384,-7.8,17,2.3
"05033","0","10","70","0","2017","4","",1266,19466,19527,19591,182691323,23895676,312113,720,"",1.00,1.00,1.00,1.00,1.00,1.00,1.00,1.00,"",15,1.2,-79,-0.4,-56,-0.3,-25,-0.1,9872749,5.7,4478348,23.1,-26516,-7.8,41,6.0
"05033","1","10","71","0","2017","4","",14,94,92,90,1401787,0,0,1172,"",1.84,0.25,0.25,0.24,0.28,0.00,0.00,1.14,"",1,7.7,-5,-5.1,-7,-7.1,-11,-10.9,-10675,-0.8,0,0.0,0,0.0,82,7.5
"05033","2","10","71","0","2017","4","",10,161,158,160,1170942,1766,48,564,"",1.13,0.26,0.25,0.26,0.20,0.01,0.12,0.77,"",0,0.0,2,1.3,3,1.9,7,4.6,77335,7.1,-42,-2.3,-17,-26.2,24,4.4
"05033","3","10","71","0","2017","4","",42,2116,2110,2104,18603225,280509,2385,678,"",1.95,1.10,1.09,1.09,1.18,0.59,1.45,1.09,"",-1,-2.3,12,0.6,-9,-0.4,-11,-0.5,224929,1.2,-103202,-26.9,-2560,-51.8,9,1.3
"05033","5","10","71","0","2017","4","",1200,17095,17167,17237,161515369,23613401,309680,724,"",0.98,1.03,1.03,1.04,1.04,1.02,1.00,1.00,"",15,1.3,-88,-0.5,-43,-0.2,-10,-0.1,9581160,6.3,4581592,24.1,-23939,-7.2,45,6.6
"05035","0","10","70","0","2017","4","",1247,16856,16792,16714,155754500,22644636,429884,714,"",1.00,1.00,1.00,1.00,1.00,1.00,1.00,1.00,"",-29,-2.3,56,0.3,235,1.4,95,0.6,3875019,2.6,720456,3.3,-305077,-41.5,13,1.9
"05035","1","10","71","0","2017","4","",14,98,93,95,1508934,0,0,1218,"",1.87,0.30,0.29,0.30,0.35,0.00,0.00,1.19,"",0,0.0,-1,-1.0,-5,-5.1,-5,-5.0,73443,5.1,0,0.0,0,0.0,103,9.2
"05035","2","10","71","0","2017","4","",13,468,468,464,3456622,0,0,570,"",1.49,0.86,0.87,0.87,0.68,0.00,0.00,0.78,"",0,0.0,-12,-2.5,-6,-1.3,-20,-4.1,50429,1.5,0,0.0,0,0.0,23,4.2
"05035","3","10","71","0","2017","4","",41,2183,2167,2191,21039241,221222,1857,742,"",1.93,1.31,1.30,1.32,1.57,0.49,0.82,1.20,"",-1,-2.4,-29,-1.3,-25,-1.1,-58,-2.6,-1341641,-6.0,-13816,-5.9,-2139,-53.5,-34,-4.4
"05035","5","10","71","0","2017","4","",1179,14107,14064,13964,129749703,22423414,428027,711,"",0.97,0.99,0.99,0.98,0.98,1.02,1.00,0.99,"",-28,-2.3,98,0.7,271,2.0,178,1.3,5092788,4.1,734272,3.4,-302938,-41.4,19,2.7
"05037","0","10","70","0","2017","4","",486,4918,4900,4900,42852076,4754641,81951,672,"",1.00,1.00,1.00,1.00,1.00,1.00,1.00,1.00,"",-1,-0.2,-122,-2.4,-87,-1.7,-55,-1.1,702801,1.7,273897,6.1,-17887,-17.9,23,3.5
"05037","1","10","71","0","2017","4","",9,56,57,57,782449,0,0,1062,"",3.09,0.59,0.61,0.60,0.66,0.00,0.00,1.11,"",0,0.0,0,0.0,4,7.5,-1,-1.7,36476,4.9,0,0.0,0,0.0,31,3.0
"05037","2","10","71","0","2017","4","",9,355,360,361,3361273,0,0,721,"",2.64,2.25,2.29,2.31,2.40,0.00,0.00,1.05,"",0,0.0,-2,-0.6,3,0.8,3,0.8,116005,3.6,0,0.0,0,0.0,22,3.1
"05037","3","10","71","0","2017","4","",17,726,716,717,6079867,209525,4344,650,"",2.06,1.49,1.47,1.48,1.65,2.23,10.07,1.12,"",1,6.2,6,0.8,-9,-1.2,-12,-1.6,294681,5.1,8458,4.2,-1052,-19.5,36,5.9
"05037","5","10","71","0","2017","4","",451,3781,3767,3765,32628487,4545116,77607,666,"",0.96,0.90,0.90,0.90,0.89,0.99,0.95,0.99,"",-2,-0.4,-126,-3.2,-85,-2.2,-45,-1.2,255639,0.8,265439,6.2,-16835,-17.8,20,3.1
"05039","0","10","70","0","2017","4","",248,2783,2779,2752,23324291,2663865,43458,647,"",1.00,1.00,1.00,1.00,1.00,1.00,1.00,1.00,"",-7,-2.7,-27,-1.0,-35,-1.2,-77,-2.7,1024561,4.6,14520,0.5,-27169,-38.5,38,6.2
"05039","1","10","71","0","2017","4","",7,20,17,18,205166,0,0,861,"",4.71,0.37,0.32,0.34,0.32,0.00,0.00,0.93,"",0,0.0,-1,-4.8,-4,-19.0,-5,-21.7,-7626,-3.6,0,0.0,0,0.0,106,14.0
"05039","2","10","71","0","2017","4","",7,30,29,28,272406,0,0,723,"",4.03,0.34,0.33,0.32,0.36,0.00,0.00,1.10,"",0,0.0,3,11.1,0,0.0,-1,-3.4,33778,14.2,0,0.0,0,0.0,75,11.6
"05039","3","10","71","0","2017","4","",14,332,333,330,2139755,38937,206,496,"",3.32,1.20,1.21,1.21,1.07,0.74,0.90,0.88,"",0,0.0,-14,-4.0,-6,-1.8,-57,-14.7,-42859,-2.0,-27795,-41.7,-490,-70.4,26,5.5
"05039","5","10","71","0","2017","4","",220,2401,2400,2376,20706964,2624928,43252,666,"",0.91,1.02,1.02,1.02,1.04,1.02,1.00,1.02,"",-7,-3.1,-15,-0.6,-25,-1.0,-14,-0.6,1041268,5.3,42315,1.6,-26679,-38.2,38,6.1
"05041","0","10","70","0","2017","4","",568,4817,4797,4778,41756178,4384181,94294,670,"",1.00,1.00,1.00,1.00,1.00,1.00,1.00,1.00,"",4,0.7,89,1.9,191,4.1,215,4.7,2029564,5.1,121462,2.8,-15883,-14.4,10,1.5
"05041","1","10","71","0","2017","4","",10,103,134,103,1027448,0,0,697,"",2.94,1.11,1.46,1.12,0.90,0.00,0.00,0.73,"",0,0.0,-12,-10.4,18,15.5,23,28.8,70125,7.3,0,0.0,0,0.0,-13,-1.8
"05041","2","10","71","0","2017","4","",9,115,119,120,935139,0,0,610,"",2.26,0.74,0.77,0.79,0.69,0.00,0.00,0.89,"",0,0.0,-10,-8.0,-4,-3.3,1,0.8,-31431,-3.3,0,0.0,0,0.0,2,0.3
"05041","3","10","71","0","2017","4","",21,827,825,827,6539477,191741,2278,609,"",2.18,1.73,1.73,1.75,1.82,2.21,4.59,1.05,"",0,0.0,16,2.0,20,2.5,9,1.1,-145927,-2.2,-28934,-13.1,-457,-16.7,-25,-3.9
"05041","5","10","71","0","2017","4","",528,3772,3719,3728,33254114,4192440,92016,684,"",0.96,0.92,0.91,0.92,0.93,0.99,0.98,1.02,"",4,0.8,95,2.6,157,4.4,182,5.1,2136797,6.9,150396,3.7,-15426,-14.4,18,2.7
"05043","0","10","70","0","2017","4","",553,6582,6644,6670,59625425,7065636,147348,692,"",1.00,1.00,1.00,1.00,1.00,1.00,1.00,1.00,"",13,2.4,109,1.7,193,3.0,196,3.0,2946002,5.2,748530,11.8,-692,-0.5,18,2.7
"05043","1","10","71","0","2017","4","",9,49,50,49,649748,0,0,1013,"",2.71,0.39,0.39,0.38,0.40,0.00,0.00,1.02,"",0,0.0,-3,-5.8,-2,-3.8,-3,-5.8,-29311,-4.3,0,0.0,0,0.0,8,0.8
"05043","2","10","71","0","2017","4","",14,602,598,589,6243145,0,0,805,"",3.61,2.85,2.81,2.77,3.21,0.00,0.00,1.14,"",0,0.0,9,1.5,15,2.6,20,3.5,138490,2.3,0,0.0,0,0.0,-2,-0.2
"05043","3","10","71","0","2017","4","",23,1229,1228,1227,10434283,233140,1544,654,"",2.45,1.88,1.86,1.86,2.04,1.67,1.99,1.09,"",1,4.5,-4,-0.3,-10,-0.8,8,0.7,-1015666,-8.9,53936,30.1,-189,-10.9,-62,-8.7
"05043","5","10","71","0","2017","4","",507,4702,4768,4805,42298249,6832496,145804,684,"",0.95,0.84,0.84,0.85,0.83,1.00,1.00,0.98,"",12,2.4,107,2.3,190,4.2,171,3.7,3852489,10.0,694594,11.3,-503,-0.3,41,6.4
"05045","0","10","70","0","2017","4","",2847,40578,40772,40695,409628846,40085058,733567,775,"",1.00,1.00,1.00,1.00,1.00,1.00,1.00,1.00,"",15,0.5,-67,-0.2,140,0.3,94,0.2,3114508,0.8,744177,1.9,-106188,-12.6,5,0.6
"05045","1","10","71","0","2017","4","",19,210,209,212,3220141,0,0,1178,"",1.11,0.27,0.27,0.27,0.29,0.00,0.00,1.06,"",0,0.0,12,6.1,14,7.2,16,8.2,234576,7.9,0,0.0,0,0.0,8,0.7
"05045","2","10","71","0","2017","4","",17,3309,3281,3270,33492668,0,0,784,"",0.85,2.54,2.51,2.52,2.50,0.00,0.00,0.99,"",0,0.0,0,0.0,-11,-0.3,-9,-0.3,731681,2.2,0,0.0,0,0.0,19,2.5
"05045","3","10","71","0","2017","4","",42,3507,3495,3470,35797783,479043,5126,789,"",0.87,0.87,0.86,0.86,1.02,0.60,1.33,1.17,"",1,2.4,13,0.4,5,0.1,-11,-0.3,215242,0.6,-58382,-10.9,-5416,-51.4,4,0.5
"05045","5","10","71","0","2017","4","",2769,33552,33787,33743,337118254,39606015,728441,770,"",1.00,0.97,0.98,0.98,0.96,1.02,1.00,0.99,"",14,0.5,-92,-0.3,132,0.4,98,0.3,1933009,0.6,802559,2.1,-100772,-12.2,4,0.5
"05047","0","10","70","0","2017","4","",373,4689,4674,4636,43701228,4639121,65884,720,"",1.00,1.00,1.00,1.00,1.00,1.00,1.00,1.00,"",5,1.4,118,2.6,105,2.3,89,2.0,2063778,5.0,516477,12.5,-9361,-12.4,18,2.6
"05047","1","10","71","0","2017","4","",12,147,150,146,2212883,0,0,1153,"",5.36,1.63,1.68,1.63,1.84,0.00,0.00,1.12,"",0,0.0,-9,-5.8,-7,-4.5,-17,-10.4,-57583,-2.5,0,0.0,0,0.0,52,4.7
"05047","2","10","71","0","2017","4","",8,133,132,134,1420903,0,0,822,"",3.06,0.88,0.88,0.91,1.00,0.00,0.00,1.12,"",-1,-11.1,4,3.1,4,3.1,6,4.7,101385,7.7,0,0.0,0,0.0,31,3.9
"05047","3","10","71","0","2017","4","",19,748,741,724,6516365,258802,1874,680,"",3.00,1.61,1.60,1.58,1.73,2.82,5.40,1.09,"",0,0.0,18,2.5,12,1.6,-15,-2.0,386706,6.3,54424,26.6,419,28.8,36,5.6
"05047","5","10","71","0","2017","4","",334,3661,3651,3632,33551077,4380319,64010,707,"",0.92,0.92,0.92,0.92,0.90,0.98,0.98,0.98,"",6,1.8,105,3.0,96,2.7,115,3.3,1633270,5.1,462053,11.8,-9780,-13.3,14,2.0
"05049","0","10","70","0","2017","4","",204,1934,1922,1945,14766517,1733013,34077,587,"",1.00,1.00,1.00,1.00,1.00,1.00,1.00,1.00,"",4,2.0,116,6.4,84,4.6,85,4.6,1220551,9.0,148129,9.3,2126,6.7,20,3.5
"05049","1","10","71","0","2017","4","",11,27,27,27,322954,0,0,920,"",8.99,0.73,0.73,0.72,0.80,0.00,0.00,1.10,"",0,0.0,-1,-3.6,-1,-3.6,0,0.0,6956,2.2,0,0.0,0,0.0,41,4.7
"05049","2","10","71","0","2017","4","",9,74,75,75,593949,0,0,612,"",6.30,1.19,1.22,1.21,1.23,0.00,0.00,1.02,"",0,0.0,-1,-1.3,2,2.7,2,2.7,-12853,-2.1,0,0.0,0,0.0,-22,-3.5
"05049","3","10","71","0","2017","4","",12,557,546,561,4048282,52135,402,561,"",3.46,2.91,2.86,2.91,3.19,1.52,2.24,1.10,"",0,0.0,25,4.7,-7,-1.3,3,0.5,159322,4.1,4934,10.5,164,68.9,15,2.7
"05049","5","10","71","0","2017","4","",172,1276,1274,1282,9801332,1680878,33675,590,"",0.87,0.78,0.78,0.78,0.78,1.00,0.99,1.00,"",4,2.4,93,7.9,90,7.6,80,6.7,1067126,12.2,143195,9.3,1962,6.2,25,4.4
"05051","0","10","70","0","2017","4","",3133,36519,36518,36549,350185601,43069129,765506,737,"",1.00,1.00,1.00,1.00,1.00,1.00,1.00,1.00,"",18,0.6,226,0.6,128,0.4,321,0.9,21181064,6.4,1670949,4.0,-82672,-9.7,40,5.7
"05051","1","10","71","0","2017","4","",28,448,447,448,7832913,0,0,1346,"",1.49,0.64,0.64,0.64,0.81,0.00,0.00,1.28,"",0,0.0,-26,-5.5,-26,-5.5,-11,-2.4,190542,2.5,0,0.0,0,0.0,92,7.3
"05051","2","10","71","0","2017","4","",23,987,1001,990,8644535,0,0,670,"",1.05,0.84,0.86,0.85,0.76,0.00,0.00,0.89,"",1,4.5,-15,-1.5,-1,-0.1,1,0.1,597627,7.4,0,0.0,0,0.0,50,8.1
"05051","3","10","71","0","2017","4","",34,2986,2997,2978,30257192,351231,2680,779,"",0.64,0.83,0.83,0.82,1.00,0.41,0.67,1.22,"",1,3.0,49,1.7,-152,-4.8,44,1.5,1575722,5.5,-39011,-10.0,-711,-21.0,45,6.1
"05051","5","10","71","0","2017","4","",3048,32098,32073,32133,303450961,42717898,762826,727,"",1.00,1.03,1.03,1.03,1.01,1.03,1.00,0.98,"",16,0.5,218,0.7,307,1.0,287,0.9,18817173,6.6,1709960,4.2,-81961,-9.7,39,5.7
"05053","0","10","70","0","2017","4","",351,4121,4097,4146,41298992,3634704,55455,771,"",1.00,1.00,1.00,1.00,1.00,1.00,1.00,1.00,"",-7,-2.0,59,1.5,16,0.4,64,1.6,1825340,4.6,-368921,-9.2,-26320,-32.2,26,3.5
"05053","1","10","71","0","2017","4","",6,30,28,27,314228,0,0,853,"",2.85,0.38,0.36,0.34,0.28,0.00,0.00,0.77,"",0,0.0,-2,-6.2,-1,-3.4,-2,-6.9,-23289,-6.9,0,0.0,0,0.0,-12,-1.4
"05053","2","10","71","0","2017","4","",7,40,39,40,351037,0,0,681,"",2.85,0.30,0.30,0.30,0.26,0.00,0.00,0.87,"",0,0.0,-3,-7.0,-3,-7.1,-1,-2.4,41642,13.5,0,0.0,0,0.0,114,20.1
"05053","3","10","71","0","2017","4","",10,743,736,757,7122768,96402,552,735,"",1.68,1.82,1.81,1.84,2.01,1.34,1.89,1.10,"",0,0.0,-4,-0.5,6,0.8,13,1.7,163533,2.3,18858,24.3,-121,-18.0,12,1.7
"05053","5","10","71","0","2017","4","",328,3308,3294,3322,33510959,3538302,54903,779,"",0.96,0.94,0.95,0.94,0.95,1.01,1.00,1.00,"",-7,-2.1,68,2.1,14,0.4,54,1.7,1643454,5.2,-387779,-9.9,-26199,-32.3,28,3.7
"05055","0","10","70","0","2017","4","",913,15316,15443,15271,145017075,13337741,264502,727,"",1.00,1.00,1.00,1.00,1.00,1.00,1.00,1.00,"",24,2.7,112,0.7,194,1.3,98,0.6,4216603,3.0,206369,1.6,11611,4.6,15,2.1
"05055","1","10","71","0","2017","4","",10,100,91,92,1425428,0,0,1162,"",1.83,0.34,0.31,0.31,0.36,0.00,0.00,1.12,"",0,0.0,5,5.3,-1,-1.1,-1,-1.1,83231,6.2,0,0.0,0,0.0,56,5.1
"05055","2","10","71","0","2017","4","",11,400,400,402,4327416,0,0,831,"",1.72,0.81,0.81,0.83,0.91,0.00,0.00,1.12,"",0,0.0,-6,-1.5,-7,-1.7,1,0.2,185716,4.5,0,0.0,0,0.0,44,5.6
"05055","3","10","71","0","2017","4","",30,1649,1667,1664,14974142,47062,823,694,"",1.93,1.09,1.09,1.10,1.20,0.18,0.59,1.10,"",0,0.0,24,1.5,26,1.6,34,2.1,345538,2.4,7380,18.6,-357,-30.3,4,0.6
"05055","5","10","71","0","2017","4","",862,13167,13285,13113,124290089,13290679,263679,725,"",0.97,1.01,1.01,1.01,1.00,1.03,1.00,0.99,"",24,2.9,89,0.7,176,1.3,64,0.5,3602118,3.0,198989,1.5,11968,4.8,15,2.1
"05057","0","10","70","0","2017","4","",525,7873,7896,7930,73724342,6527461,82922,718,"",1.00,1.00,1.00,1.00,1.00,1.00,1.00,1.00,"",10,1.9,-42,-0.5,-37,-0.5,10,0.1,4263819,6.1,-389233,-5.6,-16910,-16.9,44,6.5
"05057","1","10","71","0","2017","4","",13,75,79,77,1059949,0,0,1059,"",4.13,0.49,0.52,0.50,0.52,0.00,0.00,1.03,"",0,0.0,-9,-10.7,-2,-2.5,-9,-10.5,-28851,-2.6,0,0.0,0,0.0,58,5.8
"05057","2","10","71","0","2017","4","",16,720,726,734,6316728,0,0,669,"",4.35,2.85,2.87,2.90,2.62,0.00,0.00,0.91,"",0,0.0,6,0.8,16,2.3,23,3.2,293807,4.9,0,0.0,0,0.0,18,2.8
"05057","3","10","71","0","2017","4","",28,907,904,900,7637102,6249,29,650,"",3.14,1.16,1.15,1.15,1.20,0.05,0.07,1.04,"",1,3.7,0,0.0,-5,-0.6,-20,-2.2,-20491,-0.3,1178,23.2,2,7.4,4,0.6
"05057","5","10","71","0","2017","4","",468,6171,6187,6219,58710563,6521212,82893,729,"",0.92,0.92,0.92,0.92,0.93,1.03,1.01,1.01,"",9,2.0,-39,-0.6,-46,-0.7,16,0.3,4019354,7.3,-390411,-5.6,-16912,-16.9,52,7.7
"05059","0","10","70","0","2017","4","",643,8487,8446,8532,78922359,8734050,123026,715,"",1.00,1.00,1.00,1.00,1.00,1.00,1.00,1.00,"",17,2.7,-13,-0.2,-13,-0.2,-6,-0.1,2216285,2.9,301117,3.6,-29438,-19.3,21,3.0
"05059","1","10","71","0","2017","4","",9,65,63,64,807605,0,0,971,"",2.33,0.40,0.39,0.39,0.37,0.00,0.00,0.95,"",-1,-10.0,-1,-1.5,-3,-4.5,-9,-12.3,-10862,-1.3,0,0.0,0,0.0,50,5.4
"05059","2","10","71","0","2017","4","",12,868,876,864,6515745,0,0,577,"",2.66,3.19,3.24,3.18,2.53,0.00,0.00,0.79,"",0,0.0,2,0.2,9,1.0,3,0.3,891780,15.9,0,0.0,0,0.0,77,15.4
"05059","3","10","71","0","2017","4","",27,980,985,985,9005363,144882,958,704,"",2.47,1.17,1.17,1.17,1.33,0.84,1.48,1.14,"",0,0.0,-7,-0.7,1,0.1,-2,-0.2,151210,1.7,61922,74.6,-42,-4.2,13,1.9
"05059","5","10","71","0","2017","4","",595,6574,6522,6619,62593646,8589168,122068,733,"",0.95,0.91,0.91,0.91,0.93,1.02,1.00,1.02,"",18,3.1,-7,-0.1,-20,-0.3,2,0.0,1184157,1.9,239195,2.9,-29396,-19.4,15,2.1
"05061","0","10","70","0","2017","4","",368,7011,7122,7265,59754885,6730125,146089,644,"",1.00,1.00,1.00,1.00,1.00,1.00,1.00,1.00,"",5,1.4,34,0.5,145,2.1,299,4.3,2910629,5.1,693158,11.5,1958,1.4,17,2.7
"05061","1","10","71","0","2017","4","",11,60,60,58,750691,0,0,973,"",4.98,0.44,0.44,0.41,0.46,0.00,0.00,1.06,"",0,0.0,-1,-1.6,-3,-4.8,-10,-14.7,-8306,-1.1,0,0.0,0,0.0,61,6.7
"05061","2","10","71","0","2017","4","",10,105,103,105,859255,0,0,634,"",3.88,0.47,0.45,0.45,0.44,0.00,0.00,0.97,"",0,0.0,5,5.0,7,7.3,6,6.1,43757,5.4,0,0.0,0,0.0,-4,-0.6
"05061","3","10","71","0","2017","4","",17,690,694,684,5901614,18307,86,659,"",2.72,0.99,0.98,0.95,1.15,0.14,0.11,1.18,"",0,0.0,34,5.2,30,4.5,23,3.5,207115,3.6,2628,16.8,-24,-21.8,-4,-0.6
"05061","5","10","71","0","2017","4","",330,6156,6265,6418,52243325,6711818,146003,640,"",0.92,1.03,1.04,1.04,1.02,1.03,1.01,0.99,"",5,1.5,-4,-0.1,111,1.8,280,4.6,2668063,5.4,690530,11.5,1982,1.4,20,3.2
"05063","0","10","70","0","2017","4","",918,15739,15805,16002,156383959,17136177,388234,759,"",1.00,1.00,1.00,1.00,1.00,1.00,1.00,1.00,"",-10,-1.1,192,1.2,152,1.0,143,0.9,6636435,4.4,353241,2.1,17378,4.7,25,3.4
"05063","1","10","71","0","2017","4","",18,105,102,104,1524471,0,0,1131,"",3.27,0.35,0.34,0.34,0.35,0.00,0.00,1.04,"",-1,-5.3,7,7.1,-1,-1.0,-1,-1.0,55084,3.7,0,0.0,0,0.0,23,2.1
"05063","2","10","71","0","2017","4","",15,597,587,584,5412825,0,0,707,"",2.33,1.18,1.16,1.14,1.06,0.00,0.00,0.91,"",1,7.1,8,1.4,6,1.0,13,2.3,277886,5.4,0,0.0,0,0.0,26,3.8
"05063","3","10","71","0","2017","4","",46,1538,1536,1543,11990327,319968,3585,599,"",2.95,0.99,0.98,0.97,0.89,0.94,1.75,0.91,"",0,0.0,18,1.2,-13,-0.8,8,0.5,36504,0.3,-27959,-8.0,828,30.0,0,0.0
"05063","5","10","71","0","2017","4","",839,13499,13580,13771,137456336,16816209,384649,777,"",0.94,1.01,1.01,1.01,1.03,1.01,1.00,1.02,"",-10,-1.2,159,1.2,160,1.2,123,0.9,6266961,4.8,381200,2.3,16550,4.5,28,3.7
"05065","0","10","70","0","2017","4","",266,3062,3069,3084,25141526,2844682,76130,630,"",1.00,1.00,1.00,1.00,1.00,1.00,1.00,1.00,"",-5,-1.8,-133,-4.2,-97,-3.1,-106,-3.3,-826839,-3.2,253761,9.8,6971,10.1,3,0.5
"05065","1","10","71","0","2017","4","",13,26,27,26,281144,0,0,821,"",8.15,0.44,0.46,0.44,0.41,0.00,0.00,0.91,"",0,0.0,1,4.0,2,8.0,0,0.0,16499,6.2,0,0.0,0,0.0,17,2.1
"05065","2","10","71","0","2017","4","",9,421,420,420,3361815,0,0,615,"",4.83,4.28,4.27,4.27,4.10,0.00,0.00,0.96,"",0,0.0,0,0.0,-4,-0.9,1,0.2,60907,1.8,0,0.0,0,0.0,12,2.0
"05065","3","10","71","0","2017","4","",17,488,505,511,3904892,87402,640,599,"",3.76,1.61,1.66,1.67,1.81,1.55,1.60,1.10,"",0,0.0,-14,-2.8,-4,-0.8,3,0.6,86798,2.3,-1735,-1.9,-645,-50.2,19,3.3
"05065","5","10","71","0","2017","4","",227,2127,2117,2127,17593675,2757280,75490,637,"",0.88,0.82,0.81,0.81,0.82,1.00,1.00,1.01,"",-5,-2.2,-120,-5.3,-91,-4.1,-110,-4.9,-991043,-5.3,255496,10.2,7616,11.2,-4,-0.6
"05067","0","10","70","0","2017","4","",443,5201,5158,5181,47216162,4196935,88348,701,"",1.00,1.00,1.00,1.00,1.00,1.00,1.00,1.00,"",-17,-3.7,-160,-3.0,-160,-3.0,-106,-2.0,66133,0.1,-330067,-7.3,-40527,-31.4,20,2.9
"05067","1","10","71","0","2017","4","",12,44,42,46,460713,0,0,805,"",4.52,0.44,0.43,0.46,0.35,0.00,0.00,0.80,"",0,0.0,3,7.3,-3,-6.7,2,4.5,49138,11.9,0,0.0,0,0.0,74,10.1
"05067","2","10","71","0","2017","4","",12,762,768,758,6302038,0,0,636,"",3.87,4.56,4.65,4.59,4.09,0.00,0.00,0.89,"",0,0.0,-4,-0.5,0,0.0,-7,-0.9,95661,1.5,0,0.0,0,0.0,13,2.1
"05067","3","10","71","0","2017","4","",32,578,583,587,4443709,274862,2281,587,"",4.25,1.12,1.14,1.14,1.09,3.31,4.91,0.97,"",0,0.0,0,0.0,-9,-1.5,5,0.9,51670,1.2,36943,15.5,-2551,-52.8,8,1.4
"05067","5","10","71","0","2017","4","",387,3817,3765,3790,36009702,3922073,86067,731,"",0.90,0.86,0.86,0.86,0.89,0.97,0.98,1.04,"",-17,-4.2,-159,-4.0,-148,-3.8,-106,-2.7,-130336,-0.4,-367010,-8.6,-37976,-30.6,23,3.2
"05069","0","10","70","0","2017","4","",2142,27899,28030,27892,292682971,24874736,477630,806,"",1.00,1.00,1.00,1.00,1.00,1.00,1.00,1.00,"",12,0.6,-632,-2.2,-491,-1.7,-485,-1.7,6286410,2.2,387028,1.6,-155530,-24.6,32,4.1
"05069","1","10","71","0","2017","4","",33,1385,1382,1389,25831664,0,0,1434,"",2.57,2.58,2.58,2.59,3.21,0.00,0.00,1.24,"",-2,-5.7,-69,-4.7,-83,-5.7,-78,-5.3,-1014193,-3.8,0,0.0,0,0.0,22,1.6
"05069","2","10","71","0","2017","4","",36,3454,3496,3480,33149560,42702,171,733,"",2.40,3.86,3.89,3.91,3.47,0.14,0.27,0.89,"",0,0.0,50,1.5,29,0.8,44,1.3,1844091,5.9,10699,33.4,11,6.9,32,4.6
"05069","3","10","71","0","2017","4","",40,2680,2695,2728,24176678,8314,571,689,"",1.10,0.97,0.97,0.99,0.96,0.02,0.23,0.99,"",1,2.6,-80,-2.9,-73,-2.6,-57,-2.0,-104500,-0.4,-8023,-49.1,-6,-1.0,15,2.2
"05069","5","10","71","0","2017","4","",2033,20380,20457,20295,209525069,24823720,476888,791,"",0.98,0.86,0.86,0.86,0.84,1.03,1.01,0.98,"",13,0.6,-533,-2.5,-364,-1.7,-394,-1.9,5561012,2.7,384352,1.6,-155535,-24.6,37,4.9
"05071","0","10","70","0","2017","4","",496,8719,8833,8824,73426741,7591763,120183,642,"",1.00,1.00,1.00,1.00,1.00,1.00,1.00,1.00,"",-20,-3.9,-67,-0.8,-147,-1.6,-105,-1.2,1407331,2.0,-574528,-7.0,-39999,-25.0,19,3.0
"05071","1","10","71","0","2017","4","",14,82,82,83,1088498,0,0,1017,"",4.71,0.49,0.49,0.49,0.54,0.00,0.00,1.11,"",0,0.0,0,0.0,-5,-5.7,-3,-3.5,-113521,-9.4,0,0.0,0,0.0,-71,-6.5
"05071","2","10","71","0","2017","4","",8,95,93,94,976444,0,0,799,"",2.30,0.34,0.33,0.33,0.41,0.00,0.00,1.22,"",0,0.0,-3,-3.1,-6,-6.1,-5,-5.1,97170,11.1,0,0.0,0,0.0,113,16.5
"05071","3","10","71","0","2017","4","",14,1009,1024,1032,8754082,111003,1291,659,"",1.66,1.17,1.17,1.18,1.39,0.74,2.04,1.18,"",0,0.0,-12,-1.2,-100,-8.9,11,1.1,607551,7.5,1376,1.3,232,21.9,65,10.9
"05071","5","10","71","0","2017","4","",460,7533,7634,7615,62607717,7480760,118892,634,"",0.96,1.02,1.02,1.02,1.00,1.02,1.00,0.98,"",-20,-4.2,-52,-0.7,-36,-0.5,-108,-1.4,816131,1.3,-575904,-7.1,-40231,-25.3,13,2.1
"05073","0","10","70","0","2017","4","",175,1205,1226,1232,10552157,1243313,25825,665,"",1.00,1.00,1.00,1.00,1.00,1.00,1.00,1.00,"",-6,-3.3,-14,-1.1,-14,-1.1,-6,-0.5,-171628,-1.6,-213188,-14.6,-5989,-18.8,-4,-0.6
"05073","1","10","71","0","2017","4","",7,27,27,26,302110,0,0,871,"",6.67,1.16,1.15,1.10,1.04,0.00,0.00,0.92,"",0,0.0,2,8.0,-5,-15.6,-2,-7.1,2697,0.9,0,0.0,0,0.0,58,7.1
"05073","2","10","71","0","2017","4","",9,123,123,124,879423,0,0,548,"",7.34,3.18,3.13,3.16,2.55,0.00,0.00,0.81,"",2,28.6,90,272.7,91,284.4,93,300.0,644317,274.1,0,0.0,0,0.0,-17,-3.0
"05073","3","10","71","0","2017","4","",14,309,312,308,2213184,126228,2402,550,"",4.71,2.59,2.56,2.53,2.44,5.13,17.67,0.95,"",1,7.7,7,2.3,0,0.0,-5,-1.6,3926,0.2,-13085,-9.4,-196,-7.5,0,0.0
"05073","5","10","71","0","2017","4","",145,746,764,774,7157440,1117085,23423,723,"",0.85,0.73,0.73,0.74,0.79,0.93,0.91,1.08,"",-9,-5.8,-113,-13.2,-100,-11.6,-92,-10.6,-822568,-10.3,-200103,-15.2,-5793,-19.8,12,1.7
"05075","0","10","70","0","2017","4","",424,4054,4070,4035,34291665,3769348,87923,651,"",1.00,1.00,1.00,1.00,1.00,1.00,1.00,1.00,"",0,0.0,-79,-1.9,-40,-1.0,-11,-0.3,853634,2.6,-118681,-3.1,-17160,-16.3,23,3.7
"05075","1","10","71","0","2017","4","",16,47,49,49,535715,0,0,853,"",6.29,0.60,0.63,0.63,0.57,0.00,0.00,0.92,"",0,0.0,-5,-9.6,-3,-5.8,-1,-2.0,-45494,-7.8,0,0.0,0,0.0,-18,-2.1
"05075","2","10","71","0","2017","4","",9,79,77,76,637572,0,0,634,"",3.03,0.61,0.59,0.59,0.57,0.00,0.00,0.95,"",0,0.0,1,1.3,0,0.0,0,0.0,87914,16.0,0,0.0,0,0.0,85,15.5
"05075","3","10","71","0","2017","4","",24,1103,1114,1101,9044195,411556,3106,629,"",3.33,2.75,2.76,2.76,3.07,5.52,6.71,1.11,"",-1,-4.0,31,2.9,49,4.6,38,3.6,174655,2.0,-11043,-2.6,-4269,-57.9,-11,-1.7
"05075","5","10","71","0","2017","4","",375,2825,2830,2809,24074183,3357792,84817,656,"",0.91,0.82,0.82,0.82,0.82,0.92,0.97,1.00,"",1,0.3,-106,-3.6,-86,-2.9,-48,-1.7,636559,2.7,-107638,-3.1,-12891,-13.2,35,5.6
"05077","0","10","70","0","2017","4","",289,1999,1958,1934,16734780,1991058,64171,656,"",1.00,1.00,1.00,1.00,1.00,1.00,1.00,1.00,"",-16,-5.2,-2,-0.1,-40,-2.0,-16,-0.8,629856,3.9,-24813,-1.2,-6797,-9.6,31,5.0
"05077","1","10","71","0","2017","4","",11,30,32,33,369226,0,0,897,"",6.35,0.78,0.85,0.89,0.80,0.00,0.00,0.96,"",0,0.0,-2,-6.2,-3,-8.6,-4,-10.8,-27705,-7.0,0,0.0,0,0.0,16,1.8
"05077","2","10","71","0","2017","4","N",6,0,0,0,0,0,0,0,"N",2.96,0,0,0,0,0,0,0,"N",0,0.0,0,0,0,0,0,0,0,0,0,0,0,0,0,0
"05077","3","10","71","0","2017","4","N",15,0,0,0,0,0,0,0,"N",3.05,0,0,0,0,0,0,0,"N",0,0.0,0,0,0,0,0,0,0,0,0,0,0,0,0,0
"05077","5","10","71","0","2017","4","",257,1259,1219,1198,11044261,1948372,63861,693,"",0.92,0.74,0.73,0.73,0.77,1.01,1.00,1.05,"",-16,-5.9,-45,-3.5,-79,-6.1,-62,-4.9,-666901,-5.7,-34526,-1.7,-6848,-9.7,-7,-1.0
"05079","0","10","70","0","2017","4","",299,2798,2778,2791,23833572,2326301,48255,657,"",1.00,1.00,1.00,1.00,1.00,1.00,1.00,1.00,"",5,1.7,-84,-2.9,-82,-2.9,-59,-2.1,942647,4.1,74504,3.3,-3298,-6.4,42,6.8
"05079","1","10","71","0","2017","4","",8,23,23,24,289248,0,0,954,"",4.46,0.43,0.43,0.45,0.44,0.00,0.00,1.02,"",0,0.0,-1,-4.2,1,4.5,-1,-4.0,16802,6.2,0,0.0,0,0.0,68,7.7
"05079","2","10","71","0","2017","4","",10,790,794,798,7344331,0,0,712,"",4.77,8.80,8.92,8.97,9.44,0.00,0.00,1.06,"",-1,-9.1,-40,-4.8,-33,-4.0,-26,-3.2,401211,5.8,0,0.0,0,0.0,66,10.2
"05079","3","10","71","0","2017","4","",7,350,343,338,2805074,154000,1200,628,"",1.38,1.26,1.24,1.22,1.37,3.34,4.73,1.10,"",0,0.0,-14,-3.8,-21,-5.8,-27,-7.4,104496,3.9,16079,11.7,-298,-19.9,58,10.2
"05079","5","10","71","0","2017","4","",274,1635,1618,1631,13394919,2172301,47055,633,"",0.94,0.69,0.69,0.69,0.66,0.97,0.98,0.96,"",6,2.2,-29,-1.7,-29,-1.8,-5,-0.3,420138,3.2,58425,2.8,-3000,-6.0,28,4.6
"05081","0","10","70","0","2017","4","",260,3343,3396,3395,40815286,2544272,57794,929,"",1.00,1.00,1.00,1.00,1.00,1.00,1.00,1.00,"",4,1.6,-85,-2.5,-38,-1.1,-64,-1.9,-2595496,-6.0,154283,6.5,3562,6.6,-42,-4.3
"05081","1","10","71","0","2017","4","",10,44,43,41,549276,0,0,990,"",6.41,0.68,0.66,0.63,0.49,0.00,0.00,0.75,"",0,0.0,1,2.3,-1,-2.3,-5,-10.9,48395,9.7,0,0.0,0,0.0,121,13.9
"05081","2","10","71","0","2017","4","",10,77,77,79,583935,0,0,578,"",5.49,0.72,0.71,0.73,0.44,0.00,0.00,0.61,"",0,0.0,1,1.3,-2,-2.5,0,0.0,38540,7.1,0,0.0,0,0.0,40,7.4
"05081","3","10","71","0","2017","4","",20,700,693,688,5517592,67609,1016,612,"",4.53,2.11,2.05,2.05,1.57,1.34,3.34,0.76,"",0,0.0,-4,-0.6,-2,-0.3,-33,-4.6,105441,1.9,-31471,-31.8,-1161,-53.3,23,3.9
"05081","5","10","71","0","2017","4","",220,2522,2583,2587,34164483,2476663,56778,1025,"",0.87,0.89,0.90,0.90,0.98,1.01,0.99,1.10,"",4,1.9,-83,-3.2,-33,-1.3,-26,-1.0,-2787872,-7.5,185754,8.1,4723,9.1,-64,-5.9
"05083","0","10","70","0","2017","4","",517,5414,5418,5408,44535701,4560625,61467,633,"",1.00,1.00,1.00,1.00,1.00,1.00,1.00,1.00,"",5,1.0,-79,-1.4,-88,-1.6,-134,-2.4,261039,0.6,325579,7.7,-14131,-18.7,15,2.4
"05083","1","10","71","0","2017","4","",14,94,94,96,1267183,0,0,1030,"",4.51,0.90,0.91,0.92,1.04,0.00,0.00,1.14,"",0,0.0,-3,-3.1,0,0.0,1,1.1,-1746,-0.1,0,0.0,0,0.0,6,0.6
"05083","2","10","71","0","2017","4","",12,516,516,523,3250815,0,0,482,"",3.31,2.97,2.97,3.03,2.24,0.00,0.00,0.75,"",-1,-7.7,-10,-1.9,-16,-3.0,-18,-3.3,359989,12.5,0,0.0,0,0.0,65,15.6
"05083","3","10","71","0","2017","4","",22,791,802,801,6404853,221780,1865,617,"",2.50,1.47,1.49,1.50,1.67,2.46,5.77,1.12,"",0,0.0,-3,-0.4,7,0.9,6,0.8,90460,1.4,59275,36.5,291,18.5,6,1.0
"05083","5","10","71","0","2017","4","",469,4013,4006,3988,33612850,4338845,59602,646,"",0.94,0.87,0.87,0.87,0.88,0.98,0.98,1.02,"",6,1.3,-63,-1.5,-79,-1.9,-123,-3.0,-187664,-0.6,266304,6.5,-14422,-19.5,10,1.6
"05085","0","10","70","0","2017","4","",1303,13950,13841,13716,121273931,15219354,219645,674,"",1.00,1.00,1.00,1.00,1.00,1.00,1.00,1.00,"",-6,-0.5,-110,-0.8,-97,-0.7,-251,-1.8,-2773792,-2.2,404279,2.7,-57840,-20.8,-8,-1.2
"05085","1","10","71","0","2017","4","",15,135,132,131,1794239,0,0,1040,"",1.92,0.50,0.50,0.50,0.54,0.00,0.00,1.08,"",1,7.1,10,8.0,-3,-2.2,-2,-1.5,102139,6.0,0,0.0,0,0.0,46,4.6
"05085","2","10","71","0","2017","4","",14,163,161,162,1487393,0,0,706,"",1.53,0.36,0.36,0.37,0.38,0.00,0.00,1.03,"",-1,-6.7,29,21.6,25,18.4,29,21.8,484744,48.3,0,0.0,0,0.0,132,23.0
"05085","3","10","71","0","2017","4","",25,2641,2630,2622,23010797,1683681,31940,673,"",1.13,1.91,1.91,1.93,2.21,5.59,27.63,1.15,"",0,0.0,26,1.0,61,2.4,48,1.9,165589,0.7,1073367,175.9,22916,253.9,-7,-1.0
"05085","5","10","71","0","2017","4","",1249,11011,10918,10801,94981502,13535673,187705,670,"",0.99,0.93,0.93,0.93,0.92,0.92,0.86,0.99,"",-6,-0.5,-175,-1.6,-180,-1.6,-326,-2.9,-3526264,-3.6,-669088,-4.7,-80756,-30.1,-10,-1.5
"05087","0","10","70","0","2017","4","",270,3388,3408,3365,33577589,4102328,63733,763,"",1.00,1.00,1.00,1.00,1.00,1.00,1.00,1.00,"",7,2.7,80,2.4,103,3.1,116,3.6,6013908,21.8,785139,23.7,3728,6.2,118,18.3
"05087","1","10","71","0","2017","4","",14,42,44,40,533900,0,0,978,"",8.65,0.64,0.67,0.62,0.58,0.00,0.00,0.90,"",0,0.0,2,5.0,5,12.8,-1,-2.4,25399,5.0,0,0.0,0,0.0,0,0.0
"05087","2","10","71","0","2017","4","",7,40,39,38,338917,0,0,668,"",3.70,0.37,0.36,0.35,0.31,0.00,0.00,0.86,"",0,0.0,2,5.3,1,2.6,2,5.6,76855,29.3,0,0.0,0,0.0,128,23.7
"05087","3","10","71","0","2017","4","",9,557,555,566,7531711,105064,556,1036,"",1.96,1.66,1.64,1.70,2.61,1.29,1.66,1.57,"",0,0.0,29,5.5,21,3.9,45,8.6,2814266,59.7,11253,12.0,-312,-35.9,348,50.6
"05087","5","10","71","0","2017","4","",240,2749,2770,2721,25173061,3997264,63177,705,"",0.92,0.96,0.96,0.95,0.88,1.01,1.00,0.92,"",7,3.0,47,1.7,76,2.8,70,2.6,3097388,14.0,773886,24.0,4040,6.8,72,11.4
"05089","0","10","70","0","2017","4","",288,3735,3725,3728,28550377,3836939,56752,589,"",1.00,1.00,1.00,1.00,1.00,1.00,1.00,1.00,"",2,0.7,-27,-0.7,-23,-0.6,-18,-0.5,730030,2.6,387417,11.2,-294,-0.5,19,3.3
"05089","1","10","71","0","2017","4","",9,35,32,32,375353,0,0,875,"",5.21,0.49,0.45,0.45,0.48,0.00,0.00,1.04,"",0,0.0,2,6.1,2,6.7,2,6.7,31267,9.1,0,0.0,0,0.0,21,2.5
"05089","2","10","71","0","2017","4","",7,39,39,40,350486,0,0,685,"",3.47,0.33,0.33,0.34,0.38,0.00,0.00,1.14,"",0,0.0,0,0.0,1,2.6,2,5.3,73394,26.5,0,0.0,0,0.0,129,23.2
"05089","3","10","71","0","2017","4","",17,485,501,498,3364174,21654,455,523,"",3.47,1.31,1.35,1.35,1.37,0.29,1.52,1.02,"",0,0.0,2,0.4,4,0.8,16,3.3,-332971,-9.0,-24817,-53.4,-471,-50.9,-61,-10.4
"05089","5","10","71","0","2017","4","",255,3176,3153,3158,24460364,3815285,56297,595,"",0.91,1.00,1.00,1.00,1.00,1.03,1.00,1.00,"",2,0.8,-31,-1.0,-30,-0.9,-38,-1.2,958340,4.1,412234,12.1,177,0.3,29,5.1
"05091","0","10","70","0","2017","4","",897,12906,12982,13150,130418024,16643241,328457,771,"",1.00,1.00,1.00,1.00,1.00,1.00,1.00,1.00,"",-9,-1.0,-15,-0.1,113,0.9,232,1.8,1314076,1.0,1066629,6.8,-690,-0.2,1,0.1
"05091","1","10","71","0","2017","4","",14,49,53,52,913226,0,0,1368,"",2.60,0.20,0.21,0.21,0.25,0.00,0.00,1.24,"",0,0.0,-4,-7.5,-4,-7.0,-5,-8.8,-11163,-1.2,0,0.0,0,0.0,91,7.1
"05091","2","10","71","0","2017","4","",15,466,464,462,5043071,0,0,836,"",2.39,1.12,1.12,1.10,1.18,0.00,0.00,1.06,"",-1,-6.2,-12,-2.5,-14,-2.9,-17,-3.5,477590,10.5,0,0.0,0,0.0,102,13.9
"05091","3","10","71","0","2017","4","",24,1462,1482,1475,13751016,300565,3073,718,"",1.57,1.14,1.15,1.13,1.23,0.91,1.78,1.07,"",0,0.0,28,2.0,52,3.6,39,2.7,380597,2.8,40921,15.8,-793,-20.5,0,0.0
"05091","5","10","71","0","2017","4","",844,10929,10983,11161,110710711,16342676,325384,772,"",0.97,1.00,1.00,1.00,0.99,1.01,1.00,1.00,"",-8,-0.9,-27,-0.2,79,0.7,215,2.0,467052,0.4,1025708,6.7,103,0.0,-3,-0.4
"05093","0","10","70","0","2017","4","",1146,18358,18298,18238,220125516,20810350,548122,925,"",1.00,1.00,1.00,1.00,1.00,1.00,1.00,1.00,"",-38,-3.2,-369,-2.0,164,0.9,284,1.6,10105602,4.8,-857917,-4.0,-251170,-31.4,41,4.6
"05093","1","10","71","0","2017","4","",21,97,99,98,1239809,0,0,973,"",3.06,0.27,0.28,0.28,0.20,0.00,0.00,0.74,"",1,5.0,0,0.0,-2,-2.0,-6,-5.8,-30207,-2.4,0,0.0,0,0.0,3,0.3
"05093","2","10","71","0","2017","4","",23,522,521,528,4243295,0,0,623,"",2.86,0.89,0.89,0.91,0.59,0.00,0.00,0.66,"",0,0.0,17,3.4,18,3.6,26,5.2,197104,4.9,0,0.0,0,0.0,5,0.8
"05093","3","10","71","0","2017","4","",49,1941,1947,1961,17211340,191496,2131,679,"",2.52,1.07,1.07,1.09,0.91,0.46,0.74,0.85,"",0,0.0,-98,-4.8,-73,-3.6,-64,-3.2,22769,0.1,-27238,-12.5,-1048,-33.0,27,4.1
"05093","5","10","71","0","2017","4","",1053,15798,15731,15651,197431072,20618854,545991,966,"",0.95,1.01,1.01,1.01,1.05,1.02,1.00,1.04,"",-39,-3.6,-288,-1.8,221,1.4,328,2.1,9915936,5.3,-830679,-3.9,-250122,-31.4,44,4.8
"05095","0","10","70","0","2017","4","",310,2066,2017,2031,15715371,1883996,31764,593,"",1.00,1.00,1.00,1.00,1.00,1.00,1.00,1.00,"",-4,-1.3,-63,-3.0,-72,-3.4,-59,-2.8,-152275,-1.0,-326412,-14.8,-14807,-31.8,13,2.2
"05095","1","10","71","0","2017","4","",8,33,30,30,328638,0,0,815,"",4.30,0.83,0.78,0.77,0.76,0.00,0.00,0.96,"",0,0.0,-2,-5.7,0,0.0,-6,-16.7,-25031,-7.1,0,0.0,0,0.0,7,0.9
"05095","2","10","71","0","2017","4","",7,65,65,65,677914,0,0,802,"",3.22,0.98,1.01,1.00,1.32,0.00,0.00,1.33,"",0,0.0,2,3.2,3,4.8,4,6.6,112945,20.0,0,0.0,0,0.0,101,14.4
"05095","3","10","71","0","2017","4","",21,365,346,338,2284183,127159,2018,502,"",3.99,1.78,1.73,1.68,1.69,3.41,12.07,0.98,"",0,0.0,5,1.4,3,0.9,-13,-3.7,-310161,-12.0,-19736,-13.4,1090,117.5,-66,-11.6
"05095","5","10","71","0","2017","4","",274,1603,1576,1598,12424636,1756837,29746,600,"",0.91,0.91,0.92,0.93,0.93,0.96,0.94,1.01,"",-4,-1.4,-68,-4.1,-78,-4.7,-44,-2.7,69972,0.6,-306676,-14.9,-15897,-34.8,26,4.5
"05097","0","10","70","0","2017","4","",176,1353,1320,1324,9347732,1099450,23740,540,"",1.00,1.00,1.00,1.00,1.00,1.00,1.00,1.00,"",0,0.0,-44,-3.1,-43,-3.2,-16,-1.2,-117479,-1.2,4417,0.4,-4664,-16.4,7,1.3
"05097","1","10","71","0","2017","4","",11,44,42,40,515923,0,0,945,"",10.42,1.69,1.66,1.57,2.01,0.00,0.00,1.22,"",0,0.0,-1,-2.2,-4,-8.7,-4,-9.1,-71175,-12.1,0,0.0,0,0.0,-59,-5.9
"05097","2","10","71","0","2017","4","",7,34,34,33,320174,0,0,732,"",5.68,0.78,0.80,0.78,1.05,0.00,0.00,1.33,"",0,0.0,-1,-2.9,0,0.0,-2,-5.7,17789,5.9,0,0.0,0,0.0,61,9.1
"05097","3","10","71","0","2017","4","",9,452,460,443,3397969,70055,434,579,"",3.01,3.37,3.51,3.38,4.23,3.22,3.47,1.24,"",0,0.0,-2,-0.4,16,3.6,-8,-1.8,91440,2.8,-9610,-12.1,-1070,-71.1,13,2.3
"05097","5","10","71","0","2017","4","",149,823,784,808,5113666,1029395,23306,489,"",0.87,0.72,0.70,0.72,0.64,0.97,0.99,0.90,"",0,0.0,-40,-4.6,-55,-6.6,-2,-0.2,-155533,-3.0,14027,1.4,-3594,-13.4,5,1.0
"05099","0","10","70","0","2017","4","",205,2425,2400,2398,22140139,2378646,45459,707,"",1.00,1.00,1.00,1.00,1.00,1.00,1.00,1.00,"",0,0.0,-94,-3.7,-111,-4.4,-112,-4.5,430280,2.0,-123614,-4.9,-7362,-13.9,43,6.5
"05099","1","10","71","0","2017","4","",8,22,23,25,226074,0,0,745,"",6.51,0.47,0.50,0.54,0.37,0.00,0.00,0.74,"",0,0.0,-3,-12.0,0,0.0,0,0.0,13188,6.2,0,0.0,0,0.0,72,10.7
"05099","2","10","71","0","2017","4","",9,54,55,55,448584,0,0,631,"",6.27,0.69,0.72,0.72,0.62,0.00,0.00,0.88,"",0,0.0,1,1.9,3,5.8,4,7.8,57338,14.7,0,0.0,0,0.0,52,9.0
"05099","3","10","71","0","2017","4","",28,374,373,370,2795958,195549,1475,578,"",8.04,1.56,1.57,1.56,1.47,4.15,6.17,0.94,"",0,0.0,1,0.3,3,0.8,-4,-1.1,95516,3.5,947,0.5,-368,-20.0,20,3.6
"05099","5","10","71","0","2017","4","",160,1975,1949,1948,18669523,2183097,43984,734,"",0.80,0.96,0.96,0.96,0.99,0.95,0.97,1.03,"",0,0.0,-93,-4.5,-117,-5.7,-112,-5.4,264238,1.4,-124561,-5.4,-6994,-13.7,48,7.0
"05101","0","10","70","0","2017","4","",131,1092,1079,1074,6886571,739683,13827,490,"",1.00,1.00,1.00,1.00,1.00,1.00,1.00,1.00,"",1,0.8,6,0.6,8,0.7,44,4.3,131620,1.9,52795,7.7,-896,-6.1,1,0.2
"05101","1","10","71","0","2017","4","",13,45,42,42,513866,0,0,919,"",16.55,2.14,2.03,2.03,2.71,0.00,0.00,1.31,"",0,0.0,-1,-2.2,-2,-4.5,-3,-6.7,-101366,-16.5,0,0.0,0,0.0,-133,-12.6
"05101","2","10","71","0","2017","4","",7,38,36,36,312452,0,0,655,"",7.63,1.08,1.04,1.05,1.39,0.00,0.00,1.31,"",0,0.0,2,5.6,0,0.0,1,2.9,51020,19.5,0,0.0,0,0.0,91,16.1
"05101","3","10","71","0","2017","4","N",14,0,0,0,0,0,0,0,"N",6.29,0,0,0,0,0,0,0,"N",1,7.7,0,0,0,0,0,0,0,0,0,0,0,0,0,0
"05101","5","10","71","0","2017","4","N",97,0,0,0,0,0,0,0,"N",0.76,0,0,0,0,0,0,0,"N",0,0.0,0,0,0,0,0,0,0,0,0,0,0,0,0,0
"05103","0","10","70","0","2017","4","",672,6982,6969,6955,63367961,6689738,117439,699,"",1.00,1.00,1.00,1.00,1.00,1.00,1.00,1.00,"",11,1.7,-97,-1.4,-134,-1.9,-124,-1.8,1638011,2.7,676184,11.2,-25633,-17.9,29,4.3
"05103","1","10","71","0","2017","4","",9,94,90,93,1516421,0,0,1263,"",2.23,0.70,0.67,0.69,0.87,0.00,0.00,1.26,"",0,0.0,4,4.4,5,5.9,1,1.1,118910,8.5,0,0.0,0,0.0,55,4.6
"05103","2","10","71","0","2017","4","",13,635,650,634,5598970,0,0,673,"",2.76,2.83,2.91,2.86,2.71,0.00,0.00,0.94,"",0,0.0,-23,-3.5,-1,-0.2,-5,-0.8,72835,1.3,0,0.0,0,0.0,18,2.7
"05103","3","10","71","0","2017","4","",29,1084,1086,1090,9278669,348768,2381,657,"",2.54,1.57,1.57,1.58,1.70,2.63,3.85,1.08,"",0,0.0,9,0.8,11,1.0,13,1.2,345852,3.9,51514,17.3,-2099,-46.9,18,2.8
"05103","5","10","71","0","2017","4","",621,5169,5143,5138,46973901,6340970,115058,702,"",0.95,0.87,0.87,0.87,0.87,0.98,0.99,1.00,"",11,1.8,-87,-1.7,-149,-2.8,-133,-2.5,1100414,2.4,624670,10.9,-23534,-17.0,33,4.9
"05105","0","10","70","0","2017","4","",146,1183,1177,1173,9711063,1217931,35948,634,"",1.00,1.00,1.00,1.00,1.00,1.00,1.00,1.00,"",-3,-2.0,4,0.3,-18,-1.5,-43,-3.5,-75674,-0.8,-34624,-2.8,-3711,-9.4,5,0.8
"05105","1","10","71","0","2017","4","",7,23,21,22,249153,0,0,871,"",7.99,1.01,0.93,0.97,0.93,0.00,0.00,0.96,"",0,0.0,2,9.5,-1,-4.5,0,0.0,11470,4.8,0,0.0,0,0.0,27,3.2
"05105","2","10","71","0","2017","4","",7,32,32,32,300766,0,0,723,"",6.84,0.84,0.85,0.86,0.95,0.00,0.00,1.12,"",0,0.0,-1,-3.0,1,3.2,1,3.2,42649,16.5,0,0.0,0,0.0,96,15.3
"05105","3","10","71","0","2017","4","",10,352,352,354,2725546,60715,883,594,"",4.03,3.00,3.01,3.05,3.26,2.52,4.67,1.08,"",0,0.0,-1,-0.3,0,0.0,2,0.6,76761,2.9,-2051,-3.3,335,61.1,16,2.8
"05105","5","10","71","0","2017","4","",122,776,772,765,6435598,1157216,35065,642,"",0.86,0.77,0.77,0.77,0.78,0.98,0.98,1.01,"",-3,-2.4,4,0.5,-18,-2.3,-46,-5.7,-206554,-3.1,-32573,-2.7,-4046,-10.3,-4,-0.6
"05107","0","10","70","0","2017","4","",783,5443,5483,5467,46173334,5204399,122008,650,"",1.00,1.00,1.00,1.00,1.00,1.00,1.00,1.00,"",-11,-1.4,-48,-0.9,34,0.6,37,0.7,1514245,3.4,-92106,-1.7,-13426,-9.9,20,3.2
"05107","1","10","71","0","2017","4","",19,53,54,61,637533,0,0,876,"",4.05,0.51,0.51,0.58,0.50,0.00,0.00,0.94,"",-1,-5.0,-2,-3.6,-4,-6.9,2,3.4,1557,0.2,0,0.0,0,0.0,23,2.7
"05107","2","10","71","0","2017","4","",14,339,345,348,3010823,0,0,673,"",2.55,1.94,1.96,2.00,2.00,0.00,0.00,1.02,"",0,0.0,-12,-3.4,-1,-0.3,7,2.1,371169,14.1,0,0.0,0,0.0,86,14.7
"05107","3","10","71","0","2017","4","",26,791,811,806,6840613,251763,1272,656,"",1.95,1.47,1.49,1.49,1.72,2.44,1.98,1.16,"",-1,-3.7,26,3.4,56,7.4,45,5.9,517097,8.2,-14539,-5.5,-1938,-60.4,16,2.5
"05107","5","10","71","0","2017","4","",724,4260,4273,4252,35684365,4952636,120736,644,"",0.95,0.92,0.92,0.92,0.91,0.98,1.00,0.99,"",-9,-1.2,-60,-1.4,-17,-0.4,-17,-0.4,624422,1.8,-77567,-1.5,-11488,-8.7,16,2.5
"05109","0","10","70","0","2017","4","",263,2551,2559,2573,21516481,2687263,52255,646,"",1.00,1.00,1.00,1.00,1.00,1.00,1.00,1.00,"",0,0.0,70,2.8,62,2.5,47,1.9,2078828,10.7,58013,2.2,-1697,-3.1,48,8.0
"05109","1","10","71","0","2017","4","",10,44,44,46,673914,0,0,1161,"",6.34,0.90,0.90,0.93,1.14,0.00,0.00,1.26,"",0,0.0,-5,-10.2,-5,-10.2,-3,-6.1,2921,0.4,0,0.0,0,0.0,108,10.3
"05109","2","10","71","0","2017","4","",9,111,108,107,586703,0,0,415,"",4.88,1.36,1.32,1.30,0.84,0.00,0.00,0.63,"",0,0.0,16,16.8,14,14.9,14,15.1,59023,11.2,0,0.0,0,0.0,-17,-3.9
"05109","3","10","71","0","2017","4","",10,445,447,436,3462019,29087,262,602,"",2.24,1.76,1.76,1.71,1.87,0.55,0.95,1.07,"",0,0.0,3,0.7,-2,-0.4,-14,-3.1,157570,4.8,9614,49.4,75,40.1,33,5.8
"05109","5","10","71","0","2017","4","",234,1951,1960,1984,16793845,2658176,51993,657,"",0.92,0.90,0.90,0.91,0.91,1.02,1.00,1.01,"",0,0.0,56,3.0,55,2.9,50,2.6,1859314,12.4,48399,1.9,-1772,-3.3,56,9.3
"05111","0","10","70","0","2017","4","",524,5330,5362,5240,49009215,5171539,123413,710,"",1.00,1.00,1.00,1.00,1.00,1.00,1.00,1.00,"",-14,-2.6,-62,-1.1,44,0.8,-46,-0.9,1115003,2.3,29943,0.6,-7850,-6.0,19,2.7
"05111","1","10","71","0","2017","4","",12,59,66,61,778759,0,0,966,"",3.82,0.58,0.64,0.60,0.58,0.00,0.00,0.95,"",0,0.0,-1,-1.7,7,11.9,-2,-3.2,3902,0.5,0,0.0,0,0.0,-16,-1.6
"05111","2","10","71","0","2017","4","",11,165,164,161,1325582,0,0,624,"",3.00,0.96,0.95,0.96,0.83,0.00,0.00,0.86,"",1,10.0,54,48.6,53,47.7,47,41.2,411397,45.0,0,0.0,0,0.0,-4,-0.6
"05111","3","10","71","0","2017","4","",30,1042,1048,1020,8483072,83334,968,629,"",3.37,1.97,1.97,1.97,2.01,0.81,1.49,1.02,"",0,0.0,-32,-3.0,0,0.0,-25,-2.4,145584,1.7,-26867,-24.4,-90,-8.5,21,3.5
"05111","5","10","71","0","2017","4","",471,4064,4084,3998,38421802,5088205,122445,730,"",0.93,0.90,0.90,0.90,0.92,1.02,1.00,1.02,"",-15,-3.1,-83,-2.0,-16,-0.4,-66,-1.6,554120,1.5,56810,1.1,-7760,-6.0,20,2.8
"05113","0","10","70","0","2017","4","",515,5812,5826,5864,46032319,5176302,117693,607,"",1.00,1.00,1.00,1.00,1.00,1.00,1.00,1.00,"",4,0.8,28,0.5,-80,-1.4,9,0.2,1496685,3.4,402485,8.4,20743,21.4,21,3.6
"05113","1","10","71","0","2017","4","",12,87,88,90,1103732,0,0,961,"",3.88,0.78,0.79,0.80,0.87,0.00,0.00,1.11,"",0,0.0,2,2.4,1,1.1,0,0.0,38325,3.6,0,0.0,0,0.0,23,2.5
"05113","2","10","71","0","2017","4","",13,310,315,318,1933704,0,0,473,"",3.60,1.66,1.69,1.70,1.29,0.00,0.00,0.76,"",0,0.0,-3,-1.0,-5,-1.6,-4,-1.2,92177,5.0,0,0.0,0,0.0,28,6.3
"05113","3","10","71","0","2017","4","",21,688,685,698,5403126,101888,657,602,"",2.40,1.19,1.18,1.20,1.37,0.99,1.06,1.14,"",0,0.0,-29,-4.0,-89,-11.5,-15,-2.1,2190,0.0,2563,2.6,-132,-16.7,36,6.4
"05113","5","10","71","0","2017","4","",469,4727,4738,4758,37591757,5074414,117036,610,"",0.94,0.96,0.96,0.95,0.96,1.01,1.00,1.00,"",4,0.9,58,1.2,13,0.3,28,0.6,1363993,3.8,399922,8.6,20875,21.7,18,3.0
"05115","0","10","70","0","2017","4","",1844,25669,25848,25946,267598938,27897492,556040,797,"",1.00,1.00,1.00,1.00,1.00,1.00,1.00,1.00,"",3,0.2,-919,-3.5,-747,-2.8,-416,-1.6,-11700871,-4.2,-1199473,-4.1,-341877,-38.1,-13,-1.6
"05115","1","10","71","0","2017","4","",20,260,264,260,3851506,0,0,1134,"",1.81,0.53,0.53,0.52,0.52,0.00,0.00,0.99,"",-1,-4.8,4,1.6,2,0.8,-5,-1.9,-20546,-0.5,0,0.0,0,0.0,-7,-0.6
"05115","2","10","71","0","2017","4","",15,1707,1717,1725,16959919,0,0,760,"",1.16,2.07,2.07,2.08,1.94,0.00,0.00,0.94,"",0,0.0,-8,-0.5,5,0.3,22,1.3,595541,3.6,0,0.0,0,0.0,24,3.3
"05115","3","10","71","0","2017","4","",43,2176,2173,2163,20048706,160681,1217,710,"",1.37,0.86,0.85,0.84,0.87,0.29,0.42,1.03,"",1,2.4,18,0.8,-58,-2.6,26,1.2,859349,4.5,15566,10.7,-603,-33.1,31,4.6
"05115","5","10","71","0","2017","4","",1766,21526,21694,21798,226738807,27736811,554823,805,"",0.99,0.99,0.99,0.99,0.99,1.03,1.00,1.00,"",3,0.2,-933,-4.2,-696,-3.1,-459,-2.1,-13135215,-5.5,-1215039,-4.2,-341274,-38.1,-20,-2.4
"05117","0","10","70","0","2017","4","",267,1523,1520,1516,13314771,1492675,25905,674,"",1.00,1.00,1.00,1.00,1.00,1.00,1.00,1.00,"",-2,-0.7,3,0.2,9,0.6,-11,-0.7,96106,0.7,-398524,-21.1,-21425,-45.3,5,0.7
"05117","1","10","71","0","2017","4","",11,43,41,43,497734,0,0,904,"",6.87,1.47,1.41,1.47,1.36,0.00,0.00,0.94,"",0,0.0,7,19.4,4,10.8,5,13.2,62401,14.3,0,0.0,0,0.0,-1,-0.1
"05117","2","10","71","0","2017","4","",7,27,27,27,232559,0,0,663,"",3.74,0.55,0.55,0.56,0.53,0.00,0.00,0.96,"",0,0.0,-1,-3.6,0,0.0,0,0.0,21054,10.0,0,0.0,0,0.0,68,11.4
"05117","3","10","71","0","2017","4","",16,318,323,324,2463276,107703,712,589,"",3.53,2.11,2.14,2.16,2.15,3.64,5.22,1.01,"",1,6.7,13,4.3,9,2.9,20,6.6,99762,4.2,-4328,-3.9,-1356,-65.6,-2,-0.3
"05117","5","10","71","0","2017","4","",233,1135,1129,1122,10121202,1384972,25193,690,"",0.90,0.88,0.87,0.87,0.89,0.96,0.98,1.02,"",-3,-1.3,-16,-1.4,-4,-0.4,-36,-3.1,-87111,-0.9,-394196,-22.2,-20069,-44.3,6,0.9
"05119","0","10","70","0","2017","4","",14415,252357,253377,253470,3194070014,245277482,4266495,971,"",1.00,1.00,1.00,1.00,1.00,1.00,1.00,1.00,"",25,0.2,2664,1.1,2977,1.2,2594,1.0,106332591,3.4,9864029,4.2,-669484,-13.6,22,2.3
"05119","1","10","71","0","2017","4","",100,8963,9030,9166,173148774,0,0,1471,"",1.16,1.85,1.86,1.88,1.97,0.00,0.00,1.06,"",-1,-1.0,-92,-1.0,-34,-0.4,27,0.3,6914124,4.2,0,0.0,0,0.0,64,4.5
"05119","2","10","71","0","2017","4","",196,27686,27788,27822,376968522,228770,8007,1044,"",1.94,3.42,3.42,3.44,3.62,0.07,1.42,1.05,"",-28,-12.5,-625,-2.2,-599,-2.1,-571,-2.0,10064420,2.7,17038,8.0,-1309,-14.1,49,4.9
"05119","3","10","71","0","2017","4","",109,15397,15440,15377,172789591,467770,4432,863,"",0.44,0.62,0.61,0.61,0.63,0.10,0.20,1.02,"",0,0.0,511,3.4,496,3.3,517,3.5,11294246,7.0,137267,41.5,-625,-12.4,29,3.5
"05119","5","10","71","0","2017","4","",14010,200311,201119,201105,2471163127,244580942,4254056,946,"",1.00,0.93,0.93,0.93,0.91,1.03,1.00,0.97,"",54,0.4,2870,1.5,3114,1.6,2621,1.3,78059801,3.3,9709724,4.1,-667550,-13.6,16,1.7
"05121","0","10","70","0","2017","4","",399,5486,5513,5544,44807693,6308152,98847,625,"",1.00,1.00,1.00,1.00,1.00,1.00,1.00,1.00,"",-10,-2.4,216,4.1,252,4.8,257,4.9,3568215,8.7,-226127,-3.5,-9178,-8.5,23,3.8
"05121","1","10","71","0","2017","4","",8,45,46,47,548569,0,0,917,"",3.34,0.43,0.44,0.44,0.45,0.00,0.00,1.03,"",0,0.0,6,15.4,4,9.5,6,14.6,70303,14.7,0,0.0,0,0.0,12,1.3
"05121","2","10","71","0","2017","4","",10,290,277,281,2627019,2887,12,715,"",3.58,1.65,1.57,1.59,1.80,0.04,0.09,1.12,"",0,0.0,-14,-4.6,-27,-8.9,-19,-6.3,26592,1.0,0,0.0,-2,-14.3,54,8.2
"05121","3","10","71","0","2017","4","",24,817,810,806,5452544,185116,936,517,"",3.54,1.50,1.48,1.47,1.42,1.48,1.80,0.95,"",0,0.0,-2,-0.2,-6,-0.7,-7,-0.9,-294235,-5.1,-43596,-19.1,-1845,-66.3,-25,-4.6
"05121","5","10","71","0","2017","4","",357,4334,4380,4410,36179561,6120149,97899,636,"",0.92,0.93,0.94,0.94,0.95,1.00,1.00,1.01,"",-10,-2.7,226,5.5,281,6.9,277,6.7,3765555,11.6,-182531,-2.9,-7331,-7.0,30,5.0
"05123","0","10","70","0","2017","4","",733,7492,7447,7455,67491518,7583342,135854,695,"",1.00,1.00,1.00,1.00,1.00,1.00,1.00,1.00,"",-25,-3.3,-499,-6.2,-446,-5.7,-367,-4.7,-614492,-0.9,-968291,-11.3,-35132,-20.5,32,4.8
"05123","1","10","71","0","2017","4","",17,652,650,649,10882136,0,0,1287,"",3.87,4.52,4.56,4.52,5.87,0.00,0.00,1.29,"",0,0.0,-9,-1.4,-17,-2.5,-28,-4.1,-47563,-0.4,0,0.0,0,0.0,29,2.3
"05123","2","10","71","0","2017","4","",16,453,443,443,3957977,0,0,682,"",3.12,1.88,1.86,1.86,1.80,0.00,0.00,0.96,"",1,6.7,5,1.1,3,0.7,1,0.2,290492,7.9,-2583,-100.0,-13,-100.0,46,7.2
"05123","3","10","71","0","2017","4","",28,852,850,845,6969041,367895,3204,631,"",2.25,1.15,1.15,1.15,1.20,2.45,4.48,1.05,"",0,0.0,7,0.8,32,3.9,35,4.3,121183,1.8,68540,22.9,-2023,-38.7,-8,-1.3
"05123","5","10","71","0","2017","4","",672,5535,5504,5518,45682364,7215447,132650,637,"",0.95,0.87,0.87,0.87,0.79,0.98,0.98,0.91,"",-26,-3.7,-502,-8.3,-464,-7.8,-375,-6.4,-978604,-2.1,-1034248,-12.5,-33096,-20.0,35,5.8
"05125","0","10","70","0","2017","4","",2057,24420,24509,24530,225507136,28958489,453610,708,"",1.00,1.00,1.00,1.00,1.00,1.00,1.00,1.00,"",77,3.9,936,4.0,973,4.1,667,2.8,11573635,5.4,560474,2.0,-78592,-14.8,12,1.7
"05125","1","10","71","0","2017","4","",8,91,93,93,1453814,0,0,1211,"",0.65,0.19,0.20,0.20,0.23,0.00,0.00,1.20,"",0,0.0,6,7.1,7,8.1,6,6.9,80866,5.9,0,0.0,0,0.0,-17,-1.4
"05125","2","10","71","0","2017","4","",14,855,858,860,6703849,0,0,601,"",0.97,1.09,1.09,1.10,0.91,0.00,0.00,0.83,"",0,0.0,-37,-4.1,-29,-3.3,-20,-2.3,374604,5.9,0,0.0,0,0.0,52,9.5
"05125","3","10","71","0","2017","4","",32,2924,2934,2918,30627469,478931,4927,805,"",0.92,1.21,1.21,1.20,1.58,0.84,2.06,1.31,"",3,10.3,106,3.8,118,4.2,-236,-7.5,1945589,6.8,-83613,-14.9,-3879,-44.0,52,6.9
"05125","5","10","71","0","2017","4","",2003,20550,20624,20659,186722004,28479558,448683,697,"",1.00,0.99,0.99,0.99,0.97,1.02,1.00,0.98,"",74,3.8,861,4.4,877,4.4,917,4.6,9172576,5.2,644087,2.3,-74713,-14.3,5,0.7
"05127","0","10","70","0","2017","4","",186,3053,3070,3083,24255658,2349599,28405,608,"",1.00,1.00,1.00,1.00,1.00,1.00,1.00,1.00,"",1,0.5,-37,-1.2,-10,-0.3,-30,-1.0,758366,3.2,-54035,-2.2,-6477,-18.6,24,4.1
"05127","1","10","71","0","2017","4","",8,82,83,84,1068871,0,0,991,"",7.17,1.40,1.41,1.41,1.60,0.00,0.00,1.14,"",0,0.0,4,5.1,3,3.8,3,3.7,134010,14.3,0,0.0,0,0.0,88,9.7
"05127","2","10","71","0","2017","4","",6,29,28,28,260602,0,0,708,"",4.60,0.30,0.28,0.28,0.33,0.00,0.00,1.14,"",0,0.0,1,3.6,0,0.0,0,0.0,24345,10.3,0,0.0,0,0.0,59,9.1
"05127","3","10","71","0","2017","4","",6,530,540,547,4182433,62025,358,597,"",1.90,1.75,1.77,1.79,2.01,1.33,2.39,1.13,"",0,0.0,2,0.4,13,2.5,20,3.8,77840,1.9,-25862,-29.4,-469,-56.7,-2,-0.3
"05127","5","10","71","0","2017","4","",166,2412,2419,2424,18743752,2287574,28047,596,"",0.92,0.93,0.93,0.93,0.90,1.01,0.99,0.97,"",1,0.6,-44,-1.8,-26,-1.1,-53,-2.1,522171,2.9,-28173,-1.2,-6008,-17.6,26,4.6
"05129","0","10","70","0","2017","4","",176,1559,1511,1517,10163594,1559591,26616,511,"",1.00,1.00,1.00,1.00,1.00,1.00,1.00,1.00,"",-2,-1.1,56,3.7,38,2.6,2,0.1,-153908,-1.5,29323,1.9,-7328,-21.6,-19,-3.6
"05129","1","10","71","0","2017","4","",11,37,35,35,436339,0,0,941,"",10.42,1.23,1.21,1.20,1.56,0.00,0.00,1.29,"",0,0.0,-1,-2.6,-4,-10.3,-7,-16.7,2376,0.5,0,0.0,0,0.0,99,11.8
"05129","2","10","71","0","2017","4","",6,40,41,41,347656,0,0,658,"",4.87,0.80,0.85,0.85,1.05,0.00,0.00,1.26,"",0,0.0,-4,-9.1,-2,-4.7,-3,-6.8,34996,11.2,0,0.0,0,0.0,107,19.4
"05129","3","10","71","0","2017","4","",10,308,309,312,2218223,44563,283,551,"",3.34,1.99,2.06,2.08,2.54,1.44,2.02,1.24,"",0,0.0,-6,-1.9,-10,-3.1,-9,-2.8,28567,1.3,-11475,-20.5,-221,-43.8,21,4.0
"05129","5","10","71","0","2017","4","",149,1174,1126,1129,7161376,1515028,26333,482,"",0.87,0.89,0.88,0.88,0.83,1.00,1.00,0.94,"",-2,-1.3,67,6.1,54,5.0,21,1.9,-219847,-3.0,40798,2.8,-7107,-21.3,-36,-6.9
"05131","0","10","70","0","2017","4","",3721,65575,66127,65973,697597318,73294198,1191734,814,"",1.00,1.00,1.00,1.00,1.00,1.00,1.00,1.00,"",21,0.6,-1381,-2.1,-1022,-1.5,-847,-1.3,8790101,1.3,2354128,3.3,-149373,-11.1,23,2.9
"05131","1","10","71","0","2017","4","",39,916,914,914,16932019,0,0,1424,"",1.75,0.73,0.72,0.72,0.88,0.00,0.00,1.22,"",0,0.0,-16,-1.7,-13,-1.4,-5,-0.5,430834,2.6,0,0.0,0,0.0,53,3.9
"05131","2","10","71","0","2017","4","",23,1780,1784,1784,19252161,10597,104,831,"",0.88,0.85,0.84,0.85,0.85,0.01,0.07,1.00,"",1,4.5,55,3.2,81,4.8,100,5.9,2262535,13.3,-5050,-32.3,-323,-75.6,64,8.3
"05131","3","10","71","0","2017","4","",43,4699,4717,4697,45918335,232040,2661,751,"",0.68,0.72,0.72,0.72,0.77,0.16,0.42,1.06,"",4,10.3,28,0.6,54,1.2,6,0.1,895798,2.0,-20045,-8.0,-614,-18.7,10,1.3
"05131","5","10","71","0","2017","4","",3616,58180,58712,58578,615494803,73051561,1188969,809,"",1.00,1.04,1.05,1.04,1.03,1.03,1.00,0.99,"",16,0.4,-1448,-2.4,-1144,-1.9,-948,-1.6,5200934,0.9,2379223,3.4,-148436,-11.1,22,2.8
"05133","0","10","70","0","2017","4","",314,4890,4901,4906,42381115,4966981,71154,665,"",1.00,1.00,1.00,1.00,1.00,1.00,1.00,1.00,"",-8,-2.5,-31,-0.6,-2,0.0,-9,-0.2,3078297,7.8,352507,7.6,-29491,-29.3,50,8.1
"05133","1","10","71","0","2017","4","",10,67,66,67,901614,0,0,1040,"",5.31,0.71,0.70,0.71,0.77,0.00,0.00,1.09,"",0,0.0,0,0.0,-4,-5.7,-5,-6.9,14046,1.6,0,0.0,0,0.0,60,6.1
"05133","2","10","71","0","2017","4","",7,167,163,167,1284729,0,0,597,"",3.18,1.06,1.04,1.07,0.93,0.00,0.00,0.88,"",0,0.0,-5,-2.9,-7,-4.1,-5,-2.9,88529,7.4,0,0.0,0,0.0,60,11.2
"05133","3","10","71","0","2017","4","",12,929,941,944,9904380,238123,2141,812,"",2.25,1.92,1.93,1.94,2.72,2.42,5.72,1.41,"",0,0.0,-1,-0.1,13,1.4,2,0.2,2103239,27.0,-951,-0.4,13,0.6,169,26.3
"05133","5","10","71","0","2017","4","",285,3727,3731,3728,30290392,4728858,69013,625,"",0.94,0.90,0.90,0.89,0.84,0.98,0.98,0.93,"",-8,-2.7,-25,-0.7,-4,-0.1,-1,0.0,872483,3.0,353458,8.1,-29504,-29.9,20,3.3
"05135","0","10","70","0","2017","4","",400,3616,3559,3550,24701861,3190134,78467,532,"",1.00,1.00,1.00,1.00,1.00,1.00,1.00,1.00,"",-2,-0.5,-286,-7.3,-303,-7.8,-311,-8.1,-4660003,-15.9,-640900,-16.7,-17951,-18.6,-51,-8.7
"05135","1","10","71","0","2017","4","",13,47,49,46,545352,0,0,886,"",5.42,0.68,0.72,0.67,0.80,0.00,0.00,1.16,"",0,0.0,-5,-9.6,2,4.3,-8,-14.8,12142,2.3,0,0.0,0,0.0,82,10.2
"05135","2","10","71","0","2017","4","",7,52,51,51,443674,0,0,665,"",2.50,0.45,0.45,0.45,0.55,0.00,0.00,1.23,"",0,0.0,4,8.3,2,4.1,3,6.2,78686,21.6,0,0.0,0,0.0,84,14.5
"05135","3","10","71","0","2017","4","",24,783,785,755,5220045,236543,2233,519,"",3.53,2.19,2.22,2.15,2.46,3.75,5.41,1.12,"",0,0.0,6,0.8,8,1.0,-20,-2.6,-90603,-1.7,28771,13.8,-366,-14.1,-7,-1.3
"05135","5","10","71","0","2017","4","",356,2734,2674,2698,18492790,2953591,76234,526,"",0.92,0.89,0.88,0.89,0.88,0.96,0.98,0.98,"",-2,-0.6,-291,-9.6,-315,-10.5,-286,-9.6,-4660228,-20.1,-669671,-18.5,-17585,-18.7,-68,-11.4
"05137","0","10","70","0","2017","4","",281,2635,2636,2601,19566476,3090893,63737,574,"",1.00,1.00,1.00,1.00,1.00,1.00,1.00,1.00,"",3,1.1,72,2.8,56,2.2,59,2.3,566779,3.0,139970,4.7,-11836,-15.7,3,0.5
"05137","1","10","71","0","2017","4","",13,69,64,60,618088,0,0,739,"",7.71,1.36,1.27,1.20,1.15,0.00,0.00,0.90,"",0,0.0,1,1.5,-8,-11.1,-7,-10.4,-77883,-11.2,0,0.0,0,0.0,-37,-4.8
"05137","2","10","71","0","2017","4","",7,134,140,151,824078,0,0,447,"",3.56,1.58,1.66,1.82,1.29,0.00,0.00,0.76,"",0,0.0,4,3.1,4,2.9,-2,-1.3,156184,23.4,0,0.0,0,0.0,79,21.5
"05137","3","10","71","0","2017","4","",10,399,403,402,3187385,111779,1833,611,"",2.09,1.53,1.54,1.56,1.89,1.83,5.46,1.23,"",0,0.0,3,0.8,8,2.0,7,1.8,74087,2.4,-31386,-21.9,-263,-12.5,5,0.8
"05137","5","10","71","0","2017","4","",251,2033,2029,1988,14936925,2979114,61904,570,"",0.92,0.91,0.91,0.90,0.89,1.00,0.98,0.99,"",3,1.2,64,3.3,52,2.6,61,3.2,414391,2.9,171356,6.1,-11573,-15.8,-1,-0.2
"05139","0","10","70","0","2017","4","",1321,17650,17718,17769,213149007,17508190,348446,926,"",1.00,1.00,1.00,1.00,1.00,1.00,1.00,1.00,"",4,0.3,41,0.2,79,0.4,165,0.9,5844277,2.8,207636,1.2,-91376,-20.8,21,2.3
"05139","1","10","71","0","2017","4","",19,145,144,146,2360408,0,0,1252,"",2.40,0.43,0.42,0.43,0.40,0.00,0.00,0.95,"",0,0.0,2,1.4,-1,-0.7,-3,-2.0,94190,4.2,0,0.0,0,0.0,55,4.6
"05139","2","10","71","0","2017","4","",16,518,517,517,4905265,0,0,729,"",1.73,0.91,0.91,0.91,0.70,0.00,0.00,0.77,"",0,0.0,7,1.4,8,1.6,5,1.0,421788,9.4,0,0.0,0,0.0,54,8.0
"05139","3","10","71","0","2017","4","",32,1820,1819,1827,15231545,82113,665,643,"",1.43,1.04,1.03,1.04,0.83,0.24,0.36,0.80,"",0,0.0,15,0.8,18,1.0,49,2.8,338844,2.3,14741,21.9,-178,-21.1,5,0.8
"05139","5","10","71","0","2017","4","",1254,15167,15238,15279,190651789,17426077,347781,963,"",0.98,1.01,1.01,1.01,1.05,1.03,1.00,1.03,"",4,0.3,17,0.1,54,0.4,114,0.8,4989455,2.7,192895,1.1,-91198,-20.8,21,2.2
"05141","0","10","70","0","2017","4","",359,3606,3606,3617,32780234,3013212,69255,699,"",1.00,1.00,1.00,1.00,1.00,1.00,1.00,1.00,"",-5,-1.4,74,2.1,59,1.7,91,2.6,1375046,4.4,-58592,-1.9,-6996,-9.2,16,2.3
"05141","1","10","71","0","2017","4","",9,31,31,33,351008,0,0,853,"",4.18,0.45,0.45,0.47,0.39,0.00,0.00,0.85,"",0,0.0,-1,-3.1,-5,-13.9,-3,-8.3,19122,5.8,0,0.0,0,0.0,117,15.9
"05141","2","10","71","0","2017","4","",6,41,40,40,389760,0,0,743,"",2.39,0.35,0.35,0.35,0.36,0.00,0.00,1.04,"",0,0.0,-4,-8.9,-4,-9.1,-2,-4.8,49769,14.6,0,0.0,0,0.0,144,24.0
"05141","3","10","71","0","2017","4","",11,655,666,675,5006080,187589,2921,579,"",1.80,1.83,1.86,1.89,1.78,3.14,8.01,0.95,"",0,0.0,-32,-4.7,-21,-3.1,-6,-0.9,25056,0.5,-32649,-14.8,-160,-5.2,20,3.6
"05141","5","10","71","0","2017","4","",333,2879,2869,2869,27033386,2825623,66334,724,"",0.96,0.94,0.94,0.93,0.97,0.97,0.96,1.03,"",-5,-1.5,111,4.0,89,3.2,102,3.7,1281099,5.0,-25943,-0.9,-6836,-9.3,9,1.3
"05143","0","10","70","0","2017","4","",6013,107035,107483,107428,1397468474,115150298,1687232,1002,"",1.00,1.00,1.00,1.00,1.00,1.00,1.00,1.00,"",107,1.8,2860,2.7,2719,2.6,2721,2.6,106983319,8.3,3071711,2.7,-262843,-13.5,53,5.6
"05143","1","10","71","0","2017","4","",40,1960,1965,1995,40123491,0,0,1564,"",1.11,0.95,0.96,0.96,1.04,0.00,0.00,1.09,"",1,2.6,40,2.1,39,2.0,74,3.9,2577434,6.9,0,0.0,0,0.0,62,4.1
"05143","2","10","71","0","2017","4","",23,6543,6533,6536,97051839,0,0,1142,"",0.55,1.90,1.90,1.91,2.13,0.00,0.00,1.12,"",1,4.5,334,5.4,311,5.0,325,5.2,6365259,7.0,0,0.0,0,0.0,19,1.7
"05143","3","10","71","0","2017","4","",61,8716,8812,8846,89043160,467217,4526,779,"",0.60,0.82,0.83,0.83,0.74,0.20,0.51,0.90,"",2,3.4,193,2.3,180,2.1,-20,-0.2,4072798,4.8,89383,23.7,-468,-9.4,25,3.3
"05143","5","10","71","0","2017","4","",5889,89816,90173,90051,1171249984,114683081,1682706,1001,"",1.01,0.99,0.99,0.99,0.98,1.03,1.00,0.99,"",103,1.8,2293,2.6,2189,2.5,2342,2.7,93967828,8.7,2982328,2.7,-262375,-13.5,57,6.0
"05145","0","10","70","0","2017","4","",1816,23957,24079,24216,229701235,22656077,435470,734,"",1.00,1.00,1.00,1.00,1.00,1.00,1.00,1.00,"",-20,-1.1,-339,-1.4,-263,-1.1,-184,-0.8,-1234337,-0.5,-390970,-1.7,-71160,-14.0,4,0.5
"05145","1","10","71","0","2017","4","",28,166,166,161,2228653,0,0,1043,"",2.57,0.36,0.36,0.35,0.35,0.00,0.00,0.99,"",0,0.0,5,3.1,6,3.8,-4,-2.4,100895,4.7,0,0.0,0,0.0,33,3.3
"05145","2","10","71","0","2017","4","",15,532,533,543,4928659,0,0,707,"",1.18,0.69,0.69,0.70,0.66,0.00,0.00,0.94,"",0,0.0,-27,-4.8,-28,-5.0,-25,-4.4,-77960,-1.6,0,0.0,0,0.0,23,3.4
"05145","3","10","71","0","2017","4","",46,2723,2737,2751,24300021,482001,4913,683,"",1.49,1.15,1.14,1.15,1.23,1.07,2.14,1.07,"",-1,-2.1,0,0.0,14,0.5,10,0.4,324251,1.4,85505,21.6,686,16.2,7,1.0
"05145","5","10","71","0","2017","4","",1727,20536,20643,20761,198243902,22174076,430557,739,"",0.98,1.01,1.01,1.01,1.01,1.01,1.00,1.00,"",-19,-1.1,-317,-1.5,-255,-1.2,-165,-0.8,-1581523,-0.8,-476475,-2.1,-71846,-14.3,3,0.4
"05147","0","10","70","0","2017","4","",212,1783,1771,1782,16751380,1412294,29632,724,"",1.00,1.00,1.00,1.00,1.00,1.00,1.00,1.00,"",-6,-2.8,-13,-0.7,9,0.5,2,0.1,658337,4.1,40070,2.9,-1441,-4.6,28,4.0
"05147","1","10","71","0","2017","4","",11,36,35,36,484875,0,0,1046,"",8.65,1.05,1.03,1.05,1.05,0.00,0.00,1.01,"",0,0.0,2,5.9,0,0.0,0,0.0,-27854,-5.4,0,0.0,0,0.0,-81,-7.2
"05147","2","10","71","0","2017","4","",5,27,26,26,237992,0,0,695,"",3.37,0.47,0.46,0.46,0.44,0.00,0.00,0.94,"",0,0.0,2,8.0,2,8.3,1,4.0,31188,15.1,0,0.0,0,0.0,50,7.8
"05147","3","10","71","0","2017","4","",9,428,452,450,3192955,232229,1957,554,"",2.50,2.42,2.57,2.55,2.22,8.31,12.55,0.88,"",0,0.0,14,3.4,30,7.1,26,6.1,27801,0.9,38250,19.7,-168,-7.9,-26,-4.5
"05147","5","10","71","0","2017","4","",187,1292,1258,1270,12835558,1180065,27675,775,"",0.91,0.85,0.84,0.84,0.90,0.86,0.94,1.06,"",-6,-3.1,-31,-2.3,-23,-1.8,-25,-1.9,627202,5.1,1820,0.2,-1273,-4.4,52,7.2
"05149","0","10","70","0","2017","4","",426,6623,6643,6663,53374402,5313396,63996,618,"",1.00,1.00,1.00,1.00,1.00,1.00,1.00,1.00,"",1,0.2,134,2.1,108,1.7,133,2.0,2163008,4.2,-65163,-1.2,-22023,-25.6,14,2.3
"05149","1","10","71","0","2017","4","",18,110,112,114,1562039,0,0,1073,"",7.04,0.86,0.88,0.89,1.06,0.00,0.00,1.21,"",-1,-5.3,-3,-2.7,-5,-4.3,-3,-2.6,5826,0.4,0,0.0,0,0.0,38,3.7
"05149","2","10","71","0","2017","4","",10,64,62,61,455507,0,0,562,"",3.35,0.30,0.29,0.29,0.26,0.00,0.00,0.89,"",-1,-9.1,-4,-5.9,-6,-8.8,-6,-9.0,47223,11.6,0,0.0,0,0.0,98,21.1
"05149","3","10","71","0","2017","4","",25,1194,1211,1193,10824971,103986,1844,694,"",3.45,1.82,1.84,1.81,2.36,0.99,5.47,1.29,"",0,0.0,33,2.8,29,2.5,19,1.6,698765,6.9,58301,127.6,1474,398.4,30,4.5
"05149","5","10","71","0","2017","4","",373,5255,5258,5295,40531885,5209410,62152,592,"",0.90,0.93,0.93,0.94,0.89,1.01,0.98,0.95,"",3,0.8,108,2.1,90,1.7,123,2.4,1411194,3.6,-123464,-2.3,-23497,-27.4,9,1.5
"05999","0","10","70","0","2017","4","",9630,36274,36255,35496,515275776,68598797,1973124,1101,"",1.00,1.00,1.00,1.00,1.00,1.00,1.00,1.00,"",618,6.9,3497,10.7,3465,10.6,3118,9.6,53739538,11.6,6862539,11.1,-16517,-0.8,14,1.3
"05999","1","10","71","0","2017","4","",38,131,123,123,2364668,0,0,1447,"",0.66,0.19,0.18,0.18,0.17,0.00,0.00,0.92,"",3,8.6,12,10.1,8,7.0,10,8.8,682719,40.6,0,0.0,0,0.0,328,29.3
"05999","2","10","71","0","2017","4","N",15,0,0,0,0,0,0,0,"N",0.22,0,0,0,0,0,0,0,"N",1,7.1,0,0,0,0,0,0,0,0,0,0,0,0,0,0
"05999","5","10","71","0","2017","4","N",9577,0,0,0,0,0,0,0,"N",1.03,0,0,0,0,0,0,0,"N",614,6.9,0,0,0,0,0,0,0,0,0,0,0,0,0,0
"06000","0","10","50","0","2017","4","",1544359,17250553,17310885,17263084,302771292313,12626555105,546591278,1348,"",1.00,1.00,1.00,1.00,1.00,1.00,1.00,1.00,"",40587,2.7,292404,1.7,319108,1.9,332521,2.0,22136963579,7.9,549687026,4.6,714692,0.1,75,5.9
"06000","1","10","51","0","2017","4","",3376,248582,247066,248796,5243811267,0,0,1626,"",0.36,0.75,0.75,0.75,0.63,0.00,0.00,0.84,"",4,0.1,111,0.0,-2608,-1.0,-2795,-1.1,111548531,2.2,0,0.0,0,0.0,46,2.9
"06000","2","10","51","0","2017","4","",13480,461317,463239,460868,8659607271,120920,6881,1442,"",1.25,0.83,0.84,0.84,0.88,0.00,0.01,1.05,"",73,0.5,7247,1.6,8473,1.9,4455,1.0,583402993,7.2,33459,38.3,1958,39.8,77,5.6
"06000","3","10","51","0","2017","4","",19038,1791871,1806446,1777916,28401691690,48607280,2325405,1219,"",0.73,1.05,1.05,1.04,1.09,0.19,0.81,1.04,"",-40,-0.2,15757,0.9,13773,0.8,15267,0.9,1092262397,4.0,2177855,4.7,-68630,-2.9,37,3.1
"06000","5","10","51","0","2017","4","",1508465,14748783,14794134,14775504,260466182085,12577826905,544258992,1356,"",1.01,1.01,1.01,1.01,1.01,1.03,1.00,1.00,"",40550,2.8,269289,1.9,299470,2.1,315594,2.2,20349749658,8.5,547475712,4.6,781364,0.1,80,6.3
"06000","8","10","96","0","2017","4","",35894,2501770,2516751,2487580,42305110228,48728200,2332286,1301,"",0.77,0.96,0.97,0.96,0.96,0.12,0.65,0.99,"",37,0.1,23115,0.9,19638,0.8,16927,0.7,1787213921,4.4,2211314,4.8,-66672,-2.8,45,3.6
"06001","0","10","70","0","2017","4","",63733,782483,784329,784196,14831261200,534431684,23275425,1456,"",1.00,1.00,1.00,1.00,1.00,1.00,1.00,1.00,"",2587,4.2,19656,2.6,19946,2.6,23810,3.1,1160445101,8.5,40823310,8.3,892011,4.0,77,5.6
"06001","1","10","71","0","2017","4","",111,9003,8931,9079,199181180,0,0,1702,"",0.29,0.60,0.59,0.60,0.49,0.00,0.00,0.82,"",1,0.9,-128,-1.4,-183,-2.0,-217,-2.3,-2283905,-1.1,0,0.0,0,0.0,14,0.8
"06001","2","10","71","0","2017","4","",348,25753,25979,25917,430612142,0,0,1280,"",0.78,1.03,1.03,1.04,0.89,0.00,0.00,0.86,"",6,1.8,12,0.0,290,1.1,273,1.1,16183844,3.9,0,0.0,0,0.0,39,3.1
"06001","3","10","71","0","2017","4","",619,75506,75683,71888,1442775543,1649021,70829,1493,"",0.57,0.97,0.97,0.93,1.13,0.16,0.58,1.18,"",1,0.2,-316,-0.4,192,0.3,745,1.0,67277926,4.9,-589113,-26.3,-38597,-35.3,66,4.6
"06001","5","10","71","0","2017","4","",62655,672221,673736,677312,12758692335,532782663,23204596,1455,"",1.01,1.01,1.01,1.02,1.01,1.03,1.00,0.99,"",2579,4.3,20088,3.1,19647,3.0,23009,3.5,1079267236,9.2,41412423,8.4,930608,4.2,80,5.8
"06003","0","10","70","0","2017","4","",78,565,762,1014,6590933,583381,32444,650,"",1.00,1.00,1.00,1.00,1.00,1.00,1.00,1.00,"",-12,-13.3,0,0.0,107,16.3,105,11.6,204871,3.2,-23669,-3.9,-2199,-6.3,-42,-6.1
"06003","1","10","71","0","2017","4","",2,1,1,1,15577,0,0,1198,"",4.28,0.09,0.07,0.05,0.09,0.00,0.00,1.29,"",0,0.0,-2,-66.7,0,0.0,-1,-50.0,-7920,-33.7,0,0.0,0,0.0,294,32.5
"06003","2","10","71","0","2017","4","N",2,0,0,0,0,0,0,0,"N",3.66,0,0,0,0,0,0,0,"N",0,0.0,0,0,0,0,0,0,0,0,0,0,0,0,0,0
"06003","3","10","71","0","2017","4","N",10,0,0,0,0,0,0,0,"N",7.54,0,0,0,0,0,0,0,"N",0,0.0,0,0,0,0,0,0,0,0,0,0,0,0,0,0
"06003","5","10","71","0","2017","4","",64,303,514,760,3873221,548677,30292,567,"",0.85,0.63,0.79,0.88,0.69,0.97,0.94,0.87,"",-12,-15.8,8,2.7,116,29.1,113,17.5,253465,7.0,-9609,-1.7,-1379,-4.4,-56,-9.0
"06005","0","10","70","0","2017","4","",1135,12307,12199,12026,140315064,6721725,289763,886,"",1.00,1.00,1.00,1.00,1.00,1.00,1.00,1.00,"",42,3.8,427,3.6,572,4.9,504,4.4,11274157,8.7,897769,15.4,20558,7.6,36,4.2
"06005","1","10","71","0","2017","4","",11,108,102,91,1320937,0,0,1013,"",1.62,0.46,0.44,0.39,0.34,0.00,0.00,0.80,"",0,0.0,5,4.9,-5,-4.7,-1,-1.1,19951,1.5,0,0.0,0,0.0,19,1.9
"06005","2","10","71","0","2017","4","",54,1944,1952,1962,30093947,0,0,1186,"",6.79,4.92,5.00,5.12,6.57,0.00,0.00,1.31,"",0,0.0,38,2.0,78,4.2,21,1.1,3086393,11.4,0,0.0,0,0.0,97,8.9
"06005","3","10","71","0","2017","4","",46,2682,2687,2698,33388461,182097,9770,955,"",2.38,2.20,2.22,2.27,2.77,1.37,6.41,1.24,"",-1,-2.1,38,1.4,64,2.4,36,1.4,1013104,3.1,-104224,-36.4,-5957,-37.9,13,1.4
"06005","5","10","71","0","2017","4","",1024,7573,7458,7275,75511719,6539628,279993,781,"",0.93,0.72,0.72,0.71,0.63,1.01,0.97,0.88,"",43,4.4,346,4.8,435,6.2,448,6.6,7154709,10.5,1001993,18.1,26515,10.5,33,4.4
"06007","0","10","70","0","2017","4","",8545,84889,83823,83291,902132659,53580657,2398283,826,"",1.00,1.00,1.00,1.00,1.00,1.00,1.00,1.00,"",349,4.3,1457,1.7,959,1.2,1907,2.3,55142169,6.5,564472,1.1,-67929,-2.8,37,4.7
"06007","1","10","71","0","2017","4","",32,581,566,546,9273738,0,0,1264,"",0.62,0.36,0.35,0.34,0.37,0.00,0.00,1.07,"",-1,-3.0,13,2.3,7,1.3,0,0.0,405879,4.6,0,0.0,0,0.0,41,3.4
"06007","2","10","71","0","2017","4","",237,3403,3419,3381,50832496,0,0,1150,"",3.96,1.25,1.27,1.27,1.73,0.00,0.00,1.37,"",12,5.3,86,2.6,92,2.8,173,5.4,4517652,9.8,0,0.0,0,0.0,65,6.0
"06007","3","10","71","0","2017","4","",229,11642,11710,11660,132347948,1086268,59733,872,"",1.58,1.38,1.41,1.41,1.71,1.02,4.73,1.22,"",6,2.7,11,0.1,-5,0.0,6,0.1,3732298,2.9,39408,3.8,1498,2.6,24,2.8
"06007","5","10","71","0","2017","4","",8047,69263,68128,67704,709678477,52494389,2338550,799,"",0.97,0.96,0.96,0.96,0.92,1.01,0.98,0.96,"",332,4.3,1347,2.0,865,1.3,1728,2.6,46486340,7.0,525064,1.0,-69427,-2.9,38,5.0
"06009","0","10","70","0","2017","4","",1321,9674,9501,9372,99650612,6483319,290415,806,"",1.00,1.00,1.00,1.00,1.00,1.00,1.00,1.00,"",4,0.3,540,5.9,471,5.2,177,1.9,5785940,6.2,802924,14.1,25626,9.7,14,1.8
"06009","1","10","71","0","2017","4","",21,138,119,117,1757927,0,0,1085,"",2.65,0.74,0.65,0.65,0.64,0.00,0.00,0.94,"",-1,-4.5,0,0.0,-2,-1.7,2,1.7,155443,9.7,0,0.0,0,0.0,96,9.7
"06009","2","10","71","0","2017","4","",12,384,382,378,6120605,0,0,1235,"",1.30,1.24,1.26,1.26,1.88,0.00,0.00,1.50,"",0,0.0,14,3.8,17,4.7,25,7.1,1929938,46.1,0,0.0,0,0.0,346,38.9
"06009","3","10","71","0","2017","4","",75,2300,2267,2283,30293538,165985,8835,1021,"",3.34,2.40,2.40,2.46,3.54,1.29,5.78,1.46,"",0,0.0,63,2.8,37,1.7,10,0.4,-565295,-1.8,54038,48.3,2843,47.4,-36,-3.4
"06009","5","10","71","0","2017","4","",1213,6852,6733,6594,61478542,6317334,281580,703,"",0.95,0.83,0.83,0.83,0.72,1.01,0.98,0.87,"",5,0.4,463,7.2,419,6.6,140,2.2,4265854,7.5,748886,13.4,22783,8.8,14,2.0
"06011","0","10","70","0","2017","4","",841,10529,9483,8985,106615573,8171031,442262,848,"",1.00,1.00,1.00,1.00,1.00,1.00,1.00,1.00,"",23,2.8,808,8.3,564,6.3,633,7.6,8180520,8.3,283188,3.6,42793,10.7,6,0.7
"06011","1","10","71","0","2017","4","",11,79,62,57,1030066,0,0,1201,"",2.18,0.39,0.34,0.33,0.35,0.00,0.00,0.99,"",0,0.0,5,6.8,-4,-6.1,3,5.6,187722,22.3,0,0.0,0,0.0,199,19.9
"06011","2","10","71","0","2017","4","",3,30,31,31,402205,0,0,1009,"",0.51,0.09,0.10,0.11,0.12,0.00,0.00,1.17,"",0,0.0,-4,-11.8,-3,-8.8,-4,-11.4,-127558,-24.1,0,0.0,0,0.0,-178,-15.0
"06011","3","10","71","0","2017","4","",48,2170,2149,2140,26113633,403167,23110,933,"",3.36,2.08,2.28,2.41,2.85,2.49,9.93,1.27,"",1,2.1,51,2.4,-32,-1.5,-24,-1.1,937138,3.7,21613,5.7,591,2.6,34,3.8
"06011","5","10","71","0","2017","4","",779,8250,7241,6757,79069669,7767864,419152,820,"",0.95,0.92,0.90,0.88,0.87,0.98,0.95,0.96,"",22,2.9,756,10.1,603,9.1,658,10.8,7183218,10.0,261575,3.5,42202,11.2,0,0.0
"06013","0","10","70","0","2017","4","",32481,370796,372356,369876,6487410148,254542652,10760110,1345,"",1.00,1.00,1.00,1.00,1.00,1.00,1.00,1.00,"",970,3.1,6404,1.8,5659,1.5,5493,1.5,366697936,6.0,13788308,5.7,-41542,-0.4,56,4.3
"06013","1","10","71","0","2017","4","",56,4815,4812,4887,98756293,0,0,1570,"",0.29,0.67,0.68,0.69,0.55,0.00,0.00,0.82,"",0,0.0,54,1.1,20,0.4,-42,-0.9,979186,1.0,0,0.0,0,0.0,12,0.8
"06013","2","10","71","0","2017","4","",24,613,616,621,10042544,0,0,1253,"",0.11,0.05,0.05,0.05,0.05,0.00,0.00,0.91,"",-1,-4.0,3,0.5,-3,-0.5,-6,-1.0,388516,4.0,0,0.0,0,0.0,53,4.4
"06013","3","10","71","0","2017","4","",440,43402,43998,41555,699592676,584054,28684,1252,"",0.80,1.18,1.19,1.14,1.25,0.12,0.51,1.07,"",-5,-1.1,711,1.7,835,1.9,869,2.1,41782028,6.4,-28652,-4.7,-2585,-8.3,52,4.3
"06013","5","10","71","0","2017","4","",31961,321966,322930,322813,5679018635,253958598,10731426,1354,"",1.01,1.02,1.02,1.03,1.03,1.03,1.00,1.00,"",976,3.1,5636,1.8,4807,1.5,4672,1.5,323548206,6.0,13816960,5.8,-38957,-0.4,57,4.4
"06015","0","10","70","0","2017","4","",818,8277,8067,8047,78295644,3807370,179488,741,"",1.00,1.00,1.00,1.00,1.00,1.00,1.00,1.00,"",22,2.8,1,0.0,40,0.5,-20,-0.2,155494,0.2,-780498,-17.0,-37510,-17.3,1,0.1
"06015","1","10","71","0","2017","4","",8,153,129,123,1993352,0,0,1136,"",1.63,0.96,0.84,0.79,0.93,0.00,0.00,1.07,"",0,0.0,-5,-3.2,-9,-6.5,-4,-3.1,106508,5.6,0,0.0,0,0.0,107,10.4
"06015","2","10","71","0","2017","4","",44,1430,1427,1452,19325031,0,0,1035,"",7.68,5.38,5.52,5.66,7.56,0.00,0.00,1.37,"",0,0.0,-151,-9.6,-118,-7.6,-144,-9.0,-634850,-3.2,0,0.0,0,0.0,60,6.2
"06015","3","10","71","0","2017","4","",50,2020,2024,2027,19675072,446448,27568,748,"",3.60,2.46,2.53,2.55,2.92,5.92,29.18,1.16,"",-6,-10.7,-46,-2.2,-43,-2.1,-48,-2.3,-157619,-0.8,52161,13.2,4316,18.6,11,1.5
"06015","5","10","71","0","2017","4","",716,4674,4487,4445,37302189,3360922,151920,633,"",0.90,0.66,0.65,0.65,0.56,0.91,0.85,0.85,"",28,4.1,203,4.5,210,4.9,176,4.1,841455,2.3,-832659,-19.9,-41826,-21.6,-13,-2.0
"06017","0","10","70","0","2017","4","",5529,57415,56934,57965,733283348,41728336,1853201,982,"",1.00,1.00,1.00,1.00,1.00,1.00,1.00,1.00,"",250,4.7,2639,4.8,2193,4.0,2855,5.2,59037724,8.8,3325825,8.7,98119,5.6,37,3.9
"06017","1","10","71","0","2017","4","",32,768,672,633,11710780,0,0,1304,"",0.96,0.69,0.62,0.57,0.58,0.00,0.00,0.93,"",0,0.0,-26,-3.3,-54,-7.4,-25,-3.8,258052,2.3,0,0.0,0,0.0,91,7.5
"06017","2","10","71","0","2017","4","",17,399,389,381,6193259,0,0,1223,"",0.44,0.22,0.21,0.21,0.26,0.00,0.00,1.22,"",0,0.0,0,0.0,-6,-1.5,15,4.1,1258148,25.5,0,0.0,0,0.0,241,24.5
"06017","3","10","71","0","2017","4","",116,9904,9941,10025,139230248,1165618,69422,1076,"",1.23,1.74,1.76,1.75,2.21,1.41,7.12,1.26,"",0,0.0,187,1.9,25,0.3,277,2.8,4364884,3.2,-77511,-6.2,-5868,-7.8,17,1.6
"06017","5","10","71","0","2017","4","",5364,46344,45932,46926,576149061,40562718,1783779,955,"",1.00,0.95,0.95,0.95,0.92,1.00,0.97,0.97,"",250,4.9,2478,5.6,2228,5.1,2588,5.8,53156640,10.2,3403336,9.2,103987,6.2,40,4.4
"06019","0","10","70","0","2017","4","",35594,383928,381504,379782,4404121803,282249368,13459746,887,"",1.00,1.00,1.00,1.00,1.00,1.00,1.00,1.00,"",2052,6.1,7104,1.9,6575,1.8,8924,2.4,231862743,5.6,10106166,3.7,99199,0.7,29,3.4
"06019","1","10","71","0","2017","4","",98,8791,9441,9021,143688415,0,0,1217,"",0.46,1.19,1.29,1.23,1.19,0.00,0.00,0.96,"",0,0.0,-157,-1.8,-134,-1.4,-179,-1.9,3735840,2.7,0,0.0,0,0.0,52,4.5
"06019","2","10","71","0","2017","4","",478,11289,11330,11219,181595505,0,0,1238,"",1.92,0.92,0.93,0.93,1.26,0.00,0.00,1.37,"",19,4.1,730,6.9,826,7.9,639,6.0,22702718,14.3,0,0.0,0,0.0,79,6.8
"06019","3","10","71","0","2017","4","",745,50471,50965,51248,663338992,1421670,57603,1003,"",1.23,1.33,1.35,1.36,1.75,0.25,0.81,1.30,"",7,0.9,859,1.7,1140,2.3,1817,3.7,41510431,6.7,112529,8.6,-6269,-9.8,39,4.0
"06019","5","10","71","0","2017","4","",34273,313377,309768,308294,3415498891,280827698,13402143,846,"",0.99,0.96,0.96,0.96,0.91,1.03,1.00,0.95,"",2026,6.3,5672,1.8,4743,1.6,6647,2.2,163913754,5.0,9993637,3.7,105468,0.8,25,3.0
"06021","0","10","70","0","2017","4","",1200,9380,9002,8957,98988624,7389922,361623,836,"",1.00,1.00,1.00,1.00,1.00,1.00,1.00,1.00,"",17,1.4,11,0.1,-94,-1.0,16,0.2,7398956,8.1,227677,3.2,2093,0.6,65,8.4
"06021","1","10","71","0","2017","4","",15,208,197,200,3066968,0,0,1170,"",2.08,1.15,1.14,1.16,1.13,0.00,0.00,0.98,"",0,0.0,-2,-1.0,-10,-4.8,-4,-2.0,42391,1.4,0,0.0,0,0.0,46,4.1
"06021","2","10","71","0","2017","4","",4,42,42,42,933871,0,0,1710,"",0.48,0.14,0.15,0.15,0.29,0.00,0.00,2.01,"",0,0.0,1,2.4,1,2.4,-3,-6.7,330645,54.8,0,0.0,0,0.0,614,56.0
"06021","3","10","71","0","2017","4","",54,1799,1813,1837,18646148,79170,3315,790,"",2.65,1.94,2.03,2.07,2.19,0.54,1.74,1.09,"",0,0.0,-15,-0.8,-7,-0.4,29,1.6,651335,3.6,2038,2.6,-382,-10.3,27,3.5
"06021","5","10","71","0","2017","4","",1127,7331,6950,6878,76341637,7310752,358308,833,"",0.97,0.92,0.91,0.90,0.90,1.02,1.00,0.99,"",17,1.5,27,0.4,-78,-1.1,-6,-0.1,6374585,9.1,225639,3.2,2475,0.7,72,9.5
"06023","0","10","70","0","2017","4","",5495,50106,49986,50008,515854203,31402003,1309836,793,"",1.00,1.00,1.00,1.00,1.00,1.00,1.00,1.00,"",524,10.5,1100,2.2,1146,2.3,1404,2.9,30236008,6.2,2335482,8.0,39080,3.1,28,3.7
"06023","1","10","71","0","2017","4","",64,792,758,754,12337035,0,0,1236,"",1.94,0.82,0.79,0.78,0.87,0.00,0.00,1.09,"",-1,-1.5,-8,-1.0,-43,-5.4,-21,-2.7,-576720,-4.5,0,0.0,0,0.0,-18,-1.4
"06023","2","10","71","0","2017","4","",227,2870,2838,2739,43039418,0,0,1176,"",5.90,1.78,1.77,1.72,2.56,0.00,0.00,1.45,"",1,0.4,1,0.0,3,0.1,42,1.6,3272145,8.2,0,0.0,0,0.0,84,7.7
"06023","3","10","71","0","2017","4","",191,9566,9606,9822,100646789,1653079,92616,801,"",2.05,1.93,1.94,1.98,2.27,2.66,13.44,1.16,"",-4,-2.1,-178,-1.8,-188,-1.9,54,0.6,156887,0.2,3354,0.2,-3888,-4.0,10,1.3
"06023","5","10","71","0","2017","4","",5013,36878,36784,36693,359830961,29748924,1217220,752,"",0.94,0.87,0.87,0.86,0.82,0.98,0.94,0.94,"",528,11.8,1285,3.6,1374,3.9,1329,3.8,27383696,8.2,2332128,8.5,42968,3.7,31,4.3
"06025","0","10","70","0","2017","4","",7448,63459,63092,63446,630901370,53343732,2621471,766,"",1.00,1.00,1.00,1.00,1.00,1.00,1.00,1.00,"",339,4.8,-711,-1.1,-1823,-2.8,-989,-1.5,26132500,4.3,2225432,4.4,39129,1.5,45,6.2
"06025","1","10","71","0","2017","4","",49,2089,2088,2081,50222862,0,0,1852,"",1.10,1.71,1.73,1.70,2.90,0.00,0.00,1.69,"",-2,-3.9,-35,-1.6,-22,-1.0,-19,-0.9,-355508,-0.7,0,0.0,0,0.0,9,0.5
"06025","2","10","71","0","2017","4","",86,2905,2919,2921,37000267,0,0,976,"",1.65,1.43,1.44,1.44,1.80,0.00,0.00,1.25,"",-4,-4.4,-115,-3.8,-110,-3.6,-325,-10.0,718787,2.0,0,0.0,0,0.0,75,8.3
"06025","3","10","71","0","2017","4","",161,13566,13772,12149,173603489,522148,30537,1015,"",1.27,2.16,2.20,1.93,3.20,0.49,2.21,1.53,"",0,0.0,166,1.2,49,0.4,71,0.6,6611920,4.0,71182,15.8,4339,16.6,32,3.3
"06025","5","10","71","0","2017","4","",7152,44899,44313,46295,370074752,52821584,2590934,630,"",0.99,0.83,0.83,0.86,0.69,1.02,0.99,0.82,"",345,5.1,-727,-1.6,-1740,-3.8,-716,-1.5,19157301,5.5,2154250,4.3,34790,1.4,46,7.9
"06027","0","10","70","0","2017","4","",735,7799,7552,7630,82434435,5529614,222450,828,"",1.00,1.00,1.00,1.00,1.00,1.00,1.00,1.00,"",-8,-1.1,143,1.9,-85,-1.1,64,0.8,1004415,1.2,1116136,25.3,26049,13.3,6,0.7
"06027","1","10","71","0","2017","4","",17,310,277,276,4207436,0,0,1125,"",3.86,2.06,1.92,1.88,1.86,0.00,0.00,0.95,"",0,0.0,0,0.0,-12,-4.2,19,7.4,90362,2.2,0,0.0,0,0.0,15,1.4
"06027","2","10","71","0","2017","4","",23,332,340,356,4581127,0,0,1028,"",4.47,1.33,1.41,1.46,1.70,0.00,0.00,1.22,"",1,4.5,7,2.2,-3,-0.9,14,4.1,44104,1.0,0,0.0,0,0.0,-9,-0.9
"06027","3","10","71","0","2017","4","",88,2476,2346,2339,31721911,301965,16656,1022,"",7.04,3.20,3.13,3.10,4.48,2.76,14.23,1.42,"",0,0.0,112,4.7,-85,-3.5,-64,-2.7,948066,3.1,-95593,-24.0,-7098,-29.9,35,3.5
"06027","5","10","71","0","2017","4","",607,4681,4589,4659,41923961,5227649,205794,695,"",0.85,0.71,0.72,0.72,0.60,0.98,0.93,0.83,"",-9,-1.5,24,0.5,15,0.3,95,2.1,-78117,-0.2,1211729,30.2,33147,19.2,-8,-1.1
"06029","0","10","70","0","2017","4","",19147,330957,324989,313762,3739298998,288437116,13938853,890,"",1.00,1.00,1.00,1.00,1.00,1.00,1.00,1.00,"",1153,6.4,3790,1.2,5593,1.8,3259,1.0,139832564,3.9,17059066,6.3,776818,5.9,22,2.5
"06029","1","10","71","0","2017","4","",103,10480,10498,10548,237814866,0,0,1741,"",0.90,1.65,1.69,1.75,2.31,0.00,0.00,1.37,"",0,0.0,153,1.5,109,1.0,4,0.0,8145057,3.5,0,0.0,0,0.0,46,2.7
"06029","2","10","71","0","2017","4","",361,9790,9772,9805,143394036,0,0,1127,"",2.69,0.92,0.94,0.98,1.17,0.00,0.00,1.24,"",-4,-1.1,83,0.9,40,0.4,-295,-2.9,7994332,5.9,0,0.0,0,0.0,69,6.5
"06029","3","10","71","0","2017","4","",546,45573,45531,45228,595870296,538083,23383,1009,"",1.68,1.39,1.41,1.46,1.85,0.09,0.32,1.31,"",13,2.4,1324,3.0,1193,2.7,1317,3.0,30561870,5.4,-1025576,-65.6,-35550,-60.3,24,2.4
"06029","5","10","71","0","2017","4","",18137,265114,259188,248181,2762219800,287899033,13915470,825,"",0.98,0.94,0.94,0.93,0.87,1.03,1.00,0.92,"",1144,6.7,2230,0.8,4251,1.7,2233,0.9,93131305,3.5,18084642,6.7,812368,6.2,19,2.4
"06031","0","10","70","0","2017","4","",3947,48347,47590,47268,520879861,32246110,1540022,839,"",1.00,1.00,1.00,1.00,1.00,1.00,1.00,1.00,"",221,5.9,1821,3.9,1145,2.5,1216,2.6,27476870,5.6,2843355,9.7,177539,13.0,20,2.4
"06031","1","10","71","0","2017","4","",18,1144,1159,1171,17102035,0,0,1136,"",0.76,1.23,1.27,1.29,1.19,0.00,0.00,0.95,"",0,0.0,-15,-1.3,-14,-1.2,-13,-1.1,257630,1.5,0,0.0,0,0.0,30,2.7
"06031","2","10","71","0","2017","4","",136,5644,5708,5740,79150287,0,0,1069,"",4.92,3.64,3.74,3.81,4.65,0.00,0.00,1.25,"",3,2.3,-34,-0.6,-30,-0.5,-376,-6.1,4480925,6.0,0,0.0,0,0.0,86,8.7
"06031","3","10","71","0","2017","4","",111,8091,8192,8038,99740928,675327,40417,946,"",1.65,1.69,1.73,1.72,2.23,1.06,4.99,1.30,"",-1,-0.9,198,2.5,175,2.2,49,0.6,3493102,3.6,-125383,-15.7,-8386,-17.2,17,1.8
"06031","5","10","71","0","2017","4","",3682,33468,32531,32319,324886611,31570783,1499605,763,"",0.96,0.81,0.80,0.80,0.73,1.01,0.98,0.90,"",219,6.3,1672,5.3,1014,3.2,1556,5.1,19245213,6.3,2968738,10.4,185925,14.2,13,1.7
"06033","0","10","70","0","2017","4","",3151,16481,16001,16073,158229702,11082463,509853,752,"",1.00,1.00,1.00,1.00,1.00,1.00,1.00,1.00,"",148,4.9,257,1.6,163,1.0,259,1.6,8745327,5.9,239150,2.2,-14111,-2.7,31,4.3
"06033","1","10","71","0","2017","4","",16,167,146,137,2230552,0,0,1144,"",0.85,0.53,0.48,0.44,0.51,0.00,0.00,1.06,"",0,0.0,2,1.2,-11,-7.0,-4,-2.8,-75047,-3.3,0,0.0,0,0.0,-5,-0.4
"06033","2","10","71","0","2017","4","",8,94,90,87,1224320,0,0,1043,"",0.36,0.18,0.18,0.17,0.24,0.00,0.00,1.36,"",0,0.0,-1,-1.1,-1,-1.1,-1,-1.1,75818,6.6,0,0.0,0,0.0,76,7.9
"06033","3","10","71","0","2017","4","",91,4040,4034,4091,44816865,1003988,59715,850,"",1.70,2.47,2.54,2.57,3.29,4.58,22.25,1.30,"",-1,-1.1,9,0.2,-25,-0.6,29,0.7,724049,1.6,-64218,-6.0,-4932,-7.6,13,1.6
"06033","5","10","71","0","2017","4","",3036,12180,11731,11758,109957965,10078475,450138,711,"",0.99,0.87,0.86,0.86,0.81,0.94,0.89,0.94,"",149,5.2,247,2.1,200,1.7,235,2.0,8020507,7.9,303368,3.1,-9179,-2.0,39,5.8
"06035","0","10","70","0","2017","4","",715,11204,10853,10167,122492452,7450375,405081,877,"",1.00,1.00,1.00,1.00,1.00,1.00,1.00,1.00,"",-1,-0.1,-85,-0.8,829,8.3,160,1.6,4000278,3.4,-298678,-3.9,-24381,-5.7,4,0.5
"06035","1","10","71","0","2017","4","",34,1837,1778,1778,28114914,0,0,1203,"",7.93,8.52,8.56,9.08,8.35,0.00,0.00,0.96,"",0,0.0,-92,-4.8,-87,-4.7,-68,-3.7,-223220,-0.8,0,0.0,0,0.0,44,3.8
"06035","2","10","71","0","2017","4","",79,2532,2544,2798,35141690,0,0,1030,"",15.77,7.04,7.32,8.63,8.79,0.00,0.00,1.15,"",-3,-3.7,-11,-0.4,-53,-2.0,118,4.4,2797219,8.6,0,0.0,0,0.0,76,8.0
"06035","3","10","71","0","2017","4","",49,1877,1883,1853,19979990,254478,12598,821,"",4.03,1.69,1.75,1.84,1.90,1.73,5.91,1.08,"",-1,-2.0,-28,-1.5,-22,-1.2,-24,-1.3,679141,3.5,58955,30.2,2914,30.1,38,4.9
"06035","5","10","71","0","2017","4","",553,4958,4648,3738,39255858,7195897,392483,679,"",0.80,0.52,0.50,0.43,0.38,1.00,0.98,0.77,"",3,0.5,46,0.9,991,27.1,134,3.7,747138,1.9,-357633,-4.7,-27295,-6.5,-51,-7.0
"06037","0","10","70","0","2017","4","",492452,4429315,4457618,4468712,78140317983,3273845703,138896524,1350,"",1.00,1.00,1.00,1.00,1.00,1.00,1.00,1.00,"",22148,4.7,50745,1.2,51293,1.2,52660,1.2,5985436090,8.3,150553851,4.8,-1055612,-0.8,89,7.1
"06037","1","10","71","0","2017","4","",436,48070,47892,49154,1017846246,0,0,1619,"",0.15,0.56,0.56,0.57,0.47,0.00,0.00,0.84,"",-5,-1.1,447,0.9,-522,-1.1,-742,-1.5,14906865,1.5,0,0.0,0,0.0,33,2.1
"06037","2","10","71","0","2017","4","",1722,73892,74261,73554,1338542577,0,0,1393,"",0.50,0.52,0.52,0.52,0.52,0.00,0.00,1.01,"",19,1.1,2276,3.2,2638,3.7,1801,2.5,103879704,8.4,0,0.0,0,0.0,68,5.1
"06037","3","10","71","0","2017","4","",4089,451790,456006,457449,7875088231,5554439,241845,1331,"",0.49,1.03,1.03,1.03,1.17,0.09,0.33,1.14,"",21,0.5,1340,0.3,1809,0.4,2128,0.5,230465888,3.0,1973982,55.1,65546,37.2,34,2.6
"06037","5","10","71","0","2017","4","",486205,3855563,3879459,3888555,67908840929,3268291264,138654679,1348,"",1.02,1.02,1.02,1.02,1.02,1.03,1.00,0.99,"",22113,4.8,46682,1.2,47368,1.2,49473,1.3,5636183633,9.1,148579869,4.8,-1121158,-0.8,96,7.7
"06039","0","10","70","0","2017","4","",4292,49867,48934,49107,543266578,47578382,2236461,848,"",1.00,1.00,1.00,1.00,1.00,1.00,1.00,1.00,"",213,5.2,480,1.0,1198,2.5,1134,2.4,30760811,6.0,2274508,5.0,233432,11.7,33,4.0
"06039","1","10","71","0","2017","4","",17,330,294,300,4538592,0,0,1134,"",0.66,0.34,0.31,0.32,0.30,0.00,0.00,0.94,"",0,0.0,-6,-1.8,-37,-11.2,7,2.4,109229,2.5,0,0.0,0,0.0,69,6.5
"06039","2","10","71","0","2017","4","",88,2563,2589,2599,40002582,0,0,1191,"",2.93,1.60,1.65,1.66,2.26,0.00,0.00,1.38,"",-1,-1.1,53,2.1,46,1.8,-190,-6.8,3590492,9.9,0,0.0,0,0.0,119,11.1
"06039","3","10","71","0","2017","4","",145,8216,8356,8227,101592681,747567,40548,945,"",1.99,1.66,1.72,1.69,2.17,0.79,3.44,1.28,"",0,0.0,483,6.2,405,5.1,376,4.8,7644387,8.1,-107341,-12.6,-7803,-16.1,24,2.6
"06039","5","10","71","0","2017","4","",4042,38758,37695,37981,397132723,46830815,2195913,801,"",0.97,0.91,0.91,0.91,0.86,1.02,0.99,0.94,"",214,5.6,-50,-0.1,784,2.1,941,2.5,19416703,5.1,2381849,5.4,241235,12.3,28,3.6
"06041","0","10","70","0","2017","4","",12528,115657,116365,116812,2114187807,77536487,3065419,1399,"",1.00,1.00,1.00,1.00,1.00,1.00,1.00,1.00,"",114,0.9,689,0.6,1310,1.1,1375,1.2,50560006,2.5,2960953,4.0,-88334,-2.8,20,1.5
"06041","1","10","71","0","2017","4","",37,758,728,726,13555128,0,0,1414,"",0.49,0.34,0.33,0.32,0.23,0.00,0.00,0.71,"",1,2.8,27,3.7,-4,-0.5,-9,-1.2,-664838,-4.7,0,0.0,0,0.0,-79,-5.3
"06041","2","10","71","0","2017","4","",48,2023,2005,2013,32329767,0,0,1235,"",0.55,0.54,0.54,0.54,0.47,0.00,0.00,0.87,"",-2,-4.0,55,2.8,12,0.6,-3,-0.1,2579288,8.7,0,0.0,0,0.0,86,7.5
"06041","3","10","71","0","2017","4","",175,12923,12991,12859,260850063,131678,5458,1553,"",0.82,1.13,1.12,1.11,1.43,0.09,0.34,1.28,"",0,0.0,82,0.6,8,0.1,53,0.4,12958038,5.2,-27888,-17.5,-2247,-29.2,72,4.9
"06041","5","10","71","0","2017","4","",12268,99953,100641,101214,1807452849,77404809,3059961,1382,"",1.01,1.02,1.02,1.02,1.00,1.03,1.00,0.98,"",115,0.9,525,0.5,1294,1.3,1334,1.3,35687518,2.0,2988841,4.0,-86087,-2.7,13,0.9
"06043","0","10","70","0","2017","4","",524,5785,5369,5219,55493803,3174496,164777,782,"",1.00,1.00,1.00,1.00,1.00,1.00,1.00,1.00,"",40,8.3,339,6.2,157,3.0,110,2.2,4643472,9.1,518000,19.5,20883,14.5,38,5.1
"06043","1","10","71","0","2017","4","",20,787,578,558,7811531,0,0,937,"",6.36,7.07,5.63,5.55,5.12,0.00,0.00,0.84,"",1,5.3,29,3.8,-63,-9.8,-63,-10.1,-199361,-2.5,0,0.0,0,0.0,22,2.4
"06043","2","10","71","0","2017","4","",8,372,374,364,6320975,0,0,1314,"",2.18,2.00,2.17,2.19,3.49,0.00,0.00,1.65,"",0,0.0,-8,-2.1,-9,-2.3,-11,-2.9,2201477,53.4,0,0.0,0,0.0,479,57.4
"06043","3","10","71","0","2017","4","",34,1131,1115,1119,13285314,15749,976,911,"",3.82,1.97,2.09,2.17,2.78,0.25,1.13,1.34,"",0,0.0,50,4.6,39,3.6,8,0.7,585707,4.6,-6396,-28.9,-397,-28.9,14,1.6
"06043","5","10","71","0","2017","4","",462,3495,3302,3178,28075983,3158747,163801,650,"",0.91,0.71,0.72,0.72,0.59,1.03,1.00,0.83,"",39,9.2,268,8.3,190,6.1,176,5.9,2055649,7.9,524396,19.9,21280,14.9,7,1.1
"06045","0","10","70","0","2017","4","",4227,32551,31925,32201,332411139,20620399,856187,793,"",1.00,1.00,1.00,1.00,1.00,1.00,1.00,1.00,"",112,2.7,486,1.5,388,1.2,654,2.1,25583484,8.3,1100698,5.6,-17100,-2.0,49,6.6
"06045","1","10","71","0","2017","4","",33,271,262,260,4181215,0,0,1217,"",1.30,0.43,0.43,0.42,0.46,0.00,0.00,1.07,"",-1,-2.9,-6,-2.2,-13,-4.7,-8,-3.0,-12395,-0.3,0,0.0,0,0.0,37,3.1
"06045","2","10","71","0","2017","4","",18,426,417,390,6381642,0,0,1194,"",0.61,0.41,0.41,0.38,0.59,0.00,0.00,1.48,"",0,0.0,8,1.9,14,3.5,41,11.7,1647865,34.8,0,0.0,0,0.0,260,27.8
"06045","3","10","71","0","2017","4","",152,6136,6155,6230,69750402,858902,48522,869,"",2.12,1.90,1.94,1.95,2.44,2.10,10.77,1.26,"",-2,-1.3,-31,-0.5,-30,-0.5,54,0.9,184234,0.3,104366,13.8,4830,11.1,3,0.3
"06045","5","10","71","0","2017","4","",4024,25718,25091,25321,252097880,19761497,807665,764,"",0.98,0.93,0.93,0.93,0.89,0.99,0.95,0.96,"",115,2.9,515,2.0,417,1.7,567,2.3,23763780,10.4,996332,5.3,-21930,-2.6,58,8.2
"06047","0","10","70","0","2017","4","",6685,84909,81262,79342,869759317,59448849,2877709,818,"",1.00,1.00,1.00,1.00,1.00,1.00,1.00,1.00,"",341,5.4,4249,5.3,2648,3.4,3575,4.7,47743506,5.8,5310570,9.8,187743,7.0,11,1.4
"06047","1","10","71","0","2017","4","",27,748,761,757,12261466,0,0,1249,"",0.67,0.46,0.49,0.50,0.51,0.00,0.00,1.07,"",0,0.0,-34,-4.3,-16,-2.1,-19,-2.4,-111388,-0.9,0,0.0,0,0.0,26,2.1
"06047","2","10","71","0","2017","4","",19,3785,3819,3299,51282241,0,0,1085,"",0.41,1.39,1.47,1.30,1.81,0.00,0.00,1.30,"",0,0.0,640,20.3,567,17.4,23,0.7,-49841,-0.1,0,0.0,0,0.0,-140,-11.4
"06047","3","10","71","0","2017","4","",178,13996,14208,14054,181753510,163241,6650,993,"",1.57,1.66,1.76,1.79,2.43,0.14,0.44,1.40,"",0,0.0,131,0.9,220,1.6,196,1.4,4750425,2.7,16764,11.4,215,3.3,14,1.4
"06047","5","10","71","0","2017","4","",6461,66380,62474,61232,624462100,59285608,2871059,758,"",1.00,0.92,0.90,0.91,0.84,1.03,1.00,0.92,"",341,5.6,3512,5.6,1877,3.1,3375,5.8,43154310,7.4,5293806,9.8,187528,7.0,18,2.4
"06049","0","10","70","0","2017","4","",368,2640,2386,2283,23528615,1156817,60109,743,"",1.00,1.00,1.00,1.00,1.00,1.00,1.00,1.00,"",17,4.8,-118,-4.3,-199,-7.7,-150,-6.2,-554544,-2.3,-17967,-1.5,1118,1.9,28,3.9
"06049","1","10","71","0","2017","4","",21,241,190,178,3100039,0,0,1175,"",9.51,4.74,4.16,4.05,4.79,0.00,0.00,1.11,"",0,0.0,-25,-9.4,-32,-14.4,-33,-15.6,-117666,-3.7,0,0.0,0,0.0,113,10.6
"06049","2","10","71","0","2017","4","",7,48,43,45,923927,0,0,1568,"",2.71,0.57,0.56,0.62,1.20,0.00,0.00,2.07,"",1,16.7,-2,-4.0,-3,-6.5,-4,-8.2,51066,5.9,0,0.0,0,0.0,179,12.9
"06049","3","10","71","0","2017","4","",51,860,853,856,8010581,102849,6104,720,"",8.15,3.29,3.60,3.79,3.96,4.49,19.30,1.12,"",1,2.0,9,1.1,-6,-0.7,3,0.4,136751,1.7,20158,24.4,1281,26.6,11,1.6
"06049","5","10","71","0","2017","4","",289,1491,1300,1204,11494068,1053968,54005,664,"",0.81,0.66,0.64,0.62,0.57,0.94,0.90,0.89,"",15,5.5,-100,-6.3,-158,-10.8,-116,-8.8,-624695,-5.2,-38125,-3.5,-163,-0.3,24,3.8
"06051","0","10","70","0","2017","4","",637,6682,6692,7665,68089415,5484638,277471,747,"",1.00,1.00,1.00,1.00,1.00,1.00,1.00,1.00,"",21,3.4,246,3.8,58,0.9,138,1.8,5426310,8.7,377805,7.4,6292,2.3,45,6.4
"06051","1","10","71","0","2017","4","",15,253,183,175,3438943,0,0,1299,"",3.93,1.97,1.43,1.19,1.84,0.00,0.00,1.22,"",-1,-6.2,20,8.6,-27,-12.9,9,5.4,-21146,-0.6,0,0.0,0,0.0,-12,-0.9
"06051","2","10","71","0","2017","4","",4,43,39,39,478640,0,0,913,"",0.90,0.20,0.18,0.16,0.22,0.00,0.00,1.20,"",0,0.0,-5,-10.4,0,0.0,2,5.4,68915,16.8,0,0.0,0,0.0,150,19.7
"06051","3","10","71","0","2017","4","",45,1406,1372,1363,18198561,202391,11423,1014,"",4.16,2.12,2.06,1.80,3.11,1.86,7.82,1.56,"",0,0.0,10,0.7,-11,-0.8,-46,-3.3,-442677,-2.4,85978,73.9,4956,76.6,-13,-1.3
"06051","5","10","71","0","2017","4","",573,4980,5098,6088,45973271,5282247,266048,656,"",0.93,0.88,0.90,0.93,0.79,1.00,0.97,0.87,"",22,4.0,221,4.6,96,1.9,173,2.9,5821218,14.5,291827,5.8,1336,0.5,65,11.0
"06053","0","10","70","0","2017","4","",13787,199354,193439,174820,2338359501,145169771,6881313,951,"",1.00,1.00,1.00,1.00,1.00,1.00,1.00,1.00,"",395,2.9,1419,0.7,5128,2.7,3392,2.0,134205798,6.1,1096546,0.8,-479643,-6.5,39,4.3
"06053","1","10","71","0","2017","4","",68,5155,5154,5153,118755436,0,0,1772,"",0.82,1.34,1.39,1.53,1.85,0.00,0.00,1.30,"",2,3.0,36,0.7,47,0.9,19,0.4,8688854,7.9,0,0.0,0,0.0,118,7.1
"06053","2","10","71","0","2017","4","",203,5352,5361,5359,78833903,0,0,1132,"",2.10,0.84,0.87,0.96,1.03,0.00,0.00,1.17,"",-1,-0.5,-139,-2.5,-153,-2.8,-334,-5.9,4529090,6.1,0,0.0,0,0.0,105,10.2
"06053","3","10","71","0","2017","4","",347,23112,23190,23371,386641671,391607,17844,1281,"",1.48,1.17,1.21,1.35,1.92,0.14,0.49,1.55,"",-3,-0.9,639,2.8,638,2.8,546,2.4,19466403,5.3,-26353,-6.3,-1732,-8.8,32,2.6
"06053","5","10","71","0","2017","4","",13169,165735,159734,140937,1754128491,144778164,6863469,868,"",0.98,0.98,0.97,0.95,0.88,1.03,1.00,0.91,"",397,3.1,883,0.5,4596,3.0,3161,2.3,101521451,6.1,1122899,0.8,-477911,-6.5,35,4.2
"06055","0","10","70","0","2017","4","",5889,77485,75653,74500,1103732734,54070663,2393103,1119,"",1.00,1.00,1.00,1.00,1.00,1.00,1.00,1.00,"",132,2.3,-36,0.0,1095,1.5,1362,1.9,66360564,6.4,1320123,2.5,-17714,-0.7,56,5.3
"06055","1","10","71","0","2017","4","",12,224,222,219,3934569,0,0,1365,"",0.34,0.15,0.15,0.15,0.13,0.00,0.00,0.85,"",0,0.0,4,1.8,3,1.4,-6,-2.7,-54561,-1.4,0,0.0,0,0.0,-21,-1.5
"06055","2","10","71","0","2017","4","",208,4268,3970,3950,63240231,0,0,1197,"",5.04,1.72,1.64,1.66,1.76,0.00,0.00,1.05,"",2,1.0,426,11.1,107,2.8,206,5.5,6543303,11.5,0,0.0,0,0.0,54,4.7
"06055","3","10","71","0","2017","4","",94,6431,6478,6467,108156255,34088,1140,1288,"",0.94,0.84,0.86,0.88,1.14,0.03,0.09,1.33,"",-1,-1.1,-171,-2.6,-196,-2.9,-140,-2.1,4949252,4.8,-8880,-20.7,-516,-31.2,90,7.5
"06055","5","10","71","0","2017","4","",5575,66562,64983,63864,928401679,54036575,2391963,1096,"",0.98,1.01,1.01,1.01,0.99,1.03,1.01,0.97,"",131,2.4,-295,-0.4,1181,1.9,1302,2.1,54922570,6.3,1329003,2.5,-17198,-0.7,53,5.1
"06057","0","10","70","0","2017","4","",3679,31013,31194,31864,374879595,21934791,941277,920,"",1.00,1.00,1.00,1.00,1.00,1.00,1.00,1.00,"",85,2.4,415,1.4,347,1.1,590,1.9,22765333,6.5,2191931,11.1,34200,3.8,44,5.0
"06057","1","10","71","0","2017","4","",17,394,351,330,5993126,0,0,1287,"",0.77,0.66,0.59,0.54,0.58,0.00,0.00,0.98,"",0,0.0,-20,-4.8,-38,-9.8,-17,-4.9,-51813,-0.9,0,0.0,0,0.0,74,6.1
"06057","2","10","71","0","2017","4","",13,470,548,574,4569486,0,0,662,"",0.50,0.47,0.55,0.56,0.37,0.00,0.00,0.71,"",0,0.0,-9,-1.9,3,0.6,2,0.3,592921,14.9,0,0.0,0,0.0,87,15.1
"06057","3","10","71","0","2017","4","",120,5176,5259,5136,79519827,236396,11481,1179,"",1.92,1.68,1.70,1.63,2.47,0.54,2.32,1.48,"",1,0.8,-31,-0.6,-194,-3.6,-38,-0.7,6971694,9.6,36358,18.2,1242,12.1,122,11.5
"06057","5","10","71","0","2017","4","",3529,24973,25036,25824,284797156,21698395,929796,867,"",0.99,0.95,0.94,0.95,0.89,1.02,0.99,0.94,"",84,2.4,475,1.9,576,2.4,643,2.6,15252531,5.7,2155573,11.0,32958,3.7,28,3.3
"06059","0","10","70","0","2017","4","",121345,1617023,1626460,1623126,26047347559,1218786153,51697613,1235,"",1.00,1.00,1.00,1.00,1.00,1.00,1.00,1.00,"",5767,5.0,31996,2.0,33235,2.1,33822,2.1,1238872195,5.0,72441668,6.3,155359,0.3,34,2.8
"06059","1","10","71","0","2017","4","",137,11290,11197,11348,226906825,0,0,1548,"",0.19,0.36,0.36,0.36,0.32,0.00,0.00,0.88,"",1,0.7,10,0.1,-171,-1.5,-327,-2.8,346098,0.2,0,0.0,0,0.0,25,1.6
"06059","2","10","71","0","2017","4","",446,25580,25583,25594,436511533,0,0,1312,"",0.52,0.49,0.49,0.49,0.51,0.00,0.00,1.04,"",-2,-0.4,256,1.0,667,2.7,773,3.1,20526543,4.9,0,0.0,0,0.0,33,2.6
"06059","3","10","71","0","2017","4","",875,116766,118387,109345,1751363356,1020382,39981,1173,"",0.42,0.73,0.73,0.68,0.78,0.04,0.15,1.09,"",-3,-0.3,51,0.0,-15,0.0,-1339,-1.2,50802073,3.0,139095,15.8,-69,-0.2,38,3.3
"06059","5","10","71","0","2017","4","",119887,1463387,1471293,1476839,23632565845,1217765771,51657632,1236,"",1.02,1.07,1.06,1.07,1.06,1.03,1.01,1.00,"",5771,5.1,31679,2.2,32754,2.3,34715,2.4,1167197481,5.2,72302573,6.3,155428,0.3,34,2.8
"06061","0","10","70","0","2017","4","",13096,163033,164170,164379,2354482893,120466312,5188796,1105,"",1.00,1.00,1.00,1.00,1.00,1.00,1.00,1.00,"",624,5.0,5501,3.5,5799,3.7,6880,4.4,134702082,6.1,8837496,7.9,116468,2.3,23,2.1
"06061","1","10","71","0","2017","4","",41,746,724,722,12258187,0,0,1291,"",0.52,0.24,0.23,0.23,0.19,0.00,0.00,0.82,"",-1,-2.4,48,6.9,27,3.9,49,7.3,129391,1.1,0,0.0,0,0.0,-62,-4.6
"06061","2","10","71","0","2017","4","",27,741,729,681,10986199,0,0,1179,"",0.29,0.14,0.14,0.13,0.14,0.00,0.00,1.05,"",6,28.6,127,20.7,134,22.5,123,22.0,2888606,35.7,0,0.0,0,0.0,121,11.4
"06061","3","10","71","0","2017","4","",242,17900,17965,15345,257773021,1814946,91545,1162,"",1.09,1.11,1.10,0.94,1.27,0.76,3.35,1.21,"",0,0.0,370,2.1,262,1.5,460,3.1,10469673,4.2,107943,6.3,-10881,-10.6,23,2.0
"06061","5","10","71","0","2017","4","",12786,143646,144752,147631,2073465486,118651366,5097251,1097,"",1.01,1.04,1.04,1.06,1.03,1.02,0.99,0.99,"",619,5.1,4956,3.6,5376,3.9,6248,4.4,121214412,6.2,8729553,7.9,127349,2.6,23,2.1
"06063","0","10","70","0","2017","4","",870,6613,6048,5939,69406806,3281942,161558,861,"",1.00,1.00,1.00,1.00,1.00,1.00,1.00,1.00,"",17,2.0,185,2.9,134,2.3,297,5.3,6414329,10.2,263198,8.7,7761,5.0,53,6.6
"06063","1","10","71","0","2017","4","",18,428,337,313,5360428,0,0,1148,"",3.45,3.36,2.91,2.74,2.81,0.00,0.00,0.93,"",0,0.0,-17,-3.8,-51,-13.1,-10,-3.1,-269987,-4.8,0,0.0,0,0.0,24,2.1
"06063","2","10","71","0","2017","4","",4,45,45,46,595965,0,0,1011,"",0.66,0.21,0.23,0.24,0.26,0.00,0.00,1.15,"",0,0.0,0,0.0,0,0.0,1,2.2,192596,47.7,0,0.0,0,0.0,321,46.5
"06063","3","10","71","0","2017","4","",66,2028,1989,2040,24394350,263991,15339,929,"",4.46,3.10,3.31,3.47,4.09,4.06,18.04,1.24,"",0,0.0,87,4.5,36,1.8,86,4.4,2882652,13.4,-38278,-12.7,-3138,-17.0,80,9.4
"06063","5","10","71","0","2017","4","",782,4112,3677,3540,39056063,3017951,146219,796,"",0.93,0.73,0.72,0.70,0.66,0.95,0.91,0.92,"",17,2.2,115,2.9,149,4.2,220,6.6,3609068,10.2,301476,11.1,10899,8.1,42,5.6
"06065","0","10","70","0","2017","4","",64414,721483,734300,732428,8271702396,563314242,24368910,872,"",1.00,1.00,1.00,1.00,1.00,1.00,1.00,1.00,"",4636,7.8,23280,3.3,27639,3.9,25619,3.6,629004340,8.2,31407550,5.9,130466,0.5,37,4.4
"06065","1","10","71","0","2017","4","",118,7226,7253,7239,147927410,0,0,1572,"",0.31,0.52,0.52,0.51,0.65,0.00,0.00,1.26,"",1,0.9,124,1.7,77,1.1,104,1.5,4036158,2.8,0,0.0,0,0.0,21,1.4
"06065","2","10","71","0","2017","4","",237,12113,12284,12047,180124599,0,0,1141,"",0.53,0.52,0.52,0.52,0.67,0.00,0.00,1.28,"",16,7.2,561,4.9,536,4.6,31,0.3,31601949,21.3,0,0.0,0,0.0,170,17.5
"06065","3","10","71","0","2017","4","",976,110348,110616,109115,1445763437,7062269,315557,1011,"",0.89,1.54,1.52,1.51,2.03,0.63,2.46,1.34,"",-3,-0.3,1156,1.1,1034,0.9,1154,1.1,17883313,1.3,2972829,72.7,92892,41.7,3,0.3
"06065","5","10","71","0","2017","4","",63083,591796,604147,604027,6497886950,556251973,24053353,833,"",1.01,0.97,0.97,0.97,0.92,1.02,0.99,0.95,"",4622,7.9,21439,3.8,25992,4.5,24330,4.2,575482920,9.7,28434721,5.4,37574,0.2,42,5.3
"06067","0","10","70","0","2017","4","",58378,657039,660074,656935,10093380741,408251813,17940372,1180,"",1.00,1.00,1.00,1.00,1.00,1.00,1.00,1.00,"",2752,4.9,12005,1.9,10642,1.6,13095,2.0,587093248,6.2,29111849,7.7,514013,2.9,48,4.2
"06067","1","10","71","0","2017","4","",134,10449,10523,10595,228847381,0,0,1673,"",0.38,0.83,0.83,0.84,0.82,0.00,0.00,0.99,"",4,3.1,80,0.8,128,1.2,227,2.2,9248489,4.2,0,0.0,0,0.0,45,2.8
"06067","2","10","71","0","2017","4","",4714,97608,98033,97848,2167012877,14662,293,1704,"",11.52,4.63,4.64,4.67,6.58,0.00,0.01,1.42,"",-106,-2.2,-2450,-2.4,-2364,-2.4,-2472,-2.5,93004410,4.5,2168,17.4,18,6.5,113,7.1
"06067","3","10","71","0","2017","4","",656,65284,65850,62469,1011012652,1838206,79675,1205,"",0.66,1.00,1.00,0.96,1.16,0.23,0.84,1.18,"",-9,-1.4,929,1.4,149,0.2,1136,1.9,47779029,5.0,-329723,-15.2,-21515,-21.3,44,3.8
"06067","5","10","71","0","2017","4","",52874,483698,485668,486023,6686507831,406398945,17860404,1060,"",0.93,0.87,0.87,0.87,0.78,1.03,1.00,0.89,"",2863,5.7,13446,2.9,12729,2.7,14204,3.0,437061320,7.0,29439404,7.8,535510,3.1,41,4.0
"06069","0","10","70","0","2017","4","",1622,17411,16677,15836,204922792,12293610,587936,947,"",1.00,1.00,1.00,1.00,1.00,1.00,1.00,1.00,"",40,2.5,-606,-3.4,-574,-3.3,-286,-1.8,4034787,2.0,-559492,-4.4,-55835,-8.7,45,5.0
"06069","1","10","71","0","2017","4","",9,128,127,131,2122651,0,0,1269,"",0.93,0.38,0.40,0.43,0.38,0.00,0.00,0.94,"",0,0.0,-9,-6.6,-21,-14.2,-18,-12.1,-243618,-10.3,0,0.0,0,0.0,11,0.9
"06069","2","10","71","0","2017","4","",5,81,79,78,950288,0,0,921,"",0.44,0.14,0.15,0.15,0.14,0.00,0.00,0.95,"",-1,-16.7,-1,-1.2,-2,-2.5,-4,-4.9,152089,19.1,0,0.0,0,0.0,169,22.5
"06069","3","10","71","0","2017","4","",42,2766,2789,2717,44529199,0,0,1242,"",1.52,1.60,1.68,1.73,2.53,0.00,0.00,1.51,"",-1,-2.3,-79,-2.8,-36,-1.3,-58,-2.1,1519462,3.5,0,0.0,0,0.0,67,5.7
"06069","5","10","71","0","2017","4","",1566,14436,13682,12910,157320654,12293610,587936,885,"",1.00,0.98,0.97,0.96,0.90,1.03,1.01,0.93,"",42,2.8,-517,-3.5,-515,-3.6,-206,-1.6,2606854,1.7,-559492,-4.4,-55835,-8.7,40,4.7
"06071","0","10","70","0","2017","4","",59201,742228,753308,754169,8843806046,563453156,24031278,907,"",1.00,1.00,1.00,1.00,1.00,1.00,1.00,1.00,"",3367,6.0,26402,3.7,29103,4.0,26675,3.7,474994969,5.7,41207080,7.9,687222,2.9,16,1.8
"06071","1","10","71","0","2017","4","",146,13574,13462,13507,249246670,0,0,1419,"",0.41,0.95,0.93,0.93,1.03,0.00,0.00,1.09,"",0,0.0,102,0.8,-55,-0.4,-98,-0.7,9666690,4.0,0,0.0,0,0.0,57,4.2
"06071","2","10","71","0","2017","4","",501,12418,12761,12713,202841289,0,0,1235,"",1.21,0.52,0.53,0.53,0.70,0.00,0.00,1.34,"",-1,-0.2,174,1.4,410,3.3,137,1.1,11567613,6.0,0,0.0,0,0.0,48,4.0
"06071","3","10","71","0","2017","4","",907,97182,98040,98558,1399255952,1783965,76579,1099,"",0.90,1.32,1.31,1.32,1.84,0.16,0.61,1.40,"",-4,-0.4,1715,1.8,1708,1.8,1265,1.3,49714592,3.7,-1125495,-38.7,-51059,-40.0,22,2.0
"06071","5","10","71","0","2017","4","",57647,619054,629045,629391,6992462135,561669191,23954699,859,"",1.00,0.98,0.98,0.98,0.93,1.03,1.00,0.94,"",3372,6.2,24411,4.1,27040,4.5,25371,4.2,404046074,6.1,42332575,8.2,738281,3.2,15,1.8
"06073","0","10","70","0","2017","4","",111429,1451385,1460012,1460901,23140408127,952840382,40567799,1221,"",1.00,1.00,1.00,1.00,1.00,1.00,1.00,1.00,"",4194,3.9,30831,2.2,31148,2.2,32785,2.3,1441200727,6.6,45901924,5.1,147715,0.4,50,4.3
"06073","1","10","71","0","2017","4","",249,47073,47056,47224,1062063327,0,0,1734,"",0.37,1.68,1.68,1.68,1.67,0.00,0.00,0.99,"",-2,-0.8,-51,-0.1,-195,-0.4,-334,-0.7,37298370,3.6,0,0.0,0,0.0,68,4.1
"06073","2","10","71","0","2017","4","",596,37689,37904,37167,727225575,0,0,1488,"",0.76,0.81,0.81,0.80,0.96,0.00,0.00,1.19,"",19,3.3,1734,4.8,1663,4.6,1341,3.7,61960274,9.3,0,0.0,0,0.0,67,4.7
"06073","3","10","71","0","2017","4","",1072,149225,150444,150670,2294035351,4106606,206892,1176,"",0.57,1.04,1.04,1.04,1.15,0.22,0.97,1.11,"",-8,-0.7,276,0.2,258,0.2,593,0.4,59213561,2.6,183870,4.7,-1371,-0.7,28,2.4
"06073","5","10","71","0","2017","4","",109512,1217398,1224608,1225840,19057083874,948733776,40360907,1199,"",1.01,0.99,0.99,0.99,0.96,1.03,1.00,0.98,"",4185,4.0,28872,2.4,29422,2.5,31185,2.6,1282728522,7.2,45718054,5.1,149086,0.4,53,4.6
"06075","0","10","70","0","2017","4","",60754,724792,729702,730580,21142253489,509050774,21512441,2233,"",1.00,1.00,1.00,1.00,1.00,1.00,1.00,1.00,"",1105,1.9,12389,1.7,15526,2.2,15211,2.1,1933957049,10.1,25830423,5.3,135046,0.6,164,7.9
"06075","1","10","71","0","2017","4","",128,13733,13665,13654,350226427,0,0,1969,"",0.35,0.98,0.98,0.97,0.60,0.00,0.00,0.62,"",-2,-1.5,-351,-2.5,-414,-2.9,-421,-3.0,-1741233,-0.5,0,0.0,0,0.0,46,2.4
"06075","2","10","71","0","2017","4","",625,39035,39252,38955,969436053,0,0,1908,"",1.47,1.68,1.68,1.67,1.40,0.00,0.00,0.84,"",55,9.6,1045,2.8,1473,3.9,1008,2.7,74103277,8.3,0,0.0,0,0.0,91,5.0
"06075","3","10","71","0","2017","4","",199,48177,48607,48579,1130710552,694426,35520,1795,"",0.19,0.67,0.67,0.67,0.62,0.07,0.31,0.93,"",-3,-1.5,833,1.8,887,1.9,994,2.1,65945317,6.2,99332,16.7,6765,23.5,72,4.2
"06075","5","10","71","0","2017","4","",59802,623847,628178,629392,18691880457,508356348,21476921,2293,"",1.01,1.01,1.01,1.01,1.04,1.03,1.00,1.02,"",1055,1.8,10862,1.8,13580,2.2,13630,2.2,1795649688,10.6,25731091,5.3,128281,0.6,178,8.4
"06077","0","10","70","0","2017","4","",17814,252909,251877,251594,3022836566,192703327,8693931,922,"",1.00,1.00,1.00,1.00,1.00,1.00,1.00,1.00,"",476,2.7,6695,2.7,8984,3.7,8300,3.4,197122940,7.0,10381841,5.7,185037,2.2,32,3.6
"06077","1","10","71","0","2017","4","",59,3049,3058,3086,54109152,0,0,1358,"",0.55,0.63,0.63,0.64,0.65,0.00,0.00,1.03,"",3,5.4,10,0.3,21,0.7,47,1.5,2097526,4.0,0,0.0,0,0.0,41,3.1
"06077","2","10","71","0","2017","4","",219,6744,6878,7194,92181819,0,0,1022,"",1.75,0.83,0.85,0.90,0.93,0.00,0.00,1.09,"",4,1.9,233,3.6,319,4.9,338,4.9,3295671,3.7,0,0.0,0,0.0,-7,-0.7
"06077","3","10","71","0","2017","4","",472,33065,33655,33377,508795960,750692,34721,1173,"",1.56,1.32,1.35,1.34,1.96,0.20,0.76,1.47,"",16,3.5,727,2.2,935,2.9,605,1.8,40630572,8.7,-55263,-6.9,-2419,-6.5,69,6.2
"06077","5","10","71","0","2017","4","",17064,210051,208286,207937,2367749635,191952635,8659210,872,"",0.99,0.98,0.97,0.97,0.92,1.03,1.00,0.94,"",453,2.7,5725,2.8,7709,3.8,7310,3.6,151099171,6.8,10437104,5.7,187456,2.2,27,3.2
"06079","0","10","70","0","2017","4","",10437,119535,118822,115833,1428770051,82322957,3302971,931,"",1.00,1.00,1.00,1.00,1.00,1.00,1.00,1.00,"",196,1.9,2710,2.3,2527,2.2,2142,1.9,100505791,7.6,5223553,6.8,68691,2.1,47,5.3
"06079","1","10","71","0","2017","4","",39,573,547,549,8413685,0,0,1163,"",0.62,0.25,0.24,0.25,0.21,0.00,0.00,0.87,"",-1,-2.5,15,2.7,-16,-2.8,5,0.9,-91237,-1.1,0,0.0,0,0.0,-16,-1.4
"06079","2","10","71","0","2017","4","",292,9437,9416,8972,146692151,0,0,1217,"",3.99,2.46,2.47,2.43,3.14,0.00,0.00,1.28,"",2,0.7,226,2.5,263,2.9,-213,-2.3,11466122,8.5,0,0.0,0,0.0,84,7.4
"06079","3","10","71","0","2017","4","",213,11496,11675,10389,142743180,233381,8649,982,"",1.20,0.97,0.99,0.91,1.16,0.14,0.50,1.22,"",-1,-0.5,62,0.5,11,0.1,304,3.0,4426464,3.2,3757,1.6,-2089,-19.5,20,2.1
"06079","5","10","71","0","2017","4","",9893,98029,97184,95923,1130921035,82089576,3294322,896,"",0.98,0.97,0.96,0.97,0.93,1.03,1.00,0.96,"",196,2.0,2407,2.5,2269,2.4,2046,2.2,84704442,8.1,5219796,6.8,70780,2.2,47,5.5
"06081","0","10","70","0","2017","4","",28374,403778,405977,407433,12352740360,285044812,11836751,2342,"",1.00,1.00,1.00,1.00,1.00,1.00,1.00,1.00,"",886,3.2,7945,2.0,6635,1.7,8009,2.0,1465046830,13.5,17820117,6.7,98007,0.8,239,11.4
"06081","1","10","71","0","2017","4","",58,3720,3698,3731,86609742,0,0,1793,"",0.34,0.48,0.48,0.48,0.26,0.00,0.00,0.54,"",1,1.8,-28,-0.7,-119,-3.1,-77,-2.0,13477,0.0,0,0.0,0,0.0,36,2.0
"06081","2","10","71","0","2017","4","",16,329,331,328,4703237,0,0,1099,"",0.08,0.03,0.03,0.03,0.01,0.00,0.00,0.46,"",4,33.3,95,40.6,86,35.1,83,33.9,1560820,49.7,0,0.0,0,0.0,97,9.7
"06081","3","10","71","0","2017","4","",325,28724,28524,28438,552547897,263156,10656,1488,"",0.67,0.72,0.71,0.71,0.52,0.05,0.17,0.73,"",2,0.6,101,0.4,-256,-0.9,-10,0.0,23183214,4.4,-13931,-5.0,-1587,-13.0,65,4.6
"06081","5","10","71","0","2017","4","",27975,371005,373424,374936,11708879484,284781656,11826095,2414,"",1.02,1.08,1.08,1.08,1.11,1.03,1.01,1.03,"",879,3.2,7777,2.1,6924,1.9,8013,2.2,1440289319,14.0,17834048,6.7,99594,0.8,253,11.7
"06083","0","10","70","0","2017","4","",15582,201629,200676,195324,2765136784,139312463,5753329,1068,"",1.00,1.00,1.00,1.00,1.00,1.00,1.00,1.00,"",400,2.6,3601,1.8,3631,1.8,3684,1.9,160551706,6.2,6193043,4.7,-29188,-0.5,44,4.3
"06083","1","10","71","0","2017","4","",75,3600,3522,3567,65430926,0,0,1413,"",0.80,0.93,0.92,0.95,0.86,0.00,0.00,0.93,"",0,0.0,-44,-1.2,-134,-3.7,-94,-2.6,626346,1.0,0,0.0,0,0.0,49,3.6
"06083","2","10","71","0","2017","4","N",32,0,0,0,0,0,0,0,"N",0.29,0,0,0,0,0,0,0,"N",2,6.7,0,0,0,0,0,0,0,0,0,0,0,0,0,0
"06083","3","10","71","0","2017","4","N",281,0,0,0,0,0,0,0,"N",1.06,0,0,0,0,0,0,0,"N",-3,-1.1,0,0,0,0,0,0,0,0,0,0,0,0,0,0
"06083","5","10","71","0","2017","4","",15194,167911,166905,161078,2241945235,138911351,5737428,1043,"",1.01,0.98,0.98,0.97,0.95,1.03,1.00,0.97,"",401,2.7,3825,2.3,4046,2.5,3342,2.1,146665078,7.0,6112472,4.6,-30675,-0.5,45,4.5
"06085","0","10","70","0","2017","4","",73062,1084583,1089989,1092010,36475368509,696566910,29644810,2577,"",1.00,1.00,1.00,1.00,1.00,1.00,1.00,1.00,"",2543,3.6,25967,2.5,26915,2.5,27104,2.5,3818991055,11.7,28385107,4.2,-394856,-1.3,212,9.0
"06085","1","10","71","0","2017","4","",94,10040,10015,10055,251957682,0,0,1931,"",0.21,0.48,0.48,0.48,0.25,0.00,0.00,0.52,"",-1,-1.1,48,0.5,-27,-0.3,-59,-0.6,3670269,1.5,0,0.0,0,0.0,30,1.6
"06085","2","10","71","0","2017","4","",216,6291,6306,6243,101831011,0,0,1247,"",0.42,0.18,0.18,0.18,0.09,0.00,0.00,0.47,"",5,2.4,315,5.3,265,4.4,256,4.3,9347540,10.1,0,0.0,0,0.0,62,5.2
"06085","3","10","71","0","2017","4","",1081,77020,77863,77176,1452649516,604589,22564,1445,"",0.87,0.72,0.72,0.71,0.46,0.04,0.14,0.65,"",-13,-1.2,1547,2.0,894,1.2,724,0.9,73970700,5.4,77135,14.6,1570,7.5,55,4.0
"06085","5","10","71","0","2017","4","",71671,991232,995805,998536,34668930300,695962321,29622246,2680,"",1.01,1.08,1.08,1.08,1.11,1.03,1.01,1.03,"",2552,3.7,24057,2.5,25783,2.7,26183,2.7,3732002546,12.1,28307972,4.2,-396426,-1.3,226,9.2
"06087","0","10","70","0","2017","4","",9581,106738,103588,100493,1310053305,72694242,3081661,973,"",1.00,1.00,1.00,1.00,1.00,1.00,1.00,1.00,"",110,1.2,344,0.3,-182,-0.2,1105,1.1,57543881,4.6,886319,1.2,-174972,-5.4,39,4.2
"06087","1","10","71","0","2017","4","",27,532,535,530,11079128,0,0,1601,"",0.47,0.26,0.27,0.27,0.31,0.00,0.00,1.15,"",0,0.0,-4,-0.7,-9,-1.7,-19,-3.5,358985,3.3,0,0.0,0,0.0,82,5.4
"06087","2","10","71","0","2017","4","",22,4931,4870,4884,67744873,1485,92,1065,"",0.33,1.44,1.47,1.52,1.58,0.00,0.02,1.07,"",0,0.0,80,1.6,103,2.2,74,1.5,5301087,8.5,-1170,-44.1,-73,-44.2,66,6.6
"06087","3","10","71","0","2017","4","",156,12571,12850,12413,178565229,191301,6602,1089,"",0.96,1.19,1.25,1.25,1.59,0.13,0.41,1.29,"",-1,-0.6,-118,-0.9,-215,-1.6,-329,-2.6,7755074,4.5,-150915,-44.1,-5786,-46.7,65,6.3
"06087","5","10","71","0","2017","4","",9376,88704,85333,82666,1052664075,72501456,3074967,946,"",1.01,0.98,0.97,0.97,0.94,1.03,1.00,0.97,"",111,1.2,386,0.4,-61,-0.1,1379,1.7,44128735,4.4,1038404,1.5,-169113,-5.2,33,3.6
"06089","0","10","70","0","2017","4","",6994,67123,66808,66202,742794794,46067158,2130650,857,"",1.00,1.00,1.00,1.00,1.00,1.00,1.00,1.00,"",251,3.7,308,0.5,957,1.5,1599,2.5,49663382,7.2,477829,1.0,-64879,-3.0,46,5.7
"06089","1","10","71","0","2017","4","",58,1356,1237,1249,23723399,0,0,1425,"",1.38,1.05,0.97,0.98,1.16,0.00,0.00,1.16,"",-1,-1.7,12,0.9,-42,-3.3,18,1.5,1431508,6.4,0,0.0,0,0.0,90,6.7
"06089","2","10","71","0","2017","4","",122,1746,1757,1785,27981911,0,0,1221,"",2.49,0.81,0.82,0.85,1.15,0.00,0.00,1.40,"",-1,-0.8,9,0.5,-9,-0.5,66,3.8,3079519,12.4,0,0.0,0,0.0,121,11.0
"06089","3","10","71","0","2017","4","",202,9863,10012,9947,116724991,541430,31427,903,"",1.70,1.48,1.51,1.52,1.83,0.59,2.80,1.21,"",-3,-1.5,-37,-0.4,-11,-0.1,85,0.9,4726672,4.2,-215095,-28.4,-13420,-29.9,35,4.0
"06089","5","10","71","0","2017","4","",6612,54158,53802,53221,574364493,45525728,2099223,822,"",0.97,0.95,0.95,0.95,0.91,1.02,0.99,0.95,"",256,4.0,324,0.6,1019,1.9,1430,2.8,40425683,7.6,692924,1.5,-51459,-2.4,44,5.7
"06091","0","10","70","0","2017","4","",122,549,501,480,4937115,317235,13585,745,"",1.00,1.00,1.00,1.00,1.00,1.00,1.00,1.00,"",3,2.5,-15,-2.7,-18,-3.5,-4,-0.8,-24719,-0.5,24211,8.3,407,3.1,14,1.9
"06091","1","10","71","0","2017","4","",9,53,38,35,614225,0,0,1125,"",12.30,5.02,3.96,3.79,4.53,0.00,0.00,1.06,"",0,0.0,-3,-5.4,-14,-26.9,0,0.0,11535,1.9,0,0.0,0,0.0,152,15.6
"06091","3","10","71","0","2017","4","",20,259,258,251,2849886,53107,2741,856,"",9.64,4.76,5.19,5.28,6.71,8.46,38.34,1.32,"",0,0.0,-13,-4.8,-4,-1.5,-16,-6.0,63057,2.3,5534,11.6,123,4.7,53,6.6
"06091","5","10","71","0","2017","4","",93,237,205,194,1473004,264128,10844,534,"",0.79,0.51,0.48,0.48,0.35,0.86,0.80,0.71,"",3,3.3,1,0.4,0,0.0,12,6.6,-99311,-6.3,18677,7.6,284,2.7,-48,-8.2
"06093","0","10","70","0","2017","4","",1743,14759,14175,13448,143508665,11233098,554600,781,"",1.00,1.00,1.00,1.00,1.00,1.00,1.00,1.00,"",52,3.1,221,1.5,-108,-0.8,23,0.2,5962686,4.3,632005,6.0,11722,2.2,30,4.0
"06093","1","10","71","0","2017","4","",43,864,732,668,12512878,0,0,1275,"",4.11,3.04,2.70,2.58,3.17,0.00,0.00,1.14,"",0,0.0,-21,-2.4,-70,-8.7,-24,-3.5,273922,2.2,0,0.0,0,0.0,88,7.4
"06093","2","10","71","0","2017","4","",13,314,316,293,4844482,0,0,1211,"",1.06,0.66,0.70,0.68,1.03,0.00,0.00,1.52,"",0,0.0,0,0.0,3,1.0,14,5.0,597611,14.1,0,0.0,0,0.0,129,11.9
"06093","3","10","71","0","2017","4","",136,3115,3087,3072,30504707,461547,26084,759,"",4.59,2.13,2.19,2.31,2.47,2.08,8.94,1.12,"",-5,-3.5,-11,-0.4,-62,-2.0,8,0.3,1258225,4.3,96229,26.3,5044,24.0,36,5.0
"06093","5","10","71","0","2017","4","",1551,10466,10040,9415,95646598,10771551,528516,738,"",0.92,0.83,0.83,0.82,0.78,0.99,0.96,0.94,"",57,3.8,253,2.5,21,0.2,25,0.3,3832928,4.2,535776,5.2,6678,1.3,23,3.2
"06095","0","10","70","0","2017","4","",11499,140546,141068,141151,2045125062,88355133,3836402,1116,"",1.00,1.00,1.00,1.00,1.00,1.00,1.00,1.00,"",505,4.6,2890,2.1,2821,2.0,2920,2.1,119754463,6.2,-1193684,-1.3,-370898,-8.8,43,4.0
"06095","1","10","71","0","2017","4","",54,3603,3598,3634,66752003,0,0,1422,"",0.78,1.33,1.33,1.34,1.19,0.00,0.00,0.89,"",1,1.9,-114,-3.1,-139,-3.7,-118,-3.1,135845,0.2,0,0.0,0,0.0,50,3.6
"06095","2","10","71","0","2017","4","",244,5907,5937,5914,96546909,0,0,1255,"",3.03,1.31,1.31,1.31,1.45,0.00,0.00,1.10,"",-2,-0.8,-57,-1.0,-9,-0.2,-229,-3.7,1461396,1.5,0,0.0,0,0.0,40,3.3
"06095","3","10","71","0","2017","4","",229,15875,15887,15708,243833091,214114,10069,1185,"",1.17,1.14,1.13,1.12,1.39,0.12,0.50,1.22,"",-5,-2.1,84,0.5,-43,-0.3,-226,-1.4,3316204,1.4,45463,27.0,1030,11.4,20,1.7
"06095","5","10","71","0","2017","4","",10972,115161,115646,115895,1637993059,88141019,3826333,1090,"",0.98,0.96,0.96,0.97,0.94,1.03,1.00,0.97,"",511,4.9,2977,2.7,3012,2.7,3493,3.1,114841018,7.5,-1239147,-1.4,-371928,-8.9,48,4.6
"06097","0","10","70","0","2017","4","",20095,205900,206799,208456,2879376107,141079661,5925759,1070,"",1.00,1.00,1.00,1.00,1.00,1.00,1.00,1.00,"",556,2.8,1339,0.7,3592,1.8,4974,2.4,182277225,6.8,5439178,4.0,-68425,-1.1,52,5.1
"06097","1","10","71","0","2017","4","",58,1368,1349,1373,25480671,0,0,1438,"",0.48,0.35,0.34,0.34,0.32,0.00,0.00,0.94,"",1,1.8,13,1.0,-34,-2.5,-55,-3.9,-315450,-1.2,0,0.0,0,0.0,9,0.6
"06097","2","10","71","0","2017","4","",170,3616,3580,3512,54295750,0,0,1170,"",1.21,0.55,0.54,0.53,0.58,0.00,0.00,1.07,"",13,8.3,-180,-4.7,-250,-6.5,-290,-7.6,1740403,3.3,0,0.0,0,0.0,109,10.3
"06097","3","10","71","0","2017","4","",306,23321,23276,23673,349370797,1546703,74437,1147,"",0.90,1.14,1.13,1.15,1.41,0.55,2.39,1.24,"",0,0.0,-28,-0.1,-307,-1.3,128,0.5,16808301,5.1,-442931,-22.3,-28863,-27.9,58,5.3
"06097","5","10","71","0","2017","4","",19561,177595,178594,179898,2450228889,139532958,5851322,1055,"",1.00,1.02,1.02,1.02,1.00,1.02,0.99,0.98,"",542,2.8,1534,0.9,4183,2.4,5191,3.0,164043971,7.2,5882109,4.4,-39562,-0.7,50,5.0
"06099","0","10","70","0","2017","4","",15711,191398,190727,186766,2254773121,137882216,6340583,915,"",1.00,1.00,1.00,1.00,1.00,1.00,1.00,1.00,"",908,6.1,3060,1.6,3592,1.9,5024,2.8,118399476,5.5,9226935,7.2,296767,4.9,30,3.4
"06099","1","10","71","0","2017","4","",37,865,849,858,14658934,0,0,1315,"",0.39,0.23,0.23,0.24,0.24,0.00,0.00,1.00,"",-1,-2.6,24,2.9,11,1.3,-8,-0.9,259631,1.8,0,0.0,0,0.0,9,0.7
"06099","2","10","71","0","2017","4","",77,1542,1554,1561,25916356,0,0,1284,"",0.70,0.25,0.25,0.26,0.35,0.00,0.00,1.38,"",-2,-2.5,14,0.9,56,3.7,40,2.6,2000843,8.4,0,0.0,0,0.0,70,5.8
"06099","3","10","71","0","2017","4","",307,27647,27589,25603,346124638,287345,10812,988,"",1.15,1.46,1.46,1.39,1.79,0.11,0.32,1.24,"",-3,-1.0,969,3.6,821,3.1,821,3.3,24884996,7.7,-29838,-9.4,-2405,-18.2,40,4.2
"06099","5","10","71","0","2017","4","",15290,161344,160735,158744,1868073193,137594871,6329771,897,"",1.00,0.99,0.99,1.00,0.97,1.03,1.00,0.98,"",914,6.4,2053,1.3,2704,1.7,4171,2.7,91254006,5.1,9256773,7.2,299172,5.0,28,3.2
"06101","0","10","70","0","2017","4","",3257,31258,30356,29693,326599658,25847192,1235936,825,"",1.00,1.00,1.00,1.00,1.00,1.00,1.00,1.00,"",145,4.7,450,1.5,742,2.5,1105,3.9,14415990,4.6,2712956,11.7,108934,9.7,16,2.0
"06101","1","10","71","0","2017","4","",15,88,84,84,1361322,0,0,1227,"",0.77,0.15,0.14,0.15,0.15,0.00,0.00,1.04,"",1,7.1,-1,-1.1,-8,-8.7,-4,-4.5,21683,1.6,0,0.0,0,0.0,78,6.8
"06101","2","10","71","0","2017","4","",4,106,105,108,1886319,0,0,1365,"",0.18,0.11,0.11,0.11,0.18,0.00,0.00,1.62,"",0,0.0,6,6.0,6,6.1,6,5.9,528526,38.9,0,0.0,0,0.0,324,31.1
"06101","3","10","71","0","2017","4","",81,4727,4781,4825,61848622,53457,2465,996,"",1.46,1.53,1.59,1.64,2.20,0.10,0.38,1.39,"",0,0.0,-229,-4.6,-26,-0.5,49,1.0,2293051,3.9,3220,6.4,-218,-8.1,51,5.4
"06101","5","10","71","0","2017","4","",3157,26337,25386,24676,261503395,25793735,1233471,790,"",1.00,0.99,0.98,0.98,0.94,1.03,1.00,0.95,"",144,4.8,674,2.6,770,3.1,1054,4.5,11572730,4.6,2709736,11.7,109152,9.7,10,1.3
"06103","0","10","70","0","2017","4","",1857,19881,19038,18404,211871909,17673961,895281,853,"",1.00,1.00,1.00,1.00,1.00,1.00,1.00,1.00,"",62,3.5,953,5.0,872,4.8,880,5.0,17984278,9.3,2530585,16.7,116079,14.9,34,4.2
"06103","1","10","71","0","2017","4","",20,227,187,183,2806330,0,0,1085,"",1.80,0.59,0.51,0.52,0.48,0.00,0.00,0.89,"",1,5.3,-18,-7.3,-17,-8.3,-19,-9.4,-23612,-0.8,0,0.0,0,0.0,82,8.2
"06103","2","10","71","0","2017","4","",20,353,351,337,6247044,0,0,1385,"",1.54,0.55,0.58,0.57,0.90,0.00,0.00,1.59,"",-1,-4.8,-14,-3.8,-9,-2.5,-10,-2.9,1210552,24.0,0,0.0,0,0.0,303,28.0
"06103","3","10","71","0","2017","4","",68,3594,3614,3595,38888977,307795,18436,831,"",2.15,1.82,1.91,1.97,2.13,0.88,3.91,1.12,"",0,0.0,71,2.0,83,2.4,58,1.6,1624245,4.4,54854,21.7,3078,20.0,19,2.3
"06103","5","10","71","0","2017","4","",1749,15707,14886,14289,163929558,17366166,876845,843,"",0.97,0.93,0.92,0.91,0.91,1.02,0.99,0.98,"",62,3.7,914,6.2,815,5.8,851,6.3,15173093,10.2,2475731,16.6,113001,14.8,31,3.8
"06105","0","10","70","0","2017","4","",409,2796,2675,2586,27299922,1501912,69008,782,"",1.00,1.00,1.00,1.00,1.00,1.00,1.00,1.00,"",11,2.8,43,1.6,66,2.5,53,2.1,1823173,7.2,44522,3.1,-268,-0.4,37,5.0
"06105","1","10","71","0","2017","4","",16,278,213,184,3633840,0,0,1242,"",6.52,5.17,4.16,3.69,4.84,0.00,0.00,1.11,"",0,0.0,-1,-0.4,-7,-3.2,2,1.1,304714,9.2,0,0.0,0,0.0,114,10.1
"06105","2","10","71","0","2017","4","",4,37,37,38,794467,0,0,1637,"",1.40,0.41,0.43,0.46,0.89,0.00,0.00,2.05,"",0,0.0,-1,-2.6,-3,-7.5,-5,-11.6,182432,29.8,0,0.0,0,0.0,470,40.3
"06105","3","10","71","0","2017","4","",33,771,754,736,8782633,123166,5884,896,"",4.75,2.78,2.84,2.88,3.74,4.14,16.20,1.32,"",1,3.1,-31,-3.9,-13,-1.7,-14,-1.9,532957,6.5,61657,100.2,2587,78.5,75,9.1
"06105","5","10","71","0","2017","4","",356,1710,1671,1628,14088982,1378746,63124,649,"",0.90,0.72,0.74,0.74,0.60,0.95,0.92,0.83,"",10,2.9,76,4.7,89,5.6,70,4.5,803070,6.0,-17135,-1.2,-2855,-4.3,7,1.1
"06107","0","10","70","0","2017","4","",10511,161424,162609,159382,1698319906,155731396,7795917,811,"",1.00,1.00,1.00,1.00,1.00,1.00,1.00,1.00,"",525,5.3,1059,0.7,2143,1.3,-355,-0.2,88873517,5.5,-1130309,-0.7,-46473,-0.6,38,4.9
"06107","1","10","71","0","2017","4","",50,1138,983,970,14707343,0,0,1098,"",0.79,0.37,0.32,0.32,0.32,0.00,0.00,0.95,"",0,0.0,41,3.7,-2,-0.2,-3,-0.3,396642,2.8,0,0.0,0,0.0,17,1.6
"06107","2","10","71","0","2017","4","",75,1870,1877,1877,22505869,0,0,923,"",1.02,0.36,0.36,0.37,0.41,0.00,0.00,1.12,"",12,19.0,-24,-1.3,-20,-1.1,22,1.2,1124643,5.3,0,0.0,0,0.0,49,5.6
"06107","3","10","71","0","2017","4","",317,29798,30028,29747,400639244,735148,33202,1032,"",1.77,1.86,1.86,1.89,2.74,0.24,0.81,1.47,"",-2,-0.6,396,1.3,359,1.2,-215,-0.7,17757520,4.6,-173708,-19.1,-12878,-27.9,40,4.0
"06107","5","10","71","0","2017","4","",10069,128618,129721,126788,1260467450,154996248,7762715,755,"",0.99,0.94,0.94,0.94,0.87,1.03,1.00,0.93,"",515,5.4,646,0.5,1806,1.4,-159,-0.1,69594712,5.8,-956601,-0.6,-33595,-0.4,37,5.2
"06109","0","10","70","0","2017","4","",1614,17498,17445,17303,198006340,10637537,472706,875,"",1.00,1.00,1.00,1.00,1.00,1.00,1.00,1.00,"",26,1.6,-291,-1.6,-480,-2.7,-435,-2.5,10567777,5.6,890473,9.1,34396,7.8,66,8.2
"06109","1","10","71","0","2017","4","",23,516,410,414,6874509,0,0,1184,"",2.38,1.53,1.23,1.24,1.26,0.00,0.00,0.95,"",-1,-4.2,-25,-4.6,-94,-18.7,-15,-3.5,-402614,-5.5,0,0.0,0,0.0,45,4.0
"06109","2","10","71","0","2017","4","",42,1095,1106,1105,16857405,0,0,1177,"",3.71,1.95,1.98,2.00,2.61,0.00,0.00,1.32,"",-1,-2.3,31,2.9,-101,-8.4,-92,-7.7,2059096,13.9,0,0.0,0,0.0,192,19.5
"06109","3","10","71","0","2017","4","",57,3728,3792,3667,43328733,914938,46820,894,"",2.08,2.15,2.19,2.14,2.54,4.34,18.82,1.18,"",0,0.0,-116,-3.0,-85,-2.2,-56,-1.5,174703,0.4,-40024,-4.2,-4549,-8.9,24,2.8
"06109","5","10","71","0","2017","4","",1492,12159,12137,12117,130945693,9722599,425886,830,"",0.95,0.82,0.82,0.82,0.77,0.94,0.91,0.94,"",28,1.9,-181,-1.5,-200,-1.6,-272,-2.2,8736592,7.1,930497,10.6,38945,10.1,69,9.1
"06111","0","10","70","0","2017","4","",27292,325286,326621,326370,4552889198,236310324,9875043,1074,"",1.00,1.00,1.00,1.00,1.00,1.00,1.00,1.00,"",1060,4.0,4060,1.3,4701,1.5,3697,1.1,183010537,4.2,5259104,2.3,-398912,-3.9,30,2.9
"06111","1","10","71","0","2017","4","",64,7245,7241,7283,173537327,0,0,1840,"",0.39,1.16,1.16,1.16,1.39,0.00,0.00,1.20,"",0,0.0,103,1.4,92,1.3,27,0.4,5597974,3.3,0,0.0,0,0.0,41,2.3
"06111","2","10","71","0","2017","4","",127,2150,2086,2113,34306621,0,0,1247,"",0.66,0.21,0.20,0.20,0.23,0.00,0.00,1.14,"",-6,-4.5,-8,-0.4,-31,-1.5,-34,-1.6,2438509,7.7,0,0.0,0,0.0,102,8.9
"06111","3","10","71","0","2017","4","",367,36352,37070,36424,554464011,432112,14721,1165,"",0.79,1.13,1.14,1.13,1.42,0.09,0.28,1.25,"",-1,-0.3,244,0.7,272,0.7,-282,-0.8,22502069,4.2,195706,82.8,6267,74.1,45,4.0
"06111","5","10","71","0","2017","4","",26734,279539,280224,280550,3790581239,235878212,9860322,1041,"",1.01,1.01,1.01,1.01,0.98,1.03,1.01,0.96,"",1067,4.2,3721,1.3,4368,1.6,3986,1.4,152471985,4.2,5063398,2.2,-405179,-3.9,27,2.7
"06113","0","10","70","0","2017","4","",6753,103038,101594,101364,1527920600,59927727,2664001,1152,"",1.00,1.00,1.00,1.00,1.00,1.00,1.00,1.00,"",218,3.3,2015,2.0,1611,1.6,2958,3.0,93887389,6.5,8153970,15.7,259944,10.8,47,4.3
"06113","1","10","71","0","2017","4","",32,2387,2421,2529,44196316,0,0,1390,"",0.79,1.20,1.25,1.30,1.05,0.00,0.00,0.84,"",0,0.0,-37,-1.5,11,0.5,-64,-2.5,-607056,-1.4,0,0.0,0,0.0,-2,-0.1
"06113","2","10","71","0","2017","4","",122,19543,19506,19365,427717258,104773,6496,1690,"",2.58,5.91,5.99,5.99,8.57,0.14,1.85,1.44,"",9,8.0,784,4.2,762,4.1,736,4.0,30008815,7.5,32461,44.9,2013,44.9,55,3.4
"06113","3","10","71","0","2017","4","",146,10807,11047,11133,161934690,929116,38739,1133,"",1.27,1.06,1.10,1.11,1.23,0.78,2.76,1.13,"",-2,-1.4,218,2.1,218,2.0,180,1.6,8188155,5.3,213465,29.8,6048,18.5,37,3.4
"06113","5","10","71","0","2017","4","",6453,70301,68620,68337,894072336,58893838,2618766,995,"",0.99,0.80,0.80,0.79,0.69,1.02,0.99,0.86,"",211,3.4,1050,1.5,620,0.9,2106,3.2,56297475,6.7,7908044,15.5,251883,10.6,45,4.7
"06115","0","10","70","0","2017","4","",1674,18313,17732,17580,231709977,9993989,474528,997,"",1.00,1.00,1.00,1.00,1.00,1.00,1.00,1.00,"",69,4.3,938,5.4,753,4.4,904,5.4,18942094,8.9,1560428,18.5,61737,15.0,35,3.6
"06115","1","10","71","0","2017","4","",35,1547,1498,1498,20688257,0,0,1051,"",3.49,4.39,4.41,4.42,3.25,0.00,0.00,0.74,"",-1,-2.8,1,0.1,-56,-3.6,-9,-0.6,722627,3.6,0,0.0,0,0.0,51,5.1
"06115","2","10","71","0","2017","4","",15,923,950,969,23107655,0,0,1876,"",1.28,1.57,1.67,1.73,3.05,0.00,0.00,1.85,"",0,0.0,33,3.7,55,6.1,75,8.4,653541,2.9,0,0.0,0,0.0,-58,-3.0
"06115","3","10","71","0","2017","4","",84,4031,4112,4063,50672728,126285,5827,958,"",2.95,2.22,2.34,2.34,2.54,0.64,2.33,1.11,"",-2,-2.3,47,1.2,74,1.8,37,0.9,3188175,6.7,50927,67.6,1931,49.6,48,5.3
"06115","5","10","71","0","2017","4","",1540,11812,11172,11050,137241337,9867704,468701,931,"",0.95,0.76,0.74,0.74,0.69,1.02,0.99,0.93,"",72,4.9,857,7.8,680,6.5,801,7.8,14377751,11.7,1509501,18.1,59806,14.6,36,4.0
"06999","0","10","70","0","2017","4","",51888,386751,392197,392529,8780760399,524411617,23396447,1730,"",1.00,1.00,1.00,1.00,1.00,1.00,1.00,1.00,"",-23215,-30.9,-18147,-4.5,-10681,-2.7,-9881,-2.5,464845979,5.6,-71495286,-12.0,-1692980,-6.7,144,9.1
"06999","1","10","71","0","2017","4","",129,2191,2156,2273,50463068,0,0,1759,"",0.41,0.29,0.29,0.30,0.21,0.00,0.00,0.71,"",8,6.6,-30,-1.4,-124,-5.4,-66,-2.8,5261977,11.6,0,0.0,0,0.0,234,15.3
"06999","2","10","71","0","2017","4","N",12,0,0,0,0,0,0,0,"N",0.03,0,0,0,0,0,0,0,"N",1,9.1,0,0,0,0,0,0,0,0,0,0,0,0,0,0
"06999","3","10","71","0","2017","4","N",23,0,0,0,0,0,0,0,"N",0.03,0,0,0,0,0,0,0,"N",-13,-36.1,0,0,0,0,0,0,0,0,0,0,0,0,0,0
"06999","5","10","71","0","2017","4","",51724,381393,386834,387234,8662632387,524165799,23381821,1730,"",1.03,1.16,1.16,1.16,1.16,1.03,1.01,0.99,"",-23211,-31.0,-19487,-4.9,-11935,-3.0,-11203,-2.8,420731152,5.1,-71545059,-12.0,-1696231,-6.8,142,8.9
"08000","0","10","50","0","2017","4","",199766,2630100,2638862,2654741,38914326292,3769796631,69823099,1133,"",1.00,1.00,1.00,1.00,1.00,1.00,1.00,1.00,"",7025,3.6,56248,2.2,63676,2.5,65969,2.5,2498364374,6.9,261022272,7.4,3522964,5.3,47,4.3
"08000","1","10","51","0","2017","4","",1139,53417,52655,52586,1063244961,0,0,1546,"",0.95,1.06,1.04,1.03,0.99,0.00,0.00,0.95,"",-22,-1.9,-1005,-1.8,-1379,-2.6,-1601,-3.0,7401134,0.7,0,0.0,0,0.0,48,3.2
"08000","2","10","51","0","2017","4","",689,101261,102015,102616,1620250538,9948998,29847,1222,"",0.49,1.20,1.21,1.21,1.28,0.21,0.32,1.06,"",-16,-2.3,3635,3.7,4081,4.2,4574,4.7,113560066,7.5,655593,7.1,1967,7.1,38,3.2
"08000","3","10","51","0","2017","4","",1532,261703,262434,260730,3109482150,512237075,1613330,914,"",0.45,1.00,1.00,0.99,0.93,6.86,4.39,0.93,"",2,0.1,1709,0.7,1619,0.6,2487,1.0,94529470,3.1,34346371,7.2,105841,7.0,21,2.4
"08000","5","10","51","0","2017","4","",196406,2213719,2221758,2238809,33121348643,3247610558,68179922,1145,"",1.01,0.99,0.99,0.99,1.00,0.89,0.98,1.01,"",7061,3.7,51909,2.4,59355,2.7,60509,2.8,2282873704,7.4,226020308,7.5,3415156,5.3,51,4.7
"08000","8","10","96","0","2017","4","",3360,416381,417104,415932,5792977649,522186073,1643177,1070,"",0.56,1.05,1.05,1.04,1.02,4.26,3.58,0.97,"",-36,-1.1,4339,1.1,4321,1.0,5460,1.3,215490670,3.9,35001964,7.2,107808,7.0,28,2.7
"08001","0","10","70","0","2017","4","",10990,209165,211077,211791,2942776086,291459511,6191385,1074,"",1.00,1.00,1.00,1.00,1.00,1.00,1.00,1.00,"",533,5.1,7746,3.8,8367,4.1,9948,4.9,257256737,9.6,37126150,14.6,855856,16.0,51,5.0
"08001","1","10","71","0","2017","4","",38,1103,1093,1099,24639166,0,0,1726,"",0.58,0.27,0.27,0.27,0.30,0.00,0.00,1.12,"",0,0.0,-262,-19.2,-241,-18.1,-221,-16.7,-1734037,-6.6,0,0.0,0,0.0,212,14.0
"08001","2","10","71","0","2017","4","",27,17910,18153,18374,405310693,6666938,20000,1718,"",0.35,2.67,2.68,2.72,4.22,1.80,2.45,1.57,"",-1,-3.6,1171,7.0,1361,8.1,1514,9.0,32353669,8.7,225972,3.5,677,3.5,10,0.6
"08001","3","10","71","0","2017","4","",56,18714,18885,18599,227311491,14754877,56689,933,"",0.30,0.90,0.90,0.89,0.90,2.56,1.74,1.00,"",-1,-1.8,229,1.2,160,0.9,372,2.0,9664719,4.4,-58682,-0.4,-855,-1.5,27,3.0
"08001","5","10","71","0","2017","4","",10869,171438,172946,173719,2285514736,270037696,6114696,1018,"",1.02,0.96,0.96,0.97,0.91,0.96,0.99,0.94,"",535,5.2,6608,4.0,7087,4.3,8283,5.0,216972386,10.5,36958860,15.9,856034,16.3,56,5.8
"08003","0","10","70","0","2017","4","",632,8420,8323,8282,78841393,12933431,183183,727,"",1.00,1.00,1.00,1.00,1.00,1.00,1.00,1.00,"",71,12.7,178,2.2,192,2.4,259,3.2,3355710,4.4,872153,7.2,11577,6.7,13,1.8
"08003","1","10","71","0","2017","4","",14,137,139,134,1934348,0,0,1089,"",3.69,0.85,0.87,0.84,0.89,0.00,0.00,1.05,"",0,0.0,-6,-4.2,0,0.0,-5,-3.6,-7366,-0.4,0,0.0,0,0.0,25,2.3
"08003","2","10","71","0","2017","4","",18,907,938,922,10161719,0,0,847,"",4.06,3.36,3.52,3.49,3.95,0.00,0.00,1.14,"",0,0.0,41,4.7,38,4.2,45,5.1,204657,2.1,0,0.0,0,0.0,-22,-2.5
"08003","3","10","71","0","2017","4","",15,1024,1024,1020,8042411,4521252,13563,605,"",1.40,1.23,1.24,1.24,1.19,17.66,14.07,0.96,"",0,0.0,3,0.3,4,0.4,5,0.5,354588,4.6,245257,5.7,726,5.7,24,4.1
"08003","5","10","71","0","2017","4","",585,6352,6222,6206,58702915,8412179,169620,721,"",0.95,0.89,0.88,0.88,0.87,0.67,0.93,0.99,"",71,13.8,140,2.3,150,2.5,214,3.6,2803831,5.0,626896,8.1,10851,6.8,15,2.1
"08005","0","10","70","0","2017","4","",22024,330376,331693,331448,5455706037,443006833,8778937,1267,"",1.00,1.00,1.00,1.00,1.00,1.00,1.00,1.00,"",484,2.2,5786,1.8,6201,1.9,6497,2.0,275898852,5.3,42156632,10.5,489385,5.9,41,3.3
"08005","1","10","71","0","2017","4","",51,3187,3194,3218,62976587,0,0,1514,"",0.39,0.50,0.50,0.50,0.42,0.00,0.00,0.84,"",-1,-1.9,-177,-5.3,-189,-5.6,-174,-5.1,-4107667,-6.1,0,0.0,0,0.0,-13,-0.9
"08005","2","10","71","0","2017","4","",27,4845,4955,4950,67192442,329350,988,1051,"",0.17,0.46,0.47,0.47,0.38,0.06,0.09,0.81,"",3,12.5,40,0.8,65,1.3,89,1.8,3100809,4.8,35387,12.0,106,12.0,35,3.4
"08005","3","10","71","0","2017","4","",63,28451,28507,28276,362671175,17631625,59938,982,"",0.17,0.87,0.87,0.86,0.77,2.01,1.30,0.89,"",-1,-1.6,-376,-1.3,-452,-1.6,-266,-0.9,8762537,2.5,985558,5.9,7892,15.2,36,3.8
"08005","5","10","71","0","2017","4","",21883,293893,295037,295004,4962865833,425045858,8718011,1296,"",1.02,1.05,1.05,1.05,1.07,0.99,1.00,1.02,"",483,2.3,6299,2.2,6777,2.4,6848,2.4,268143173,5.7,41135687,10.7,481387,5.8,42,3.3
"08007","0","10","70","0","2017","4","",592,4155,4108,4081,36270942,12168874,135791,678,"",1.00,1.00,1.00,1.00,1.00,1.00,1.00,1.00,"",48,8.8,2,0.0,63,1.6,18,0.4,1488098,4.3,776997,6.8,6508,5.0,23,3.5
"08007","1","10","71","0","2017","4","",4,47,34,31,550360,0,0,1134,"",1.13,0.59,0.43,0.39,0.55,0.00,0.00,1.17,"",0,0.0,-6,-11.3,-10,-22.7,-6,-16.2,-48944,-8.2,0,0.0,0,0.0,102,9.9
"08007","2","10","71","0","2017","4","",6,52,46,47,661615,0,0,1053,"",1.45,0.39,0.35,0.36,0.56,0.00,0.00,1.52,"",0,0.0,-4,-7.1,-4,-8.0,0,0.0,17342,2.7,0,0.0,0,0.0,81,8.3
"08007","3","10","71","0","2017","4","",12,763,786,760,8584009,6510095,19531,858,"",1.19,1.85,1.93,1.88,2.75,27.02,27.33,1.46,"",0,0.0,40,5.5,55,7.5,38,5.3,479781,5.9,400916,6.6,1204,6.6,-1,-0.1
"08007","5","10","71","0","2017","4","",570,3293,3242,3243,26474958,5658779,116260,625,"",0.99,0.93,0.93,0.94,0.85,0.48,0.86,0.92,"",48,9.2,-28,-0.8,22,0.7,-14,-0.4,1039919,4.1,376081,7.1,5304,4.8,26,4.3
"08009","0","10","70","0","2017","4","",116,1061,1060,1073,8227312,3964425,20227,594,"",1.00,1.00,1.00,1.00,1.00,1.00,1.00,1.00,"",1,0.9,-43,-3.9,-38,-3.5,-23,-2.1,184065,2.3,-103494,-2.5,-1271,-5.9,31,5.5
"08009","1","10","71","0","2017","4","",9,38,31,32,359482,0,0,821,"",12.94,1.86,1.53,1.55,1.59,0.00,0.00,0.97,"",0,0.0,5,15.2,1,3.3,-2,-5.9,28083,8.5,0,0.0,0,0.0,33,4.2
"08009","2","10","71","0","2017","4","",4,12,12,12,123235,0,0,790,"",4.92,0.35,0.35,0.35,0.46,0.00,0.00,1.30,"",0,0.0,0,0.0,0,0.0,0,0.0,7408,6.4,0,0.0,0,0.0,48,6.5
"08009","3","10","71","0","2017","4","",16,619,621,622,4480745,3375898,10127,555,"",8.12,5.89,5.90,5.86,6.33,43.02,95.13,1.08,"",0,0.0,-15,-2.4,-23,-3.6,-11,-1.7,-18453,-0.4,-52266,-1.5,-157,-1.5,12,2.2
"08009","5","10","71","0","2017","4","",87,392,396,407,3263850,588527,10100,630,"",0.77,0.43,0.44,0.45,0.46,0.15,0.50,1.05,"",1,1.2,-33,-7.8,-16,-3.9,-10,-2.4,167027,5.4,-51228,-8.0,-1114,-9.9,60,10.5
"08011","0","10","70","0","2017","4","",98,1095,1089,1082,9626615,4051247,23028,680,"",1.00,1.00,1.00,1.00,1.00,1.00,1.00,1.00,"",10,11.4,-108,-9.0,-115,-9.6,-133,-10.9,-835682,-8.0,232118,6.1,46,0.2,13,1.9
"08011","1","10","71","0","2017","4","",8,34,37,35,472848,0,0,1029,"",13.61,1.61,1.78,1.68,1.79,0.00,0.00,1.06,"",-1,-11.1,-4,-10.5,-3,-7.5,-3,-7.9,165,0.0,0,0.0,0,0.0,89,9.5
"08011","2","10","71","0","2017","4","",4,34,25,25,355977,0,0,978,"",5.83,0.97,0.72,0.72,1.13,0.00,0.00,1.41,"",-1,-20.0,-2,-5.6,-5,-16.7,-5,-16.7,-14741,-4.0,0,0.0,0,0.0,87,9.8
"08011","3","10","71","0","2017","4","",12,421,433,434,3138896,3138896,9416,562,"",7.20,3.88,4.00,4.05,3.79,39.14,77.69,0.95,"",0,0.0,9,2.2,0,0.0,2,0.5,173548,5.9,173548,5.9,521,5.9,26,4.9
"08011","5","10","71","0","2017","4","",74,606,594,588,5658894,912351,13612,730,"",0.78,0.65,0.64,0.64,0.69,0.23,0.60,1.07,"",12,19.4,-111,-15.5,-107,-15.3,-127,-17.8,-994654,-14.9,58570,6.9,-475,-3.4,10,1.4
"08013","0","10","70","0","2017","4","",15322,181872,182656,183115,3031177122,209699514,3806478,1277,"",1.00,1.00,1.00,1.00,1.00,1.00,1.00,1.00,"",580,3.9,2778,1.6,2446,1.4,3284,1.8,140264927,4.9,9503125,4.7,98749,2.7,40,3.2
"08013","1","10","71","0","2017","4","",40,2047,2033,2038,51784876,0,0,1953,"",0.44,0.58,0.58,0.58,0.62,0.00,0.00,1.07,"",3,8.1,-18,-0.9,-15,-0.7,-12,-0.6,1121029,2.2,0,0.0,0,0.0,56,3.0
"08013","2","10","71","0","2017","4","",17,10731,10922,11120,193146198,0,0,1360,"",0.16,1.84,1.87,1.90,1.95,0.00,0.00,1.04,"",-2,-10.5,-64,-0.6,91,0.8,300,2.8,13338922,7.4,0,0.0,0,0.0,81,6.3
"08013","3","10","71","0","2017","4","",48,16689,16690,16533,201815427,12242631,37001,933,"",0.18,0.93,0.92,0.91,0.77,2.95,1.85,0.84,"",-1,-2.0,122,0.7,-170,-1.0,-140,-0.8,2851203,1.4,446995,3.8,1466,4.1,17,1.9
"08013","5","10","71","0","2017","4","",15217,152405,153011,153424,2584430621,197456883,3769477,1300,"",1.02,0.99,0.99,0.99,1.00,0.97,1.00,1.01,"",580,4.0,2738,1.8,2540,1.7,3136,2.1,122953773,5.0,9056130,4.8,97283,2.6,39,3.1
"08014","0","10","70","0","2017","4","",2814,37618,37718,37687,930356341,54035914,956658,1900,"",1.00,1.00,1.00,1.00,1.00,1.00,1.00,1.00,"",148,5.6,635,1.7,745,2.0,442,1.2,236233313,34.0,6004908,12.5,17304,1.8,460,31.9
"08014","1","10","71","0","2017","4","",6,169,176,178,2989485,0,0,1319,"",0.36,0.23,0.24,0.25,0.12,0.00,0.00,0.49,"",0,0.0,11,7.0,19,12.1,11,6.6,53332,1.8,0,0.0,0,0.0,-87,-6.2
"08014","2","10","71","0","2017","4","N",9,0,0,0,0,0,0,0,"N",0.46,0,0,0,0,0,0,0,"N",0,0.0,0,0,0,0,0,0,0,0,0,0,0,0,0,0
"08014","3","10","71","0","2017","4","N",2,0,0,0,0,0,0,0,"N",0.04,0,0,0,0,0,0,0,"N",-1,-33.3,0,0,0,0,0,0,0,0,0,0,0,0,0,0
"08014","5","10","71","0","2017","4","",2797,35961,36063,36022,912046324,52512159,952087,1948,"",1.02,1.13,1.13,1.12,1.15,1.00,1.00,1.02,"",149,5.6,587,1.7,629,1.8,290,0.8,236206077,34.9,5777881,12.4,16623,1.8,484,33.1
"08015","0","10","70","0","2017","4","",1014,7608,7545,7771,75888911,13906439,182847,764,"",1.00,1.00,1.00,1.00,1.00,1.00,1.00,1.00,"",78,8.3,310,4.2,286,3.9,282,3.8,5592487,8.0,1060490,8.3,4760,2.7,28,3.8
"08015","1","10","71","0","2017","4","",8,79,65,63,1062850,0,0,1185,"",1.32,0.54,0.45,0.42,0.51,0.00,0.00,1.08,"",0,0.0,3,3.9,-7,-9.7,1,1.6,-2130,-0.2,0,0.0,0,0.0,15,1.3
"08015","2","10","71","0","2017","4","",10,444,440,443,6277656,0,0,1092,"",1.41,1.82,1.82,1.79,2.53,0.00,0.00,1.40,"",-1,-9.1,-23,-4.9,-24,-5.2,-31,-6.5,123566,2.0,0,0.0,0,0.0,81,8.0
"08015","3","10","71","0","2017","4","",20,1475,1491,1472,14218267,4413835,13242,739,"",1.16,1.96,1.99,1.91,2.18,16.03,13.76,1.12,"",0,0.0,41,2.9,41,2.8,46,3.2,847418,6.3,282246,6.8,848,6.8,23,3.2
"08015","5","10","71","0","2017","4","",976,5610,5549,5793,54330138,9492604,169605,740,"",0.99,0.87,0.87,0.88,0.84,0.71,0.93,0.96,"",79,8.8,289,5.4,276,5.2,266,4.8,4623633,9.3,778244,8.9,3912,2.4,28,3.9
"08017","0","10","70","0","2017","4","",91,704,710,695,7565224,1258880,10084,828,"",1.00,1.00,1.00,1.00,1.00,1.00,1.00,1.00,"",-2,-2.2,4,0.6,18,2.6,4,0.6,315118,4.3,99050,8.5,516,5.4,25,3.1
"08017","1","10","71","0","2017","4","",5,11,11,11,115480,0,0,808,"",9.16,0.81,0.81,0.82,0.56,0.00,0.00,0.68,"",-1,-16.7,-3,-21.4,-1,-8.3,-5,-31.2,-494,-0.4,0,0.0,0,0.0,171,26.8
"08017","2","10","71","0","2017","4","N",2,0,0,0,0,0,0,0,"N",3.14,0,0,0,0,0,0,0,"N",-1,-33.3,0,0,0,0,0,0,0,0,0,0,0,0,0,0
"08017","3","10","71","0","2017","4","N",12,0,0,0,0,0,0,0,"N",7.76,0,0,0,0,0,0,0,"N",0,0.0,0,0,0,0,0,0,0,0,0,0,0,0,0,0
"08017","5","10","71","0","2017","4","",72,418,413,399,5148224,518386,7863,966,"",0.82,0.70,0.68,0.68,0.80,0.43,0.78,1.16,"",0,0.0,15,3.7,19,4.8,8,2.0,258109,5.3,43789,9.2,350,4.7,16,1.7
"08019","0","10","70","0","2017","4","",366,2835,2974,3305,34023711,8246265,118066,861,"",1.00,1.00,1.00,1.00,1.00,1.00,1.00,1.00,"",12,3.4,73,2.6,165,5.9,136,4.3,1641916,5.1,929442,12.7,11420,10.7,6,0.7
"08019","1","10","71","0","2017","4","",6,38,23,25,365578,0,0,981,"",2.73,0.70,0.40,0.39,0.39,0.00,0.00,0.80,"",1,20.0,-3,-7.3,-5,-17.9,1,4.2,-25313,-6.5,0,0.0,0,0.0,11,1.1
"08019","2","10","71","0","2017","4","",6,53,53,55,800117,0,0,1147,"",2.34,0.58,0.56,0.52,0.72,0.00,0.00,1.31,"",0,0.0,-45,-45.9,-46,-46.5,-47,-46.1,-631531,-44.1,0,0.0,0,0.0,42,3.8
"08019","3","10","71","0","2017","4","",11,528,529,518,5088628,3573532,10926,746,"",1.77,1.88,1.79,1.58,1.74,21.89,17.58,1.00,"",0,0.0,-9,-1.7,-17,-3.1,-8,-1.5,177105,3.6,115392,3.3,445,4.2,42,6.0
"08019","5","10","71","0","2017","4","",343,2216,2369,2707,27769388,4672733,107140,879,"",0.97,0.92,0.94,0.96,0.96,0.59,0.91,1.02,"",11,3.3,130,6.2,233,10.9,190,7.5,2121655,8.3,814050,21.1,10975,11.4,1,0.1
"08021","0","10","70","0","2017","4","",169,1555,1458,1444,11450892,3628497,45372,593,"",1.00,1.00,1.00,1.00,1.00,1.00,1.00,1.00,"",19,12.7,38,2.5,38,2.7,28,2.0,374740,3.4,-2382,-0.1,4729,11.6,6,1.0
"08021","1","10","71","0","2017","4","",10,43,39,39,509946,0,0,973,"",9.87,1.44,1.40,1.40,1.62,0.00,0.00,1.15,"",0,0.0,-1,-2.3,-5,-11.4,-6,-13.3,28051,5.8,0,0.0,0,0.0,137,16.4
"08021","2","10","71","0","2017","4","",3,13,14,16,174668,0,0,937,"",2.53,0.26,0.30,0.35,0.47,0.00,0.00,1.55,"",0,0.0,-5,-27.8,-4,-22.2,-2,-11.1,-5342,-3.0,0,0.0,0,0.0,168,21.8
"08021","3","10","71","0","2017","4","",14,524,529,515,3365568,2255355,6764,495,"",4.87,3.40,3.65,3.60,3.42,31.40,28.33,0.96,"",0,0.0,-15,-2.8,-10,-1.9,-8,-1.5,-95099,-2.7,-71435,-3.1,-218,-3.1,-4,-0.8
"08021","5","10","71","0","2017","4","",142,975,876,874,7400710,1373142,38608,627,"",0.87,0.74,0.71,0.71,0.76,0.39,0.86,1.05,"",19,15.4,59,6.4,57,7.0,44,5.3,447130,6.4,69053,5.3,4947,14.7,1,0.2
"08023","0","10","70","0","2017","4","",94,949,931,897,6865741,3123708,24972,571,"",1.00,1.00,1.00,1.00,1.00,1.00,1.00,1.00,"",4,4.4,33,3.6,77,9.0,38,4.4,693610,11.2,206307,7.1,1455,6.2,29,5.4
"08023","1","10","71","0","2017","4","",8,8,9,10,91358,0,0,781,"",14.19,0.44,0.51,0.58,0.48,0.00,0.00,0.96,"",1,14.3,-1,-11.1,-2,-18.2,-2,-16.7,2451,2.8,0,0.0,0,0.0,140,21.8
"08023","2","10","71","0","2017","4","",5,24,23,22,216612,0,0,724,"",7.59,0.79,0.77,0.77,0.97,0.00,0.00,1.24,"",0,0.0,-3,-11.1,-5,-17.9,-6,-21.4,-14263,-6.2,0,0.0,0,0.0,82,12.8
"08023","3","10","71","0","2017","4","",11,343,341,330,2083787,2083787,6251,474,"",6.88,3.65,3.69,3.72,3.53,33.70,47.56,0.96,"",0,0.0,-7,-2.0,-5,-1.4,-16,-4.6,56551,2.8,56551,2.8,170,2.8,25,5.6
"08023","5","10","71","0","2017","4","",70,574,558,535,4473984,1039921,18721,619,"",0.77,0.71,0.71,0.70,0.76,0.34,0.75,1.08,"",3,4.5,44,8.3,89,19.0,62,13.1,648871,17.0,149756,16.8,1285,7.4,19,3.2
"08025","0","10","70","0","2017","4","",64,1132,1135,1132,11300053,1965308,20752,767,"",1.00,1.00,1.00,1.00,1.00,1.00,1.00,1.00,"",7,12.3,23,2.1,22,2.0,31,2.8,223651,2.0,191920,10.8,-1304,-5.9,-2,-0.3
"08025","1","10","71","0","2017","4","",4,10,8,10,98608,0,0,813,"",10.42,0.46,0.37,0.46,0.32,0.00,0.00,0.74,"",0,0.0,3,42.9,-1,-11.1,1,11.1,4202,4.5,0,0.0,0,0.0,-58,-6.7
"08025","2","10","71","0","2017","4","N",4,0,0,0,0,0,0,0,"N",8.92,0,0,0,0,0,0,0,"N",0,0.0,0,0,0,0,0,0,0,0,0,0,0,0,0,0
"08025","3","10","71","0","2017","4","N",7,0,0,0,0,0,0,0,"N",6.43,0,0,0,0,0,0,0,"N",0,0.0,0,0,0,0,0,0,0,0,0,0,0,0,0,0
"08025","5","10","71","0","2017","4","",49,609,609,603,5621754,884210,17499,712,"",0.79,0.63,0.63,0.63,0.58,0.47,0.85,0.92,"",7,16.7,25,4.3,16,2.7,23,4.0,6809,0.1,156788,21.6,-1408,-7.4,-25,-3.4
"08027","0","10","70","0","2017","4","",145,833,793,808,7464803,1980660,25536,708,"",1.00,1.00,1.00,1.00,1.00,1.00,1.00,1.00,"",1,0.7,-37,-4.3,-68,-7.9,-44,-5.2,-357234,-4.6,-53717,-2.6,-3973,-13.5,9,1.3
"08027","1","10","71","0","2017","4","",3,14,13,16,169122,0,0,908,"",3.45,0.87,0.86,1.03,0.82,0.00,0.00,0.90,"",0,0.0,-3,-17.6,-3,-18.8,0,0.0,-12945,-7.1,0,0.0,0,0.0,51,6.0
"08027","2","10","71","0","2017","4","",3,9,9,9,134141,0,0,1147,"",2.95,0.34,0.35,0.35,0.55,0.00,0.00,1.59,"",0,0.0,0,0.0,0,0.0,0,0.0,7227,5.7,0,0.0,0,0.0,62,5.7
"08027","3","10","71","0","2017","4","",8,247,243,244,1820198,1028994,3398,572,"",3.25,2.99,3.09,3.05,2.84,26.24,25.28,0.93,"",0,0.0,6,2.5,-3,-1.2,-1,-0.4,24233,1.3,-6549,-0.6,-89,-2.6,6,1.1
"08027","5","10","71","0","2017","4","",131,563,528,539,5341342,951666,22138,756,"",0.93,0.80,0.78,0.78,0.84,0.50,0.87,1.06,"",1,0.8,-40,-6.6,-62,-10.5,-43,-7.4,-375749,-6.6,-47168,-4.7,-3884,-14.9,13,1.7
"08029","0","10","70","0","2017","4","",890,8724,8597,8478,74755546,19906294,242512,669,"",1.00,1.00,1.00,1.00,1.00,1.00,1.00,1.00,"",31,3.6,144,1.7,239,2.9,182,2.2,4015768,5.7,735679,3.8,-23003,-8.7,22,3.4
"08029","1","10","71","0","2017","4","",17,177,176,176,2620970,0,0,1143,"",3.18,1.05,1.07,1.08,1.28,0.00,0.00,1.19,"",0,0.0,-8,-4.3,0,0.0,3,1.7,74884,2.9,0,0.0,0,0.0,43,3.9
"08029","2","10","71","0","2017","4","",9,183,177,178,2400943,0,0,1030,"",1.44,0.65,0.64,0.66,0.98,0.00,0.00,1.51,"",-1,-10.0,8,4.6,3,1.7,7,4.1,87315,3.8,0,0.0,0,0.0,3,0.3
"08029","3","10","71","0","2017","4","",25,2082,2083,2068,19840479,10300948,30902,735,"",1.65,2.41,2.44,2.46,3.09,26.14,24.21,1.27,"",0,0.0,10,0.5,26,1.3,32,1.6,1280511,6.9,927306,9.9,2781,9.9,40,5.8
"08029","5","10","71","0","2017","4","",839,6282,6161,6056,49893154,9605346,211610,622,"",0.97,0.85,0.84,0.84,0.78,0.50,0.88,0.92,"",32,4.0,134,2.2,210,3.5,140,2.4,2573058,5.4,-191627,-2.0,-25784,-10.9,16,2.6
"08031","0","10","70","0","2017","4","",32233,512656,513840,514575,8903955182,690703801,13692353,1333,"",1.00,1.00,1.00,1.00,1.00,1.00,1.00,1.00,"",1555,5.1,9646,1.9,11637,2.3,12543,2.5,504454233,6.0,38211326,5.9,476459,3.6,47,3.7
"08031","1","10","71","0","2017","4","",109,14763,14706,14687,312440589,0,0,1633,"",0.56,1.50,1.50,1.48,1.28,0.00,0.00,0.86,"",-3,-2.7,29,0.2,13,0.1,-217,-1.5,2367202,0.8,0,0.0,0,0.0,19,1.2
"08031","2","10","71","0","2017","4","",48,15095,15168,15251,233035913,0,0,1182,"",0.21,0.92,0.92,0.93,0.80,0.00,0.00,0.87,"",-2,-4.0,1,0.0,20,0.1,32,0.2,3701543,1.6,0,0.0,0,0.0,18,1.5
"08031","3","10","71","0","2017","4","",85,40278,40111,40114,639666614,49613166,150970,1225,"",0.16,0.79,0.79,0.79,0.84,3.63,2.10,1.06,"",-1,-1.2,462,1.2,25,0.1,200,0.5,12282675,2.0,4574870,10.2,12458,9.0,17,1.4
"08031","5","10","71","0","2017","4","",31991,442520,443855,444523,7718812066,641090635,13541383,1338,"",1.02,1.02,1.02,1.02,1.02,0.96,1.00,1.00,"",1561,5.1,9154,2.1,11579,2.7,12528,2.9,486102813,6.7,33636456,5.5,464001,3.5,52,4.0
"08033","0","10","70","0","2017","4","",83,563,539,532,4882425,1790814,19597,690,"",1.00,1.00,1.00,1.00,1.00,1.00,1.00,1.00,"",7,9.2,33,6.2,17,3.3,15,2.9,493450,11.2,91667,5.4,2331,13.5,44,6.8
"08033","1","10","71","0","2017","4","",5,10,7,10,89527,0,0,765,"",10.04,0.92,0.68,0.98,0.67,0.00,0.00,0.78,"",0,0.0,2,25.0,-4,-36.4,1,11.1,-6612,-6.9,0,0.0,0,0.0,-27,-3.4
"08033","2","10","71","0","2017","4","N",3,0,0,0,0,0,0,0,"N",5.16,0,0,0,0,0,0,0,"N",0,0.0,0,0,0,0,0,0,0,0,0,0,0,0,0,0
"08033","3","10","71","0","2017","4","N",7,0,0,0,0,0,0,0,"N",4.96,0,0,0,0,0,0,0,"N",0,0.0,0,0,0,0,0,0,0,0,0,0,0,0,0,0
"08033","5","10","71","0","2017","4","",68,333,312,300,3087284,551713,15642,754,"",0.84,0.70,0.68,0.66,0.74,0.32,0.80,1.09,"",7,11.5,43,14.8,32,11.4,27,9.9,468348,17.9,58943,12.0,2190,16.3,37,5.2
"08035","0","10","70","0","2017","4","",12017,120978,122339,123625,2089335389,186772345,3076088,1314,"",1.00,1.00,1.00,1.00,1.00,1.00,1.00,1.00,"",461,4.0,3558,3.0,4412,3.7,4648,3.9,241206293,13.1,12452085,7.1,44687,1.5,110,9.1
"08035","1","10","71","0","2017","4","",16,416,423,419,7500380,0,0,1376,"",0.22,0.18,0.18,0.18,0.13,0.00,0.00,0.73,"",1,6.7,3,0.7,12,2.9,2,0.5,-309623,-4.0,0,0.0,0,0.0,-76,-5.2
"08035","2","10","71","0","2017","4","",10,268,256,259,3381204,0,0,997,"",0.12,0.07,0.07,0.07,0.05,0.00,0.00,0.74,"",-1,-9.1,6,2.3,11,4.5,21,8.8,180827,5.7,0,0.0,0,0.0,6,0.6
"08035","3","10","71","0","2017","4","",47,12769,13002,13028,145563225,29319357,94941,866,"",0.23,1.07,1.07,1.06,0.81,7.93,5.86,0.76,"",3,6.8,287,2.3,464,3.7,457,3.6,11357806,8.5,3097060,11.8,4419,4.9,42,5.1
"08035","5","10","71","0","2017","4","",11944,107525,108658,109919,1932890580,157452988,2981147,1368,"",1.02,1.05,1.05,1.05,1.08,0.87,0.98,1.04,"",458,4.0,3262,3.1,3925,3.7,4168,3.9,229977283,13.5,9355025,6.3,40268,1.4,119,9.5
"08037","0","10","70","0","2017","4","",3510,30159,30503,34651,379117183,69963961,933531,918,"",1.00,1.00,1.00,1.00,1.00,1.00,1.00,1.00,"",86,2.5,499,1.7,1051,3.6,293,0.9,18647580,5.2,2527615,3.7,-10950,-1.2,28,3.1
"08037","1","10","71","0","2017","4","",12,144,117,112,1921297,0,0,1189,"",0.57,0.25,0.20,0.17,0.18,0.00,0.00,0.91,"",-2,-14.3,15,11.6,4,3.5,2,1.8,88770,4.8,0,0.0,0,0.0,-12,-1.0
"08037","2","10","71","0","2017","4","",7,140,139,137,2173785,0,0,1206,"",0.28,0.14,0.14,0.12,0.18,0.00,0.00,1.29,"",0,0.0,11,8.5,14,11.2,12,9.6,227820,11.7,0,0.0,0,0.0,21,1.8
"08037","3","10","71","0","2017","4","",29,3100,3030,3056,37412511,28227785,85195,940,"",0.49,1.04,1.00,0.89,1.15,20.38,17.34,1.18,"",-1,-3.3,138,4.7,107,3.7,144,4.9,2660410,7.7,2375357,9.2,7021,9.0,28,3.1
"08037","5","10","71","0","2017","4","",3462,26775,27217,31346,337609590,41736176,848336,913,"",1.02,1.04,1.05,1.06,1.04,0.62,0.91,0.99,"",89,2.6,335,1.3,926,3.5,135,0.4,15670580,4.9,152258,0.4,-17971,-2.1,28,3.2
"08039","0","10","70","0","2017","4","",672,3669,3612,3549,39723744,11296065,121830,846,"",1.00,1.00,1.00,1.00,1.00,1.00,1.00,1.00,"",15,2.3,107,3.0,63,1.8,105,3.0,2493709,6.7,659672,6.2,5238,4.5,32,3.9
"08039","1","10","71","0","2017","4","",9,31,31,31,407585,0,0,1011,"",2.23,0.44,0.45,0.45,0.37,0.00,0.00,0.84,"",0,0.0,0,0.0,-2,-6.1,-2,-6.1,9543,2.4,0,0.0,0,0.0,64,6.8
"08039","2","10","71","0","2017","4","",6,15,15,15,188320,0,0,966,"",1.27,0.13,0.13,0.13,0.15,0.00,0.00,1.12,"",0,0.0,0,0.0,0,0.0,0,0.0,24177,14.7,0,0.0,0,0.0,124,14.7
"08039","3","10","71","0","2017","4","",18,929,927,918,7326545,6779345,20348,609,"",1.58,2.56,2.58,2.61,2.14,30.32,31.74,0.83,"",0,0.0,13,1.4,0,0.0,19,2.1,163853,2.3,192339,2.9,569,2.9,6,1.0
"08039","5","10","71","0","2017","4","",639,2694,2639,2585,31801294,4516720,101482,927,"",0.98,0.86,0.86,0.86,0.94,0.41,0.84,1.09,"",15,2.4,94,3.6,65,2.5,88,3.5,2296136,7.8,467333,11.5,4669,4.8,39,4.4
"08041","0","10","70","0","2017","4","",19772,274318,274913,274400,3452888239,355239762,7032230,967,"",1.00,1.00,1.00,1.00,1.00,1.00,1.00,1.00,"",1286,7.0,7049,2.6,6549,2.4,7203,2.7,175592352,5.4,15778510,4.6,49207,0.7,25,2.7
"08041","1","10","71","0","2017","4","",128,11941,11963,11917,222434567,0,0,1433,"",1.08,2.26,2.27,2.25,2.34,0.00,0.00,1.04,"",-2,-1.5,-635,-5.0,-690,-5.5,-762,-6.0,1570009,0.7,0,0.0,0,0.0,88,6.5
"08041","2","10","71","0","2017","4","",34,10067,10136,10236,152678261,2169895,6510,1158,"",0.25,1.14,1.15,1.17,1.35,0.48,0.70,1.17,"",1,3.0,826,8.9,820,8.8,900,9.6,16966117,12.5,120606,5.9,363,5.9,35,3.1
"08041","3","10","71","0","2017","4","",93,27776,27964,27765,303249675,31601572,98131,838,"",0.28,1.02,1.02,1.02,1.02,4.49,2.65,1.00,"",0,0.0,550,2.0,576,2.1,532,2.0,12612506,4.3,3422510,12.1,9076,10.2,19,2.3
"08041","5","10","71","0","2017","4","",19517,224534,224850,224482,2774525736,321468295,6927589,950,"",1.02,0.96,0.96,0.96,0.94,0.94,0.99,0.98,"",1287,7.1,6308,2.9,5843,2.7,6533,3.0,144443720,5.5,12235394,4.0,39768,0.6,24,2.6
"08043","0","10","70","0","2017","4","",943,13627,13620,13484,136195804,18355832,245906,772,"",1.00,1.00,1.00,1.00,1.00,1.00,1.00,1.00,"",27,2.9,224,1.7,203,1.5,115,0.9,4999204,3.8,1311150,7.7,2670,1.1,19,2.5
"08043","1","10","71","0","2017","4","",16,1062,1041,1036,17698160,0,0,1301,"",2.83,4.05,3.99,3.99,4.73,0.00,0.00,1.18,"",0,0.0,-43,-3.9,-70,-6.3,-71,-6.4,262997,1.5,0,0.0,0,0.0,90,7.4
"08043","2","10","71","0","2017","4","",14,2358,2374,2388,31590215,0,0,1024,"",2.12,5.39,5.44,5.55,7.10,0.00,0.00,1.30,"",-1,-6.7,-21,-0.9,-26,-1.1,-22,-0.9,747161,2.4,0,0.0,0,0.0,34,3.4
"08043","3","10","71","0","2017","4","",25,1813,1772,1744,16310093,7251755,22027,706,"",1.56,1.34,1.31,1.31,1.39,19.96,17.02,1.05,"",2,8.7,50,2.8,36,2.1,28,1.6,1079170,7.1,522699,7.8,1444,7.0,32,4.7
"08043","5","10","71","0","2017","4","",888,8394,8433,8316,70597336,11104077,223879,648,"",0.97,0.73,0.73,0.73,0.61,0.63,0.92,0.83,"",26,3.0,238,2.9,263,3.2,180,2.2,2909876,4.3,788451,7.6,1226,0.6,9,1.4
"08045","0","10","70","0","2017","4","",2610,26040,25619,25651,323923989,43397957,751241,967,"",1.00,1.00,1.00,1.00,1.00,1.00,1.00,1.00,"",59,2.3,297,1.2,122,0.5,327,1.3,16797385,5.5,1660829,4.0,-92957,-11.0,41,4.4
"08045","1","10","71","0","2017","4","",15,275,248,241,4192240,0,0,1266,"",0.96,0.55,0.51,0.49,0.47,0.00,0.00,0.92,"",0,0.0,3,1.1,0,0.0,-8,-3.2,45954,1.1,0,0.0,0,0.0,22,1.8
"08045","2","10","71","0","2017","4","",16,520,510,516,7022725,301514,905,1048,"",0.87,0.62,0.62,0.63,0.66,0.55,0.91,1.06,"",-1,-5.9,14,2.8,0,0.0,2,0.4,248251,3.7,-32820,-9.8,-98,-9.8,26,2.5
"08045","3","10","71","0","2017","4","",37,4459,4498,4545,49057429,12263020,36788,838,"",0.83,1.73,1.77,1.79,1.76,14.27,9.30,1.00,"",0,0.0,12,0.3,21,0.5,117,2.6,2138153,4.6,797514,7.0,2393,7.0,27,3.3
"08045","5","10","71","0","2017","4","",2542,20786,20363,20349,263651595,30833423,713548,989,"",1.00,0.94,0.94,0.93,0.95,0.73,0.96,1.02,"",60,2.4,268,1.3,101,0.5,216,1.1,14365027,5.8,896135,3.0,-95252,-11.8,45,4.8
"08047","0","10","70","0","2017","4","",161,4886,4914,4914,50910509,11205424,122506,798,"",1.00,1.00,1.00,1.00,1.00,1.00,1.00,1.00,"",6,3.9,-32,-0.7,-3,-0.1,29,0.6,2468882,5.1,778313,7.5,7477,6.5,39,5.1
"08047","1","10","71","0","2017","4","",2,10,11,11,132903,0,0,958,"",2.07,0.11,0.12,0.12,0.09,0.00,0.00,0.84,"",-1,-33.3,-1,-9.1,-1,-8.3,-1,-8.3,5210,4.1,0,0.0,0,0.0,116,13.8
"08047","2","10","71","0","2017","4","",6,23,24,27,403904,0,0,1260,"",5.32,0.15,0.15,0.17,0.24,0.00,0.00,1.55,"",1,20.0,-3,-11.5,-2,-7.7,-1,-3.6,-24088,-5.6,0,0.0,0,0.0,25,2.0
"08047","3","10","71","0","2017","4","",8,416,425,419,5730804,5440219,16465,1050,"",2.92,0.86,0.87,0.86,1.31,24.53,25.54,1.52,"",0,0.0,-3,-0.7,5,1.2,-3,-0.7,142175,2.5,134225,2.5,437,2.7,27,2.6
"08047","5","10","71","0","2017","4","",145,4437,4454,4457,44642898,5765205,106041,772,"",0.93,1.07,1.07,1.07,1.03,0.53,0.87,0.96,"",6,4.3,-25,-0.6,-5,-0.1,34,0.8,2345585,5.5,644088,12.6,7040,7.1,41,5.6
"08049","0","10","70","0","2017","4","",879,6793,7172,8205,67102525,15383019,185858,698,"",1.00,1.00,1.00,1.00,1.00,1.00,1.00,1.00,"",39,4.6,191,2.9,518,7.8,248,3.1,4004223,6.3,766519,5.2,-20894,-10.1,12,1.7
"08049","1","10","71","0","2017","4","",12,125,91,89,1423286,0,0,1077,"",2.28,0.96,0.66,0.56,0.77,0.00,0.00,1.08,"",-1,-7.7,-7,-5.3,-16,-15.0,-6,-6.3,-46762,-3.2,0,0.0,0,0.0,61,6.0
"08049","2","10","71","0","2017","4","",9,67,64,63,904323,0,0,1076,"",1.46,0.31,0.28,0.24,0.41,0.00,0.00,1.51,"",-1,-10.0,-1,-1.5,-1,-1.5,0,0.0,31215,3.6,0,0.0,0,0.0,48,4.7
"08049","3","10","71","0","2017","4","",28,1169,1100,1113,12822895,5851377,17554,875,"",1.87,1.74,1.54,1.37,2.22,19.22,17.95,1.45,"",0,0.0,-24,-2.0,-10,-0.9,0,0.0,569590,4.6,498613,9.3,1496,9.3,47,5.7
"08049","5","10","71","0","2017","4","",830,5432,5917,6940,51952021,9531642,168304,656,"",0.97,0.94,0.97,1.00,0.91,0.64,0.91,0.93,"",41,5.2,223,4.3,545,10.1,254,3.8,3450180,7.1,267906,2.9,-22390,-11.7,8,1.2
"08051","0","10","70","0","2017","4","",1214,8213,7911,8908,77597663,16413428,230311,715,"",1.00,1.00,1.00,1.00,1.00,1.00,1.00,1.00,"",52,4.5,370,4.7,270,3.5,612,7.4,6879318,9.7,1831871,12.6,37698,19.6,29,4.2
"08051","1","10","71","0","2017","4","",12,192,146,138,2098801,0,0,1018,"",1.65,1.21,0.96,0.80,0.98,0.00,0.00,1.00,"",0,0.0,17,9.7,-6,-3.9,7,5.3,107070,5.4,0,0.0,0,0.0,14,1.4
"08051","2","10","71","0","2017","4","",10,529,503,526,6003979,0,0,889,"",1.18,2.01,1.98,1.85,2.37,0.00,0.00,1.22,"",1,11.1,46,9.5,24,5.0,44,9.1,99416,1.7,0,0.0,0,0.0,-55,-5.8
"08051","3","10","71","0","2017","4","",22,1328,1318,1314,12941380,5616815,17124,754,"",1.07,1.63,1.68,1.49,1.94,17.29,14.13,1.22,"",0,0.0,19,1.5,25,1.9,16,1.2,395913,3.2,263849,4.9,835,5.1,12,1.6
"08051","5","10","71","0","2017","4","",1170,6164,5944,6930,56553503,10796613,213187,686,"",0.99,0.88,0.88,0.92,0.85,0.68,0.93,0.95,"",51,4.6,288,4.9,227,4.0,545,8.5,6276919,12.5,1568022,17.0,36863,20.9,41,6.4
"08053","0","10","70","0","2017","4","",79,289,237,253,2148708,992333,10112,637,"",1.00,1.00,1.00,1.00,1.00,1.00,1.00,1.00,"",3,3.9,16,5.9,-17,-6.7,-5,-1.9,8145,0.4,273616,38.1,628,6.6,8,1.3
"08053","1","10","71","0","2017","4","",1,3,3,3,28637,0,0,734,"",2.11,0.54,0.66,0.62,0.48,0.00,0.00,0.81,"",-1,-50.0,2,200.0,-1,-25.0,1,50.0,-4545,-13.7,0,0.0,0,0.0,-360,-32.9
"08053","2","10","71","0","2017","4","",3,7,7,7,91340,0,0,1004,"",5.42,0.75,0.92,0.87,1.30,0.00,0.00,1.55,"",0,0.0,2,40.0,1,16.7,0,0.0,16018,21.3,0,0.0,0,0.0,38,3.9
"08053","3","10","71","0","2017","4","N",4,0,0,0,0,0,0,0,"N",2.98,0,0,0,0,0,0,0,"N",0,0.0,0,0,0,0,0,0,0,0,0,0,0,0,0,0
"08053","5","10","71","0","2017","4","N",71,0,0,0,0,0,0,0,"N",0.93,0,0,0,0,0,0,0,"N",4,6.0,0,0,0,0,0,0,0,0,0,0,0,0,0,0
"08055","0","10","70","0","2017","4","",181,1800,1724,1723,14562927,4406531,46564,640,"",1.00,1.00,1.00,1.00,1.00,1.00,1.00,1.00,"",-6,-3.2,98,5.8,20,1.2,34,2.0,1759777,13.7,78623,1.8,1236,2.7,60,10.3
"08055","1","10","71","0","2017","4","",4,12,13,13,188236,0,0,1143,"",3.68,0.35,0.39,0.39,0.47,0.00,0.00,1.25,"",0,0.0,-2,-14.3,-1,-7.1,-1,-7.1,-8823,-4.5,0,0.0,0,0.0,60,5.5
"08055","2","10","71","0","2017","4","",5,42,41,44,518391,0,0,942,"",3.94,0.73,0.74,0.80,1.09,0.00,0.00,1.44,"",-1,-16.7,-4,-8.7,3,7.9,4,10.0,-4711,-0.9,0,0.0,0,0.0,-32,-3.3
"08055","3","10","71","0","2017","4","",13,405,423,415,3176372,3109171,9326,590,"",4.23,2.27,2.47,2.43,2.54,35.64,38.06,1.06,"",0,0.0,-22,-5.2,-16,-3.6,-16,-3.7,49807,1.6,44186,1.4,129,1.4,34,6.1
"08055","5","10","71","0","2017","4","",159,1341,1247,1251,10679928,1297360,37238,642,"",0.91,0.88,0.85,0.85,0.86,0.30,0.81,1.00,"",-5,-3.0,126,10.4,34,2.8,47,3.9,1723504,19.2,34437,2.7,1107,3.1,73,12.8
"08057","0","10","70","0","2017","4","",88,585,585,569,5569092,1518288,27092,739,"",1.00,1.00,1.00,1.00,1.00,1.00,1.00,1.00,"",-3,-3.3,8,1.4,33,6.0,39,7.4,656848,13.4,162414,12.0,9086,50.5,56,8.2
"08057","1","10","71","0","2017","4","",6,38,30,26,341599,0,0,839,"",11.37,3.37,2.68,2.37,2.23,0.00,0.00,0.79,"",0,0.0,-1,-2.6,-4,-11.8,-1,-3.7,15515,4.8,0,0.0,0,0.0,86,11.4
"08057","2","10","71","0","2017","4","",5,25,22,20,236553,0,0,815,"",8.11,1.33,1.17,1.10,1.30,0.00,0.00,1.08,"",0,0.0,1,4.2,3,15.8,-2,-9.1,-10800,-4.4,0,0.0,0,0.0,-63,-7.2
"08057","3","10","71","0","2017","4","",4,110,112,116,715653,715653,2146,489,"",2.67,1.90,1.93,2.06,1.49,23.81,15.05,0.76,"",0,0.0,7,6.8,7,6.7,9,8.4,7742,1.1,7742,1.1,23,1.1,-30,-5.8
"08057","5","10","71","0","2017","4","",73,412,421,407,4275287,802635,24946,796,"",0.86,0.83,0.85,0.84,0.90,0.55,0.93,1.07,"",-3,-3.9,1,0.2,27,6.9,33,8.8,644391,17.7,154672,23.9,9063,57.1,85,12.0
"08059","0","10","70","0","2017","4","",20235,235075,236365,236449,3410085905,309650086,5803817,1112,"",1.00,1.00,1.00,1.00,1.00,1.00,1.00,1.00,"",-1357,-6.3,517,0.2,1529,0.7,1826,0.8,143341934,4.4,12848056,4.3,49127,0.9,41,3.8
"08059","1","10","71","0","2017","4","",74,8556,8504,8492,190198120,0,0,1718,"",0.61,1.89,1.88,1.86,2.03,0.00,0.00,1.08,"",-3,-3.9,-56,-0.7,-101,-1.2,-107,-1.2,3688095,2.0,0,0.0,0,0.0,51,3.1
"08059","2","10","71","0","2017","4","",20,4942,4998,5031,73750153,0,0,1137,"",0.14,0.65,0.66,0.67,0.66,0.00,0.00,1.00,"",-1,-4.8,154,3.2,165,3.4,173,3.6,4921203,7.1,0,0.0,0,0.0,40,3.6
"08059","3","10","71","0","2017","4","",81,22086,22314,22050,238349116,19427246,59523,828,"",0.24,0.95,0.95,0.94,0.81,3.17,1.95,0.86,"",3,3.8,-175,-0.8,-24,-0.1,187,0.9,-1066236,-0.4,1073886,5.9,930,1.6,-3,-0.4
"08059","5","10","71","0","2017","4","",20060,199491,200549,200876,2907788516,290222840,5744294,1117,"",1.02,1.00,1.00,1.00,1.00,0.97,1.00,1.00,"",-1356,-6.3,594,0.3,1489,0.7,1573,0.8,135798872,4.9,11774170,4.2,48197,0.8,46,4.3
"08061","0","10","70","0","2017","4","",53,457,459,474,4075244,1083047,7682,677,"",1.00,1.00,1.00,1.00,1.00,1.00,1.00,1.00,"",1,1.9,2,0.4,-19,-4.0,-2,-0.4,-9343,-0.2,-49121,-4.3,-954,-11.0,8,1.2
"08061","1","10","71","0","2017","4","",6,23,20,19,220837,0,0,822,"",18.87,2.61,2.28,2.08,1.97,0.00,0.00,0.85,"",0,0.0,3,15.0,2,11.1,-1,-5.0,11630,5.6,0,0.0,0,0.0,-10,-1.2
"08061","2","10","71","0","2017","4","N",2,0,0,0,0,0,0,0,"N",5.39,0,0,0,0,0,0,0,"N",0,0.0,0,0,0,0,0,0,0,0,0,0,0,0,0,0
"08061","3","10","71","0","2017","4","N",6,0,0,0,0,0,0,0,"N",6.66,0,0,0,0,0,0,0,"N",0,0.0,0,0,0,0,0,0,0,0,0,0,0,0,0,0
"08061","5","10","71","0","2017","4","N",39,0,0,0,0,0,0,0,"N",0.76,0,0,0,0,0,0,0,"N",1,2.6,0,0,0,0,0,0,0,0,0,0,0,0,0,0
"08063","0","10","70","0","2017","4","",296,2860,2842,2796,26703455,5416701,51942,725,"",1.00,1.00,1.00,1.00,1.00,1.00,1.00,1.00,"",-8,-2.6,-41,-1.4,-54,-1.9,-55,-1.9,433739,1.7,-229341,-4.1,-2317,-4.3,24,3.4
"08063","1","10","71","0","2017","4","",9,40,39,38,480696,0,0,948,"",5.07,0.73,0.72,0.71,0.65,0.00,0.00,0.91,"",0,0.0,3,8.1,2,5.4,-2,-5.0,31554,7.0,0,0.0,0,0.0,39,4.3
"08063","2","10","71","0","2017","4","",10,41,42,42,502517,0,0,928,"",4.82,0.45,0.46,0.47,0.58,0.00,0.00,1.26,"",0,0.0,-2,-4.7,-2,-4.5,-2,-4.5,27689,5.8,0,0.0,0,0.0,92,11.0
"08063","3","10","71","0","2017","4","",19,697,689,683,5394176,2444776,7335,602,"",3.78,2.46,2.44,2.47,2.35,22.80,26.83,0.96,"",0,0.0,23,3.4,-8,-1.1,-9,-1.3,-101670,-1.8,-170869,-6.5,-513,-6.5,-13,-2.1
"08063","5","10","71","0","2017","4","",258,2082,2072,2033,20326066,2971925,44607,758,"",0.90,0.86,0.86,0.86,0.89,0.57,0.86,1.04,"",-8,-3.0,-65,-3.0,-46,-2.2,-42,-2.0,476166,2.4,-58472,-1.9,-1804,-3.9,35,4.8
"08065","0","10","70","0","2017","4","",241,2257,2265,2437,21549345,5025741,54942,715,"",1.00,1.00,1.00,1.00,1.00,1.00,1.00,1.00,"",12,5.2,41,1.9,97,4.5,106,4.5,1632904,8.2,1153477,29.8,4177,8.2,31,4.5
"08065","1","10","71","0","2017","4","",5,57,51,52,996954,0,0,1438,"",3.46,1.31,1.18,1.11,1.68,0.00,0.00,1.41,"",0,0.0,-1,-1.7,-3,-5.6,1,2.0,31589,3.3,0,0.0,0,0.0,71,5.2
"08065","2","10","71","0","2017","4","",6,34,35,35,501349,0,0,1112,"",3.55,0.47,0.48,0.45,0.71,0.00,0.00,1.52,"",-1,-14.3,4,13.3,4,12.9,1,2.9,35880,7.7,0,0.0,0,0.0,-19,-1.7
"08065","3","10","71","0","2017","4","",8,595,612,605,5091823,2465551,7398,648,"",1.95,2.66,2.72,2.51,2.75,24.78,25.59,1.04,"",1,14.3,-24,-3.9,-8,-1.3,3,0.5,282838,5.9,666612,37.1,2000,37.1,45,7.5
"08065","5","10","71","0","2017","4","",222,1571,1567,1745,14959219,2560190,47544,707,"",0.95,0.82,0.81,0.84,0.81,0.53,0.87,0.98,"",12,5.7,62,4.1,104,7.1,101,6.1,1282597,9.4,486865,23.5,2177,4.8,23,3.4
"08067","0","10","70","0","2017","4","",2625,26580,26363,26432,332786660,77774268,833375,968,"",1.00,1.00,1.00,1.00,1.00,1.00,1.00,1.00,"",66,2.6,-216,-0.8,-18,-0.1,-153,-0.6,9824759,3.0,7248147,10.3,65630,8.5,34,3.6
"08067","1","10","71","0","2017","4","",23,329,290,284,5057778,0,0,1293,"",1.46,0.64,0.57,0.56,0.55,0.00,0.00,0.93,"",-1,-4.2,2,0.6,-22,-7.1,-8,-2.7,-131900,-2.5,0,0.0,0,0.0,7,0.5
"08067","2","10","71","0","2017","4","",18,1094,1103,1114,14205837,241715,725,990,"",0.98,1.28,1.31,1.32,1.31,0.24,0.66,1.00,"",-1,-5.3,12,1.1,17,1.6,32,3.0,1002153,7.6,66862,38.2,200,38.1,52,5.5
"08067","3","10","71","0","2017","4","",37,4084,4053,4152,67052432,45174876,136959,1259,"",0.83,1.55,1.55,1.59,2.34,29.34,31.23,1.50,"",-1,-2.6,101,2.5,108,2.7,168,4.2,8274187,14.1,6119002,15.7,18420,15.5,120,10.5
"08067","5","10","71","0","2017","4","",2547,21073,20917,20882,246470613,32357677,695691,905,"",1.00,0.93,0.93,0.93,0.87,0.43,0.84,0.93,"",69,2.8,-331,-1.5,-121,-0.6,-345,-1.6,680319,0.3,1062283,3.4,47010,7.2,14,1.6
"08069","0","10","70","0","2017","4","",12204,160389,160001,159056,2101376936,201122632,3627810,1011,"",1.00,1.00,1.00,1.00,1.00,1.00,1.00,1.00,"",617,5.3,4451,2.9,4931,3.2,5118,3.3,127561624,6.5,12314344,6.5,-21307,-0.6,31,3.2
"08069","1","10","71","0","2017","4","",39,2523,2400,2385,50073892,0,0,1581,"",0.53,0.82,0.78,0.78,0.87,0.00,0.00,1.09,"",-2,-4.9,-29,-1.1,-69,-2.8,-97,-3.9,-361932,-0.7,0,0.0,0,0.0,30,1.9
"08069","2","10","71","0","2017","4","",35,16088,16159,16178,219103803,0,0,1044,"",0.41,3.12,3.15,3.19,3.19,0.00,0.00,1.01,"",-1,-2.8,1057,7.0,1129,7.5,1135,7.5,17797307,8.8,0,0.0,0,0.0,14,1.4
"08069","3","10","71","0","2017","4","",51,14828,14594,14355,170094491,13398523,45272,897,"",0.25,0.93,0.92,0.91,0.94,3.37,2.37,1.02,"",-2,-3.8,-61,-0.4,124,0.9,15,0.1,5632163,3.4,307065,2.3,2219,5.2,28,3.2
"08069","5","10","71","0","2017","4","",12079,126950,126848,126138,1662104750,187724109,3582538,1010,"",1.02,0.93,0.93,0.93,0.93,0.96,0.99,0.99,"",622,5.4,3484,2.8,3747,3.0,4065,3.3,104494086,6.7,12007279,6.8,-23526,-0.7,35,3.6
"08071","0","10","70","0","2017","4","",580,4979,4975,4921,46941447,11861840,152057,728,"",1.00,1.00,1.00,1.00,1.00,1.00,1.00,1.00,"",130,28.9,167,3.5,188,3.9,192,4.1,2007456,4.5,1525609,14.8,35014,29.9,4,0.6
"08071","1","10","71","0","2017","4","",11,66,62,62,825663,0,0,1003,"",3.16,0.69,0.65,0.65,0.64,0.00,0.00,0.96,"",-1,-8.3,-3,-4.3,-4,-6.1,-2,-3.1,-80394,-8.9,0,0.0,0,0.0,-48,-4.6
"08071","2","10","71","0","2017","4","",15,408,397,401,4817184,0,0,922,"",3.69,2.55,2.49,2.56,3.14,0.00,0.00,1.24,"",0,0.0,1,0.2,-20,-4.8,-20,-4.8,32785,0.7,0,0.0,0,0.0,35,3.9
"08071","3","10","71","0","2017","4","",20,960,984,983,7476442,5624293,16874,589,"",2.03,1.95,1.99,2.02,1.85,23.95,21.09,0.93,"",0,0.0,-65,-6.3,-61,-5.8,-51,-4.9,-370995,-4.7,-205844,-3.5,-616,-3.5,6,1.0
"08071","5","10","71","0","2017","4","",534,3545,3532,3475,33822158,6237547,135183,740,"",0.95,0.84,0.84,0.83,0.84,0.54,0.89,1.01,"",131,32.5,234,7.1,273,8.4,265,8.3,2426060,7.7,1731453,38.4,35630,35.8,-1,-0.1
"08073","0","10","70","0","2017","4","",166,2227,2246,2254,21540107,4213925,36070,739,"",1.00,1.00,1.00,1.00,1.00,1.00,1.00,1.00,"",4,2.5,84,3.9,95,4.4,89,4.1,1574770,7.9,387224,10.1,6816,23.3,26,3.6
"08073","1","10","71","0","2017","4","",7,22,21,23,231144,0,0,808,"",7.03,0.51,0.49,0.53,0.39,0.00,0.00,0.76,"",0,0.0,-1,-4.3,0,0.0,-1,-4.2,181,0.1,0,0.0,0,0.0,24,3.1
"08073","2","10","71","0","2017","4","",10,400,408,416,5605680,0,0,1057,"",8.60,5.60,5.67,5.79,7.97,0.00,0.00,1.40,"",-1,-9.1,-2,-0.5,-2,-0.5,0,0.0,331607,6.3,0,0.0,0,0.0,66,6.7
"08073","3","10","71","0","2017","4","",15,610,623,606,5098594,2344878,7035,640,"",5.32,2.76,2.79,2.72,2.75,28.11,37.06,1.00,"",0,0.0,11,1.8,16,2.6,3,0.5,265913,5.5,20443,0.9,62,0.9,24,3.9
"08073","5","10","71","0","2017","4","",134,1195,1194,1209,10604689,1869047,29035,680,"",0.83,0.63,0.63,0.63,0.58,0.46,0.81,0.92,"",5,3.9,76,6.8,81,7.3,87,7.8,977069,10.1,366781,24.4,6754,30.3,18,2.7
"08075","0","10","70","0","2017","4","",671,8056,8064,8069,79198752,11132578,146723,756,"",1.00,1.00,1.00,1.00,1.00,1.00,1.00,1.00,"",27,4.2,-94,-1.2,-97,-1.2,-105,-1.3,1780135,2.3,270082,2.5,17549,13.6,26,3.6
"08075","1","10","71","0","2017","4","",12,60,57,58,752218,0,0,992,"",2.98,0.39,0.37,0.37,0.35,0.00,0.00,0.92,"",0,0.0,-4,-6.2,-3,-5.0,-2,-3.3,-3956,-0.5,0,0.0,0,0.0,44,4.6
"08075","2","10","71","0","2017","4","",15,1134,1137,1133,15453111,0,0,1048,"",3.19,4.39,4.40,4.40,5.98,0.00,0.00,1.36,"",-1,-6.2,-6,-0.5,-14,-1.2,-19,-1.6,914329,6.3,0,0.0,0,0.0,74,7.6
"08075","3","10","71","0","2017","4","",20,1098,1123,1106,8480353,3690175,11070,588,"",1.75,1.38,1.40,1.39,1.25,16.74,14.34,0.90,"",0,0.0,-21,-1.9,-3,-0.3,-3,-0.3,-108471,-1.3,-36653,-1.0,-110,-1.0,-3,-0.5
"08075","5","10","71","0","2017","4","",624,5764,5747,5772,54513070,7442403,135653,728,"",0.96,0.84,0.84,0.84,0.81,0.69,0.93,0.96,"",28,4.7,-63,-1.1,-77,-1.3,-81,-1.4,978233,1.8,306735,4.3,17659,15.0,22,3.1
"08077","0","10","70","0","2017","4","",4884,62111,62140,61719,688156524,78841949,1854535,854,"",1.00,1.00,1.00,1.00,1.00,1.00,1.00,1.00,"",181,3.8,1940,3.2,2071,3.4,2040,3.4,51551030,8.1,10968933,16.2,454198,32.4,37,4.5
"08077","1","10","71","0","2017","4","",46,1573,1531,1568,28393648,0,0,1402,"",1.57,1.32,1.29,1.32,1.50,0.00,0.00,1.15,"",0,0.0,45,2.9,26,1.7,24,1.6,1320599,4.9,0,0.0,0,0.0,37,2.7
"08077","2","10","71","0","2017","4","",23,2041,2029,2006,25860962,0,0,982,"",0.67,1.02,1.02,1.02,1.15,0.00,0.00,1.13,"",0,0.0,3,0.1,18,0.9,-6,-0.3,819004,3.3,0,0.0,0,0.0,29,3.0
"08077","3","10","71","0","2017","4","",43,5912,6006,5936,61272029,5971024,24696,792,"",0.52,0.96,0.97,0.97,1.04,3.83,2.53,1.07,"",2,4.9,-128,-2.1,-61,-1.0,16,0.3,-257413,-0.4,408485,7.3,4826,24.3,4,0.5
"08077","5","10","71","0","2017","4","",4772,52585,52574,52209,572629885,72870925,1829839,840,"",1.01,1.00,1.00,1.00,0.97,0.96,0.99,0.98,"",179,3.9,2020,4.0,2088,4.1,2006,4.0,49668840,9.5,10560448,16.9,449372,32.6,42,5.3
"08079","0","10","70","0","2017","4","",69,428,477,573,3602852,1412083,12726,563,"",1.00,1.00,1.00,1.00,1.00,1.00,1.00,1.00,"",-7,-9.2,0,0.0,122,34.4,-50,-8.0,6747,0.2,2536,0.2,-200,-1.5,-27,-4.6
"08079","1","10","71","0","2017","4","",2,6,5,5,61820,0,0,892,"",4.83,0.73,0.55,0.45,0.62,0.00,0.00,1.11,"",0,0.0,0,0.0,-1,-16.7,0,0.0,-4748,-7.1,0,0.0,0,0.0,-12,-1.3
"08079","2","10","71","0","2017","4","",3,7,7,7,72554,0,0,797,"",6.21,0.51,0.46,0.38,0.62,0.00,0.00,1.39,"",0,0.0,0,0.0,0,0.0,0,0.0,-2850,-3.8,0,0.0,0,0.0,-32,-3.9
"08079","3","10","71","0","2017","4","",3,97,101,96,592550,592550,1778,465,"",2.56,2.29,2.13,1.69,1.91,21.20,26.55,0.95,"",0,0.0,15,18.3,21,26.2,20,26.3,54787,10.2,54787,10.2,165,10.2,-56,-10.7
"08079","5","10","71","0","2017","4","",61,318,364,465,2875928,819533,10948,579,"",0.91,0.87,0.90,0.95,0.93,0.60,0.87,1.02,"",-7,-10.3,-15,-4.5,102,38.9,-70,-13.1,-40442,-1.4,-52251,-6.0,-365,-3.2,-17,-2.9
"08081","0","10","70","0","2017","4","",467,4753,4811,4728,59101358,10866481,147665,954,"",1.00,1.00,1.00,1.00,1.00,1.00,1.00,1.00,"",30,6.9,-27,-0.6,94,2.0,76,1.6,2583186,4.6,2017183,22.8,19687,15.4,32,3.5
"08081","1","10","71","0","2017","4","",16,126,110,120,1874307,0,0,1215,"",5.71,1.38,1.19,1.32,1.15,0.00,0.00,0.89,"",0,0.0,-5,-3.8,-6,-5.2,-3,-2.4,100930,5.7,0,0.0,0,0.0,109,9.9
"08081","2","10","71","0","2017","4","",10,160,168,167,2031451,0,0,947,"",3.06,1.05,1.09,1.11,1.05,0.00,0.00,0.97,"",-1,-9.1,-11,-6.4,-11,-6.1,-9,-5.1,-7412,-0.4,0,0.0,0,0.0,53,5.9
"08081","3","10","71","0","2017","4","",8,725,741,750,7163581,42154,126,746,"",1.01,1.54,1.55,1.60,1.41,0.20,0.16,0.90,"",1,14.3,-23,-3.1,-18,-2.4,-9,-1.2,-135307,-1.9,9409,28.7,28,28.6,3,0.4
"08081","5","10","71","0","2017","4","",433,3742,3792,3691,48032019,10824327,147539,987,"",0.96,0.93,0.93,0.92,0.95,1.03,1.01,1.03,"",30,7.4,12,0.3,129,3.5,97,2.7,2624975,5.8,2007774,22.8,19659,15.4,33,3.5
"08083","0","10","70","0","2017","4","",907,9348,9078,8868,80182739,17482640,240981,678,"",1.00,1.00,1.00,1.00,1.00,1.00,1.00,1.00,"",99,12.3,186,2.0,133,1.5,47,0.5,813285,1.0,9570,0.1,1839,0.8,-2,-0.3
"08083","1","10","71","0","2017","4","",20,356,302,306,4394138,0,0,1052,"",3.68,1.98,1.74,1.79,1.99,0.00,0.00,1.08,"",0,0.0,12,3.5,0,0.0,12,4.1,53673,1.2,0,0.0,0,0.0,-14,-1.3
"08083","2","10","71","0","2017","4","",10,115,117,116,1408566,0,0,934,"",1.57,0.38,0.40,0.41,0.54,0.00,0.00,1.35,"",0,0.0,-5,-4.2,-2,-1.7,-3,-2.5,41010,3.0,0,0.0,0,0.0,52,5.9
"08083","3","10","71","0","2017","4","",28,2239,2237,2196,17587939,8188300,49230,608,"",1.82,2.42,2.48,2.50,2.55,23.66,38.82,1.03,"",0,0.0,-13,-0.6,-3,-0.1,-64,-2.8,265483,1.5,26038,0.3,2573,5.5,16,2.7
"08083","5","10","71","0","2017","4","",849,6638,6422,6250,56792096,9294340,191751,679,"",0.97,0.84,0.83,0.83,0.83,0.55,0.80,1.00,"",99,13.2,192,3.0,138,2.2,102,1.7,453119,0.8,-16468,-0.2,-734,-0.4,-10,-1.5
"08085","0","10","70","0","2017","4","",1391,15263,15156,15181,150875697,20399686,391470,764,"",1.00,1.00,1.00,1.00,1.00,1.00,1.00,1.00,"",76,5.8,604,4.1,597,4.1,650,4.5,8241411,5.8,1732004,9.3,31605,8.8,12,1.6
"08085","1","10","71","0","2017","4","",20,311,280,278,5055666,0,0,1343,"",2.40,1.06,0.97,0.95,1.22,0.00,0.00,1.23,"",0,0.0,-8,-2.5,-5,-1.8,1,0.4,79480,1.6,0,0.0,0,0.0,40,3.1
"08085","2","10","71","0","2017","4","",14,222,220,223,3155080,0,0,1095,"",1.44,0.45,0.45,0.46,0.64,0.00,0.00,1.41,"",0,0.0,11,5.2,17,8.4,14,6.7,326990,11.6,0,0.0,0,0.0,47,4.5
"08085","3","10","71","0","2017","4","",29,2669,2640,2636,28657113,3079044,9507,832,"",1.23,1.76,1.75,1.75,2.21,7.62,4.61,1.26,"",0,0.0,135,5.3,113,4.5,126,5.0,1006795,3.6,297406,10.7,872,10.1,-11,-1.3
"08085","5","10","71","0","2017","4","",1328,12061,12016,12044,114007838,17320642,381963,728,"",0.98,0.93,0.93,0.93,0.88,0.88,0.98,0.95,"",76,6.1,466,4.0,472,4.1,509,4.4,6828146,6.4,1434598,9.0,30733,8.8,15,2.1
"08087","0","10","70","0","2017","4","",797,12252,12310,12341,136447296,16397510,284232,853,"",1.00,1.00,1.00,1.00,1.00,1.00,1.00,1.00,"",63,8.6,330,2.8,263,2.2,291,2.4,9373389,7.4,754128,4.8,54649,23.8,39,4.8
"08087","1","10","71","0","2017","4","",15,118,116,115,1870285,0,0,1237,"",3.14,0.50,0.49,0.48,0.50,0.00,0.00,1.01,"",0,0.0,10,9.3,5,4.5,1,0.9,135302,7.8,0,0.0,0,0.0,35,2.9
"08087","2","10","71","0","2017","4","",11,241,245,244,3258023,0,0,1030,"",1.97,0.61,0.62,0.62,0.73,0.00,0.00,1.18,"",-1,-8.3,-9,-3.6,-3,-1.2,-6,-2.4,192975,6.3,0,0.0,0,0.0,84,8.9
"08087","3","10","71","0","2017","4","",23,1793,1802,1751,14359572,2448960,7357,620,"",1.70,1.48,1.47,1.43,1.22,7.54,4.92,0.84,"",0,0.0,12,0.7,0,0.0,-2,-0.1,458433,3.3,5886,0.2,-7,-0.1,19,3.2
"08087","5","10","71","0","2017","4","",748,10100,10147,10231,116959416,13948550,276875,886,"",0.97,0.97,0.97,0.98,1.00,0.88,0.98,1.03,"",64,9.4,317,3.2,261,2.6,298,3.0,8586679,7.9,748242,5.7,54656,24.6,41,4.9
"08089","0","10","70","0","2017","4","",513,6173,6146,6060,55994003,9154508,120728,703,"",1.00,1.00,1.00,1.00,1.00,1.00,1.00,1.00,"",29,6.0,36,0.6,88,1.5,94,1.6,3403960,6.5,122632,1.4,-5602,-4.4,35,5.2
"08089","1","10","71","0","2017","4","",14,102,98,100,1380883,0,0,1062,"",4.55,0.86,0.83,0.86,0.90,0.00,0.00,1.06,"",0,0.0,-9,-8.1,-8,-7.5,-8,-7.4,-8722,-0.6,0,0.0,0,0.0,75,7.6
"08089","2","10","71","0","2017","4","",11,465,449,405,4262211,0,0,746,"",3.06,2.35,2.28,2.10,2.33,0.00,0.00,1.04,"",-1,-8.3,-5,-1.1,-11,-2.4,-8,-1.9,-45132,-1.0,0,0.0,0,0.0,6,0.8
"08089","3","10","71","0","2017","4","",38,1169,1191,1177,9153046,3757867,11321,597,"",4.36,1.91,1.95,1.96,1.90,20.74,17.82,0.98,"",0,0.0,16,1.4,28,2.4,4,0.3,718111,8.5,184183,5.2,519,4.8,39,7.0
"08089","5","10","71","0","2017","4","",450,4437,4408,4378,41197863,5396641,109407,719,"",0.90,0.85,0.84,0.85,0.86,0.61,0.91,1.02,"",30,7.1,34,0.8,79,1.8,106,2.5,2739703,7.1,-61551,-1.1,-6121,-5.3,37,5.4
"08091","0","10","70","0","2017","4","",336,1837,1660,1640,17117867,5105057,68030,769,"",1.00,1.00,1.00,1.00,1.00,1.00,1.00,1.00,"",12,3.7,94,5.4,94,6.0,46,2.9,1983241,13.1,387994,8.2,-2869,-4.0,57,8.0
"08091","1","10","71","0","2017","4","",4,14,14,14,201896,0,0,1109,"",1.98,0.40,0.44,0.44,0.43,0.00,0.00,1.01,"",0,0.0,1,7.7,1,7.7,0,0.0,-9962,-4.7,0,0.0,0,0.0,-113,-9.2
"08091","2","10","71","0","2017","4","",5,35,27,27,400867,0,0,1039,"",2.12,0.59,0.51,0.52,0.72,0.00,0.00,1.32,"",0,0.0,3,9.4,1,3.8,-1,-3.6,-12715,-3.1,0,0.0,0,0.0,-71,-6.4
"08091","3","10","71","0","2017","4","",9,334,333,339,3246861,2684374,8098,745,"",1.58,1.83,2.02,2.09,2.21,26.56,22.62,1.12,"",0,0.0,11,3.4,0,0.0,14,4.3,204696,6.7,109672,4.3,353,4.6,29,4.1
"08091","5","10","71","0","2017","4","",318,1454,1286,1260,13268243,2420683,59932,765,"",0.98,0.93,0.91,0.90,0.91,0.49,0.89,0.99,"",12,3.9,79,5.7,92,7.7,33,2.7,1801222,15.7,278322,13.0,-3222,-5.1,68,9.8
"08093","0","10","70","0","2017","4","",549,2516,2441,2439,24097898,7222414,78646,752,"",1.00,1.00,1.00,1.00,1.00,1.00,1.00,1.00,"",16,3.0,4,0.2,11,0.5,58,2.4,154362,0.6,165907,2.4,-4706,-5.6,-3,-0.4
"08093","1","10","71","0","2017","4","",9,57,48,40,682537,0,0,1086,"",2.73,1.18,1.03,0.85,1.03,0.00,0.00,1.01,"",-1,-10.0,5,9.6,-2,-4.0,-5,-11.1,15791,2.4,0,0.0,0,0.0,39,3.7
"08093","2","10","71","0","2017","4","",7,66,56,56,827702,0,0,1073,"",1.82,0.82,0.72,0.72,1.05,0.00,0.00,1.40,"",0,0.0,3,4.8,2,3.7,0,0.0,60186,7.8,0,0.0,0,0.0,49,4.8
"08093","3","10","71","0","2017","4","",18,687,693,680,5514700,4150926,12454,618,"",1.93,2.76,2.86,2.82,2.66,29.03,30.09,0.95,"",0,0.0,-40,-5.5,-47,-6.4,-40,-5.6,189405,3.6,95918,2.4,290,2.4,56,10.0
"08093","5","10","71","0","2017","4","",515,1706,1644,1663,17072959,3071488,66192,786,"",0.97,0.80,0.79,0.80,0.83,0.44,0.85,1.04,"",17,3.4,36,2.2,58,3.7,103,6.6,-111020,-0.6,69989,2.3,-4996,-7.0,-37,-4.5
"08095","0","10","70","0","2017","4","",165,1659,1669,1629,16186667,4995239,33535,754,"",1.00,1.00,1.00,1.00,1.00,1.00,1.00,1.00,"",-7,-4.1,-65,-3.8,-22,-1.3,-22,-1.3,392063,2.5,77050,1.6,-3449,-9.3,35,4.9
"08095","1","10","71","0","2017","4","",5,21,19,24,271264,0,0,978,"",5.05,0.66,0.59,0.76,0.61,0.00,0.00,0.91,"",0,0.0,-2,-8.7,-3,-13.6,-2,-7.7,-6317,-2.3,0,0.0,0,0.0,76,8.4
"08095","2","10","71","0","2017","4","",5,15,14,14,158524,0,0,851,"",4.32,0.28,0.26,0.27,0.30,0.00,0.00,1.11,"",0,0.0,0,0.0,0,0.0,-2,-12.5,14698,10.2,0,0.0,0,0.0,113,15.3
"08095","3","10","71","0","2017","4","",10,562,589,549,5261169,3414431,10244,714,"",3.57,3.42,3.55,3.41,3.78,34.53,58.04,1.09,"",0,0.0,6,1.1,16,2.8,-14,-2.5,150563,2.9,79966,2.4,242,2.4,17,2.4
"08095","5","10","71","0","2017","4","",145,1061,1047,1042,10495710,1580808,23291,769,"",0.91,0.75,0.74,0.75,0.76,0.33,0.70,1.01,"",-7,-4.6,-69,-6.1,-35,-3.2,-4,-0.4,233119,2.3,-2916,-0.2,-3691,-13.7,42,5.8
"08097","0","10","70","0","2017","4","",1804,14422,14510,18043,217053409,34969155,437358,1066,"",1.00,1.00,1.00,1.00,1.00,1.00,1.00,1.00,"",21,1.2,273,1.9,800,5.8,-348,-1.9,-2607923,-1.2,1396253,4.2,-30900,-6.6,-30,-2.7
"08097","1","10","71","0","2017","4","",8,90,80,75,1480141,0,0,1394,"",0.74,0.32,0.29,0.22,0.25,0.00,0.00,0.91,"",1,14.3,-4,-4.3,-13,-14.0,-9,-10.7,-117511,-7.4,0,0.0,0,0.0,34,2.5
"08097","2","10","71","0","2017","4","N",1,0,0,0,0,0,0,0,"N",0.08,0,0,0,0,0,0,0,"N",0,0.0,0,0,0,0,0,0,0,0,0,0,0,0,0,0
"08097","3","10","71","0","2017","4","N",14,0,0,0,0,0,0,0,"N",0.46,0,0,0,0,0,0,0,"N",0,0.0,0,0,0,0,0,0,0,0,0,0,0,0,0,0
"08097","5","10","71","0","2017","4","",1781,12086,12142,15605,178777678,19840636,391323,1036,"",1.02,0.99,0.99,1.02,0.96,0.59,0.90,0.97,"",20,1.1,130,1.1,636,5.5,-516,-3.2,-3974639,-2.2,10916,0.1,-35382,-8.3,-29,-2.7
"08099","0","10","70","0","2017","4","",401,4588,4599,4582,40559642,8676833,96208,680,"",1.00,1.00,1.00,1.00,1.00,1.00,1.00,1.00,"",13,3.4,161,3.6,199,4.5,232,5.3,4235805,11.7,326057,3.9,10880,12.8,44,6.9
"08099","1","10","71","0","2017","4","",8,35,35,37,451903,0,0,975,"",3.33,0.40,0.40,0.42,0.41,0.00,0.00,1.00,"",0,0.0,-4,-10.3,-3,-7.9,-1,-2.6,7703,1.7,0,0.0,0,0.0,84,9.4
"08099","2","10","71","0","2017","4","",10,241,251,248,2737038,0,0,854,"",3.56,1.64,1.70,1.70,2.07,0.00,0.00,1.23,"",0,0.0,13,5.7,20,8.7,15,6.4,165829,6.4,0,0.0,0,0.0,-3,-0.4
"08099","3","10","71","0","2017","4","",20,1010,1021,1012,9023957,3773850,11322,684,"",2.93,2.22,2.24,2.23,2.59,21.97,22.36,1.16,"",0,0.0,-22,-2.1,-13,-1.3,-21,-2.0,-1981,0.0,-84947,-2.2,-254,-2.2,12,1.8
"08099","5","10","71","0","2017","4","",363,3302,3292,3285,28346744,4902983,84886,662,"",0.93,0.85,0.84,0.84,0.82,0.58,0.89,0.97,"",13,3.7,174,5.6,195,6.3,239,7.8,4064254,16.7,411004,9.1,11134,15.1,58,9.6
"08101","0","10","70","0","2017","4","",3415,61347,61269,61214,665312907,73318265,1519109,835,"",1.00,1.00,1.00,1.00,1.00,1.00,1.00,1.00,"",227,7.1,886,1.5,714,1.2,1058,1.8,37502593,6.0,4581354,6.7,123103,8.8,35,4.4
"08101","1","10","71","0","2017","4","",30,1092,1088,1097,18032766,0,0,1270,"",1.46,0.92,0.93,0.93,0.99,0.00,0.00,1.06,"",-2,-6.2,7,0.6,-17,-1.5,7,0.6,317668,1.8,0,0.0,0,0.0,24,1.9
"08101","2","10","71","0","2017","4","",26,4339,4325,4285,52535080,0,0,936,"",1.09,2.20,2.20,2.20,2.42,0.00,0.00,1.10,"",0,0.0,71,1.7,72,1.7,60,1.4,2071209,4.1,0,0.0,0,0.0,22,2.4
"08101","3","10","71","0","2017","4","",28,6741,6771,6701,68962785,8244794,24892,787,"",0.48,1.11,1.11,1.11,1.21,5.68,3.11,1.09,"",0,0.0,25,0.4,18,0.3,-31,-0.5,1319631,2.0,413748,5.3,1052,4.4,14,1.8
"08101","5","10","71","0","2017","4","",3331,49175,49085,49131,525782276,65073471,1494217,823,"",1.01,0.94,0.94,0.94,0.93,0.92,0.99,0.98,"",229,7.4,783,1.6,641,1.3,1022,2.1,33794085,6.9,4167606,6.8,122051,8.9,40,5.1
"08103","0","10","70","0","2017","4","",263,2852,2827,2753,35952596,7976982,83619,984,"",1.00,1.00,1.00,1.00,1.00,1.00,1.00,1.00,"",8,3.1,59,2.1,50,1.8,86,3.2,1202398,3.5,416810,5.5,15010,21.9,10,1.0
"08103","1","10","71","0","2017","4","",4,67,59,64,964638,0,0,1172,"",2.54,1.22,1.09,1.21,0.98,0.00,0.00,0.83,"",-1,-20.0,-3,-4.3,-5,-7.8,0,0.0,-76571,-7.4,0,0.0,0,0.0,-42,-3.5
"08103","2","10","71","0","2017","4","",8,154,171,164,1943902,0,0,917,"",4.34,1.68,1.89,1.87,1.66,0.00,0.00,0.91,"",0,0.0,-7,-4.3,0,0.0,-5,-3.0,-22977,-1.2,0,0.0,0,0.0,11,1.2
"08103","3","10","71","0","2017","4","",18,952,949,929,9464561,5666541,17437,772,"",4.03,3.37,3.38,3.41,3.06,35.88,39.62,0.90,"",0,0.0,26,2.8,-19,-2.0,-19,-2.0,-22156,-0.2,157043,2.9,539,3.2,2,0.3
"08103","5","10","71","0","2017","4","",233,1679,1648,1596,23579495,2310441,66182,1105,"",0.91,0.69,0.69,0.68,0.77,0.30,0.80,1.12,"",9,4.0,43,2.6,74,4.7,110,7.4,1324102,5.9,259767,12.7,14471,28.0,11,1.0
"08105","0","10","70","0","2017","4","",432,4294,3973,3973,38735390,8429932,170074,730,"",1.00,1.00,1.00,1.00,1.00,1.00,1.00,1.00,"",26,6.4,273,6.8,135,3.5,229,6.1,-705680,-1.8,1158248,15.9,26176,18.2,-54,-6.9
"08105","1","10","71","0","2017","4","",8,138,103,104,1721020,0,0,1151,"",3.09,1.67,1.35,1.36,1.62,0.00,0.00,1.10,"",0,0.0,11,8.7,-12,-10.4,1,1.0,81397,5.0,0,0.0,0,0.0,54,4.9
"08105","2","10","71","0","2017","4","",9,185,186,184,2127060,0,0,884,"",2.97,1.34,1.46,1.45,1.68,0.00,0.00,1.19,"",0,0.0,5,2.8,6,3.3,3,1.7,106592,5.3,0,0.0,0,0.0,22,2.6
"08105","3","10","71","0","2017","4","",17,645,650,651,5118374,2770364,8346,607,"",2.32,1.52,1.65,1.66,1.54,16.60,9.32,0.96,"",0,0.0,22,3.5,9,1.4,6,0.9,165016,3.3,104226,3.9,310,3.9,8,1.3
"08105","5","10","71","0","2017","4","",398,3326,3034,3034,29768936,5659568,161728,731,"",0.95,0.91,0.90,0.90,0.90,0.69,0.96,1.00,"",26,7.0,235,7.6,132,4.5,219,7.8,-1058685,-3.4,1054022,22.9,25866,19.0,-77,-9.5
"08107","0","10","70","0","2017","4","",1793,13927,14935,16234,165084746,26639439,446461,845,"",1.00,1.00,1.00,1.00,1.00,1.00,1.00,1.00,"",16,0.9,260,1.9,1216,8.9,360,2.3,-523465,-0.3,937306,3.6,-16443,-3.6,-38,-4.3
"08107","1","10","71","0","2017","4","",10,123,104,95,1462706,0,0,1048,"",0.93,0.46,0.36,0.30,0.32,0.00,0.00,0.87,"",-2,-16.7,1,0.8,-11,-9.6,-2,-2.1,-51479,-3.4,0,0.0,0,0.0,2,0.2
"08107","2","10","71","0","2017","4","",13,725,716,717,10573604,239586,719,1131,"",1.03,1.62,1.50,1.38,1.96,0.71,1.22,1.31,"",0,0.0,566,356.0,561,361.9,564,368.6,8669127,455.2,239586,100.0,719,100.0,190,20.2
"08107","3","10","71","0","2017","4","",24,1571,1556,1568,17330144,6166689,18944,852,"",0.79,1.14,1.05,0.98,1.22,11.69,8.06,1.16,"",0,0.0,-33,-2.1,17,1.1,26,1.7,424204,2.5,206331,3.5,689,3.8,19,2.3
"08107","5","10","71","0","2017","4","",1746,11508,12559,13854,135718292,20233164,426798,826,"",1.00,0.97,0.99,1.00,0.96,0.79,0.96,0.97,"",18,1.0,-274,-2.3,649,5.4,-228,-1.6,-9565317,-6.6,491389,2.5,-17851,-4.0,-62,-7.0
"08109","0","10","70","0","2017","4","",197,1791,1572,1578,13521057,5409834,54840,632,"",1.00,1.00,1.00,1.00,1.00,1.00,1.00,1.00,"",30,18.0,121,7.2,67,4.5,100,6.8,857475,6.8,273143,5.3,1764,3.3,4,0.6
"08109","1","10","71","0","2017","4","",9,44,37,36,564208,0,0,1113,"",7.62,1.28,1.23,1.18,1.52,0.00,0.00,1.23,"",-1,-10.0,-1,-2.2,-9,-19.6,-2,-5.3,-18350,-3.1,0,0.0,0,0.0,71,6.8
"08109","2","10","71","0","2017","4","",3,14,14,15,166626,0,0,894,"",2.17,0.24,0.28,0.30,0.38,0.00,0.00,1.39,"N",0,0.0,0,0,0,0,0,0,0,0,0,0,0,0,0,0
"08109","3","10","71","0","2017","4","",13,491,483,485,3416202,3416202,10249,540,"",3.88,2.77,3.09,3.11,2.94,31.90,35.51,0.98,"N",0,0.0,0,0,0,0,0,0,0,0,0,0,0,0,0,0
"08109","5","10","71","0","2017","4","",172,1242,1038,1042,9374021,1993632,44591,651,"",0.90,0.82,0.78,0.78,0.81,0.38,0.82,1.02,"",31,22.0,131,11.8,84,8.8,102,10.9,746279,8.6,143130,7.7,1374,3.2,-12,-1.8
"08111","0","10","70","0","2017","4","",83,344,225,270,1945668,1044287,19242,535,"",1.00,1.00,1.00,1.00,1.00,1.00,1.00,1.00,"",10,13.7,33,10.6,-3,-1.3,-12,-4.3,154136,8.6,102294,10.9,-53,-0.3,31,6.2
"08111","1","10","71","0","2017","4","",2,2,2,2,20141,0,0,775,"",4.02,0.30,0.46,0.38,0.38,0.00,0.00,1.01,"",0,0.0,-1,-33.3,0,0.0,0,0.0,-775,-3.7,0,0.0,0,0.0,85,12.3
"08111","2","10","71","0","2017","4","N",3,0,0,0,0,0,0,0,"N",5.16,0,0,0,0,0,0,0,"N",1,50.0,0,0,0,0,0,0,0,0,0,0,0,0,0,0
"08111","3","10","71","0","2017","4","N",4,0,0,0,0,0,0,0,"N",2.84,0,0,0,0,0,0,0,"N",0,0.0,0,0,0,0,0,0,0,0,0,0,0,0,0,0
"08111","5","10","71","0","2017","4","",74,272,153,193,1299429,533055,17706,485,"",0.92,0.93,0.80,0.84,0.78,0.53,0.93,0.90,"",9,13.8,31,12.9,-10,-6.1,-20,-9.4,119187,10.1,81732,18.1,-115,-0.6,44,10.0
"08113","0","10","70","0","2017","4","",697,4950,4391,5868,55415274,16295748,211628,841,"",1.00,1.00,1.00,1.00,1.00,1.00,1.00,1.00,"",19,2.8,116,2.4,129,3.0,21,0.4,2459449,4.6,-100075,-0.6,-31780,-13.1,23,2.8
"08113","1","10","71","0","2017","4","",6,34,29,26,400786,0,0,1039,"",1.44,0.36,0.35,0.23,0.26,0.00,0.00,0.86,"",-1,-14.3,2,6.2,3,11.5,0,0.0,-30491,-7.1,0,0.0,0,0.0,-146,-12.3
"08113","2","10","71","0","2017","4","",5,17,18,18,254351,0,0,1107,"",1.02,0.11,0.13,0.10,0.14,0.00,0.00,1.29,"",1,25.0,-1,-5.6,0,0.0,0,0.0,3639,1.5,0,0.0,0,0.0,36,3.4
"08113","3","10","71","0","2017","4","",14,747,780,754,8508086,8100040,24465,861,"",1.18,1.52,1.79,1.30,1.79,25.11,21.97,1.18,"",0,0.0,-15,-2.0,38,5.1,-4,-0.5,165662,2.0,147791,1.9,479,2.0,10,1.2
"08113","5","10","71","0","2017","4","",672,4152,3564,5070,46252051,8195708,187163,835,"",0.99,0.99,0.96,1.02,0.98,0.52,0.89,0.99,"",19,2.9,130,3.2,88,2.5,25,0.5,2320639,5.3,-247866,-2.9,-32259,-14.7,27,3.3
"08115","0","10","70","0","2017","4","",88,765,775,776,7162936,1491284,12275,714,"",1.00,1.00,1.00,1.00,1.00,1.00,1.00,1.00,"",4,4.8,-13,-1.7,-4,-0.5,-19,-2.4,408241,6.0,58384,4.1,2048,20.0,51,7.7
"08115","1","10","71","0","2017","4","",6,15,17,17,181568,0,0,855,"",11.37,1.02,1.15,1.14,0.92,0.00,0.00,0.84,"",0,0.0,-4,-21.1,-2,-10.5,-3,-15.0,-7820,-4.1,0,0.0,0,0.0,101,13.4
"08115","2","10","71","0","2017","4","",3,12,12,12,110988,0,0,711,"",4.87,0.49,0.48,0.48,0.47,0.00,0.00,0.98,"",0,0.0,4,50.0,4,50.0,1,9.1,23104,26.3,0,0.0,0,0.0,-40,-5.3
"08115","3","10","71","0","2017","4","",9,297,303,311,2422210,866932,2601,614,"",6.02,3.92,3.94,4.05,3.93,29.37,40.26,0.99,"",0,0.0,-22,-6.9,-10,-3.2,-13,-4.0,-25038,-1.0,-5195,-0.6,-16,-0.6,23,3.9
"08115","5","10","71","0","2017","4","",70,441,443,436,4448170,624352,9674,778,"",0.82,0.68,0.67,0.66,0.73,0.43,0.79,1.08,"",4,6.1,9,2.1,4,0.9,-4,-0.9,417995,10.4,63579,11.3,2064,27.1,69,9.7
"08117","0","10","70","0","2017","4","",2307,19185,21009,24163,221580823,37631927,569380,795,"",1.00,1.00,1.00,1.00,1.00,1.00,1.00,1.00,"",48,2.1,545,2.9,745,3.7,280,1.2,9133530,4.3,-330140,-0.9,-2864,-0.5,14,1.8
"08117","1","10","71","0","2017","4","",4,54,51,47,761139,0,0,1156,"",0.29,0.15,0.13,0.10,0.12,0.00,0.00,1.02,"",0,0.0,2,3.8,6,13.3,3,6.8,40114,5.6,0,0.0,0,0.0,-24,-2.0
"08117","2","10","71","0","2017","4","",10,173,174,176,2667298,0,0,1177,"",0.62,0.28,0.26,0.23,0.37,0.00,0.00,1.45,"",-1,-9.1,-53,-23.5,-52,-23.0,-44,-20.0,450158,20.3,0,0.0,0,0.0,416,54.7
"08117","3","10","71","0","2017","4","",19,2230,2234,2238,25247685,8502447,26412,869,"",0.48,1.17,1.07,0.94,1.33,11.41,8.81,1.26,"",0,0.0,8,0.4,2,0.1,1,0.0,602220,2.4,-40877,-0.5,508,2.0,19,2.2
"08117","5","10","71","0","2017","4","",2274,16728,18550,21702,192904701,29129480,542968,781,"",1.02,1.03,1.04,1.06,1.02,0.80,0.96,0.98,"",49,2.2,588,3.6,789,4.4,320,1.5,8041038,4.3,-289263,-1.0,-3372,-0.6,9,1.2
"08119","0","10","70","0","2017","4","",893,7332,7280,7230,71867180,15429476,203646,759,"",1.00,1.00,1.00,1.00,1.00,1.00,1.00,1.00,"",81,10.0,112,1.6,91,1.3,147,2.1,3389801,5.0,310833,2.1,15065,8.0,24,3.3
"08119","1","10","71","0","2017","4","",8,59,45,45,664637,0,0,1029,"",1.49,0.42,0.32,0.32,0.34,0.00,0.00,0.95,"",-1,-11.1,-5,-7.8,-15,-25.0,-8,-15.1,-53239,-7.4,0,0.0,0,0.0,93,9.9
"08119","2","10","71","0","2017","4","",5,47,37,37,573606,0,0,1094,"",0.80,0.20,0.16,0.16,0.24,0.00,0.00,1.41,"",-1,-16.7,-98,-67.6,-100,-73.0,-92,-71.3,-757561,-56.9,0,0.0,0,0.0,347,46.5
"08119","3","10","71","0","2017","4","",18,1136,1189,1154,10476770,6334295,19003,695,"",1.19,1.56,1.64,1.61,1.70,20.74,17.73,1.06,"",-1,-5.3,20,1.8,38,3.3,16,1.4,405794,4.0,321118,5.3,965,5.3,12,1.8
"08119","5","10","71","0","2017","4","",862,6090,6009,5994,60152167,9095181,184643,767,"",1.00,0.98,0.97,0.98,0.98,0.61,0.91,1.01,"",84,10.8,195,3.3,168,2.9,231,4.0,3794807,6.7,-10285,-0.1,14100,8.3,24,3.2
"08121","0","10","70","0","2017","4","",162,1241,1241,1219,12172496,2271576,21298,759,"",1.00,1.00,1.00,1.00,1.00,1.00,1.00,1.00,"",16,11.0,27,2.2,19,1.6,9,0.7,781250,6.9,179208,8.6,-2380,-10.1,38,5.3
"08121","1","10","71","0","2017","4","",9,38,37,36,475674,0,0,989,"",9.26,1.59,1.56,1.53,1.42,0.00,0.00,0.91,"",0,0.0,-11,-22.4,-8,-17.8,-12,-25.0,-69693,-12.8,0,0.0,0,0.0,103,11.6
"08121","2","10","71","0","2017","4","N",5,0,0,0,0,0,0,0,"N",4.40,0,0,0,0,0,0,0,"N",2,66.7,0,0,0,0,0,0,0,0,0,0,0,0,0,0
"08121","3","10","71","0","2017","4","N",11,0,0,0,0,0,0,0,"N",3.99,0,0,0,0,0,0,0,"N",0,0.0,0,0,0,0,0,0,0,0,0,0,0,0,0,0
"08121","5","10","71","0","2017","4","",137,743,736,731,8443839,1061000,17665,882,"",0.87,0.70,0.70,0.71,0.81,0.48,0.83,1.16,"",14,11.4,30,4.2,12,1.7,18,2.5,698815,9.0,74035,7.5,-2695,-13.2,51,6.1
"08123","0","10","70","0","2017","4","",7362,108132,107935,107258,1349425715,169964919,3461235,963,"",1.00,1.00,1.00,1.00,1.00,1.00,1.00,1.00,"",539,7.9,6538,6.4,6421,6.3,6873,6.8,164780470,13.9,26023941,18.1,874372,33.8,62,6.9
"08123","1","10","71","0","2017","4","",45,663,665,669,11086543,0,0,1281,"",1.02,0.32,0.32,0.32,0.30,0.00,0.00,0.93,"",-2,-4.3,28,4.4,16,2.5,10,1.5,-18592,-0.2,0,0.0,0,0.0,-38,-2.9
"08123","2","10","71","0","2017","4","",19,2908,2893,2904,38798995,0,0,1029,"",0.37,0.84,0.84,0.85,0.88,0.00,0.00,1.05,"",-1,-5.0,-78,-2.6,-81,-2.7,-85,-2.8,5129496,15.2,0,0.0,0,0.0,161,18.5
"08123","3","10","71","0","2017","4","",87,12286,12255,12188,122964418,28686254,86156,773,"",0.70,1.15,1.14,1.15,1.06,8.53,4.73,0.93,"",1,1.2,272,2.3,261,2.2,332,2.8,6296563,5.4,2420696,9.2,7250,9.2,22,2.9
"08123","5","10","71","0","2017","4","",7211,92275,92122,91497,1176575759,141278665,3375079,984,"",1.01,1.00,1.00,1.00,1.02,0.86,0.98,1.02,"",541,8.1,6316,7.3,6225,7.2,6616,7.8,153373003,15.0,23603245,20.1,867122,34.6,64,7.0
"08125","0","10","70","0","2017","4","",432,3908,3926,3914,38958157,10957498,86495,765,"",1.00,1.00,1.00,1.00,1.00,1.00,1.00,1.00,"",18,4.3,-40,-1.0,20,0.5,-26,-0.7,1516503,4.1,451565,4.3,1714,2.0,32,4.4
"08125","1","10","71","0","2017","4","",11,44,45,46,472368,0,0,807,"",4.25,0.58,0.60,0.61,0.44,0.00,0.00,0.74,"",0,0.0,0,0.0,3,7.1,0,0.0,15381,3.4,0,0.0,0,0.0,8,1.0
"08125","2","10","71","0","2017","4","",8,53,57,57,600402,0,0,830,"",2.64,0.42,0.45,0.46,0.47,0.00,0.00,1.06,"",0,0.0,-1,-1.9,3,5.6,3,5.6,67842,12.7,0,0.0,0,0.0,71,9.4
"08125","3","10","71","0","2017","4","",18,908,911,901,8855459,6443469,19330,751,"",2.45,2.34,2.34,2.33,2.64,29.71,42.46,1.13,"",0,0.0,-5,-0.5,-7,-0.8,-17,-1.9,128793,1.5,42115,0.7,125,0.7,18,2.5
"08125","5","10","71","0","2017","4","",395,2903,2913,2910,29029928,4514029,67165,768,"",0.94,0.87,0.87,0.87,0.87,0.43,0.78,1.00,"",18,4.8,-34,-1.2,21,0.7,-12,-0.4,1304487,4.7,409450,10.0,1589,2.4,37,5.1
"08999","0","10","70","0","2017","4","",2425,19124,19532,19472,433347436,37355731,1222218,1720,"",1.00,1.00,1.00,1.00,1.00,1.00,1.00,1.00,"",353,17.0,-742,-3.7,-539,-2.7,-422,-2.1,2321664,0.5,-2788911,-6.9,-146305,-10.7,58,3.5
"08999","1","10","71","0","2017","4","",56,395,380,359,9842106,0,0,2003,"",3.85,1.07,1.02,0.96,0.83,0.00,0.00,0.81,"",2,3.7,102,34.8,107,39.2,89,33.0,3053293,45.0,0,0.0,0,0.0,129,6.9
"08999","2","10","71","0","2017","4","N",1,0,0,0,0,0,0,0,"N",0.06,0,0,0,0,0,0,0,"N",0,0.0,0,0,0,0,0,0,0,0,0,0,0,0,0,0
"08999","3","10","71","0","2017","4","-",0,0,0,0,0,0,0,0,"N",0.00,0,0,0,0,0,0,0,"N",-1,-100.0,0,0,0,0,0,0,0,0,0,0,0,0,0,0
"08999","5","10","71","0","2017","4","N",2368,0,0,0,0,0,0,0,"N",1.01,0,0,0,0,0,0,0,"N",352,17.5,0,0,0,0,0,0,0,0,0,0,0,0,0,0
"09000","0","10","50","0","2017","4","",119390,1679915,1689913,1689163,28878206592,1989799980,69997912,1317,"",1.00,1.00,1.00,1.00,1.00,1.00,1.00,1.00,"",2059,1.8,1075,0.1,4124,0.2,3856,0.2,680002912,2.4,11675714,0.6,-3323317,-4.5,28,2.2
"09000","1","10","51","0","2017","4","",550,18052,18072,18435,357726664,0,0,1513,"",0.77,0.56,0.56,0.57,0.45,0.00,0.00,0.80,"",7,1.3,204,1.1,76,0.4,-9,0.0,10982778,3.2,0,0.0,0,0.0,39,2.6
"09000","2","10","51","0","2017","4","",636,61597,61240,61231,1050742280,0,0,1317,"",0.76,1.14,1.13,1.14,1.11,0.00,0.00,0.98,"",-16,-2.5,-2548,-4.0,-2181,-3.4,-2066,-3.3,534478,0.1,0,0.0,0,0.0,47,3.7
"09000","3","10","51","0","2017","4","",2190,150768,152623,151282,2208272460,8835549,338677,1121,"",1.08,0.91,0.91,0.90,0.89,0.22,0.92,0.98,"",-7,-0.3,-1890,-1.2,-2958,-1.9,-2607,-1.7,-5670863,-0.3,-768588,-8.0,-109790,-24.5,15,1.4
"09000","5","10","51","0","2017","4","",116014,1449498,1457978,1458215,25261465188,1980964431,69659235,1335,"",1.00,1.02,1.02,1.02,1.02,1.03,1.00,1.01,"",2075,1.8,5309,0.4,9187,0.6,8538,0.6,674156519,2.7,12444302,0.6,-3213527,-4.4,28,2.1
"09000","8","10","96","0","2017","4","",3376,230417,231935,230948,3616741404,8835549,338677,1204,"",0.94,0.91,0.91,0.91,0.86,0.14,0.74,0.94,"",-16,-0.5,-4234,-1.8,-5063,-2.1,-4682,-2.0,5846393,0.2,-768588,-8.0,-109790,-24.5,26,2.2
"09001","0","10","70","0","2017","4","",35512,421309,424074,424698,9299012565,520792519,17673362,1690,"",1.00,1.00,1.00,1.00,1.00,1.00,1.00,1.00,"",371,1.1,-3690,-0.9,-2409,-0.6,-1576,-0.4,14389250,0.2,-361034,-0.1,-942033,-5.1,13,0.8
"09001","1","10","71","0","2017","4","",81,2821,2826,2859,53895205,0,0,1462,"",0.38,0.35,0.35,0.35,0.21,0.00,0.00,0.60,"",-1,-1.2,50,1.8,12,0.4,-1,0.0,2224354,4.3,0,0.0,0,0.0,50,3.5
"09001","2","10","71","0","2017","4","",83,6120,6060,6056,94989770,0,0,1202,"",0.33,0.45,0.45,0.45,0.31,0.00,0.00,0.70,"",-2,-2.4,-282,-4.4,-231,-3.7,-166,-2.7,1799363,1.9,0,0.0,0,0.0,65,5.7
"09001","3","10","71","0","2017","4","",379,36621,36933,36434,613673216,820354,30244,1288,"",0.63,0.88,0.88,0.87,0.77,0.08,0.33,0.88,"",2,0.5,-201,-0.5,-501,-1.3,-354,-1.0,-1699046,-0.3,51123,6.6,2120,7.5,9,0.7
"09001","5","10","71","0","2017","4","",34969,375747,378255,379349,8536454374,519972165,17643118,1738,"",1.02,1.05,1.05,1.05,1.08,1.03,1.00,1.02,"",372,1.1,-3257,-0.9,-1689,-0.4,-1055,-0.3,12064579,0.1,-412157,-0.1,-944153,-5.1,11,0.6
"09003","0","10","70","0","2017","4","",28073,510794,514183,514305,8634694298,580504781,20616302,1295,"",1.00,1.00,1.00,1.00,1.00,1.00,1.00,1.00,"",538,2.0,2221,0.4,2553,0.5,1758,0.3,244514806,2.9,1784649,0.3,-1504176,-6.8,32,2.5
"09003","1","10","71","0","2017","4","",120,5505,5457,5585,108494583,0,0,1513,"",0.71,0.56,0.55,0.56,0.46,0.00,0.00,0.82,"",1,0.8,-2,0.0,-74,-1.3,-203,-3.5,2544827,2.4,0,0.0,0,0.0,60,4.1
"09003","2","10","71","0","2017","4","",224,27208,27119,27078,481560713,0,0,1365,"",1.14,1.66,1.65,1.65,1.71,0.00,0.00,1.03,"",1,0.4,-1271,-4.5,-1154,-4.1,-1115,-4.0,-2787073,-0.6,0,0.0,0,0.0,49,3.7
"09003","3","10","71","0","2017","4","",436,34705,35500,35012,539625360,597455,15583,1184,"",0.91,0.69,0.70,0.69,0.73,0.05,0.14,1.05,"",-3,-0.7,-626,-1.8,-926,-2.5,-858,-2.4,4430562,0.8,118600,24.8,1731,12.5,36,3.1
"09003","5","10","71","0","2017","4","",27293,443376,446107,446630,7505013642,579907326,20600719,1296,"",1.00,1.02,1.02,1.02,1.02,1.03,1.01,1.00,"",539,2.0,4120,0.9,4707,1.1,3934,0.9,240326490,3.3,1666049,0.3,-1505907,-6.8,29,2.3
"09005","0","10","70","0","2017","4","",6038,60408,60670,61174,744100624,74432293,2564321,942,"",1.00,1.00,1.00,1.00,1.00,1.00,1.00,1.00,"",79,1.3,-971,-1.6,-997,-1.6,98,0.2,9481160,1.3,-339958,-0.5,-161089,-5.9,21,2.3
"09005","1","10","71","0","2017","4","",51,441,445,442,7011400,0,0,1218,"",1.41,0.38,0.38,0.38,0.34,0.00,0.00,0.90,"",1,2.0,4,0.9,-1,-0.2,4,0.9,264006,3.9,0,0.0,0,0.0,39,3.3
"09005","2","10","71","0","2017","4","N",30,0,0,0,0,0,0,0,"N",0.71,0,0,0,0,0,0,0,"N",-6,-16.7,0,0,0,0,0,0,0,0,0,0,0,0,0,0
"09005","3","10","71","0","2017","4","N",248,0,0,0,0,0,0,0,"N",2.42,0,0,0,0,0,0,0,"N",2,0.8,0,0,0,0,0,0,0,0,0,0,0,0,0,0
"09005","5","10","71","0","2017","4","",5709,52522,52637,53251,630983536,74261179,2560627,919,"",0.97,1.02,1.02,1.02,0.99,1.03,1.01,0.97,"",82,1.5,-596,-1.1,-421,-0.8,511,1.0,8017325,1.3,-347986,-0.5,-160578,-5.9,14,1.5
"09007","0","10","70","0","2017","4","",5292,69422,69368,69275,1005665348,81414572,2865960,1115,"",1.00,1.00,1.00,1.00,1.00,1.00,1.00,1.00,"",69,1.3,-85,-0.1,53,0.1,321,0.5,25755229,2.6,1730135,2.2,-23943,-0.8,27,2.5
"09007","1","10","71","0","2017","4","",34,390,378,382,6171338,0,0,1238,"",1.07,0.29,0.28,0.29,0.22,0.00,0.00,0.78,"",2,6.2,20,5.4,-4,-1.0,-1,-0.3,141276,2.3,0,0.0,0,0.0,12,1.0
"09007","2","10","71","0","2017","4","",34,3338,3294,3306,61082330,0,0,1418,"",0.92,1.50,1.48,1.50,1.86,0.00,0.00,1.25,"",-3,-8.1,-133,-3.8,-126,-3.7,-76,-2.2,-10997075,-15.3,0,0.0,0,0.0,-201,-12.4
"09007","3","10","71","0","2017","4","",191,6427,6447,6415,85333518,311220,6327,1021,"",2.12,0.93,0.94,0.94,0.99,0.19,0.42,1.06,"",0,0.0,-108,-1.7,-126,-1.9,-108,-1.7,532583,0.6,9498,3.1,169,2.7,24,2.4
"09007","5","10","71","0","2017","4","",5033,59267,59249,59172,853078162,81103352,2859633,1108,"",0.98,1.00,1.01,1.01,0.99,1.03,1.00,0.99,"",70,1.4,136,0.2,309,0.5,506,0.9,36078445,4.4,1720637,2.2,-24112,-0.8,41,3.8
"09009","0","10","70","0","2017","4","",24303,366603,369822,369342,5377711231,414419009,14913333,1122,"",1.00,1.00,1.00,1.00,1.00,1.00,1.00,1.00,"",550,2.3,524,0.1,2119,0.6,660,0.2,154438748,3.0,5098988,1.2,-479471,-3.1,29,2.7
"09009","1","10","71","0","2017","4","",92,5431,5444,5660,120499420,0,0,1682,"",0.63,0.77,0.77,0.80,0.82,0.00,0.00,1.05,"",-1,-1.1,38,0.7,37,0.7,130,2.4,2537525,2.2,0,0.0,0,0.0,15,0.9
"09009","2","10","71","0","2017","4","",130,10424,10331,10336,161953995,0,0,1202,"",0.76,0.89,0.87,0.88,0.92,0.00,0.00,1.05,"",-1,-0.8,-448,-4.1,-329,-3.1,-370,-3.5,361932,0.2,0,0.0,0,0.0,45,3.9
"09009","3","10","71","0","2017","4","",383,32585,32621,32723,472319468,325221,10698,1113,"",0.93,0.90,0.89,0.90,1.02,0.04,0.14,1.14,"",-7,-1.8,-210,-0.6,-474,-1.4,-662,-2.0,-4955810,-1.0,-7203,-2.2,503,4.9,4,0.4
"09009","5","10","71","0","2017","4","",23698,318163,321426,320623,4622938348,414093788,14902635,1111,"",1.01,1.02,1.02,1.02,1.01,1.03,1.01,0.98,"",559,2.4,1144,0.4,2885,0.9,1562,0.5,156495101,3.5,5106191,1.2,-479974,-3.1,31,2.9
"09011","0","10","70","0","2017","4","",7528,124803,125050,124374,1702140397,129566492,4503482,1050,"",1.00,1.00,1.00,1.00,1.00,1.00,1.00,1.00,"",173,2.4,1570,1.3,1266,1.0,1087,0.9,62385415,3.8,2809091,2.2,-140357,-3.0,28,2.7
"09011","1","10","71","0","2017","4","",67,2771,2782,2781,48898648,0,0,1354,"",1.48,1.15,1.16,1.16,1.05,0.00,0.00,0.90,"",-1,-1.5,44,1.6,13,0.5,3,0.1,1550698,3.3,0,0.0,0,0.0,33,2.5
"09011","2","10","71","0","2017","4","",77,3590,3588,3613,60993587,0,0,1304,"",1.46,0.90,0.90,0.91,1.10,0.00,0.00,1.22,"",-1,-1.3,-189,-5.0,-87,-2.4,-75,-2.0,615230,1.0,0,0.0,0,0.0,53,4.2
"09011","3","10","71","0","2017","4","",280,24119,24443,24293,293783543,6386046,267602,931,"",2.19,1.95,1.97,1.97,2.01,2.49,11.29,1.02,"",1,0.4,-229,-0.9,-203,-0.8,-147,-0.6,-3450109,-1.2,-924061,-12.6,-113499,-29.8,-3,-0.3
"09011","5","10","71","0","2017","4","",7104,94323,94237,93687,1298464619,123180446,4235880,1062,"",0.97,0.89,0.89,0.89,0.89,0.98,0.95,1.01,"",174,2.5,1944,2.1,1543,1.7,1306,1.4,63669596,5.2,3733152,3.1,-26858,-0.6,35,3.4
"09013","0","10","70","0","2017","4","",3216,40956,41036,40803,522892243,42256321,1385076,983,"",1.00,1.00,1.00,1.00,1.00,1.00,1.00,1.00,"",58,1.8,-183,-0.4,-275,-0.7,100,0.2,17632049,3.5,-7883498,-15.7,-387518,-21.9,36,3.8
"09013","1","10","71","0","2017","4","",24,264,262,264,4272132,0,0,1248,"",1.24,0.33,0.33,0.34,0.30,0.00,0.00,0.89,"",0,0.0,10,3.9,12,4.8,10,3.9,92665,2.2,0,0.0,0,0.0,-24,-1.9
"09013","2","10","71","0","2017","4","",24,7452,7444,7444,139914022,0,0,1445,"",1.07,5.67,5.66,5.72,8.20,0.00,0.00,1.44,"",-1,-4.0,4,0.1,14,0.2,7,0.1,13090145,10.3,0,0.0,0,0.0,133,10.1
"09013","3","10","71","0","2017","4","",135,5723,5887,5715,66914201,92728,1770,891,"",2.47,1.41,1.44,1.42,1.49,0.11,0.24,1.04,"",0,0.0,-100,-1.7,-82,-1.4,-38,-0.7,-2039125,-3.0,-5866,-5.9,-131,-6.9,-16,-1.8
"09013","5","10","71","0","2017","4","",3033,27517,27443,27380,311791888,42163593,1383306,874,"",0.97,0.79,0.79,0.79,0.70,1.03,1.01,0.88,"",59,2.0,-97,-0.4,-219,-0.8,121,0.4,6488364,2.1,-7877632,-15.7,-387387,-21.9,20,2.3
"09015","0","10","70","0","2017","4","",2888,39013,38931,38881,438170284,45211207,1604447,866,"",1.00,1.00,1.00,1.00,1.00,1.00,1.00,1.00,"",93,3.3,-289,-0.7,-405,-1.0,-311,-0.8,5198941,1.2,1310003,3.0,2378,0.1,18,2.1
"09015","1","10","71","0","2017","4","",44,282,287,286,4039442,0,0,1090,"",2.54,0.38,0.39,0.38,0.34,0.00,0.00,0.88,"",0,0.0,9,3.3,9,3.2,-2,-0.7,88842,2.2,0,0.0,0,0.0,3,0.3
"09015","2","10","71","0","2017","4","N",33,0,0,0,0,0,0,0,"N",1.63,0,0,0,0,0,0,0,"N",-3,-8.3,0,0,0,0,0,0,0,0,0,0,0,0,0,0
"09015","3","10","71","0","2017","4","N",137,0,0,0,0,0,0,0,"N",2.79,0,0,0,0,0,0,0,"N",-2,-1.4,0,0,0,0,0,0,0,0,0,0,0,0,0,0
"09015","5","10","71","0","2017","4","",2674,32126,32039,31991,353411990,45086629,1601955,848,"",0.95,0.97,0.97,0.97,0.94,1.03,1.01,0.97,"",98,3.8,-32,-0.1,-75,-0.2,-15,0.0,6349013,1.8,1335543,3.1,2817,0.2,16,1.9
"09999","0","10","70","0","2017","4","",6540,46607,46779,46311,1153819602,101202786,3871629,1906,"",1.00,1.00,1.00,1.00,1.00,1.00,1.00,1.00,"",128,2.0,1978,4.4,2219,5.0,1719,3.9,146207314,14.5,7527338,8.0,312892,8.8,168,9.7
"09999","1","10","71","0","2017","4","",37,147,191,176,4444496,0,0,1995,"",0.94,0.16,0.21,0.20,0.14,0.00,0.00,0.73,"",6,19.4,31,26.7,72,60.5,51,40.8,1538585,52.9,0,0.0,0,0.0,132,7.1
"09999","2","10","71","0","2017","4","N",1,0,0,0,0,0,0,0,"N",0.02,0,0,0,0,0,0,0,"N",0,0.0,0,0,0,0,0,0,0,0,0,0,0,0,0,0
"09999","3","10","71","0","2017","4","N",1,0,0,0,0,0,0,0,"N",0.01,0,0,0,0,0,0,0,"N",0,0.0,0,0,0,0,0,0,0,0,0,0,0,0,0,0
"09999","5","10","71","0","2017","4","",6501,46457,46585,46132,1149328629,101195953,3871362,1906,"",1.02,1.17,1.17,1.17,1.17,1.03,1.01,0.99,"",122,1.9,1947,4.4,2147,4.8,1668,3.8,144667606,14.4,7520505,8.0,312625,8.8,168,9.7
"10000","0","10","50","0","2017","4","",32020,443014,446607,446350,6257754427,660127558,10519700,1081,"",1.00,1.00,1.00,1.00,1.00,1.00,1.00,1.00,"",82,0.3,1885,0.4,3063,0.7,4183,0.9,195795112,3.2,18769980,2.9,-1294734,-11.0,27,2.6
"10000","1","10","51","0","2017","4","",192,5764,5743,5804,109090660,0,0,1454,"",1.00,0.68,0.67,0.68,0.63,0.00,0.00,0.94,"",2,1.1,147,2.6,82,1.4,-21,-0.4,5224712,5.0,0,0.0,0,0.0,53,3.8
"10000","2","10","51","0","2017","4","",101,30025,30009,29762,404217017,676782,11569,1039,"",0.45,2.11,2.10,2.09,1.98,0.08,0.83,0.94,"",-5,-4.7,-225,-0.7,-608,-2.0,-198,-0.7,11953289,3.0,-38052,-5.3,-2056,-15.1,42,4.2
"10000","3","10","51","0","2017","4","",297,26961,27158,27122,332319763,2079409,25114,944,"",0.55,0.61,0.61,0.61,0.62,0.16,0.45,1.01,"",-2,-0.7,-154,-0.6,-26,-0.1,-224,-0.8,-3553308,-1.1,-95233,-4.4,-4138,-14.1,-5,-0.5
"10000","5","10","51","0","2017","4","",31430,380264,383697,383662,5412126987,657371367,10483017,1088,"",1.01,1.01,1.01,1.01,1.01,1.03,1.00,1.00,"",87,0.3,2117,0.6,3615,1.0,4626,1.2,182170419,3.5,18903265,3.0,-1288540,-10.9,27,2.5
"10000","8","10","96","0","2017","4","",590,62750,62910,62688,845627440,2756191,36683,1036,"",0.61,0.94,0.94,0.94,0.92,0.13,0.53,0.99,"",-5,-0.8,-232,-0.4,-552,-0.9,-443,-0.7,13624693,1.6,-133285,-4.6,-6194,-14.4,23,2.3
"10001","0","10","70","0","2017","4","",4082,66483,66817,66382,732752807,86874466,1360883,847,"",1.00,1.00,1.00,1.00,1.00,1.00,1.00,1.00,"",79,2.0,-492,-0.7,-299,-0.4,-278,-0.4,15936276,2.2,-2383184,-2.7,-329875,-19.5,23,2.8
"10001","1","10","71","0","2017","4","",64,1643,1653,1643,27620235,0,0,1291,"",2.61,1.28,1.29,1.28,1.37,0.00,0.00,1.07,"",-1,-1.5,-34,-2.0,-18,-1.1,-48,-2.8,425868,1.6,0,0.0,0,0.0,46,3.7
"10001","2","10","71","0","2017","4","",45,11675,11481,11313,139167498,55113,1000,932,"",1.57,5.47,5.36,5.34,5.82,0.05,0.56,1.08,"",0,0.0,-316,-2.6,-494,-4.1,-315,-2.7,2994174,2.2,-65934,-54.5,-1343,-57.3,49,5.5
"10001","3","10","71","0","2017","4","N",67,0,0,0,0,0,0,0,"N",0.97,0,0,0,0,0,0,0,"N",0,0.0,0,0,0,0,0,0,0,0,0,0,0,0,0,0
"10001","5","10","71","0","2017","4","N",3906,0,0,0,0,0,0,0,"N",0.99,0,0,0,0,0,0,0,"N",80,2.1,0,0,0,0,0,0,0,0,0,0,0,0,0,0
"10003","0","10","70","0","2017","4","",19815,289217,293212,294309,4539236113,422375991,6796465,1195,"",1.00,1.00,1.00,1.00,1.00,1.00,1.00,1.00,"",7,0.0,571,0.2,1183,0.4,2492,0.9,134611576,3.1,16568146,4.1,-650737,-8.7,30,2.6
"10003","1","10","71","0","2017","4","",60,3434,3395,3455,69976507,0,0,1570,"",0.50,0.62,0.61,0.61,0.56,0.00,0.00,0.92,"",0,0.0,131,4.0,41,1.2,-33,-0.9,3238696,4.9,0,0.0,0,0.0,52,3.4
"10003","2","10","71","0","2017","4","",49,16513,16702,16654,249869349,607400,10326,1156,"",0.35,1.78,1.78,1.77,1.69,0.11,1.15,0.95,"",-4,-7.5,99,0.6,-93,-0.6,179,1.1,8994252,3.7,41287,7.3,-430,-4.0,37,3.3
"10003","3","10","71","0","2017","4","",142,15176,15284,15315,200461272,805221,9529,1011,"",0.42,0.53,0.52,0.53,0.51,0.10,0.27,0.98,"",-2,-1.4,-183,-1.2,-165,-1.1,-257,-1.7,-4776405,-2.3,-105096,-11.5,-3307,-25.8,-10,-1.0
"10003","5","10","71","0","2017","4","",19564,254094,257831,258885,4018928985,420963370,6776610,1203,"",1.02,1.03,1.04,1.04,1.04,1.03,1.00,1.00,"",13,0.1,524,0.2,1400,0.5,2603,1.0,127155033,3.3,16631955,4.1,-647000,-8.7,31,2.6
"10005","0","10","70","0","2017","4","",6829,79156,78295,77446,829444645,132938355,1954718,815,"",1.00,1.00,1.00,1.00,1.00,1.00,1.00,1.00,"",180,2.7,2379,3.1,2708,3.6,2459,3.3,48683428,6.2,5635196,4.4,-226874,-10.4,23,2.9
"10005","1","10","71","0","2017","4","",39,602,607,607,9235773,0,0,1174,"",0.95,0.40,0.41,0.41,0.41,0.00,0.00,1.01,"",0,0.0,39,6.9,45,8.0,35,6.1,1036516,12.6,0,0.0,0,0.0,59,5.3
"10005","2","10","71","0","2017","4","N",6,0,0,0,0,0,0,0,"N",0.13,0,0,0,0,0,0,0,"N",-1,-14.3,0,0,0,0,0,0,0,0,0,0,0,0,0,0
"10005","3","10","71","0","2017","4","N",88,0,0,0,0,0,0,0,"N",0.76,0,0,0,0,0,0,0,"N",0,0.0,0,0,0,0,0,0,0,0,0,0,0,0,0,0
"10005","5","10","71","0","2017","4","",6696,70373,69457,68665,733788021,132039223,1942286,812,"",1.01,1.05,1.04,1.04,1.04,1.03,1.00,0.99,"",181,2.8,2308,3.4,2555,3.8,2458,3.7,47462844,6.9,5627301,4.5,-226318,-10.4,25,3.2
"10999","0","10","70","0","2017","4","",1294,8158,8283,8213,156320862,17938746,407634,1463,"",1.00,1.00,1.00,1.00,1.00,1.00,1.00,1.00,"",-184,-12.4,-573,-6.6,-529,-6.0,-490,-5.6,-3436168,-2.2,-1050178,-5.5,-87248,-17.6,58,4.1
"10999","1","10","71","0","2017","4","",29,85,88,99,2258145,0,0,1916,"",3.74,0.54,0.56,0.63,0.53,0.00,0.00,0.92,"",3,11.5,11,14.9,14,18.9,25,33.8,523632,30.2,0,0.0,0,0.0,113,6.3
"10999","2","10","71","0","2017","4","N",1,0,0,0,0,0,0,0,"N",0.11,0,0,0,0,0,0,0,"N",0,0.0,0,0,0,0,0,0,0,0,0,0,0,0,0,0
"10999","5","10","71","0","2017","4","N",1264,0,0,0,0,0,0,0,"N",1.01,0,0,0,0,0,0,0,"N",-187,-12.9,0,0,0,0,0,0,0,0,0,0,0,0,0,0
"11000","0","10","50","0","2017","4","",41341,769999,770364,770574,18132257406,473363419,12854501,1811,"",1.00,1.00,1.00,1.00,1.00,1.00,1.00,1.00,"",1787,4.5,8008,1.1,6990,0.9,8585,1.1,647154657,3.7,-1033935,-0.2,-859310,-6.3,47,2.7
"11000","1","10","51","0","2017","4","",335,198390,198074,197805,5497073322,0,0,2135,"",1.35,13.39,13.44,13.33,11.03,0.00,0.00,0.82,"",3,0.9,-2502,-1.2,-3247,-1.6,-4021,-2.0,89244485,1.7,0,0.0,0,0.0,69,3.3
"11000","2","10","51","0","2017","4","",12,34998,34912,35248,645186486,0,0,1416,"",0.04,1.42,1.41,1.43,1.09,0.00,0.00,0.77,"",0,0.0,184,0.5,-6,0.0,241,0.7,751139,0.1,0,0.0,0,0.0,-4,-0.3
"11000","3","10","51","0","2017","4","",25,4420,4447,4474,99748028,81703,2133,1725,"",0.04,0.06,0.06,0.06,0.06,0.01,0.03,1.10,"",-3,-10.7,-246,-5.3,-219,-4.7,-123,-2.7,-4034025,-3.9,-204107,-71.4,-5425,-71.8,6,0.3
"11000","5","10","51","0","2017","4","",40969,532191,532931,533047,11890249570,473281716,12852368,1717,"",1.02,0.81,0.81,0.81,0.77,1.03,1.01,0.94,"",1787,4.6,10572,2.0,10462,2.0,12488,2.4,561193058,5.0,-829828,-0.2,-853885,-6.2,46,2.8
"11000","8","10","96","0","2017","4","",372,237808,237433,237527,6242007836,81703,2133,2021,"",0.30,2.05,2.05,2.05,2.36,0.01,0.03,1.15,"",0,0.0,-2564,-1.1,-3472,-1.4,-3903,-1.6,85961599,1.4,-204107,-71.4,-5425,-71.8,55,2.8
"11001","0","10","70","0","2017","4","",41340,769998,770364,770574,18132249368,473362950,12854493,1811,"",1.00,1.00,1.00,1.00,1.00,1.00,1.00,1.00,"",1786,4.5,8007,1.1,6990,0.9,8585,1.1,647146619,3.7,-1034404,-0.2,-859318,-6.3,47,2.7
"11001","1","10","71","0","2017","4","",335,198390,198074,197805,5497073322,0,0,2135,"",1.35,13.39,13.44,13.33,11.03,0.00,0.00,0.82,"",3,0.9,-2502,-1.2,-3247,-1.6,-4021,-2.0,89244485,1.7,0,0.0,0,0.0,69,3.3
"11001","2","10","71","0","2017","4","",12,34998,34912,35248,645186486,0,0,1416,"",0.04,1.42,1.41,1.43,1.09,0.00,0.00,0.77,"",0,0.0,184,0.5,-6,0.0,241,0.7,751139,0.1,0,0.0,0,0.0,-4,-0.3
"11001","3","10","71","0","2017","4","",25,4420,4447,4474,99748028,81703,2133,1725,"",0.04,0.06,0.06,0.06,0.06,0.01,0.03,1.10,"",-3,-10.7,-246,-5.3,-219,-4.7,-123,-2.7,-4034025,-3.9,-204107,-71.4,-5425,-71.8,6,0.3
"11001","5","10","71","0","2017","4","",40968,532190,532931,533047,11890241532,473281247,12852360,1717,"",1.02,0.81,0.81,0.81,0.77,1.03,1.01,0.94,"",1786,4.6,10571,2.0,10462,2.0,12488,2.4,561185020,5.0,-830297,-0.2,-853893,-6.2,46,2.8
"11999","0","10","70","0","2017","4","N",1,0,0,0,0,0,0,0,"N",1.00,0,0,0,0,0,0,0,"N",1,100.0,0,0,0,0,0,0,0,0,0,0,0,0,0,0
"11999","5","10","71","0","2017","4","N",1,0,0,0,0,0,0,0,"N",1.03,0,0,0,0,0,0,0,"N",1,100.0,0,0,0,0,0,0,0,0,0,0,0,0,0,0
"12000","0","10","50","0","2017","4","",680035,8558691,8676191,8718087,109770723917,6516133632,76525796,976,"",1.00,1.00,1.00,1.00,1.00,1.00,1.00,1.00,"",10072,1.5,170624,2.0,175717,2.1,176001,2.1,5825944467,5.6,229650149,3.7,-17984600,-19.0,33,3.5
"12000","1","10","51","0","2017","4","",2010,139017,139181,140873,2744553684,0,0,1511,"",0.49,0.84,0.84,0.84,0.91,0.00,0.00,1.08,"",6,0.3,727,0.5,462,0.3,-355,-0.3,162146562,6.3,0,0.0,0,0.0,86,6.0
"12000","2","10","51","0","2017","4","",2446,223984,224379,223351,2599135281,21108,68,893,"",0.51,0.82,0.81,0.80,0.73,0.00,0.00,0.90,"",-94,-3.7,40895,22.3,41040,22.4,40412,22.1,469010967,22.0,-60010,-74.0,-2122,-96.9,-2,-0.2
"12000","3","10","51","0","2017","4","",1582,722010,725969,726050,9266728965,21412353,87673,984,"",0.14,0.85,0.84,0.84,0.98,0.17,0.22,1.16,"",-8,-0.5,-32019,-4.2,-32235,-4.3,-32351,-4.3,-1246426,0.0,1243855,6.2,-25939,-22.8,42,4.5
"12000","5","10","51","0","2017","4","",673997,7473680,7586662,7627813,95160305987,6494700171,76438055,968,"",1.02,1.03,1.03,1.03,1.02,1.03,1.01,0.99,"",10168,1.5,161021,2.2,166450,2.2,168295,2.3,5196033364,5.8,228466304,3.6,-17956539,-19.0,32,3.4
"12000","8","10","96","0","2017","4","",6038,1085011,1089529,1090274,14610417930,21433461,87741,1033,"",0.30,0.84,0.83,0.83,0.91,0.10,0.17,1.09,"",-96,-1.6,9603,0.9,9267,0.9,7706,0.7,629911103,4.5,1183845,5.8,-28061,-24.2,37,3.7
"12001","0","10","70","0","2017","4","",7147,130301,131623,130890,1554710106,74503548,747064,913,"",1.00,1.00,1.00,1.00,1.00,1.00,1.00,1.00,"",42,0.6,1634,1.3,1832,1.4,1023,0.8,96351562,6.6,3232766,4.5,-170524,-18.6,46,5.3
"12001","1","10","71","0","2017","4","",47,4521,4496,4515,91804618,0,0,1566,"",1.10,1.80,1.78,1.79,2.15,0.00,0.00,1.20,"",1,2.2,-102,-2.2,-160,-3.4,-169,-3.6,9372871,11.4,0,0.0,0,0.0,204,15.0
"12001","2","10","71","0","2017","4","",65,21928,21869,21828,354750927,0,0,1247,"",1.30,5.24,5.19,5.23,6.99,0.00,0.00,1.34,"",-1,-1.5,1727,8.5,1640,8.1,1320,6.4,28901017,8.9,0,0.0,0,0.0,13,1.1
"12001","3","10","71","0","2017","4","",23,9425,9532,9478,110729131,1050024,1531,899,"",0.19,0.73,0.73,0.73,0.83,0.71,0.39,1.14,"",-1,-4.2,-1366,-12.7,-1385,-12.7,-1326,-12.3,-6745057,-5.7,146746,16.2,-1779,-53.7,65,7.8
"12001","5","10","71","0","2017","4","",7012,94427,95726,95069,997425430,73453524,745533,807,"",1.01,0.85,0.86,0.85,0.75,1.02,1.00,0.88,"",43,0.6,1375,1.5,1737,1.8,1198,1.3,64822731,7.0,3086020,4.4,-168745,-18.5,41,5.4
"12003","0","10","70","0","2017","4","",426,7764,7754,7735,65770347,4112057,34159,653,"",1.00,1.00,1.00,1.00,1.00,1.00,1.00,1.00,"",2,0.5,202,2.7,130,1.7,103,1.3,4328308,7.0,-182432,-4.2,-15379,-31.0,32,5.2
"12003","1","10","71","0","2017","4","",4,66,57,58,795168,0,0,1014,"",1.57,0.44,0.38,0.39,0.44,0.00,0.00,1.09,"",-1,-20.0,9,15.8,3,5.6,-1,-1.7,29799,3.9,0,0.0,0,0.0,-25,-2.4
"12003","2","10","71","0","2017","4","",19,1574,1563,1557,13754435,0,0,676,"",6.37,6.32,6.29,6.31,6.41,0.00,0.00,1.02,"",0,0.0,33,2.1,20,1.3,21,1.4,902936,7.0,0,0.0,0,0.0,34,5.3
"12003","3","10","71","0","2017","4","",11,1143,1136,1142,10462538,0,0,706,"",1.52,1.49,1.48,1.49,1.85,0.00,0.00,1.25,"",0,0.0,2,0.2,-5,-0.4,0,0.0,532754,5.4,0,0.0,0,0.0,37,5.5
"12003","5","10","71","0","2017","4","",392,4981,4998,4978,40758206,4112057,34159,629,"",0.95,0.76,0.76,0.76,0.73,1.03,1.01,0.96,"",3,0.8,158,3.3,112,2.3,83,1.7,2862819,7.6,-182432,-4.2,-15379,-31.0,30,5.0
"12005","0","10","70","0","2017","4","",5575,77918,78022,77097,801967681,56890091,580169,794,"",1.00,1.00,1.00,1.00,1.00,1.00,1.00,1.00,"",65,1.2,801,1.0,1194,1.6,1003,1.3,20440724,2.6,1152621,2.1,-232795,-28.6,10,1.3
"12005","1","10","71","0","2017","4","",55,3777,3796,3780,77245304,0,0,1570,"",1.64,2.52,2.54,2.55,3.50,0.00,0.00,1.38,"",-1,-1.8,-30,-0.8,-18,-0.5,-42,-1.1,3193295,4.3,0,0.0,0,0.0,77,5.2
"12005","2","10","71","0","2017","4","",51,2018,2022,2019,18599682,0,0,708,"",1.31,0.81,0.81,0.82,0.71,0.00,0.00,0.87,"",-2,-3.8,678,50.6,681,50.8,677,50.4,6457675,53.2,0,0.0,0,0.0,12,1.7
"12005","3","10","71","0","2017","4","",24,7387,7494,7466,66877588,3413420,3414,691,"",0.25,0.96,0.97,0.98,0.97,3.03,1.12,1.00,"",-2,-7.7,-479,-6.1,-441,-5.6,-464,-5.9,-4001666,-5.6,417335,13.9,-746,-17.9,2,0.3
"12005","5","10","71","0","2017","4","",5445,64736,64710,63832,639245107,53476671,576755,763,"",1.01,0.98,0.98,0.97,0.93,0.97,1.00,0.96,"",70,1.3,632,1.0,972,1.5,832,1.3,14791420,2.4,735286,1.4,-232049,-28.7,8,1.1
"12007","0","10","70","0","2017","4","",538,6902,6979,6937,63443818,4704437,46571,703,"",1.00,1.00,1.00,1.00,1.00,1.00,1.00,1.00,"",4,0.7,352,5.4,393,6.0,395,6.0,5491868,9.5,622313,15.2,-12118,-20.6,23,3.4
"12007","1","10","71","0","2017","4","",4,32,30,30,374034,0,0,938,"",1.24,0.24,0.22,0.22,0.21,0.00,0.00,0.93,"",0,0.0,-1,-3.0,-1,-3.2,-2,-6.2,4541,1.2,0,0.0,0,0.0,50,5.6
"12007","2","10","71","0","2017","4","N",17,0,0,0,0,0,0,0,"N",4.51,0,0,0,0,0,0,0,"N",0,0.0,0,0,0,0,0,0,0,0,0,0,0,0,0,0
"12007","3","10","71","0","2017","4","N",11,0,0,0,0,0,0,0,"N",1.20,0,0,0,0,0,0,0,"N",0,0.0,0,0,0,0,0,0,0,0,0,0,0,0,0,0
"12007","5","10","71","0","2017","4","",506,4547,4628,4578,42879231,4692487,46104,719,"",0.97,0.78,0.78,0.78,0.79,1.03,1.00,1.02,"",4,0.8,88,2.0,137,3.1,139,3.1,2309988,5.7,620913,15.2,-12242,-21.0,20,2.9
"12009","0","10","70","0","2017","4","",15835,207986,210464,211541,2656452498,147730834,1762509,973,"",1.00,1.00,1.00,1.00,1.00,1.00,1.00,1.00,"",415,2.7,5367,2.6,5404,2.6,5392,2.6,153149546,6.1,7393455,5.3,-384495,-17.9,32,3.4
"12009","1","10","71","0","2017","4","",85,6280,6274,6317,133630411,0,0,1634,"",0.89,1.57,1.56,1.55,1.83,0.00,0.00,1.17,"",-2,-2.3,3,0.0,-20,-0.3,9,0.1,4945133,3.8,0,0.0,0,0.0,61,3.9
"12009","2","10","71","0","2017","4","",46,3061,3029,2563,30060566,0,0,802,"",0.41,0.46,0.45,0.38,0.35,0.00,0.00,0.81,"",1,2.2,1462,91.4,1409,87.0,944,58.3,14252091,90.2,0,0.0,0,0.0,48,6.4
"12009","3","10","71","0","2017","4","",41,18605,18867,18938,203526734,1115215,4030,833,"",0.15,0.90,0.90,0.90,0.89,0.38,0.43,0.99,"",2,5.1,-1137,-5.8,-866,-4.4,-705,-3.6,-9605506,-4.5,-51534,-4.4,-1383,-25.5,1,0.1
"12009","5","10","71","0","2017","4","",15663,180040,182294,183723,2289234787,146615619,1758479,967,"",1.02,1.02,1.02,1.02,1.01,1.03,1.00,0.99,"",414,2.7,5039,2.9,4881,2.8,5144,2.9,143557828,6.7,7444989,5.3,-383112,-17.9,34,3.6
"12011","0","10","70","0","2017","4","",69180,800829,810856,815309,10948240206,641543768,8410942,1041,"",1.00,1.00,1.00,1.00,1.00,1.00,1.00,1.00,"",825,1.2,12918,1.6,12225,1.5,11960,1.5,562569172,5.4,25944702,4.2,-1689669,-16.7,38,3.8
"12011","1","10","71","0","2017","4","",106,6900,6905,6975,141169601,0,0,1568,"",0.26,0.45,0.44,0.44,0.47,0.00,0.00,1.05,"",-1,-0.9,60,0.9,43,0.6,49,0.7,5440544,4.0,0,0.0,0,0.0,50,3.3
"12011","2","10","71","0","2017","4","",78,8830,8874,8831,89897518,0,0,782,"",0.16,0.34,0.34,0.34,0.25,0.00,0.00,0.74,"",-2,-2.5,3179,56.3,3212,56.7,3165,55.9,31429150,53.8,0,0.0,0,0.0,-13,-1.6
"12011","3","10","71","0","2017","4","",119,89284,89520,89579,1357683143,4417352,9198,1167,"",0.10,1.13,1.11,1.11,1.44,0.35,0.21,1.29,"",4,3.5,-2372,-2.6,-3259,-3.5,-2799,-3.0,14929355,1.1,207902,4.9,-2011,-17.9,48,4.3
"12011","5","10","71","0","2017","4","",68877,695815,705557,709924,9359489944,637126416,8401744,1023,"",1.03,1.02,1.02,1.02,1.00,1.03,1.01,0.98,"",824,1.2,12051,1.8,12229,1.8,11545,1.7,510770123,5.8,25736800,4.2,-1687658,-16.7,39,4.0
"12013","0","10","70","0","2017","4","",227,2868,2868,2849,23433656,1473299,10794,630,"",1.00,1.00,1.00,1.00,1.00,1.00,1.00,1.00,"",-6,-2.6,72,2.6,53,1.9,51,1.8,3255594,16.1,67280,4.8,-4467,-29.3,76,13.7
"12013","1","10","71","0","2017","4","",5,25,24,23,284228,0,0,911,"",3.67,0.45,0.44,0.42,0.44,0.00,0.00,1.01,"",1,25.0,0,0.0,1,4.3,-2,-8.0,-7814,-2.7,0,0.0,0,0.0,-12,-1.3
"12013","2","10","71","0","2017","4","",9,355,358,357,3306909,0,0,713,"",5.66,3.86,3.90,3.93,4.32,0.00,0.00,1.11,"",-2,-18.2,-4,-1.1,6,1.7,5,1.4,201393,6.5,0,0.0,0,0.0,39,5.8
"12013","3","10","71","0","2017","4","",10,586,592,594,4668235,0,0,608,"",2.59,2.06,2.08,2.11,2.32,0.00,0.00,1.11,"",0,0.0,0,0.0,4,0.7,8,1.4,252196,5.7,0,0.0,0,0.0,29,5.0
"12013","5","10","71","0","2017","4","",203,1902,1894,1875,15174284,1473299,10794,617,"",0.92,0.78,0.78,0.77,0.76,1.03,1.01,0.97,"",-5,-2.4,76,4.2,42,2.3,40,2.2,2809819,22.7,67280,4.8,-4467,-29.3,99,19.1
"12015","0","10","70","0","2017","4","",4638,46389,47480,48168,470902253,36834341,374012,765,"",1.00,1.00,1.00,1.00,1.00,1.00,1.00,1.00,"",68,1.5,-180,-0.4,112,0.2,218,0.5,21367292,4.8,77973,0.2,-73962,-16.5,34,4.7
"12015","1","10","71","0","2017","4","",11,304,316,313,5659358,0,0,1400,"",0.40,0.34,0.35,0.34,0.44,0.00,0.00,1.28,"",1,10.0,-10,-3.2,5,1.6,-3,-0.9,494618,9.6,0,0.0,0,0.0,133,10.5
"12015","2","10","71","0","2017","4","",34,860,853,856,7908670,0,0,710,"",1.05,0.58,0.56,0.56,0.51,0.00,0.00,0.91,"",-2,-5.6,-14,-1.6,-4,-0.5,1,0.1,894501,12.8,0,0.0,0,0.0,84,13.4
"12015","3","10","71","0","2017","4","",11,4855,4876,4859,54983056,0,0,870,"",0.14,1.06,1.03,1.02,1.36,0.00,0.00,1.31,"",0,0.0,-41,-0.8,-58,-1.2,-22,-0.5,2135817,4.0,0,0.0,0,0.0,41,4.9
"12015","5","10","71","0","2017","4","",4582,40370,41435,42140,402351169,36834341,374012,749,"",1.02,1.02,1.03,1.03,1.00,1.03,1.01,0.97,"",69,1.5,-115,-0.3,169,0.4,242,0.6,17842356,4.6,77973,0.2,-73962,-16.5,31,4.3
"12017","0","10","70","0","2017","4","",3093,32339,32637,32752,307226903,21812902,229976,725,"",1.00,1.00,1.00,1.00,1.00,1.00,1.00,1.00,"",22,0.7,-7,0.0,54,0.2,197,0.6,11396708,3.9,34707,0.2,-79855,-25.8,25,3.6
"12017","1","10","71","0","2017","4","",12,234,238,241,3958445,0,0,1281,"",0.65,0.38,0.38,0.38,0.47,0.00,0.00,1.24,"",0,0.0,8,3.5,14,6.2,18,8.1,474049,13.6,0,0.0,0,0.0,86,7.2
"12017","2","10","71","0","2017","4","",25,350,351,352,3051566,0,0,669,"",1.15,0.34,0.34,0.34,0.30,0.00,0.00,0.90,"",-2,-7.4,9,2.6,3,0.9,0,0.0,183012,6.4,0,0.0,0,0.0,33,5.2
"12017","3","10","71","0","2017","4","",12,3798,3839,3945,33942999,82914,647,676,"",0.23,1.19,1.18,1.22,1.28,0.19,0.53,1.07,"",0,0.0,-84,-2.2,-75,-1.9,6,0.2,-839,0.0,-8128,-8.9,-72,-10.0,8,1.2
"12017","5","10","71","0","2017","4","",3044,27957,28209,28214,266273893,21729988,229329,728,"",1.01,1.02,1.02,1.01,1.02,1.03,1.00,1.00,"",24,0.8,60,0.2,112,0.4,173,0.6,10740486,4.2,42835,0.2,-79783,-25.8,26,3.7
"12019","0","10","70","0","2017","4","",4428,51576,52240,52457,510915170,38845528,386658,754,"",1.00,1.00,1.00,1.00,1.00,1.00,1.00,1.00,"",41,0.9,1228,2.4,943,1.8,1190,2.3,27240001,5.6,2052019,5.6,-85125,-18.0,24,3.3
"12019","1","10","71","0","2017","4","",11,378,380,380,5271864,0,0,1069,"",0.41,0.38,0.38,0.38,0.38,0.00,0.00,0.99,"",0,0.0,27,7.7,23,6.4,9,2.4,182749,3.6,0,0.0,0,0.0,-19,-1.7
"12019","2","10","71","0","2017","4","",23,530,529,528,4675659,0,0,680,"",0.74,0.32,0.32,0.32,0.28,0.00,0.00,0.88,"",-2,-8.0,3,0.6,9,1.7,11,2.1,337707,7.8,0,0.0,0,0.0,40,6.2
"12019","3","10","71","0","2017","4","",23,6631,6677,6700,70190031,559,1,810,"",0.31,1.30,1.29,1.29,1.60,0.00,0.00,1.24,"",0,0.0,96,1.5,38,0.6,61,0.9,2486373,3.7,82,17.2,1,100.0,21,2.7
"12019","5","10","71","0","2017","4","",4371,44037,44654,44849,430777616,38844969,386657,744,"",1.02,1.01,1.01,1.01,0.99,1.03,1.01,0.98,"",43,1.0,1102,2.6,873,2.0,1109,2.5,24233172,6.0,2051937,5.6,-85126,-18.0,25,3.5
"12021","0","10","70","0","2017","4","",13980,140822,147548,150670,1830205355,121018550,1363448,962,"",1.00,1.00,1.00,1.00,1.00,1.00,1.00,1.00,"",339,2.5,-93,-0.1,587,0.4,466,0.3,81413181,4.7,-1617441,-1.3,-416749,-23.4,41,4.5
"12021","1","10","71","0","2017","4","",27,687,679,685,11986061,0,0,1349,"",0.32,0.25,0.24,0.24,0.24,0.00,0.00,0.98,"",0,0.0,27,4.1,-2,-0.3,-14,-2.0,251154,2.1,0,0.0,0,0.0,22,1.7
"12021","2","10","71","0","2017","4","",32,759,758,758,7509099,0,0,762,"",0.33,0.17,0.16,0.16,0.13,0.00,0.00,0.78,"",-2,-5.9,-14,-1.8,-20,-2.6,-17,-2.2,539753,7.7,0,0.0,0,0.0,71,10.3
"12021","3","10","71","0","2017","4","",24,12452,12635,12607,178744593,31025,31,1094,"",0.10,0.89,0.86,0.85,1.14,0.01,0.00,1.31,"",0,0.0,127,1.0,200,1.6,137,1.1,12656928,7.6,8089,35.3,8,34.8,65,6.3
"12021","5","10","71","0","2017","4","",13897,126924,133476,136620,1631965602,120987525,1363417,949,"",1.02,1.06,1.06,1.07,1.04,1.03,1.01,0.98,"",341,2.5,-233,-0.2,409,0.3,360,0.3,67965346,4.3,-1625530,-1.3,-416757,-23.4,39,4.3
"12023","0","10","70","0","2017","4","",1551,24312,24474,24649,239246530,18512783,180216,752,"",1.00,1.00,1.00,1.00,1.00,1.00,1.00,1.00,"",31,2.0,-520,-2.1,-533,-2.1,-281,-1.1,12591115,5.6,216039,1.2,-62104,-25.6,52,7.4
"12023","1","10","71","0","2017","4","",11,1231,1243,1235,22883935,0,0,1424,"",1.18,2.63,2.65,2.60,3.48,0.00,0.00,1.32,"",0,0.0,-16,-1.3,-11,-0.9,-30,-2.4,2714017,13.5,0,0.0,0,0.0,188,15.2
"12023","2","10","71","0","2017","4","",37,1973,1969,1972,19768585,0,0,771,"",3.40,2.53,2.51,2.51,2.53,0.00,0.00,1.01,"",1,2.8,459,30.3,442,28.9,443,29.0,4499626,29.5,0,0.0,0,0.0,0,0.0
"12023","3","10","71","0","2017","4","",10,2263,2286,2252,21622835,0,0,734,"",0.38,0.94,0.94,0.92,1.05,0.00,0.00,1.13,"",-1,-9.1,-389,-14.7,-436,-16.0,-440,-16.3,-2807032,-11.5,0,0.0,0,0.0,35,5.0
"12023","5","10","71","0","2017","4","",1493,18845,18976,19190,174971175,18512783,180216,708,"",0.99,0.91,0.91,0.92,0.86,1.03,1.01,0.94,"",31,2.1,-574,-3.0,-528,-2.7,-254,-1.3,8184504,4.9,216039,1.2,-62104,-25.6,49,7.4
"12027","0","10","70","0","2017","4","",630,8785,8861,9279,83521718,6541466,68379,716,"",1.00,1.00,1.00,1.00,1.00,1.00,1.00,1.00,"",-13,-2.0,189,2.2,149,1.7,384,4.3,4765959,6.1,17475,0.3,-16185,-19.1,22,3.2
"12027","1","10","71","0","2017","4","",6,65,55,59,870736,0,0,1123,"",1.59,0.38,0.32,0.33,0.38,0.00,0.00,1.10,"",-1,-14.3,-13,-16.7,-18,-24.7,-14,-19.2,-233748,-21.2,0,0.0,0,0.0,-15,-1.3
"12027","2","10","71","0","2017","4","",19,588,525,526,4873232,0,0,686,"",4.30,2.09,1.85,1.78,1.79,0.00,0.00,0.94,"",-2,-9.5,58,10.9,-2,-0.4,-2,-0.4,243729,5.3,0,0.0,0,0.0,12,1.8
"12027","3","10","71","0","2017","4","",13,1506,1502,1535,15642491,141714,141,795,"",1.21,1.73,1.71,1.67,2.18,1.09,0.39,1.28,"",0,0.0,11,0.7,5,0.3,28,1.9,333464,2.2,-5442,-3.7,-6,-4.1,10,1.3
"12027","5","10","71","0","2017","4","",592,6626,6779,7159,62135259,6399752,68238,697,"",0.97,0.89,0.90,0.91,0.87,1.01,1.00,0.97,"",-10,-1.7,133,2.0,164,2.5,372,5.5,4422514,7.7,22917,0.4,-16179,-19.2,28,4.2
"12029","0","10","70","0","2017","4","",227,2721,2710,2737,23647897,1674971,22736,668,"",1.00,1.00,1.00,1.00,1.00,1.00,1.00,1.00,"",6,2.7,92,3.5,90,3.4,82,3.1,1772868,8.1,149515,9.8,792,3.6,29,4.5
"12029","1","10","71","0","2017","4","",5,10,10,10,138781,0,0,1068,"",3.67,0.19,0.19,0.19,0.21,0.00,0.00,1.12,"",0,0.0,-1,-9.1,0,0.0,0,0.0,4671,3.5,0,0.0,0,0.0,70,7.0
"12029","2","10","71","0","2017","4","",12,427,420,420,4000819,0,0,729,"",7.54,4.89,4.84,4.81,5.18,0.00,0.00,1.07,"",-3,-20.0,-14,-3.2,-16,-3.7,-15,-3.4,246219,6.6,0,0.0,0,0.0,69,10.5
"12029","3","10","71","0","2017","4","",10,608,603,611,4689010,2414,13,594,"",2.59,2.26,2.24,2.26,2.31,0.07,0.11,1.03,"",0,0.0,5,0.8,-16,-2.6,0,0.0,193896,4.3,1214,101.2,-1,-7.1,28,4.9
"12029","5","10","71","0","2017","4","",200,1676,1677,1696,14819287,1672557,22723,677,"",0.91,0.73,0.73,0.73,0.73,1.03,1.01,1.01,"",9,4.7,102,6.5,122,7.8,97,6.1,1328082,9.8,148301,9.7,793,3.6,19,2.9
"12031","0","10","70","0","2017","4","",29323,509472,515702,517421,6889158036,394961932,5107265,1031,"",1.00,1.00,1.00,1.00,1.00,1.00,1.00,1.00,"",402,1.4,16493,3.3,17872,3.6,18645,3.7,429187337,6.6,31169309,8.6,-1190358,-18.9,30,3.0
"12031","1","10","71","0","2017","4","",104,16006,16130,16293,290274611,0,0,1383,"",0.59,1.63,1.63,1.63,1.53,0.00,0.00,0.94,"",2,2.0,22,0.1,203,1.3,-143,-0.9,8604755,3.1,0,0.0,0,0.0,39,2.9
"12031","2","10","71","0","2017","4","",76,11386,11507,11618,141798142,0,0,948,"",0.37,0.70,0.70,0.70,0.63,0.00,0.00,0.90,"",-5,-6.2,2853,33.4,2896,33.6,3001,34.8,52366097,58.6,-68304,-100.0,-1844,-100.0,147,18.4
"12031","3","10","71","0","2017","4","",83,25176,25264,25179,328323254,198014,373,1002,"",0.17,0.50,0.49,0.49,0.55,0.03,0.01,1.12,"",-1,-1.2,-2546,-9.2,-2559,-9.2,-2721,-9.8,-32262239,-8.9,1516,0.8,-844,-69.4,5,0.5
"12031","5","10","71","0","2017","4","",29060,456904,462801,464331,6128762029,394763918,5106892,1022,"",1.02,1.06,1.06,1.06,1.04,1.03,1.01,0.99,"",406,1.4,16164,3.7,17332,3.9,18508,4.2,400478724,7.0,31236097,8.6,-1187670,-18.9,30,3.0
"12033","0","10","70","0","2017","4","",8099,135118,135837,135636,1535548115,89404426,1005906,872,"",1.00,1.00,1.00,1.00,1.00,1.00,1.00,1.00,"",-55,-0.7,3198,2.4,3432,2.6,3632,2.8,110037425,7.7,7481854,9.1,-214293,-17.6,42,5.1
"12033","1","10","71","0","2017","4","",57,5742,5754,5793,91111235,0,0,1216,"",1.17,2.21,2.21,2.22,2.16,0.00,0.00,0.98,"",1,1.8,-138,-2.3,-120,-2.0,-100,-1.7,1260614,1.4,0,0.0,0,0.0,41,3.5
"12033","2","10","71","0","2017","4","",64,4755,4770,4739,52504454,0,0,849,"",1.13,1.10,1.10,1.10,1.05,0.00,0.00,0.95,"",-1,-1.5,891,23.1,924,24.0,891,23.2,10964926,26.4,0,0.0,0,0.0,20,2.4
"12033","3","10","71","0","2017","4","",16,10443,10494,10464,107613332,4808,5,791,"",0.12,0.78,0.78,0.78,0.82,0.00,0.00,1.05,"",-1,-5.9,-896,-7.9,-838,-7.4,-1004,-8.8,-7022100,-6.1,589,14.0,-223,-97.8,16,2.1
"12033","5","10","71","0","2017","4","",7962,114178,114819,114640,1284319094,89399618,1005901,862,"",1.01,0.99,0.99,0.99,0.98,1.03,1.01,0.98,"",-54,-0.7,3341,3.0,3466,3.1,3845,3.5,104833985,8.9,7481265,9.1,-214070,-17.5,45,5.5
"12035","0","10","70","0","2017","4","",2493,23347,23479,23476,212763195,16692215,179000,698,"",1.00,1.00,1.00,1.00,1.00,1.00,1.00,1.00,"",79,3.3,709,3.1,463,2.0,354,1.5,12017427,6.0,1081775,6.9,-30561,-14.6,24,3.6
"12035","1","10","71","0","2017","4","",5,151,145,144,2490115,0,0,1306,"",0.33,0.34,0.32,0.32,0.43,0.00,0.00,1.31,"",-1,-16.7,18,13.5,0,0.0,3,2.1,150339,6.4,0,0.0,0,0.0,17,1.3
"12035","2","10","71","0","2017","4","",15,172,176,180,1583627,0,0,692,"",0.86,0.23,0.23,0.24,0.23,0.00,0.00,0.97,"",-1,-6.2,0,0.0,0,0.0,2,1.1,92948,6.2,0,0.0,0,0.0,38,5.8
"12035","3","10","71","0","2017","4","",15,3448,3458,3426,34468156,1689,2,770,"",0.35,1.49,1.48,1.47,1.88,0.01,0.00,1.27,"",0,0.0,45,1.3,57,1.7,-24,-0.7,1043449,3.1,1,0.1,-50,-96.2,18,2.4
"12035","5","10","71","0","2017","4","",2458,19576,19700,19726,174221297,16690526,178998,681,"",1.02,0.99,0.99,0.99,0.96,1.03,1.01,0.97,"",81,3.4,646,3.4,406,2.1,373,1.9,10730691,6.6,1081774,6.9,-30511,-14.6,26,4.0
"12037","0","10","70","0","2017","4","",367,3349,3396,3297,27108630,1987453,24710,623,"",1.00,1.00,1.00,1.00,1.00,1.00,1.00,1.00,"",-9,-2.4,108,3.3,119,3.6,63,1.9,1633393,6.4,237011,13.5,-309,-1.2,20,3.3
"12037","1","10","71","0","2017","4","",4,16,16,16,241085,0,0,1159,"",1.82,0.25,0.25,0.25,0.32,0.00,0.00,1.30,"",0,0.0,-1,-5.9,-1,-5.9,-1,-5.9,2094,0.9,0,0.0,0,0.0,78,7.2
"12037","2","10","71","0","2017","4","",15,475,486,487,4197311,0,0,669,"",5.83,4.42,4.47,4.63,4.74,0.00,0.00,1.05,"",0,0.0,-3,-0.6,2,0.4,2,0.4,206527,5.2,0,0.0,0,0.0,33,5.2
"12037","3","10","71","0","2017","4","",11,490,486,481,4029756,0,0,638,"",1.76,1.48,1.44,1.47,1.73,0.00,0.00,1.18,"",0,0.0,39,8.6,27,5.9,25,5.5,253387,6.7,0,0.0,0,0.0,0,0.0
"12037","5","10","71","0","2017","4","",337,2368,2408,2313,18640478,1987453,24710,607,"",0.95,0.83,0.83,0.83,0.81,1.03,1.01,0.97,"",-9,-2.6,73,3.2,91,3.9,37,1.6,1171385,6.7,237011,13.5,-309,-1.2,22,3.8
"12039","0","10","70","0","2017","4","",838,13272,13025,12713,117207998,7307004,90470,693,"",1.00,1.00,1.00,1.00,1.00,1.00,1.00,1.00,"",13,1.6,-255,-1.9,-258,-1.9,42,0.3,6435267,5.8,265158,3.8,-33734,-27.2,46,7.1
"12039","1","10","71","0","2017","4","",11,91,91,90,1343393,0,0,1140,"",2.19,0.36,0.37,0.37,0.42,0.00,0.00,1.15,"",0,0.0,-2,-2.2,0,0.0,2,2.3,-43453,-3.1,0,0.0,0,0.0,-37,-3.1
"12039","2","10","71","0","2017","4","",28,2755,2757,2778,24282860,0,0,676,"",4.77,6.47,6.61,6.85,6.35,0.00,0.00,0.96,"",-1,-3.4,63,2.3,90,3.4,93,3.5,2510419,11.5,0,0.0,0,0.0,51,8.2
"12039","3","10","71","0","2017","4","",12,1640,1620,1638,13658905,0,0,644,"",0.84,1.25,1.25,1.30,1.36,0.00,0.00,1.07,"",0,0.0,-118,-6.7,-104,-6.0,-109,-6.2,-359315,-2.6,0,0.0,0,0.0,25,4.0
"12039","5","10","71","0","2017","4","",787,8786,8557,8207,77922840,7307004,90470,704,"",0.97,0.78,0.77,0.76,0.78,1.03,1.01,1.01,"",14,1.8,-198,-2.2,-244,-2.8,56,0.7,4327616,5.9,265158,3.8,-33734,-27.2,49,7.5
"12041","0","10","70","0","2017","4","",335,3603,3598,3628,30919654,2117347,14269,659,"",1.00,1.00,1.00,1.00,1.00,1.00,1.00,1.00,"",12,3.7,219,6.5,204,6.0,193,5.6,2474980,8.7,344511,19.4,-2281,-13.8,16,2.5
"12041","1","10","71","0","2017","4","",3,33,33,35,376651,0,0,861,"",1.49,0.48,0.48,0.50,0.44,0.00,0.00,0.91,"",0,0.0,1,3.1,1,3.1,-4,-10.3,12489,3.4,0,0.0,0,0.0,45,5.5
"12041","2","10","71","0","2017","4","",15,364,375,376,3335162,0,0,690,"",6.39,3.15,3.25,3.25,3.30,0.00,0.00,1.03,"",-2,-11.8,1,0.3,3,0.8,4,1.1,246927,8.0,0,0.0,0,0.0,46,7.1
"12041","3","10","71","0","2017","4","",10,768,773,794,6028754,0,0,596,"",1.76,2.15,2.16,2.21,2.27,0.00,0.00,1.04,"",0,0.0,59,8.3,57,8.0,47,6.3,437731,7.8,0,0.0,0,0.0,2,0.3
"12041","5","10","71","0","2017","4","",307,2438,2417,2423,21179087,2117347,14269,672,"",0.94,0.80,0.79,0.79,0.80,1.03,1.01,1.01,"",14,4.8,158,6.9,143,6.3,146,6.4,1777833,9.2,344511,19.4,-2281,-13.8,17,2.6
"12043","0","10","70","0","2017","4","",160,1751,1781,1882,18638938,1200104,22627,794,"",1.00,1.00,1.00,1.00,1.00,1.00,1.00,1.00,"",-2,-1.2,265,17.8,283,18.9,327,21.0,2792113,17.6,413648,52.6,3767,20.0,-12,-1.5
"12043","1","10","71","0","2017","4","",4,11,10,10,182178,0,0,1356,"",4.17,0.33,0.29,0.28,0.36,0.00,0.00,1.19,"",0,0.0,3,37.5,2,25.0,1,11.1,9132,5.3,0,0.0,0,0.0,-241,-15.1
"12043","2","10","71","0","2017","4","",10,38,38,38,293931,0,0,595,"",8.92,0.68,0.67,0.63,0.48,0.00,0.00,0.73,"",-1,-9.1,4,11.8,0,0.0,0,0.0,28529,10.7,0,0.0,0,0.0,38,6.8
"12043","3","10","71","0","2017","4","",7,498,500,509,4745360,0,0,727,"",2.57,2.87,2.83,2.73,2.96,0.00,0.00,1.06,"",0,0.0,35,7.6,26,5.5,42,9.0,593067,14.3,0,0.0,0,0.0,45,6.6
"12043","5","10","71","0","2017","4","",139,1204,1233,1325,13417469,1200104,22627,823,"",0.90,0.81,0.81,0.83,0.84,1.03,1.01,1.03,"",-1,-0.7,223,22.7,255,26.1,284,27.3,2161385,19.2,413648,52.6,3767,20.0,-43,-5.0
"12045","0","10","70","0","2017","4","",395,3768,3785,3755,34262666,2049104,20284,699,"",1.00,1.00,1.00,1.00,1.00,1.00,1.00,1.00,"",1,0.3,-69,-1.8,-29,-0.8,-26,-0.7,660374,2.0,74093,3.8,-3441,-14.5,21,3.1
"12045","1","10","71","0","2017","4","",3,15,15,15,193981,0,0,995,"",1.27,0.21,0.21,0.21,0.21,0.00,0.00,1.00,"",0,0.0,0,0.0,0,0.0,0,0.0,-3706,-1.9,0,0.0,0,0.0,-19,-1.9
"12045","2","10","71","0","2017","4","",14,577,579,579,5689457,0,0,757,"",5.06,4.77,4.78,4.84,5.09,0.00,0.00,1.06,"",0,0.0,-17,-2.9,-22,-3.7,-21,-3.5,385306,7.3,0,0.0,0,0.0,75,11.0
"12045","3","10","71","0","2017","4","",9,584,599,574,5809906,0,0,763,"",1.34,1.56,1.59,1.54,1.97,0.00,0.00,1.26,"",0,0.0,-6,-1.0,7,1.2,-4,-0.7,432078,8.0,0,0.0,0,0.0,58,8.2
"12045","5","10","71","0","2017","4","",369,2592,2592,2587,22569322,2049104,20284,670,"",0.96,0.81,0.81,0.81,0.77,1.03,1.01,0.95,"",1,0.3,-46,-1.7,-14,-0.5,-1,0.0,-153304,-0.7,74093,3.8,-3441,-14.5,0,0.0
"12047","0","10","70","0","2017","4","",214,3165,2946,2921,32238337,1580002,19840,824,"",1.00,1.00,1.00,1.00,1.00,1.00,1.00,1.00,"",0,0.0,-30,-0.9,-76,-2.5,-15,-0.5,889609,2.8,-123269,-7.2,-5092,-20.4,34,4.3
"12047","1","10","71","0","2017","4","",4,30,30,30,366226,0,0,939,"",3.12,0.49,0.53,0.53,0.41,0.00,0.00,0.80,"",0,0.0,-2,-6.2,-1,-3.2,-1,-3.2,15365,4.4,0,0.0,0,0.0,78,9.1
"12047","2","10","71","0","2017","4","",12,526,529,528,5079769,0,0,741,"",8.00,5.18,5.61,5.67,4.83,0.00,0.00,0.88,"",0,0.0,-13,-2.4,-6,-1.1,-8,-1.5,301535,6.3,0,0.0,0,0.0,56,8.2
"12047","3","10","71","0","2017","4","",11,528,530,549,4542890,38236,38,652,"",3.02,1.68,1.81,1.90,1.64,1.22,0.36,0.91,"",0,0.0,-12,-2.2,-9,-1.7,27,5.2,-272237,-5.7,-2053,-5.1,-2,-5.0,-42,-6.1
"12047","5","10","71","0","2017","4","",187,2081,1857,1814,22249452,1541766,19802,893,"",0.90,0.77,0.74,0.73,0.81,1.01,1.00,1.08,"",0,0.0,-3,-0.1,-60,-3.1,-33,-1.8,844946,3.9,-121216,-7.3,-5090,-20.4,48,5.7
"12049","0","10","70","0","2017","4","",557,6897,7113,7905,63103522,5183520,74358,664,"",1.00,1.00,1.00,1.00,1.00,1.00,1.00,1.00,"",-7,-1.2,134,2.0,92,1.3,176,2.3,3695461,6.2,508169,10.9,-7059,-8.7,27,4.2
"12049","1","10","71","0","2017","4","",7,44,48,50,632719,0,0,1028,"",2.10,0.33,0.35,0.33,0.36,0.00,0.00,1.08,"",0,0.0,-2,-4.3,4,9.1,-2,-3.8,-9258,-1.4,0,0.0,0,0.0,-15,-1.4
"12049","2","10","71","0","2017","4","",19,457,377,376,3813974,0,0,727,"",4.87,2.06,1.65,1.49,1.85,0.00,0.00,1.07,"",0,0.0,70,18.1,-13,-3.3,-14,-3.6,298241,8.5,0,0.0,0,0.0,32,4.6
"12049","3","10","71","0","2017","4","",12,1244,1279,1236,11568905,1000,1,710,"",1.27,1.82,1.81,1.58,2.13,0.01,0.00,1.23,"",1,9.1,20,1.6,48,3.9,11,0.9,617570,5.6,1000,100.0,1,100.0,23,3.3
"12049","5","10","71","0","2017","4","",519,5152,5409,6243,47087924,5182520,74357,647,"",0.96,0.88,0.90,0.93,0.87,1.03,1.01,0.97,"",-8,-1.5,46,0.9,53,1.0,181,3.0,2788908,6.3,507169,10.8,-7060,-8.7,28,4.5
"12051","0","10","70","0","2017","4","",867,11981,12052,12661,129995195,9417898,181079,818,"",1.00,1.00,1.00,1.00,1.00,1.00,1.00,1.00,"",-5,-0.6,257,2.2,-180,-1.5,-387,-3.0,1079527,0.8,-200909,-2.1,-80521,-30.8,14,1.7
"12051","1","10","71","0","2017","4","",8,67,66,68,1056679,0,0,1213,"",1.54,0.29,0.29,0.28,0.30,0.00,0.00,1.04,"",0,0.0,-5,-6.9,-9,-12.0,-4,-5.6,-2295,-0.2,0,0.0,0,0.0,97,8.7
"12051","2","10","71","0","2017","4","",24,207,207,205,1875513,0,0,699,"",3.95,0.54,0.54,0.51,0.44,0.00,0.00,0.84,"",-1,-4.0,3,1.5,4,2.0,2,1.0,163160,9.5,0,0.0,0,0.0,51,7.9
"12051","3","10","71","0","2017","4","",21,1989,2010,2010,20755866,0,0,797,"",1.43,1.68,1.68,1.60,1.86,0.00,0.00,1.12,"",-1,-4.5,16,0.8,16,0.8,71,3.7,827895,4.2,0,0.0,0,0.0,18,2.3
"12051","5","10","71","0","2017","4","",814,9718,9769,10378,106307137,9417898,181079,821,"",0.97,0.95,0.95,0.96,0.96,1.03,1.01,1.00,"",-3,-0.4,243,2.6,-191,-1.9,-456,-4.2,90767,0.1,-200909,-2.1,-80521,-30.8,11,1.4
"12053","0","10","70","0","2017","4","",3664,43244,43876,43990,403503256,32897721,338959,710,"",1.00,1.00,1.00,1.00,1.00,1.00,1.00,1.00,"",159,4.5,1607,3.9,1623,3.8,1424,3.3,32414244,8.7,2710756,9.0,-41913,-11.0,33,4.9
"12053","1","10","71","0","2017","4","",15,361,344,345,5593744,0,0,1229,"",0.68,0.43,0.41,0.41,0.50,0.00,0.00,1.21,"",0,0.0,31,9.4,13,3.9,5,1.5,643013,13.0,0,0.0,0,0.0,88,7.7
"12053","2","10","71","0","2017","4","",27,720,700,697,5960873,0,0,650,"",1.05,0.52,0.50,0.50,0.45,0.00,0.00,0.90,"",0,0.0,1,0.1,-14,-2.0,-8,-1.1,109230,1.9,0,0.0,0,0.0,18,2.8
"12053","3","10","71","0","2017","4","",13,5055,5081,5082,57212554,0,0,868,"",0.21,1.18,1.17,1.17,1.65,0.00,0.00,1.41,"",0,0.0,91,1.8,72,1.4,68,1.4,683417,1.2,0,0.0,0,0.0,-2,-0.2
"12053","5","10","71","0","2017","4","",3609,37108,37751,37866,334736085,32897721,338959,685,"",1.02,1.01,1.01,1.01,0.97,1.03,1.01,0.96,"",159,4.6,1484,4.2,1552,4.3,1359,3.7,30978584,10.2,2710756,9.0,-41913,-11.0,38,5.9
"12055","0","10","70","0","2017","4","",2301,27785,28683,29242,246901191,21516832,228576,665,"",1.00,1.00,1.00,1.00,1.00,1.00,1.00,1.00,"",30,1.3,747,2.8,789,2.8,863,3.0,13397418,5.7,2952361,15.9,-2594,-1.1,18,2.8
"12055","1","10","71","0","2017","4","",16,267,262,262,4277427,0,0,1248,"",1.16,0.50,0.48,0.47,0.63,0.00,0.00,1.31,"",0,0.0,-4,-1.5,-2,-0.8,-5,-1.9,290938,7.3,0,0.0,0,0.0,101,8.8
"12055","2","10","71","0","2017","4","",28,727,772,784,6942788,0,0,702,"",1.74,0.82,0.84,0.84,0.86,0.00,0.00,1.04,"",-1,-3.4,415,133.0,450,139.8,459,141.2,4194900,152.7,0,0.0,0,0.0,41,6.2
"12055","3","10","71","0","2017","4","",16,3254,3316,3236,31373987,86080,86,738,"",0.41,1.18,1.16,1.12,1.48,0.20,0.07,1.28,"",-1,-5.9,-480,-12.9,-721,-17.9,-518,-13.8,-3620601,-10.3,-7125,-7.6,-7,-7.5,37,5.3
"12055","5","10","71","0","2017","4","",2241,23537,24333,24960,204306989,21430752,228490,647,"",1.00,1.00,1.00,1.00,0.97,1.03,1.01,0.97,"",32,1.4,816,3.6,1062,4.6,927,3.9,12532181,6.5,2959486,16.0,-2587,-1.1,15,2.4
"12057","0","10","70","0","2017","4","",42271,678604,688877,692839,9368313224,521617448,6059061,1049,"",1.00,1.00,1.00,1.00,1.00,1.00,1.00,1.00,"",894,2.2,5837,0.9,6926,1.0,6061,0.9,435049081,4.9,10846193,2.1,-1435492,-19.2,39,3.9
"12057","1","10","71","0","2017","4","",125,14934,14925,15162,306272158,0,0,1570,"",0.49,1.14,1.13,1.14,1.19,0.00,0.00,1.05,"",2,1.6,146,1.0,54,0.4,-63,-0.4,21519157,7.6,0,0.0,0,0.0,106,7.2
"12057","2","10","71","0","2017","4","",91,13612,13679,13708,188099498,0,0,1059,"",0.31,0.62,0.62,0.62,0.62,0.00,0.00,0.99,"",-3,-3.2,213,1.6,293,2.2,318,2.4,9722560,5.5,0,0.0,0,0.0,34,3.3
"12057","3","10","71","0","2017","4","",49,49979,49994,50698,604393896,1758360,1818,926,"",0.07,0.74,0.73,0.74,0.75,0.17,0.06,1.02,"",1,2.1,-1270,-2.5,-1240,-2.4,-652,-1.3,-1151135,-0.2,48375,2.8,-16163,-89.9,18,2.0
"12057","5","10","71","0","2017","4","",42006,600079,610279,613271,8269547672,519859088,6057243,1046,"",1.02,1.04,1.04,1.04,1.03,1.03,1.01,0.99,"",894,2.2,6748,1.1,7819,1.3,6458,1.1,404958499,5.1,10797818,2.1,-1419329,-19.0,39,3.9
"12059","0","10","70","0","2017","4","",333,3335,3354,3378,26158730,1614252,18742,600,"",1.00,1.00,1.00,1.00,1.00,1.00,1.00,1.00,"",-15,-4.3,46,1.4,43,1.3,8,0.2,1300087,5.2,80496,5.2,589,3.2,25,4.3
"12059","1","10","71","0","2017","4","",7,62,62,61,749791,0,0,935,"",3.50,0.97,0.97,0.94,1.04,0.00,0.00,1.09,"",0,0.0,1,1.6,1,1.6,-3,-4.7,13368,1.8,0,0.0,0,0.0,21,2.3
"12059","2","10","71","0","2017","4","",15,462,459,459,4313538,0,0,721,"",6.43,4.32,4.27,4.26,5.05,0.00,0.00,1.18,"",-3,-16.7,7,1.5,6,1.3,8,1.8,405373,10.4,0,0.0,0,0.0,57,8.6
"12059","3","10","71","0","2017","4","",13,900,932,949,7686074,15663,16,638,"",2.30,2.72,2.80,2.84,3.42,0.49,0.16,1.23,"",0,0.0,-21,-2.3,-10,-1.1,-11,-1.1,224932,3.0,5884,60.2,6,60.0,28,4.6
"12059","5","10","71","0","2017","4","",298,1911,1901,1909,13409327,1598589,18726,541,"",0.92,0.67,0.67,0.66,0.60,1.02,1.01,0.90,"",-12,-3.9,59,3.2,46,2.5,14,0.7,656414,5.1,74612,4.9,583,3.2,16,3.0
"12061","0","10","70","0","2017","4","",5085,51422,52844,53573,599723459,38916603,516257,877,"",1.00,1.00,1.00,1.00,1.00,1.00,1.00,1.00,"",66,1.3,1620,3.3,867,1.7,969,1.8,7772602,1.3,454702,1.2,-100590,-16.3,-8,-0.9
"12061","1","10","71","0","2017","4","",18,361,360,361,6271661,0,0,1338,"",0.59,0.36,0.36,0.35,0.38,0.00,0.00,1.07,"",1,5.9,3,0.8,12,3.4,3,0.8,340605,5.7,0,0.0,0,0.0,52,4.0
"12061","2","10","71","0","2017","4","",21,310,310,306,3184120,0,0,794,"",0.59,0.19,0.18,0.18,0.16,0.00,0.00,0.89,"",-2,-8.7,-13,-4.0,-18,-5.5,-18,-5.6,42680,1.4,0,0.0,0,0.0,50,6.7
"12061","3","10","71","0","2017","4","",17,4613,4653,4678,54424528,0,0,901,"",0.20,0.91,0.89,0.88,1.06,0.00,0.00,1.18,"",1,6.2,105,2.3,121,2.7,144,3.2,2334182,4.5,0,0.0,0,0.0,15,1.7
"12061","5","10","71","0","2017","4","",5029,46138,47521,48228,535843150,38916603,516257,872,"",1.02,1.06,1.06,1.06,1.05,1.03,1.01,0.99,"",66,1.3,1525,3.4,752,1.6,840,1.8,5055135,1.0,454702,1.2,-100590,-16.3,-11,-1.2
"12063","0","10","70","0","2017","4","",914,14428,14487,14500,126572260,7291223,78599,673,"",1.00,1.00,1.00,1.00,1.00,1.00,1.00,1.00,"",3,0.3,-123,-0.8,-123,-0.8,-49,-0.3,3403523,2.8,583029,8.7,-5517,-6.6,23,3.5
"12063","1","10","71","0","2017","4","",18,466,463,466,7141353,0,0,1181,"",3.28,1.68,1.67,1.67,2.05,0.00,0.00,1.23,"",0,0.0,-8,-1.7,-29,-5.9,-20,-4.1,-24679,-0.3,0,0.0,0,0.0,42,3.7
"12063","2","10","71","0","2017","4","",32,2251,2237,2262,18937360,0,0,647,"",5.00,4.86,4.82,4.89,4.58,0.00,0.00,0.94,"",0,0.0,-86,-3.7,-63,-2.7,-51,-2.2,938211,5.2,0,0.0,0,0.0,49,8.2
"12063","3","10","71","0","2017","4","",23,2485,2526,2527,23860770,0,0,730,"",1.48,1.74,1.76,1.76,2.19,0.00,0.00,1.25,"",1,4.5,-51,-2.0,-11,-0.4,-32,-1.3,676261,2.9,0,0.0,0,0.0,29,4.1
"12063","5","10","71","0","2017","4","",841,9226,9261,9245,76632777,7291223,78599,638,"",0.95,0.75,0.75,0.75,0.71,1.03,1.01,0.94,"",2,0.2,22,0.2,-20,-0.2,54,0.6,1813730,2.4,583029,8.7,-5517,-6.6,14,2.2
"12065","0","10","70","0","2017","4","",310,2528,2553,2546,22065437,1533467,16348,668,"",1.00,1.00,1.00,1.00,1.00,1.00,1.00,1.00,"",1,0.3,43,1.7,38,1.5,23,0.9,503066,2.3,294914,23.8,2292,16.3,7,1.1
"12065","1","10","71","0","2017","4","",7,36,30,33,421279,0,0,982,"",3.76,0.74,0.61,0.67,0.69,0.00,0.00,1.03,"",0,0.0,2,5.9,-9,-23.1,-4,-10.8,-6358,-1.5,0,0.0,0,0.0,85,9.5
"12065","2","10","71","0","2017","4","",12,283,288,288,2667854,0,0,717,"",5.52,3.49,3.52,3.55,3.70,0.00,0.00,1.05,"",-1,-7.7,-1,-0.4,-1,-0.3,-2,-0.7,87678,3.4,0,0.0,0,0.0,27,3.9
"12065","3","10","71","0","2017","4","",8,228,229,229,1913727,0,0,644,"",1.52,0.91,0.90,0.91,1.01,0.00,0.00,1.11,"",0,0.0,-152,-40.0,-155,-40.4,-147,-39.1,-1051698,-35.5,0,0.0,0,0.0,44,7.3
"12065","5","10","71","0","2017","4","",283,1981,2006,1996,17062577,1533467,16348,658,"",0.94,0.92,0.92,0.92,0.91,1.03,1.01,0.98,"",2,0.7,194,10.9,203,11.3,176,9.7,1473444,9.5,294914,23.8,2292,16.3,-7,-1.1
"12067","0","10","70","0","2017","4","",127,1339,1340,1331,10906502,638608,5462,628,"",1.00,1.00,1.00,1.00,1.00,1.00,1.00,1.00,"",3,2.4,-25,-1.8,-22,-1.6,-37,-2.7,307066,2.9,55180,9.5,-703,-11.4,31,5.2
"12067","1","10","71","0","2017","4","",2,13,13,13,128960,0,0,763,"",2.63,0.50,0.51,0.51,0.43,0.00,0.00,0.85,"",-1,-33.3,-1,-7.1,2,18.2,0,0.0,-23792,-15.6,0,0.0,0,0.0,-165,-17.8
"12067","2","10","71","0","2017","4","",10,303,303,303,3055561,0,0,776,"",11.24,7.05,7.06,7.14,8.58,0.00,0.00,1.21,"",0,0.0,-24,-7.3,-18,-5.6,-17,-5.3,194458,6.8,0,0.0,0,0.0,94,13.8
"12067","3","10","71","0","2017","4","",7,280,284,274,2358129,0,0,649,"",3.24,2.11,2.13,2.08,2.51,0.00,0.00,1.19,"",0,0.0,-6,-2.1,5,1.8,-2,-0.7,-91383,-3.7,0,0.0,0,0.0,-23,-3.4
"12067","5","10","71","0","2017","4","",108,743,740,741,5363852,638608,5462,557,"",0.88,0.65,0.65,0.66,0.58,1.03,1.01,0.88,"",4,3.8,6,0.8,-11,-1.5,-18,-2.4,227783,4.4,55180,9.5,-703,-11.4,30,5.7
"12069","0","10","70","0","2017","4","",8182,96719,98168,98952,943740131,72808047,744475,741,"",1.00,1.00,1.00,1.00,1.00,1.00,1.00,1.00,"",192,2.4,2320,2.5,2562,2.7,2745,2.9,49212042,5.5,2098738,3.0,-172193,-18.8,20,2.8
"12069","1","10","71","0","2017","4","",37,620,627,632,9812495,0,0,1205,"",0.75,0.33,0.33,0.33,0.38,0.00,0.00,1.14,"",0,0.0,15,2.5,19,3.1,19,3.1,444578,4.7,0,0.0,0,0.0,21,1.8
"12069","2","10","71","0","2017","4","",36,1451,1447,1446,14360095,0,0,763,"",0.63,0.47,0.46,0.46,0.47,0.00,0.00,1.01,"",-2,-5.3,381,35.6,361,33.2,362,33.4,4415674,44.4,0,0.0,0,0.0,55,7.8
"12069","3","10","71","0","2017","4","",31,11776,11925,11969,122897087,232455,3470,795,"",0.22,1.23,1.22,1.22,1.51,0.16,0.89,1.24,"",0,0.0,-403,-3.3,-414,-3.4,-328,-2.7,-949349,-0.8,220721,1881.0,3131,923.6,19,2.4
"12069","5","10","71","0","2017","4","",8078,82872,84169,84905,796670454,72575592,741005,730,"",1.02,1.01,1.01,1.01,0.99,1.03,1.00,0.98,"",194,2.5,2327,2.9,2596,3.2,2692,3.3,45301139,6.0,1878017,2.7,-175324,-19.1,20,2.8
"12071","0","10","70","0","2017","4","",21983,256729,263404,266067,2972408516,211119969,2164584,872,"",1.00,1.00,1.00,1.00,1.00,1.00,1.00,1.00,"",369,1.7,4723,1.9,5722,2.2,5930,2.3,159943241,5.7,6842719,3.3,-702334,-24.5,29,3.4
"12071","1","10","71","0","2017","4","",55,2306,2301,2371,39436937,0,0,1304,"",0.42,0.47,0.46,0.46,0.48,0.00,0.00,1.05,"",1,1.9,-212,-8.4,-210,-8.4,-217,-8.4,-4239728,-9.7,0,0.0,0,0.0,-19,-1.4
"12071","2","10","71","0","2017","4","",71,5347,5392,5367,59574415,0,0,854,"",0.46,0.65,0.64,0.63,0.61,0.00,0.00,0.96,"",1,1.4,1217,29.5,1240,29.9,1217,29.3,13477687,29.2,0,0.0,0,0.0,-2,-0.2
"12071","3","10","71","0","2017","4","",53,34653,34533,34406,486370218,756957,1135,1083,"",0.14,1.36,1.32,1.31,1.90,0.18,0.10,1.43,"",-3,-5.4,684,2.0,299,0.9,-554,-1.6,21942191,4.7,-119519,-13.6,-914,-44.6,44,4.2
"12071","5","10","71","0","2017","4","",21804,214423,221178,223923,2387026946,210363012,2163449,835,"",1.02,0.98,0.99,0.99,0.94,1.03,1.01,0.95,"",370,1.7,3034,1.4,4393,2.0,5484,2.5,128763091,5.7,6962238,3.4,-701420,-24.5,29,3.6
"12073","0","10","70","0","2017","4","",8653,150603,151831,150830,1757217160,87425882,1012520,895,"",1.00,1.00,1.00,1.00,1.00,1.00,1.00,1.00,"",28,0.3,1680,1.1,1853,1.2,2334,1.6,88753550,5.3,3943080,4.7,-126943,-11.1,34,3.9
"12073","1","10","71","0","2017","4","",47,1835,1815,1842,34518780,0,0,1450,"",0.91,0.63,0.62,0.63,0.71,0.00,0.00,1.13,"",0,0.0,20,1.1,-15,-0.8,-29,-1.5,1529891,4.6,0,0.0,0,0.0,70,5.1
"12073","2","10","71","0","2017","4","",183,34861,35104,35061,433377984,0,0,952,"",3.02,7.21,7.22,7.29,7.55,0.00,0.00,1.04,"",-3,-1.6,134,0.4,278,0.8,549,1.6,18037331,4.3,0,0.0,0,0.0,31,3.4
"12073","3","10","71","0","2017","4","",25,11902,11875,11478,134179946,0,0,878,"",0.17,0.80,0.79,0.77,0.89,0.00,0.00,1.13,"",1,4.2,7,0.1,-103,-0.9,-393,-3.3,1392367,1.0,0,0.0,0,0.0,21,2.5
"12073","5","10","71","0","2017","4","",8398,102005,103037,102449,1155140450,87425882,1012520,867,"",1.00,0.80,0.80,0.80,0.77,1.03,1.01,0.96,"",30,0.4,1519,1.5,1693,1.7,2207,2.2,67793961,6.2,3943080,4.7,-126943,-11.1,36,4.3
"12075","0","10","70","0","2017","4","",941,9129,9071,9105,74830142,7194649,78289,632,"",1.00,1.00,1.00,1.00,1.00,1.00,1.00,1.00,"",7,0.7,229,2.6,150,1.7,155,1.7,3992124,5.6,776366,12.1,-8565,-9.9,21,3.4
"12075","1","10","71","0","2017","4","",10,67,65,66,960606,0,0,1120,"",1.77,0.38,0.37,0.38,0.47,0.00,0.00,1.24,"",-1,-9.1,-4,-5.6,-6,-8.5,-4,-5.7,-62524,-6.1,0,0.0,0,0.0,6,0.5
"12075","2","10","71","0","2017","4","",22,277,264,265,2249430,0,0,644,"",3.34,0.95,0.91,0.91,0.92,0.00,0.00,1.00,"",-1,-4.3,6,2.2,-3,-1.1,-3,-1.1,150226,7.2,0,0.0,0,0.0,43,7.2
"12075","3","10","71","0","2017","4","",19,1616,1607,1601,13260220,147002,243,634,"",1.19,1.79,1.78,1.78,2.06,1.03,0.59,1.16,"",0,0.0,-21,-1.3,-33,-2.0,-46,-2.8,-70031,-0.5,-1921,-1.3,-13,-5.1,9,1.4
"12075","5","10","71","0","2017","4","",890,7169,7135,7173,58359886,7047647,78046,627,"",0.98,0.92,0.93,0.93,0.91,1.01,1.00,0.99,"",9,1.0,248,3.6,192,2.8,208,3.0,3974453,7.3,778287,12.4,-8552,-9.9,24,4.0
"12077","0","10","70","0","2017","4","",120,1872,1875,1872,16899457,833327,11252,694,"",1.00,1.00,1.00,1.00,1.00,1.00,1.00,1.00,"",-6,-4.8,-50,-2.6,-83,-4.2,-65,-3.4,-23017,-0.1,-195820,-19.0,-7218,-39.1,23,3.4
"12077","1","10","71","0","2017","4","",6,37,38,39,527685,0,0,1068,"",8.34,1.03,1.06,1.08,1.14,0.00,0.00,1.08,"",0,0.0,-1,-2.6,1,2.7,2,5.4,-66406,-11.2,0,0.0,0,0.0,-156,-12.7
"12077","2","10","71","0","2017","4","",10,347,343,341,3128113,0,0,700,"",11.89,5.77,5.71,5.71,5.67,0.00,0.00,0.99,"",0,0.0,-13,-3.6,-26,-7.0,-27,-7.3,-11822,-0.4,0,0.0,0,0.0,39,5.9
"12077","3","10","71","0","2017","4","",8,412,419,412,3012881,0,0,559,"",3.92,2.22,2.25,2.22,2.07,0.00,0.00,0.93,"",0,0.0,0,0.0,4,1.0,3,0.7,56416,1.9,0,0.0,0,0.0,7,1.3
"12077","5","10","71","0","2017","4","",96,1076,1075,1080,10230778,833327,11252,731,"",0.82,0.68,0.67,0.68,0.71,1.03,1.01,1.05,"",-6,-5.9,-36,-3.2,-62,-5.5,-43,-3.8,-1205,0.0,-195820,-19.0,-7218,-39.1,31,4.4
"12079","0","10","70","0","2017","4","",369,4336,4336,4325,37545493,3111018,41055,667,"",1.00,1.00,1.00,1.00,1.00,1.00,1.00,1.00,"",4,1.1,115,2.7,64,1.5,127,3.0,3033272,8.8,829866,36.4,6992,20.5,39,6.2
"12079","1","10","71","0","2017","4","",7,47,40,37,537153,0,0,1000,"",3.16,0.56,0.48,0.44,0.52,0.00,0.00,1.05,"",0,0.0,5,11.9,1,2.6,-9,-19.6,41518,8.4,0,0.0,0,0.0,99,11.0
"12079","2","10","71","0","2017","4","",14,385,386,387,3560912,0,0,710,"",5.41,2.77,2.78,2.81,2.91,0.00,0.00,1.04,"",-1,-6.7,-26,-6.3,-24,-5.9,-21,-5.1,86331,2.5,0,0.0,0,0.0,58,8.9
"12079","3","10","71","0","2017","4","",12,886,889,904,7324862,157847,1231,631,"",1.91,2.06,2.06,2.11,2.27,2.56,5.70,1.09,"",0,0.0,-71,-7.4,-105,-10.6,-37,-3.9,153740,2.1,-50406,-24.2,-414,-25.2,59,10.3
"12079","5","10","71","0","2017","4","",336,3018,3021,2997,26122566,2953171,39824,667,"",0.94,0.82,0.82,0.82,0.81,0.98,0.98,0.99,"",5,1.5,207,7.4,192,6.8,194,6.9,2751683,11.8,880272,42.5,7406,22.8,28,4.4
"12081","0","10","70","0","2017","4","",10894,122584,125367,125891,1327968341,106109373,1152170,820,"",1.00,1.00,1.00,1.00,1.00,1.00,1.00,1.00,"",321,3.0,3327,2.8,2465,2.0,2399,1.9,47499623,3.7,3670950,3.6,-207982,-15.3,12,1.5
"12081","1","10","71","0","2017","4","",30,992,1001,1015,17150182,0,0,1316,"",0.46,0.42,0.42,0.42,0.47,0.00,0.00,1.12,"",0,0.0,31,3.2,35,3.6,-8,-0.8,446168,2.7,0,0.0,0,0.0,9,0.7
"12081","2","10","71","0","2017","4","",36,1484,1490,1488,13429393,0,0,695,"",0.47,0.38,0.37,0.37,0.31,0.00,0.00,0.83,"",0,0.0,883,146.9,888,147.5,880,144.7,7981538,146.5,0,0.0,0,0.0,1,0.1
"12081","3","10","71","0","2017","4","",36,10500,10527,10512,121546093,41073,41,889,"",0.19,0.86,0.85,0.84,1.06,0.02,0.01,1.25,"",-3,-7.7,-737,-6.6,-725,-6.4,-716,-6.4,-4186017,-3.3,36928,890.9,22,115.8,28,3.3
"12081","5","10","71","0","2017","4","",10792,109608,112349,112876,1175842673,106068300,1152129,810,"",1.02,1.05,1.05,1.05,1.04,1.03,1.01,0.98,"",324,3.1,3150,3.0,2267,2.1,2243,2.0,43257934,3.8,3634022,3.5,-208004,-15.3,11,1.4
"12083","0","10","70","0","2017","4","",8349,101600,102750,103123,1006422788,75933731,754289,755,"",1.00,1.00,1.00,1.00,1.00,1.00,1.00,1.00,"",158,1.9,754,0.7,661,0.6,415,0.4,12617578,1.3,3313329,4.6,-155415,-17.1,5,0.7
"12083","1","10","71","0","2017","4","",37,679,693,691,11758015,0,0,1315,"",0.74,0.35,0.35,0.35,0.43,0.00,0.00,1.22,"",1,2.8,-1,-0.1,18,2.7,15,2.2,676902,6.1,0,0.0,0,0.0,56,4.4
"12083","2","10","71","0","2017","4","",43,3679,3662,3637,33659249,0,0,708,"",0.74,1.13,1.11,1.11,1.02,0.00,0.00,0.92,"",0,0.0,968,35.7,962,35.6,951,35.4,9028191,36.7,0,0.0,0,0.0,6,0.9
"12083","3","10","71","0","2017","4","",20,10618,10659,10656,110834782,517474,4037,801,"",0.14,1.05,1.04,1.04,1.28,0.34,1.02,1.22,"",-1,-4.8,-857,-7.5,-921,-8.0,-883,-7.7,-5138054,-4.4,-5947,-1.1,-98,-2.4,27,3.5
"12083","5","10","71","0","2017","4","",8249,86624,87736,88139,850170742,75416257,750252,747,"",1.02,1.00,1.01,1.01,0.99,1.03,1.00,0.98,"",158,2.0,644,0.7,602,0.7,332,0.4,8050539,1.0,3319276,4.6,-155317,-17.2,2,0.3
"12085","0","10","70","0","2017","4","",6323,67486,68664,69374,749570891,54665121,665896,842,"",1.00,1.00,1.00,1.00,1.00,1.00,1.00,1.00,"",73,1.2,1744,2.7,1918,2.9,1961,2.9,32620527,4.5,3741716,7.3,-120167,-15.3,14,1.7
"12085","1","10","71","0","2017","4","",15,276,280,285,4784009,0,0,1313,"",0.40,0.21,0.21,0.21,0.23,0.00,0.00,1.09,"",0,0.0,2,0.7,7,2.6,7,2.5,253103,5.6,0,0.0,0,0.0,46,3.6
"12085","2","10","71","0","2017","4","",25,664,635,637,6265235,0,0,747,"",0.56,0.31,0.29,0.29,0.26,0.00,0.00,0.87,"",-3,-10.7,15,2.3,-17,-2.6,-15,-2.3,360429,6.1,0,0.0,0,0.0,49,7.0
"12085","3","10","71","0","2017","4","",12,5196,5343,5331,63016636,0,0,916,"",0.11,0.78,0.78,0.78,0.98,0.00,0.00,1.25,"",0,0.0,10,0.2,153,2.9,148,2.9,2134966,3.5,0,0.0,0,0.0,13,1.4
"12085","5","10","71","0","2017","4","",6271,61350,62406,63121,675505011,54665121,665896,834,"",1.02,1.07,1.07,1.07,1.06,1.03,1.01,0.99,"",76,1.2,1717,2.9,1775,2.9,1821,3.0,29872029,4.6,3741716,7.3,-120167,-15.3,13,1.6
"12086","0","10","70","0","2017","4","",98187,1127410,1141376,1149091,15799164563,785367389,9841794,1067,"",1.00,1.00,1.00,1.00,1.00,1.00,1.00,1.00,"",1298,1.3,11498,1.0,12874,1.1,13980,1.2,751958627,5.0,8600218,1.1,-2604923,-20.9,40,3.9
"12086","1","10","71","0","2017","4","",178,19896,19945,20481,442121816,0,0,1691,"",0.30,0.92,0.91,0.93,1.02,0.00,0.00,1.11,"",4,2.3,37,0.2,7,0.0,-29,-0.1,21764029,5.2,0,0.0,0,0.0,82,5.1
"12086","2","10","71","0","2017","4","",88,22496,22618,22711,237963022,0,0,810,"",0.13,0.62,0.62,0.62,0.46,0.00,0.00,0.74,"",-4,-4.3,7077,45.9,7178,46.5,7224,46.6,52408101,28.2,0,0.0,0,0.0,-114,-12.3
"12086","3","10","71","0","2017","4","",77,96824,96948,97051,1414452749,1091034,27362,1122,"",0.05,0.87,0.86,0.85,1.04,0.07,0.53,1.21,"",2,2.7,-6264,-6.1,-6675,-6.4,-6848,-6.6,6205220,0.4,387229,55.0,9242,51.0,76,7.3
"12086","5","10","71","0","2017","4","",97844,988194,1001865,1008848,13704626976,784276355,9814432,1055,"",1.03,1.03,1.03,1.03,1.02,1.03,1.00,0.98,"",1296,1.3,10648,1.1,12364,1.2,13633,1.4,671581277,5.2,8212989,1.1,-2614165,-21.0,40,3.9
"12087","0","10","70","0","2017","4","",4494,37846,39090,40417,428203291,30960300,299657,842,"",1.00,1.00,1.00,1.00,1.00,1.00,1.00,1.00,"",-9,-0.2,-3303,-8.0,-3055,-7.2,-2125,-5.0,4830748,1.1,-2193559,-6.6,-87311,-22.6,66,8.5
"12087","1","10","71","0","2017","4","",38,1158,1155,1151,21255464,0,0,1416,"",1.41,1.59,1.54,1.48,1.81,0.00,0.00,1.18,"",-1,-2.6,-58,-4.8,-73,-5.9,-80,-6.5,190845,0.9,0,0.0,0,0.0,93,7.0
"12087","2","10","71","0","2017","4","",29,625,620,621,6939755,0,0,858,"",0.92,0.51,0.50,0.48,0.50,0.00,0.00,1.00,"",-3,-9.4,-20,-3.1,-25,-3.9,-23,-3.6,-28266,-0.4,0,0.0,0,0.0,27,3.2
"12087","3","10","71","0","2017","4","",22,4023,4052,4345,65897523,25791,26,1224,"",0.29,1.07,1.04,1.09,1.79,0.04,0.02,1.68,"",0,0.0,-39,-1.0,-218,-5.1,292,7.2,11258236,20.6,2396,10.2,3,13.0,206,20.2
"12087","5","10","71","0","2017","4","",4405,32040,33263,34300,334110549,30934509,299631,774,"",1.01,1.00,1.00,1.00,0.91,1.03,1.01,0.91,"",-5,-0.1,-3186,-9.0,-2739,-7.6,-2314,-6.3,-6590067,-1.9,-2195955,-6.6,-87314,-22.6,45,6.2
"12089","0","10","70","0","2017","4","",2166,22612,22689,22636,235468109,17377194,218631,800,"",1.00,1.00,1.00,1.00,1.00,1.00,1.00,1.00,"",70,3.3,874,4.0,334,1.5,458,2.1,14872799,6.7,-1115884,-6.0,-89914,-29.1,32,4.2
"12089","1","10","71","0","2017","4","",10,507,509,511,14728691,0,0,2226,"",0.77,1.16,1.17,1.17,2.28,0.00,0.00,1.95,"",0,0.0,-16,-3.1,-7,-1.4,1,0.2,-365925,-2.4,0,0.0,0,0.0,-23,-1.0
"12089","2","10","71","0","2017","4","",17,269,264,260,2469814,0,0,719,"",1.12,0.37,0.36,0.36,0.32,0.00,0.00,0.88,"",-1,-5.6,2,0.7,6,2.3,-9,-3.3,248860,11.2,0,0.0,0,0.0,73,11.3
"12089","3","10","71","0","2017","4","",18,2785,2851,2839,28647390,98227,98,780,"",0.49,1.24,1.27,1.27,1.41,0.29,0.09,1.12,"",0,0.0,163,6.2,175,6.5,168,6.3,1644483,6.1,10469,11.9,10,11.4,-2,-0.3
"12089","5","10","71","0","2017","4","",2121,19051,19065,19026,189622214,17278967,218533,766,"",1.01,0.99,0.99,0.99,0.94,1.03,1.01,0.95,"",71,3.5,725,4.0,160,0.8,298,1.6,13345381,7.6,-1126353,-6.1,-89924,-29.2,39,5.4
"12091","0","10","70","0","2017","4","",6373,83194,83295,82776,946463752,59558244,616214,876,"",1.00,1.00,1.00,1.00,1.00,1.00,1.00,1.00,"",82,1.3,1376,1.7,1608,2.0,1400,1.7,26672646,2.9,3124618,5.5,-245738,-28.5,9,1.0
"12091","1","10","71","0","2017","4","",77,8510,8555,8567,160825043,0,0,1448,"",2.01,5.31,5.37,5.37,6.18,0.00,0.00,1.16,"",1,1.3,-8,-0.1,-1,0.0,-17,-0.2,4039482,2.6,0,0.0,0,0.0,38,2.7
"12091","2","10","71","0","2017","4","",33,1545,1530,1569,13518380,0,0,672,"",0.74,0.58,0.57,0.59,0.44,0.00,0.00,0.75,"",-1,-2.9,693,81.3,673,78.5,706,81.8,5746297,73.9,0,0.0,0,0.0,-25,-3.6
"12091","3","10","71","0","2017","4","",32,6905,6951,6936,71130163,18961,139,789,"",0.30,0.84,0.84,0.85,0.87,0.02,0.04,1.04,"",2,6.7,-653,-8.6,-605,-8.0,-635,-8.4,-4465394,-5.9,-7403,-28.1,-561,-80.1,20,2.6
"12091","5","10","71","0","2017","4","",6231,66234,66259,65704,700990166,59539283,616075,816,"",1.01,0.94,0.94,0.93,0.87,1.03,1.01,0.93,"",80,1.3,1344,2.1,1541,2.4,1346,2.1,21352261,3.1,3132021,5.6,-245177,-28.5,7,0.9
"12093","0","10","70","0","2017","4","",987,11265,11375,11534,108201789,8541780,81776,731,"",1.00,1.00,1.00,1.00,1.00,1.00,1.00,1.00,"",38,4.0,27,0.2,-19,-0.2,117,1.0,7220124,7.1,321489,3.9,-36465,-30.8,47,6.9
"12093","1","10","71","0","2017","4","",3,68,69,68,1078268,0,0,1214,"",0.51,0.31,0.32,0.31,0.36,0.00,0.00,1.16,"",0,0.0,-7,-9.3,-3,-4.2,-6,-8.1,48838,4.7,0,0.0,0,0.0,139,12.9
"12093","2","10","71","0","2017","4","",21,525,494,495,4663878,0,0,711,"",3.04,1.45,1.36,1.35,1.32,0.00,0.00,0.95,"",-2,-8.7,43,8.9,4,0.8,4,0.8,507505,12.2,0,0.0,0,0.0,55,8.4
"12093","3","10","71","0","2017","4","",13,1563,1572,1572,15594711,51689,51,765,"",0.77,1.40,1.39,1.38,1.68,0.31,0.12,1.21,"",0,0.0,1,0.1,6,0.4,-12,-0.8,-112624,-0.7,11837,29.7,-150,-74.6,-4,-0.5
"12093","5","10","71","0","2017","4","",950,9109,9240,9399,86864932,8490091,81725,722,"",0.99,0.95,0.96,0.96,0.94,1.03,1.01,0.98,"",40,4.4,-10,-0.1,-26,-0.3,131,1.4,6776405,8.5,309652,3.8,-36315,-30.8,54,8.1
"12095","0","10","70","0","2017","4","",42194,834149,843128,845918,10596689479,623644101,6874219,969,"",1.00,1.00,1.00,1.00,1.00,1.00,1.00,1.00,"",1191,2.9,30165,3.8,31990,3.9,31773,3.9,643554879,6.5,48785242,8.5,-1364842,-16.6,23,2.4
"12095","1","10","71","0","2017","4","",85,12389,12439,12553,254715963,0,0,1572,"",0.34,0.77,0.77,0.77,0.87,0.00,0.00,1.13,"",2,2.4,309,2.6,261,2.1,210,1.7,23670400,10.2,0,0.0,0,0.0,115,7.9
"12095","2","10","71","0","2017","4","",90,17347,17422,16810,210916152,0,0,944,"",0.30,0.65,0.65,0.62,0.61,0.00,0.00,0.96,"",0,0.0,4848,38.8,4848,38.6,4764,39.5,50951542,31.9,-8104,-100.0,-219,-100.0,-51,-5.1
"12095","3","10","71","0","2017","4","",53,48402,49325,48684,612027468,13500,14,965,"",0.07,0.59,0.59,0.58,0.67,0.00,0.00,1.15,"",-2,-3.6,-2438,-4.8,-1964,-3.8,-2446,-4.8,-8355253,-1.3,-2155,-13.8,-2,-12.5,31,3.3
"12095","5","10","71","0","2017","4","",41966,756011,763942,767871,9519029896,623630601,6874205,960,"",1.03,1.07,1.07,1.07,1.05,1.03,1.01,0.99,"",1191,2.9,27446,3.8,28845,3.9,29245,4.0,577288190,6.5,48795501,8.5,-1364621,-16.6,23,2.5
"12097","0","10","70","0","2017","4","",6986,92555,93815,94414,900824110,67094823,711558,740,"",1.00,1.00,1.00,1.00,1.00,1.00,1.00,1.00,"",304,4.5,3744,4.2,4041,4.5,4089,4.5,58741099,7.0,4127684,6.6,-152531,-17.7,17,2.4
"12097","1","10","71","0","2017","4","",15,447,449,458,7788087,0,0,1327,"",0.36,0.25,0.25,0.25,0.31,0.00,0.00,1.25,"",-1,-6.2,22,5.2,45,11.1,28,6.5,944576,13.8,0,0.0,0,0.0,73,5.8
"12097","2","10","71","0","2017","4","",26,852,770,764,7833690,0,0,758,"",0.53,0.29,0.26,0.25,0.27,0.00,0.00,1.00,"",-3,-10.3,-10,-1.2,-58,-7.0,-110,-12.6,-152363,-1.9,0,0.0,0,0.0,39,5.4
"12097","3","10","71","0","2017","4","",15,12223,12347,12389,138060805,1200,1,862,"",0.13,1.33,1.33,1.33,1.78,0.00,0.00,1.34,"",0,0.0,174,1.4,385,3.2,283,2.3,6088950,4.6,800,200.0,1,100.0,19,2.3
"12097","5","10","71","0","2017","4","",6930,79033,80249,80803,747141528,67093623,711557,718,"",1.02,1.01,1.01,1.01,0.97,1.03,1.01,0.97,"",308,4.7,3558,4.7,3669,4.8,3888,5.1,51859936,7.5,4126884,6.6,-152532,-17.7,17,2.4
"12099","0","10","70","0","2017","4","",56338,595452,606109,611645,8699570722,476353973,5746092,1107,"",1.00,1.00,1.00,1.00,1.00,1.00,1.00,1.00,"",1163,2.1,9973,1.7,8906,1.5,7626,1.3,537027957,6.6,1997062,0.4,-1415549,-19.8,53,5.0
"12099","1","10","71","0","2017","4","",89,6704,6658,6792,140826706,0,0,1613,"",0.26,0.58,0.57,0.58,0.59,0.00,0.00,1.02,"",-5,-5.3,-63,-0.9,-134,-2.0,-126,-1.8,12249338,9.5,0,0.0,0,0.0,164,11.3
"12099","2","10","71","0","2017","4","",82,10332,10362,10356,122810273,0,0,913,"",0.21,0.54,0.53,0.53,0.43,0.00,0.00,0.81,"",-2,-2.4,3260,46.1,3282,46.4,3265,46.0,29155568,31.1,0,0.0,0,0.0,-104,-10.2
"12099","3","10","71","0","2017","4","",98,44761,44547,44805,731848711,3463576,15948,1259,"",0.10,0.76,0.74,0.74,0.98,0.37,0.53,1.31,"",0,0.0,-2125,-4.5,-2172,-4.6,-2129,-4.5,14756058,2.1,69306,2.0,-5878,-26.9,82,7.0
"12099","5","10","71","0","2017","4","",56069,533655,544542,549692,7704085032,472890397,5730144,1092,"",1.03,1.05,1.06,1.06,1.04,1.03,1.00,0.98,"",1170,2.1,8901,1.7,7930,1.5,6616,1.2,480866993,6.7,1927756,0.4,-1409671,-19.7,53,5.1
"12101","0","10","70","0","2017","4","",10874,117889,118948,119299,1172852415,83319462,892178,760,"",1.00,1.00,1.00,1.00,1.00,1.00,1.00,1.00,"",183,1.7,2165,1.9,2146,1.8,2190,1.9,53959965,4.8,1262538,1.5,-215951,-19.5,21,2.8
"12101","1","10","71","0","2017","4","",28,837,834,847,14452588,0,0,1325,"",0.43,0.37,0.37,0.37,0.45,0.00,0.00,1.22,"",0,0.0,40,5.0,27,3.3,32,3.9,1775322,14.0,0,0.0,0,0.0,116,9.6
"12101","2","10","71","0","2017","4","",34,1996,1968,1985,18621486,0,0,722,"",0.45,0.53,0.52,0.52,0.49,0.00,0.00,0.93,"",-4,-10.5,796,66.3,757,62.5,771,63.5,8396708,82.1,0,0.0,0,0.0,71,10.9
"12101","3","10","71","0","2017","4","",21,15989,15981,15976,170735900,422421,5669,822,"",0.11,1.37,1.35,1.35,1.69,0.26,1.21,1.25,"",-2,-8.7,-584,-3.5,-653,-3.9,-560,-3.4,2825412,1.7,24845,6.2,-607,-9.7,43,5.5
"12101","5","10","71","0","2017","4","",10791,99067,100165,100491,969042441,82897041,886509,746,"",1.02,0.99,0.99,0.99,0.97,1.03,1.00,0.98,"",189,1.8,1913,2.0,2015,2.1,1947,2.0,40962523,4.4,1237693,1.5,-215344,-19.5,17,2.3
"12103","0","10","70","0","2017","4","",32968,428067,433304,433066,5546391174,299651384,3272793,989,"",1.00,1.00,1.00,1.00,1.00,1.00,1.00,1.00,"",474,1.5,5636,1.3,7007,1.6,5399,1.3,208277666,3.9,-1218617,-0.4,-1049061,-24.3,24,2.5
"12103","1","10","71","0","2017","4","",71,7039,7054,7107,141556361,0,0,1541,"",0.36,0.85,0.85,0.85,0.93,0.00,0.00,1.09,"",-1,-1.4,-67,-0.9,-114,-1.6,-107,-1.5,12542149,9.7,0,0.0,0,0.0,155,11.2
"12103","2","10","71","0","2017","4","",64,6414,6397,6415,64045775,0,0,769,"",0.28,0.47,0.46,0.46,0.35,0.00,0.00,0.76,"",1,1.6,2535,65.4,2504,64.3,2531,65.2,24720490,62.9,0,0.0,0,0.0,-10,-1.3
"12103","3","10","71","0","2017","4","",48,31116,31127,31130,379510571,156947,603,938,"",0.09,0.73,0.72,0.73,0.80,0.03,0.04,1.09,"",-1,-2.0,-2518,-7.5,-2547,-7.6,-2574,-7.6,-11417571,-2.9,15947,11.3,-74,-10.9,45,5.0
"12103","5","10","71","0","2017","4","",32785,383498,388726,388414,4961278467,299494437,3272190,986,"",1.03,1.05,1.06,1.06,1.05,1.03,1.01,0.99,"",475,1.5,5686,1.5,7164,1.9,5549,1.4,182432598,3.8,-1234564,-0.4,-1048987,-24.3,21,2.2
"12105","0","10","70","0","2017","4","",13251,215502,219761,220909,2334530380,166560681,1650077,821,"",1.00,1.00,1.00,1.00,1.00,1.00,1.00,1.00,"",261,2.0,5520,2.6,6400,3.0,5612,2.6,119727546,5.4,12420949,8.1,-499412,-23.2,21,2.6
"12105","1","10","71","0","2017","4","",53,1085,1093,1122,18704844,0,0,1308,"",0.67,0.26,0.26,0.26,0.29,0.00,0.00,1.11,"",-3,-5.4,-5,-0.5,24,2.2,14,1.3,1292782,7.4,0,0.0,0,0.0,78,6.3
"12105","2","10","71","0","2017","4","",64,4864,4894,4868,48607856,0,0,767,"",0.69,0.70,0.70,0.69,0.64,0.00,0.00,0.92,"",-2,-3.0,981,25.3,1035,26.8,1001,25.9,9253621,23.5,0,0.0,0,0.0,-15,-1.9
"12105","3","10","71","0","2017","4","",41,22008,22375,22232,234950088,922877,2362,814,"",0.18,1.03,1.03,1.02,1.17,0.28,0.27,1.14,"",-1,-2.4,-1362,-5.8,-1013,-4.3,-1189,-5.1,-145952,-0.1,24023,2.7,-3293,-58.2,41,5.3
"12105","5","10","71","0","2017","4","",13093,187545,191399,192687,2032267592,165637804,1647715,820,"",1.02,1.02,1.03,1.03,1.02,1.03,1.01,0.99,"",267,2.1,5906,3.3,6354,3.4,5786,3.1,109327095,5.7,12396926,8.1,-496119,-23.1,18,2.2
"12107","0","10","70","0","2017","4","",1443,16504,16351,16501,156042380,10364177,109608,730,"",1.00,1.00,1.00,1.00,1.00,1.00,1.00,1.00,"",7,0.5,-75,-0.5,-121,-0.7,-470,-2.8,2833715,1.8,-285717,-2.7,-47040,-30.0,23,3.3
"12107","1","10","71","0","2017","4","",21,113,114,110,1579168,0,0,1081,"",2.43,0.36,0.36,0.35,0.37,0.00,0.00,1.04,"",0,0.0,-3,-2.6,7,6.5,-4,-3.5,57299,3.8,0,0.0,0,0.0,39,3.7
"12107","2","10","71","0","2017","4","",30,937,950,950,8642486,0,0,703,"",2.97,1.77,1.81,1.81,1.70,0.00,0.00,0.94,"",1,3.4,539,135.4,562,144.8,561,144.2,5270734,156.3,0,0.0,0,0.0,41,6.2
"12107","3","10","71","0","2017","4","",16,2785,2812,2823,32379283,41084,41,887,"",0.65,1.70,1.73,1.73,2.41,0.20,0.07,1.40,"",-1,-5.9,-586,-17.4,-562,-16.7,-535,-15.9,-4865344,-13.1,1506,3.8,1,2.5,36,4.2
"12107","5","10","71","0","2017","4","",1376,12669,12475,12618,113441443,10323093,109567,693,"",0.98,0.90,0.90,0.90,0.85,1.03,1.01,0.94,"",7,0.5,-25,-0.2,-128,-1.0,-492,-3.8,2371026,2.1,-287223,-2.7,-47041,-30.0,26,3.9
"12109","0","10","70","0","2017","4","",7274,74669,75591,75063,817507588,58409494,605266,837,"",1.00,1.00,1.00,1.00,1.00,1.00,1.00,1.00,"",322,4.6,4370,6.2,4192,5.9,3281,4.6,72686266,9.8,2378509,4.2,-119884,-16.5,32,4.0
"12109","1","10","71","0","2017","4","",15,624,630,630,11369414,0,0,1393,"",0.34,0.43,0.44,0.44,0.51,0.00,0.00,1.16,"",0,0.0,17,2.8,20,3.3,15,2.4,667651,6.2,0,0.0,0,0.0,45,3.3
"12109","2","10","71","0","2017","4","",30,1533,1555,1534,14105181,0,0,704,"",0.59,0.64,0.64,0.64,0.53,0.00,0.00,0.82,"",-2,-6.2,-7,-0.5,-1,-0.1,-25,-1.6,157335,1.1,0,0.0,0,0.0,13,1.9
"12109","3","10","71","0","2017","4","",16,7897,8248,7988,87523738,226782,577,837,"",0.13,1.07,1.10,1.08,1.25,0.20,0.18,1.15,"",0,0.0,189,2.5,378,4.8,234,3.0,3019130,3.6,982,0.4,-335,-36.7,1,0.1
"12109","5","10","71","0","2017","4","",7213,64615,65158,64911,704509255,58182712,604689,835,"",1.02,1.02,1.01,1.02,1.01,1.03,1.01,0.99,"",324,4.7,4171,6.9,3795,6.2,3057,4.9,68842150,10.8,2377527,4.3,-119549,-16.5,36,4.5
"12111","0","10","70","0","2017","4","",6426,75035,76264,76663,783064946,54350242,680536,793,"",1.00,1.00,1.00,1.00,1.00,1.00,1.00,1.00,"",129,2.0,1470,2.0,1289,1.7,1294,1.7,33487294,4.5,-2348742,-4.1,-255739,-27.3,20,2.6
"12111","1","10","71","0","2017","4","",29,716,719,729,13928046,0,0,1485,"",0.75,0.50,0.49,0.49,0.65,0.00,0.00,1.31,"",0,0.0,-16,-2.2,-15,-2.0,-9,-1.2,-53267,-0.4,0,0.0,0,0.0,21,1.4
"12111","2","10","71","0","2017","4","",49,3429,3444,3449,35121458,0,0,785,"",1.09,1.42,1.41,1.41,1.37,0.00,0.00,0.97,"",-2,-3.9,1857,118.1,1863,117.8,1859,116.9,18215034,107.7,0,0.0,0,0.0,-38,-4.6
"12111","3","10","71","0","2017","4","",19,9412,9591,9566,120291468,0,0,972,"",0.17,1.27,1.27,1.26,1.79,0.00,0.00,1.41,"",-1,-5.0,-1711,-15.4,-1553,-13.9,-1567,-14.1,-7356000,-5.8,0,0.0,0,0.0,90,10.2
"12111","5","10","71","0","2017","4","",6329,61478,62510,62919,613723974,54350242,680536,758,"",1.02,0.96,0.96,0.97,0.92,1.03,1.01,0.95,"",132,2.1,1340,2.2,994,1.6,1011,1.6,22681527,3.8,-2348742,-4.1,-255739,-27.3,15,2.0
"12113","0","10","70","0","2017","4","",3398,37280,37583,37527,352937058,25117148,265747,725,"",1.00,1.00,1.00,1.00,1.00,1.00,1.00,1.00,"",40,1.2,969,2.7,1035,2.8,936,2.6,15454588,4.6,312596,1.3,-68702,-20.5,13,1.8
"12113","1","10","71","0","2017","4","",24,813,792,800,11926972,0,0,1144,"",1.18,1.13,1.10,1.11,1.23,0.00,0.00,1.10,"",0,0.0,19,2.4,1,0.1,-11,-1.4,563970,5.0,0,0.0,0,0.0,50,4.6
"12113","2","10","71","0","2017","4","",34,1296,1305,1307,11893087,0,0,702,"",1.43,1.08,1.08,1.09,1.03,0.00,0.00,0.95,"",-3,-8.1,-31,-2.3,-29,-2.2,-27,-2.0,310157,2.7,0,0.0,0,0.0,33,4.9
"12113","3","10","71","0","2017","4","",16,4445,4528,4430,46912473,0,0,808,"",0.28,1.20,1.21,1.19,1.55,0.00,0.00,1.28,"",-1,-5.9,147,3.4,224,5.2,112,2.6,3223532,7.4,-151026,-100.0,-1702,-100.0,28,3.6
"12113","5","10","71","0","2017","4","",3324,30726,30958,30990,282204526,25117148,265747,703,"",1.01,0.97,0.97,0.97,0.94,1.03,1.01,0.96,"",44,1.3,834,2.8,839,2.8,862,2.9,11356929,4.2,463622,1.9,-67000,-20.1,10,1.4
"12115","0","10","70","0","2017","4","",15917,166581,169286,171061,2071000629,131657636,1330411,943,"",1.00,1.00,1.00,1.00,1.00,1.00,1.00,1.00,"",303,1.9,2212,1.3,2007,1.2,1944,1.1,116858715,6.0,1301278,1.0,-292397,-18.0,42,4.7
"12115","1","10","71","0","2017","4","",36,1030,1033,1036,17610354,0,0,1311,"",0.38,0.32,0.32,0.31,0.31,0.00,0.00,0.97,"",-1,-2.7,43,4.4,45,4.6,22,2.2,226684,1.3,0,0.0,0,0.0,-31,-2.3
"12115","2","10","71","0","2017","4","",39,2069,2061,2082,21769918,0,0,809,"",0.35,0.39,0.38,0.38,0.32,0.00,0.00,0.84,"",-2,-4.9,12,0.6,-20,-1.0,-2,-0.1,958796,4.6,0,0.0,0,0.0,37,4.8
"12115","3","10","71","0","2017","4","",24,11643,11741,11790,152636541,502131,1982,1001,"",0.09,0.71,0.70,0.70,0.86,0.19,0.28,1.22,"",1,4.3,114,1.0,369,3.2,405,3.6,8532500,5.9,24012,5.0,-1461,-42.4,31,3.2
"12115","5","10","71","0","2017","4","",15818,151839,154451,156153,1878983816,131155505,1328429,938,"",1.02,1.07,1.07,1.07,1.06,1.03,1.01,0.99,"",305,2.0,2043,1.4,1613,1.1,1519,1.0,107140735,6.0,1277266,1.0,-290936,-18.0,44,4.9
"12117","0","10","70","0","2017","4","",14912,190619,193031,194537,2335077688,147125012,1654406,932,"",1.00,1.00,1.00,1.00,1.00,1.00,1.00,1.00,"",170,1.2,5059,2.7,5073,2.7,6331,3.4,152004054,7.0,2361893,1.6,-486293,-22.7,35,3.9
"12117","1","10","71","0","2017","4","",28,914,908,963,16900851,0,0,1400,"",0.31,0.25,0.25,0.26,0.26,0.00,0.00,1.05,"",1,3.7,19,2.1,4,0.4,-17,-1.7,46918,0.3,0,0.0,0,0.0,0,0.0
"12117","2","10","71","0","2017","4","",32,2234,2257,2210,22181426,0,0,764,"",0.31,0.37,0.37,0.36,0.29,0.00,0.00,0.80,"",-4,-11.1,1546,224.7,1580,233.4,1532,226.0,15155718,215.7,0,0.0,0,0.0,-30,-3.8
"12117","3","10","71","0","2017","4","",20,13699,13709,14046,163218114,5000,135,909,"",0.08,0.73,0.72,0.73,0.81,0.00,0.02,1.12,"",-1,-4.8,-1277,-8.5,-1379,-9.1,-1256,-8.2,-9174643,-5.3,5000,100.0,135,100.0,32,3.6
"12117","5","10","71","0","2017","4","",14832,173772,176157,177318,2132777297,147120012,1654271,933,"",1.03,1.07,1.07,1.07,1.07,1.03,1.01,1.00,"",174,1.2,4771,2.8,4868,2.8,6072,3.5,145976061,7.3,2356893,1.6,-486428,-22.7,37,4.1
"12119","0","10","70","0","2017","4","",1847,28810,29247,29678,306642097,21982151,254073,807,"",1.00,1.00,1.00,1.00,1.00,1.00,1.00,1.00,"",67,3.8,1470,5.4,1505,5.4,1691,6.0,33283283,12.2,3410051,18.4,24824,10.8,48,6.3
"12119","1","10","71","0","2017","4","",13,1666,1650,1650,29131976,0,0,1354,"",1.17,3.00,2.95,2.89,3.46,0.00,0.00,1.17,"",0,0.0,-28,-1.7,-44,-2.6,-97,-5.6,2469246,9.3,0,0.0,0,0.0,156,13.0
"12119","2","10","71","0","2017","4","",24,779,781,787,6921658,0,0,681,"",1.85,0.84,0.83,0.83,0.69,0.00,0.00,0.83,"",-2,-7.7,6,0.8,-3,-0.4,3,0.4,626484,10.0,0,0.0,0,0.0,60,9.7
"12119","3","10","71","0","2017","4","",13,2675,2706,2700,23259345,38177,405,664,"",0.41,0.94,0.93,0.92,0.88,0.09,0.30,0.95,"",0,0.0,70,2.7,100,3.8,84,3.2,1251160,5.7,1863,5.1,6,1.5,15,2.3
"12119","5","10","71","0","2017","4","",1797,23690,24110,24541,247329118,21943974,253668,789,"",1.00,0.97,0.97,0.97,0.94,1.03,1.01,0.97,"",69,4.0,1422,6.4,1452,6.4,1701,7.4,28936393,13.2,3408188,18.4,24818,10.8,45,6.0
"12121","0","10","70","0","2017","4","",803,11494,11427,11439,96899464,7504476,91320,651,"",1.00,1.00,1.00,1.00,1.00,1.00,1.00,1.00,"",-1,-0.1,-145,-1.2,-223,-1.9,-23,-0.2,3167531,3.4,13411,0.2,-32426,-26.2,29,4.7
"12121","1","10","71","0","2017","4","",8,105,96,98,1399151,0,0,1080,"",1.66,0.47,0.44,0.44,0.53,0.00,0.00,1.16,"",0,0.0,4,4.0,0,0.0,-4,-3.9,124079,9.7,0,0.0,0,0.0,96,9.8
"12121","2","10","71","0","2017","4","",23,874,867,868,8699098,0,0,769,"",4.09,2.37,2.37,2.38,2.75,0.00,0.00,1.16,"",-1,-4.2,-37,-4.1,-31,-3.5,-33,-3.7,190075,2.2,0,0.0,0,0.0,44,6.1
"12121","3","10","71","0","2017","4","",12,1493,1499,1502,14851102,0,0,763,"",0.88,1.31,1.32,1.33,1.78,0.00,0.00,1.35,"",0,0.0,-3,-0.2,21,1.4,18,1.2,730155,5.2,0,0.0,0,0.0,32,4.4
"12121","5","10","71","0","2017","4","",760,9022,8965,8971,71950113,7504476,91320,616,"",0.98,0.92,0.92,0.92,0.87,1.03,1.01,0.94,"",0,0.0,-109,-1.2,-213,-2.3,-4,0.0,2123222,3.0,13411,0.2,-32426,-26.2,25,4.2
"12123","0","10","70","0","2017","4","",435,6666,6682,6719,67524535,4239972,60563,777,"",1.00,1.00,1.00,1.00,1.00,1.00,1.00,1.00,"",2,0.5,-52,-0.8,-81,-1.2,62,0.9,2525657,3.9,250903,6.3,-8930,-12.9,32,4.3
"12123","1","10","71","0","2017","4","",4,33,31,32,467402,0,0,1124,"",1.53,0.26,0.24,0.25,0.25,0.00,0.00,1.01,"",0,0.0,2,6.5,-2,-6.1,0,0.0,35107,8.1,0,0.0,0,0.0,85,8.2
"12123","2","10","71","0","2017","4","",15,575,581,581,5380687,0,0,715,"",4.92,2.69,2.71,2.71,2.44,0.00,0.00,0.90,"",0,0.0,-21,-3.5,-17,-2.8,-17,-2.8,222884,4.3,0,0.0,0,0.0,51,7.7
"12123","3","10","71","0","2017","4","",11,852,844,851,7190631,81495,81,652,"",1.49,1.29,1.27,1.28,1.24,0.97,0.25,0.97,"",0,0.0,-42,-4.7,-48,-5.4,-37,-4.2,-179394,-2.4,6010,8.0,5,6.6,16,2.5
"12123","5","10","71","0","2017","4","",405,5206,5226,5255,54485815,4158477,60482,802,"",0.96,0.92,0.92,0.92,0.94,1.01,1.01,1.03,"",2,0.5,9,0.2,-14,-0.3,116,2.3,2447060,4.7,244893,6.3,-8935,-12.9,31,4.0
"12125","0","10","70","0","2017","4","",203,3582,3579,3615,32482764,1467078,25044,696,"",1.00,1.00,1.00,1.00,1.00,1.00,1.00,1.00,"",16,8.6,-144,-3.9,-158,-4.2,-117,-3.1,-592649,-1.8,-561153,-27.7,-26889,-51.8,14,2.1
"12125","1","10","71","0","2017","4","",3,18,16,17,225347,0,0,1020,"",2.46,0.26,0.23,0.24,0.25,0.00,0.00,1.02,"",0,0.0,-1,-5.3,-2,-11.1,-3,-15.0,10117,4.7,0,0.0,0,0.0,149,17.1
"12125","2","10","71","0","2017","4","N",10,0,0,0,0,0,0,0,"N",7.03,0,0,0,0,0,0,0,"N",0,0.0,0,0,0,0,0,0,0,0,0,0,0,0,0,0
"12125","3","10","71","0","2017","4","N",11,0,0,0,0,0,0,0,"N",3.19,0,0,0,0,0,0,0,"N",0,0.0,0,0,0,0,0,0,0,0,0,0,0,0,0,0
"12125","5","10","71","0","2017","4","",179,1640,1651,1686,14923097,1467078,25044,692,"",0.91,0.54,0.54,0.55,0.54,1.03,1.01,0.99,"",16,9.8,-23,-1.4,-45,-2.7,-8,-0.5,-180858,-1.2,-561153,-27.7,-26889,-51.8,2,0.3
"12127","0","10","70","0","2017","4","",14295,170537,172767,172806,1767644658,116963318,1406513,790,"",1.00,1.00,1.00,1.00,1.00,1.00,1.00,1.00,"",231,1.6,2033,1.2,1960,1.1,1952,1.1,85826055,5.1,4345598,3.9,-312344,-18.2,29,3.8
"12127","1","10","71","0","2017","4","",43,1298,1301,1307,23872380,0,0,1410,"",0.50,0.40,0.39,0.39,0.49,0.00,0.00,1.25,"",1,2.4,61,4.9,63,5.1,36,2.8,2258040,10.4,0,0.0,0,0.0,78,5.9
"12127","2","10","71","0","2017","4","",56,4317,4353,4299,44980579,0,0,800,"",0.56,0.79,0.79,0.78,0.78,0.00,0.00,0.99,"",-1,-1.8,1305,43.3,1348,44.9,1296,43.2,14545366,47.8,0,0.0,0,0.0,21,2.7
"12127","3","10","71","0","2017","4","",29,14397,14475,14500,176002980,0,0,936,"",0.12,0.85,0.84,0.85,1.16,0.00,0.00,1.37,"",-2,-6.5,-1225,-7.8,-1214,-7.7,-1248,-7.9,-4842888,-2.7,0,0.0,0,0.0,49,5.5
"12127","5","10","71","0","2017","4","",14167,150525,152638,152700,1522788719,116963318,1406513,771,"",1.02,1.04,1.04,1.04,1.01,1.03,1.01,0.97,"",233,1.7,1892,1.3,1763,1.2,1868,1.2,73865537,5.1,4345598,3.9,-312344,-18.2,29,3.9
"12129","0","10","70","0","2017","4","",536,5634,5647,5598,50249104,3215370,34937,687,"",1.00,1.00,1.00,1.00,1.00,1.00,1.00,1.00,"",28,5.5,118,2.1,51,0.9,56,1.0,2372007,5.0,359188,12.6,841,2.5,24,3.6
"12129","1","10","71","0","2017","4","",8,89,85,86,1313508,0,0,1166,"",2.49,0.82,0.79,0.80,0.95,0.00,0.00,1.19,"",0,0.0,1,1.1,-2,-2.3,-1,-1.1,12043,0.9,0,0.0,0,0.0,20,1.7
"12129","2","10","71","0","2017","4","",14,695,700,701,6151579,0,0,677,"",3.73,3.84,3.87,3.93,3.75,0.00,0.00,0.97,"",0,0.0,4,0.6,13,1.9,15,2.2,575322,10.3,0,0.0,0,0.0,54,8.7
"12129","3","10","71","0","2017","4","",10,1070,1073,1070,9526678,0,0,684,"",1.10,1.92,1.91,1.93,2.20,0.00,0.00,1.15,"",0,0.0,-10,-0.9,-13,-1.2,3,0.3,435486,4.8,0,0.0,0,0.0,35,5.4
"12129","5","10","71","0","2017","4","",504,3780,3789,3741,33257339,3215370,34937,679,"",0.97,0.79,0.79,0.79,0.78,1.03,1.01,0.98,"",28,5.9,123,3.4,53,1.4,39,1.1,1349156,4.2,359188,12.6,841,2.5,15,2.3
"12131","0","10","70","0","2017","4","",2612,25462,24952,24556,243528439,18502401,186382,750,"",1.00,1.00,1.00,1.00,1.00,1.00,1.00,1.00,"",111,4.4,539,2.2,379,1.5,550,2.3,12439747,5.4,399307,2.2,-41118,-18.1,24,3.3
"12131","1","10","71","0","2017","4","",8,146,143,147,2401931,0,0,1271,"",0.51,0.30,0.30,0.31,0.36,0.00,0.00,1.18,"",0,0.0,3,2.1,-1,-0.7,2,1.4,128110,5.6,0,0.0,0,0.0,56,4.6
"12131","2","10","71","0","2017","4","",18,541,541,544,4953548,0,0,703,"",0.98,0.66,0.68,0.69,0.62,0.00,0.00,0.92,"",-1,-5.3,0,0.0,7,1.3,10,1.9,340114,7.4,0,0.0,0,0.0,41,6.2
"12131","3","10","71","0","2017","4","",13,2764,2721,2721,27840031,21216,21,783,"",0.29,1.10,1.10,1.12,1.33,0.06,0.02,1.20,"",0,0.0,135,5.1,76,2.9,188,7.4,1590271,6.1,-9761,-31.5,-10,-32.3,7,0.9
"12131","5","10","71","0","2017","4","",2573,22011,21547,21144,208332929,18481185,186361,743,"",1.02,1.02,1.02,1.01,1.00,1.03,1.01,0.99,"",112,4.6,401,1.9,297,1.4,350,1.7,10381252,5.2,409068,2.3,-41108,-18.1,25,3.5
"12133","0","10","70","0","2017","4","",459,5859,5928,6006,52477829,3306345,37221,681,"",1.00,1.00,1.00,1.00,1.00,1.00,1.00,1.00,"",28,6.5,-14,-0.2,70,1.2,132,2.2,2577684,5.2,43264,1.3,-14582,-28.1,27,4.1
"12133","1","10","71","0","2017","4","",5,33,32,34,437286,0,0,1019,"",1.82,0.29,0.28,0.29,0.30,0.00,0.00,1.05,"",0,0.0,-2,-5.7,1,3.2,2,6.2,46022,11.8,0,0.0,0,0.0,98,10.6
"12133","2","10","71","0","2017","4","",21,912,927,927,9764157,0,0,815,"",6.53,4.85,4.88,4.84,5.70,0.00,0.00,1.17,"",-1,-4.5,-35,-3.7,-5,-0.5,-6,-0.6,189624,2.0,0,0.0,0,0.0,29,3.7
"12133","3","10","71","0","2017","4","",12,946,948,956,8356241,0,0,677,"",1.54,1.63,1.61,1.61,1.85,0.00,0.00,1.15,"",1,9.1,-42,-4.3,-35,-3.6,-25,-2.5,-50886,-0.6,0,0.0,0,0.0,20,3.0
"12133","5","10","71","0","2017","4","",421,3968,4021,4089,33920145,3306345,37221,648,"",0.95,0.80,0.80,0.80,0.76,1.03,1.01,0.95,"",28,7.1,65,1.7,109,2.8,161,4.1,2392924,7.6,43264,1.3,-14582,-28.1,28,4.5
"12999","0","10","70","0","2017","4","",42715,283040,286256,285310,5507909552,340172630,4734805,1487,"",1.00,1.00,1.00,1.00,1.00,1.00,1.00,1.00,"",-993,-2.3,17461,6.6,16499,6.1,17413,6.5,395343626,7.7,18147106,5.6,-657954,-12.2,18,1.2
"12999","1","10","71","0","2017","4","",67,2704,2711,2731,59252415,0,0,1679,"",0.26,0.50,0.49,0.50,0.39,0.00,0.00,0.79,"",7,11.7,544,25.2,525,24.0,546,25.0,18764998,46.3,0,0.0,0,0.0,248,17.3
"12999","2","10","71","0","2017","4","N",68,0,0,0,0,0,0,0,"N",0.23,0,0,0,0,0,0,0,"N",-6,-8.1,0,0,0,0,0,0,0,0,0,0,0,0,0,0
"12999","3","10","71","0","2017","4","N",11,0,0,0,0,0,0,0,"N",0.02,0,0,0,0,0,0,0,"N",2,22.2,0,0,0,0,0,0,0,0,0,0,0,0,0,0
"12999","5","10","71","0","2017","4","",42569,278554,281818,280829,5422469554,340144522,4734548,1488,"",1.03,1.16,1.16,1.16,1.15,1.03,1.01,1.00,"",-996,-2.3,16971,6.5,16071,6.0,16950,6.4,373994140,7.4,18148440,5.6,-658059,-12.2,16,1.1
"13000","0","10","50","0","2017","4","",274662,4394337,4424949,4421894,58995373526,4565303057,80082147,1028,"",1.00,1.00,1.00,1.00,1.00,1.00,1.00,1.00,"",-29276,-9.6,84509,2.0,80403,1.9,74291,1.7,3069552685,5.5,186217216,4.3,-4331005,-5.1,35,3.5
"13000","1","10","51","0","2017","4","",1618,100935,101353,101548,1983943670,0,0,1507,"",0.98,1.19,1.20,1.19,1.22,0.00,0.00,1.03,"",-437,-21.3,94,0.1,-206,-0.2,-765,-0.7,59254834,3.1,0,0.0,0,0.0,49,3.4
"13000","2","10","51","0","2017","4","",2731,146819,146470,145336,1761194084,2920142,21230,927,"",1.42,1.04,1.03,1.03,0.91,0.05,0.20,0.88,"",-77,-2.7,2716,1.9,1255,0.9,1635,1.1,91233179,5.5,285243,10.8,1356,6.8,37,4.2
"13000","3","10","51","0","2017","4","",3921,405908,408607,406069,4235801273,13402953,135574,801,"",0.84,0.93,0.93,0.93,0.83,0.15,0.32,0.90,"",-49,-1.2,196,0.0,-1469,-0.4,500,0.1,113504989,2.8,323013,2.5,-1519,-1.1,22,2.8
"13000","5","10","51","0","2017","4","",266392,3740675,3768519,3768941,51014434499,4548979962,79925343,1044,"",1.00,1.00,1.00,1.00,1.01,1.03,1.00,1.01,"",-28713,-9.7,81503,2.2,80823,2.2,72921,2.0,2805559683,5.8,185608960,4.3,-4330842,-5.1,37,3.7
"13000","8","10","96","0","2017","4","",8270,653662,656430,652953,7980939027,16323095,156804,938,"",1.00,0.99,0.99,0.98,0.93,0.11,0.30,0.94,"",-563,-6.4,3006,0.5,-420,-0.1,1370,0.2,263993002,3.4,608256,3.9,-163,-0.1,29,3.2
"13001","0","10","70","0","2017","4","",401,6873,6879,6729,72240295,5690593,84212,814,"",1.00,1.00,1.00,1.00,1.00,1.00,1.00,1.00,"",-53,-11.7,-107,-1.5,-53,-0.8,-237,-3.4,2495295,3.6,243410,4.5,-1551,-1.8,43,5.6
"13001","1","10","71","0","2017","4","",6,42,43,43,582386,0,0,1050,"",2.49,0.32,0.33,0.33,0.29,0.00,0.00,0.90,"",-1,-14.3,0,0.0,1,2.4,-2,-4.4,26843,4.8,0,0.0,0,0.0,56,5.6
"13001","2","10","71","0","2017","4","",11,96,97,97,827708,0,0,659,"",3.91,0.44,0.44,0.45,0.35,0.00,0.00,0.79,"",0,0.0,5,5.5,5,5.4,5,5.4,63978,8.4,0,0.0,0,0.0,18,2.8
"13001","3","10","71","0","2017","4","",16,1209,1197,1197,10464768,10348,80,670,"",2.35,1.78,1.75,1.80,1.68,0.09,0.18,0.95,"",0,0.0,-35,-2.8,-53,-4.2,-44,-3.5,-94207,-0.9,7815,308.5,68,566.7,18,2.8
"13001","5","10","71","0","2017","4","",368,5526,5542,5392,60365433,5680245,84132,846,"",0.95,0.95,0.95,0.94,0.98,1.03,1.01,1.03,"",-52,-12.4,-77,-1.4,-6,-0.1,-196,-3.5,2498681,4.3,235595,4.3,-1619,-1.9,48,6.0
"13003","0","10","70","0","2017","4","",112,2137,2124,2187,18796021,1886182,41312,673,"",1.00,1.00,1.00,1.00,1.00,1.00,1.00,1.00,"",-11,-8.9,137,6.8,156,7.9,228,11.6,1666513,9.7,571795,43.5,14446,53.8,6,0.9
"13003","1","10","71","0","2017","4","",4,17,17,18,181982,0,0,808,"",5.95,0.41,0.42,0.43,0.35,0.00,0.00,0.84,"",-1,-20.0,-1,-5.6,0,0.0,2,12.5,11435,6.7,0,0.0,0,0.0,36,4.7
"13003","2","10","71","0","2017","4","",6,18,19,20,143111,0,0,579,"",7.65,0.26,0.28,0.29,0.23,0.00,0.00,0.84,"",1,20.0,1,5.9,3,18.8,4,25.0,24352,20.5,0,0.0,0,0.0,20,3.6
"13003","3","10","71","0","2017","4","",10,393,396,423,3043861,529505,9700,580,"",5.25,1.86,1.88,1.95,1.88,14.18,44.61,0.99,"",0,0.0,-19,-4.6,-15,-3.6,21,5.2,-170844,-5.3,428373,423.6,8136,520.2,-26,-4.3
"13003","5","10","71","0","2017","4","",92,1709,1692,1726,15427067,1356677,31612,694,"",0.85,0.94,0.94,0.93,0.96,0.74,0.77,1.03,"",-11,-10.7,156,10.0,168,11.0,201,13.2,1801570,13.2,143422,11.8,6310,24.9,11,1.6
"13005","0","10","70","0","2017","4","",248,3749,3739,3757,35477761,3326601,41380,728,"",1.00,1.00,1.00,1.00,1.00,1.00,1.00,1.00,"",-27,-9.8,-103,-2.7,-97,-2.5,-135,-3.5,48960,0.1,-479854,-12.6,-6508,-13.6,22,3.1
"13005","1","10","71","0","2017","4","",5,24,24,25,338444,0,0,1070,"",3.36,0.33,0.34,0.35,0.35,0.00,0.00,1.03,"",-1,-16.7,4,20.0,-1,-4.0,0,0.0,15130,4.7,0,0.0,0,0.0,4,0.4
"13005","2","10","71","0","2017","4","",9,97,100,100,760730,0,0,591,"",5.18,0.81,0.83,0.83,0.66,0.00,0.00,0.80,"",0,0.0,-4,-4.0,-1,-1.0,0,0.0,1443,0.2,0,0.0,0,0.0,11,1.9
"13005","3","10","71","0","2017","4","",7,455,452,443,4192510,1406,1,717,"",1.66,1.22,1.22,1.19,1.37,0.02,0.00,1.14,"",-1,-12.5,15,3.4,7,1.6,4,0.9,162761,4.0,1255,831.1,0,0.0,15,2.1
"13005","5","10","71","0","2017","4","",227,3173,3163,3189,30186077,3325195,41379,731,"",0.94,1.00,1.00,1.00,1.00,1.03,1.01,1.00,"",-25,-9.9,-118,-3.6,-102,-3.1,-139,-4.2,-130374,-0.4,-481109,-12.6,-6508,-13.6,23,3.2
"13007","0","10","70","0","2017","4","",59,451,438,419,4185438,368897,2884,738,"",1.00,1.00,1.00,1.00,1.00,1.00,1.00,1.00,"",-1,-1.7,-6,-1.3,-13,-2.9,-1,-0.2,223683,5.6,66256,21.9,306,11.9,50,7.3
"13007","1","10","71","0","2017","4","",1,1,1,1,11199,0,0,861,"",2.83,0.12,0.12,0.12,0.10,0.00,0.00,0.82,"",-3,-75.0,0,0.0,0,0.0,0,0.0,1511,15.6,0,0.0,0,0.0,116,15.6
"13007","2","10","71","0","2017","4","N",3,0,0,0,0,0,0,0,"N",7.26,0,0,0,0,0,0,0,"N",0,0.0,0,0,0,0,0,0,0,0,0,0,0,0,0,0
"13007","3","10","71","0","2017","4","N",3,0,0,0,0,0,0,0,"N",2.99,0,0,0,0,0,0,0,"N",0,0.0,0,0,0,0,0,0,0,0,0,0,0,0,0,0
"13007","5","10","71","0","2017","4","",52,339,326,304,3389957,368897,2884,807,"",0.91,0.88,0.88,0.85,0.95,1.03,1.01,1.09,"",2,4.0,-4,-1.2,-1,-0.3,-3,-1.0,239111,7.6,66256,21.9,306,11.9,63,8.5
"13009","0","10","70","0","2017","4","",812,15061,15033,14969,127937912,11227788,177910,655,"",1.00,1.00,1.00,1.00,1.00,1.00,1.00,1.00,"",-97,-10.7,-566,-3.6,-693,-4.4,-583,-3.7,-4299397,-3.3,-1019113,-8.3,-36861,-17.2,4,0.6
"13009","1","10","71","0","2017","4","",5,73,68,73,1067967,0,0,1152,"",1.03,0.25,0.24,0.25,0.30,0.00,0.00,1.23,"",-1,-16.7,7,10.6,0,0.0,4,5.8,34777,3.4,0,0.0,0,0.0,-23,-2.0
"13009","2","10","71","0","2017","4","",47,3634,3598,3510,35894018,200800,1971,771,"",8.26,7.52,7.47,7.35,8.59,1.41,8.40,1.15,"",-5,-9.6,-20,-0.5,-49,-1.3,1,0.0,945051,2.7,33476,20.0,-88,-4.3,25,3.4
"13009","3","10","71","0","2017","4","",15,1386,1385,1385,13091673,1018,82,727,"",1.09,0.93,0.93,0.93,1.19,0.00,0.09,1.28,"",0,0.0,20,1.5,7,0.5,7,0.5,342243,2.7,92,9.9,7,9.3,13,1.8
"13009","5","10","71","0","2017","4","",745,9968,9982,10001,77884254,11025970,175857,600,"",0.95,0.78,0.78,0.79,0.71,1.02,1.00,0.91,"",-91,-10.9,-573,-5.4,-651,-6.1,-595,-5.6,-5621468,-6.7,-1052681,-8.7,-36780,-17.3,-7,-1.2
"13011","0","10","70","0","2017","4","",272,4463,4496,4393,36799711,5996410,70983,636,"",1.00,1.00,1.00,1.00,1.00,1.00,1.00,1.00,"",-25,-8.4,377,9.2,412,10.1,367,9.1,4012616,12.2,1315673,28.1,18292,34.7,16,2.6
"13011","1","10","71","0","2017","4","",2,17,17,17,231515,0,0,1048,"",1.23,0.20,0.20,0.20,0.23,0.00,0.00,1.15,"",-2,-50.0,2,13.3,0,0.0,1,6.2,11740,5.3,0,0.0,0,0.0,-9,-0.9
"13011","2","10","71","0","2017","4","",8,23,22,21,141530,577,11,495,"",4.20,0.16,0.15,0.15,0.12,0.01,0.12,0.76,"",1,14.3,4,21.1,2,10.0,2,10.5,32884,30.3,424,277.1,11,100.0,63,14.6
"13011","3","10","71","0","2017","4","",12,846,856,856,6652840,213849,1867,600,"",2.60,1.91,1.92,1.97,2.10,1.80,5.00,1.09,"",0,0.0,16,1.9,1,0.1,18,2.1,375563,6.0,29087,15.7,36,2.0,26,4.5
"13011","5","10","71","0","2017","4","",250,3577,3601,3499,29773826,5781984,69105,644,"",0.95,0.94,0.94,0.94,0.95,1.00,0.98,1.01,"",-24,-8.8,355,11.0,409,12.8,346,11.0,3592429,13.7,1286162,28.6,18245,35.9,12,1.9
"13013","0","10","70","0","2017","4","",1138,18405,18685,18633,188675179,17207938,245795,781,"",1.00,1.00,1.00,1.00,1.00,1.00,1.00,1.00,"",-96,-7.8,929,5.3,987,5.6,910,5.1,19126077,11.3,-156218,-0.9,-54580,-18.2,41,5.5
"13013","1","10","71","0","2017","4","",8,158,158,161,2594785,0,0,1255,"",1.17,0.45,0.44,0.45,0.50,0.00,0.00,1.12,"",-2,-20.0,12,8.2,12,8.2,18,12.6,352897,15.7,0,0.0,0,0.0,66,5.6
"13013","2","10","71","0","2017","4","",15,174,171,170,1235474,1351,1,554,"",1.88,0.29,0.29,0.29,0.20,0.01,0.00,0.70,"",-2,-11.8,10,6.1,6,3.6,2,1.2,148918,13.7,-197,-12.7,-2,-66.7,49,9.7
"13013","3","10","71","0","2017","4","",29,2509,2535,2537,26003000,13920,298,792,"",1.50,1.38,1.37,1.38,1.60,0.04,0.23,1.17,"",2,7.4,13,0.5,33,1.3,27,1.1,867494,3.5,-30499,-68.7,-296,-49.8,19,2.5
"13013","5","10","71","0","2017","4","",1086,15564,15821,15765,158841920,17192667,245496,777,"",0.98,1.00,1.00,1.00,0.99,1.03,1.01,0.99,"",-94,-8.0,894,6.1,936,6.3,863,5.8,17756768,12.6,-125522,-0.7,-54282,-18.1,45,6.1
"13015","0","10","70","0","2017","4","",2184,37216,37284,37274,418599074,37557705,771807,864,"",1.00,1.00,1.00,1.00,1.00,1.00,1.00,1.00,"",-115,-5.0,1542,4.3,1482,4.1,1467,4.1,24554412,6.2,6680988,21.6,162816,26.7,16,1.9
"13015","1","10","71","0","2017","4","",13,211,205,204,3188627,0,0,1187,"",0.99,0.29,0.29,0.28,0.28,0.00,0.00,0.96,"",-1,-7.1,2,1.0,-4,-1.9,-5,-2.4,200438,6.7,0,0.0,0,0.0,87,7.9
"13015","2","10","71","0","2017","4","",24,836,813,814,7853630,7119,187,736,"",1.57,0.70,0.68,0.68,0.57,0.01,0.18,0.84,"",-2,-7.7,31,3.9,18,2.3,27,3.4,319051,4.2,727,11.4,20,12.0,8,1.1
"13015","3","10","71","0","2017","4","",43,3756,3746,3743,39158975,48105,861,804,"",1.16,1.02,1.01,1.01,1.09,0.06,0.21,1.07,"",0,0.0,-26,-0.7,-29,-0.8,-45,-1.2,-1743132,-4.3,-8220,-14.6,-50,-5.5,-28,-3.4
"13015","5","10","71","0","2017","4","",2104,32413,32520,32513,368397842,37502481,770759,872,"",0.99,1.03,1.03,1.03,1.03,1.03,1.01,1.00,"",-112,-5.1,1535,5.0,1497,4.8,1490,4.8,25778055,7.5,6688481,21.7,162846,26.8,21,2.5
"13017","0","10","70","0","2017","4","",342,5322,5306,5280,44691385,5038652,73248,648,"",1.00,1.00,1.00,1.00,1.00,1.00,1.00,1.00,"",-28,-7.6,-258,-4.6,-332,-5.9,-392,-6.9,-1371656,-3.0,62395,1.3,-15133,-17.1,19,3.0
"13017","1","10","71","0","2017","4","",2,27,25,25,309631,0,0,928,"",0.98,0.26,0.25,0.25,0.25,0.00,0.00,1.00,"",-1,-33.3,2,8.0,0,0.0,0,0.0,-4615,-1.5,0,0.0,0,0.0,-39,-4.0
"13017","2","10","71","0","2017","4","",10,100,101,101,935378,0,0,715,"",4.17,0.59,0.59,0.60,0.64,0.00,0.00,1.08,"",-1,-9.1,-2,-2.0,-1,-1.0,-1,-1.0,47287,5.3,0,0.0,0,0.0,45,6.7
"13017","3","10","71","0","2017","4","",11,888,896,886,7126590,9231,4,616,"",1.89,1.68,1.70,1.70,1.85,0.09,0.01,1.10,"",0,0.0,-59,-6.2,-40,-4.3,-65,-6.8,-696924,-8.9,6875,291.8,-5,-55.6,-21,-3.3
"13017","5","10","71","0","2017","4","",319,4307,4284,4268,36319786,5029421,73244,652,"",0.96,0.95,0.95,0.95,0.95,1.03,1.01,1.00,"",-26,-7.5,-199,-4.4,-291,-6.4,-326,-7.1,-717404,-1.9,55520,1.1,-15128,-17.1,27,4.3
"13019","0","10","70","0","2017","4","",256,3564,3586,3552,29578428,4045752,119939,638,"",1.00,1.00,1.00,1.00,1.00,1.00,1.00,1.00,"",-27,-9.5,-69,-1.9,-45,-1.2,-15,-0.4,481993,1.7,-215193,-5.1,-5265,-4.2,18,2.9
"13019","1","10","71","0","2017","4","",5,34,36,35,386333,0,0,849,"",3.26,0.50,0.52,0.51,0.48,0.00,0.00,0.93,"",-1,-16.7,4,13.3,3,9.1,0,0.0,31387,8.8,0,0.0,0,0.0,13,1.6
"13019","2","10","71","0","2017","4","",10,73,71,72,731550,2986,78,782,"",5.57,0.64,0.62,0.64,0.76,0.06,0.49,1.20,"",-1,-9.1,3,4.3,2,2.9,4,5.9,98894,15.6,-103,-3.3,-3,-3.7,77,10.9
"13019","3","10","71","0","2017","4","",8,851,842,846,6555259,34309,138,596,"",1.84,2.41,2.36,2.41,2.58,0.43,0.22,1.08,"",0,0.0,-31,-3.5,-39,-4.4,-21,-2.4,-307741,-4.5,-2442,-6.6,94,213.6,-6,-1.0
"13019","5","10","71","0","2017","4","",233,2606,2637,2599,21905286,4008457,119723,645,"",0.94,0.86,0.87,0.86,0.87,1.02,1.00,1.01,"",-25,-9.7,-45,-1.7,-11,-0.4,2,0.1,659453,3.1,-212648,-5.0,-5356,-4.3,24,3.9
"13021","0","10","70","0","2017","4","",4148,82312,83170,83565,906141650,73686672,1097447,840,"",1.00,1.00,1.00,1.00,1.00,1.00,1.00,1.00,"",-409,-9.0,378,0.5,414,0.5,525,0.6,31617999,3.6,3136190,4.4,-74716,-6.4,25,3.1
"13021","1","10","71","0","2017","4","",24,1040,1023,1043,20360840,0,0,1513,"",0.96,0.66,0.64,0.65,0.82,0.00,0.00,1.26,"",-9,-27.3,-10,-1.0,-24,-2.3,-47,-4.3,355675,1.8,0,0.0,0,0.0,64,4.4
"13021","2","10","71","0","2017","4","",46,2290,2306,2282,22908658,356098,787,769,"",1.58,0.87,0.87,0.86,0.77,0.38,0.54,0.90,"",-3,-6.1,-58,-2.5,-33,-1.4,-73,-3.1,596419,2.7,57535,19.3,208,35.9,38,5.2
"13021","3","10","71","0","2017","4","",78,6224,6327,6323,58571573,277526,9847,716,"",1.11,0.76,0.77,0.76,0.75,0.19,1.70,0.98,"",0,0.0,128,2.1,141,2.3,165,2.7,2949422,5.3,153922,124.5,5422,122.5,20,2.9
"13021","5","10","71","0","2017","4","",4000,72758,73514,73917,804300579,73053048,1086813,843,"",0.99,1.04,1.04,1.04,1.04,1.02,1.00,1.00,"",-397,-9.0,318,0.4,330,0.5,480,0.7,27716483,3.6,2924733,4.2,-80346,-6.9,25,3.1
"13023","0","10","70","0","2017","4","",188,2782,2789,2746,22167718,2213435,55425,615,"",1.00,1.00,1.00,1.00,1.00,1.00,1.00,1.00,"",-20,-9.6,63,2.3,-6,-0.2,-11,-0.4,931772,4.4,374211,20.3,16625,42.8,22,3.7
"13023","1","10","71","0","2017","4","",4,26,24,26,329910,0,0,1002,"",3.55,0.49,0.45,0.49,0.54,0.00,0.00,1.14,"",-2,-33.3,0,0.0,-1,-4.0,-4,-13.3,9932,3.1,0,0.0,0,0.0,90,9.9
"13023","2","10","71","0","2017","4","N",7,0,0,0,0,0,0,0,"N",5.31,0,0,0,0,0,0,0,"N",0,0.0,0,0,0,0,0,0,0,0,0,0,0,0,0,0
"13023","3","10","71","0","2017","4","N",12,0,0,0,0,0,0,0,"N",3.76,0,0,0,0,0,0,0,"N",1,9.1,0,0,0,0,0,0,0,0,0,0,0,0,0,0
"13023","5","10","71","0","2017","4","",165,1558,1571,1535,12490276,2200733,55376,618,"",0.90,0.66,0.66,0.66,0.66,1.03,1.01,1.00,"",-19,-10.3,27,1.8,-45,-2.8,-20,-1.3,826616,7.1,364795,19.9,16598,42.8,46,8.0
"13025","0","10","70","0","2017","4","",208,2227,2234,2232,18417569,1954277,32735,635,"",1.00,1.00,1.00,1.00,1.00,1.00,1.00,1.00,"",-30,-12.6,13,0.6,37,1.7,44,2.0,460917,2.6,200534,11.4,3395,11.6,7,1.1
"13025","1","10","71","0","2017","4","",4,25,24,25,329495,0,0,1028,"",3.21,0.58,0.56,0.58,0.65,0.00,0.00,1.13,"",-3,-42.9,-2,-7.4,-2,-7.7,-2,-7.4,33309,11.2,0,0.0,0,0.0,174,20.4
"13025","2","10","71","0","2017","4","",6,18,19,18,167136,0,0,701,"",4.12,0.25,0.27,0.25,0.28,0.00,0.00,1.08,"",-1,-14.3,-6,-25.0,-4,-17.4,-6,-25.0,-46971,-21.9,0,0.0,0,0.0,5,0.7
"13025","3","10","71","0","2017","4","",15,797,792,779,5685433,16560,7,554,"",4.24,3.61,3.57,3.53,3.59,0.43,0.04,1.01,"",0,0.0,-5,-0.6,-19,-2.3,-17,-2.1,-593071,-9.4,477,3.0,1,16.7,-47,-7.8
"13025","5","10","71","0","2017","4","",183,1387,1399,1410,12235505,1937717,32728,673,"",0.91,0.73,0.74,0.74,0.78,1.02,1.01,1.05,"",-26,-12.4,26,1.9,62,4.6,69,5.1,1067650,9.6,200057,11.5,3394,11.6,35,5.5
"13027","0","10","70","0","2017","4","",277,3135,3196,3139,27740670,3260419,53441,676,"",1.00,1.00,1.00,1.00,1.00,1.00,1.00,1.00,"",-24,-8.0,-47,-1.5,0,0.0,61,2.0,1352333,5.1,385943,13.4,7518,16.4,32,5.0
"13027","1","10","71","0","2017","4","",6,25,25,24,258265,0,0,805,"",3.61,0.41,0.41,0.40,0.34,0.00,0.00,0.83,"",-1,-14.3,-4,-13.8,0,0.0,-4,-14.3,-2811,-1.1,0,0.0,0,0.0,70,9.5
"13027","2","10","71","0","2017","4","",9,34,36,39,238863,0,0,506,"",4.64,0.34,0.35,0.39,0.26,0.00,0.00,0.73,"",1,12.5,-6,-15.0,-5,-12.2,-3,-7.1,-15196,-6.0,0,0.0,0,0.0,29,6.1
"13027","3","10","71","0","2017","4","",16,606,632,615,4567446,97695,37,569,"",3.40,1.95,1.99,1.98,1.91,1.51,0.13,0.97,"",2,14.3,-49,-7.5,-45,-6.6,-38,-5.8,-537933,-10.5,72399,286.2,28,311.1,-25,-4.2
"13027","5","10","71","0","2017","4","",246,2470,2503,2461,22676096,3162724,53404,704,"",0.92,0.93,0.92,0.92,0.96,1.00,1.01,1.04,"",-26,-9.6,12,0.5,50,2.0,106,4.5,1908273,9.2,313544,11.0,7490,16.3,44,6.7
"13029","0","10","70","0","2017","4","",682,8500,8545,8554,77920864,8421863,123262,702,"",1.00,1.00,1.00,1.00,1.00,1.00,1.00,1.00,"",-40,-5.5,516,6.5,526,6.6,508,6.3,9091799,13.2,908746,12.1,8994,7.9,42,6.4
"13029","1","10","71","0","2017","4","",10,195,194,194,3839437,0,0,1520,"",2.44,1.19,1.19,1.18,1.79,0.00,0.00,1.51,"",-4,-28.6,-20,-9.3,-22,-10.2,-24,-11.0,-149010,-3.7,0,0.0,0,0.0,102,7.2
"13029","2","10","71","0","2017","4","",15,120,118,118,1039676,10859,93,674,"",3.14,0.44,0.43,0.43,0.41,0.10,0.57,0.94,"",0,0.0,19,18.8,17,16.8,17,16.8,156664,17.7,2785,34.5,-3,-3.1,1,0.1
"13029","3","10","71","0","2017","4","",15,1696,1707,1718,16862440,16132,142,760,"",1.29,2.01,2.01,2.03,2.52,0.10,0.22,1.25,"",1,7.1,-6,-0.4,27,1.6,-8,-0.5,1588348,10.4,7810,93.8,19,15.4,70,10.1
"13029","5","10","71","0","2017","4","",642,6489,6526,6524,56179311,8394872,123027,664,"",0.97,0.90,0.90,0.90,0.84,1.03,1.00,0.94,"",-37,-5.4,523,8.8,504,8.4,523,8.7,7495797,15.4,898151,12.0,8978,7.9,39,6.2
"13031","0","10","70","0","2017","4","",1486,25892,26072,25638,229075044,23263417,347211,681,"",1.00,1.00,1.00,1.00,1.00,1.00,1.00,1.00,"",-107,-6.7,404,1.6,296,1.1,136,0.5,7371994,3.3,1019237,4.6,-50183,-12.6,15,2.3
"13031","1","10","71","0","2017","4","",11,137,130,130,1933260,0,0,1124,"",1.23,0.27,0.26,0.26,0.31,0.00,0.00,1.15,"",-6,-35.3,5,3.8,-6,-4.4,1,0.8,88958,4.8,0,0.0,0,0.0,52,4.9
"13031","2","10","71","0","2017","4","",28,4004,3998,3953,46124481,53297,555,890,"",2.69,4.82,4.79,4.84,6.17,0.18,1.21,1.28,"",-1,-3.4,-18,-0.4,-13,-0.3,-48,-1.2,1397542,3.1,13504,33.9,25,4.7,32,3.7
"13031","3","10","71","0","2017","4","",27,2795,2845,2708,23478934,30626,718,649,"",1.07,1.09,1.10,1.07,1.19,0.07,0.39,1.10,"",0,0.0,88,3.3,24,0.9,51,1.9,-357320,-1.5,1643,5.7,525,272.0,-23,-3.4
"13031","5","10","71","0","2017","4","",1420,18956,19099,18847,157538369,23179494,345938,639,"",0.99,0.86,0.86,0.86,0.81,1.03,1.00,0.93,"",-100,-6.6,329,1.8,291,1.5,132,0.7,6242814,4.1,1004090,4.5,-50733,-12.8,17,2.7
"13033","0","10","70","0","2017","4","",370,12718,12619,12509,235762235,49249100,1268749,1438,"",1.00,1.00,1.00,1.00,1.00,1.00,1.00,1.00,"",-23,-5.9,2327,22.4,2126,20.3,1996,19.0,53579224,29.4,35375756,255.0,467414,58.3,99,7.4
"13033","1","10","71","0","2017","4","",8,38,41,37,626909,0,0,1247,"",3.60,0.16,0.17,0.15,0.10,0.00,0.00,0.61,"",-2,-20.0,0,0.0,7,20.6,-2,-5.1,80075,14.6,0,0.0,0,0.0,110,9.7
"13033","2","10","71","0","2017","4","",12,53,53,51,548803,0,0,807,"",4.63,0.13,0.13,0.13,0.07,0.00,0.00,0.55,"",-1,-7.7,-6,-10.2,-6,-10.2,-8,-13.6,-33701,-5.8,0,0.0,0,0.0,48,6.3
"13033","3","10","71","0","2017","4","",14,1412,1422,1425,14167122,12424,119,768,"",2.23,1.12,1.13,1.15,0.70,0.01,0.02,0.62,"",0,0.0,40,2.9,33,2.4,48,3.5,1449017,11.4,-2619,-17.4,-82,-40.8,59,8.3
"13033","5","10","71","0","2017","4","",336,11215,11103,10996,220419401,49236676,1268630,1527,"",0.94,1.04,1.04,1.03,1.09,1.03,1.01,1.06,"",-20,-5.6,2293,25.7,2092,23.2,1958,21.7,52083833,30.9,35378375,255.3,467496,58.4,87,6.0
"13035","0","10","70","0","2017","4","",413,6618,6696,6722,61592981,7509340,124814,709,"",1.00,1.00,1.00,1.00,1.00,1.00,1.00,1.00,"",-14,-3.3,479,7.8,526,8.5,522,8.4,5346015,9.5,2428651,47.8,46573,59.5,8,1.1
"13035","1","10","71","0","2017","4","",5,58,57,56,797267,0,0,1076,"",2.02,0.46,0.44,0.43,0.47,0.00,0.00,1.06,"",-1,-16.7,7,13.7,7,14.0,5,9.8,64038,8.7,0,0.0,0,0.0,-37,-3.3
"13035","2","10","71","0","2017","4","",21,645,640,637,5820511,0,0,699,"",7.26,3.04,2.98,2.97,2.89,0.00,0.00,0.97,"",-1,-4.5,-13,-2.0,-22,-3.3,-22,-3.3,-39254,-0.7,0,0.0,0,0.0,16,2.3
"13035","3","10","71","0","2017","4","",12,910,936,898,7994791,74474,218,672,"",1.71,1.39,1.41,1.35,1.51,0.50,0.33,1.09,"",0,0.0,-18,-1.9,-21,-2.2,-17,-1.9,284614,3.7,-5285,-6.6,-155,-41.6,37,5.8
"13035","5","10","71","0","2017","4","",375,5005,5063,5131,46980412,7434866,124596,713,"",0.94,0.89,0.89,0.90,0.89,1.02,1.00,1.00,"",-12,-3.1,503,11.2,562,12.5,556,12.2,5036617,12.0,2433936,48.7,46728,60.0,0,0.0
"13037","0","10","70","0","2017","4","",110,1066,1072,1132,9441023,1008756,16889,666,"",1.00,1.00,1.00,1.00,1.00,1.00,1.00,1.00,"",-8,-6.8,1,0.1,-20,-1.8,79,7.5,-45121,-0.5,204113,25.4,7495,79.8,-16,-2.3
"13037","1","10","71","0","2017","4","",5,22,19,19,223493,0,0,860,"",7.58,1.07,0.93,0.87,0.86,0.00,0.00,0.90,"",-1,-16.7,0,0.0,0,0.0,-6,-24.0,9269,4.3,0,0.0,0,0.0,111,14.8
"13037","2","10","71","0","2017","4","N",6,0,0,0,0,0,0,0,"N",7.78,0,0,0,0,0,0,0,"N",-1,-14.3,0,0,0,0,0,0,0,0,0,0,0,0,0,0
"13037","3","10","71","0","2017","4","N",11,0,0,0,0,0,0,0,"N",5.88,0,0,0,0,0,0,0,"N",0,0.0,0,0,0,0,0,0,0,0,0,0,0,0,0,0
"13037","5","10","71","0","2017","4","",88,557,553,624,5594054,951431,16445,744,"",0.82,0.62,0.61,0.65,0.69,0.97,0.98,1.11,"",-6,-6.4,-15,-2.6,-15,-2.6,60,10.6,-119290,-2.1,203046,27.1,7422,82.3,-30,-3.9
"13039","0","10","70","0","2017","4","",861,13974,14181,14163,153254501,10349541,177357,836,"",1.00,1.00,1.00,1.00,1.00,1.00,1.00,1.00,"",-105,-10.9,129,0.9,288,2.1,344,2.5,5329483,3.6,970222,10.3,37345,26.7,15,1.8
"13039","1","10","71","0","2017","4","",16,2471,2475,2471,44856107,0,0,1396,"",3.10,9.19,9.12,9.06,10.65,0.00,0.00,1.17,"",-7,-30.4,82,3.4,64,2.7,37,1.5,2351550,5.5,0,0.0,0,0.0,40,2.9
"13039","2","10","71","0","2017","4","",14,93,94,94,790174,508,0,649,"",2.32,0.21,0.21,0.21,0.16,0.00,0.00,0.76,"",-2,-12.5,-39,-29.5,-39,-29.3,-43,-31.4,-214975,-21.4,-39,-7.1,0,0.0,72,12.5
"13039","3","10","71","0","2017","4","",20,2115,2125,2117,20679061,7837,3,751,"",1.37,1.53,1.51,1.51,1.57,0.04,0.00,1.04,"",0,0.0,-29,-1.4,13,0.6,2,0.1,518897,2.6,-9995,-56.1,-27,-90.0,21,2.9
"13039","5","10","71","0","2017","4","",811,9295,9487,9481,86929159,10341196,177354,710,"",0.97,0.78,0.79,0.79,0.66,1.03,1.01,0.84,"",-96,-10.6,115,1.3,250,2.7,348,3.8,2674011,3.2,980256,10.5,37372,26.7,4,0.6
"13043","0","10","70","0","2017","4","",224,2867,2863,2833,21829582,2784307,34983,588,"",1.00,1.00,1.00,1.00,1.00,1.00,1.00,1.00,"",-34,-13.2,18,0.6,-80,-2.7,-18,-0.6,-42395,-0.2,-150986,-5.1,-9169,-20.8,4,0.7
"13043","1","10","71","0","2017","4","",2,21,21,21,243103,0,0,890,"",1.49,0.38,0.38,0.38,0.41,0.00,0.00,1.06,"",-3,-60.0,1,5.0,0,0.0,0,0.0,16191,7.1,0,0.0,0,0.0,45,5.3
"13043","2","10","71","0","2017","4","",7,30,30,29,268455,3473,31,696,"",4.46,0.33,0.33,0.32,0.38,0.10,0.67,1.16,"",0,0.0,2,7.1,1,3.4,2,7.4,24313,10.0,1131,48.3,2,6.9,25,3.7
"13043","3","10","71","0","2017","4","",5,682,683,668,5731265,6663,99,651,"",1.31,2.40,2.40,2.38,3.05,0.12,0.54,1.28,"",0,0.0,8,1.2,6,0.9,3,0.5,-141110,-2.4,3522,112.1,11,12.5,-21,-3.1
"13043","5","10","71","0","2017","4","",210,2134,2129,2115,15586759,2774171,34853,564,"",0.97,0.88,0.88,0.88,0.84,1.03,1.00,0.95,"",-31,-12.9,7,0.3,-87,-3.9,-23,-1.1,58211,0.4,-155639,-5.3,-9182,-20.9,11,2.0
"13045","0","10","70","0","2017","4","",2084,40436,40763,40712,448614738,39092957,632762,849,"",1.00,1.00,1.00,1.00,1.00,1.00,1.00,1.00,"",-218,-9.5,1111,2.8,1091,2.8,812,2.0,22110089,5.2,3384370,9.5,6349,1.0,21,2.5
"13045","1","10","71","0","2017","4","",13,210,211,214,3055520,0,0,1110,"",1.04,0.27,0.27,0.27,0.25,0.00,0.00,0.91,"",-1,-7.1,8,4.0,1,0.5,5,2.4,114998,3.9,0,0.0,0,0.0,17,1.6
"13045","2","10","71","0","2017","4","",26,2306,2313,2312,27461660,14613,383,914,"",1.78,1.78,1.77,1.78,1.88,0.03,0.46,1.06,"",0,0.0,69,3.1,72,3.2,92,4.1,2076432,8.2,1686,13.0,44,13.0,39,4.5
"13045","3","10","71","0","2017","4","",45,4014,4016,4009,40880183,48199,157,784,"",1.27,1.00,0.99,1.00,1.06,0.06,0.05,1.06,"",1,2.3,127,3.3,139,3.6,77,2.0,1723860,4.4,-9201,-16.0,-341,-68.5,11,1.4
"13045","5","10","71","0","2017","4","",2000,33906,34223,34177,377217375,39030145,632222,851,"",0.99,0.99,0.99,0.99,0.98,1.03,1.01,1.00,"",-218,-9.8,907,2.7,879,2.6,638,1.9,18194799,5.1,3391885,9.5,6646,1.1,22,2.7
"13047","0","10","70","0","2017","4","",950,14929,14831,14843,131436642,14375223,235633,680,"",1.00,1.00,1.00,1.00,1.00,1.00,1.00,1.00,"",-65,-6.4,553,3.8,528,3.7,572,4.0,9499189,7.8,1523902,11.9,23477,11.1,25,3.8
"13047","1","10","71","0","2017","4","",3,72,77,71,1033469,0,0,1084,"",0.53,0.25,0.27,0.25,0.29,0.00,0.00,1.11,"",-1,-25.0,-5,-6.5,3,4.1,1,1.4,14524,1.4,0,0.0,0,0.0,20,1.9
"13047","2","10","71","0","2017","4","",9,144,148,142,1399002,0,0,744,"",1.35,0.30,0.31,0.30,0.33,0.00,0.00,1.07,"",-1,-10.0,12,9.1,9,6.5,1,0.7,168809,13.7,0,0.0,0,0.0,55,8.0
"13047","3","10","71","0","2017","4","",24,2488,2483,2495,22132866,82819,331,684,"",1.49,1.68,1.69,1.70,1.96,0.29,0.27,1.16,"",0,0.0,16,0.6,5,0.2,72,3.0,805729,3.8,11131,15.5,-221,-40.0,16,2.4
"13047","5","10","71","0","2017","4","",914,12225,12123,12135,106871305,14292404,235302,676,"",0.99,0.96,0.96,0.96,0.95,1.03,1.01,0.99,"",-63,-6.4,530,4.5,511,4.4,498,4.3,8510127,8.7,1512771,11.8,23698,11.2,26,4.0
"13049","0","10","70","0","2017","4","",157,2094,2132,2111,18569821,2171683,32193,676,"",1.00,1.00,1.00,1.00,1.00,1.00,1.00,1.00,"",-13,-7.6,-33,-1.6,0,0.0,-14,-0.7,935098,5.3,211168,10.8,7253,29.1,39,6.1
"13049","1","10","71","0","2017","4","",2,39,38,39,572607,0,0,1139,"",2.12,0.97,0.93,0.96,1.12,0.00,0.00,1.18,"",-2,-50.0,-4,-9.3,-5,-11.6,-3,-7.1,-67407,-10.5,0,0.0,0,0.0,-15,-1.3
"13049","2","10","71","0","2017","4","",4,25,25,26,205191,0,0,623,"",3.64,0.37,0.37,0.39,0.34,0.00,0.00,0.90,"",0,0.0,-3,-10.7,-1,-3.8,-1,-3.7,13897,7.3,0,0.0,0,0.0,78,14.3
"13049","3","10","71","0","2017","4","",11,364,375,370,3361751,13732,6,700,"",4.12,1.75,1.77,1.77,2.11,0.32,0.04,1.19,"",0,0.0,-111,-23.4,-109,-22.5,-112,-23.2,-75415,-2.2,548,4.2,1,20.0,150,27.3
"13049","5","10","71","0","2017","4","",140,1666,1694,1676,14430272,2157951,32187,661,"",0.92,0.94,0.94,0.93,0.91,1.03,1.01,0.97,"",-11,-7.3,85,5.4,115,7.3,102,6.5,1064023,8.0,210620,10.8,7252,29.1,9,1.4
"13051","0","10","70","0","2017","4","",7983,154583,156029,153953,1827374102,167957704,2681910,908,"",1.00,1.00,1.00,1.00,1.00,1.00,1.00,1.00,"",-826,-9.4,5502,3.7,4169,2.7,2660,1.8,95201119,5.5,14129641,9.2,-38523,-1.4,24,2.7
"13051","1","10","71","0","2017","4","",49,2591,2597,2602,46322219,0,0,1372,"",1.02,0.87,0.87,0.88,0.92,0.00,0.00,1.06,"",-14,-22.2,-20,-0.8,-12,-0.5,-23,-0.9,898797,2.0,0,0.0,0,0.0,36,2.7
"13051","2","10","71","0","2017","4","",43,4794,4845,4864,68643648,23569,458,1092,"",0.77,0.97,0.97,0.99,1.15,0.01,0.13,1.18,"",-6,-12.2,-95,-1.9,-103,-2.1,-76,-1.5,2926846,4.5,1094,4.9,41,9.8,66,6.4
"13051","3","10","71","0","2017","4","",15,11168,11077,11031,128535654,134321,2665,891,"",0.11,0.73,0.71,0.72,0.82,0.04,0.19,1.13,"",0,0.0,30,0.3,-149,-1.3,-163,-1.5,374959,0.3,-53194,-28.4,-1989,-42.7,10,1.1
"13051","5","10","71","0","2017","4","",7876,136030,137510,135456,1583872581,167799814,2678787,894,"",1.02,1.04,1.04,1.04,1.02,1.03,1.01,0.98,"",-806,-9.3,5587,4.3,4433,3.3,2922,2.2,91000517,6.1,14181741,9.2,-36575,-1.3,24,2.8
"13053","0","10","70","0","2017","4","",100,2255,2257,2258,28763698,2049984,61429,980,"",1.00,1.00,1.00,1.00,1.00,1.00,1.00,1.00,"",-28,-21.9,28,1.3,29,1.3,60,2.7,4524980,18.7,713000,53.3,26529,76.0,139,16.5
"13053","1","10","71","0","2017","4","",5,90,85,88,573140,0,0,503,"",8.34,2.07,1.97,2.02,0.72,0.00,0.00,0.36,"",-3,-37.5,-20,-18.2,-30,-26.1,-28,-24.1,-84422,-12.8,0,0.0,0,0.0,58,13.0
"13053","2","10","71","0","2017","4","N",2,0,0,0,0,0,0,0,"N",2.85,0,0,0,0,0,0,0,"N",0,0.0,0,0,0,0,0,0,0,0,0,0,0,0,0,0
"13053","3","10","71","0","2017","4","N",2,0,0,0,0,0,0,0,"N",1.18,0,0,0,0,0,0,0,"N",0,0.0,0,0,0,0,0,0,0,0,0,0,0,0,0,0
"13053","5","10","71","0","2017","4","",91,1916,1922,1918,26462686,2049984,61429,1061,"",0.94,1.00,1.00,1.00,1.08,1.03,1.01,1.08,"",-25,-21.6,57,3.1,79,4.3,91,5.0,4572256,20.9,713000,53.3,26529,76.0,147,16.1
"13055","0","10","70","0","2017","4","",319,6259,6302,6244,53735298,4665885,100270,659,"",1.00,1.00,1.00,1.00,1.00,1.00,1.00,1.00,"",-30,-8.6,155,2.5,157,2.6,101,1.6,3043780,6.0,301555,6.9,2767,2.8,23,3.6
"13055","1","10","71","0","2017","4","",4,36,37,35,477173,0,0,1020,"",2.09,0.30,0.31,0.29,0.32,0.00,0.00,1.08,"",-1,-20.0,-1,-2.7,1,2.8,0,0.0,-26,0.0,0,0.0,0,0.0,0,0.0
"13055","2","10","71","0","2017","4","",11,344,347,345,3047067,0,0,679,"",4.92,1.71,1.72,1.73,1.74,0.00,0.00,1.01,"",0,0.0,1,0.3,4,1.2,1,0.3,106605,3.6,0,0.0,0,0.0,20,3.0
"13055","3","10","71","0","2017","4","",22,933,943,928,8258653,32604,84,680,"",4.06,1.50,1.51,1.50,1.79,0.35,0.16,1.19,"",0,0.0,-10,-1.1,-12,-1.3,-10,-1.1,98477,1.2,-66322,-67.0,-364,-81.2,16,2.4
"13055","5","10","71","0","2017","4","",282,4946,4975,4936,41952405,4633281,100186,652,"",0.91,0.93,0.93,0.93,0.91,1.03,1.01,0.98,"",-29,-9.3,165,3.5,164,3.4,110,2.3,2838724,7.3,367877,8.6,3131,3.2,26,4.2
"13057","0","10","70","0","2017","4","",5580,59961,60764,60563,650593975,67440103,961020,828,"",1.00,1.00,1.00,1.00,1.00,1.00,1.00,1.00,"",-462,-7.6,3167,5.6,3143,5.5,3368,5.9,56726748,9.6,5959147,9.7,-8222,-0.8,29,3.6
"13057","1","10","71","0","2017","4","",10,338,356,361,5420142,0,0,1186,"",0.30,0.29,0.31,0.31,0.30,0.00,0.00,1.00,"",-3,-23.1,38,12.7,41,13.0,30,9.1,238378,4.6,0,0.0,0,0.0,-78,-6.2
"13057","2","10","71","0","2017","4","",23,401,389,383,3538498,68675,357,696,"",0.59,0.21,0.20,0.20,0.17,0.08,0.28,0.82,"",0,0.0,34,9.3,22,6.0,10,2.7,374050,11.8,-21386,-23.7,105,41.7,36,5.5
"13057","3","10","71","0","2017","4","",59,7967,8050,8035,89121005,100497,1195,855,"",0.62,1.34,1.33,1.34,1.59,0.08,0.24,1.19,"",0,0.0,115,1.5,-226,-2.7,89,1.1,7896049,9.7,36988,58.2,435,57.2,76,9.8
"13057","5","10","71","0","2017","4","",5488,51255,51969,51784,552514330,67270931,959468,823,"",1.01,1.01,1.01,1.01,0.99,1.03,1.00,0.99,"",-459,-7.7,2980,6.2,3306,6.8,3239,6.7,48218271,9.6,5943545,9.7,-8762,-0.9,23,2.9
"13059","0","10","70","0","2017","4","",3103,72548,73008,72651,812163305,57108136,782037,859,"",1.00,1.00,1.00,1.00,1.00,1.00,1.00,1.00,"",-250,-7.5,1975,2.8,2095,3.0,2214,3.1,13580972,1.7,2662272,4.9,-46387,-5.6,-11,-1.3
"13059","1","10","71","0","2017","4","",25,974,1062,1050,19121961,0,0,1430,"",1.34,0.70,0.76,0.75,0.86,0.00,0.00,1.16,"",-7,-21.9,-34,-3.4,36,3.5,21,2.0,531122,2.9,0,0.0,0,0.0,29,2.1
"13059","2","10","71","0","2017","4","",41,14639,14634,14427,193774407,19959,391,1023,"",1.89,6.29,6.26,6.23,7.31,0.03,0.38,1.17,"",0,0.0,388,2.7,433,3.0,542,3.9,10390908,5.7,1277,6.8,44,12.7,23,2.3
"13059","3","10","71","0","2017","4","",32,4567,4513,4496,51007897,93999,940,867,"",0.61,0.64,0.62,0.63,0.73,0.08,0.23,1.16,"",0,0.0,7,0.2,-98,-2.1,-9,-0.2,-1135360,-2.2,-16849,-15.2,-301,-24.3,-13,-1.5
"13059","5","10","71","0","2017","4","",3005,52368,52799,52678,548259040,56994178,780706,802,"",1.00,0.85,0.85,0.85,0.79,1.03,1.00,0.93,"",-243,-7.5,1614,3.2,1724,3.4,1660,3.3,3794302,0.7,2677844,4.9,-46130,-5.6,-20,-2.4
"13061","0","10","70","0","2017","4","",62,530,501,509,3963808,380769,9555,594,"",1.00,1.00,1.00,1.00,1.00,1.00,1.00,1.00,"",-6,-8.8,-65,-10.9,-23,-4.4,-7,-1.4,-104520,-2.6,-47148,-11.0,-2170,-18.5,20,3.5
"13061","1","10","71","0","2017","4","",3,38,38,38,757911,0,0,1534,"",8.07,3.72,3.96,3.88,6.96,0.00,0.00,1.81,"",-2,-40.0,-4,-9.5,-3,-7.3,-2,-5.0,25276,3.5,0,0.0,0,0.0,159,11.6
"13061","2","10","71","0","2017","4","",4,10,11,10,95312,0,0,710,"",9.21,0.59,0.69,0.62,0.74,0.00,0.00,1.17,"",-1,-20.0,1,11.1,2,22.2,1,11.1,22882,31.6,0,0.0,0,0.0,91,14.7
"13061","3","10","71","0","2017","4","",5,139,128,140,998713,31947,54,566,"",4.74,2.65,2.57,2.78,2.93,4.24,1.07,1.10,"",0,0.0,-8,-5.4,-19,-12.9,-8,-5.4,-22972,-2.2,-6956,-17.9,38,237.5,33,6.2
"13061","5","10","71","0","2017","4","",50,343,324,321,2111872,348822,9501,493,"",0.83,0.76,0.76,0.74,0.62,0.95,1.00,0.83,"",-3,-5.7,-54,-13.6,-3,-0.9,2,0.6,-129706,-5.8,-40192,-10.3,-2208,-18.9,-3,-0.6
"13063","0","10","70","0","2017","4","",3943,123662,125025,126406,1608195836,121494753,2022376,989,"",1.00,1.00,1.00,1.00,1.00,1.00,1.00,1.00,"",-536,-12.0,2629,2.2,2049,1.7,2498,2.0,-80778427,-4.8,8583434,7.6,-75730,-3.6,-70,-6.6
"13063","1","10","71","0","2017","4","",27,1411,1374,1383,25934134,0,0,1436,"",1.14,0.59,0.57,0.57,0.59,0.00,0.00,1.02,"",-6,-18.2,32,2.3,-21,-1.5,-42,-2.9,97343,0.4,0,0.0,0,0.0,16,1.1
"13063","2","10","71","0","2017","4","",27,2110,2113,2099,23780841,165806,2222,868,"",0.98,0.53,0.53,0.52,0.45,0.11,0.83,0.86,"",0,0.0,-14,-0.7,-33,-1.5,-21,-1.0,109709,0.5,30634,22.7,-50,-2.2,13,1.5
"13063","3","10","71","0","2017","4","",93,11275,11285,11338,114567355,35898,421,780,"",1.39,0.92,0.91,0.91,0.83,0.01,0.04,0.91,"",1,1.1,74,0.7,-384,-3.3,260,2.3,5080674,4.6,-28992,-44.7,-575,-57.7,36,4.8
"13063","5","10","71","0","2017","4","",3796,108866,110253,111586,1443913506,121293049,2019733,1008,"",0.99,1.04,1.04,1.04,1.05,1.03,1.01,1.01,"",-531,-12.3,2537,2.4,2487,2.3,2301,2.1,-86066153,-5.6,8581792,7.6,-75105,-3.6,-84,-7.7
"13065","0","10","70","0","2017","4","",174,2135,2146,2124,20100904,1696180,23953,724,"",1.00,1.00,1.00,1.00,1.00,1.00,1.00,1.00,"",-7,-3.9,-13,-0.6,-36,-1.6,-83,-3.8,231423,1.2,-103438,-5.7,-10733,-30.9,23,3.3
"13065","1","10","71","0","2017","4","",3,16,15,16,163779,0,0,804,"",2.87,0.39,0.37,0.39,0.30,0.00,0.00,0.78,"",-1,-25.0,3,23.1,3,25.0,2,14.3,22822,16.2,0,0.0,0,0.0,-30,-3.6
"13065","2","10","71","0","2017","4","",6,34,34,35,267226,0,0,599,"",4.92,0.50,0.49,0.52,0.41,0.00,0.00,0.81,"",0,0.0,-3,-8.1,-4,-10.5,-1,-2.8,-812,-0.3,0,0.0,0,0.0,42,7.5
"13065","3","10","71","0","2017","4","",13,457,446,418,3436794,10208,16,600,"",4.40,2.16,2.09,1.99,1.99,0.30,0.13,0.96,"",0,0.0,-15,-3.2,-45,-9.2,-52,-11.1,6055,0.2,100,1.0,-4,-20.0,48,8.7
"13065","5","10","71","0","2017","4","",152,1628,1651,1655,16233105,1685972,23937,759,"",0.90,0.90,0.91,0.92,0.95,1.03,1.01,1.04,"",-6,-3.8,2,0.1,10,0.6,-32,-1.9,203358,1.3,-103538,-5.8,-10729,-30.9,12,1.6
"13067","0","10","70","0","2017","4","",21707,362103,364558,364086,5319510288,400380150,7029188,1125,"",1.00,1.00,1.00,1.00,1.00,1.00,1.00,1.00,"",-2372,-9.9,11463,3.3,11968,3.4,10227,2.9,328979681,6.6,13476348,3.5,-548961,-7.2,36,3.3
"13067","1","10","71","0","2017","4","",46,2530,2565,2572,47498340,0,0,1430,"",0.35,0.36,0.37,0.37,0.32,0.00,0.00,0.89,"",-10,-17.9,19,0.8,32,1.3,32,1.3,1527442,3.3,0,0.0,0,0.0,31,2.2
"13067","2","10","71","0","2017","4","",37,7232,7241,7243,85612683,83723,327,910,"",0.24,0.62,0.62,0.62,0.49,0.02,0.04,0.79,"",-1,-2.6,354,5.1,215,3.1,345,5.0,6406127,8.1,-10302,-11.0,-262,-44.5,31,3.5
"13067","3","10","71","0","2017","4","",179,24924,25062,25107,290805823,26001,106,894,"",0.49,0.69,0.69,0.70,0.64,0.00,0.00,0.92,"",-9,-4.8,-105,-0.4,-56,-0.2,-152,-0.6,10715022,3.8,-33326,-56.2,28,35.9,37,4.3
"13067","5","10","71","0","2017","4","",21445,327417,329690,329164,4895593442,400270426,7028755,1145,"",1.02,1.06,1.06,1.06,1.08,1.03,1.01,1.01,"",-2352,-9.9,11195,3.5,11777,3.7,10002,3.1,310331090,6.8,13519976,3.5,-548727,-7.2,35,3.2
"13069","0","10","70","0","2017","4","",905,17232,17335,17455,161325707,19354658,291339,716,"",1.00,1.00,1.00,1.00,1.00,1.00,1.00,1.00,"",-71,-7.3,207,1.2,20,0.1,343,2.0,12321222,8.3,1999010,11.5,-370,-0.1,48,7.2
"13069","1","10","71","0","2017","4","",10,110,110,113,1411899,0,0,978,"",1.84,0.33,0.33,0.34,0.32,0.00,0.00,0.96,"",-2,-16.7,0,0.0,2,1.9,-2,-1.7,74797,5.6,0,0.0,0,0.0,51,5.5
"13069","2","10","71","0","2017","4","",26,882,881,886,7862329,0,0,685,"",4.10,1.59,1.59,1.59,1.49,0.00,0.00,0.94,"",1,4.0,68,8.4,-56,-6.0,70,8.6,909138,13.1,0,0.0,0,0.0,60,9.6
"13069","3","10","71","0","2017","4","",23,1737,1732,1725,14386262,18473,104,639,"",1.50,1.02,1.01,1.00,1.04,0.05,0.07,1.03,"",0,0.0,22,1.3,10,0.6,15,0.9,538296,3.9,5956,47.6,16,18.2,18,2.9
"13069","5","10","71","0","2017","4","",846,14503,14612,14731,137665217,19336185,291235,725,"",0.96,0.99,0.99,0.99,1.00,1.03,1.01,1.01,"",-70,-7.6,117,0.8,64,0.4,260,1.8,10798991,8.5,1993054,11.5,-386,-0.1,50,7.4
"13071","0","10","70","0","2017","4","",1005,15143,15278,15279,134387123,14680371,208245,679,"",1.00,1.00,1.00,1.00,1.00,1.00,1.00,1.00,"",-85,-7.8,22,0.1,171,1.1,76,0.5,8113539,6.4,126460,0.9,-25228,-10.8,38,5.9
"13071","1","10","71","0","2017","4","",12,111,104,104,1433059,0,0,1037,"",1.99,0.38,0.36,0.35,0.39,0.00,0.00,1.07,"",-1,-7.7,-2,-1.8,1,1.0,-4,-3.7,24492,1.7,0,0.0,0,0.0,34,3.4
"13071","2","10","71","0","2017","4","",23,336,333,334,3279356,0,0,755,"",3.27,0.69,0.68,0.69,0.75,0.00,0.00,1.09,"",-1,-4.2,-1,-0.3,-6,-1.8,-5,-1.5,116903,3.7,0,0.0,0,0.0,36,5.0
"13071","3","10","71","0","2017","4","",31,3336,3359,3340,33979972,101241,2332,781,"",1.81,2.22,2.21,2.21,2.94,0.35,2.13,1.33,"",2,6.9,205,6.5,239,7.7,204,6.5,4236025,14.2,73227,261.4,1948,507.3,50,6.8
"13071","5","10","71","0","2017","4","",939,11360,11482,11501,95694736,14579130,205913,643,"",0.96,0.88,0.88,0.89,0.83,1.03,1.00,0.94,"",-85,-8.3,-180,-1.6,-63,-0.5,-119,-1.0,3736119,4.1,53233,0.4,-27176,-11.7,32,5.2
"13073","0","10","70","0","2017","4","",2488,32993,33351,33694,335989758,33876393,478122,775,"",1.00,1.00,1.00,1.00,1.00,1.00,1.00,1.00,"",-112,-4.3,780,2.4,968,3.0,918,2.8,13079281,4.1,1564575,4.8,-23817,-4.7,10,1.3
"13073","1","10","71","0","2017","4","",7,395,405,411,7452596,0,0,1420,"",0.47,0.62,0.63,0.63,0.81,0.00,0.00,1.28,"",-3,-30.0,53,15.5,53,15.1,56,15.8,652525,9.6,0,0.0,0,0.0,-76,-5.1
"13073","2","10","71","0","2017","4","",12,525,532,513,4372957,0,0,643,"",0.69,0.50,0.50,0.48,0.40,0.00,0.00,0.81,"",0,0.0,23,4.6,30,6.0,47,10.1,608091,16.2,-14598,-100.0,-382,-100.0,52,8.8
"13073","3","10","71","0","2017","4","",94,4924,4954,4947,53606138,75176,354,834,"",2.22,1.51,1.50,1.48,1.86,0.11,0.14,1.24,"",-2,-2.1,141,2.9,113,2.3,77,1.6,1968984,3.8,-49888,-39.9,-262,-42.5,12,1.5
"13073","5","10","71","0","2017","4","",2375,27149,27460,27823,270558067,33801217,477768,757,"",0.98,0.97,0.97,0.97,0.94,1.03,1.01,0.97,"",-107,-4.3,563,2.1,772,2.9,738,2.7,9849681,3.8,1629061,5.1,-23173,-4.6,8,1.1
"13075","0","10","70","0","2017","4","",354,4343,4288,4270,34939087,3852513,66949,625,"",1.00,1.00,1.00,1.00,1.00,1.00,1.00,1.00,"",-35,-9.0,122,2.9,122,2.9,142,3.4,3307193,10.5,417276,12.1,10975,19.6,42,7.2
"13075","1","10","71","0","2017","4","",5,34,27,27,356211,0,0,934,"",2.35,0.41,0.33,0.33,0.37,0.00,0.00,1.04,"",-2,-28.6,2,6.2,-1,-3.6,-4,-12.9,19879,5.9,0,0.0,0,0.0,81,9.5
"13075","2","10","71","0","2017","4","",14,126,129,129,902241,0,0,542,"",5.64,0.90,0.94,0.95,0.79,0.00,0.00,0.85,"",-2,-12.5,-18,-12.5,-17,-11.6,-16,-11.0,95426,11.8,0,0.0,0,0.0,114,26.6
"13075","3","10","71","0","2017","4","",16,1018,1029,1033,8712154,172970,1730,653,"",2.66,2.37,2.42,2.44,2.90,2.27,4.91,1.20,"",0,0.0,-72,-6.6,-69,-6.3,-74,-6.7,92792,1.1,-8612,-4.7,151,9.6,49,8.1
"13075","5","10","71","0","2017","4","",319,3165,3103,3081,24968481,3679543,65219,616,"",0.93,0.86,0.85,0.85,0.84,0.99,0.98,0.98,"",-31,-8.9,210,7.1,209,7.2,236,8.3,3099096,14.2,425888,13.1,10824,19.9,36,6.2
"13077","0","10","70","0","2017","4","",2559,38225,38586,38835,400805847,41453807,674069,800,"",1.00,1.00,1.00,1.00,1.00,1.00,1.00,1.00,"",-149,-5.5,886,2.4,729,1.9,667,1.7,16896941,4.4,798523,2.0,-48598,-6.7,18,2.3
"13077","1","10","71","0","2017","4","",18,250,248,256,4089747,0,0,1252,"",1.17,0.34,0.34,0.34,0.37,0.00,0.00,1.09,"",-3,-14.3,17,7.3,5,2.1,13,5.3,273685,7.2,0,0.0,0,0.0,27,2.2
"13077","2","10","71","0","2017","4","",21,416,423,429,3547187,229,6,646,"",1.17,0.34,0.34,0.35,0.27,0.00,0.01,0.79,"",0,0.0,-11,-2.6,-10,-2.3,4,0.9,159693,4.7,152,197.4,4,200.0,38,6.2
"13077","3","10","71","0","2017","4","",47,4608,4579,4612,51611432,39186,376,863,"",1.08,1.22,1.20,1.20,1.50,0.05,0.11,1.24,"",0,0.0,-51,-1.1,-38,-0.8,-8,-0.2,978013,1.9,9623,32.6,-223,-37.2,22,2.6
"13077","5","10","71","0","2017","4","",2473,32951,33336,33538,341557481,41414392,673687,790,"",1.00,1.01,1.02,1.02,1.00,1.03,1.01,0.98,"",-146,-5.6,931,2.9,772,2.4,658,2.0,15485550,4.7,788748,1.9,-48379,-6.7,18,2.3
"13079","0","10","70","0","2017","4","",128,1247,1247,1254,10920284,834400,13908,672,"",1.00,1.00,1.00,1.00,1.00,1.00,1.00,1.00,"",-15,-10.5,-16,-1.3,-25,-2.0,-26,-2.0,166543,1.5,-204152,-19.7,-8683,-38.4,22,3.4
"13079","1","10","71","0","2017","4","",1,8,6,6,82033,0,0,947,"",1.30,0.33,0.25,0.25,0.27,0.00,0.00,0.99,"",-2,-66.7,1,14.3,-1,-14.3,-2,-25.0,-8346,-9.2,0,0.0,0,0.0,-1,-0.1
"13079","2","10","71","0","2017","4","",4,15,15,15,118384,1906,0,607,"",4.46,0.37,0.38,0.38,0.33,0.18,0.00,0.89,"",-1,-20.0,-2,-11.8,-1,-6.2,0,0.0,-12013,-9.2,-892,-31.9,0,0.0,-20,-3.2
"13079","3","10","71","0","2017","4","",10,428,428,427,3129297,910,3,563,"",4.60,3.46,3.46,3.44,3.33,0.06,0.04,0.97,"",0,0.0,-11,-2.5,-4,-0.9,-2,-0.5,104868,3.5,-24053,-96.4,-189,-98.4,26,4.8
"13079","5","10","71","0","2017","4","",113,796,798,806,7590570,831584,13905,730,"",0.91,0.75,0.75,0.76,0.81,1.03,1.01,1.08,"",-12,-9.6,-4,-0.5,-19,-2.3,-22,-2.7,82034,1.1,-179207,-17.7,-8494,-37.9,21,3.0
"13081","0","10","70","0","2017","4","",587,8143,8169,8119,82118845,7090192,109986,776,"",1.00,1.00,1.00,1.00,1.00,1.00,1.00,1.00,"",-28,-4.6,93,1.2,-19,-0.2,-102,-1.2,9225822,12.7,369029,5.5,-21049,-16.1,88,12.8
"13081","1","10","71","0","2017","4","",6,55,53,52,760730,0,0,1097,"",1.70,0.35,0.34,0.33,0.34,0.00,0.00,0.99,"",-4,-40.0,7,14.6,1,1.9,-4,-7.1,67891,9.8,0,0.0,0,0.0,72,7.0
"13081","2","10","71","0","2017","4","",24,175,177,175,1622666,3266,86,711,"",5.84,0.67,0.68,0.68,0.61,0.04,0.59,0.90,"",0,0.0,-22,-11.2,-18,-9.2,-25,-12.5,-111217,-6.4,489,17.6,13,17.8,35,5.2
"13081","3","10","71","0","2017","4","",17,1184,1180,1181,10764825,606,9,701,"",1.70,1.47,1.45,1.47,1.52,0.00,0.02,1.04,"",0,0.0,2,0.2,-25,-2.1,-10,-0.8,340539,3.3,-1209,-66.6,-81,-90.0,29,4.3
"13081","5","10","71","0","2017","4","",540,6729,6759,6711,68970624,7086320,109891,788,"",0.95,0.97,0.97,0.97,0.98,1.03,1.01,1.01,"",-24,-4.3,106,1.6,23,0.3,-63,-0.9,8928609,14.9,369749,5.5,-20981,-16.0,100,14.5
"13083","0","10","70","0","2017","4","",246,3345,3380,3361,29236578,2486187,33485,669,"",1.00,1.00,1.00,1.00,1.00,1.00,1.00,1.00,"",-17,-6.5,-9,-0.3,79,2.4,100,3.1,1490052,5.4,-212550,-7.9,-17896,-34.8,23,3.6
"13083","1","10","71","0","2017","4","",3,24,22,22,273034,0,0,927,"",2.03,0.37,0.34,0.34,0.34,0.00,0.00,0.97,"",-1,-25.0,1,4.3,-2,-8.3,-1,-4.3,-6211,-2.2,0,0.0,0,0.0,6,0.7
"13083","2","10","71","0","2017","4","",5,31,32,31,173844,0,0,427,"",2.90,0.29,0.30,0.29,0.18,0.00,0.00,0.63,"",0,0.0,-1,-3.1,4,14.3,3,10.7,11287,6.9,0,0.0,0,0.0,1,0.2
"13083","3","10","71","0","2017","4","",11,536,547,548,4155886,94570,832,588,"",2.63,1.62,1.63,1.65,1.65,1.92,4.72,1.01,"",0,0.0,1,0.2,1,0.2,-10,-1.8,99415,2.5,22200,30.7,-326,-28.2,17,3.0
"13083","5","10","71","0","2017","4","",227,2754,2779,2760,24633814,2391617,32653,685,"",0.95,0.97,0.97,0.97,0.99,0.99,0.98,1.02,"",-16,-6.6,-10,-0.4,76,2.8,108,4.1,1385561,6.0,-234750,-8.9,-17570,-35.0,24,3.6
"13085","0","10","70","0","2017","4","",684,9116,9466,9494,69626084,10312156,126162,572,"",1.00,1.00,1.00,1.00,1.00,1.00,1.00,1.00,"",-25,-3.5,379,4.3,363,4.0,281,3.1,4893587,7.6,308670,3.1,-3243,-2.5,20,3.6
"13085","1","10","71","0","2017","4","",1,42,46,45,557250,0,0,967,"",0.24,0.24,0.25,0.25,0.29,0.00,0.00,1.18,"",-1,-50.0,2,5.0,4,9.5,4,9.8,6907,1.3,0,0.0,0,0.0,-66,-6.4
"13085","2","10","71","0","2017","4","",10,190,193,188,1564031,0,0,632,"",2.09,0.65,0.64,0.62,0.69,0.00,0.00,1.08,"",0,0.0,27,16.6,17,9.7,8,4.4,153351,10.9,0,0.0,0,0.0,5,0.8
"13085","3","10","71","0","2017","4","",12,1004,1016,1021,8805887,39167,302,668,"",1.03,1.11,1.08,1.09,1.47,0.19,0.45,1.35,"",0,0.0,-23,-2.2,-24,-2.3,40,4.1,639025,7.8,30682,361.6,197,187.6,50,8.1
"13085","5","10","71","0","2017","4","",661,7880,8211,8240,58698916,10272989,125860,557,"",1.00,1.02,1.02,1.02,0.99,1.03,1.00,0.97,"",-24,-3.5,373,5.0,366,4.7,229,2.9,4094304,7.5,277988,2.8,-3440,-2.7,18,3.3
"13087","0","10","70","0","2017","4","",634,9246,9357,9413,75935653,6925042,91957,625,"",1.00,1.00,1.00,1.00,1.00,1.00,1.00,1.00,"",-60,-8.6,517,5.9,870,10.3,1048,12.5,2992097,4.1,-219513,-3.1,-8632,-8.6,-33,-5.0
"13087","1","10","71","0","2017","4","",7,55,52,52,677833,0,0,984,"",1.84,0.31,0.29,0.29,0.32,0.00,0.00,1.10,"",-3,-30.0,1,1.9,-3,-5.5,-5,-8.8,-1803,-0.3,0,0.0,0,0.0,39,4.1
"13087","2","10","71","0","2017","4","",19,496,496,493,3856533,4005,105,599,"",4.28,1.67,1.65,1.64,1.56,0.05,0.87,0.94,"",-2,-9.5,-52,-9.5,-42,-7.8,-35,-6.6,-224442,-5.5,-81,-2.0,-2,-1.9,16,2.7
"13087","3","10","71","0","2017","4","",20,1824,1827,1811,15853251,10118,26,670,"",1.86,1.99,1.97,1.94,2.43,0.07,0.05,1.24,"",0,0.0,9,0.5,15,0.8,-5,-0.3,159121,1.0,-3644,-26.5,-23,-46.9,5,0.8
"13087","5","10","71","0","2017","4","",588,6871,6982,7057,55548036,6910919,91826,613,"",0.96,0.87,0.88,0.88,0.86,1.03,1.01,0.98,"",-55,-8.6,559,8.9,900,14.8,1093,18.3,3059221,5.8,-215788,-3.0,-8607,-8.6,-47,-7.1
"13089","0","10","70","0","2017","4","",17726,300345,302812,301255,4255122034,285836398,4850502,1086,"",1.00,1.00,1.00,1.00,1.00,1.00,1.00,1.00,"",-2246,-11.2,4857,1.6,2954,1.0,2090,0.7,121279526,2.9,5221926,1.9,-447318,-8.4,20,1.9
"13089","1","10","71","0","2017","4","",58,10760,10900,10773,230631702,0,0,1641,"",0.55,1.86,1.88,1.86,1.97,0.00,0.00,1.06,"",-8,-12.1,-372,-3.3,-282,-2.5,-570,-5.0,-102075,0.0,0,0.0,0,0.0,59,3.7
"13089","2","10","71","0","2017","4","",91,8188,8219,8220,80162741,26121,179,751,"",0.73,0.85,0.85,0.86,0.58,0.01,0.03,0.68,"",1,1.1,266,3.4,308,3.9,248,3.1,4185397,5.5,-11810,-31.1,-62,-25.7,14,1.9
"13089","3","10","71","0","2017","4","",210,23482,24591,23702,274857794,170220,345,884,"",0.70,0.79,0.82,0.80,0.75,0.03,0.01,0.94,"",-2,-0.9,416,1.8,359,1.5,448,1.9,8680781,3.3,25676,17.8,-17,-4.7,13,1.5
"13089","5","10","71","0","2017","4","",17367,257915,259102,258560,3669469797,285640057,4849978,1092,"",1.01,1.01,1.01,1.01,1.01,1.03,1.01,1.00,"",-2237,-11.4,4547,1.8,2569,1.0,1964,0.8,108515423,3.0,5208060,1.9,-447239,-8.4,20,1.9
"13091","0","10","70","0","2017","4","",337,5069,5068,5038,41759151,3871855,68908,635,"",1.00,1.00,1.00,1.00,1.00,1.00,1.00,1.00,"",-34,-9.2,-50,-1.0,-60,-1.2,-38,-0.7,2019894,5.1,287062,8.0,-3350,-4.6,37,6.2
"13091","1","10","71","0","2017","4","",6,35,37,35,448973,0,0,968,"",2.97,0.36,0.38,0.36,0.39,0.00,0.00,1.07,"",-1,-14.3,-1,-2.8,0,0.0,-7,-16.7,-17679,-3.8,0,0.0,0,0.0,32,3.4
"13091","2","10","71","0","2017","4","",28,745,752,750,6696052,30125,206,688,"",11.86,4.58,4.63,4.67,4.91,0.61,2.27,1.06,"",0,0.0,-53,-6.6,-47,-5.9,-41,-5.2,-211772,-3.1,-22985,-43.3,-181,-46.8,20,3.0
"13091","3","10","71","0","2017","4","",9,1044,1049,1046,8805108,168802,1451,647,"",1.57,2.08,2.08,2.10,2.45,2.20,4.00,1.17,"",0,0.0,-35,-3.2,-35,-3.2,-34,-3.1,-402466,-4.4,-12471,-6.9,-993,-40.6,-8,-1.2
"13091","5","10","71","0","2017","4","",294,3245,3230,3207,25809018,3672928,67251,615,"",0.90,0.75,0.75,0.75,0.72,0.98,0.98,0.96,"",-33,-10.1,39,1.2,22,0.7,44,1.4,2651811,11.5,322518,9.6,-2176,-3.1,57,10.2
"13093","0","10","70","0","2017","4","",191,3796,3823,3863,35476595,4331242,93861,713,"",1.00,1.00,1.00,1.00,1.00,1.00,1.00,1.00,"",-34,-15.1,6,0.2,73,1.9,4,0.1,2587035,7.9,505685,13.2,2260,2.5,47,7.1
"13093","1","10","71","0","2017","4","",7,54,55,57,742485,0,0,1032,"",6.11,0.74,0.75,0.77,0.76,0.00,0.00,1.01,"",-3,-30.0,-1,-1.8,1,1.9,-4,-6.6,61446,9.0,0,0.0,0,0.0,108,11.7
"13093","2","10","71","0","2017","4","N",9,0,0,0,0,0,0,0,"N",6.72,0,0,0,0,0,0,0,"N",-1,-10.0,0,0,0,0,0,0,0,0,0,0,0,0,0,0
"13093","3","10","71","0","2017","4","N",15,0,0,0,0,0,0,0,"N",4.62,0,0,0,0,0,0,0,"N",0,0.0,0,0,0,0,0,0,0,0,0,0,0,0,0,0
"13093","5","10","71","0","2017","4","",160,3032,3069,3056,28535381,4261042,92980,719,"",0.86,0.94,0.94,0.93,0.94,1.02,1.00,1.00,"",-30,-15.8,24,0.8,130,4.4,25,0.8,2491532,9.6,622188,17.1,7413,8.7,50,7.5
"13095","0","10","70","0","2017","4","",2318,47370,47725,47752,506655967,39559833,635249,819,"",1.00,1.00,1.00,1.00,1.00,1.00,1.00,1.00,"",-252,-9.8,-815,-1.7,-791,-1.6,-876,-1.8,-3241671,-0.6,-6105245,-13.4,-261468,-29.2,9,1.1
"13095","1","10","71","0","2017","4","",25,2441,2441,2439,44534798,0,0,1404,"",1.80,2.68,2.67,2.65,3.20,0.00,0.00,1.20,"",-6,-19.4,-19,-0.8,-43,-1.7,-29,-1.2,88108,0.2,0,0.0,0,0.0,20,1.4
"13095","2","10","71","0","2017","4","",31,1977,1962,1945,19409517,13006,171,761,"",1.91,1.30,1.28,1.28,1.17,0.03,0.20,0.91,"",1,3.3,-34,-1.7,-62,-3.1,-51,-2.6,114589,0.6,-62,-0.5,11,6.9,23,3.1
"13095","3","10","71","0","2017","4","",45,4339,4303,4352,41419274,3880,2,736,"",1.14,0.92,0.91,0.92,0.95,0.00,0.00,1.04,"",-2,-4.3,-66,-1.5,-79,-1.8,-100,-2.2,530512,1.3,-54,-1.4,0,0.0,23,3.2
"13095","5","10","71","0","2017","4","",2217,38613,39019,39016,401292378,39542947,635076,794,"",0.99,0.96,0.96,0.96,0.93,1.03,1.01,0.96,"",-245,-10.0,-696,-1.8,-607,-1.5,-696,-1.8,-3974880,-1.0,-6105129,-13.4,-261479,-29.2,6,0.8
"13097","0","10","70","0","2017","4","",2586,42899,43425,43373,425480523,49087641,827621,757,"",1.00,1.00,1.00,1.00,1.00,1.00,1.00,1.00,"",-273,-9.5,1163,2.8,1038,2.4,1566,3.7,28587545,7.2,3891020,8.6,-12174,-1.4,30,4.1
"13097","1","10","71","0","2017","4","",7,199,199,200,3177955,0,0,1226,"",0.45,0.24,0.24,0.24,0.27,0.00,0.00,1.13,"",-2,-22.2,20,11.2,0,0.0,13,7.0,354840,12.6,0,0.0,0,0.0,73,6.3
"13097","2","10","71","0","2017","4","",22,346,354,349,2533535,0,0,557,"",1.21,0.25,0.25,0.25,0.18,0.00,0.00,0.72,"",1,4.8,-23,-6.2,-11,-3.0,-22,-5.9,-73541,-2.8,0,0.0,0,0.0,13,2.4
"13097","3","10","71","0","2017","4","",44,5218,5258,5256,60412067,80478,230,886,"",1.00,1.23,1.22,1.22,1.65,0.08,0.05,1.35,"",0,0.0,29,0.6,22,0.4,77,1.5,2341591,4.0,41963,109.0,26,12.7,27,3.1
"13097","5","10","71","0","2017","4","",2513,37136,37614,37568,359356966,49007163,827391,738,"",1.00,1.02,1.02,1.02,0.99,1.03,1.01,0.97,"",-272,-9.8,1137,3.2,1027,2.8,1498,4.2,25964655,7.8,3849057,8.5,-12200,-1.5,30,4.2
"13099","0","10","70","0","2017","4","",265,4464,4417,4426,49671426,3611411,86051,861,"",1.00,1.00,1.00,1.00,1.00,1.00,1.00,1.00,"",-33,-11.1,124,2.9,57,1.3,102,2.4,3198368,6.9,783939,27.7,19454,29.2,38,4.6
"13099","1","10","71","0","2017","4","",8,30,36,31,370247,0,0,881,"",5.03,0.35,0.43,0.36,0.27,0.00,0.00,0.72,"",-1,-11.1,-3,-9.1,3,9.1,-2,-6.1,10618,3.0,0,0.0,0,0.0,43,5.1
"13099","2","10","71","0","2017","4","",16,838,837,837,7271278,0,0,668,"",8.62,5.85,5.92,5.93,4.48,0.00,0.00,0.76,"",0,0.0,38,4.8,45,5.7,45,5.7,1005910,16.1,0,0.0,0,0.0,62,10.2
"13099","3","10","71","0","2017","4","",12,566,594,584,4948399,5734,300,655,"",2.66,1.28,1.35,1.33,1.16,0.08,0.66,0.88,"",0,0.0,-13,-2.2,16,2.8,16,2.8,77108,1.6,399,7.5,31,11.5,3,0.5
"13099","5","10","71","0","2017","4","",229,3030,2950,2974,37081502,3605677,85751,956,"",0.89,0.80,0.79,0.79,0.87,1.03,1.00,1.10,"",-32,-12.3,102,3.5,-7,-0.2,43,1.5,2104732,6.0,783540,27.8,19423,29.3,40,4.4
"13101","0","10","70","0","2017","4","",50,709,755,702,6748229,561382,2041,719,"",1.00,1.00,1.00,1.00,1.00,1.00,1.00,1.00,"",-5,-9.1,-88,-11.0,-50,-6.2,-38,-5.1,-12551,-0.2,-297865,-34.7,-2006,-49.6,53,8.0
"13101","1","10","71","0","2017","4","",1,1,1,1,6948,0,0,534,"",3.33,0.07,0.07,0.07,0.04,0.00,0.00,0.52,"",-2,-66.7,0,0.0,0,0.0,0,0.0,722,11.6,0,0.0,0,0.0,55,11.5
"13101","2","10","71","0","2017","4","N",5,0,0,0,0,0,0,0,"N",14.27,0,0,0,0,0,0,0,"N",0,0.0,0,0,0,0,0,0,0,0,0,0,0,0,0,0
"13101","3","10","71","0","2017","4","N",2,0,0,0,0,0,0,0,"N",2.35,0,0,0,0,0,0,0,"N",0,0.0,0,0,0,0,0,0,0,0,0,0,0,0,0,0
"13101","5","10","71","0","2017","4","",42,497,541,482,5305128,561382,2041,805,"",0.87,0.83,0.84,0.81,0.92,1.03,1.01,1.11,"",-3,-6.7,-79,-13.7,-45,-7.7,-42,-8.0,25146,0.5,-297865,-34.7,-2006,-49.6,82,11.3
"13103","0","10","70","0","2017","4","",767,9698,9908,10390,108573850,11494007,207266,835,"",1.00,1.00,1.00,1.00,1.00,1.00,1.00,1.00,"",-32,-4.0,286,3.0,315,3.3,805,8.4,11364585,11.7,3983344,53.0,80676,63.7,50,6.4
"13103","1","10","71","0","2017","4","",7,66,70,67,887798,0,0,1009,"",1.52,0.35,0.37,0.33,0.30,0.00,0.00,0.84,"",-2,-22.2,-1,-1.5,-2,-2.8,-1,-1.5,14018,1.6,0,0.0,0,0.0,35,3.6
"13103","2","10","71","0","2017","4","",15,96,101,100,970317,1621,42,754,"",2.79,0.31,0.32,0.30,0.27,0.01,0.15,0.89,"",0,0.0,7,7.9,7,7.4,5,5.3,124008,14.7,131,8.8,3,7.7,51,7.3
"13103","3","10","71","0","2017","4","",24,2359,2343,2354,23600404,235633,1920,772,"",1.84,2.45,2.38,2.29,2.53,1.04,1.76,1.07,"",0,0.0,-488,-17.1,-548,-19.0,-496,-17.4,-4245783,-15.2,-404214,-63.2,-1593,-45.3,24,3.2
"13103","5","10","71","0","2017","4","",721,7177,7394,7869,83115331,11256753,205304,855,"",0.97,0.87,0.88,0.89,0.90,1.01,1.00,1.02,"",-30,-4.0,768,12.0,858,13.1,1297,19.7,15472342,22.9,4387427,63.9,82266,66.9,55,6.9
"13105","0","10","70","0","2017","4","",476,5720,5783,5725,50746510,4595343,74357,680,"",1.00,1.00,1.00,1.00,1.00,1.00,1.00,1.00,"",-38,-7.4,6,0.1,36,0.6,17,0.3,739081,1.5,-122888,-2.6,-9336,-11.2,8,1.2
"13105","1","10","71","0","2017","4","",9,118,126,122,2058899,0,0,1298,"",3.15,1.07,1.14,1.11,1.48,0.00,0.00,1.33,"",-3,-25.0,2,1.7,10,8.6,2,1.7,15433,0.8,0,0.0,0,0.0,-42,-3.1
"13105","2","10","71","0","2017","4","",15,115,116,115,950210,3670,96,634,"",4.50,0.63,0.63,0.63,0.57,0.06,0.98,0.91,"",-1,-6.2,-2,-1.7,2,1.8,4,3.6,60286,6.8,621,20.4,16,20.0,34,5.7
"13105","3","10","71","0","2017","4","",14,1052,1054,1043,8285000,99229,579,607,"",1.73,1.86,1.84,1.84,1.90,1.09,1.48,1.03,"",0,0.0,16,1.5,28,2.7,15,1.5,272748,3.4,-42692,-30.1,-739,-56.1,9,1.5
"13105","5","10","71","0","2017","4","",438,4435,4487,4445,39452401,4492444,73682,681,"",0.95,0.91,0.91,0.91,0.91,1.01,1.00,1.00,"",-34,-7.2,-10,-0.2,-4,-0.1,-4,-0.1,390614,1.0,-80817,-1.8,-8613,-10.5,8,1.2
"13107","0","10","70","0","2017","4","",420,6542,6583,6718,56652501,4997246,90777,659,"",1.00,1.00,1.00,1.00,1.00,1.00,1.00,1.00,"",-45,-9.7,-51,-0.8,-72,-1.1,-73,-1.1,3037807,5.7,-245448,-4.7,-24416,-21.2,42,6.8
"13107","1","10","71","0","2017","4","",9,64,62,61,861535,0,0,1063,"",3.57,0.51,0.49,0.47,0.55,0.00,0.00,1.13,"",-2,-18.2,0,0.0,-1,-1.6,-2,-3.2,38840,4.7,0,0.0,0,0.0,64,6.4
"13107","2","10","71","0","2017","4","",23,587,589,590,5351967,9866,114,699,"",7.82,2.80,2.79,2.75,2.89,0.16,0.95,1.04,"",0,0.0,-14,-2.3,-11,-1.8,-3,-0.5,252745,5.0,2106,27.1,-8,-6.6,43,6.6
"13107","3","10","71","0","2017","4","",25,1310,1311,1320,10486013,52866,1186,614,"",3.50,2.02,2.01,1.99,2.15,0.53,2.48,1.07,"",-1,-3.8,-16,-1.2,-9,-0.7,-8,-0.6,344377,3.4,-20042,-27.5,-336,-22.1,25,4.2
"13107","5","10","71","0","2017","4","",363,4581,4621,4747,39952986,4934514,89477,661,"",0.89,0.82,0.83,0.83,0.83,1.02,0.99,1.00,"",-42,-10.4,-21,-0.5,-51,-1.1,-60,-1.2,2401845,6.4,-227512,-4.4,-24072,-21.2,46,7.5
"13109","0","10","70","0","2017","4","",244,4528,4465,4459,44689527,5241931,62834,767,"",1.00,1.00,1.00,1.00,1.00,1.00,1.00,1.00,"",-28,-10.3,39,0.9,-24,-0.5,-17,-0.4,4247983,10.5,113098,2.2,-9455,-13.1,73,10.5
"13109","1","10","71","0","2017","4","",6,43,41,43,639373,0,0,1162,"",4.10,0.49,0.48,0.50,0.52,0.00,0.00,1.06,"",-2,-25.0,0,0.0,-1,-2.4,0,0.0,-3975,-0.6,0,0.0,0,0.0,2,0.2
"13109","2","10","71","0","2017","4","",12,164,157,162,1326594,2653,23,634,"",7.02,1.13,1.10,1.14,0.91,0.04,0.28,0.81,"",1,9.1,-14,-7.9,-15,-8.7,-6,-3.6,-34141,-2.5,753,39.6,-1,-4.2,28,4.6
"13109","3","10","71","0","2017","4","",10,452,435,429,3716618,12130,63,652,"",2.41,1.01,0.98,0.97,0.97,0.12,0.19,0.98,"",0,0.0,-7,-1.5,-13,-2.9,-15,-3.4,-51862,-1.4,1337,12.4,-12,-16.0,8,1.2
"13109","5","10","71","0","2017","4","",216,3869,3832,3825,39006942,5227148,62748,781,"",0.91,1.01,1.01,1.01,1.02,1.03,1.01,1.01,"",-27,-11.1,60,1.6,5,0.1,4,0.1,4337961,12.5,111008,2.2,-9442,-13.1,83,11.9
"13111","0","10","70","0","2017","4","",611,6405,6366,6372,54805054,7346019,126726,661,"",1.00,1.00,1.00,1.00,1.00,1.00,1.00,1.00,"",-50,-7.6,-84,-1.3,-221,-3.4,-76,-1.2,4239069,8.4,-4415,-0.1,-7072,-5.3,63,10.5
"13111","1","10","71","0","2017","4","",6,52,51,52,740647,0,0,1103,"",1.64,0.42,0.42,0.42,0.49,0.00,0.00,1.17,"",-1,-14.3,3,6.1,1,2.0,2,4.0,48826,7.1,0,0.0,0,0.0,32,3.0
"13111","2","10","71","0","2017","4","",13,70,65,66,731117,0,0,839,"",3.04,0.34,0.32,0.32,0.41,0.00,0.00,1.24,"",1,8.3,3,4.5,-8,-11.0,-4,-5.7,24352,3.4,0,0.0,0,0.0,62,8.0
"13111","3","10","71","0","2017","4","",12,843,861,862,7419312,249265,1566,667,"",1.16,1.33,1.36,1.37,1.57,1.71,2.35,1.16,"",0,0.0,-13,-1.5,-10,-1.1,-20,-2.3,263134,3.7,-27265,-9.9,-1574,-50.1,34,5.4
"13111","5","10","71","0","2017","4","",580,5440,5389,5392,45913978,7096754,125160,653,"",0.98,1.00,1.00,1.00,0.98,1.00,0.99,0.98,"",-50,-7.9,-77,-1.4,-204,-3.6,-54,-1.0,3902757,9.3,22850,0.3,-5498,-4.2,67,11.4
"13113","0","10","70","0","2017","4","",3534,43409,44258,44526,498664522,47119795,686803,871,"",1.00,1.00,1.00,1.00,1.00,1.00,1.00,1.00,"",-372,-9.5,414,1.0,729,1.7,891,2.0,31955505,6.8,2242844,5.0,-72298,-9.5,44,5.3
"13113","1","10","71","0","2017","4","",12,471,485,487,13066505,0,0,2090,"",0.57,0.56,0.57,0.57,0.95,0.00,0.00,1.68,"",-2,-14.3,-18,-3.7,-4,-0.8,-9,-1.8,-307790,-2.3,0,0.0,0,0.0,-4,-0.2
"13113","2","10","71","0","2017","4","",13,129,133,104,924439,16872,148,583,"",0.52,0.09,0.09,0.07,0.06,0.03,0.16,0.66,"",0,0.0,14,12.2,22,19.8,6,6.1,119532,14.9,-1404,-7.7,-122,-45.2,10,1.7
"13113","3","10","71","0","2017","4","",35,4624,4698,4528,52082791,158598,458,868,"",0.58,1.08,1.07,1.03,1.21,0.17,0.13,1.15,"",0,0.0,54,1.2,20,0.4,65,1.5,2091913,4.2,71609,82.3,186,68.4,27,3.2
"13113","5","10","71","0","2017","4","",3474,38185,38942,39407,432590787,46944325,686197,857,"",1.01,1.04,1.04,1.04,1.02,1.03,1.01,0.98,"",-370,-9.6,364,1.0,691,1.8,829,2.1,30051850,7.5,2172639,4.9,-72362,-9.5,47,5.8
"13115","0","10","70","0","2017","4","",1957,39627,39790,39713,436692318,36931533,637100,846,"",1.00,1.00,1.00,1.00,1.00,1.00,1.00,1.00,"",-181,-8.5,380,1.0,281,0.7,532,1.4,20252941,4.9,3254691,9.7,5231,0.8,31,3.8
"13115","1","10","71","0","2017","4","",15,197,204,207,3376394,0,0,1282,"",1.28,0.26,0.27,0.27,0.28,0.00,0.00,1.06,"",-2,-11.8,-9,-4.4,-1,-0.5,5,2.5,105892,3.2,0,0.0,0,0.0,51,4.1
"13115","2","10","71","0","2017","4","",44,1483,1405,1406,13262308,13560,226,713,"",3.21,1.17,1.10,1.11,0.93,0.03,0.27,0.83,"",0,0.0,33,2.3,-72,-4.9,-32,-2.2,86811,0.7,502,3.8,23,11.3,16,2.3
"13115","3","10","71","0","2017","4","",42,3991,3979,3928,40744648,156080,1724,790,"",1.26,1.02,1.01,1.00,1.09,0.21,0.51,1.08,"",-1,-2.3,83,2.1,67,1.7,33,0.8,2866046,7.6,47449,43.7,371,27.4,44,5.9
"13115","5","10","71","0","2017","4","",1856,33956,34202,34172,379308968,36761893,635150,855,"",0.98,1.01,1.01,1.01,1.02,1.03,1.00,1.01,"",-178,-8.8,273,0.8,287,0.8,526,1.6,17194192,4.7,3206740,9.6,4837,0.8,30,3.6
"13117","0","10","70","0","2017","4","",5837,73552,73856,74272,960987747,77290528,1101367,1000,"",1.00,1.00,1.00,1.00,1.00,1.00,1.00,1.00,"",-533,-8.4,1586,2.2,1477,2.0,1523,2.1,30367259,3.3,282730,0.4,-116476,-9.6,11,1.1
"13117","1","10","71","0","2017","4","",6,221,233,224,3808690,0,0,1296,"",0.17,0.16,0.16,0.16,0.14,0.00,0.00,0.91,"",-1,-14.3,21,10.5,35,17.7,15,7.2,322801,9.3,0,0.0,0,0.0,-29,-2.2
"13117","2","10","71","0","2017","4","",18,206,208,206,2004436,0,0,746,"",0.44,0.09,0.09,0.09,0.06,0.00,0.00,0.73,"",-1,-5.3,-9,-4.2,-3,-1.4,-1,-0.5,119622,6.3,0,0.0,0,0.0,59,8.6
"13117","3","10","71","0","2017","4","",46,7546,7567,7552,85695594,0,0,873,"",0.46,1.04,1.03,1.03,1.04,0.00,0.00,1.01,"",0,0.0,238,3.3,260,3.6,292,4.0,1966321,2.3,0,0.0,0,0.0,-10,-1.1
"13117","5","10","71","0","2017","4","",5767,65579,65848,66290,869479027,77290528,1101367,1015,"",1.02,1.05,1.05,1.05,1.06,1.03,1.01,1.01,"",-531,-8.4,1336,2.1,1185,1.8,1217,1.9,27958515,3.3,282730,0.4,-116476,-9.6,14,1.4
"13119","0","10","70","0","2017","4","",458,7964,7957,7964,71565883,9265377,150848,691,"",1.00,1.00,1.00,1.00,1.00,1.00,1.00,1.00,"",-27,-5.6,83,1.1,107,1.4,121,1.5,1901649,2.7,686428,8.0,-7601,-4.8,9,1.3
"13119","1","10","71","0","2017","4","",5,45,47,46,599532,0,0,1003,"",1.82,0.29,0.31,0.30,0.30,0.00,0.00,1.01,"",-1,-16.7,-3,-6.2,-2,-4.1,-1,-2.1,-2947,-0.5,0,0.0,0,0.0,37,3.8
"13119","2","10","71","0","2017","4","",12,137,131,133,1008401,979,26,580,"",3.74,0.54,0.51,0.52,0.43,0.01,0.13,0.82,"",0,0.0,10,7.9,1,0.8,8,6.4,133768,15.3,78,8.7,2,8.3,52,9.8
"13119","3","10","71","0","2017","4","",18,957,961,965,7875441,98877,433,630,"",2.31,1.21,1.22,1.22,1.28,0.54,0.55,1.05,"",0,0.0,-4,-0.4,7,0.7,6,0.6,229575,3.0,-9925,-9.1,-286,-39.8,16,2.6
"13119","5","10","71","0","2017","4","",423,6825,6818,6820,62082509,9165521,150389,700,"",0.95,1.01,1.01,1.01,1.02,1.02,1.00,1.01,"",-26,-5.8,80,1.2,101,1.5,108,1.6,1541253,2.5,696275,8.2,-7317,-4.6,7,1.0
"13121","0","10","70","0","2017","4","",43044,863132,868906,869170,16361246113,890538395,16761621,1452,"",1.00,1.00,1.00,1.00,1.00,1.00,1.00,1.00,"",-4502,-9.5,28440,3.4,28910,3.4,24367,2.9,1310299219,8.7,29689115,3.4,-1151179,-6.4,73,5.3
"13121","1","10","71","0","2017","4","",161,24578,24518,24585,601129597,0,0,1883,"",0.62,1.48,1.47,1.47,1.34,0.00,0.00,0.91,"",-39,-19.5,-183,-0.7,-348,-1.4,-430,-1.7,14780879,2.5,0,0.0,0,0.0,70,3.9
"13121","2","10","71","0","2017","4","",172,31077,31244,31213,507522307,357434,2186,1252,"",0.57,1.12,1.12,1.13,0.95,0.03,0.10,0.85,"",5,3.0,739,2.4,807,2.7,584,1.9,26565130,5.5,-217982,-37.9,-68,-3.0,38,3.1
"13121","3","10","71","0","2017","4","",227,43032,43106,42759,541655207,2419717,33971,970,"",0.31,0.50,0.50,0.50,0.39,0.14,0.39,0.77,"",-12,-5.0,4,0.0,-84,-0.2,-300,-0.7,15421769,2.9,7951,0.3,-1799,-5.0,31,3.3
"13121","5","10","71","0","2017","4","",42484,764445,770038,770613,14710939002,887761244,16725464,1473,"",1.02,1.04,1.04,1.04,1.05,1.03,1.00,1.01,"",-4456,-9.5,27880,3.8,28535,3.8,24513,3.3,1253531441,9.3,29899146,3.5,-1149312,-6.4,77,5.5
"13123","0","10","70","0","2017","4","",582,6991,6999,6949,53489840,7069135,98266,590,"",1.00,1.00,1.00,1.00,1.00,1.00,1.00,1.00,"",-45,-7.2,-5,-0.1,42,0.6,22,0.3,397363,0.7,-82176,-1.1,-13261,-11.9,3,0.5
"13123","1","10","71","0","2017","4","",5,77,81,79,1157979,0,0,1128,"",1.43,0.57,0.60,0.59,0.79,0.00,0.00,1.34,"",-1,-16.7,-4,-4.9,2,2.5,-1,-1.2,24109,2.1,0,0.0,0,0.0,38,3.5
"13123","2","10","71","0","2017","4","",17,144,142,144,1234349,12338,152,662,"",4.17,0.64,0.63,0.65,0.71,0.14,1.17,1.10,"",0,0.0,9,6.7,9,6.8,12,9.1,133979,12.2,-1519,-11.0,22,16.9,27,4.3
"13123","3","10","71","0","2017","4","",18,1049,1038,1027,8543117,9500,251,633,"",1.82,1.51,1.49,1.49,1.86,0.07,0.49,1.24,"",1,5.9,12,1.2,25,2.5,13,1.3,-1686,0.0,9500,100.0,251,100.0,-11,-1.7
"13123","5","10","71","0","2017","4","",542,5721,5738,5699,42554395,7047297,97863,572,"",0.96,0.96,0.97,0.96,0.93,1.03,1.00,0.96,"",-45,-7.7,-22,-0.4,6,0.1,-2,0.0,240961,0.6,-90157,-1.3,-13534,-12.1,3,0.5
"13125","0","10","70","0","2017","4","",38,446,443,438,2920408,259381,2945,508,"",1.00,1.00,1.00,1.00,1.00,1.00,1.00,1.00,"",-3,-7.3,4,0.9,10,2.3,12,2.8,37044,1.3,-17251,-6.2,-376,-11.3,-3,-0.6
"13125","1","10","71","0","2017","4","",2,2,2,2,20023,0,0,770,"",8.78,0.23,0.24,0.24,0.25,0.00,0.00,1.06,"",-1,-33.3,0,0.0,0,0.0,0,0.0,-2505,-11.1,0,0.0,0,0.0,-96,-11.1
"13125","2","10","71","0","2017","4","N",5,0,0,0,0,0,0,0,"N",18.78,0,0,0,0,0,0,0,"N",0,0.0,0,0,0,0,0,0,0,0,0,0,0,0,0,0
"13125","3","10","71","0","2017","4","N",5,0,0,0,0,0,0,0,"N",7.74,0,0,0,0,0,0,0,"N",0,0.0,0,0,0,0,0,0,0,0,0,0,0,0,0,0
"13125","5","10","71","0","2017","4","",26,250,247,239,1759886,244614,2855,552,"",0.71,0.66,0.66,0.64,0.71,0.97,0.98,1.08,"",-2,-7.1,3,1.2,12,5.1,8,3.5,88062,5.3,-19022,-7.2,-323,-10.2,11,2.0
"13127","0","10","70","0","2017","4","",2651,37822,38104,38039,404760779,34429169,532259,820,"",1.00,1.00,1.00,1.00,1.00,1.00,1.00,1.00,"",-282,-9.6,506,1.4,332,0.9,220,0.6,14707212,3.8,-104446,-0.3,-101755,-16.0,23,2.9
"13127","1","10","71","0","2017","4","",34,1822,1831,1852,42344451,0,0,1775,"",2.14,2.50,2.51,2.53,3.81,0.00,0.00,1.51,"",-12,-26.1,53,3.0,55,3.1,60,3.3,2582312,6.5,0,0.0,0,0.0,56,3.3
"13127","2","10","71","0","2017","4","",34,1657,1650,1642,15368796,29840,414,717,"",1.83,1.36,1.35,1.35,1.16,0.07,0.59,0.86,"",-1,-2.9,50,3.1,-2,-0.1,-8,-0.5,1090068,7.6,-3771,-11.2,-241,-36.8,46,6.9
"13127","3","10","71","0","2017","4","",6,3382,3405,3396,36251970,8831,86,822,"",0.13,0.90,0.90,0.90,1.04,0.01,0.03,1.16,"",0,0.0,11,0.3,1,0.0,14,0.4,-614507,-1.7,-16133,-64.6,-523,-85.9,-16,-1.9
"13127","5","10","71","0","2017","4","",2577,30961,31218,31149,310795562,34390498,531759,768,"",1.00,0.96,0.96,0.96,0.90,1.03,1.01,0.93,"",-269,-9.5,392,1.3,278,0.9,154,0.5,11649339,3.9,-84542,-0.2,-100991,-16.0,22,2.9
"13129","0","10","70","0","2017","4","",1022,21642,21621,21763,234286429,22624231,549026,831,"",1.00,1.00,1.00,1.00,1.00,1.00,1.00,1.00,"",-64,-5.9,1340,6.6,1258,6.2,1283,6.3,34437720,17.2,2913113,14.8,116781,27.0,77,10.2
"13129","1","10","71","0","2017","4","",11,92,85,86,1206712,0,0,1059,"",1.79,0.22,0.21,0.21,0.19,0.00,0.00,0.89,"",-1,-8.3,7,8.2,-3,-3.4,-9,-9.5,-3599,-0.3,0,0.0,0,0.0,17,1.6
"13129","2","10","71","0","2017","4","",14,501,498,499,4390572,0,0,676,"",1.96,0.72,0.72,0.72,0.57,0.00,0.00,0.80,"",-1,-6.7,43,9.4,42,9.2,30,6.4,708545,19.2,0,0.0,0,0.0,62,10.1
"13129","3","10","71","0","2017","4","",23,2102,2095,2080,22601561,34125,246,831,"",1.32,0.98,0.98,0.97,1.12,0.08,0.09,1.15,"",-1,-4.2,-83,-3.8,-62,-2.9,-74,-3.4,293873,1.3,4917,16.8,-252,-50.6,39,4.9
"13129","5","10","71","0","2017","4","",974,18947,18943,19098,206087584,22590106,548780,835,"",0.98,1.03,1.03,1.03,1.03,1.03,1.01,1.00,"",-61,-5.9,1373,7.8,1281,7.3,1336,7.5,33438901,19.4,2908196,14.8,117033,27.1,83,11.0
"13131","0","10","70","0","2017","4","",470,6012,6076,6112,54846264,4980700,67337,695,"",1.00,1.00,1.00,1.00,1.00,1.00,1.00,1.00,"",-31,-6.2,484,8.8,501,9.0,478,8.5,3988445,7.8,684157,15.9,5917,9.6,-6,-0.9
"13131","1","10","71","0","2017","4","",8,75,79,76,1128928,0,0,1133,"",2.84,0.65,0.68,0.65,0.75,0.00,0.00,1.14,"",-1,-11.1,3,4.2,4,5.3,-3,-3.8,30221,2.8,0,0.0,0,0.0,11,1.0
"13131","2","10","71","0","2017","4","",12,72,69,68,611688,0,0,675,"",3.64,0.37,0.35,0.35,0.34,0.00,0.00,0.95,"",-1,-7.7,10,16.1,6,9.5,5,7.9,73095,13.6,0,0.0,0,0.0,14,2.1
"13131","3","10","71","0","2017","4","",18,1090,1101,1099,8583058,14903,77,602,"",2.25,1.83,1.82,1.82,1.82,0.15,0.22,1.00,"",0,0.0,12,1.1,5,0.5,9,0.8,-1338707,-13.5,2304,18.3,-25,-24.5,-99,-14.1
"13131","5","10","71","0","2017","4","",432,4775,4827,4869,44522590,4965797,67260,710,"",0.95,0.93,0.94,0.94,0.95,1.03,1.01,1.02,"",-29,-6.3,459,10.6,486,11.2,467,10.6,5223836,13.3,681853,15.9,5942,9.7,16,2.3
"13133","0","10","70","0","2017","4","",469,6094,6105,6160,59430441,6057864,77695,747,"",1.00,1.00,1.00,1.00,1.00,1.00,1.00,1.00,"",-32,-6.4,315,5.5,295,5.1,384,6.6,5608097,10.4,806606,15.4,-16043,-17.1,32,4.5
"13133","1","10","71","0","2017","4","",5,45,49,48,616703,0,0,1002,"",1.78,0.38,0.42,0.40,0.38,0.00,0.00,0.94,"",-3,-37.5,5,12.5,9,22.5,7,17.1,64085,11.6,0,0.0,0,0.0,-52,-4.9
"13133","2","10","71","0","2017","4","",10,37,38,39,268845,0,0,544,"",3.04,0.19,0.19,0.20,0.14,0.00,0.00,0.71,"",0,0.0,-4,-9.8,-5,-11.6,-3,-7.1,-25312,-8.6,0,0.0,0,0.0,5,0.9
"13133","3","10","71","0","2017","4","",20,749,741,742,7090561,109636,479,733,"",2.51,1.24,1.22,1.22,1.39,0.91,1.17,1.13,"",0,0.0,15,2.0,0,0.0,-1,-0.1,314098,4.6,3864,3.7,-100,-17.3,28,4.0
"13133","5","10","71","0","2017","4","",434,5263,5277,5331,51454332,5948228,77216,748,"",0.95,1.02,1.02,1.02,1.01,1.01,1.00,1.00,"",-29,-6.3,299,6.0,291,5.8,381,7.7,5255226,11.4,802742,15.6,-15943,-17.1,32,4.5
"13135","0","10","70","0","2017","4","",24625,355608,358393,359617,4878564965,388983813,6408225,1049,"",1.00,1.00,1.00,1.00,1.00,1.00,1.00,1.00,"",-2651,-9.7,8943,2.6,9356,2.7,9708,2.8,248286800,5.4,12835297,3.4,-364096,-5.4,27,2.6
"13135","1","10","71","0","2017","4","",35,2603,2585,2604,47292074,0,0,1401,"",0.24,0.38,0.38,0.38,0.35,0.00,0.00,0.93,"",-8,-18.6,131,5.3,82,3.3,42,1.6,802789,1.7,0,0.0,0,0.0,-22,-1.5
"13135","2","10","71","0","2017","4","",43,3494,3517,3414,37779246,2021,0,836,"",0.25,0.31,0.31,0.30,0.24,0.00,0.00,0.78,"",-1,-2.3,-21,-0.6,-17,-0.5,-51,-1.5,1109595,3.0,-156,-7.2,0,0.0,31,3.9
"13135","3","10","71","0","2017","4","",174,30930,31012,30821,345429095,185766,1339,859,"",0.42,0.88,0.87,0.87,0.82,0.02,0.04,0.94,"",1,0.6,469,1.5,438,1.4,364,1.2,15480849,4.7,25749,16.1,182,15.7,27,3.2
"13135","5","10","71","0","2017","4","",24373,318581,321279,322778,4448064550,388796026,6406886,1066,"",1.02,1.05,1.06,1.06,1.07,1.03,1.01,1.01,"",-2643,-9.8,8364,2.7,8853,2.8,9353,3.0,230893567,5.5,12809704,3.4,-364278,-5.4,26,2.5
"13137","0","10","70","0","2017","4","",862,14385,14447,14728,131916484,12636591,188687,699,"",1.00,1.00,1.00,1.00,1.00,1.00,1.00,1.00,"",-75,-8.0,8,0.1,-10,-0.1,109,0.7,1836494,1.4,287153,2.3,-12043,-6.0,8,1.2
"13137","1","10","71","0","2017","4","",10,95,94,96,1357833,0,0,1099,"",1.93,0.34,0.34,0.34,0.37,0.00,0.00,1.10,"",-1,-9.1,0,0.0,-3,-3.1,-2,-2.0,34599,2.6,0,0.0,0,0.0,46,4.4
"13137","2","10","71","0","2017","4","",21,698,700,685,5974197,9674,140,662,"",3.48,1.51,1.51,1.46,1.39,0.06,0.56,0.93,"",-1,-4.5,40,6.1,45,6.9,31,4.7,527798,9.7,3139,48.0,18,14.8,23,3.6
"13137","3","10","71","0","2017","4","",27,2162,2149,2189,20535028,59156,442,729,"",1.84,1.52,1.50,1.50,1.81,0.24,0.45,1.20,"",0,0.0,13,0.6,-19,-0.9,-28,-1.3,-144627,-0.7,-5777,-8.9,-225,-33.7,-1,-0.1
"13137","5","10","71","0","2017","4","",804,11430,11504,11758,104049426,12567761,188105,692,"",0.96,0.94,0.94,0.94,0.92,1.03,1.00,0.98,"",-73,-8.3,-45,-0.4,-33,-0.3,108,0.9,1418724,1.4,289791,2.4,-11836,-5.9,9,1.3
"13139","0","10","70","0","2017","4","",4404,86984,86977,86719,1104737418,86936607,1269269,978,"",1.00,1.00,1.00,1.00,1.00,1.00,1.00,1.00,"",-320,-6.8,3374,4.0,2868,3.4,2366,2.8,91317519,9.0,6733708,8.4,-3406,-0.3,50,5.4
"13139","1","10","71","0","2017","4","",22,456,470,464,8012597,0,0,1330,"",0.83,0.27,0.28,0.28,0.26,0.00,0.00,0.95,"",-2,-8.3,-12,-2.6,8,1.7,-11,-2.3,197962,2.5,0,0.0,0,0.0,46,3.6
"13139","2","10","71","0","2017","4","",35,2580,2619,2581,25025032,452443,2799,742,"",1.13,0.92,0.94,0.93,0.69,0.41,1.67,0.74,"",-1,-2.8,369,16.7,315,13.7,197,8.3,2419626,10.7,330380,270.7,1648,143.2,-14,-1.9
"13139","3","10","71","0","2017","4","",58,7339,7403,7309,74349914,100358,905,778,"",0.77,0.85,0.86,0.85,0.78,0.06,0.14,0.92,"",1,1.8,-24,-0.3,-32,-0.4,-27,-0.4,2057009,2.8,51015,103.4,439,94.2,24,3.2
"13139","5","10","71","0","2017","4","",4289,76609,76485,76365,997349875,86383806,1265565,1003,"",1.00,1.04,1.04,1.04,1.06,1.03,1.00,1.02,"",-318,-6.9,3041,4.1,2577,3.5,2207,3.0,86642922,9.5,6352313,7.9,-5493,-0.4,55,5.8
"13141","0","10","70","0","2017","4","",74,1545,1557,1605,13938508,768714,12510,683,"",1.00,1.00,1.00,1.00,1.00,1.00,1.00,1.00,"",-12,-14.0,8,0.5,-23,-1.5,9,0.6,419003,3.1,-27340,-3.4,2081,20.0,21,3.2
"13141","1","10","71","0","2017","4","",1,17,17,16,192428,0,0,888,"",2.25,0.57,0.57,0.52,0.50,0.00,0.00,0.91,"",-1,-50.0,1,6.2,1,6.2,0,0.0,18503,10.6,0,0.0,0,0.0,52,6.2
"13141","2","10","71","0","2017","4","",10,339,333,338,2907916,0,0,664,"",19.29,6.84,6.68,6.60,6.39,0.00,0.00,0.95,"",0,0.0,4,1.2,-8,-2.3,-3,-0.9,37107,1.3,0,0.0,0,0.0,13,2.0
"13141","3","10","71","0","2017","4","",3,418,441,488,3176093,0,0,544,"",2.39,2.73,2.85,3.07,2.65,0.00,0.00,0.92,"",0,0.0,1,0.2,-2,-0.5,39,8.7,95421,3.1,0,0.0,0,0.0,1,0.2
"13141","5","10","71","0","2017","4","",60,771,766,763,7662071,768714,12510,769,"",0.84,0.59,0.58,0.56,0.64,1.03,1.01,1.12,"",-11,-15.5,2,0.3,-14,-1.8,-27,-3.4,267972,3.6,-27340,-3.4,2081,20.0,39,5.3
"13143","0","10","70","0","2017","4","",477,6619,6659,6716,74580590,5441470,87494,861,"",1.00,1.00,1.00,1.00,1.00,1.00,1.00,1.00,"",-30,-5.9,146,2.3,204,3.2,271,4.2,5119336,7.4,162032,3.1,-5232,-5.6,34,4.1
"13143","1","10","71","0","2017","4","",5,46,49,47,623361,0,0,1013,"",1.75,0.36,0.38,0.36,0.30,0.00,0.00,0.82,"",-2,-28.6,0,0.0,2,4.3,1,2.2,31150,5.3,0,0.0,0,0.0,30,3.1
"13143","2","10","71","0","2017","4","",14,271,283,277,2235641,12718,333,621,"",4.19,1.28,1.33,1.29,0.92,0.18,2.89,0.71,"",0,0.0,-1,-0.4,0,0.0,-8,-2.8,-847,0.0,-4237,-25.0,-112,-25.2,7,1.1
"13143","3","10","71","0","2017","4","",23,1242,1255,1244,11828865,32481,69,730,"",2.84,1.89,1.90,1.87,1.84,0.30,0.15,0.98,"",0,0.0,7,0.6,17,1.4,5,0.4,339699,3.0,-10300,-24.1,-77,-52.7,16,2.2
"13143","5","10","71","0","2017","4","",435,5060,5072,5148,59892723,5396271,87092,905,"",0.94,0.90,0.90,0.90,0.94,1.02,1.00,1.05,"",-28,-6.0,140,2.8,185,3.8,273,5.6,4749334,8.6,176569,3.4,-5043,-5.5,38,4.4
"13145","0","10","70","0","2017","4","",445,4596,4789,4844,38496941,5235396,88181,624,"",1.00,1.00,1.00,1.00,1.00,1.00,1.00,1.00,"",-62,-12.2,-76,-1.6,35,0.7,54,1.1,2968411,8.4,901167,20.8,3685,4.4,47,8.1
"13145","1","10","71","0","2017","4","",10,55,56,54,823037,0,0,1151,"",3.75,0.62,0.61,0.58,0.78,0.00,0.00,1.29,"",-2,-16.7,1,1.9,6,12.0,-2,-3.6,50908,6.6,0,0.0,0,0.0,37,3.3
"13145","2","10","71","0","2017","4","",7,62,63,60,360413,0,0,450,"",2.24,0.42,0.41,0.39,0.29,0.00,0.00,0.71,"",-1,-12.5,0,0.0,4,6.8,0,0.0,16862,4.9,0,0.0,0,0.0,12,2.7
"13145","3","10","71","0","2017","4","",18,1151,1152,1163,9118092,125766,654,607,"",2.38,2.53,2.42,2.43,2.75,1.21,1.41,1.12,"",0,0.0,-98,-7.8,-100,-8.0,-87,-7.0,270153,3.1,-67638,-35.0,-584,-47.2,63,11.6
"13145","5","10","71","0","2017","4","",410,3328,3518,3567,28195399,5109630,87527,625,"",0.95,0.85,0.86,0.87,0.86,1.01,1.00,1.00,"",-59,-12.6,21,0.6,125,3.7,143,4.2,2630488,10.3,968805,23.4,4269,5.1,42,7.2
"13147","0","10","70","0","2017","4","",419,6487,6610,6669,61041831,5683617,108662,713,"",1.00,1.00,1.00,1.00,1.00,1.00,1.00,1.00,"",-28,-6.3,-10,-0.2,45,0.7,98,1.5,2796272,4.8,21985,0.4,-11176,-9.3,28,4.1
"13147","1","10","71","0","2017","4","",5,83,84,83,1447211,0,0,1336,"",1.99,0.66,0.66,0.65,0.86,0.00,0.00,1.31,"",-2,-28.6,3,3.8,1,1.2,-4,-4.6,205676,16.6,0,0.0,0,0.0,190,16.6
"13147","2","10","71","0","2017","4","",12,166,167,168,1437964,0,0,662,"",4.09,0.80,0.79,0.79,0.72,0.00,0.00,0.91,"",0,0.0,2,1.2,1,0.6,7,4.3,97556,7.3,0,0.0,0,0.0,32,5.1
"13147","3","10","71","0","2017","4","",10,916,939,941,7446910,860,7,615,"",1.40,1.43,1.43,1.43,1.42,0.01,0.01,0.99,"",-1,-9.1,-40,-4.2,-27,-2.8,-18,-1.9,242042,3.4,-2802,-76.5,-230,-97.0,38,6.6
"13147","5","10","71","0","2017","4","",392,5322,5420,5477,50709746,5682757,108655,722,"",0.96,0.97,0.97,0.97,0.97,1.03,1.01,1.01,"",-25,-6.0,25,0.5,70,1.3,113,2.1,2250998,4.6,24787,0.4,-10946,-9.2,24,3.4
"13149","0","10","70","0","2017","4","",150,2001,2083,2153,24623390,1868781,50667,911,"",1.00,1.00,1.00,1.00,1.00,1.00,1.00,1.00,"",-7,-4.5,-81,-3.9,-40,-1.9,4,0.2,259021,1.1,215256,13.0,20954,70.5,26,2.9
"13149","1","10","71","0","2017","4","",2,16,15,16,196558,0,0,965,"",2.22,0.42,0.38,0.39,0.29,0.00,0.00,0.74,"",-1,-33.3,0,0.0,-1,-6.2,0,0.0,4422,2.3,0,0.0,0,0.0,41,4.4
"13149","2","10","71","0","2017","4","",4,70,75,74,776318,0,0,818,"",3.81,1.09,1.12,1.08,0.97,0.00,0.00,0.88,"",0,0.0,-2,-2.8,1,1.4,-2,-2.6,-2093,-0.3,0,0.0,0,0.0,9,1.1
"13149","3","10","71","0","2017","4","",13,512,514,515,4570470,12350,198,684,"",5.10,2.58,2.48,2.42,2.16,0.33,0.74,0.87,"",-1,-7.1,-57,-10.0,-56,-9.8,-50,-8.8,180417,4.1,1260,11.4,21,11.9,89,15.0
"13149","5","10","71","0","2017","4","",131,1403,1479,1548,19080044,1856431,50469,994,"",0.90,0.83,0.84,0.85,0.91,1.03,1.00,1.09,"",-5,-3.7,-22,-1.5,16,1.1,56,3.8,76275,0.4,213996,13.0,20933,70.9,-7,-0.7
"13151","0","10","70","0","2017","4","",3779,59337,60694,60350,579033454,67804332,1144352,741,"",1.00,1.00,1.00,1.00,1.00,1.00,1.00,1.00,"",-347,-8.4,848,1.4,1545,2.6,1063,1.8,33329481,6.1,1343240,2.0,-93241,-7.5,29,4.1
"13151","1","10","71","0","2017","4","",12,953,982,978,26709202,0,0,2116,"",0.53,0.83,0.85,0.84,1.68,0.00,0.00,2.00,"",-4,-25.0,53,5.9,73,8.0,49,5.3,1243679,4.9,0,0.0,0,0.0,-30,-1.4
"13151","2","10","71","0","2017","4","",16,186,184,184,1885373,6747,177,785,"",0.60,0.10,0.09,0.10,0.10,0.01,0.12,1.04,"",0,0.0,27,17.0,24,15.0,27,17.2,464219,32.7,1222,22.1,32,22.1,96,13.9
"13151","3","10","71","0","2017","4","",70,8464,8514,8506,87553186,196970,1866,793,"",1.09,1.44,1.41,1.42,1.76,0.15,0.31,1.23,"",-2,-2.8,221,2.7,206,2.5,219,2.6,3393525,4.0,-29899,-13.2,-1193,-39.0,11,1.4
"13151","5","10","71","0","2017","4","",3681,49734,51014,50682,462885693,67600615,1142309,705,"",1.00,0.99,0.99,0.99,0.94,1.03,1.00,0.95,"",-341,-8.5,547,1.1,1242,2.5,768,1.5,28228058,6.5,1371917,2.1,-92080,-7.5,31,4.6
"13153","0","10","70","0","2017","4","",2635,59869,60000,60261,694996240,40450813,551995,890,"",1.00,1.00,1.00,1.00,1.00,1.00,1.00,1.00,"",-268,-9.2,444,0.7,412,0.7,947,1.6,14505247,2.1,46205,0.1,-61469,-10.0,9,1.0
"13153","1","10","71","0","2017","4","",39,14627,14744,14888,283305261,0,0,1477,"",2.47,12.69,12.84,12.82,14.83,0.00,0.00,1.16,"",-9,-18.8,16,0.1,108,0.7,272,1.9,9743400,3.6,0,0.0,0,0.0,38,2.6
"13153","2","10","71","0","2017","4","",35,1330,1119,1072,9868691,324065,0,647,"",1.90,0.69,0.58,0.56,0.43,0.63,0.00,0.71,"",0,0.0,102,8.3,75,7.2,77,7.7,895137,10.0,69196,27.1,0,0.0,13,2.1
"13153","3","10","71","0","2017","4","",76,8475,8478,8451,83365234,0,0,757,"",1.70,1.43,1.42,1.42,1.39,0.00,0.00,0.98,"",-9,-10.6,-167,-1.9,-133,-1.5,-75,-0.9,2154434,2.7,0,0.0,0,0.0,30,4.1
"13153","5","10","71","0","2017","4","",2485,35437,35659,35850,318457054,40126748,551995,687,"",0.97,0.70,0.70,0.70,0.54,1.03,1.01,0.77,"",-250,-9.1,493,1.4,362,1.0,673,1.9,1712276,0.5,-22991,-0.1,-61469,-10.0,-6,-0.9
"13155","0","10","70","0","2017","4","",148,2127,2062,2017,17445405,2501445,55304,649,"",1.00,1.00,1.00,1.00,1.00,1.00,1.00,1.00,"",-8,-5.1,235,12.4,133,6.9,216,12.0,2483916,16.6,992305,65.8,9677,21.2,35,5.7
"13155","1","10","71","0","2017","4","",5,22,22,22,253563,0,0,887,"",5.63,0.54,0.56,0.57,0.53,0.00,0.00,0.96,"",-1,-16.7,-3,-12.0,-5,-18.5,-4,-15.4,4746,1.9,0,0.0,0,0.0,151,20.5
"13155","2","10","71","0","2017","4","",4,11,12,12,101574,0,0,670,"",3.86,0.16,0.18,0.19,0.18,0.00,0.00,1.01,"",1,33.3,0,0.0,1,9.1,2,20.0,23546,30.2,0,0.0,0,0.0,107,19.0
"13155","3","10","71","0","2017","4","",12,611,628,619,4983970,146950,1131,619,"",4.77,2.90,3.07,3.10,3.32,2.97,3.89,1.10,"",0,0.0,-6,-1.0,-26,-4.0,-8,-1.3,265648,5.6,45851,45.4,605,115.0,45,7.8
"13155","5","10","71","0","2017","4","",127,1483,1400,1364,12106298,2354495,54173,658,"",0.88,0.82,0.80,0.80,0.81,0.97,0.99,1.01,"",-8,-5.9,244,19.7,163,13.2,226,19.9,2189976,22.1,946454,67.2,9072,20.1,25,3.9
"13157","0","10","70","0","2017","4","",1409,27124,28306,28043,273406430,38085220,671335,756,"",1.00,1.00,1.00,1.00,1.00,1.00,1.00,1.00,"",-78,-5.2,1265,4.9,1852,7.0,1780,6.8,13755147,5.3,1330788,3.6,-18822,-2.7,-7,-0.9
"13157","1","10","71","0","2017","4","",11,150,157,158,2476665,0,0,1229,"",1.30,0.29,0.29,0.29,0.33,0.00,0.00,1.14,"",-1,-8.3,-5,-3.2,3,1.9,-7,-4.2,229699,10.2,0,0.0,0,0.0,135,12.3
"13157","2","10","71","0","2017","4","",12,90,92,95,925095,7312,192,771,"",1.22,0.10,0.10,0.11,0.10,0.02,0.22,1.00,"",0,0.0,3,3.4,2,2.2,8,9.2,32553,3.6,797,12.2,21,12.3,-9,-1.2
"13157","3","10","71","0","2017","4","",33,2838,2949,2836,25265352,466580,2472,676,"",1.38,1.06,1.05,1.02,1.07,0.62,0.70,1.03,"",-1,-2.9,40,1.4,62,2.1,52,1.9,2071466,8.9,89893,23.9,-313,-11.2,44,7.0
"13157","5","10","71","0","2017","4","",1353,24046,25108,24954,244739318,37611328,668671,762,"",0.99,1.04,1.04,1.05,1.05,1.02,1.00,1.00,"",-76,-5.3,1227,5.4,1785,7.7,1727,7.4,11421429,4.9,1240098,3.4,-18530,-2.7,-14,-1.8
"13159","0","10","70","0","2017","4","",181,2229,2238,2241,18991477,1865117,32543,653,"",1.00,1.00,1.00,1.00,1.00,1.00,1.00,1.00,"",-10,-5.2,161,7.8,148,7.1,155,7.4,2522563,15.3,275657,17.3,924,2.9,44,7.2
"13159","1","10","71","0","2017","4","",3,19,20,20,220011,0,0,861,"",2.76,0.44,0.47,0.46,0.42,0.00,0.00,0.92,"",-1,-25.0,1,5.6,1,5.3,1,5.3,11739,5.6,0,0.0,0,0.0,3,0.3
"13159","2","10","71","0","2017","4","",7,54,53,54,380617,0,0,546,"",5.52,0.75,0.74,0.76,0.61,0.00,0.00,0.82,"",-1,-12.5,2,3.8,-1,-1.9,0,0.0,39731,11.7,0,0.0,0,0.0,54,11.0
"13159","3","10","71","0","2017","4","",7,613,610,607,4614602,0,0,582,"",2.28,2.78,2.74,2.74,2.83,0.00,0.00,1.03,"",0,0.0,-5,-0.8,-11,-1.8,2,0.3,77201,1.7,0,0.0,0,0.0,14,2.5
"13159","5","10","71","0","2017","4","",164,1543,1555,1560,13776247,1865117,32543,683,"",0.93,0.81,0.82,0.82,0.85,1.03,1.01,1.04,"",-8,-4.7,163,11.8,159,11.4,152,10.8,2393892,21.0,275657,17.3,924,2.9,55,8.8
"13161","0","10","70","0","2017","4","",252,4184,4211,4237,38395354,4374222,67599,701,"",1.00,1.00,1.00,1.00,1.00,1.00,1.00,1.00,"",-24,-8.7,-246,-5.6,-80,-1.9,-102,-2.4,1842179,5.0,-367287,-7.7,-2833,-4.0,55,8.5
"13161","1","10","71","0","2017","4","",3,29,27,32,315408,0,0,827,"",1.98,0.36,0.34,0.39,0.30,0.00,0.00,0.82,"",-1,-25.0,0,0.0,1,3.8,3,10.3,-8112,-2.5,0,0.0,0,0.0,-62,-7.0
"13161","2","10","71","0","2017","4","",9,30,30,29,354261,0,0,919,"",5.10,0.22,0.22,0.21,0.28,0.00,0.00,1.29,"",-1,-10.0,-1,-3.2,-1,-3.2,-2,-6.5,42450,13.6,0,0.0,0,0.0,145,18.7
"13161","3","10","71","0","2017","4","",15,779,776,767,6998668,43804,721,696,"",3.50,1.88,1.86,1.83,2.12,0.51,2.03,1.14,"",0,0.0,30,4.0,22,2.9,8,1.1,746691,11.9,-28510,-39.4,-678,-48.5,58,9.1
"13161","5","10","71","0","2017","4","",225,3346,3378,3409,30727017,4330418,66878,700,"",0.92,0.94,0.94,0.95,0.94,1.02,1.00,0.99,"",-22,-8.9,-275,-7.6,-102,-2.9,-111,-3.2,1061150,3.6,-338777,-7.3,-2155,-3.1,55,8.5
"13163","0","10","70","0","2017","4","",361,4955,4960,4929,54306112,4229128,81704,844,"",1.00,1.00,1.00,1.00,1.00,1.00,1.00,1.00,"",-21,-5.5,131,2.7,43,0.9,-13,-0.3,10400485,23.7,76288,1.8,4810,6.3,154,22.3
"13163","1","10","71","0","2017","4","",9,57,55,57,763082,0,0,1042,"",4.16,0.60,0.58,0.60,0.51,0.00,0.00,0.86,"",-3,-25.0,3,5.6,2,3.8,-3,-5.0,41600,5.8,0,0.0,0,0.0,45,4.5
"13163","2","10","71","0","2017","4","",12,70,68,66,593966,0,0,672,"",4.74,0.44,0.43,0.42,0.34,0.00,0.00,0.78,"",-1,-7.7,5,7.7,2,3.0,1,1.5,60940,11.4,0,0.0,0,0.0,44,7.0
"13163","3","10","71","0","2017","4","",18,932,936,921,7116545,26756,208,589,"",2.93,1.90,1.90,1.89,1.52,0.32,0.48,0.80,"",0,0.0,-9,-1.0,-40,-4.1,-20,-2.1,-242586,-3.3,-26061,-49.3,-354,-63.0,-5,-0.8
"13163","5","10","71","0","2017","4","",322,3896,3901,3885,45832519,4202372,81496,905,"",0.92,0.93,0.93,0.93,0.99,1.03,1.00,1.07,"",-17,-5.0,132,3.5,79,2.1,9,0.2,10540531,29.9,102349,2.5,5164,6.8,194,27.3
"13165","0","10","70","0","2017","4","",126,1324,1361,1374,10992049,1288965,22015,625,"",1.00,1.00,1.00,1.00,1.00,1.00,1.00,1.00,"",-12,-8.7,-70,-5.0,-37,-2.6,-12,-0.9,530581,5.1,389474,43.3,9729,79.2,47,8.1
"13165","1","10","71","0","2017","4","",4,19,19,19,210800,0,0,853,"",5.29,0.75,0.73,0.72,0.70,0.00,0.00,0.95,"",-2,-33.3,1,5.6,-2,-9.5,1,5.6,16171,8.3,0,0.0,0,0.0,65,8.2
"13165","2","10","71","0","2017","4","",9,42,41,44,338753,0,0,616,"",10.19,0.99,0.94,1.00,0.94,0.00,0.00,0.97,"",-2,-18.2,-20,-32.3,-19,-31.7,-18,-29.0,-61709,-15.4,0,0.0,0,0.0,114,22.7
"13165","3","10","71","0","2017","4","",5,365,370,374,2824602,110,6,588,"",2.33,2.78,2.74,2.75,2.99,0.00,0.05,1.08,"",-1,-16.7,-120,-24.7,-121,-24.6,-117,-23.8,-781860,-21.7,-57553,-99.8,-780,-99.2,21,3.7
"13165","5","10","71","0","2017","4","",108,898,931,937,7617894,1288855,22009,636,"",0.88,0.80,0.81,0.80,0.81,1.03,1.01,1.01,"",-7,-6.1,69,8.3,105,12.7,122,15.0,1357979,21.7,447027,53.1,10509,91.4,51,8.7
"13167","0","10","70","0","2017","4","",134,1507,1542,1538,11918232,1156036,18958,600,"",1.00,1.00,1.00,1.00,1.00,1.00,1.00,1.00,"",-12,-8.2,-70,-4.4,-52,-3.3,-42,-2.7,-951226,-7.4,17341,1.5,389,2.1,-25,-4.0
"13167","1","10","71","0","2017","4","",2,17,19,18,182046,0,0,778,"",2.49,0.59,0.64,0.61,0.56,0.00,0.00,0.91,"",-2,-50.0,0,0.0,2,11.8,1,5.9,7718,4.4,0,0.0,0,0.0,-11,-1.4
"13167","2","10","71","0","2017","4","N",8,0,0,0,0,0,0,0,"N",8.52,0,0,0,0,0,0,0,"N",0,0.0,0,0,0,0,0,0,0,0,0,0,0,0,0,0
"13167","3","10","71","0","2017","4","N",9,0,0,0,0,0,0,0,"N",3.95,0,0,0,0,0,0,0,"N",0,0.0,0,0,0,0,0,0,0,0,0,0,0,0,0,0
"13167","5","10","71","0","2017","4","",115,874,915,911,7240291,1071102,18390,619,"",0.88,0.68,0.70,0.70,0.71,0.96,0.98,1.03,"",-10,-8.0,-76,-8.0,-49,-5.1,-35,-3.7,-868310,-10.7,8585,0.8,455,2.5,-35,-5.4
"13169","0","10","70","0","2017","4","",359,4600,4586,4579,44834834,3722968,52123,752,"",1.00,1.00,1.00,1.00,1.00,1.00,1.00,1.00,"",-30,-7.7,-106,-2.3,-140,-3.0,-65,-1.4,3533349,8.6,-95105,-2.5,-7776,-13.0,75,11.1
"13169","1","10","71","0","2017","4","",4,34,34,32,550811,0,0,1271,"",1.86,0.38,0.39,0.36,0.45,0.00,0.00,1.18,"",-4,-50.0,-3,-8.1,-2,-5.6,-5,-13.5,916,0.2,0,0.0,0,0.0,117,10.1
"13169","2","10","71","0","2017","4","",11,50,51,50,451796,8862,173,690,"",4.37,0.34,0.35,0.34,0.31,0.19,2.52,0.90,"",0,0.0,2,4.2,4,8.5,2,4.2,41913,10.2,1336,17.8,17,10.9,29,4.4
"13169","3","10","71","0","2017","4","",15,1061,1064,1055,8940687,0,0,649,"",2.46,2.33,2.34,2.33,2.32,0.00,0.00,0.99,"",0,0.0,-21,-1.9,-18,-1.7,-21,-2.0,82582,0.9,0,0.0,0,0.0,18,2.9
"13169","5","10","71","0","2017","4","",329,3455,3437,3442,34891540,3714106,51950,779,"",0.94,0.88,0.88,0.88,0.91,1.03,1.00,1.03,"",-26,-7.3,-84,-2.4,-124,-3.5,-41,-1.2,3407938,10.8,-96441,-2.5,-7793,-13.0,92,13.4
"13171","0","10","70","0","2017","4","",254,3530,3562,3520,30953208,2945960,54451,673,"",1.00,1.00,1.00,1.00,1.00,1.00,1.00,1.00,"",-26,-9.3,-250,-6.6,-209,-5.5,-182,-4.9,-1091464,-3.4,193404,7.0,-1002,-1.8,16,2.4
"13171","1","10","71","0","2017","4","",5,36,37,43,534493,0,0,1063,"",3.28,0.53,0.54,0.63,0.63,0.00,0.00,1.10,"",-1,-16.7,2,5.9,5,15.6,-2,-4.4,25092,4.9,0,0.0,0,0.0,4,0.4
"13171","2","10","71","0","2017","4","",11,452,453,451,4620498,0,0,786,"",6.18,3.99,3.97,4.02,4.57,0.00,0.00,1.15,"",-2,-15.4,-4,-0.9,0,0.0,1,0.2,58069,1.3,0,0.0,0,0.0,11,1.4
"13171","3","10","71","0","2017","4","",13,677,660,650,5275817,44808,313,613,"",3.01,1.94,1.87,1.87,1.98,0.77,1.09,1.05,"",0,0.0,-3,-0.4,-34,-4.9,2,0.3,-225840,-4.1,-2100,-4.5,150,92.0,-15,-2.4
"13171","5","10","71","0","2017","4","",225,2365,2412,2376,20522400,2901152,54138,662,"",0.91,0.79,0.80,0.79,0.78,1.02,1.00,0.98,"",-23,-9.3,-245,-9.4,-180,-6.9,-183,-7.2,-948785,-4.4,195504,7.2,-1152,-2.1,24,3.8
"13173","0","10","70","0","2017","4","",105,1389,1383,1373,11654929,838292,14823,649,"",1.00,1.00,1.00,1.00,1.00,1.00,1.00,1.00,"",-25,-19.2,-41,-2.9,-32,-2.3,-30,-2.1,418405,3.7,-22997,-2.7,-4067,-21.5,39,6.4
"13173","1","10","71","0","2017","4","",2,17,16,17,177864,0,0,821,"",3.18,0.64,0.60,0.64,0.56,0.00,0.00,0.88,"",-1,-33.3,3,21.4,0,0.0,0,0.0,8200,4.8,0,0.0,0,0.0,-12,-1.4
"13173","2","10","71","0","2017","4","",10,84,84,85,680979,0,0,621,"",13.59,1.88,1.90,1.94,1.79,0.00,0.00,0.94,"",0,0.0,1,1.2,1,1.2,1,1.2,25599,3.9,0,0.0,0,0.0,16,2.6
"13173","3","10","71","0","2017","4","",9,595,568,552,4759658,73197,277,640,"",5.04,4.32,4.14,4.06,4.75,4.41,3.55,1.14,"",0,0.0,37,6.6,25,4.6,9,1.7,519595,12.3,4176,6.1,-62,-18.3,45,7.6
"13173","5","10","71","0","2017","4","",84,693,715,719,6036428,765095,14546,655,"",0.82,0.59,0.61,0.62,0.61,0.94,0.99,1.00,"",-24,-22.2,-82,-10.6,-58,-7.5,-40,-5.3,-134989,-2.2,-27173,-3.4,-4005,-21.6,38,6.2
"13175","0","10","70","0","2017","4","",1044,18422,18456,18558,183899729,17431301,301636,766,"",1.00,1.00,1.00,1.00,1.00,1.00,1.00,1.00,"",-87,-7.7,379,2.1,31,0.2,166,0.9,9481152,5.4,1536553,9.7,-10351,-3.3,32,4.4
"13175","1","10","71","0","2017","4","",14,1541,1546,1562,29642242,0,0,1471,"",2.24,4.35,4.38,4.37,5.86,0.00,0.00,1.34,"",0,0.0,73,5.0,69,4.7,75,5.0,1764324,6.3,0,0.0,0,0.0,19,1.3
"13175","2","10","71","0","2017","4","",32,688,689,680,6435107,8603,89,722,"",4.37,1.16,1.17,1.15,1.07,0.04,0.22,0.92,"",0,0.0,-33,-4.6,-62,-8.3,-56,-7.6,235598,3.8,-424,-4.7,0,0.0,74,11.4
"13175","3","10","71","0","2017","4","",30,2010,2016,2008,18539473,54635,94,709,"",1.69,1.10,1.10,1.09,1.17,0.16,0.06,1.07,"",-2,-6.2,-27,-1.3,-8,-0.4,-14,-0.7,189674,1.0,24833,83.3,2,2.2,13,1.9
"13175","5","10","71","0","2017","4","",968,14183,14205,14308,129282907,17368063,301453,699,"",0.96,0.91,0.91,0.91,0.82,1.03,1.01,0.91,"",-85,-8.1,366,2.6,32,0.2,161,1.1,7291556,6.0,1512144,9.5,-10353,-3.3,31,4.6
"13177","0","10","70","0","2017","4","",460,6673,6670,6621,59634947,7157335,141149,689,"",1.00,1.00,1.00,1.00,1.00,1.00,1.00,1.00,"",-33,-6.7,131,2.0,96,1.5,58,0.9,4941887,9.0,30408,0.4,-40659,-22.4,48,7.5
"13177","1","10","71","0","2017","4","",4,43,44,43,551820,0,0,980,"",1.45,0.33,0.34,0.34,0.34,0.00,0.00,0.99,"",-1,-20.0,-2,-4.4,0,0.0,-1,-2.3,38809,7.6,0,0.0,0,0.0,90,10.1
"13177","2","10","71","0","2017","4","N",8,0,0,0,0,0,0,0,"N",2.48,0,0,0,0,0,0,0,"N",0,0.0,0,0,0,0,0,0,0,0,0,0,0,0,0,0
"13177","3","10","71","0","2017","4","N",16,0,0,0,0,0,0,0,"N",2.05,0,0,0,0,0,0,0,"N",0,0.0,0,0,0,0,0,0,0,0,0,0,0,0,0,0
"13177","5","10","71","0","2017","4","",432,5141,5139,5072,47220705,7149612,140523,710,"",0.97,0.91,0.91,0.90,0.93,1.03,1.00,1.02,"",-32,-6.9,151,3.0,123,2.5,61,1.2,5282882,12.6,29685,0.4,-40718,-22.5,66,10.2
"13179","0","10","70","0","2017","4","",885,18777,18826,18763,188270369,14642915,212530,771,"",1.00,1.00,1.00,1.00,1.00,1.00,1.00,1.00,"",-75,-7.8,739,4.1,541,3.0,570,3.1,7126842,3.9,-811876,-5.3,-48543,-18.6,4,0.5
"13179","1","10","71","0","2017","4","",34,3609,3627,3615,45928961,0,0,977,"",6.41,9.99,10.07,10.00,8.88,0.00,0.00,0.89,"",-12,-26.1,-163,-4.3,-147,-3.9,-144,-3.8,-182800,-0.4,0,0.0,0,0.0,36,3.8
"13179","2","10","71","0","2017","4","",22,351,352,341,3103084,7064,176,686,"",3.55,0.58,0.58,0.57,0.50,0.04,0.63,0.87,"",-1,-4.3,-16,-4.4,-20,-5.4,-20,-5.5,78191,2.6,784,12.5,21,13.5,51,8.0
"13179","3","10","71","0","2017","4","",26,2817,2818,2809,27032697,62430,1252,739,"",1.73,1.51,1.51,1.51,1.67,0.22,1.12,1.10,"",-2,-7.1,83,3.0,9,0.3,32,1.2,423697,1.6,5396,9.5,898,253.7,1,0.1
"13179","5","10","71","0","2017","4","",803,12000,12029,11998,112205627,14573421,211102,719,"",0.94,0.75,0.75,0.75,0.70,1.03,1.00,0.93,"",-60,-7.0,835,7.5,699,6.2,702,6.2,6807754,6.5,-818056,-5.3,-49462,-19.0,-1,-0.1
"13181","0","10","70","0","2017","4","",144,1318,1306,1316,10270100,917537,18180,602,"",1.00,1.00,1.00,1.00,1.00,1.00,1.00,1.00,"",-20,-12.2,-69,-5.0,-67,-4.9,-55,-4.0,-727275,-6.6,-171356,-15.7,-8383,-31.6,-12,-2.0
"13181","1","10","71","0","2017","4","",2,15,15,15,167938,0,0,861,"",2.32,0.59,0.60,0.59,0.59,0.00,0.00,1.00,"",-3,-60.0,1,7.1,1,7.1,2,15.4,-1078,-0.6,0,0.0,0,0.0,-90,-9.5
"13181","2","10","71","0","2017","4","",5,33,33,32,214220,0,0,504,"",4.96,0.78,0.79,0.76,0.64,0.00,0.00,0.82,"",-1,-16.7,1,3.1,2,6.5,2,6.7,11558,5.7,0,0.0,0,0.0,1,0.2
"13181","3","10","71","0","2017","4","",7,376,375,375,2559328,7510,42,525,"",2.86,2.88,2.89,2.88,2.90,0.41,0.44,1.01,"",0,0.0,-35,-8.5,-39,-9.4,-39,-9.4,-151731,-5.6,1805,31.6,-1,-2.3,20,4.0
"13181","5","10","71","0","2017","4","",130,894,883,894,7328614,910027,18138,633,"",0.93,0.80,0.80,0.80,0.84,1.03,1.00,1.05,"",-16,-11.0,-36,-3.9,-31,-3.4,-20,-2.2,-586024,-7.4,-173161,-16.0,-8382,-31.6,-29,-4.4
"13183","0","10","70","0","2017","4","",72,988,984,997,8249767,453955,6773,641,"",1.00,1.00,1.00,1.00,1.00,1.00,1.00,1.00,"",1,1.4,39,4.1,46,4.9,45,4.7,382200,4.9,30162,7.1,852,14.4,1,0.2
"13183","1","10","71","0","2017","4","",1,14,13,13,177762,0,0,1026,"",2.32,0.74,0.69,0.68,0.78,0.00,0.00,1.12,"",-2,-66.7,2,16.7,0,0.0,-1,-7.1,11052,6.6,0,0.0,0,0.0,40,4.1
"13183","2","10","71","0","2017","4","",5,74,75,76,636130,0,0,652,"",9.91,2.33,2.38,2.39,2.36,0.00,0.00,1.00,"N",0,0.0,0,0,0,0,0,0,0,0,0,0,0,0,0,0
"13183","3","10","71","0","2017","4","",3,640,637,637,5523959,0,0,666,"",2.45,6.54,6.52,6.46,7.79,0.00,0.00,1.20,"N",0,0.0,0,0,0,0,0,0,0,0,0,0,0,0,0,0
"13183","5","10","71","0","2017","4","",63,260,259,271,1911916,453955,6773,558,"",0.90,0.31,0.31,0.32,0.27,1.03,1.01,0.87,"",3,5.0,4,1.6,18,7.5,21,8.4,73741,4.0,30162,7.1,852,14.4,-10,-1.8
"13185","0","10","70","0","2017","4","",2764,48959,49457,49135,476617038,48587110,890476,745,"",1.00,1.00,1.00,1.00,1.00,1.00,1.00,1.00,"",-226,-7.6,-936,-1.9,-685,-1.4,-975,-1.9,29985590,6.7,378506,0.8,20074,2.3,59,8.6
"13185","1","10","71","0","2017","4","",42,1117,1134,1139,13298740,0,0,905,"",2.53,1.19,1.20,1.20,1.02,0.00,0.00,0.85,"",-9,-17.6,-6,-0.5,-6,-0.5,9,0.8,601194,4.7,0,0.0,0,0.0,41,4.7
"13185","2","10","71","0","2017","4","",38,3068,3066,3047,33087377,18555,368,832,"",1.96,1.95,1.94,1.94,2.13,0.03,0.31,1.10,"",1,2.7,-17,-0.6,-14,-0.5,-17,-0.6,1767134,5.6,1856,11.1,54,17.2,49,6.3
"13185","3","10","71","0","2017","4","",25,6510,6525,6477,71888474,53983,449,850,"",0.53,1.34,1.33,1.33,1.75,0.06,0.10,1.32,"",0,0.0,31,0.5,53,0.8,45,0.7,1774040,2.5,-797,-1.5,-23,-4.9,15,1.8
"13185","5","10","71","0","2017","4","",2659,38264,38732,38472,358342447,48514572,889659,716,"",0.99,0.92,0.92,0.92,0.88,1.03,1.01,0.96,"",-218,-7.6,-944,-2.4,-718,-1.8,-1012,-2.6,25843222,7.8,377447,0.8,20043,2.3,67,10.3
"13187","0","10","70","0","2017","4","",522,7674,7662,7663,68338086,6729918,120170,686,"",1.00,1.00,1.00,1.00,1.00,1.00,1.00,1.00,"",-57,-9.8,-58,-0.8,-79,-1.0,92,1.2,1691539,2.5,-853894,-11.3,-13789,-10.3,19,2.8
"13187","1","10","71","0","2017","4","",3,74,75,73,1028083,0,0,1069,"",0.96,0.50,0.51,0.49,0.55,0.00,0.00,1.09,"",-1,-25.0,2,2.8,6,8.7,3,4.3,-23782,-2.3,0,0.0,0,0.0,-81,-7.0
"13187","2","10","71","0","2017","4","N",11,0,0,0,0,0,0,0,"N",3.01,0,0,0,0,0,0,0,"N",-1,-8.3,0,0,0,0,0,0,0,0,0,0,0,0,0,0
"13187","3","10","71","0","2017","4","N",6,0,0,0,0,0,0,0,"N",0.68,0,0,0,0,0,0,0,"N",0,0.0,0,0,0,0,0,0,0,0,0,0,0,0,0,0
"13187","5","10","71","0","2017","4","",502,5233,5266,5293,41780075,6709667,119932,611,"",0.99,0.80,0.81,0.81,0.72,1.03,1.00,0.89,"",-55,-9.9,-120,-2.2,-70,-1.3,90,1.7,124371,0.3,-856083,-11.3,-13809,-10.3,6,1.0
"13189","0","10","70","0","2017","4","",434,6740,6771,6782,59371426,4925431,99555,675,"",1.00,1.00,1.00,1.00,1.00,1.00,1.00,1.00,"",-16,-3.6,-96,-1.4,-42,-0.6,-72,-1.1,1157822,2.0,-443257,-8.3,-22708,-18.6,20,3.1
"13189","1","10","71","0","2017","4","",4,27,25,26,347235,0,0,1027,"",1.54,0.21,0.19,0.20,0.21,0.00,0.00,1.06,"",-2,-33.3,-4,-12.9,2,8.7,-7,-21.2,21236,6.5,0,0.0,0,0.0,162,18.7
"13189","2","10","71","0","2017","4","",21,182,184,182,1968983,2562,63,829,"",6.91,0.84,0.85,0.84,1.02,0.04,0.48,1.20,"",-1,-4.5,-2,-1.1,4,2.2,0,0.0,110502,5.9,200,8.5,5,8.6,44,5.6
"13189","3","10","71","0","2017","4","",15,1061,1068,1030,7878751,0,0,576,"",2.03,1.59,1.59,1.53,1.54,0.00,0.00,0.98,"",0,0.0,-10,-0.9,25,2.4,2,0.2,152683,2.0,0,0.0,0,0.0,9,1.6
"13189","5","10","71","0","2017","4","",394,5470,5494,5544,49176457,4922869,99492,687,"",0.94,0.96,0.96,0.96,0.97,1.03,1.01,1.01,"",-13,-3.2,-80,-1.4,-73,-1.3,-67,-1.2,873401,1.8,-443457,-8.3,-22713,-18.6,21,3.2
"13191","0","10","70","0","2017","4","",202,1732,1769,1789,13895833,1750498,27238,606,"",1.00,1.00,1.00,1.00,1.00,1.00,1.00,1.00,"",-20,-9.0,60,3.6,82,4.9,88,5.2,1273746,10.1,346509,24.7,4077,17.6,30,5.2
"13191","1","10","71","0","2017","4","",7,46,46,48,674409,0,0,1112,"",5.78,1.38,1.36,1.39,1.77,0.00,0.00,1.28,"",0,0.0,13,39.4,14,43.8,13,37.1,250667,59.2,0,0.0,0,0.0,134,13.7
"13191","2","10","71","0","2017","4","",7,106,110,112,1081828,0,0,761,"",4.95,1.91,1.94,1.96,2.38,0.00,0.00,1.23,"",-1,-12.5,-4,-3.6,-1,-0.9,1,0.9,117298,12.2,0,0.0,0,0.0,91,13.6
"13191","3","10","71","0","2017","4","",12,453,460,466,3768298,6000,2,631,"",3.50,2.64,2.62,2.63,3.15,0.17,0.01,1.20,"",-2,-14.3,-36,-7.4,-29,-5.9,-14,-2.9,-334676,-8.2,486,8.8,0,0.0,-18,-2.8
"13191","5","10","71","0","2017","4","",176,1127,1153,1163,8371298,1744498,27236,561,"",0.90,0.77,0.77,0.76,0.71,1.03,1.01,0.92,"",-17,-8.8,87,8.4,98,9.3,88,8.2,1240457,17.4,346023,24.7,4077,17.6,42,8.1
"13193","0","10","70","0","2017","4","",198,2775,2799,2807,28208064,2169154,46599,777,"",1.00,1.00,1.00,1.00,1.00,1.00,1.00,1.00,"",-31,-13.5,-31,-1.1,-14,-0.5,18,0.6,448489,1.6,-180288,-7.7,-10386,-18.2,15,2.0
"13193","1","10","71","0","2017","4","",6,28,28,24,294289,0,0,849,"",5.05,0.52,0.52,0.44,0.38,0.00,0.00,0.76,"",-2,-25.0,3,12.0,5,21.7,1,4.3,24871,9.2,0,0.0,0,0.0,-27,-3.1
"13193","2","10","71","0","2017","4","N",11,0,0,0,0,0,0,0,"N",7.93,0,0,0,0,0,0,0,"N",-2,-15.4,0,0,0,0,0,0,0,0,0,0,0,0,0,0
"13193","3","10","71","0","2017","4","N",14,0,0,0,0,0,0,0,"N",4.16,0,0,0,0,0,0,0,"N",0,0.0,0,0,0,0,0,0,0,0,0,0,0,0,0,0
"13193","5","10","71","0","2017","4","",167,1934,1944,1959,21222046,2027999,45022,839,"",0.87,0.82,0.82,0.82,0.88,0.97,0.97,1.07,"",-27,-13.9,-11,-0.6,-16,-0.8,23,1.2,34202,0.2,-225230,-10.0,-11302,-20.1,2,0.2
"13195","0","10","70","0","2017","4","",359,3094,3102,3116,26197952,2652433,39902,649,"",1.00,1.00,1.00,1.00,1.00,1.00,1.00,1.00,"",-47,-11.6,-316,-9.3,-314,-9.2,-283,-8.3,505319,2.0,-514827,-16.3,-16701,-29.5,69,11.9
"13195","1","10","71","0","2017","4","",7,42,42,42,575017,0,0,1053,"",3.25,0.71,0.71,0.70,0.80,0.00,0.00,1.13,"",-2,-22.2,-2,-4.5,-2,-4.5,-3,-6.7,-22581,-3.8,0,0.0,0,0.0,16,1.5
"13195","2","10","71","0","2017","4","",8,41,43,42,285887,0,0,524,"",3.18,0.41,0.43,0.42,0.33,0.00,0.00,0.79,"",-1,-11.1,2,5.1,2,4.9,3,7.7,47561,20.0,0,0.0,0,0.0,62,13.4
"13195","3","10","71","0","2017","4","",18,1130,1137,1158,9675586,203151,753,652,"",2.95,3.69,3.69,3.76,4.30,3.87,3.59,1.16,"",0,0.0,-54,-4.6,-53,-4.5,14,1.2,251804,2.7,-2519,-1.2,-303,-28.7,34,5.5
"13195","5","10","71","0","2017","4","",326,1881,1880,1874,15661462,2449282,39149,641,"",0.94,0.72,0.71,0.71,0.70,0.95,0.99,0.98,"",-44,-11.9,-262,-12.2,-261,-12.2,-297,-13.7,228535,1.5,-512308,-17.3,-16398,-29.5,89,16.1
"13197","0","10","70","0","2017","4","",94,1102,1126,1117,8801026,1095076,12705,607,"",1.00,1.00,1.00,1.00,1.00,1.00,1.00,1.00,"",-13,-12.1,-39,-3.4,-12,-1.1,-47,-4.0,-251405,-2.8,-17211,-1.5,3021,31.2,0,0.0
"13197","1","10","71","0","2017","4","",3,14,15,14,232041,0,0,1245,"",5.32,0.66,0.70,0.65,0.96,0.00,0.00,1.43,"",-1,-25.0,-1,-6.7,0,0.0,-5,-26.3,45413,24.3,0,0.0,0,0.0,366,41.6
"13197","2","10","71","0","2017","4","",5,13,13,13,111794,0,0,662,"",7.59,0.37,0.36,0.36,0.39,0.00,0.00,1.07,"",-1,-16.7,0,0.0,0,0.0,0,0.0,-686,-0.6,0,0.0,0,0.0,-4,-0.6
"13197","3","10","71","0","2017","4","",6,348,346,343,2508631,203701,2526,558,"",3.76,3.19,3.09,3.10,3.31,9.40,37.78,1.06,"",0,0.0,6,1.8,7,2.1,3,0.9,-18566,-0.7,-41504,-16.9,1650,188.4,-13,-2.3
"13197","5","10","71","0","2017","4","",80,727,752,747,5948560,891375,10179,617,"",0.88,0.78,0.79,0.79,0.79,0.84,0.81,1.01,"",-11,-12.1,-44,-5.7,-19,-2.5,-45,-5.7,-277566,-4.5,24293,2.8,1371,15.6,1,0.2
"13199","0","10","70","0","2017","4","",342,4842,4748,4766,43455086,3809669,56907,699,"",1.00,1.00,1.00,1.00,1.00,1.00,1.00,1.00,"",-42,-10.9,162,3.5,24,0.5,7,0.1,605550,1.4,-534123,-12.3,-22659,-28.5,1,0.1
"13199","1","10","71","0","2017","4","",7,47,50,50,706478,0,0,1109,"",3.41,0.50,0.55,0.54,0.59,0.00,0.00,1.11,"",-2,-22.2,-1,-2.1,4,8.7,0,0.0,26964,4.0,0,0.0,0,0.0,20,1.8
"13199","2","10","71","0","2017","4","",17,422,423,425,3332375,0,0,606,"",7.09,2.72,2.78,2.80,2.35,0.00,0.00,0.85,"",-1,-5.6,-7,-1.6,4,1.0,10,2.4,54216,1.7,0,0.0,0,0.0,7,1.2
"13199","3","10","71","0","2017","4","",23,813,839,823,6621400,25987,107,617,"",3.96,1.69,1.78,1.74,1.77,0.34,0.36,1.02,"",0,0.0,-43,-5.0,-38,-4.3,-48,-5.5,-220022,-3.2,-306,-1.2,-73,-40.6,11,1.8
"13199","5","10","71","0","2017","4","",295,3560,3436,3468,32794833,3783682,56800,723,"",0.89,0.87,0.85,0.86,0.88,1.03,1.00,1.03,"",-39,-11.7,213,6.4,54,1.6,45,1.3,744392,2.3,-533817,-12.4,-22586,-28.5,-6,-0.8
"13201","0","10","70","0","2017","4","",167,1770,1778,1742,14925269,1194868,15111,651,"",1.00,1.00,1.00,1.00,1.00,1.00,1.00,1.00,"",-15,-8.2,31,1.8,81,4.8,36,2.1,831160,5.9,106217,9.8,306,2.1,18,2.8
"13201","1","10","71","0","2017","4","",3,17,23,16,220850,0,0,910,"",3.00,0.50,0.68,0.48,0.54,0.00,0.00,0.98,"",-2,-40.0,-1,-5.6,5,27.8,-7,-30.4,-15149,-6.4,0,0.0,0,0.0,-13,-1.4
"13201","2","10","71","0","2017","4","",10,21,22,22,244050,3982,104,866,"",8.55,0.37,0.39,0.40,0.50,0.26,5.22,1.30,"",2,25.0,2,10.5,3,15.8,2,10.0,39420,19.3,821,26.0,21,25.3,52,6.4
"13201","3","10","71","0","2017","4","",15,815,821,806,7213494,33049,111,682,"",5.28,4.65,4.65,4.68,5.62,1.40,1.40,1.21,"",0,0.0,41,5.3,56,7.3,36,4.7,529690,7.9,-12540,-27.5,-101,-47.6,14,2.1
"13201","5","10","71","0","2017","4","",139,917,912,898,7246875,1157837,14896,613,"",0.86,0.61,0.60,0.61,0.57,1.00,0.99,0.94,"",-15,-9.7,-11,-1.2,17,1.9,5,0.6,277199,4.0,117936,11.3,386,2.7,21,3.5
"13205","0","10","70","0","2017","4","",439,6901,6969,6866,59537131,5724659,87279,663,"",1.00,1.00,1.00,1.00,1.00,1.00,1.00,1.00,"",-40,-8.4,-232,-3.3,-268,-3.7,-356,-4.9,984346,1.7,314060,5.8,-8293,-8.7,37,5.9
"13205","1","10","71","0","2017","4","",8,74,75,81,1002161,0,0,1006,"",3.04,0.56,0.56,0.61,0.61,0.00,0.00,1.06,"",-1,-11.1,-2,-2.6,-4,-5.1,0,0.0,-55555,-5.3,0,0.0,0,0.0,-28,-2.7
"13205","2","10","71","0","2017","4","",19,396,399,395,3505314,0,0,680,"",6.18,1.79,1.79,1.80,1.80,0.00,0.00,1.01,"",-3,-13.6,-26,-6.2,-21,-5.0,-21,-5.0,-63595,-1.8,0,0.0,0,0.0,25,3.8
"13205","3","10","71","0","2017","4","",16,961,967,965,7666319,830,0,612,"",2.14,1.41,1.40,1.42,1.50,0.01,0.00,1.06,"",0,0.0,-42,-4.2,-33,-3.3,-37,-3.7,-114884,-1.5,29,3.6,0,0.0,14,2.3
"13205","5","10","71","0","2017","4","",396,5470,5528,5425,47363337,5723829,87279,666,"",0.93,0.93,0.93,0.93,0.93,1.03,1.01,1.00,"",-36,-8.3,-162,-2.9,-210,-3.7,-298,-5.2,1218380,2.6,314031,5.8,-8293,-8.7,43,6.9
"13207","0","10","70","0","2017","4","",513,7416,7438,7515,73246627,6139102,76913,756,"",1.00,1.00,1.00,1.00,1.00,1.00,1.00,1.00,"",-40,-7.2,-195,-2.6,-189,-2.5,-78,-1.0,-35509,0.0,266644,4.5,-5472,-6.6,15,2.0
"13207","1","10","71","0","2017","4","",5,34,36,37,429747,0,0,927,"",1.63,0.24,0.25,0.26,0.21,0.00,0.00,0.86,"",-2,-28.6,3,9.7,2,5.9,4,12.1,5302,1.2,0,0.0,0,0.0,-72,-7.2
"13207","2","10","71","0","2017","4","",21,1381,1376,1363,15608051,10744,145,874,"",5.84,5.80,5.78,5.69,6.53,0.14,1.43,1.13,"",0,0.0,104,8.1,120,9.6,131,10.6,2129603,15.8,1377,14.7,7,5.1,48,5.8
"13207","3","10","71","0","2017","4","",11,1143,1152,1177,10741252,89188,143,714,"",1.26,1.56,1.56,1.58,1.71,0.73,0.35,1.09,"",0,0.0,-52,-4.4,-60,-5.0,4,0.3,272119,2.6,-12188,-12.0,-126,-46.8,39,5.8
"13207","5","10","71","0","2017","4","",476,4858,4874,4938,46467577,6039170,76625,731,"",0.96,0.77,0.77,0.77,0.74,1.02,1.00,0.96,"",-38,-7.4,-250,-4.9,-251,-4.9,-217,-4.2,-2442533,-5.0,277455,4.8,-5353,-6.5,-2,-0.3
"13209","0","10","70","0","2017","4","",133,1558,1555,1507,12383756,1328011,25826,619,"",1.00,1.00,1.00,1.00,1.00,1.00,1.00,1.00,"",-18,-11.9,-56,-3.5,-85,-5.2,-153,-9.2,-1586422,-11.4,-94046,-6.6,-14852,-36.5,-37,-5.6
"13209","1","10","71","0","2017","4","",4,14,14,14,131723,0,0,724,"",5.01,0.47,0.47,0.48,0.39,0.00,0.00,0.82,"",-4,-50.0,1,7.7,2,16.7,-2,-12.5,-9211,-6.5,0,0.0,0,0.0,-69,-8.7
"13209","2","10","71","0","2017","4","",9,105,107,110,917429,0,0,657,"",9.66,2.10,2.15,2.29,2.27,0.00,0.00,1.04,"",-1,-10.0,-3,-2.8,-1,-0.9,1,0.9,33977,3.8,0,0.0,0,0.0,30,4.8
"13209","3","10","71","0","2017","4","",13,242,255,252,1800265,62955,703,555,"",5.75,1.57,1.65,1.69,1.69,2.39,5.17,1.03,"",0,0.0,-16,-6.2,-7,-2.7,-13,-4.9,-122814,-6.4,50,0.1,-164,-18.9,-10,-1.8
"13209","5","10","71","0","2017","4","",107,1197,1179,1131,9534339,1265056,25123,627,"",0.83,0.90,0.89,0.88,0.90,0.98,0.98,1.01,"",-13,-10.8,-38,-3.1,-79,-6.3,-139,-10.9,-1488374,-13.5,-94096,-6.9,-14688,-36.9,-49,-7.2
"13211","0","10","70","0","2017","4","",510,7148,7136,7091,65802082,6928082,108141,710,"",1.00,1.00,1.00,1.00,1.00,1.00,1.00,1.00,"",-47,-8.4,330,4.8,351,5.2,438,6.6,7741583,13.3,197498,2.9,-17486,-13.9,49,7.4
"13211","1","10","71","0","2017","4","",5,38,38,38,479262,0,0,970,"",1.63,0.28,0.28,0.28,0.26,0.00,0.00,0.96,"",-1,-16.7,-2,-5.0,0,0.0,1,2.7,18058,3.9,0,0.0,0,0.0,45,4.9
"13211","2","10","71","0","2017","4","",9,122,123,111,799931,0,0,519,"",2.52,0.53,0.54,0.49,0.37,0.00,0.00,0.72,"",-2,-18.2,4,3.4,4,3.4,13,13.3,41741,5.5,0,0.0,0,0.0,-3,-0.6
"13211","3","10","71","0","2017","4","",16,990,971,978,8677278,122144,721,681,"",1.85,1.40,1.37,1.39,1.53,0.89,1.27,1.11,"",0,0.0,15,1.5,-21,-2.1,-19,-1.9,304258,3.6,-35646,-22.6,-622,-46.3,29,4.4
"13211","5","10","71","0","2017","4","",480,5998,6004,5964,55845611,6805938,107420,717,"",0.97,0.99,0.99,0.99,0.99,1.02,1.00,1.00,"",-44,-8.4,313,5.5,368,6.5,443,8.0,7377526,15.2,233144,3.5,-16864,-13.6,53,8.0
"13213","0","10","70","0","2017","4","",437,9095,9014,9018,82496850,7696226,183712,702,"",1.00,1.00,1.00,1.00,1.00,1.00,1.00,1.00,"",-37,-7.8,-1005,-10.0,-1102,-10.9,-1079,-10.7,-9375867,-10.2,1284345,20.0,1367,0.7,3,0.4
"13213","1","10","71","0","2017","4","",7,93,96,94,1541422,0,0,1257,"",2.67,0.53,0.56,0.54,0.68,0.00,0.00,1.25,"",-2,-22.2,0,0.0,-2,-2.0,-1,-1.1,-133428,-8.0,0,0.0,0,0.0,-94,-7.0
"13213","2","10","71","0","2017","4","",10,52,49,47,352710,0,0,550,"",3.27,0.18,0.17,0.16,0.13,0.00,0.00,0.77,"",0,0.0,5,10.6,2,4.3,1,2.2,36113,11.4,0,0.0,0,0.0,28,5.4
"13213","3","10","71","0","2017","4","",18,1182,1185,1192,10984642,29819,12,712,"",2.42,1.31,1.32,1.34,1.55,0.20,0.01,1.17,"",0,0.0,-17,-1.4,-53,-4.3,-48,-3.9,374346,3.5,-10365,-25.8,-201,-94.4,46,6.9
"13213","5","10","71","0","2017","4","",402,7768,7684,7685,69618076,7666407,183700,694,"",0.95,1.01,1.00,1.00,0.99,1.03,1.01,0.98,"",-35,-8.0,-993,-11.3,-1049,-12.0,-1031,-11.8,-9652898,-12.2,1294710,20.3,1568,0.9,-4,-0.6
"13215","0","10","70","0","2017","4","",4525,93449,94465,94490,1071570185,76981483,1229990,876,"",1.00,1.00,1.00,1.00,1.00,1.00,1.00,1.00,"",-487,-9.7,100,0.1,745,0.8,324,0.3,47928016,4.7,4153689,5.7,62186,5.3,36,4.3
"13215","1","10","71","0","2017","4","",45,6143,6168,6192,82592890,0,0,1030,"",1.66,3.42,3.41,3.40,2.80,0.00,0.00,0.82,"",-10,-18.2,-283,-4.4,-249,-3.9,-199,-3.1,-2576,0.0,0,0.0,0,0.0,39,3.9
"13215","2","10","71","0","2017","4","",40,3423,3395,3388,33735563,18536,321,763,"",1.26,1.14,1.12,1.12,0.96,0.02,0.20,0.85,"",-1,-2.4,-76,-2.2,-167,-4.7,-108,-3.1,1000475,3.1,2086,12.7,67,26.4,47,6.6
"13215","3","10","71","0","2017","4","",73,8963,9150,9100,80914529,0,0,686,"",0.95,0.97,0.98,0.97,0.88,0.00,0.00,0.90,"",0,0.0,109,1.2,250,2.8,203,2.3,-1553232,-1.9,0,0.0,0,0.0,-28,-3.9
"13215","5","10","71","0","2017","4","",4367,74920,75752,75810,874327203,76962947,1229669,891,"",0.99,0.94,0.94,0.94,0.96,1.03,1.01,1.01,"",-476,-9.8,350,0.5,911,1.2,428,0.6,48483349,5.9,4151603,5.7,62119,5.3,43,5.1
"13217","0","10","70","0","2017","4","",1577,24455,24865,24973,281048249,23137784,397682,873,"",1.00,1.00,1.00,1.00,1.00,1.00,1.00,1.00,"",-135,-7.9,409,1.7,780,3.2,1025,4.3,30608707,12.2,1183535,5.4,-10530,-2.6,71,8.9
"13217","1","10","71","0","2017","4","",10,243,234,243,4020947,0,0,1289,"",1.06,0.52,0.49,0.51,0.52,0.00,0.00,1.03,"",-2,-16.7,18,8.0,2,0.9,15,6.6,225519,5.9,0,0.0,0,0.0,10,0.8
"13217","2","10","71","0","2017","4","",24,314,316,311,2760380,3828,100,677,"",2.17,0.40,0.40,0.39,0.30,0.01,0.19,0.76,"",-1,-4.0,-3,-0.9,-3,-0.9,-4,-1.3,205098,8.0,384,11.1,10,11.1,57,9.2
"13217","3","10","71","0","2017","4","",35,3899,3899,3885,40749738,29762,410,805,"",1.31,1.61,1.58,1.57,1.69,0.06,0.20,1.06,"",0,0.0,-65,-1.6,-68,-1.7,-42,-1.1,642510,1.6,8878,42.5,238,138.4,24,3.1
"13217","5","10","71","0","2017","4","",1508,19999,20416,20534,233517184,23104194,397172,884,"",0.99,0.96,0.97,0.97,0.97,1.03,1.01,1.01,"",-132,-8.0,459,2.3,849,4.3,1056,5.4,29535580,14.5,1174273,5.4,-10778,-2.6,81,10.1
"13219","0","10","70","0","2017","4","",1075,11694,11734,11587,117317901,12497744,157378,773,"",1.00,1.00,1.00,1.00,1.00,1.00,1.00,1.00,"",-66,-5.8,524,4.7,668,6.0,629,5.7,9046229,8.4,666336,5.6,-361,-0.2,20,2.7
"13219","1","10","71","0","2017","4","",9,52,62,62,881638,0,0,1156,"",1.40,0.23,0.28,0.28,0.27,0.00,0.00,1.05,"",-2,-18.2,-13,-20.0,2,3.3,-2,-3.1,39742,4.7,0,0.0,0,0.0,128,12.5
"13219","2","10","71","0","2017","4","",8,48,48,46,297092,0,0,483,"",1.06,0.13,0.13,0.12,0.08,0.00,0.00,0.61,"",-1,-11.1,0,0.0,0,0.0,1,2.2,15295,5.4,0,0.0,0,0.0,22,4.8
"13219","3","10","71","0","2017","4","",15,1454,1452,1402,14478008,240387,1006,776,"",0.82,1.25,1.25,1.22,1.44,0.97,1.21,1.16,"",-2,-11.8,11,0.8,38,2.7,-8,-0.6,695029,5.0,-49125,-17.0,-479,-32.3,31,4.2
"13219","5","10","71","0","2017","4","",1043,10140,10172,10077,101661163,12257357,156372,772,"",1.00,1.02,1.02,1.02,1.01,1.01,1.00,0.99,"",-61,-5.5,526,5.5,628,6.6,638,6.8,8296163,8.9,715461,6.2,118,0.1,19,2.5
"13221","0","10","70","0","2017","4","",204,1664,1651,1685,14115536,1351259,15190,651,"",1.00,1.00,1.00,1.00,1.00,1.00,1.00,1.00,"",-21,-9.3,-4,-0.2,-10,-0.6,33,2.0,471913,3.5,96182,7.7,-3299,-17.8,19,3.0
"13221","1","10","71","0","2017","4","",4,14,15,16,176879,0,0,907,"",3.27,0.44,0.47,0.49,0.46,0.00,0.00,0.97,"",-1,-20.0,0,0.0,0,0.0,1,6.7,5596,3.3,0,0.0,0,0.0,9,1.0
"13221","2","10","71","0","2017","4","",6,22,23,22,157444,0,0,542,"",4.20,0.41,0.43,0.41,0.34,0.00,0.00,0.82,"",-1,-14.3,-3,-12.0,-1,-4.2,0,0.0,-1038,-0.7,0,0.0,0,0.0,27,5.2
"13221","3","10","71","0","2017","4","",11,541,539,545,4019074,7016,16,571,"",3.17,3.28,3.29,3.27,3.31,0.26,0.20,1.01,"",0,0.0,-9,-1.6,1,0.2,5,0.9,130264,3.3,349,5.2,-5,-23.8,20,3.6
"13221","5","10","71","0","2017","4","",183,1087,1074,1102,9762139,1344243,15174,690,"",0.92,0.77,0.77,0.77,0.81,1.03,1.01,1.05,"",-19,-9.4,8,0.7,-10,-0.9,27,2.5,337091,3.6,95833,7.7,-3294,-17.8,18,2.7
"13223","0","10","70","0","2017","4","",2046,23621,23794,23709,224385909,24119275,368129,728,"",1.00,1.00,1.00,1.00,1.00,1.00,1.00,1.00,"",-129,-5.9,212,0.9,-142,-0.6,104,0.4,7699705,3.6,-682985,-2.8,-24552,-6.3,23,3.3
"13223","1","10","71","0","2017","4","",4,133,133,135,2240885,0,0,1290,"",0.33,0.29,0.29,0.30,0.36,0.00,0.00,1.24,"",-2,-33.3,9,7.3,4,3.1,5,3.8,174117,8.4,0,0.0,0,0.0,45,3.6
"13223","2","10","71","0","2017","4","",16,243,243,238,2267082,5903,155,723,"",1.12,0.32,0.32,0.31,0.31,0.02,0.32,0.97,"",0,0.0,15,6.6,16,7.0,7,3.0,261027,13.0,894,17.8,24,18.3,48,7.1
"13223","3","10","71","0","2017","4","",41,4759,4803,4770,51377831,139856,224,827,"",1.18,2.03,2.03,2.03,2.66,0.29,0.12,1.31,"",0,0.0,87,1.9,-161,-3.2,48,1.0,1921025,3.9,69137,97.8,-35,-13.5,32,4.0
"13223","5","10","71","0","2017","4","",1985,18486,18615,18566,168500111,23973516,367750,699,"",1.00,0.92,0.92,0.92,0.88,1.03,1.01,0.95,"",-127,-6.0,101,0.5,-1,0.0,44,0.2,5343536,3.3,-753016,-3.0,-24541,-6.3,21,3.1
"13225","0","10","70","0","2017","4","",513,9508,9456,9588,90616389,8084151,211913,732,"",1.00,1.00,1.00,1.00,1.00,1.00,1.00,1.00,"",-37,-6.7,492,5.5,291,3.2,330,3.6,3213670,3.7,-29057,-0.4,-9153,-4.1,-3,-0.4
"13225","1","10","71","0","2017","4","",9,112,109,105,1379471,0,0,977,"",2.93,0.61,0.60,0.57,0.55,0.00,0.00,0.93,"",-2,-18.2,-1,-0.9,-3,-2.7,6,6.1,10936,0.8,0,0.0,0,0.0,2,0.2
"13225","2","10","71","0","2017","4","",11,735,732,737,7803390,8013,1,817,"",3.06,2.41,2.42,2.41,2.64,0.08,0.00,1.09,"",-1,-8.3,23,3.2,29,4.1,30,4.2,558666,7.7,-10,-0.1,0,0.0,29,3.7
"13225","3","10","71","0","2017","4","",16,1036,1030,1013,9254381,34416,1255,694,"",1.83,1.10,1.10,1.07,1.19,0.22,1.13,1.09,"",1,6.7,37,3.7,27,2.7,21,2.1,305628,3.4,10123,41.7,708,129.4,4,0.6
"13225","5","10","71","0","2017","4","",477,7625,7585,7733,72179147,8041722,210657,726,"",0.96,0.94,0.94,0.95,0.93,1.03,1.00,0.99,"",-35,-6.8,433,6.0,238,3.2,273,3.7,2338440,3.3,-39170,-0.5,-9861,-4.5,-7,-1.0
"13227","0","10","70","0","2017","4","",725,7704,7725,7727,90061917,7852944,127852,898,"",1.00,1.00,1.00,1.00,1.00,1.00,1.00,1.00,"",-71,-8.9,27,0.4,-22,-0.3,-59,-0.8,2800539,3.2,94279,1.2,-16213,-11.3,30,3.5
"13227","1","10","71","0","2017","4","",6,52,58,59,911624,0,0,1245,"",1.38,0.35,0.39,0.40,0.37,0.00,0.00,0.97,"",-2,-25.0,-7,-11.9,2,3.6,1,1.7,55962,6.5,0,0.0,0,0.0,104,9.1
"13227","2","10","71","0","2017","4","",14,138,114,112,1102085,7773,40,699,"",2.76,0.56,0.46,0.45,0.37,0.08,0.24,0.76,"",-1,-6.7,27,24.3,5,4.6,0,0.0,93695,9.3,-2034,-20.7,13,48.1,-2,-0.3
"13227","3","10","71","0","2017","4","",15,1121,1126,1137,10539660,4635,57,719,"",1.22,1.47,1.47,1.49,1.36,0.03,0.08,0.92,"",0,0.0,8,0.7,3,0.3,3,0.3,-124526,-1.2,207,4.7,-40,-41.2,-11,-1.5
"13227","5","10","71","0","2017","4","",690,6393,6427,6419,77508548,7840536,127755,930,"",0.98,0.98,0.98,0.98,1.01,1.03,1.01,1.03,"",-68,-9.0,-1,0.0,-32,-0.5,-63,-1.0,2775408,3.7,96106,1.2,-16186,-11.2,38,4.3
"13229","0","10","70","0","2017","4","",352,4001,4017,4100,36955294,4059103,55817,704,"",1.00,1.00,1.00,1.00,1.00,1.00,1.00,1.00,"",-29,-7.6,-52,-1.3,-41,-1.0,-18,-0.4,-246884,-0.7,-576001,-12.4,-21938,-28.2,2,0.3
"13229","1","10","71","0","2017","4","",8,54,51,56,680389,0,0,975,"",3.79,0.70,0.66,0.71,0.67,0.00,0.00,0.97,"",-2,-20.0,3,5.9,-4,-7.3,-1,-1.8,53097,8.5,0,0.0,0,0.0,87,9.8
"13229","2","10","71","0","2017","4","",7,35,34,34,281452,0,0,631,"",2.84,0.27,0.26,0.26,0.23,0.00,0.00,0.88,"",0,0.0,-1,-2.8,0,0.0,0,0.0,14644,5.5,0,0.0,0,0.0,39,6.6
"13229","3","10","71","0","2017","4","",6,677,675,668,7374751,2472,1,843,"",1.00,1.71,1.69,1.65,2.32,0.03,0.00,1.38,"",1,20.0,-23,-3.3,-6,-0.9,-6,-0.9,182626,2.5,0,0.0,0,0.0,35,4.3
"13229","5","10","71","0","2017","4","",331,3235,3257,3342,28618702,4056631,55816,672,"",0.97,0.95,0.95,0.96,0.91,1.03,1.01,0.95,"",-28,-7.8,-31,-0.9,-31,-0.9,-11,-0.3,-497251,-1.7,-576001,-12.4,-21938,-28.2,-6,-0.9
"13231","0","10","70","0","2017","4","",259,2884,2875,2906,25604378,2321433,36964,682,"",1.00,1.00,1.00,1.00,1.00,1.00,1.00,1.00,"",-21,-7.5,-6,-0.2,58,2.1,28,1.0,1396050,5.8,209731,9.9,-229,-0.6,31,4.8
"13231","1","10","71","0","2017","4","",4,33,34,34,445302,0,0,1017,"",2.57,0.59,0.62,0.61,0.63,0.00,0.00,1.04,"",-3,-42.9,7,26.9,4,13.3,5,17.2,36747,9.0,0,0.0,0,0.0,-92,-8.3
"13231","2","10","71","0","2017","4","",7,75,74,74,578301,939,25,598,"",3.86,0.81,0.80,0.80,0.69,0.03,0.51,0.86,"",0,0.0,-4,-5.1,-9,-10.8,-8,-9.8,-35115,-5.7,-315,-25.1,-8,-24.2,18,3.1
"13231","3","10","71","0","2017","4","",14,651,654,654,5444578,17704,114,641,"",3.18,2.28,2.29,2.27,2.47,0.39,0.59,1.08,"",0,0.0,-10,-1.5,-9,-1.4,5,0.8,171863,3.3,9575,117.8,18,18.8,24,3.9
"13231","5","10","71","0","2017","4","",234,2125,2113,2144,19136197,2302790,36825,692,"",0.93,0.87,0.87,0.87,0.88,1.03,1.00,1.01,"",-18,-7.1,1,0.0,72,3.5,26,1.2,1222555,6.8,200471,9.5,-239,-0.6,34,5.2
"13233","0","10","70","0","2017","4","",624,11291,11328,11302,111414541,11198699,173080,758,"",1.00,1.00,1.00,1.00,1.00,1.00,1.00,1.00,"",-55,-8.1,367,3.4,293,2.7,396,3.6,6252644,5.9,1731917,18.3,8176,5.0,20,2.7
"13233","1","10","71","0","2017","4","",5,69,71,74,1083146,0,0,1168,"",1.34,0.32,0.33,0.34,0.35,0.00,0.00,1.08,"",-2,-28.6,4,6.2,0,0.0,4,5.7,32563,3.1,0,0.0,0,0.0,-9,-0.8
"13233","2","10","71","0","2017","4","",17,119,105,105,1135969,4811,126,797,"",3.89,0.33,0.29,0.29,0.31,0.03,0.55,1.03,"",0,0.0,22,22.7,7,7.1,7,7.1,176089,18.3,927,23.9,24,23.5,41,5.4
"13233","3","10","71","0","2017","4","",23,1496,1444,1438,14795480,13377,253,780,"",2.17,1.34,1.28,1.29,1.54,0.06,0.28,1.19,"",-1,-4.2,37,2.5,-18,-1.2,-13,-0.9,-1058258,-6.7,-2190,-14.1,154,155.6,-57,-6.8
"13233","5","10","71","0","2017","4","",579,9607,9708,9685,94399946,11180511,172701,751,"",0.96,1.00,1.01,1.01,0.99,1.03,1.00,0.99,"",-52,-8.2,304,3.3,304,3.2,398,4.3,7102250,8.1,1733180,18.3,7998,4.9,31,4.3
"13235","0","10","70","0","2017","4","",205,2865,2849,2885,27695712,2387223,29419,743,"",1.00,1.00,1.00,1.00,1.00,1.00,1.00,1.00,"",-19,-8.5,-15,-0.5,-9,-0.3,34,1.2,971356,3.6,-30497,-1.3,-2956,-9.1,25,3.5
"13235","1","10","71","0","2017","4","",2,15,15,17,258072,0,0,1267,"",1.63,0.27,0.28,0.31,0.34,0.00,0.00,1.19,"",-2,-50.0,-2,-11.8,-4,-21.1,-2,-10.5,47918,22.8,0,0.0,0,0.0,385,43.7
"13235","2","10","71","0","2017","4","",11,267,267,268,2186871,3986,0,629,"",7.66,2.90,2.93,2.91,2.42,0.13,0.00,0.83,"",1,10.0,5,1.9,9,3.5,14,5.5,147578,7.2,-1578,-28.4,0,0.0,21,3.5
"13235","3","10","71","0","2017","4","",14,381,375,370,2729647,83668,945,559,"",4.02,1.34,1.33,1.30,1.15,1.77,6.10,0.87,"",-1,-6.7,2,0.5,-11,-2.8,-8,-2.1,24508,0.9,-9902,-10.6,-535,-36.1,13,2.4
"13235","5","10","71","0","2017","4","",178,2202,2192,2230,22521122,2299569,28474,785,"",0.90,0.90,0.91,0.91,0.95,1.00,0.97,1.05,"",-17,-8.7,-20,-0.9,-3,-0.1,30,1.4,751352,3.5,-19017,-0.8,-2421,-7.8,26,3.4
"13237","0","10","70","0","2017","4","",461,5793,5863,5873,48546279,6093712,103963,639,"",1.00,1.00,1.00,1.00,1.00,1.00,1.00,1.00,"",-44,-8.7,56,1.0,126,2.2,225,4.0,2510515,5.5,672133,12.4,6853,7.1,19,3.1
"13237","1","10","71","0","2017","4","",5,67,61,59,809567,0,0,999,"",1.81,0.60,0.54,0.52,0.61,0.00,0.00,1.09,"",-1,-16.7,0,0.0,0,0.0,-10,-14.5,-75273,-8.5,0,0.0,0,0.0,-38,-3.7
"13237","2","10","71","0","2017","4","",14,437,434,428,3751351,7330,0,666,"",4.33,2.35,2.31,2.29,2.37,0.09,0.00,1.02,"",-2,-12.5,-1,-0.2,0,0.0,-7,-1.6,314014,9.1,764,11.6,0,0.0,59,9.7
"13237","3","10","71","0","2017","4","",13,1002,1039,1027,8444546,173401,4543,635,"",1.66,1.75,1.78,1.77,2.02,1.44,8.30,1.15,"",0,0.0,-7,-0.7,46,4.6,37,3.7,-6208,-0.1,149550,627.0,3918,626.9,-17,-2.6
"13237","5","10","71","0","2017","4","",429,4287,4329,4359,35540815,5912981,99420,632,"",0.96,0.87,0.87,0.87,0.86,1.00,0.96,0.98,"",-41,-8.7,64,1.5,80,1.9,205,4.9,2277982,6.8,521819,9.7,2935,3.0,24,3.9
"13239","0","10","70","0","2017","4","",38,379,395,389,3074746,385307,4694,610,"",1.00,1.00,1.00,1.00,1.00,1.00,1.00,1.00,"",-6,-13.6,-2,-0.5,6,1.5,5,1.3,279318,10.0,18689,5.1,945,25.2,51,9.1
"13239","1","10","71","0","2017","4","",1,8,7,7,78761,0,0,826,"",4.39,1.10,0.93,0.93,0.93,0.00,0.00,0.95,"",-1,-50.0,1,14.3,-1,-12.5,-1,-12.5,2888,3.8,0,0.0,0,0.0,65,8.5
"13239","2","10","71","0","2017","4","N",5,0,0,0,0,0,0,0,"N",18.78,0,0,0,0,0,0,0,"N",0,0.0,0,0,0,0,0,0,0,0,0,0,0,0,0,0
"13239","3","10","71","0","2017","4","N",2,0,0,0,0,0,0,0,"N",3.10,0,0,0,0,0,0,0,"N",0,0.0,0,0,0,0,0,0,0,0,0,0,0,0,0,0
"13239","5","10","71","0","2017","4","",30,220,244,238,1853661,348767,4413,609,"",0.81,0.68,0.73,0.72,0.71,0.94,0.95,0.99,"",-5,-14.3,-5,-2.2,10,4.3,14,6.2,207885,12.6,27737,8.6,901,25.7,53,9.5
"13241","0","10","70","0","2017","4","",472,5083,4982,4819,39965474,4599569,72699,620,"",1.00,1.00,1.00,1.00,1.00,1.00,1.00,1.00,"",-47,-9.1,55,1.1,116,2.4,91,1.9,1846425,4.8,-156060,-3.3,-20113,-21.7,18,3.0
"13241","1","10","71","0","2017","4","",11,57,56,55,752864,0,0,1034,"",3.89,0.58,0.59,0.59,0.69,0.00,0.00,1.17,"",0,0.0,1,1.8,3,5.7,4,7.8,8367,1.1,0,0.0,0,0.0,-40,-3.7
"13241","2","10","71","0","2017","4","",8,70,70,65,448697,0,0,505,"",2.42,0.43,0.44,0.42,0.34,0.00,0.00,0.80,"",-1,-11.1,6,9.4,4,6.1,4,6.6,17206,4.0,0,0.0,0,0.0,-16,-3.1
"13241","3","10","71","0","2017","4","",13,727,722,770,6849208,15529,226,712,"",1.62,1.44,1.46,1.61,1.99,0.17,0.59,1.32,"",0,0.0,-10,-1.4,-22,-3.0,64,9.1,167818,2.5,-18978,-55.0,-251,-52.6,7,1.0
"13241","5","10","71","0","2017","4","",440,4229,4134,3929,31914705,4584040,72473,599,"",0.96,0.98,0.98,0.96,0.94,1.03,1.00,0.96,"",-46,-9.5,58,1.4,131,3.3,19,0.5,1653034,5.5,-137082,-2.9,-19862,-21.5,21,3.6
"13243","0","10","70","0","2017","4","",161,1896,1911,1886,15874969,1348981,28748,644,"",1.00,1.00,1.00,1.00,1.00,1.00,1.00,1.00,"",-22,-12.0,27,1.4,65,3.5,8,0.4,1127648,7.6,90966,7.2,1235,4.5,36,5.9
"13243","1","10","71","0","2017","4","",3,17,19,19,218946,0,0,919,"",3.11,0.47,0.52,0.52,0.50,0.00,0.00,1.00,"",-1,-25.0,-1,-5.6,1,5.6,-6,-24.0,-147,-0.1,0,0.0,0,0.0,90,10.9
"13243","2","10","71","0","2017","4","",12,54,55,55,394796,0,0,556,"",10.64,0.89,0.90,0.91,0.76,0.00,0.00,0.85,"",-1,-7.7,-16,-22.9,-16,-22.5,-14,-20.3,-62499,-13.7,0,0.0,0,0.0,53,10.5
"13243","3","10","71","0","2017","4","",11,490,496,490,3862402,13618,154,604,"",4.02,2.61,2.61,2.63,2.83,0.51,1.02,1.08,"",0,0.0,-46,-8.6,-32,-6.1,-44,-8.2,-36192,-0.9,9712,248.6,128,492.3,41,7.3
"13243","5","10","71","0","2017","4","",135,1335,1341,1322,11398825,1335363,28594,658,"",0.86,0.83,0.83,0.82,0.84,1.02,1.00,1.02,"",-20,-12.9,90,7.2,112,9.1,72,5.8,1226486,12.1,81254,6.5,1107,4.0,28,4.4
"13245","0","10","70","0","2017","4","",4381,105439,106077,105782,1220910789,90271685,1669581,888,"",1.00,1.00,1.00,1.00,1.00,1.00,1.00,1.00,"",-449,-9.3,1230,1.2,403,0.4,419,0.4,35383210,3.0,2825081,3.2,-53795,-3.1,20,2.3
"13245","1","10","71","0","2017","4","",47,7379,7375,7394,124686370,0,0,1299,"",1.79,3.64,3.63,3.63,3.72,0.00,0.00,1.02,"",-7,-13.0,-204,-2.7,-210,-2.8,-242,-3.2,2623855,2.1,0,0.0,0,0.0,64,5.2
"13245","2","10","71","0","2017","4","",49,10093,9896,9474,139464742,42088,431,1092,"",1.60,2.98,2.91,2.81,3.50,0.04,0.20,1.21,"",1,2.1,493,5.1,-67,-0.7,-16,-0.2,9535653,7.3,8537,25.4,-37,-7.9,60,5.8
"13245","3","10","71","0","2017","4","",67,7451,7446,7485,74366818,10271,66,767,"",0.90,0.71,0.71,0.71,0.71,0.01,0.01,1.00,"",-1,-1.5,-150,-2.0,-137,-1.8,-103,-1.4,113073,0.2,-5314,-34.1,-54,-45.0,15,2.0
"13245","5","10","71","0","2017","4","",4218,80516,81360,81429,882392859,90219326,1669084,837,"",0.99,0.90,0.90,0.91,0.85,1.03,1.01,0.94,"",-442,-9.5,1091,1.4,817,1.0,780,1.0,23110629,2.7,2821858,3.2,-53704,-3.1,13,1.6
"13247","0","10","70","0","2017","4","",1944,31963,32190,32166,379714787,30960303,495019,910,"",1.00,1.00,1.00,1.00,1.00,1.00,1.00,1.00,"",-231,-10.6,-211,-0.7,-113,-0.3,-66,-0.2,12342839,3.4,165727,0.5,-58413,-10.6,33,3.8
"13247","1","10","71","0","2017","4","",5,121,116,117,1947600,0,0,1270,"",0.43,0.20,0.19,0.19,0.19,0.00,0.00,0.98,"",-2,-28.6,10,9.0,-1,-0.9,-4,-3.3,50363,2.7,0,0.0,0,0.0,15,1.2
"13247","2","10","71","0","2017","4","",20,562,553,552,5759806,8965,205,797,"",1.47,0.55,0.54,0.54,0.46,0.02,0.31,0.86,"",0,0.0,-22,-3.8,-29,-5.0,-31,-5.3,-108052,-1.8,2229,33.1,51,33.1,23,3.0
"13247","3","10","71","0","2017","4","",28,3898,3939,3934,39435292,28224,463,773,"",0.85,1.23,1.23,1.24,1.21,0.05,0.18,0.98,"",-1,-3.4,-33,-0.8,1,0.0,12,0.3,1657693,4.4,-240,-0.8,69,17.5,34,4.6
"13247","5","10","71","0","2017","4","",1891,27382,27582,27563,332572089,30923114,494351,930,"",1.00,1.01,1.01,1.01,1.03,1.03,1.01,1.02,"",-228,-10.8,-166,-0.6,-84,-0.3,-43,-0.2,10742835,3.3,163738,0.5,-58533,-10.6,33,3.7
"13249","0","10","70","0","2017","4","",62,956,960,967,8458384,898714,22662,677,"",1.00,1.00,1.00,1.00,1.00,1.00,1.00,1.00,"",-5,-7.5,-37,-3.7,-27,-2.7,-21,-2.1,-94950,-1.1,-205592,-18.6,4386,24.0,12,1.8
"13249","1","10","71","0","2017","4","",1,8,7,7,82984,0,0,870,"",2.69,0.43,0.38,0.38,0.36,0.00,0.00,0.90,"",-1,-50.0,1,14.3,-1,-12.5,0,0.0,114,0.1,0,0.0,0,0.0,1,0.1
"13249","2","10","71","0","2017","4","N",4,0,0,0,0,0,0,0,"N",9.21,0,0,0,0,0,0,0,"N",-1,-20.0,0,0,0,0,0,0,0,0,0,0,0,0,0,0
"13249","3","10","71","0","2017","4","N",4,0,0,0,0,0,0,0,"N",3.80,0,0,0,0,0,0,0,"N",0,0.0,0,0,0,0,0,0,0,0,0,0,0,0,0,0
"13249","5","10","71","0","2017","4","",53,609,613,622,5411521,669666,21584,677,"",0.88,0.75,0.75,0.76,0.75,0.77,0.96,0.99,"",-3,-5.4,-25,-3.9,-26,-4.1,-21,-3.3,-79166,-1.4,-193977,-22.5,5164,31.4,16,2.4
"13251","0","10","70","0","2017","4","",251,3392,3381,3389,28826464,2736118,50037,655,"",1.00,1.00,1.00,1.00,1.00,1.00,1.00,1.00,"",-31,-11.0,9,0.3,-62,-1.8,-5,-0.1,795650,2.8,309079,12.7,4887,10.8,22,3.5
"13251","1","10","71","0","2017","4","",7,35,34,35,358007,0,0,794,"",4.65,0.54,0.53,0.54,0.45,0.00,0.00,0.85,"",-1,-12.5,-11,-23.9,-4,-10.5,-8,-18.6,-23789,-6.2,0,0.0,0,0.0,100,14.4
"13251","2","10","71","0","2017","4","",16,71,69,68,674150,0,0,748,"",9.10,0.65,0.64,0.63,0.72,0.00,0.00,1.12,"",-1,-5.9,2,2.9,-1,-1.4,-3,-4.2,22440,3.4,0,0.0,0,0.0,32,4.5
"13251","3","10","71","0","2017","4","",18,870,890,883,7075264,201429,1361,618,"",4.22,2.59,2.65,2.63,2.85,3.72,5.17,1.09,"",0,0.0,-12,-1.4,-42,-4.5,9,1.0,403338,6.0,-45442,-18.4,-821,-37.6,45,7.9
"13251","5","10","71","0","2017","4","",210,2416,2388,2403,20719043,2534689,48676,663,"",0.86,0.84,0.83,0.83,0.84,0.96,0.98,1.01,"",-29,-12.1,30,1.3,-15,-0.6,-3,-0.1,393661,1.9,354521,16.3,5708,13.3,11,1.7
"13253","0","10","70","0","2017","4","",217,2184,2219,2176,21308094,2088185,32502,747,"",1.00,1.00,1.00,1.00,1.00,1.00,1.00,1.00,"",-20,-8.4,-63,-2.8,-24,-1.1,-48,-2.2,721601,3.5,43084,2.1,2369,7.9,39,5.5
"13253","1","10","71","0","2017","4","",2,22,21,23,245852,0,0,860,"",1.54,0.52,0.49,0.55,0.42,0.00,0.00,0.81,"",-2,-50.0,-1,-4.3,-1,-4.5,1,4.5,11843,5.1,0,0.0,0,0.0,54,6.7
"13253","2","10","71","0","2017","4","",11,46,47,46,354890,0,0,589,"",7.23,0.66,0.66,0.66,0.51,0.00,0.00,0.77,"",-1,-8.3,1,2.2,4,9.3,2,4.5,2065,0.6,0,0.0,0,0.0,-28,-4.5
"13253","3","10","71","0","2017","4","",6,384,397,378,3338280,0,0,665,"",1.63,1.77,1.80,1.76,1.82,0.00,0.00,1.03,"",0,0.0,10,2.7,6,1.5,9,2.4,91769,2.8,0,0.0,0,0.0,4,0.6
"13253","5","10","71","0","2017","4","",198,1732,1754,1729,17369072,2088185,32502,769,"",0.94,0.93,0.93,0.93,0.95,1.03,1.01,1.02,"",-17,-7.9,-73,-4.0,-33,-1.8,-60,-3.4,615924,3.7,43084,2.1,2369,7.9,51,7.1
"13255","0","10","70","0","2017","4","",1191,23307,23406,23200,212089392,26183346,518470,700,"",1.00,1.00,1.00,1.00,1.00,1.00,1.00,1.00,"",-168,-12.4,922,4.1,867,3.8,516,2.3,13512826,6.8,4619299,21.4,147716,39.8,22,3.2
"13255","1","10","71","0","2017","4","",7,127,127,126,2157561,0,0,1310,"",0.98,0.28,0.28,0.28,0.37,0.00,0.00,1.31,"",-1,-12.5,-3,-2.3,-6,-4.5,-9,-6.7,4576,0.2,0,0.0,0,0.0,62,5.0
"13255","2","10","71","0","2017","4","",39,2039,2056,2059,19120827,22502,279,717,"",4.67,2.73,2.74,2.78,2.76,0.07,0.41,1.00,"",0,0.0,85,4.4,2,0.1,61,3.1,1723035,9.9,-2316,-9.3,9,3.3,49,7.3
"13255","3","10","71","0","2017","4","",44,2800,2794,2801,27423921,58922,24,754,"",2.17,1.21,1.20,1.22,1.50,0.11,0.01,1.24,"",0,0.0,5,0.2,4,0.1,-11,-0.4,725004,2.7,14304,32.1,6,33.3,20,2.7
"13255","5","10","71","0","2017","4","",1101,18341,18429,18214,163387083,26101922,518167,686,"",0.95,0.93,0.93,0.92,0.90,1.03,1.01,0.97,"",-167,-13.2,835,4.8,867,4.9,475,2.7,11060211,7.3,4607311,21.4,147701,39.9,20,3.0
"13257","0","10","70","0","2017","4","",552,9109,9135,9094,93645029,8106093,149990,790,"",1.00,1.00,1.00,1.00,1.00,1.00,1.00,1.00,"",-66,-10.7,-132,-1.4,-103,-1.1,10,0.1,3366732,3.7,-114572,-1.4,-28181,-15.8,34,4.5
"13257","1","10","71","0","2017","4","",3,65,64,64,904741,0,0,1082,"",0.91,0.37,0.37,0.37,0.35,0.00,0.00,0.96,"",-1,-25.0,-3,-4.4,-4,-5.9,-2,-3.0,-9028,-1.0,0,0.0,0,0.0,38,3.6
"13257","2","10","71","0","2017","4","",12,115,115,112,793914,0,0,536,"",3.10,0.39,0.39,0.39,0.26,0.00,0.00,0.67,"",-3,-20.0,-20,-14.8,-76,-39.8,-25,-18.2,-209571,-20.9,0,0.0,0,0.0,36,7.2
"13257","3","10","71","0","2017","4","",13,1506,1502,1508,13662521,2521,10,698,"",1.39,1.67,1.66,1.68,1.70,0.02,0.01,1.02,"",0,0.0,-119,-7.3,-119,-7.3,-72,-4.6,-563496,-4.0,-2447,-49.3,8,400.0,18,2.6
"13257","5","10","71","0","2017","4","",524,7423,7454,7410,78283853,8103572,149980,811,"",0.98,0.96,0.96,0.96,0.98,1.03,1.01,1.02,"",-62,-10.6,10,0.1,96,1.3,109,1.5,4148827,5.6,-112125,-1.4,-28189,-15.8,36,4.6
"13259","0","10","70","0","2017","4","",91,1298,1304,1305,13325554,1470446,17092,787,"",1.00,1.00,1.00,1.00,1.00,1.00,1.00,1.00,"",-6,-6.2,92,7.6,115,9.7,122,10.3,1869331,16.3,589546,66.9,5867,52.3,48,6.5
"13259","1","10","71","0","2017","4","",5,105,103,103,2156415,0,0,1600,"",9.16,4.20,4.13,4.10,5.89,0.00,0.00,1.42,"",0,0.0,11,11.7,3,3.0,2,2.0,232480,12.1,0,0.0,0,0.0,95,6.3
"13259","2","10","71","0","2017","4","",7,36,35,31,197653,0,0,447,"",10.98,0.86,0.84,0.74,0.45,0.00,0.00,0.56,"",0,0.0,-4,-10.0,-5,-12.5,-8,-20.5,-20853,-9.5,0,0.0,0,0.0,23,5.4
"13259","3","10","71","0","2017","4","",11,207,218,217,1655977,453590,3315,595,"",7.11,1.61,1.68,1.68,1.45,15.58,36.85,0.87,"",0,0.0,-18,-8.0,1,0.5,-4,-1.8,58012,3.6,288448,174.7,1953,143.4,39,7.0
"13259","5","10","71","0","2017","4","",68,950,948,954,9315509,1016856,13777,754,"",0.77,0.86,0.86,0.86,0.82,0.71,0.81,0.95,"",-6,-8.1,103,12.2,116,13.9,132,16.1,1599692,20.7,301098,42.1,3914,39.7,42,5.9
"13261","0","10","70","0","2017","4","",655,11211,10959,10941,104762195,9210502,179671,730,"",1.00,1.00,1.00,1.00,1.00,1.00,1.00,1.00,"",-75,-10.3,57,0.5,-61,-0.6,102,0.9,6474523,6.6,-473068,-4.9,-42185,-19.0,43,6.3
"13261","1","10","71","0","2017","4","",10,116,114,113,2070414,0,0,1393,"",2.55,0.54,0.54,0.54,0.72,0.00,0.00,1.33,"",-3,-23.1,-3,-2.5,-9,-7.3,-8,-6.6,67231,3.4,0,0.0,0,0.0,120,9.4
"13261","2","10","71","0","2017","4","",43,1055,1045,1036,10692173,6558,161,787,"",9.37,2.93,2.98,2.97,3.13,0.06,0.68,1.06,"",-1,-2.3,-94,-8.2,-89,-7.8,-92,-8.2,284815,2.7,-314,-4.6,-7,-4.2,83,11.8
"13261","3","10","71","0","2017","4","",15,1244,1290,1271,9634956,6478,3,584,"",1.35,1.12,1.19,1.17,1.07,0.04,0.00,0.92,"",-1,-6.2,-89,-6.7,-84,-6.1,-62,-4.7,-88828,-0.9,-3439,-34.7,-553,-99.5,29,5.2
"13261","5","10","71","0","2017","4","",587,8796,8510,8521,82364652,9197466,179507,736,"",0.92,0.92,0.91,0.92,0.92,1.03,1.01,1.00,"",-70,-10.7,243,2.8,121,1.4,264,3.2,6211305,8.2,-469315,-4.9,-41625,-18.8,39,5.6
"13263","0","10","70","0","2017","4","",83,776,774,771,6747428,577620,6756,671,"",1.00,1.00,1.00,1.00,1.00,1.00,1.00,1.00,"",-14,-14.4,27,3.6,62,8.7,58,8.1,939872,16.2,-45049,-7.2,-3749,-35.7,55,8.9
"13263","1","10","71","0","2017","4","",5,11,11,11,112890,0,0,789,"",10.04,0.74,0.74,0.74,0.61,0.00,0.00,0.82,"",-2,-28.6,1,10.0,1,10.0,1,10.0,10517,10.3,0,0.0,0,0.0,2,0.3
"13263","2","10","71","0","2017","4","",6,16,16,15,109116,0,0,536,"",10.32,0.64,0.65,0.61,0.50,0.00,0.00,0.78,"",0,0.0,-2,-11.1,-2,-11.1,-3,-16.7,-21987,-16.8,0,0.0,0,0.0,-24,-4.3
"13263","3","10","71","0","2017","4","",6,227,232,231,1561832,75171,124,522,"",4.25,2.95,3.02,3.03,2.69,6.57,3.49,0.90,"",0,0.0,0,0.0,1,0.4,2,0.9,33145,2.2,-331,-0.4,-168,-57.5,9,1.8
"13263","5","10","71","0","2017","4","",66,522,515,514,4963590,502449,6632,739,"",0.82,0.79,0.78,0.78,0.86,0.90,0.99,1.10,"",-12,-15.4,28,5.7,62,13.7,58,12.7,918197,22.7,-44718,-8.2,-3581,-35.1,74,11.1
"13265","0","10","70","0","2017","4","",26,194,201,203,1394133,182521,2081,538,"",1.00,1.00,1.00,1.00,1.00,1.00,1.00,1.00,"",-8,-23.5,-3,-1.5,6,3.1,6,3.0,165215,13.4,61878,51.3,713,52.1,57,11.9
"13265","1","10","71","0","2017","4","",2,3,3,3,31975,0,0,820,"",12.83,0.80,0.78,0.77,0.83,0.00,0.00,1.07,"",0,0.0,-1,-25.0,-1,-25.0,-1,-25.0,-10116,-24.0,0,0.0,0,0.0,11,1.4
"13265","2","10","71","0","2017","4","",4,14,13,14,85147,0,0,479,"",21.96,2.25,2.02,2.16,1.87,0.00,0.00,0.87,"",0,0.0,-1,-6.7,-2,-13.3,-1,-6.7,-4327,-4.8,0,0.0,0,0.0,20,4.4
"13265","3","10","71","0","2017","4","",4,122,128,126,884642,64549,288,543,"",9.05,6.35,6.41,6.27,7.38,17.86,26.30,1.16,"",0,0.0,-5,-3.9,2,1.6,-1,-0.8,101667,13.0,27587,74.6,44,18.0,68,14.3
"13265","5","10","71","0","2017","4","",16,55,57,60,392369,117972,1793,526,"",0.63,0.33,0.33,0.35,0.33,0.67,0.87,0.97,"",-8,-33.3,4,7.8,7,14.0,9,17.6,77991,24.8,34291,41.0,669,59.5,49,10.3
"13267","0","10","70","0","2017","4","",346,5765,5860,5874,53986507,4904727,78562,712,"",1.00,1.00,1.00,1.00,1.00,1.00,1.00,1.00,"",-33,-8.7,68,1.2,8,0.1,78,1.3,2123459,4.1,430865,9.6,-1397,-1.7,22,3.2
"13267","1","10","71","0","2017","4","",6,48,49,51,767085,0,0,1196,"",2.89,0.43,0.44,0.45,0.52,0.00,0.00,1.17,"",-3,-33.3,-2,-4.0,-1,-2.0,1,2.0,13332,1.8,0,0.0,0,0.0,36,3.1
"13267","2","10","71","0","2017","4","",11,1136,1156,1162,10229254,0,0,683,"",4.54,6.14,6.16,6.20,5.80,0.00,0.00,0.94,"",-1,-8.3,-6,-0.5,-6,-0.5,11,1.0,324860,3.3,0,0.0,0,0.0,21,3.2
"13267","3","10","71","0","2017","4","",19,845,886,858,6492169,46236,120,579,"",3.23,1.48,1.52,1.48,1.40,0.48,0.29,0.94,"",0,0.0,6,0.7,2,0.2,20,2.4,42213,0.7,-58338,-55.8,-250,-67.6,-2,-0.3
"13267","5","10","71","0","2017","4","",310,3736,3769,3803,36497999,4858491,78442,745,"",0.92,0.76,0.76,0.76,0.79,1.02,1.01,1.04,"",-29,-8.6,70,1.9,13,0.3,46,1.2,1743054,5.0,489203,11.2,-1147,-1.4,28,3.9
"13269","0","10","70","0","2017","4","",149,1522,1511,1514,15189552,1289686,24692,771,"",1.00,1.00,1.00,1.00,1.00,1.00,1.00,1.00,"",-14,-8.6,-493,-24.5,-352,-18.9,-204,-11.9,-2890672,-16.0,-525950,-29.0,-8659,-26.0,25,3.4
"13269","1","10","71","0","2017","4","",4,18,17,19,211251,0,0,903,"",4.48,0.61,0.59,0.65,0.51,0.00,0.00,0.82,"",-2,-33.3,-3,-14.3,-4,-19.0,-2,-9.5,-3759,-1.7,0,0.0,0,0.0,115,14.6
"13269","2","10","71","0","2017","4","",7,41,39,38,300052,0,0,587,"",6.70,0.84,0.81,0.79,0.61,0.00,0.00,0.75,"",0,0.0,-6,-12.8,-7,-15.2,-7,-15.6,-38064,-11.3,0,0.0,0,0.0,22,3.9
"13269","3","10","71","0","2017","4","",12,357,351,342,2919995,65246,261,642,"",4.74,2.37,2.34,2.28,2.24,2.56,2.01,0.96,"",0,0.0,-1,-0.3,2,0.6,-12,-3.4,48315,1.7,-120853,-64.9,-863,-76.8,17,2.7
"13269","5","10","71","0","2017","4","",126,1106,1104,1115,11758254,1224440,24431,816,"",0.87,0.86,0.86,0.87,0.91,0.98,1.00,1.05,"",-12,-8.7,-483,-30.4,-343,-23.7,-183,-14.1,-2897164,-19.8,-405097,-24.9,-7796,-24.2,36,4.6
"13271","0","10","70","0","2017","4","",218,3377,3353,3295,25091422,2452668,67461,578,"",1.00,1.00,1.00,1.00,1.00,1.00,1.00,1.00,"",-13,-5.6,203,6.4,102,3.1,-157,-4.5,1220032,5.1,-327534,-11.8,-31820,-32.1,20,3.6
"13271","1","10","71","0","2017","4","",9,29,28,28,345417,0,0,938,"",6.88,0.45,0.44,0.44,0.50,0.00,0.00,1.13,"",-2,-18.2,-1,-3.3,-3,-9.7,-6,-17.6,-16665,-4.6,0,0.0,0,0.0,58,6.6
"13271","2","10","71","0","2017","4","",11,293,296,298,2625349,0,0,683,"",7.20,2.70,2.76,2.84,3.20,0.00,0.00,1.16,"",-1,-8.3,1,0.3,3,1.0,10,3.5,155124,6.3,-1106,-100.0,0,0.0,30,4.6
"13271","3","10","71","0","2017","4","",17,472,472,479,3474609,40024,836,563,"",4.59,1.41,1.42,1.47,1.61,0.82,2.35,1.12,"",0,0.0,1,0.2,-16,-3.3,2,0.4,-38061,-1.1,-264,-0.7,-261,-23.8,-1,-0.2
"13271","5","10","71","0","2017","4","",181,2583,2557,2490,18646047,2412644,66625,564,"",0.86,0.90,0.90,0.89,0.87,1.02,0.99,0.97,"",-10,-5.2,202,8.5,118,4.8,-163,-6.1,1119634,6.4,-326164,-11.9,-31559,-32.1,23,4.3
"13273","0","10","70","0","2017","4","",208,2406,2356,2377,20823344,1963498,33391,673,"",1.00,1.00,1.00,1.00,1.00,1.00,1.00,1.00,"",-10,-4.6,33,1.4,-50,-2.1,-54,-2.2,94431,0.5,-28057,-1.4,-5598,-14.4,10,1.5
"13273","1","10","71","0","2017","4","",10,60,59,59,934619,0,0,1212,"",8.02,1.30,1.31,1.29,1.63,0.00,0.00,1.26,"",0,0.0,-4,-6.2,-4,-6.3,-6,-9.2,-7540,-0.8,0,0.0,0,0.0,80,7.1
"13273","2","10","71","0","2017","4","",11,56,56,56,407434,0,0,560,"",7.55,0.73,0.74,0.74,0.60,0.00,0.00,0.82,"",0,0.0,4,7.7,6,12.0,3,5.7,54664,15.5,0,0.0,0,0.0,35,6.7
"13273","3","10","71","0","2017","4","",9,467,453,458,3200326,110649,1279,536,"",2.55,1.96,1.94,1.95,1.79,2.85,7.28,0.92,"",-1,-10.0,9,2.0,-8,-1.7,-10,-2.1,-262288,-7.6,11614,11.7,80,6.7,-40,-6.9
"13273","5","10","71","0","2017","4","",178,1823,1788,1804,16280965,1852849,32112,694,"",0.88,0.89,0.89,0.89,0.92,0.98,0.97,1.03,"",-9,-4.8,24,1.3,-44,-2.4,-41,-2.2,309595,1.9,-39671,-2.1,-5678,-15.0,21,3.1
"13275","0","10","70","0","2017","4","",1418,20508,20275,20305,229210169,19887793,305707,866,"",1.00,1.00,1.00,1.00,1.00,1.00,1.00,1.00,"",-102,-6.7,-836,-3.9,-1059,-5.0,-759,-3.6,813852,0.4,-1127814,-5.4,-91450,-23.0,39,4.7
"13275","1","10","71","0","2017","4","",14,178,171,173,3345595,0,0,1479,"",1.65,0.45,0.44,0.44,0.53,0.00,0.00,1.19,"",-3,-17.6,-6,-3.3,-10,-5.5,-10,-5.5,166916,5.3,0,0.0,0,0.0,140,10.5
"13275","2","10","71","0","2017","4","",24,667,665,673,6332932,0,0,729,"",2.42,1.01,1.02,1.04,0.85,0.00,0.00,0.83,"",-1,-4.0,-18,-2.6,-73,-9.9,-22,-3.2,5595,0.1,0,0.0,0,0.0,40,5.8
"13275","3","10","71","0","2017","4","",30,2346,2358,2364,22063516,274643,2201,720,"",1.24,1.15,1.17,1.18,1.12,0.70,1.37,0.96,"",0,0.0,-26,-1.1,-42,-1.8,-22,-0.9,919117,4.3,89503,48.3,1103,100.5,38,5.6
"13275","5","10","71","0","2017","4","",1350,17317,17081,17095,197468126,19613150,303506,885,"",0.98,0.99,0.99,0.99,1.01,1.02,1.00,1.02,"",-98,-6.8,-786,-4.3,-934,-5.2,-705,-4.0,-277776,-0.1,-1217317,-5.8,-92553,-23.4,39,4.6
"13277","0","10","70","0","2017","4","",1068,19510,19703,19726,198698768,18256339,220399,778,"",1.00,1.00,1.00,1.00,1.00,1.00,1.00,1.00,"",-141,-11.7,273,1.4,147,0.8,438,2.3,10787486,5.7,598400,3.4,-8229,-3.6,31,4.1
"13277","1","10","71","0","2017","4","",14,197,200,202,2766648,0,0,1066,"",2.19,0.52,0.53,0.53,0.51,0.00,0.00,0.96,"",-3,-17.6,-10,-4.8,-9,-4.3,0,0.0,-20610,-0.7,0,0.0,0,0.0,25,2.4
"13277","2","10","71","0","2017","4","",31,1364,1373,1426,12521344,73411,332,694,"",4.14,2.18,2.18,2.27,1.93,0.32,1.14,0.87,"",0,0.0,-28,-2.0,-67,-4.7,27,1.9,573373,4.8,19658,36.6,102,44.3,42,6.4
"13277","3","10","71","0","2017","4","",25,3816,3829,3838,57743781,33822,88,1160,"",1.38,1.97,1.96,1.97,3.38,0.09,0.08,1.72,"",0,0.0,96,2.6,-20,-0.5,161,4.4,5432468,10.4,-3940,-10.4,-148,-62.7,87,8.1
"13277","5","10","71","0","2017","4","",998,14133,14301,14260,125666995,18149106,219979,679,"",0.96,0.85,0.85,0.85,0.74,1.03,1.00,0.87,"",-138,-12.1,215,1.5,243,1.7,250,1.8,4802255,4.0,582682,3.3,-8183,-3.6,15,2.3
"13279","0","10","70","0","2017","4","",680,11521,11746,11711,98967530,9669394,177781,653,"",1.00,1.00,1.00,1.00,1.00,1.00,1.00,1.00,"",-90,-11.7,117,1.0,200,1.7,360,3.2,238281,0.2,-7735,-0.1,-15132,-7.8,-11,-1.7
"13279","1","10","71","0","2017","4","",4,65,62,64,861892,0,0,1041,"",0.98,0.29,0.28,0.28,0.32,0.00,0.00,1.11,"",-2,-33.3,0,0.0,-5,-7.5,-3,-4.5,-21615,-2.4,0,0.0,0,0.0,16,1.6
"13279","2","10","71","0","2017","4","",19,323,313,316,2746003,581,15,666,"",3.99,0.87,0.83,0.85,0.85,0.00,0.06,1.00,"",0,0.0,21,7.0,9,3.0,7,2.3,115758,4.4,396,214.1,10,200.0,3,0.5
"13279","3","10","71","0","2017","4","",14,1223,1241,1213,9477291,18022,357,595,"",1.21,1.07,1.06,1.05,1.11,0.09,0.38,1.05,"",0,0.0,2,0.2,5,0.4,7,0.6,-374725,-3.8,3559,24.6,129,56.6,-26,-4.2
"13279","5","10","71","0","2017","4","",643,9910,10130,10118,85882344,9650791,177409,657,"",0.97,1.01,1.02,1.02,1.02,1.03,1.00,1.00,"",-88,-12.0,94,1.0,191,1.9,349,3.6,518863,0.6,-11690,-0.1,-15271,-7.9,-10,-1.5
"13281","0","10","70","0","2017","4","",286,3266,3272,3119,26448517,3135464,46637,632,"",1.00,1.00,1.00,1.00,1.00,1.00,1.00,1.00,"",-50,-14.9,-499,-13.3,-148,-4.3,-304,-8.9,-1765124,-6.3,-138271,-4.2,-7277,-13.5,18,2.9
"13281","1","10","71","0","2017","4","",2,25,24,25,349291,0,0,1089,"",1.17,0.40,0.38,0.42,0.48,0.00,0.00,1.20,"",-1,-33.3,0,0.0,-2,-7.7,0,0.0,17157,5.2,0,0.0,0,0.0,80,7.9
"13281","2","10","71","0","2017","4","",8,61,58,59,520584,0,0,675,"",3.99,0.58,0.55,0.59,0.60,0.00,0.00,1.05,"",-2,-20.0,-4,-6.2,-7,-10.8,-6,-9.2,-26381,-4.8,0,0.0,0,0.0,28,4.3
"13281","3","10","71","0","2017","4","",6,452,452,493,3483122,160954,1022,575,"",1.23,1.40,1.39,1.60,1.53,2.59,4.16,1.05,"",0,0.0,-3,-0.7,-10,-2.2,5,1.0,44459,1.3,35143,27.9,-100,-8.9,10,1.8
"13281","5","10","71","0","2017","4","",270,2728,2738,2542,22095520,2974510,45615,637,"",0.97,0.98,0.99,0.96,0.98,0.98,0.98,1.00,"",-47,-14.8,-492,-15.3,-129,-4.5,-303,-10.7,-1800359,-7.5,-173414,-5.5,-7177,-13.6,20,3.2
"13283","0","10","70","0","2017","4","",98,1101,1053,1040,8339969,726128,8322,603,"",1.00,1.00,1.00,1.00,1.00,1.00,1.00,1.00,"",-10,-9.3,-14,-1.3,-66,-5.9,-110,-9.6,151406,1.8,-187651,-20.5,-6252,-42.9,45,8.1
"13283","1","10","71","0","2017","4","",1,14,14,13,161135,0,0,907,"",1.70,0.66,0.69,0.65,0.70,0.00,0.00,1.05,"",-1,-50.0,1,7.7,0,0.0,0,0.0,14098,9.6,0,0.0,0,0.0,59,7.0
"13283","2","10","71","0","2017","4","",6,84,82,84,627172,0,0,579,"",8.74,2.38,2.43,2.53,2.30,0.00,0.00,0.94,"",-1,-14.3,0,0.0,2,2.5,1,1.2,21939,3.6,0,0.0,0,0.0,14,2.5
"13283","3","10","71","0","2017","4","",9,263,255,255,2014939,53733,236,602,"",5.40,2.41,2.44,2.48,2.81,3.74,5.39,1.15,"",0,0.0,4,1.5,1,0.4,-4,-1.5,-223107,-10.0,26475,97.1,27,12.9,-67,-10.0
"13283","5","10","71","0","2017","4","",82,740,702,688,5536723,672395,8086,600,"",0.86,0.79,0.78,0.78,0.78,0.96,0.98,0.99,"",-8,-8.9,-19,-2.5,-69,-8.9,-107,-13.5,338476,6.5,-214126,-24.2,-6279,-43.7,84,16.3
"13285","0","10","70","0","2017","4","",1517,39466,39402,39524,432127701,38146666,648070,842,"",1.00,1.00,1.00,1.00,1.00,1.00,1.00,1.00,"",-107,-6.6,40,0.1,-334,-0.8,-329,-0.8,5572681,1.3,-5287098,-12.2,-238585,-26.9,15,1.8
"13285","1","10","71","0","2017","4","",5,144,141,144,2313399,0,0,1244,"",0.55,0.19,0.19,0.19,0.19,0.00,0.00,1.03,"",-4,-44.4,2,1.4,-6,-4.1,-1,-0.7,96894,4.4,0,0.0,0,0.0,65,5.5
"13285","2","10","71","0","2017","4","",31,622,632,624,5916169,4443,0,727,"",2.92,0.49,0.50,0.50,0.42,0.01,0.00,0.85,"",-2,-6.1,12,2.0,27,4.5,-3,-0.5,126551,2.2,-342,-7.1,0,0.0,2,0.3
"13285","3","10","71","0","2017","4","",31,3178,3190,3138,30656619,14200,233,744,"",1.20,0.81,0.82,0.80,0.83,0.02,0.07,1.02,"",-1,-3.1,-59,-1.8,-69,-2.1,-94,-2.9,1935805,6.7,-21310,-60.0,-177,-43.2,63,9.3
"13285","5","10","71","0","2017","4","",1450,35522,35439,35618,393241514,38128023,647837,851,"",0.99,1.06,1.06,1.06,1.07,1.03,1.01,1.01,"",-100,-6.5,85,0.2,-286,-0.8,-231,-0.6,3413431,0.9,-5265446,-12.1,-238408,-26.9,10,1.2
"13287","0","10","70","0","2017","4","",174,2140,2120,2006,16634868,1988456,33487,613,"",1.00,1.00,1.00,1.00,1.00,1.00,1.00,1.00,"",-24,-12.1,-250,-10.5,-205,-8.8,-102,-4.8,-312402,-1.8,-548445,-21.6,-17274,-34.0,40,7.0
"13287","1","10","71","0","2017","4","",6,28,28,26,325249,0,0,915,"",5.75,0.68,0.69,0.67,0.71,0.00,0.00,1.04,"",-2,-25.0,0,0.0,2,7.7,-5,-16.1,9818,3.1,0,0.0,0,0.0,59,6.9
"13287","2","10","71","0","2017","4","",9,89,88,89,708345,0,0,615,"",7.38,1.30,1.30,1.39,1.30,0.00,0.00,0.98,"",-1,-10.0,0,0.0,-6,-6.4,-9,-9.2,195,0.0,0,0.0,0,0.0,33,5.7
"13287","3","10","71","0","2017","4","",6,444,448,453,3498265,23817,540,600,"",2.03,2.09,2.13,2.28,2.45,0.61,3.06,1.13,"",0,0.0,13,3.0,12,2.8,18,4.1,-31171,-0.9,4618,24.1,243,81.8,-26,-4.2
"13287","5","10","71","0","2017","4","",153,1579,1556,1438,12103009,1964639,32947,611,"",0.91,0.87,0.86,0.84,0.85,1.02,0.99,0.99,"",-21,-12.1,-263,-14.3,-213,-12.0,-106,-6.9,-291244,-2.3,-553063,-22.0,-17517,-34.7,56,10.1
"13289","0","10","70","0","2017","4","",99,2213,2292,2281,16114672,2298248,28876,548,"",1.00,1.00,1.00,1.00,1.00,1.00,1.00,1.00,"",-3,-2.9,-13,-0.6,61,2.7,-23,-1.0,473899,3.0,-55859,-2.4,-4390,-13.2,14,2.6
"13289","1","10","71","0","2017","4","",1,11,11,11,121501,0,0,850,"",1.68,0.26,0.25,0.25,0.27,0.00,0.00,1.08,"",-1,-50.0,0,0.0,0,0.0,0,0.0,10214,9.2,0,0.0,0,0.0,72,9.3
"13289","2","10","71","0","2017","4","",5,11,11,13,73463,720,0,484,"",7.21,0.15,0.15,0.18,0.14,0.02,0.00,0.87,"",-1,-16.7,-3,-21.4,-1,-8.3,1,8.3,-8822,-10.7,255,54.8,0,0.0,-16,-3.2
"13289","3","10","71","0","2017","4","",10,316,321,319,2389786,64209,475,577,"",5.94,1.44,1.41,1.41,1.72,1.41,3.13,1.21,"",0,0.0,-15,-4.5,-12,-3.6,-20,-5.9,-41469,-1.7,-42504,-39.8,-805,-62.9,18,3.2
"13289","5","10","71","0","2017","4","",83,1875,1949,1938,13529922,2233319,28401,542,"",0.86,1.00,1.00,1.00,0.98,1.00,0.99,0.98,"",-1,-1.2,5,0.3,74,3.9,-4,-0.2,513976,3.9,-13610,-0.6,-3585,-11.2,14,2.7
"13291","0","10","70","0","2017","4","",563,6729,6792,6774,61372137,5800230,81137,698,"",1.00,1.00,1.00,1.00,1.00,1.00,1.00,1.00,"",-69,-10.9,-621,-8.4,-615,-8.3,-668,-9.0,-557740,-0.9,140110,2.5,-5637,-6.5,54,8.4
"13291","1","10","71","0","2017","4","",5,52,58,55,797018,0,0,1115,"",1.48,0.40,0.45,0.42,0.47,0.00,0.00,1.12,"",-2,-28.6,5,10.6,8,16.0,1,1.9,15860,2.0,0,0.0,0,0.0,-79,-6.6
"13291","2","10","71","0","2017","4","",18,223,222,212,1665753,2624,69,585,"",4.56,1.03,1.02,0.98,0.83,0.04,0.65,0.82,"",0,0.0,12,5.7,11,5.2,6,2.9,104807,6.7,532,25.4,14,25.5,11,1.9
"13291","3","10","71","0","2017","4","",11,1673,1678,1681,15156202,714970,5505,695,"",1.15,2.51,2.49,2.51,2.87,6.23,12.89,1.15,"",-1,-8.3,85,5.4,35,2.1,75,4.7,763929,5.3,70615,11.0,-209,-3.7,8,1.2
"13291","5","10","71","0","2017","4","",529,4781,4834,4826,43753164,5082636,75563,699,"",0.97,0.84,0.84,0.84,0.83,0.91,0.94,1.00,"",-66,-11.1,-723,-13.1,-669,-12.2,-750,-13.5,-1442336,-3.2,68963,1.4,-5442,-6.7,70,11.1
"13293","0","10","70","0","2017","4","",448,6475,6538,6550,60990688,4400472,65858,719,"",1.00,1.00,1.00,1.00,1.00,1.00,1.00,1.00,"",-44,-8.9,13,0.2,75,1.2,74,1.1,2937133,5.1,-561480,-11.3,-23189,-26.0,28,4.1
"13293","1","10","71","0","2017","4","",3,42,41,41,608426,0,0,1132,"",1.12,0.34,0.33,0.32,0.36,0.00,0.00,1.10,"",-2,-40.0,1,2.4,0,0.0,-2,-4.7,47470,8.5,0,0.0,0,0.0,96,9.3
"13293","2","10","71","0","2017","4","",13,308,301,302,2880764,12836,5,730,"",4.14,1.48,1.44,1.45,1.45,0.23,0.06,1.00,"",0,0.0,32,11.6,23,8.3,24,8.6,453309,18.7,-3849,-23.1,-2,-28.6,57,8.5
"13293","3","10","71","0","2017","4","",13,961,967,968,8075281,1767,20,643,"",1.71,1.50,1.49,1.49,1.54,0.02,0.06,1.03,"",-1,-7.1,2,0.2,10,1.0,11,1.1,203933,2.6,-1575,-47.1,-62,-75.6,11,1.7
"13293","5","10","71","0","2017","4","",419,5164,5229,5239,49426217,4385869,65833,730,"",0.96,0.94,0.94,0.94,0.95,1.03,1.01,1.01,"",-41,-8.9,-22,-0.4,42,0.8,41,0.8,2232421,4.7,-556056,-11.3,-23125,-26.0,31,4.4
"13295","0","10","70","0","2017","4","",726,13108,13178,13137,116223682,10672847,305428,680,"",1.00,1.00,1.00,1.00,1.00,1.00,1.00,1.00,"",-67,-8.4,-95,-0.7,-128,-1.0,-32,-0.2,6042985,5.5,472272,4.6,22567,8.0,39,6.1
"13295","1","10","71","0","2017","4","",8,105,107,102,1529809,0,0,1124,"",1.84,0.42,0.42,0.40,0.48,0.00,0.00,1.16,"",-2,-20.0,5,5.0,7,7.0,0,0.0,74755,5.1,0,0.0,0,0.0,12,1.1
"13295","2","10","71","0","2017","4","",25,563,564,567,4963190,43001,338,676,"",4.91,1.34,1.34,1.35,1.31,0.32,0.84,0.97,"",0,0.0,-17,-2.9,-19,-3.3,-18,-3.1,189444,4.0,11238,35.4,29,9.4,46,7.3
"13295","3","10","71","0","2017","4","",31,2389,2433,2417,21324099,9786,20,680,"",2.51,1.84,1.86,1.86,2.13,0.05,0.01,1.15,"",0,0.0,-412,-14.7,-369,-13.2,-367,-13.2,154584,0.7,3352,52.1,3,17.6,98,16.8
"13295","5","10","71","0","2017","4","",662,10051,10074,10051,88406584,10620060,305070,676,"",0.94,0.90,0.90,0.90,0.89,1.03,1.01,0.99,"",-65,-8.9,329,3.4,253,2.6,353,3.6,5624202,6.8,457682,4.5,22535,8.0,23,3.5
"13297","0","10","70","0","2017","4","",1717,22841,22878,22893,250543785,23487397,337546,843,"",1.00,1.00,1.00,1.00,1.00,1.00,1.00,1.00,"",-165,-8.8,563,2.5,571,2.6,414,1.8,13169704,5.5,349861,1.5,-25577,-7.0,26,3.2
"13297","1","10","71","0","2017","4","",10,152,155,152,2170258,0,0,1091,"",0.97,0.35,0.35,0.34,0.32,0.00,0.00,0.90,"",-2,-16.7,15,10.9,16,11.5,7,4.8,71745,3.4,0,0.0,0,0.0,-59,-5.1
"13297","2","10","71","0","2017","4","",19,234,236,230,2352935,0,0,776,"",1.58,0.32,0.32,0.32,0.29,0.00,0.00,0.90,"",-2,-9.5,-12,-4.9,-13,-5.2,-30,-11.5,-112019,-4.5,0,0.0,0,0.0,23,3.1
"13297","3","10","71","0","2017","4","",31,3339,3350,3290,36601192,10828,27,846,"",1.06,1.48,1.47,1.45,1.70,0.02,0.02,1.16,"",0,0.0,63,1.9,94,2.9,77,2.4,1619968,4.6,-416,-3.7,-162,-85.7,18,2.2
"13297","5","10","71","0","2017","4","",1657,19116,19137,19221,209419400,23476569,337519,841,"",0.99,0.99,0.98,0.99,0.98,1.03,1.01,0.99,"",-161,-8.9,497,2.7,474,2.5,360,1.9,11590010,5.9,350277,1.5,-25415,-7.0,28,3.4
"13299","0","10","70","0","2017","4","",889,15469,15610,15551,137535468,16707575,239952,681,"",1.00,1.00,1.00,1.00,1.00,1.00,1.00,1.00,"",-92,-9.4,-50,-0.3,17,0.1,-158,-1.0,4306250,3.2,3933432,30.8,46307,23.9,24,3.7
"13299","1","10","71","0","2017","4","",6,92,91,91,1368709,0,0,1153,"",1.13,0.31,0.30,0.30,0.36,0.00,0.00,1.18,"",-3,-33.3,-6,-6.1,-8,-8.1,-10,-9.9,-78279,-5.4,0,0.0,0,0.0,32,2.9
"13299","2","10","71","0","2017","4","",39,1457,1444,1464,12883467,34348,410,681,"",6.26,2.93,2.89,2.95,2.87,0.16,1.30,0.98,"",0,0.0,6,0.4,-7,-0.5,7,0.5,531222,4.3,-3326,-8.8,-17,-4.0,27,4.1
"13299","3","10","71","0","2017","4","",19,1642,1651,1629,14376162,2466,47,674,"",1.26,1.07,1.07,1.06,1.22,0.01,0.04,1.14,"",0,0.0,18,1.1,31,1.9,26,1.6,-43288,-0.3,-6655,-73.0,-271,-85.2,-13,-1.9
"13299","5","10","71","0","2017","4","",825,12278,12424,12367,108907130,16670761,239495,678,"",0.96,0.93,0.94,0.94,0.93,1.03,1.00,0.99,"",-89,-9.7,-68,-0.6,1,0.0,-181,-1.4,3896595,3.7,3943413,31.0,46595,24.2,29,4.5
"13301","0","10","70","0","2017","4","",85,1492,1490,1489,14653876,1012073,28954,756,"",1.00,1.00,1.00,1.00,1.00,1.00,1.00,1.00,"",-9,-9.6,-16,-1.1,-21,-1.4,-17,-1.1,276625,1.9,-136613,-11.9,-5934,-17.0,23,3.1
"13301","1","10","71","0","2017","4","",5,18,18,20,180910,0,0,746,"",9.81,0.63,0.63,0.70,0.45,0.00,0.00,0.69,"",0,0.0,1,5.9,-2,-10.0,0,0.0,13264,7.9,0,0.0,0,0.0,67,9.9
"13301","2","10","71","0","2017","4","N",3,0,0,0,0,0,0,0,"N",5.04,0,0,0,0,0,0,0,"N",0,0.0,0,0,0,0,0,0,0,0,0,0,0,0,0,0
"13301","3","10","71","0","2017","4","N",9,0,0,0,0,0,0,0,"N",6.23,0,0,0,0,0,0,0,"N",0,0.0,0,0,0,0,0,0,0,0,0,0,0,0,0,0
"13301","5","10","71","0","2017","4","",68,1208,1206,1207,12669307,1003750,28942,807,"",0.82,0.95,0.95,0.95,1.01,1.03,1.01,1.06,"",-9,-11.7,-23,-1.9,-13,-1.1,-17,-1.4,188157,1.5,-136577,-12.0,-5942,-17.0,23,2.9
"13303","0","10","70","0","2017","4","",372,6770,6817,6649,63113356,4104429,72312,720,"",1.00,1.00,1.00,1.00,1.00,1.00,1.00,1.00,"",-39,-9.5,85,1.3,49,0.7,14,0.2,2544465,4.2,-885,0.0,13324,22.6,24,3.4
"13303","1","10","71","0","2017","4","",9,48,47,47,605045,0,0,983,"",4.03,0.37,0.36,0.37,0.35,0.00,0.00,0.95,"",-2,-18.2,-2,-4.0,1,2.2,-4,-7.8,36009,6.3,0,0.0,0,0.0,90,10.1
"13303","2","10","71","0","2017","4","",22,936,943,925,7256749,2398,63,597,"",8.44,4.31,4.32,4.36,3.52,0.05,0.66,0.81,"",-1,-4.3,-52,-5.3,-56,-5.6,-46,-4.7,-242702,-3.2,1087,82.9,29,85.3,12,2.1
"13303","3","10","71","0","2017","4","",17,1145,1125,1112,8873288,9130,97,605,"",2.69,1.71,1.66,1.69,1.64,0.11,0.25,0.97,"",0,0.0,-13,-1.1,-107,-8.7,-42,-3.6,76707,0.9,-597,-6.1,-39,-28.7,32,5.6
"13303","5","10","71","0","2017","4","",324,4641,4702,4565,46378274,4092901,72152,770,"",0.90,0.81,0.81,0.81,0.86,1.03,1.00,1.06,"",-36,-10.0,152,3.4,211,4.7,106,2.4,2674451,6.1,-1375,0.0,13334,22.7,20,2.7
"13305","0","10","70","0","2017","4","",559,7847,7930,7909,77857390,6006448,96679,759,"",1.00,1.00,1.00,1.00,1.00,1.00,1.00,1.00,"",-46,-7.6,88,1.1,56,0.7,115,1.5,1878546,2.5,-414905,-6.5,-23221,-19.4,11,1.5
"13305","1","10","71","0","2017","4","",6,377,363,363,6058979,0,0,1268,"",1.79,2.50,2.39,2.38,2.83,0.00,0.00,1.17,"",-3,-33.3,-17,-4.3,-26,-6.7,-28,-7.2,-95003,-1.5,0,0.0,0,0.0,58,4.8
"13305","2","10","71","0","2017","4","",10,227,230,230,2209266,0,0,742,"",2.55,0.90,0.91,0.91,0.87,0.00,0.00,0.96,"",-2,-16.7,-15,-6.2,-16,-6.5,-13,-5.3,-114709,-4.9,0,0.0,0,0.0,8,1.1
"13305","3","10","71","0","2017","4","",17,1681,1714,1691,16303888,5388,10,740,"",1.79,2.16,2.18,2.16,2.44,0.05,0.02,1.12,"",0,0.0,20,1.2,-14,-0.8,23,1.4,406839,2.6,-138571,-96.3,-72,-87.8,15,2.1
"13305","5","10","71","0","2017","4","",526,5562,5623,5625,53285257,6001060,96669,732,"",0.97,0.83,0.83,0.84,0.80,1.03,1.01,0.96,"",-41,-7.2,100,1.8,112,2.0,133,2.4,1681419,3.3,-276334,-4.4,-23149,-19.3,9,1.2
"13307","0","10","70","0","2017","4","",37,521,518,499,5291308,505421,8555,794,"",1.00,1.00,1.00,1.00,1.00,1.00,1.00,1.00,"",-6,-14.0,35,7.2,33,6.8,22,4.6,997259,23.2,24198,5.0,381,4.7,110,16.1
"13307","1","10","71","0","2017","4","",2,3,8,3,33988,0,0,560,"",9.01,0.30,0.81,0.31,0.23,0.00,0.00,0.49,"",-1,-33.3,0,0.0,1,14.3,-4,-57.1,2686,8.6,0,0.0,0,0.0,135,31.8
"13307","2","10","71","0","2017","4","N",4,0,0,0,0,0,0,0,"N",15.43,0,0,0,0,0,0,0,"N",0,0.0,0,0,0,0,0,0,0,0,0,0,0,0,0,0
"13307","3","10","71","0","2017","4","N",3,0,0,0,0,0,0,0,"N",4.77,0,0,0,0,0,0,0,"N",0,0.0,0,0,0,0,0,0,0,0,0,0,0,0,0,0
"13307","5","10","71","0","2017","4","",28,390,380,366,4343831,462302,8538,882,"",0.78,0.88,0.86,0.86,0.96,0.95,1.00,1.10,"",-5,-15.2,37,10.5,30,8.6,26,7.6,976151,29.0,22760,5.2,381,4.7,137,18.4
"13309","0","10","70","0","2017","4","",77,1132,1114,1140,9716636,899720,14529,662,"",1.00,1.00,1.00,1.00,1.00,1.00,1.00,1.00,"",-10,-11.5,-36,-3.1,-55,-4.7,-11,-1.0,83658,0.9,28905,3.3,-2369,-14.0,25,3.9
"13309","1","10","71","0","2017","4","",3,11,12,12,142244,0,0,938,"",6.50,0.50,0.56,0.55,0.53,0.00,0.00,0.99,"",-1,-25.0,0,0.0,1,9.1,2,20.0,17447,14.0,0,0.0,0,0.0,38,4.2
"13309","2","10","71","0","2017","4","",4,12,12,12,133909,0,0,858,"",7.41,0.33,0.34,0.33,0.42,0.00,0.00,1.27,"",0,0.0,0,0.0,0,0.0,0,0.0,17671,15.2,0,0.0,0,0.0,113,15.2
"13309","3","10","71","0","2017","4","",6,292,288,302,2109553,76787,721,552,"",4.58,2.60,2.60,2.68,2.52,4.31,9.43,0.96,"",0,0.0,2,0.7,-3,-1.0,11,3.8,-34934,-1.6,-32758,-29.9,-459,-38.9,-16,-2.8
"13309","5","10","71","0","2017","4","",64,817,802,814,7330930,822933,13808,695,"",0.86,0.85,0.85,0.84,0.88,0.95,0.96,1.04,"",-9,-12.3,-38,-4.4,-53,-6.2,-24,-2.9,83474,1.2,61663,8.1,-1910,-12.2,39,5.9
"13311","0","10","70","0","2017","4","",649,8829,8676,8595,71147523,8665220,122872,629,"",1.00,1.00,1.00,1.00,1.00,1.00,1.00,1.00,"",-70,-9.7,1049,13.5,974,12.6,994,13.1,5602132,8.5,97005,1.1,-17782,-12.6,-26,-4.0
"13311","1","10","71","0","2017","4","",3,48,54,53,672948,0,0,1002,"",0.77,0.28,0.33,0.32,0.34,0.00,0.00,1.11,"",-1,-25.0,-2,-4.0,4,8.0,3,6.0,48603,7.8,0,0.0,0,0.0,41,4.3
"13311","2","10","71","0","2017","4","",13,258,255,255,2754893,90889,211,828,"",2.86,0.91,0.92,0.93,1.19,0.83,1.30,1.29,"",-3,-18.8,18,7.5,9,3.7,7,2.8,345173,14.3,-22102,-19.6,-155,-42.3,70,9.2
"13311","3","10","71","0","2017","4","",14,840,852,848,7841385,72856,276,712,"",1.27,0.96,0.99,1.00,1.28,0.42,0.43,1.30,"",0,0.0,6,0.7,11,1.3,15,1.8,114354,1.5,11930,19.6,-454,-62.2,1,0.1
"13311","5","10","71","0","2017","4","",619,7683,7515,7439,59878297,8501475,122385,610,"",0.98,1.02,1.02,1.02,0.99,1.01,1.00,0.96,"",-66,-9.6,1027,15.4,950,14.5,969,15.0,5094002,9.3,107177,1.3,-17173,-12.3,-32,-5.0
"13313","0","10","70","0","2017","4","",2245,55157,55481,55725,672032589,49067421,1096531,932,"",1.00,1.00,1.00,1.00,1.00,1.00,1.00,1.00,"",-197,-8.1,413,0.8,530,1.0,685,1.2,46738698,7.5,-1027216,-2.1,-97020,-8.1,56,6.4
"13313","1","10","71","0","2017","4","",11,145,151,153,2413389,0,0,1240,"",0.82,0.14,0.14,0.14,0.13,0.00,0.00,0.93,"",-1,-8.3,-3,-2.0,-4,-2.6,-2,-1.3,98339,4.2,0,0.0,0,0.0,74,6.3
"13313","2","10","71","0","2017","4","",29,975,922,927,9431488,3450,90,771,"",1.84,0.55,0.52,0.52,0.43,0.01,0.06,0.81,"",-1,-3.3,54,5.9,-5,-0.5,1,0.1,267682,2.9,163,5.0,4,4.7,9,1.2
"13313","3","10","71","0","2017","4","",48,4236,4305,4235,43910731,20574,254,793,"",1.26,0.78,0.78,0.77,0.76,0.02,0.04,0.98,"",0,0.0,-51,-1.2,176,4.3,124,3.0,1243975,2.9,4078,24.7,108,74.0,7,0.9
"13313","5","10","71","0","2017","4","",2157,49801,50103,50410,616276981,49043397,1096187,946,"",0.99,1.06,1.06,1.06,1.07,1.03,1.01,1.01,"",-195,-8.3,413,0.8,363,0.7,562,1.1,45128702,7.9,-1031457,-2.1,-97132,-8.1,61,6.9
"13315","0","10","70","0","2017","4","",105,1198,1176,1140,8808915,1158600,22877,578,"",1.00,1.00,1.00,1.00,1.00,1.00,1.00,1.00,"",-8,-7.1,130,12.2,138,13.3,94,9.0,1152403,15.1,509430,78.5,14331,167.7,17,3.0
"13315","1","10","71","0","2017","4","",5,24,25,25,251297,0,0,784,"",7.94,1.04,1.11,1.14,1.04,0.00,0.00,0.95,"",-3,-37.5,0,0.0,1,4.2,-4,-13.8,2239,0.9,0,0.0,0,0.0,38,5.1
"13315","2","10","71","0","2017","4","N",5,0,0,0,0,0,0,0,"N",6.80,0,0,0,0,0,0,0,"N",0,0.0,0,0,0,0,0,0,0,0,0,0,0,0,0,0
"13315","3","10","71","0","2017","4","N",13,0,0,0,0,0,0,0,"N",7.28,0,0,0,0,0,0,0,"N",0,0.0,0,0,0,0,0,0,0,0,0,0,0,0,0,0
"13315","5","10","71","0","2017","4","",82,627,585,552,4234759,1121544,22092,554,"",0.81,0.62,0.59,0.57,0.56,1.00,0.97,0.95,"",-5,-5.7,150,31.4,152,35.1,112,25.5,1067274,33.7,523501,87.5,14568,193.6,13,2.4
"13317","0","10","70","0","2017","4","",232,2930,2922,2902,25041515,1966343,26381,660,"",1.00,1.00,1.00,1.00,1.00,1.00,1.00,1.00,"",-30,-11.5,-162,-5.2,-187,-6.0,-204,-6.6,-741823,-2.9,-313732,-13.8,-8824,-25.1,21,3.3
"13317","1","10","71","0","2017","4","",4,24,26,25,328845,0,0,1012,"",2.87,0.43,0.46,0.45,0.48,0.00,0.00,1.07,"",-2,-33.3,-6,-20.0,-7,-21.2,-13,-34.2,-77893,-19.2,0,0.0,0,0.0,83,8.9
"13317","2","10","71","0","2017","4","",9,35,35,34,297853,0,0,661,"",5.54,0.37,0.37,0.37,0.36,0.00,0.00,0.98,"",-1,-10.0,-2,-5.4,-13,-27.1,-3,-8.1,-68546,-18.7,0,0.0,0,0.0,-32,-4.6
"13317","3","10","71","0","2017","4","",15,694,705,687,5215224,0,0,577,"",3.80,2.39,2.43,2.39,2.42,0.00,0.00,1.01,"",0,0.0,38,5.8,44,6.7,26,3.9,-76917,-1.5,0,0.0,0,0.0,-40,-6.5
"13317","5","10","71","0","2017","4","",204,2177,2156,2156,19199593,1966343,26381,683,"",0.91,0.87,0.87,0.87,0.90,1.03,1.01,1.03,"",-27,-11.7,-192,-8.1,-211,-8.9,-214,-9.0,-518467,-2.6,-313732,-13.8,-8824,-25.1,43,6.7
"13319","0","10","70","0","2017","4","",154,3494,3444,3509,38291687,3898698,72548,846,"",1.00,1.00,1.00,1.00,1.00,1.00,1.00,1.00,"",-15,-8.9,307,9.6,349,11.3,223,6.8,1658125,4.5,937963,31.7,19654,37.2,-38,-4.3
"13319","1","10","71","0","2017","4","",5,19,18,18,221537,0,0,930,"",5.41,0.28,0.27,0.27,0.21,0.00,0.00,0.77,"",-1,-16.7,-1,-5.0,-2,-10.0,-2,-10.0,13771,6.6,0,0.0,0,0.0,131,16.4
"13319","2","10","71","0","2017","4","",3,8,9,10,72243,0,0,617,"",2.78,0.07,0.08,0.09,0.06,0.00,0.00,0.72,"",-1,-25.0,0,0.0,1,12.5,2,25.0,-1911,-2.6,0,0.0,0,0.0,-96,-13.5
"13319","3","10","71","0","2017","4","",14,444,453,450,3334764,63089,499,571,"",5.35,1.28,1.32,1.30,1.01,0.82,1.31,0.78,"",0,0.0,-17,-3.7,-10,-2.2,-27,-5.7,-209786,-5.9,1251,2.0,62,14.2,-13,-2.2
"13319","5","10","71","0","2017","4","",132,3023,2964,3031,34663143,3835609,72049,887,"",0.88,1.02,1.01,1.02,1.06,1.02,1.00,1.04,"",-13,-9.0,325,12.0,360,13.8,250,9.0,1856051,5.7,936712,32.3,19592,37.3,-50,-5.3
"13321","0","10","70","0","2017","4","",290,3349,3265,3211,28538553,2862078,37320,670,"",1.00,1.00,1.00,1.00,1.00,1.00,1.00,1.00,"",-49,-14.5,226,7.2,98,3.1,94,3.0,960281,3.5,184646,6.9,-2844,-7.1,-7,-1.0
"13321","1","10","71","0","2017","4","",6,32,38,33,407920,0,0,914,"",3.45,0.50,0.61,0.53,0.52,0.00,0.00,0.95,"",-2,-25.0,1,3.2,0,0.0,-4,-10.8,-6087,-1.5,0,0.0,0,0.0,13,1.4
"13321","2","10","71","0","2017","4","",10,34,35,36,388081,0,0,853,"",4.92,0.32,0.33,0.35,0.42,0.00,0.00,1.25,"",0,0.0,-1,-2.9,0,0.0,-2,-5.3,31441,8.8,0,0.0,0,0.0,91,11.9
"13321","3","10","71","0","2017","4","",13,861,845,846,7188268,39184,846,650,"",2.64,2.59,2.61,2.66,2.93,0.69,4.31,1.12,"",0,0.0,44,5.4,-10,-1.2,13,1.6,37028,0.5,13438,52.2,135,19.0,-9,-1.4
"13321","5","10","71","0","2017","4","",261,2422,2347,2296,20554284,2822894,36474,671,"",0.93,0.85,0.85,0.84,0.84,1.02,0.98,1.00,"",-47,-15.3,182,8.1,108,4.8,87,3.9,897899,4.6,171208,6.5,-2979,-7.6,-7,-1.0
"13999","0","10","70","0","2017","4","",29049,136605,136650,135615,2550818149,289286744,6750414,1440,"",1.00,1.00,1.00,1.00,1.00,1.00,1.00,1.00,"",-4746,-14.0,-8131,-5.6,-9741,-6.7,-10133,-7.0,-35216361,-1.4,-8227850,-2.8,-706372,-9.5,74,5.4
"13999","1","10","71","0","2017","4","",57,2048,2037,2025,45015975,0,0,1700,"",0.33,0.78,0.78,0.78,0.64,0.00,0.00,0.83,"",-11,-16.2,802,64.4,519,34.2,458,29.2,14139041,45.8,0,0.0,0,0.0,55,3.3
"13999","2","10","71","0","2017","4","N",27,0,0,0,0,0,0,0,"N",0.13,0,0,0,0,0,0,0,"N",10,58.8,0,0,0,0,0,0,0,0,0,0,0,0,0,0
"13999","3","10","71","0","2017","4","N",3,0,0,0,0,0,0,0,"N",0.01,0,0,0,0,0,0,0,"N",-1,-25.0,0,0,0,0,0,0,0,0,0,0,0,0,0,0
"13999","5","10","71","0","2017","4","",28962,134487,134538,133502,2505223847,289286425,6750406,1436,"",1.03,1.16,1.16,1.16,1.15,1.03,1.01,0.99,"",-4744,-14.1,-8932,-6.2,-10257,-7.1,-10595,-7.4,-49434801,-1.9,-8228067,-2.8,-706377,-9.5,72,5.3
"15000","0","10","50","0","2017","4","",41872,655299,660238,665639,8443520138,2574746403,26570556,984,"",1.00,1.00,1.00,1.00,1.00,1.00,1.00,1.00,"",1447,3.6,5308,0.8,4938,0.8,6369,1.0,323345095,4.0,140304250,5.8,2718484,11.4,30,3.1
"15000","1","10","51","0","2017","4","",363,33441,33593,33731,672177398,0,0,1539,"",1.45,2.65,2.66,2.63,2.90,0.00,0.00,1.09,"",-21,-5.5,68,0.2,-55,-0.2,-80,-0.2,14340161,2.2,0,0.0,0,0.0,33,2.2
"15000","2","10","51","0","2017","4","",1274,70511,71538,72021,895284605,0,0,965,"",4.34,3.35,3.38,3.39,3.25,0.00,0.00,0.96,"",-3,-0.2,-1287,-1.8,-891,-1.2,-967,-1.3,8085512,0.9,0,0.0,0,0.0,22,2.3
"15000","3","10","51","0","2017","4","",267,18758,18826,18960,323134995,0,0,1319,"",0.38,0.29,0.29,0.29,0.45,0.00,0.00,1.55,"",0,0.0,-66,-0.4,-45,-0.2,151,0.8,10952370,3.5,0,0.0,0,0.0,44,3.5
"15000","5","10","51","0","2017","4","",39968,532589,536281,540927,6552923140,2574746403,26570556,939,"",0.98,0.96,0.96,0.96,0.91,1.03,1.01,0.95,"",1471,3.8,6593,1.3,5929,1.1,7265,1.4,289967052,4.6,140304250,5.8,2718484,11.4,30,3.3
"15000","8","10","96","0","2017","4","",1904,122710,123957,124712,1890596998,0,0,1175,"",1.52,1.24,1.25,1.25,1.53,0.00,0.00,1.23,"",-24,-1.2,-1285,-1.0,-991,-0.8,-896,-0.7,33378043,1.8,0,0.0,0,0.0,31,2.7
"15001","0","10","70","0","2017","4","",5463,70985,71498,72082,786214747,297416564,3520423,846,"",1.00,1.00,1.00,1.00,1.00,1.00,1.00,1.00,"",84,1.6,2034,2.9,2223,3.2,2021,2.9,40190153,5.4,24719285,9.1,334158,10.5,19,2.3
"15001","1","10","71","0","2017","4","",69,1298,1283,1285,21224022,0,0,1267,"",2.11,0.95,0.94,0.93,0.98,0.00,0.00,1.05,"",-6,-8.0,-58,-4.3,-30,-2.3,-32,-2.4,73076,0.3,0,0.0,0,0.0,42,3.4
"15001","2","10","71","0","2017","4","",257,8802,8857,8937,127862703,0,0,1109,"",6.71,3.86,3.87,3.89,4.98,0.00,0.00,1.29,"",0,0.0,147,1.7,154,1.8,181,2.1,5655699,4.6,0,0.0,0,0.0,29,2.7
"15001","3","10","71","0","2017","4","",21,2679,2738,2713,43436668,0,0,1233,"",0.23,0.38,0.39,0.38,0.64,0.00,0.00,1.68,"",-7,-25.0,-15,-0.6,33,1.2,18,0.7,1173753,2.8,0,0.0,0,0.0,28,2.3
"15001","5","10","71","0","2017","4","",5116,58206,58620,59147,593691354,297416564,3520423,779,"",0.97,0.97,0.97,0.97,0.88,1.03,1.01,0.92,"",97,1.9,1960,3.5,2066,3.7,1854,3.2,33287625,5.9,24719285,9.1,334158,10.5,19,2.5
"15003","0","10","70","0","2017","4","",26102,474011,477635,481040,6390820241,1773680672,17617849,1029,"",1.00,1.00,1.00,1.00,1.00,1.00,1.00,1.00,"",435,1.7,304,0.1,-370,-0.1,890,0.2,223156285,3.6,75635623,4.5,1550522,9.7,35,3.5
"15003","1","10","71","0","2017","4","",193,30625,30793,30924,623954282,0,0,1559,"",1.23,3.36,3.37,3.34,3.55,0.00,0.00,1.06,"",-9,-4.5,71,0.2,-51,-0.2,-59,-0.2,12989390,2.1,0,0.0,0,0.0,33,2.2
"15003","2","10","71","0","2017","4","",328,54211,55153,55492,662752973,0,0,928,"",1.79,3.56,3.60,3.62,3.18,0.00,0.00,0.88,"",1,0.3,-51,-0.1,321,0.6,194,0.4,26051686,4.1,0,0.0,0,0.0,34,3.8
"15003","3","10","71","0","2017","4","",29,12167,12188,12309,212464559,0,0,1337,"",0.07,0.26,0.26,0.26,0.39,0.00,0.00,1.50,"",1,3.6,-41,-0.3,-32,-0.3,161,1.3,7592661,3.7,0,0.0,0,0.0,44,3.4
"15003","5","10","71","0","2017","4","",25552,377008,379501,382315,4891648427,1773680672,17617849,991,"",1.01,0.94,0.94,0.94,0.90,1.03,1.01,0.96,"",442,1.8,325,0.1,-608,-0.2,594,0.2,176522548,3.7,75635623,4.5,1550522,9.7,35,3.7
"15007","0","10","70","0","2017","4","",2709,31988,32196,32531,370150765,142374886,1608582,883,"",1.00,1.00,1.00,1.00,1.00,1.00,1.00,1.00,"",60,2.3,944,3.0,1138,3.7,1267,4.1,24624248,7.1,12413525,9.6,252287,18.6,29,3.4
"15007","1","10","71","0","2017","4","",32,546,540,545,9826565,0,0,1390,"",1.97,0.89,0.88,0.87,0.97,0.00,0.00,1.10,"",-1,-3.0,19,3.6,7,1.3,5,0.9,328351,3.5,0,0.0,0,0.0,20,1.5
"15007","2","10","71","0","2017","4","",212,2770,2785,2798,39237405,0,0,1084,"",11.17,2.70,2.70,2.70,3.25,0.00,0.00,1.20,"",0,0.0,49,1.8,60,2.2,60,2.2,2265448,6.1,0,0.0,0,0.0,41,3.9
"15007","3","10","71","0","2017","4","",38,1287,1300,1303,22402799,0,0,1329,"",0.83,0.41,0.41,0.40,0.70,0.00,0.00,1.74,"",0,0.0,-17,-1.3,-14,-1.1,-3,-0.2,669162,3.1,0,0.0,0,0.0,51,4.0
"15007","5","10","71","0","2017","4","",2427,27385,27571,27885,298683996,142374886,1608582,832,"",0.92,1.01,1.01,1.01,0.95,1.03,1.01,0.94,"",61,2.6,893,3.4,1085,4.1,1205,4.5,21361287,7.7,12413525,9.6,252287,18.6,29,3.6
"15009","0","10","70","0","2017","4","",6220,76973,77524,78573,870768622,350909330,3612020,862,"",1.00,1.00,1.00,1.00,1.00,1.00,1.00,1.00,"",99,1.6,1551,2.1,1457,1.9,1695,2.2,27710755,3.3,22158911,6.7,436582,13.7,10,1.2
"15009","1","10","71","0","2017","4","",44,863,871,869,13783716,0,0,1222,"",1.18,0.58,0.59,0.57,0.58,0.00,0.00,0.99,"",-2,-4.3,32,3.9,16,1.9,2,0.2,466192,3.5,0,0.0,0,0.0,18,1.5
"15009","2","10","71","0","2017","4","",477,4728,4743,4794,65431524,0,0,1059,"",10.94,1.91,1.91,1.91,2.30,0.00,0.00,1.20,"",-4,-0.8,-1432,-23.2,-1426,-23.1,-1402,-22.6,-25887321,-28.3,0,0.0,0,0.0,-79,-6.9
"15009","3","10","71","0","2017","4","",179,2625,2600,2635,44830969,0,0,1316,"",1.69,0.34,0.34,0.34,0.60,0.00,0.00,1.76,"",6,3.5,7,0.3,-32,-1.2,-25,-0.9,1516794,3.5,0,0.0,0,0.0,52,4.1
"15009","5","10","71","0","2017","4","",5520,68757,69310,70275,746722413,350909330,3612020,827,"",0.91,1.05,1.05,1.05,1.00,1.03,1.01,0.95,"",99,1.8,2944,4.5,2899,4.4,3120,4.6,51615090,7.4,22158911,6.7,436582,13.7,22,2.7
"15999","0","10","70","0","2017","4","",1378,1342,1385,1413,25565763,10364951,211682,1425,"",1.00,1.00,1.00,1.00,1.00,1.00,1.00,1.00,"",769,126.3,475,54.8,490,54.7,496,54.1,7663654,42.8,5376906,107.8,144935,217.1,-117,-7.6
"15999","1","10","71","0","2017","4","",25,109,106,108,3388813,0,0,2421,"",3.02,4.22,4.00,3.97,4.82,0.00,0.00,1.19,"",-3,-10.7,4,3.8,3,2.9,4,3.8,483152,16.6,0,0.0,0,0.0,272,12.7
"15999","5","10","71","0","2017","4","",1353,1233,1279,1305,22176950,10364951,211682,1341,"",1.01,1.08,1.09,1.09,1.02,1.03,1.01,0.94,"",772,132.9,471,61.8,487,61.5,492,60.5,7180502,47.9,5376906,107.8,144935,217.1,-121,-8.3
"16000","0","10","50","0","2017","4","",62198,720671,714590,711528,7986481374,2648467035,31211502,859,"",1.00,1.00,1.00,1.00,1.00,1.00,1.00,1.00,"",1971,3.3,18711,2.7,17415,2.5,20053,2.9,738919225,10.2,177319241,7.2,488894,1.6,59,7.4
"16000","1","10","51","0","2017","4","",596,13401,12570,12472,213010255,0,0,1279,"",1.60,0.97,0.92,0.91,0.97,0.00,0.00,1.04,"",-4,-0.7,291,2.2,-55,-0.4,240,2.0,6695364,3.2,0,0.0,0,0.0,25,2.0
"16000","2","10","51","0","2017","4","",493,25455,25185,25306,320370691,296,3,973,"",1.13,1.10,1.10,1.12,1.23,0.00,0.00,1.11,"",7,1.4,295,1.2,207,0.8,433,1.7,17864887,5.9,49,19.8,1,50.0,42,4.5
"16000","3","10","51","0","2017","4","",1660,80587,81026,80902,734192622,21414375,217029,699,"",1.57,1.13,1.14,1.15,1.07,0.41,1.32,0.94,"",-6,-0.4,1511,1.9,1765,2.2,2106,2.7,38512698,5.5,298791,1.4,-19998,-8.4,22,3.2
"16000","5","10","51","0","2017","4","",59449,601228,595809,592848,6718907806,2627052364,30994470,866,"",0.99,0.98,0.98,0.98,0.99,1.03,1.00,1.00,"",1974,3.4,16614,2.8,15498,2.7,17274,3.0,675846276,11.2,177020401,7.2,508891,1.7,65,8.1
"16000","8","10","96","0","2017","4","",2749,119443,118781,118680,1267573568,21414671,217032,820,"",1.47,1.10,1.10,1.11,1.09,0.25,1.06,0.98,"",-3,-0.1,2097,1.8,1917,1.6,2779,2.4,63072949,5.2,298840,1.4,-19997,-8.4,26,3.3
"16001","0","10","70","0","2017","4","",16062,237405,238020,238021,3233023289,866892500,9933451,1046,"",1.00,1.00,1.00,1.00,1.00,1.00,1.00,1.00,"",785,5.1,7633,3.3,7246,3.1,8176,3.6,429059653,15.3,76577348,9.7,375940,3.9,109,11.6
"16001","1","10","71","0","2017","4","",71,5795,5760,5807,106072025,0,0,1410,"",0.74,1.27,1.26,1.27,1.19,0.00,0.00,0.94,"",0,0.0,218,3.9,215,3.9,212,3.8,4567663,4.5,0,0.0,0,0.0,9,0.6
"16001","2","10","71","0","2017","4","",91,12160,12003,12156,153120356,296,3,973,"",0.81,1.60,1.57,1.60,1.45,0.00,0.00,0.91,"",6,7.1,151,1.3,165,1.4,228,1.9,12941614,9.2,49,19.8,1,50.0,69,7.6
"16001","3","10","71","0","2017","4","",204,15506,15513,15439,159167073,1705929,15820,791,"",0.75,0.66,0.66,0.66,0.57,0.10,0.30,0.87,"",-5,-2.4,379,2.5,402,2.7,484,3.2,9323276,6.2,151463,9.7,-433,-2.7,26,3.4
"16001","5","10","71","0","2017","4","",15696,203944,204744,204619,2814663835,865186275,9917628,1059,"",1.01,1.01,1.01,1.01,1.02,1.03,1.01,1.01,"",784,5.3,6885,3.5,6464,3.3,7252,3.7,402227100,16.7,76425836,9.7,376372,3.9,120,12.8
"16003","0","10","70","0","2017","4","",193,1092,1047,1025,9545679,3511959,64021,696,"",1.00,1.00,1.00,1.00,1.00,1.00,1.00,1.00,"",-6,-3.0,-59,-5.1,-75,-6.7,-65,-6.0,-518182,-5.1,-100235,-2.8,410,0.6,5,0.7
"16003","1","10","71","0","2017","4","",5,130,91,70,1380520,0,0,1095,"",4.32,6.18,4.54,3.55,5.26,0.00,0.00,1.10,"",0,0.0,-10,-7.1,-27,-22.9,-6,-7.9,-206748,-13.0,0,0.0,0,0.0,-2,-0.2
"16003","2","10","71","0","2017","4","",3,20,22,22,213742,0,0,771,"",2.22,0.57,0.66,0.67,0.69,0.00,0.00,1.09,"",0,0.0,3,17.6,5,29.4,5,29.4,22686,11.9,0,0.0,0,0.0,-94,-10.9
"16003","3","10","71","0","2017","4","",12,185,197,199,1326543,38010,444,527,"",3.66,1.71,1.89,1.96,1.62,0.55,1.32,0.87,"",0,0.0,-14,-7.0,-4,-2.0,-7,-3.4,9215,0.7,-754,-1.9,-33,-6.9,25,5.0
"16003","5","10","71","0","2017","4","",173,757,737,734,6624874,3473949,63577,686,"",0.92,0.82,0.83,0.84,0.81,1.02,1.00,0.98,"",-6,-3.4,-38,-4.8,-49,-6.2,-57,-7.2,-343335,-4.9,-99481,-2.8,443,0.7,8,1.2
"16005","0","10","70","0","2017","4","",2354,33738,33853,33413,317252761,114150016,1264573,725,"",1.00,1.00,1.00,1.00,1.00,1.00,1.00,1.00,"",56,2.4,477,1.4,492,1.5,201,0.6,13593955,4.5,5292021,4.9,-56512,-4.3,23,3.3
"16005","1","10","71","0","2017","4","",26,559,537,551,9804723,0,0,1374,"",1.84,0.86,0.83,0.86,1.12,0.00,0.00,1.33,"",-2,-7.1,3,0.5,9,1.7,20,3.8,376212,4.0,0,0.0,0,0.0,27,2.0
"16005","2","10","71","0","2017","4","",30,3144,3143,3152,38829824,0,0,949,"",1.82,2.90,2.90,2.96,3.75,0.00,0.00,1.28,"",0,0.0,-11,-0.3,-92,-2.8,52,1.7,-512324,-1.3,0,0.0,0,0.0,-8,-0.8
"16005","3","10","71","0","2017","4","",54,3312,3330,3277,28376599,254817,2971,660,"",1.35,0.99,0.99,0.99,1.04,0.11,0.45,1.05,"",0,0.0,33,1.0,13,0.4,45,1.4,1218443,4.5,-12460,-4.7,-439,-12.9,22,3.4
"16005","5","10","71","0","2017","4","",2244,26723,26843,26433,240241615,113895199,1261602,693,"",0.98,0.93,0.93,0.93,0.89,1.03,1.00,0.95,"",58,2.7,452,1.7,562,2.1,84,0.3,12511624,5.5,5304481,4.9,-56073,-4.3,27,4.1
"16007","0","10","70","0","2017","4","",240,1656,1613,1579,11720206,3500616,37259,558,"",1.00,1.00,1.00,1.00,1.00,1.00,1.00,1.00,"",10,4.3,80,5.1,73,4.7,60,3.9,385082,3.4,-4271,-0.1,-837,-2.2,-6,-1.1
"16007","1","10","71","0","2017","4","",10,60,39,32,513972,0,0,905,"",6.95,1.88,1.26,1.05,1.60,0.00,0.00,1.13,"",0,0.0,5,9.1,-10,-20.4,-6,-15.8,-21261,-4.0,0,0.0,0,0.0,35,4.0
"16007","2","10","71","0","2017","4","",5,22,20,20,186981,0,0,696,"",2.97,0.41,0.39,0.40,0.49,0.00,0.00,1.22,"",-1,-16.7,3,15.8,2,11.1,2,11.1,3319,1.8,0,0.0,0,0.0,-75,-9.7
"16007","3","10","71","0","2017","4","",16,624,640,620,5140809,33328,213,630,"",3.92,3.80,4.00,3.97,5.10,0.48,1.09,1.30,"",0,0.0,18,3.0,42,7.0,11,1.8,306847,6.3,-5187,-13.5,-39,-15.5,15,2.4
"16007","5","10","71","0","2017","4","",209,950,914,907,5878444,3467288,37046,490,"",0.90,0.68,0.67,0.68,0.59,1.02,1.00,0.87,"",11,5.6,54,6.0,39,4.5,53,6.2,96177,1.7,916,0.0,-798,-2.1,-18,-3.5
"16009","0","10","70","0","2017","4","",348,3481,3422,3440,35167063,9776876,138699,785,"",1.00,1.00,1.00,1.00,1.00,1.00,1.00,1.00,"",-4,-1.1,22,0.6,29,0.9,55,1.6,1107368,3.3,399468,4.3,1840,1.3,17,2.2
"16009","1","10","71","0","2017","4","",9,48,41,42,604510,0,0,1065,"",4.31,0.72,0.63,0.63,0.63,0.00,0.00,0.95,"",0,0.0,0,0.0,-3,-6.8,-3,-6.7,917,0.2,0,0.0,0,0.0,48,4.7
"16009","2","10","71","0","2017","4","",9,97,90,83,1048712,0,0,896,"",3.69,0.87,0.82,0.76,0.91,0.00,0.00,1.12,"",0,0.0,-1,-1.0,-3,-3.2,-6,-6.7,30812,3.0,0,0.0,0,0.0,57,6.8
"16009","3","10","71","0","2017","4","",32,1200,1197,1199,11026825,1485527,17793,708,"",5.41,3.48,3.52,3.52,3.65,7.68,24.38,1.04,"",-2,-5.9,41,3.5,46,4.0,60,5.3,598546,5.7,121027,8.9,-1442,-7.5,10,1.4
"16009","5","10","71","0","2017","4","",298,2136,2094,2116,22487016,8291349,120906,818,"",0.88,0.72,0.72,0.72,0.75,0.88,0.88,1.04,"",-2,-0.7,-18,-0.8,-11,-0.5,4,0.2,477093,2.2,278441,3.5,3282,2.8,21,2.6
"16011","0","10","70","0","2017","4","",1114,16180,15316,15019,145619379,58495631,690435,722,"",1.00,1.00,1.00,1.00,1.00,1.00,1.00,1.00,"",15,1.4,248,1.6,118,0.8,415,2.8,11045495,8.2,1634944,2.9,-34990,-4.8,43,6.3
"16011","1","10","71","0","2017","4","",15,210,202,202,2915608,0,0,1096,"",2.24,0.67,0.69,0.70,0.73,0.00,0.00,1.06,"",0,0.0,0,0.0,-12,-5.6,-12,-5.6,63708,2.2,0,0.0,0,0.0,64,6.2
"16011","2","10","71","0","2017","4","",10,451,450,448,5475562,0,0,937,"",1.28,0.87,0.92,0.94,1.15,0.00,0.00,1.27,"",0,0.0,-15,-3.2,-12,-2.6,-13,-2.8,1509099,38.0,0,0.0,0,0.0,278,42.2
"16011","3","10","71","0","2017","4","",64,3394,3455,3461,27526149,7713230,79488,616,"",3.38,2.12,2.27,2.33,2.20,6.66,21.88,0.98,"",0,0.0,-70,-2.0,13,0.4,58,1.7,858133,3.2,93681,1.2,-10225,-11.4,19,3.2
"16011","5","10","71","0","2017","4","",1025,12125,11209,10908,109702060,50782401,610947,739,"",0.95,0.88,0.86,0.85,0.88,0.90,0.89,1.02,"",15,1.5,333,2.8,129,1.2,382,3.6,8614555,8.5,1541263,3.1,-24765,-3.9,41,5.9
"16013","0","10","70","0","2017","4","",1646,12546,12458,13212,146717915,50366731,650196,886,"",1.00,1.00,1.00,1.00,1.00,1.00,1.00,1.00,"",47,2.9,362,3.0,516,4.3,466,3.7,11659647,8.6,3866612,8.3,19633,3.1,41,4.9
"16013","1","10","71","0","2017","4","",8,112,93,92,1355752,0,0,1053,"",0.81,0.46,0.39,0.36,0.34,0.00,0.00,0.83,"",0,0.0,0,0.0,-13,-12.3,-1,-1.1,-60695,-4.3,0,0.0,0,0.0,2,0.2
"16013","2","10","71","0","2017","4","",9,42,42,44,486248,0,0,877,"",0.78,0.10,0.11,0.10,0.10,0.00,0.00,0.97,"",0,0.0,1,2.4,1,2.4,4,10.0,-103383,-17.5,0,0.0,0,0.0,-238,-21.3
"16013","3","10","71","0","2017","4","",33,1247,1266,1260,14504406,352793,3684,887,"",1.18,1.00,1.02,0.96,1.15,0.35,1.08,1.15,"",1,3.1,-45,-3.5,-9,-0.7,4,0.3,312082,2.2,-20364,-5.5,-434,-10.5,30,3.5
"16013","5","10","71","0","2017","4","",1596,11145,11057,11816,130371509,50013938,646512,884,"",1.00,1.05,1.04,1.05,1.04,1.03,1.00,0.99,"",46,3.0,406,3.8,537,5.1,459,4.0,11511643,9.7,3886976,8.4,20067,3.2,43,5.1
"16015","0","10","70","0","2017","4","",203,1520,1368,1339,10063128,4294331,73621,549,"",1.00,1.00,1.00,1.00,1.00,1.00,1.00,1.00,"",4,2.0,129,9.3,0,0.0,-185,-12.1,337693,3.5,713317,19.9,9937,15.6,25,4.8
"16015","1","10","71","0","2017","4","",7,187,93,73,1625417,0,0,1063,"",5.75,6.39,3.55,2.83,5.88,0.00,0.00,1.35,"",0,0.0,10,5.6,-48,-34.0,-11,-13.1,-297269,-15.5,0,0.0,0,0.0,-41,-3.7
"16015","2","10","71","0","2017","4","N",2,0,0,0,0,0,0,0,"N",1.41,0,0,0,0,0,0,0,"N",0,0.0,0,0,0,0,0,0,0,0,0,0,0,0,0,0
"16015","3","10","71","0","2017","4","N",10,0,0,0,0,0,0,0,"N",2.90,0,0,0,0,0,0,0,"N",0,0.0,0,0,0,0,0,0,0,0,0,0,0,0,0,0
"16015","5","10","71","0","2017","4","",184,993,926,926,6164323,4291951,73605,500,"",0.93,0.77,0.80,0.81,0.72,1.03,1.01,0.91,"",4,2.2,114,13.0,44,5.0,-180,-16.3,530067,9.4,715739,20.0,9962,15.7,46,10.1
"16017","0","10","70","0","2017","4","",1705,13895,13994,14003,125828914,54635776,741109,693,"",1.00,1.00,1.00,1.00,1.00,1.00,1.00,1.00,"",74,4.5,433,3.2,428,3.2,507,3.8,8964583,7.7,4237841,8.4,30818,4.3,28,4.2
"16017","1","10","71","0","2017","4","",18,202,172,164,2673155,0,0,1147,"",1.76,0.76,0.64,0.61,0.77,0.00,0.00,1.16,"",0,0.0,2,1.0,-10,-5.5,2,1.2,176421,7.1,0,0.0,0,0.0,88,8.3
"16017","2","10","71","0","2017","4","",12,195,184,176,2288361,0,0,952,"",1.00,0.44,0.41,0.39,0.56,0.00,0.00,1.35,"",0,0.0,21,12.1,15,8.9,10,6.0,-364626,-13.7,0,0.0,0,0.0,-251,-20.9
"16017","3","10","71","0","2017","4","",55,2063,2064,2061,19364088,220873,2190,722,"",1.90,1.50,1.49,1.49,1.79,0.20,0.56,1.20,"",2,3.8,20,1.0,-4,-0.2,-5,-0.2,1183784,6.5,15227,7.4,-289,-11.7,43,6.3
"16017","5","10","71","0","2017","4","",1620,11435,11574,11602,101503310,54414903,738919,677,"",0.98,0.97,0.97,0.97,0.94,1.03,1.00,0.97,"",72,4.7,390,3.5,427,3.8,500,4.5,7969004,8.5,4222614,8.4,31107,4.4,29,4.5
"16019","0","10","70","0","2017","4","",3884,50753,50937,50656,496464750,196454749,2078969,752,"",1.00,1.00,1.00,1.00,1.00,1.00,1.00,1.00,"",66,1.7,1078,2.2,1242,2.5,1248,2.5,40739892,8.9,10808415,5.8,9867,0.5,45,6.4
"16019","1","10","71","0","2017","4","",29,767,748,746,14454624,0,0,1475,"",1.24,0.79,0.77,0.76,1.06,0.00,0.00,1.37,"",0,0.0,15,2.0,23,3.2,24,3.3,435463,3.1,0,0.0,0,0.0,4,0.3
"16019","2","10","71","0","2017","4","",26,846,843,848,9602035,0,0,873,"",0.96,0.52,0.52,0.52,0.59,0.00,0.00,1.14,"",0,0.0,-17,-2.0,-15,-1.7,14,1.7,1535423,19.0,0,0.0,0,0.0,144,19.8
"16019","3","10","71","0","2017","4","",81,5003,5042,4975,44604178,167556,3182,685,"",1.23,0.99,1.00,0.99,1.04,0.04,0.29,1.05,"",-2,-2.4,76,1.5,137,2.8,101,2.1,2522207,6.0,-2197,-1.3,-546,-14.6,25,3.8
"16019","5","10","71","0","2017","4","",3748,44137,44304,44087,427803913,196287193,2075787,745,"",0.99,1.02,1.02,1.02,1.01,1.03,1.01,0.99,"",68,1.8,1004,2.3,1097,2.5,1109,2.6,36246799,9.3,10810612,5.8,10413,0.5,46,6.6
"16021","0","10","70","0","2017","4","",470,3565,3477,3401,32567099,12291503,183299,720,"",1.00,1.00,1.00,1.00,1.00,1.00,1.00,1.00,"",-4,-0.8,71,2.0,59,1.7,69,2.1,2663404,8.9,1185054,10.7,14845,8.8,46,6.8
"16021","1","10","71","0","2017","4","",12,150,139,136,2822129,0,0,1532,"",4.26,2.19,2.09,2.08,3.15,0.00,0.00,1.49,"",-2,-14.3,-6,-3.8,-11,-7.3,-4,-2.9,-120308,-4.1,0,0.0,0,0.0,10,0.7
"16021","2","10","71","0","2017","4","",6,47,44,42,539635,0,0,936,"",1.82,0.41,0.40,0.39,0.51,0.00,0.00,1.27,"",0,0.0,-2,-4.1,-4,-8.3,-5,-10.6,46166,9.4,0,0.0,0,0.0,145,18.3
"16021","3","10","71","0","2017","4","",21,907,901,907,6643345,923601,6721,565,"",2.63,2.57,2.61,2.69,2.37,3.80,6.97,0.90,"",0,0.0,6,0.7,6,0.7,7,0.8,322964,5.1,-12147,-1.3,-334,-4.7,24,4.4
"16021","5","10","71","0","2017","4","",431,2461,2393,2316,22561990,11367902,176578,726,"",0.95,0.81,0.81,0.80,0.81,0.96,0.97,1.00,"",-2,-0.5,73,3.1,68,2.9,71,3.2,2414582,12.0,1197201,11.8,15179,9.4,58,8.7
"16023","0","10","70","0","2017","4","",145,7781,7776,7786,183642639,5116151,52755,1815,"",1.00,1.00,1.00,1.00,1.00,1.00,1.00,1.00,"",-1,-0.7,130,1.7,108,1.4,106,1.4,9667654,5.6,-15567185,-75.3,-238844,-81.9,69,4.0
"16023","1","10","71","0","2017","4","",7,55,52,55,891669,0,0,1270,"",8.05,0.37,0.35,0.37,0.18,0.00,0.00,0.49,"",0,0.0,0,0.0,-1,-1.9,-3,-5.2,-43084,-4.6,0,0.0,0,0.0,-29,-2.2
"16023","2","10","71","0","2017","4","",4,8,8,8,123323,0,0,1186,"",3.94,0.03,0.03,0.03,0.02,0.00,0.00,0.64,"",0,0.0,-1,-11.1,-1,-11.1,-1,-11.1,2424,2.0,0,0.0,0,0.0,153,14.8
"16023","3","10","71","0","2017","4","",12,150,154,153,907682,9583,89,458,"",4.87,0.19,0.20,0.20,0.06,0.09,0.32,0.29,"",1,9.1,-1,-0.7,0,0.0,4,2.7,11614,1.3,4145,76.2,47,111.9,3,0.7
"16023","5","10","71","0","2017","4","",122,7568,7562,7570,181719965,5106568,52666,1847,"",0.87,1.14,1.14,1.14,1.16,1.03,1.00,1.01,"",-2,-1.6,132,1.8,110,1.5,106,1.4,9696700,5.6,-15571330,-75.3,-238891,-81.9,71,4.0
"16025","0","10","70","0","2017","4","",67,369,363,363,5476585,1115338,14386,1154,"",1.00,1.00,1.00,1.00,1.00,1.00,1.00,1.00,"",2,3.1,3,0.8,-12,-3.2,-67,-15.6,256933,4.9,-108241,-8.8,-65,-0.4,125,12.1
"16025","1","10","71","0","2017","4","",2,27,21,16,286834,0,0,1034,"",4.98,3.80,3.02,2.29,1.91,0.00,0.00,0.63,"",0,0.0,-1,-3.6,-5,-19.2,-1,-5.9,-8494,-2.9,0,0.0,0,0.0,74,7.7
"16025","2","10","71","0","2017","4","N",2,0,0,0,0,0,0,0,"N",4.26,0,0,0,0,0,0,0,"N",0,0.0,0,0,0,0,0,0,0,0,0,0,0,0,0,0
"16025","3","10","71","0","2017","4","N",6,0,0,0,0,0,0,0,"N",5.27,0,0,0,0,0,0,0,"N",0,0.0,0,0,0,0,0,0,0,0,0,0,0,0,0,0
"16025","5","10","71","0","2017","4","",57,243,244,251,4505853,1115338,14386,1409,"",0.88,0.78,0.79,0.81,0.96,1.03,1.01,1.21,"",2,3.6,-10,-4.0,-18,-6.9,-72,-22.3,202850,4.7,-108241,-8.8,-65,-0.4,224,18.9
"16027","0","10","70","0","2017","4","",5061,66004,65509,65195,619872861,257696971,3188387,727,"",1.00,1.00,1.00,1.00,1.00,1.00,1.00,1.00,"",319,6.7,3430,5.5,3335,5.4,3701,6.0,60233776,10.8,24923383,10.7,208495,7.0,34,4.9
"16027","1","10","71","0","2017","4","",17,369,374,372,5367938,0,0,1111,"",0.56,0.29,0.30,0.30,0.32,0.00,0.00,1.07,"",0,0.0,13,3.7,13,3.6,9,2.5,317876,6.3,0,0.0,0,0.0,32,3.0
"16027","2","10","71","0","2017","4","",14,833,832,830,8837485,0,0,817,"",0.39,0.39,0.40,0.40,0.44,0.00,0.00,1.10,"",1,7.7,-6,-0.7,-1,-0.1,-2,-0.2,-3402768,-27.8,0,0.0,0,0.0,-311,-27.6
"16027","3","10","71","0","2017","4","",129,8385,8395,8590,75135577,758503,5899,683,"",1.50,1.28,1.29,1.33,1.41,0.15,0.35,1.08,"",0,0.0,283,3.5,239,2.9,474,5.8,4629907,6.6,72009,10.5,275,4.9,15,2.2
"16027","5","10","71","0","2017","4","",4901,56417,55908,55403,530531861,256938468,3182488,730,"",1.00,1.01,1.00,1.00,1.00,1.03,1.00,1.00,"",318,6.9,3140,5.9,3084,5.8,3220,6.2,58688761,12.4,24851374,10.7,208220,7.0,42,6.1
"16029","0","10","70","0","2017","4","",291,3410,3304,3269,47655545,8926187,107034,1102,"",1.00,1.00,1.00,1.00,1.00,1.00,1.00,1.00,"",4,1.4,34,1.0,32,1.0,78,2.4,5417074,12.8,910677,11.4,1636,1.6,111,11.2
"16029","1","10","71","0","2017","4","",7,36,36,37,463040,0,0,980,"",4.01,0.55,0.57,0.59,0.35,0.00,0.00,0.62,"",0,0.0,-2,-5.3,-2,-5.3,-3,-7.5,93,0.0,0,0.0,0,0.0,59,6.4
"16029","2","10","71","0","2017","4","",5,19,19,18,232731,0,0,959,"",2.45,0.17,0.18,0.17,0.15,0.00,0.00,0.85,"",0,0.0,1,5.6,1,5.6,0,0.0,-73582,-24.0,0,0.0,0,0.0,-350,-26.7
"16029","3","10","71","0","2017","4","",22,680,687,686,6279408,35641,304,706,"",4.45,2.01,2.09,2.12,1.53,0.20,0.54,0.74,"",0,0.0,19,2.9,21,3.2,6,0.9,587600,10.3,9221,34.9,22,7.8,52,8.0
"16029","5","10","71","0","2017","4","",257,2675,2562,2528,40680366,8890546,106730,1209,"",0.91,0.92,0.91,0.91,1.00,1.03,1.00,1.09,"",4,1.6,16,0.6,12,0.5,75,3.1,4902963,13.7,901456,11.3,1614,1.5,131,12.2
"16031","0","10","70","0","2017","4","",902,11621,10990,10903,104738229,49073220,527807,721,"",1.00,1.00,1.00,1.00,1.00,1.00,1.00,1.00,"",15,1.7,244,2.1,-71,-0.6,0,0.0,4401587,4.4,2458561,5.3,-41,0.0,27,3.9
"16031","1","10","71","0","2017","4","",14,138,118,118,1673669,0,0,1033,"",2.59,0.62,0.56,0.56,0.58,0.00,0.00,1.00,"",-1,-6.7,12,9.5,7,6.3,10,9.3,96375,6.1,0,0.0,0,0.0,-22,-2.1
"16031","2","10","71","0","2017","4","",14,115,111,110,1334179,0,0,916,"",2.22,0.31,0.32,0.32,0.39,0.00,0.00,1.25,"",0,0.0,-3,-2.5,-1,-0.9,-1,-0.9,-972424,-42.2,0,0.0,0,0.0,-645,-41.3
"16031","3","10","71","0","2017","4","",40,1307,1304,1316,8980436,568866,3720,528,"",2.61,1.14,1.19,1.22,1.00,0.59,1.34,0.84,"",-1,-2.4,35,2.8,-4,-0.3,13,1.0,545873,6.5,-12297,-2.1,-380,-9.3,27,5.4
"16031","5","10","71","0","2017","4","",834,10061,9457,9359,92749945,48504354,524087,741,"",0.95,1.02,1.01,1.01,1.04,1.02,1.00,1.02,"",17,2.1,200,2.0,-73,-0.8,-22,-0.2,4731763,5.4,2470858,5.4,339,0.1,35,5.0
"16033","0","10","70","0","2017","4","",49,423,407,394,4380514,1402696,15071,826,"",1.00,1.00,1.00,1.00,1.00,1.00,1.00,1.00,"",-2,-3.9,-9,-2.1,-23,-5.3,-19,-4.6,-40988,-0.9,-174012,-11.0,-4239,-22.0,26,3.2
"16033","1","10","71","0","2017","4","",4,25,22,22,352730,0,0,1180,"",13.61,3.07,2.82,2.90,2.93,0.00,0.00,1.00,"",0,0.0,-2,-7.4,-5,-18.5,-1,-4.3,16748,5.0,0,0.0,0,0.0,173,17.2
"16033","2","10","71","0","2017","4","N",2,0,0,0,0,0,0,0,"N",5.83,0,0,0,0,0,0,0,"N",0,0.0,0,0,0,0,0,0,0,0,0,0,0,0,0,0
"16033","3","10","71","0","2017","4","N",9,0,0,0,0,0,0,0,"N",10.81,0,0,0,0,0,0,0,"N",0,0.0,0,0,0,0,0,0,0,0,0,0,0,0,0,0
"16033","5","10","71","0","2017","4","",34,298,274,260,3380330,1398802,15055,938,"",0.72,0.83,0.79,0.78,0.90,1.03,1.01,1.13,"",-2,-5.6,-5,-1.7,-15,-5.2,-26,-9.1,-101001,-2.9,-175169,-11.1,-4214,-21.9,23,2.5
"16035","0","10","70","0","2017","4","",318,2762,2697,2657,25355468,7107131,122679,721,"",1.00,1.00,1.00,1.00,1.00,1.00,1.00,1.00,"",2,0.6,-30,-1.1,-91,-3.3,26,1.0,-263293,-1.0,-179346,-2.5,-13859,-10.2,1,0.1
"16035","1","10","71","0","2017","4","",10,152,140,130,2129866,0,0,1165,"",5.24,2.86,2.71,2.54,3.06,0.00,0.00,1.13,"",0,0.0,-4,-2.6,-7,-4.8,-12,-8.5,-121265,-5.4,0,0.0,0,0.0,-2,-0.2
"16035","2","10","71","0","2017","4","",10,326,320,314,3953431,0,0,950,"",4.49,3.68,3.70,3.71,4.78,0.00,0.00,1.29,"",0,0.0,3,0.9,0,0.0,-4,-1.3,-361681,-8.4,0,0.0,0,0.0,-86,-8.3
"16035","3","10","71","0","2017","4","",25,451,438,440,2952272,46283,244,513,"",4.63,1.65,1.64,1.67,1.35,0.33,0.38,0.82,"",0,0.0,16,3.7,-24,-5.2,12,2.8,123667,4.4,-21958,-32.2,-186,-43.3,20,4.1
"16035","5","10","71","0","2017","4","",273,1833,1799,1773,16319899,7060848,122435,697,"",0.89,0.78,0.79,0.79,0.75,1.03,1.00,0.96,"",2,0.7,-45,-2.4,-60,-3.2,30,1.7,95986,0.6,-157388,-2.2,-13673,-10.0,14,2.0
"16037","0","10","70","0","2017","4","",247,1472,1309,1253,11351188,4168936,50952,649,"",1.00,1.00,1.00,1.00,1.00,1.00,1.00,1.00,"",-1,-0.4,8,0.5,-51,-3.8,-23,-1.8,-187911,-1.6,526916,14.5,3401,7.2,0,0.0
"16037","1","10","71","0","2017","4","",10,177,126,103,1768958,0,0,1005,"",6.75,6.25,5.03,4.27,5.67,0.00,0.00,1.08,"",0,0.0,12,7.3,-17,-11.9,-5,-4.6,-49410,-2.7,0,0.0,0,0.0,-4,-0.4
"16037","2","10","71","0","2017","4","",5,47,44,43,530444,0,0,914,"",2.89,0.99,1.05,1.08,1.43,0.00,0.00,1.38,"",0,0.0,2,4.4,0,0.0,1,2.4,54177,11.4,0,0.0,0,0.0,75,8.9
"16037","3","10","71","0","2017","4","",20,241,237,242,1405031,101737,1942,450,"",4.76,1.65,1.82,1.95,1.44,1.23,7.24,0.80,"",0,0.0,-10,-4.0,-10,-4.0,-5,-2.0,-13240,-0.9,4972,5.1,131,7.2,11,2.5
"16037","5","10","71","0","2017","4","",212,1007,902,865,7646755,4067199,49010,636,"",0.88,0.81,0.81,0.81,0.79,1.01,0.97,0.97,"",-1,-0.5,4,0.4,-24,-2.6,-14,-1.6,-179438,-2.3,521944,14.7,3270,7.1,-7,-1.1
"16039","0","10","70","0","2017","4","",624,7011,6872,6745,60146741,22859150,269600,673,"",1.00,1.00,1.00,1.00,1.00,1.00,1.00,1.00,"",4,0.6,104,1.5,63,0.9,56,0.8,1914636,3.3,422858,1.9,-9434,-3.4,14,2.1
"16039","1","10","71","0","2017","4","",27,840,823,815,9705304,0,0,904,"",7.21,6.22,6.26,6.27,5.87,0.00,0.00,0.94,"",-1,-3.6,-22,-2.6,-37,-4.3,-14,-1.7,-134979,-1.4,0,0.0,0,0.0,14,1.6
"16039","2","10","71","0","2017","4","",9,51,49,49,487681,0,0,755,"",2.06,0.23,0.22,0.23,0.25,0.00,0.00,1.10,"",1,12.5,5,10.9,4,8.9,4,8.9,-249263,-33.8,0,0.0,0,0.0,-495,-39.6
"16039","3","10","71","0","2017","4","",27,1011,1016,1014,7952949,87013,1078,604,"",2.55,1.46,1.49,1.52,1.54,0.19,0.76,1.03,"",0,0.0,44,4.6,49,5.1,52,5.4,349150,4.6,1438,1.7,-21,-1.9,-2,-0.3
"16039","5","10","71","0","2017","4","",561,5109,4984,4867,42000807,22772137,268522,648,"",0.93,0.86,0.85,0.85,0.82,1.03,1.00,0.96,"",4,0.7,77,1.5,47,1.0,14,0.3,1949728,4.9,421420,1.9,-9413,-3.4,24,3.8
"16041","0","10","70","0","2017","4","",411,3530,3562,3611,27779397,11077720,117182,599,"",1.00,1.00,1.00,1.00,1.00,1.00,1.00,1.00,"",7,1.7,-54,-1.5,-34,-0.9,44,1.2,1821918,7.0,614022,5.9,2898,2.5,42,7.5
"16041","1","10","71","0","2017","4","",7,30,32,31,379031,0,0,941,"",2.84,0.44,0.47,0.45,0.50,0.00,0.00,1.10,"",0,0.0,-3,-9.1,-5,-13.5,-5,-13.9,20571,5.7,0,0.0,0,0.0,161,20.6
"16041","2","10","71","0","2017","4","",7,20,21,20,217337,0,0,822,"",2.43,0.18,0.18,0.17,0.24,0.00,0.00,1.35,"",0,0.0,-2,-9.1,-1,-4.5,-2,-9.1,-107071,-33.0,0,0.0,0,0.0,-312,-27.5
"16041","3","10","71","0","2017","4","",23,1039,1038,1059,6934789,58616,538,510,"",3.29,2.97,2.93,2.96,2.90,0.27,0.87,0.98,"",-1,-4.2,19,1.9,18,1.8,45,4.4,443848,6.8,-585,-1.0,-30,-5.3,20,4.1
"16041","5","10","71","0","2017","4","",374,2441,2471,2501,20248240,11019104,116644,630,"",0.94,0.81,0.82,0.81,0.85,1.03,1.00,1.05,"",8,2.2,-68,-2.7,-46,-1.8,6,0.2,1464570,7.8,614607,5.9,2928,2.6,54,9.4
"16043","0","10","70","0","2017","4","",395,3293,2838,2696,26787906,8653302,123391,700,"",1.00,1.00,1.00,1.00,1.00,1.00,1.00,1.00,"",8,2.1,83,2.6,38,1.4,100,3.9,1219439,4.8,532523,6.6,-456,-0.4,14,2.0
"16043","1","10","71","0","2017","4","",13,83,56,51,891948,0,0,1083,"",5.49,1.31,1.03,0.98,1.21,0.00,0.00,1.08,"",0,0.0,4,5.1,-19,-25.3,-6,-10.5,-5464,-0.6,0,0.0,0,0.0,102,10.4
"16043","2","10","71","0","2017","4","",7,254,252,251,3763398,0,0,1147,"",2.53,2.40,2.77,2.92,4.30,0.00,0.00,1.61,"",0,0.0,16,6.7,14,5.9,14,5.9,-102577,-2.7,0,0.0,0,0.0,-104,-8.3
"16043","3","10","71","0","2017","4","",26,722,725,703,5041638,78102,617,541,"",3.87,2.21,2.57,2.63,2.19,0.46,0.95,0.89,"",0,0.0,15,2.1,50,7.4,28,4.1,268968,5.6,1371,1.8,-86,-12.2,6,1.1
"16043","5","10","71","0","2017","4","",349,2234,1805,1691,17090922,8575200,122774,688,"",0.91,0.80,0.75,0.74,0.75,1.02,1.00,0.98,"",8,2.3,48,2.2,-7,-0.4,64,3.9,1058512,6.6,531152,6.6,-370,-0.3,30,4.6
"16045","0","10","70","0","2017","4","",477,3803,3756,3724,31618157,13903589,187573,647,"",1.00,1.00,1.00,1.00,1.00,1.00,1.00,1.00,"",9,1.9,91,2.5,49,1.3,46,1.3,2501860,8.6,1443074,11.6,10561,6.0,42,6.9
"16045","1","10","71","0","2017","4","",5,79,73,71,1200874,0,0,1243,"",1.75,1.08,1.02,0.99,1.38,0.00,0.00,1.34,"",0,0.0,-1,-1.2,-8,-9.9,-7,-9.0,-27220,-2.2,0,0.0,0,0.0,57,4.8
"16045","2","10","71","0","2017","4","",6,53,54,53,711803,0,0,1027,"",1.80,0.43,0.45,0.45,0.69,0.00,0.00,1.56,"",1,20.0,1,1.9,1,1.9,1,1.9,347334,95.3,0,0.0,0,0.0,491,91.6
"16045","3","10","71","0","2017","4","",20,851,848,843,7450547,30068,638,676,"",2.47,2.26,2.27,2.29,2.74,0.11,0.65,1.20,"",-1,-4.8,35,4.3,23,2.8,20,2.4,438194,6.2,7963,36.0,93,17.1,19,2.9
"16045","5","10","71","0","2017","4","",446,2820,2781,2757,22254933,13873521,186935,614,"",0.96,0.87,0.87,0.87,0.82,1.03,1.00,0.94,"",9,2.1,56,2.0,33,1.2,32,1.2,1743552,8.5,1435111,11.5,10468,5.9,39,6.8
"16047","0","10","70","0","2017","4","",556,6212,6053,5978,53798325,26034395,240653,681,"",1.00,1.00,1.00,1.00,1.00,1.00,1.00,1.00,"",11,2.0,-47,-0.8,-128,-2.1,-118,-1.9,1168342,2.2,680575,2.7,-9287,-3.7,26,4.0
"16047","1","10","71","0","2017","4","",9,62,62,65,784568,0,0,958,"",2.70,0.52,0.54,0.56,0.53,0.00,0.00,0.98,"",0,0.0,-4,-6.1,-3,-4.6,-3,-4.4,-28226,-3.5,0,0.0,0,0.0,15,1.6
"16047","2","10","71","0","2017","4","",7,35,33,33,401550,0,0,917,"",1.80,0.18,0.17,0.17,0.23,0.00,0.00,1.32,"",0,0.0,-4,-10.3,-4,-10.8,-3,-8.3,1122,0.3,0,0.0,0,0.0,92,11.2
"16047","3","10","71","0","2017","4","",34,1054,1082,1052,8227939,34274,251,596,"",3.60,1.71,1.80,1.78,1.78,0.07,0.20,1.01,"",0,0.0,-6,-0.6,8,0.7,-8,-0.8,428845,5.5,-788,-2.2,-21,-7.7,33,5.9
"16047","5","10","71","0","2017","4","",506,5061,4876,4828,44384268,26000121,240402,694,"",0.94,0.96,0.95,0.95,0.97,1.03,1.01,1.01,"",11,2.2,-33,-0.6,-129,-2.6,-104,-2.1,766601,1.8,681363,2.7,-9266,-3.7,24,3.6
"16049","0","10","70","0","2017","4","",558,4313,4168,4064,37884182,12335759,164014,697,"",1.00,1.00,1.00,1.00,1.00,1.00,1.00,1.00,"",-4,-0.7,-3,-0.1,-69,-1.6,11,0.3,965491,2.6,524590,4.4,-4018,-2.4,21,3.1
"16049","1","10","71","0","2017","4","",18,347,247,222,3715728,0,0,1051,"",5.38,4.18,3.10,2.84,3.57,0.00,0.00,1.05,"",0,0.0,-26,-7.0,-36,-12.7,-3,-1.3,-53995,-1.4,0,0.0,0,0.0,64,6.5
"16049","2","10","71","0","2017","4","",8,134,133,133,2029054,0,0,1171,"",2.05,0.97,1.00,1.03,1.64,0.00,0.00,1.65,"",0,0.0,0,0.0,0,0.0,-1,-0.7,-477549,-19.1,0,0.0,0,0.0,-272,-18.8
"16049","3","10","71","0","2017","4","",38,770,770,791,6228986,54499,665,617,"",4.01,1.80,1.86,1.97,1.91,0.22,0.77,1.02,"",0,0.0,18,2.4,14,1.9,8,1.0,165307,2.7,-15244,-21.9,-91,-12.0,6,1.0
"16049","5","10","71","0","2017","4","",494,3062,3018,2918,25910414,12281260,163349,665,"",0.91,0.84,0.85,0.84,0.80,1.03,1.00,0.95,"",-4,-0.8,5,0.2,-47,-1.5,7,0.2,1331728,5.4,539834,4.6,-3927,-2.3,37,5.9
"16051","0","10","70","0","2017","4","",699,6750,6585,6524,58146365,27757501,312308,676,"",1.00,1.00,1.00,1.00,1.00,1.00,1.00,1.00,"",43,6.6,183,2.8,176,2.7,148,2.3,5304721,10.0,1450259,5.5,-14664,-4.5,46,7.3
"16051","1","10","71","0","2017","4","",11,48,50,49,593277,0,0,931,"",2.62,0.37,0.40,0.39,0.37,0.00,0.00,0.96,"",0,0.0,-4,-7.7,-6,-10.7,-7,-12.5,-1682,-0.3,0,0.0,0,0.0,94,11.2
"16051","2","10","71","0","2017","4","",5,120,119,120,1496976,0,0,962,"",1.02,0.55,0.56,0.58,0.79,0.00,0.00,1.40,"",0,0.0,7,6.2,7,6.2,8,7.1,28969,2.0,0,0.0,0,0.0,-43,-4.3
"16051","3","10","71","0","2017","4","",39,1143,1155,1138,6859188,27059,202,461,"",3.28,1.71,1.77,1.76,1.37,0.05,0.12,0.79,"",1,2.6,7,0.6,14,1.2,23,2.1,585283,9.3,-2875,-9.6,-11,-5.2,34,8.0
"16051","5","10","71","0","2017","4","",644,5439,5261,5217,49196924,27730442,312106,713,"",0.95,0.95,0.94,0.94,0.99,1.03,1.01,1.05,"",42,7.0,173,3.3,161,3.2,124,2.4,4692151,10.5,1453134,5.5,-14653,-4.5,49,7.4
"16053","0","10","70","0","2017","4","",705,10440,10295,10091,98911381,50675464,517348,740,"",1.00,1.00,1.00,1.00,1.00,1.00,1.00,1.00,"",14,2.0,344,3.4,391,3.9,317,3.2,7082784,7.7,3269460,6.9,-1556,-0.3,28,3.9
"16053","1","10","71","0","2017","4","",6,47,43,46,520252,0,0,883,"",1.42,0.23,0.22,0.24,0.19,0.00,0.00,0.83,"",0,0.0,6,14.6,-5,-10.4,-2,-4.2,-8495,-1.6,0,0.0,0,0.0,-8,-0.9
"16053","2","10","71","0","2017","4","",8,55,54,52,632927,0,0,907,"",1.62,0.16,0.16,0.16,0.20,0.00,0.00,1.20,"",0,0.0,-1,-1.8,-1,-1.8,0,0.0,-380264,-37.5,0,0.0,0,0.0,-527,-36.8
"16053","3","10","71","0","2017","4","",25,946,946,937,7010035,107827,682,572,"",2.09,0.91,0.93,0.94,0.82,0.11,0.25,0.89,"",0,0.0,5,0.5,4,0.4,0,0.0,325562,4.9,1403,1.3,-217,-24.1,25,4.6
"16053","5","10","71","0","2017","4","",666,9392,9252,9056,90748167,50567637,516666,756,"",0.97,1.06,1.06,1.06,1.07,1.03,1.01,1.02,"",14,2.1,334,3.7,393,4.4,319,3.7,7145981,8.5,3268057,6.9,-1339,-0.3,32,4.4
"16055","0","10","70","0","2017","4","",5362,61306,60365,60264,608954720,236179433,2947018,772,"",1.00,1.00,1.00,1.00,1.00,1.00,1.00,1.00,"",232,4.5,2221,3.8,1867,3.2,2392,4.1,47169500,8.4,21436141,10.0,113415,4.0,33,4.5
"16055","1","10","71","0","2017","4","",29,660,612,613,10559557,0,0,1293,"",0.90,0.56,0.53,0.53,0.63,0.00,0.00,1.17,"",0,0.0,33,5.3,8,1.3,32,5.5,570135,5.7,0,0.0,0,0.0,21,1.7
"16055","2","10","71","0","2017","4","",27,895,882,874,10384143,0,0,904,"",0.72,0.45,0.46,0.45,0.52,0.00,0.00,1.15,"",0,0.0,23,2.6,20,2.3,19,2.2,2547315,32.5,0,0.0,0,0.0,205,29.3
"16055","3","10","71","0","2017","4","",109,9738,9860,9836,113117254,566749,5413,887,"",1.20,1.60,1.64,1.65,2.16,0.12,0.35,1.32,"",0,0.0,127,1.3,231,2.4,245,2.6,5500986,5.1,-117863,-17.2,-1609,-22.9,26,3.0
"16055","5","10","71","0","2017","4","",5197,50013,49011,48941,474893766,235612684,2941605,741,"",1.00,0.96,0.96,0.96,0.91,1.03,1.00,0.95,"",232,4.7,2038,4.2,1608,3.4,2096,4.5,38551064,8.8,21554004,10.1,115024,4.1,33,4.7
"16057","0","10","70","0","2017","4","",1091,13786,13752,13666,130345043,33253782,385626,730,"",1.00,1.00,1.00,1.00,1.00,1.00,1.00,1.00,"",23,2.2,40,0.3,90,0.7,95,0.7,6999078,5.7,1902753,6.1,10590,2.8,35,5.0
"16057","1","10","71","0","2017","4","",21,170,163,164,2416893,0,0,1122,"",3.21,0.64,0.62,0.62,0.67,0.00,0.00,1.07,"",1,5.0,3,1.8,5,3.2,1,0.6,100310,4.3,0,0.0,0,0.0,27,2.5
"16057","2","10","71","0","2017","4","N",14,0,0,0,0,0,0,0,"N",1.83,0,0,0,0,0,0,0,"N",0,0.0,0,0,0,0,0,0,0,0,0,0,0,0,0,0
"16057","3","10","71","0","2017","4","N",44,0,0,0,0,0,0,0,"N",2.37,0,0,0,0,0,0,0,"N",-1,-2.2,0,0,0,0,0,0,0,0,0,0,0,0,0,0
"16057","5","10","71","0","2017","4","",1012,8951,8944,8837,67505535,33146507,384291,583,"",0.96,0.76,0.77,0.76,0.61,1.03,1.00,0.79,"",23,2.3,-22,-0.2,12,0.1,12,0.1,2427292,3.7,1897969,6.1,10595,2.8,21,3.7
"16059","0","10","70","0","2017","4","",392,2461,2393,2337,19499623,6761438,89985,626,"",1.00,1.00,1.00,1.00,1.00,1.00,1.00,1.00,"",-1,-0.3,22,0.9,3,0.1,58,2.5,858316,4.6,183183,2.8,-2294,-2.5,21,3.5
"16059","1","10","71","0","2017","4","",14,235,179,167,2841949,0,0,1129,"",5.95,4.96,3.91,3.71,5.30,0.00,0.00,1.26,"",0,0.0,1,0.4,-25,-12.3,13,8.4,131488,4.9,0,0.0,0,0.0,72,6.8
"16059","2","10","71","0","2017","4","",9,90,88,86,972262,0,0,850,"",3.28,1.14,1.15,1.15,1.53,0.00,0.00,1.33,"",0,0.0,8,9.8,8,10.0,8,10.3,-9948,-1.0,0,0.0,0,0.0,-94,-10.0
"16059","3","10","71","0","2017","4","",23,519,534,524,4592305,21244,160,672,"",3.45,2.13,2.25,2.27,2.74,0.16,0.34,1.24,"",-1,-4.2,19,3.8,18,3.5,13,2.5,246153,5.7,4286,25.3,30,23.1,15,2.3
"16059","5","10","71","0","2017","4","",346,1617,1592,1560,11093107,6740194,89825,537,"",0.91,0.77,0.78,0.79,0.67,1.03,1.00,0.85,"",0,0.0,-6,-0.4,2,0.1,24,1.6,490623,4.6,178897,2.7,-2324,-2.5,22,4.3
"16061","0","10","70","0","2017","4","",217,1586,1619,1606,12860800,5847364,75945,617,"",1.00,1.00,1.00,1.00,1.00,1.00,1.00,1.00,"",9,4.3,2,0.1,29,1.8,40,2.6,244977,1.9,230431,4.1,-2935,-3.7,3,0.5
"16061","1","10","71","0","2017","4","",7,60,61,59,914857,0,0,1173,"",5.38,1.97,1.97,1.91,2.59,0.00,0.00,1.33,"",0,0.0,0,0.0,-2,-3.2,2,3.5,73297,8.7,0,0.0,0,0.0,94,8.7
"16061","2","10","71","0","2017","4","",5,43,39,36,466616,0,0,913,"",3.29,0.84,0.75,0.70,1.11,0.00,0.00,1.45,"",0,0.0,-1,-2.3,-3,-7.1,-2,-5.3,-14104,-2.9,0,0.0,0,0.0,18,2.0
"16061","3","10","71","0","2017","4","",21,310,350,350,2039208,443605,3748,466,"",5.69,1.97,2.18,2.20,1.84,3.83,9.38,0.87,"",0,0.0,-8,-2.5,-1,-0.3,-3,-0.8,-38242,-1.8,18895,4.4,-292,-7.2,-3,-0.6
"16061","5","10","71","0","2017","4","",184,1173,1169,1161,9440119,5403759,72197,622,"",0.87,0.87,0.85,0.85,0.86,0.96,0.96,1.00,"",9,5.1,11,0.9,35,3.1,43,3.8,224026,2.4,211536,4.1,-2643,-3.5,-1,-0.2
"16063","0","10","70","0","2017","4","",161,1666,1628,1638,14599492,6030204,74323,683,"",1.00,1.00,1.00,1.00,1.00,1.00,1.00,1.00,"",5,3.2,114,7.3,125,8.3,125,8.3,1342850,10.1,208190,3.6,-937,-1.2,13,1.9
"16063","1","10","71","0","2017","4","",5,83,73,75,1061259,0,0,1060,"",5.18,2.59,2.34,2.38,2.64,0.00,0.00,1.09,"",0,0.0,7,9.2,2,2.8,9,13.6,132943,14.3,0,0.0,0,0.0,54,5.4
"16063","2","10","71","0","2017","4","N",4,0,0,0,0,0,0,0,"N",3.55,0,0,0,0,0,0,0,"N",-1,-20.0,0,0,0,0,0,0,0,0,0,0,0,0,0,0
"16063","3","10","71","0","2017","4","N",19,0,0,0,0,0,0,0,"N",6.94,0,0,0,0,0,0,0,"N",0,0.0,0,0,0,0,0,0,0,0,0,0,0,0,0,0
"16063","5","10","71","0","2017","4","",133,1199,1172,1182,10492150,5892745,70638,681,"",0.85,0.85,0.85,0.85,0.84,1.01,0.96,0.99,"",6,4.7,96,8.7,108,10.2,109,10.2,1136635,12.1,210612,3.7,-474,-0.7,15,2.3
"16065","0","10","70","0","2017","4","",1028,15745,15671,15577,123633665,46311646,505395,607,"",1.00,1.00,1.00,1.00,1.00,1.00,1.00,1.00,"",29,2.9,53,0.3,615,4.1,791,5.3,8247897,7.1,3003404,6.9,-31,0.0,22,3.8
"16065","1","10","71","0","2017","4","",5,57,55,55,772930,0,0,1068,"",0.81,0.19,0.18,0.18,0.23,0.00,0.00,1.23,"",0,0.0,3,5.6,-2,-3.5,-4,-6.8,61578,8.7,0,0.0,0,0.0,102,10.6
"16065","2","10","71","0","2017","4","",8,48,47,47,597912,0,0,972,"",1.11,0.09,0.09,0.09,0.15,0.00,0.00,1.57,"",0,0.0,-1,-2.0,-2,-4.1,-2,-4.1,-178288,-23.0,0,0.0,0,0.0,-247,-20.3
"16065","3","10","71","0","2017","4","",28,2053,2072,2106,17931772,9965,56,664,"",1.60,1.32,1.33,1.37,1.69,0.01,0.02,1.26,"",0,0.0,45,2.2,79,4.0,24,1.2,1058756,6.3,1255,14.4,5,9.8,24,3.8
"16065","5","10","71","0","2017","4","",987,13587,13497,13369,104331051,46301681,505339,595,"",0.99,1.02,1.01,1.01,0.99,1.03,1.01,0.97,"",29,3.0,6,0.0,540,4.2,773,6.1,7305851,7.5,3002149,6.9,-36,0.0,23,4.0
"16067","0","10","70","0","2017","4","",599,8596,8096,7655,81838391,35362037,404895,776,"",1.00,1.00,1.00,1.00,1.00,1.00,1.00,1.00,"",19,3.3,394,4.8,177,2.2,195,2.6,6524886,8.7,1180254,3.5,-6241,-1.5,39,5.3
"16067","1","10","71","0","2017","4","",8,86,85,84,1263546,0,0,1143,"",2.23,0.52,0.55,0.57,0.56,0.00,0.00,1.03,"",0,0.0,5,6.2,4,4.9,3,3.7,26149,2.1,0,0.0,0,0.0,-32,-2.7
"16067","2","10","71","0","2017","4","",7,33,32,32,309021,0,0,735,"",1.67,0.12,0.12,0.13,0.12,0.00,0.00,0.93,"",0,0.0,1,3.1,1,3.2,1,3.2,-243016,-44.0,0,0.0,0,0.0,-620,-45.8
"16067","3","10","71","0","2017","4","",31,1327,1322,1335,10167924,284564,1798,589,"",3.04,1.56,1.64,1.76,1.44,0.41,0.84,0.88,"",3,10.7,25,1.9,7,0.5,29,2.2,938885,10.2,-35232,-11.0,-354,-16.4,46,8.5
"16067","5","10","71","0","2017","4","",553,7150,6657,6204,70097900,35077473,403097,808,"",0.95,0.98,0.97,0.95,1.00,1.03,1.00,1.04,"",16,3.0,363,5.3,165,2.5,162,2.7,5802868,9.0,1215486,3.6,-5887,-1.4,40,5.2
"16069","0","10","70","0","2017","4","",1248,21488,21398,21307,221043515,79842380,893647,795,"",1.00,1.00,1.00,1.00,1.00,1.00,1.00,1.00,"",10,0.8,-127,-0.6,-361,-1.7,-290,-1.3,1886523,0.9,8263624,11.5,91796,11.4,17,2.2
"16069","1","10","71","0","2017","4","",18,197,197,199,3113133,0,0,1211,"",2.40,0.48,0.48,0.48,0.51,0.00,0.00,1.07,"",0,0.0,2,1.0,6,3.1,4,2.1,160582,5.4,0,0.0,0,0.0,38,3.2
"16069","2","10","71","0","2017","4","",24,1119,1105,1082,13086406,0,0,913,"",2.74,1.62,1.61,1.59,1.81,0.00,0.00,1.13,"",0,0.0,61,5.8,50,4.7,39,3.7,1347035,11.5,0,0.0,0,0.0,55,6.4
"16069","3","10","71","0","2017","4","",36,2580,2605,2604,25878276,3818670,41756,767,"",1.70,1.21,1.23,1.23,1.36,2.42,8.88,1.11,"",-1,-2.7,-6,-0.2,-18,-0.7,4,0.2,425664,1.7,46957,1.2,-2955,-6.6,15,2.0
"16069","5","10","71","0","2017","4","",1170,17592,17491,17422,178965700,76023710,851891,787,"",0.97,0.96,0.96,0.96,0.95,0.98,0.96,0.98,"",11,0.9,-184,-1.0,-399,-2.2,-337,-1.9,-46758,0.0,8216667,12.1,94751,12.5,14,1.8
"16071","0","10","70","0","2017","4","",139,1237,1212,1205,8282613,3211816,34829,523,"",1.00,1.00,1.00,1.00,1.00,1.00,1.00,1.00,"",6,4.5,19,1.6,-1,-0.1,1,0.1,260984,3.3,40993,1.3,-2058,-5.6,14,2.8
"16071","1","10","71","0","2017","4","",4,16,20,16,188835,0,0,838,"",4.80,0.67,0.86,0.69,0.83,0.00,0.00,1.12,"",0,0.0,-2,-11.1,-2,-9.1,-2,-11.1,2477,1.3,0,0.0,0,0.0,97,13.1
"16071","2","10","71","0","2017","4","N",2,0,0,0,0,0,0,0,"N",2.05,0,0,0,0,0,0,0,"N",0,0.0,0,0,0,0,0,0,0,0,0,0,0,0,0,0
"16071","3","10","71","0","2017","4","N",11,0,0,0,0,0,0,0,"N",4.66,0,0,0,0,0,0,0,"N",0,0.0,0,0,0,0,0,0,0,0,0,0,0,0,0,0
"16071","5","10","71","0","2017","4","",122,792,762,761,5342122,3187276,34177,533,"",0.90,0.75,0.74,0.74,0.76,1.03,0.99,1.01,"",6,5.2,0,0.0,-25,-3.2,-18,-2.3,144085,2.8,26810,0.8,-2563,-7.0,24,4.7
"16073","0","10","70","0","2017","4","",292,3171,2813,2698,26663898,11477832,138008,709,"",1.00,1.00,1.00,1.00,1.00,1.00,1.00,1.00,"",0,0.0,49,1.6,-91,-3.1,-31,-1.1,671354,2.6,406162,3.7,39,0.0,24,3.5
"16073","1","10","71","0","2017","4","",8,49,45,44,557787,0,0,933,"",4.57,0.80,0.84,0.85,0.76,0.00,0.00,0.92,"",-1,-11.1,3,6.5,1,2.3,1,2.3,-52784,-8.6,0,0.0,0,0.0,-126,-11.9
"16073","2","10","71","0","2017","4","",5,27,27,27,205678,0,0,586,"",2.44,0.27,0.30,0.31,0.24,0.00,0.00,0.81,"",0,0.0,-10,-27.0,-8,-22.9,-6,-18.2,-157657,-43.4,0,0.0,0,0.0,-213,-26.7
"16073","3","10","71","0","2017","4","",34,623,625,625,4147836,167459,1603,511,"",6.85,1.98,2.24,2.34,1.81,0.74,2.21,0.83,"",0,0.0,5,0.8,12,2.0,13,2.1,197007,5.0,19700,13.3,29,1.8,16,3.2
"16073","5","10","71","0","2017","4","",245,2472,2116,2002,21752597,11310373,136405,762,"",0.86,0.92,0.89,0.87,0.96,1.02,0.99,1.07,"",1,0.4,51,2.1,-96,-4.3,-39,-1.9,684788,3.3,386462,3.5,10,0.0,34,4.7
"16075","0","10","70","0","2017","4","",616,6479,6391,6428,58762370,25757438,348171,703,"",1.00,1.00,1.00,1.00,1.00,1.00,1.00,1.00,"",21,3.5,176,2.8,183,2.9,254,4.1,3075933,5.5,625295,2.5,-15361,-4.2,15,2.2
"16075","1","10","71","0","2017","4","",4,33,32,30,394804,0,0,959,"",1.08,0.26,0.26,0.24,0.24,0.00,0.00,0.95,"",0,0.0,2,6.5,0,0.0,-2,-6.2,19414,5.2,0,0.0,0,0.0,47,5.2
"16075","2","10","71","0","2017","4","",10,46,46,46,651862,0,0,1090,"",2.32,0.22,0.22,0.22,0.34,0.00,0.00,1.52,"",0,0.0,-6,-11.5,-6,-11.5,-6,-11.5,-514091,-44.1,0,0.0,0,0.0,-635,-36.8
"16075","3","10","71","0","2017","4","",28,1017,1002,1073,6982885,43782,678,521,"",2.67,1.58,1.58,1.69,1.38,0.09,0.37,0.85,"",-2,-6.7,26,2.6,-6,-0.6,29,2.8,230878,3.4,-13074,-23.0,-117,-14.7,9,1.8
"16075","5","10","71","0","2017","4","",574,5383,5311,5279,50732819,25713656,347493,733,"",0.96,0.98,0.98,0.97,1.01,1.03,1.00,1.04,"",23,4.2,154,2.9,195,3.8,233,4.6,3339732,7.0,638369,2.5,-15244,-4.2,22,3.1
"16077","0","10","70","0","2017","4","",243,3671,3234,3055,35564977,13947344,171151,824,"",1.00,1.00,1.00,1.00,1.00,1.00,1.00,1.00,"",6,2.5,-13,-0.4,-32,-1.0,-43,-1.4,-248346,-0.7,-464363,-3.2,-12110,-6.6,1,0.1
"16077","1","10","71","0","2017","4","",6,21,22,19,222041,0,0,826,"",4.12,0.30,0.36,0.32,0.23,0.00,0.00,0.70,"",0,0.0,-1,-4.5,0,0.0,-7,-26.9,-26136,-10.5,0,0.0,0,0.0,8,1.0
"16077","2","10","71","0","2017","4","",5,27,26,26,331267,0,0,968,"",2.94,0.23,0.25,0.27,0.29,0.00,0.00,1.15,"",0,0.0,0,0.0,1,4.0,1,4.0,-27240,-7.6,0,0.0,0,0.0,-106,-9.9
"16077","3","10","71","0","2017","4","",25,592,591,594,4618505,224534,1835,600,"",6.05,1.63,1.84,1.96,1.51,0.81,2.04,0.84,"",0,0.0,12,2.1,20,3.5,18,3.1,136214,3.0,-5129,-2.2,107,6.2,1,0.2
"16077","5","10","71","0","2017","4","",207,3031,2595,2416,30393164,13722810,169316,872,"",0.88,0.97,0.94,0.93,1.00,1.02,1.00,1.05,"",6,3.0,-24,-0.8,-53,-2.0,-55,-2.2,-331184,-1.1,-459234,-3.2,-12217,-6.7,5,0.6
"16079","0","10","70","0","2017","4","",411,4248,4334,4350,41572100,14756422,203166,742,"",1.00,1.00,1.00,1.00,1.00,1.00,1.00,1.00,"",-4,-1.0,-304,-6.7,-215,-4.7,-306,-6.6,-6001995,-12.6,268107,1.9,5190,2.6,-56,-7.0
"16079","1","10","71","0","2017","4","",12,71,48,41,639247,0,0,922,"",4.87,0.87,0.58,0.49,0.56,0.00,0.00,0.87,"",0,0.0,-9,-11.2,-14,-22.6,-3,-6.8,-79759,-11.1,0,0.0,0,0.0,30,3.4
"16079","2","10","71","0","2017","4","",14,76,75,75,1290792,0,0,1318,"",4.86,0.56,0.54,0.54,0.95,0.00,0.00,1.74,"",0,0.0,-11,-12.6,-11,-12.8,-12,-13.8,-252356,-16.4,0,0.0,0,0.0,-52,-3.8
"16079","3","10","71","0","2017","4","",32,696,706,714,5765400,109920,485,629,"",4.58,1.65,1.64,1.66,1.61,0.38,0.45,0.98,"",0,0.0,4,0.6,10,1.4,5,0.7,319849,5.9,-12938,-10.5,-94,-16.2,30,5.0
"16079","5","10","71","0","2017","4","",353,3405,3505,3520,33876661,14646502,202681,750,"",0.89,0.94,0.95,0.95,0.95,1.03,1.00,1.01,"",-4,-1.1,-288,-7.8,-200,-5.4,-296,-7.8,-5989729,-15.0,281045,2.0,5284,2.7,-70,-8.5
"16081","0","10","70","0","2017","4","",536,3321,3040,2989,28590724,12021806,147404,706,"",1.00,1.00,1.00,1.00,1.00,1.00,1.00,1.00,"",38,7.6,177,5.6,139,4.8,196,7.0,3078242,12.1,1467610,13.9,4530,3.2,40,6.0
"16081","1","10","71","0","2017","4","",8,46,39,35,559664,0,0,1076,"",2.49,0.72,0.67,0.61,0.71,0.00,0.00,1.07,"",0,0.0,0,0.0,-1,-2.5,-2,-5.4,68331,13.9,0,0.0,0,0.0,154,16.7
"16081","2","10","71","0","2017","4","",4,12,12,12,122439,0,0,785,"",1.07,0.11,0.12,0.13,0.13,0.00,0.00,1.09,"",0,0.0,-4,-25.0,-4,-25.0,-3,-20.0,27341,28.8,0,0.0,0,0.0,318,68.1
"16081","3","10","71","0","2017","4","",21,430,421,448,3988497,10330,41,709,"",2.31,1.31,1.39,1.51,1.62,0.04,0.05,1.16,"",0,0.0,3,0.7,-3,-0.7,7,1.6,315726,8.6,-4057,-28.2,-20,-32.8,53,8.1
"16081","5","10","71","0","2017","4","",503,2833,2568,2494,23920124,12011476,147363,699,"",0.97,1.00,0.99,0.98,0.98,1.03,1.01,0.98,"",38,8.2,178,6.7,147,6.1,194,8.4,2666844,12.5,1471667,14.0,4550,3.2,34,5.1
"16083","0","10","70","0","2017","4","",2931,39559,39442,39033,354811037,150679473,1769315,694,"",1.00,1.00,1.00,1.00,1.00,1.00,1.00,1.00,"",25,0.9,1232,3.2,1462,3.8,1420,3.8,23632727,7.1,5636426,3.9,-26720,-1.5,23,3.4
"16083","1","10","71","0","2017","4","",22,387,360,365,5626808,0,0,1168,"",1.25,0.51,0.48,0.49,0.58,0.00,0.00,1.18,"",0,0.0,8,2.1,4,1.1,16,4.6,248716,4.6,0,0.0,0,0.0,23,2.0
"16083","2","10","71","0","2017","4","",21,452,450,447,5115195,0,0,875,"",1.02,0.36,0.36,0.36,0.44,0.00,0.00,1.24,"",0,0.0,16,3.7,20,4.7,19,4.4,1929708,60.6,0,0.0,0,0.0,307,54.0
"16083","3","10","71","0","2017","4","",67,4471,4477,4319,33968985,365652,2167,591,"",1.34,1.14,1.14,1.12,1.11,0.12,0.23,0.98,"",1,1.5,276,6.6,280,6.7,235,5.8,2308777,7.3,-30535,-7.7,-245,-10.2,5,0.9
"16083","5","10","71","0","2017","4","",2821,34249,34155,33902,310100049,150313821,1767148,699,"",0.99,1.02,1.02,1.02,1.02,1.03,1.01,1.00,"",24,0.9,932,2.8,1158,3.5,1150,3.5,19145526,6.6,5666961,3.9,-26475,-1.5,21,3.1
"16085","0","10","70","0","2017","4","",645,4366,4145,4368,39205146,14316622,210939,702,"",1.00,1.00,1.00,1.00,1.00,1.00,1.00,1.00,"",26,4.2,111,2.6,23,0.6,57,1.3,1047184,2.7,700729,5.1,-8673,-3.9,8,1.2
"16085","1","10","71","0","2017","4","",9,274,189,184,3305110,0,0,1179,"",2.33,3.26,2.38,2.19,3.07,0.00,0.00,1.17,"",0,0.0,-5,-1.8,-33,-14.9,6,3.4,-69679,-2.1,0,0.0,0,0.0,32,2.8
"16085","2","10","71","0","2017","4","",9,92,83,81,908977,0,0,819,"",1.99,0.66,0.63,0.58,0.71,0.00,0.00,1.14,"",0,0.0,8,9.5,4,5.1,4,5.2,-72017,-7.3,0,0.0,0,0.0,-124,-13.1
"16085","3","10","71","0","2017","4","",24,624,604,610,5696240,122871,1796,715,"",2.19,1.44,1.47,1.41,1.69,0.43,1.62,1.17,"",1,4.3,-16,-2.5,-20,-3.2,-21,-3.3,135418,2.4,28667,30.4,178,11.0,38,5.6
"16085","5","10","71","0","2017","4","",603,3376,3269,3493,29294819,14193751,209143,667,"",0.96,0.91,0.93,0.94,0.88,1.02,1.00,0.95,"",25,4.3,124,3.8,72,2.3,68,2.0,1053462,3.7,672062,5.0,-8851,-4.1,7,1.1
"16087","0","10","70","0","2017","4","",289,2854,2837,2791,23609025,10313521,148607,642,"",1.00,1.00,1.00,1.00,1.00,1.00,1.00,1.00,"",-2,-0.7,2,0.1,60,2.2,91,3.4,2237163,10.5,918052,9.8,7963,5.7,50,8.4
"16087","1","10","71","0","2017","4","",6,54,44,46,640811,0,0,1027,"",3.46,0.98,0.81,0.86,0.99,0.00,0.00,1.12,"",0,0.0,2,3.8,-2,-4.3,-1,-2.1,3750,0.6,0,0.0,0,0.0,13,1.3
"16087","2","10","71","0","2017","4","",6,11,11,10,183663,0,0,1324,"",2.96,0.12,0.12,0.11,0.24,0.00,0.00,2.02,"",0,0.0,-2,-15.4,-2,-15.4,-2,-16.7,12635,7.4,0,0.0,0,0.0,285,27.4
"16087","3","10","71","0","2017","4","",24,704,722,696,5404827,55747,414,588,"",4.89,2.49,2.56,2.52,2.66,0.27,0.53,1.06,"",0,0.0,6,0.9,34,4.9,22,3.3,345260,6.8,5515,11.0,41,11.0,21,3.7
"16087","5","10","71","0","2017","4","",253,2085,2060,2039,17379724,10257774,148193,649,"",0.90,0.86,0.85,0.86,0.86,1.03,1.00,1.01,"",-2,-0.8,-4,-0.2,30,1.5,72,3.7,1875518,12.1,912537,9.8,7922,5.6,61,10.4
"16999","0","10","70","0","2017","4","",6274,10106,10231,10200,195128569,60122279,796306,1475,"",1.00,1.00,1.00,1.00,1.00,1.00,1.00,1.00,"",56,0.9,-442,-4.2,-499,-4.7,-345,-3.3,17389339,9.8,4973622,9.0,31252,4.1,186,14.4
"16999","1","10","71","0","2017","4","",33,167,156,158,2982903,0,0,1431,"",0.88,0.86,0.80,0.80,0.56,0.00,0.00,0.68,"",2,6.5,24,16.8,19,13.9,12,8.2,441100,17.4,0,0.0,0,0.0,54,3.9
"16999","2","10","71","0","2017","4","N",3,0,0,0,0,0,0,0,"N",0.07,0,0,0,0,0,0,0,"N",0,0.0,0,0,0,0,0,0,0,0,0,0,0,0,0,0
"16999","3","10","71","0","2017","4","N",6,0,0,0,0,0,0,0,"N",0.06,0,0,0,0,0,0,0,"N",1,20.0,0,0,0,0,0,0,0,0,0,0,0,0,0,0
"16999","5","10","71","0","2017","4","",6232,9854,9984,9958,191923861,60122279,796306,1486,"",1.02,1.15,1.15,1.15,1.15,1.03,1.01,1.00,"",53,0.9,-490,-4.7,-529,-5.0,-353,-3.4,16918917,9.7,4973622,9.0,31252,4.1,190,14.7
"17000","0","10","50","0","2017","4","",367672,5998122,6014886,6007090,89847629631,6486473723,182056863,1151,"",1.00,1.00,1.00,1.00,1.00,1.00,1.00,1.00,"",-35107,-8.7,36605,0.6,43203,0.7,53183,0.9,2905972847,3.3,285517345,4.6,-6404663,-3.4,29,2.6
"17000","1","10","51","0","2017","4","",2090,79766,79932,81032,1579065502,0,0,1514,"",0.95,0.69,0.69,0.70,0.64,0.00,0.00,0.92,"",-108,-4.9,-271,-0.3,-416,-0.5,-1184,-1.4,26799987,1.7,0,0.0,0,0.0,37,2.5
"17000","2","10","51","0","2017","4","",143,113620,114579,113743,1900708600,0,0,1283,"",0.06,0.59,0.59,0.59,0.65,0.00,0.00,1.09,"",7,5.1,1692,1.5,1678,1.5,1918,1.7,54685084,3.0,-5825,-100.0,-32,-100.0,18,1.4
"17000","3","10","51","0","2017","4","",6635,596467,596973,597916,7433420637,65679180,1092480,958,"",1.06,1.00,1.00,1.01,0.96,0.51,1.14,0.96,"",-191,-2.8,-1134,-0.2,-1142,-0.2,-6435,-1.1,33346918,0.5,-7279812,-10.0,-247301,-18.5,9,0.9
"17000","5","10","51","0","2017","4","",358804,5208269,5223402,5214399,78934434892,6420794543,180964383,1164,"",1.01,1.02,1.02,1.02,1.03,1.02,1.00,1.01,"",-34815,-8.8,36318,0.7,43083,0.8,58884,1.1,2791140858,3.7,292802982,4.8,-6157330,-3.3,31,2.7
"17000","8","10","96","0","2017","4","",8868,789853,791484,792691,10913194739,65679180,1092480,1061,"",0.80,0.88,0.87,0.88,0.83,0.31,0.91,0.95,"",-292,-3.2,287,0.0,120,0.0,-5701,-0.7,114831989,1.1,-7285637,-10.0,-247333,-18.5,14,1.3
"17001","0","10","70","0","2017","4","",1743,33117,33170,33447,357280885,30368011,701125,827,"",1.00,1.00,1.00,1.00,1.00,1.00,1.00,1.00,"",-86,-4.7,525,1.6,664,2.0,809,2.5,9443628,2.7,1041695,3.6,18271,2.7,6,0.7
"17001","1","10","71","0","2017","4","",25,231,231,231,3430556,0,0,1142,"",2.39,0.36,0.36,0.36,0.35,0.00,0.00,0.97,"",-1,-3.8,0,0.0,-5,-2.1,-2,-0.9,48128,1.4,0,0.0,0,0.0,27,2.4
"17001","2","10","71","0","2017","4","N",1,0,0,0,0,0,0,0,"N",0.08,0,0,0,0,0,0,0,"N",0,0.0,0,0,0,0,0,0,0,0,0,0,0,0,0,0
"17001","3","10","71","0","2017","4","N",61,0,0,0,0,0,0,0,"N",2.06,0,0,0,0,0,0,0,"N",-1,-1.6,0,0,0,0,0,0,0,0,0,0,0,0,0,0
"17001","5","10","71","0","2017","4","",1656,29190,29241,29552,318816348,29448686,683796,836,"",0.98,1.04,1.04,1.04,1.05,1.00,0.98,1.01,"",-84,-4.8,580,2.0,645,2.3,808,2.8,8696908,2.8,1033266,3.6,19585,2.9,3,0.4
"17003","0","10","70","0","2017","4","",100,1198,1184,1177,11009395,1774367,40178,714,"",1.00,1.00,1.00,1.00,1.00,1.00,1.00,1.00,"",-7,-6.5,6,0.5,1,0.1,-7,-0.6,327435,3.1,611701,52.6,12642,45.9,21,3.0
"17003","1","10","71","0","2017","4","",6,24,24,23,319799,0,0,1039,"",10.00,1.04,1.06,1.01,1.06,0.00,0.00,1.02,"",-1,-14.3,0,0.0,1,4.3,-2,-8.0,1337,0.4,0,0.0,0,0.0,18,1.8
"17003","3","10","71","0","2017","4","",14,252,260,259,2155039,197569,5062,645,"",8.24,2.12,2.21,2.22,2.28,5.62,23.94,1.04,"",0,0.0,-8,-3.1,3,1.2,7,2.8,105909,5.2,78909,66.5,1315,35.1,30,4.9
"17003","5","10","71","0","2017","4","",80,922,900,895,8534557,1576798,35116,725,"",0.82,0.91,0.89,0.89,0.91,0.92,0.88,1.01,"",-6,-7.0,14,1.5,-3,-0.3,-12,-1.3,220189,2.6,532792,51.0,11327,47.6,19,2.7
"17005","0","10","70","0","2017","4","",310,4822,4867,4827,47520638,3534853,84471,755,"",1.00,1.00,1.00,1.00,1.00,1.00,1.00,1.00,"",-8,-2.5,66,1.4,95,2.0,139,3.0,1206525,2.6,392141,12.5,8673,11.4,3,0.4
"17005","1","10","71","0","2017","4","",9,302,298,300,5257555,0,0,1348,"",4.84,3.25,3.20,3.23,4.03,0.00,0.00,1.25,"",-1,-10.0,-23,-7.1,-27,-8.3,-23,-7.1,149989,2.9,0,0.0,0,0.0,137,11.3
"17005","3","10","71","0","2017","4","",22,669,707,676,5469185,171082,1553,615,"",4.18,1.40,1.46,1.42,1.34,2.44,3.49,0.94,"",-1,-4.3,24,3.7,13,1.9,14,2.1,225455,4.3,6899,4.2,-539,-25.8,10,1.7
"17005","5","10","71","0","2017","4","",279,3851,3862,3851,36793898,3363771,82918,734,"",0.93,0.94,0.93,0.94,0.91,0.98,0.99,0.97,"",-6,-2.1,65,1.7,109,2.9,148,4.0,831081,2.3,385242,12.9,9212,12.5,-4,-0.5
"17007","0","10","70","0","2017","4","",831,18262,18134,18485,238206558,20128259,699764,1002,"",1.00,1.00,1.00,1.00,1.00,1.00,1.00,1.00,"",-82,-9.0,634,3.6,886,5.1,1318,7.7,32684767,15.9,6477353,47.4,242933,53.2,91,10.0
"17007","1","10","71","0","2017","4","",6,63,63,61,982602,0,0,1213,"",1.20,0.18,0.18,0.17,0.15,0.00,0.00,0.85,"",-1,-14.3,2,3.3,-4,-6.0,-5,-7.6,40707,4.3,0,0.0,0,0.0,93,8.3
"17007","3","10","71","0","2017","4","",32,2062,2027,2149,22221896,289226,2804,822,"",2.27,1.14,1.13,1.17,1.08,0.73,0.76,0.95,"",-2,-5.9,54,2.7,10,0.5,77,3.7,816723,3.8,9438,3.4,-1377,-32.9,12,1.5
"17007","5","10","71","0","2017","4","",793,16137,16044,16275,215002060,19839033,696960,1024,"",0.98,1.04,1.04,1.04,1.06,1.02,1.00,1.02,"",-79,-9.1,578,3.7,880,5.8,1246,8.3,31827337,17.4,6467915,48.4,244310,54.0,100,10.8
"17009","0","10","70","0","2017","4","",117,4192,4136,4148,46329809,2821287,49231,857,"",1.00,1.00,1.00,1.00,1.00,1.00,1.00,1.00,"",-18,-13.3,160,4.0,45,1.1,2,0.0,2608197,6.0,-133489,-4.5,-7629,-13.4,35,4.3
"17009","1","10","71","0","2017","4","",6,43,44,44,593204,0,0,1045,"",8.55,0.53,0.56,0.55,0.47,0.00,0.00,0.85,"",-1,-14.3,-1,-2.3,-5,-10.2,-5,-10.2,8266,1.4,0,0.0,0,0.0,94,9.9
"17009","2","10","71","0","2017","4","N",1,0,0,0,0,0,0,0,"N",1.22,0,0,0,0,0,0,0,"N",0,0.0,0,0,0,0,0,0,0,0,0,0,0,0,0,0
"17009","3","10","71","0","2017","4","N",15,0,0,0,0,0,0,0,"N",7.54,0,0,0,0,0,0,0,"N",0,0.0,0,0,0,0,0,0,0,0,0,0,0,0,0,0
"17009","5","10","71","0","2017","4","",95,3478,3460,3457,37563279,2747403,48737,834,"",0.84,0.98,0.98,0.98,0.95,1.01,1.00,0.97,"",-17,-15.2,124,3.7,77,2.3,5,0.1,2248803,6.4,-156460,-5.4,-7845,-13.9,34,4.2
"17011","0","10","70","0","2017","4","",783,11735,11635,11437,120327379,11740047,292947,798,"",1.00,1.00,1.00,1.00,1.00,1.00,1.00,1.00,"",-72,-8.4,270,2.4,141,1.2,176,1.6,3312634,2.8,-1484714,-11.2,-89218,-23.3,9,1.1
"17011","1","10","71","0","2017","4","",28,113,115,110,1740911,0,0,1189,"",5.96,0.50,0.52,0.50,0.53,0.00,0.00,1.04,"",-2,-6.7,8,7.6,7,6.5,-1,-0.9,27611,1.6,0,0.0,0,0.0,-31,-2.5
"17011","3","10","71","0","2017","4","",81,2116,2093,2113,18825965,572974,6943,687,"",6.09,1.82,1.81,1.87,1.82,2.47,4.50,0.99,"",-7,-8.0,90,4.4,38,1.8,89,4.4,594538,3.3,-143263,-20.0,-1532,-18.1,-2,-0.3
"17011","5","10","71","0","2017","4","",674,9506,9427,9214,99760503,11167073,286004,818,"",0.89,0.95,0.95,0.95,0.97,0.98,0.98,1.02,"",-63,-8.5,172,1.8,96,1.0,88,1.0,2690485,2.8,-1341451,-10.7,-87686,-23.5,12,1.5
"17013","0","10","70","0","2017","4","",101,794,786,774,5218621,748930,17653,512,"",1.00,1.00,1.00,1.00,1.00,1.00,1.00,1.00,"",-6,-5.6,13,1.7,7,0.9,9,1.2,126384,2.5,65937,9.7,4395,33.1,7,1.4
"17013","1","10","71","0","2017","4","",8,22,21,21,297542,0,0,1073,"",13.21,1.44,1.40,1.41,2.07,0.00,0.00,1.47,"",-1,-11.1,3,15.8,0,0.0,-1,-4.5,16089,5.7,0,0.0,0,0.0,25,2.4
"17013","3","10","71","0","2017","4","",11,223,224,228,1493470,48361,711,511,"",6.41,2.83,2.87,2.98,3.33,3.26,7.65,1.15,"",0,0.0,4,1.8,8,3.7,11,5.1,73051,5.1,-785,-1.6,18,2.6,8,1.6
"17013","5","10","71","0","2017","4","",82,549,541,525,3427609,700569,16942,490,"",0.84,0.81,0.81,0.80,0.77,0.97,0.97,0.95,"",-5,-5.7,6,1.1,-1,-0.2,-1,-0.2,37244,1.1,66722,10.5,4377,34.8,4,0.8
"17015","0","10","70","0","2017","4","",411,3899,3843,3795,35319455,3483503,79263,706,"",1.00,1.00,1.00,1.00,1.00,1.00,1.00,1.00,"",-36,-8.1,-44,-1.1,-18,-0.5,-46,-1.2,855210,2.5,-40183,-1.1,1907,2.5,23,3.4
"17015","1","10","71","0","2017","4","",13,61,57,59,896321,0,0,1169,"",5.27,0.81,0.78,0.81,0.92,0.00,0.00,1.16,"",-1,-7.1,1,1.7,-4,-6.6,-5,-7.8,47535,5.6,0,0.0,0,0.0,110,10.4
"17015","3","10","71","0","2017","4","",41,731,747,717,5345301,175214,3373,562,"",5.87,1.89,1.96,1.91,1.76,2.54,8.09,0.92,"",-1,-2.4,6,0.8,50,7.2,-1,-0.1,95332,1.8,849,0.5,-519,-13.3,-4,-0.7
"17015","5","10","71","0","2017","4","",357,3107,3039,3019,29077833,3308289,75890,732,"",0.90,0.94,0.93,0.94,0.96,0.98,0.96,1.03,"",-34,-8.7,-51,-1.6,-64,-2.1,-40,-1.3,712343,2.5,-41032,-1.2,2426,3.3,30,4.3
"17017","0","10","70","0","2017","4","",279,5508,5460,5424,51707549,5330701,136297,728,"",1.00,1.00,1.00,1.00,1.00,1.00,1.00,1.00,"",-21,-7.0,128,2.4,158,3.0,65,1.2,-266714,-0.5,-231568,-4.2,-26426,-16.2,-20,-2.7
"17017","1","10","71","0","2017","4","",8,52,54,53,787306,0,0,1143,"",4.78,0.49,0.52,0.51,0.55,0.00,0.00,1.10,"",-1,-11.1,-3,-5.5,-1,-1.8,-5,-8.6,21736,2.8,0,0.0,0,0.0,91,8.7
"17017","3","10","71","0","2017","4","",24,770,759,757,5296111,323668,5439,535,"",5.06,1.41,1.40,1.41,1.19,3.07,7.58,0.85,"",-3,-11.1,-2,-0.3,26,3.5,9,1.2,-2966,-0.1,-396481,-55.1,-6987,-56.2,-8,-1.5
"17017","5","10","71","0","2017","4","",247,4686,4647,4614,45624132,5007033,130858,755,"",0.91,1.00,1.00,1.00,1.03,0.97,0.97,1.03,"",-17,-6.4,133,2.9,133,2.9,61,1.3,-285484,-0.6,164913,3.4,-19439,-12.9,-23,-3.0
"17019","0","10","70","0","2017","4","",4049,91372,91558,91040,1107504275,74530001,1826582,933,"",1.00,1.00,1.00,1.00,1.00,1.00,1.00,1.00,"",-264,-6.1,488,0.5,509,0.6,977,1.1,-7195870,-0.6,1008403,1.4,-158801,-8.0,-13,-1.4
"17019","1","10","71","0","2017","4","",46,1233,1255,1273,22833333,0,0,1401,"",1.89,0.70,0.72,0.73,0.75,0.00,0.00,1.05,"",-2,-4.2,-19,-1.5,2,0.2,-6,-0.5,735924,3.3,0,0.0,0,0.0,53,3.9
"17019","2","10","71","0","2017","4","N",2,0,0,0,0,0,0,0,"N",0.07,0,0,0,0,0,0,0,"N",0,0.0,0,0,0,0,0,0,0,0,0,0,0,0,0,0
"17019","3","10","71","0","2017","4","N",125,0,0,0,0,0,0,0,"N",1.82,0,0,0,0,0,0,0,"N",-2,-1.6,0,0,0,0,0,0,0,0,0,0,0,0,0,0
"17019","5","10","71","0","2017","4","",3876,65965,65931,65764,742502790,72645505,1808046,867,"",0.99,0.85,0.85,0.85,0.79,1.01,1.00,0.92,"",-260,-6.3,445,0.7,380,0.6,781,1.2,-20445289,-2.7,1670542,2.4,-131373,-6.8,-31,-3.5
"17021","0","10","70","0","2017","4","",688,10017,10156,10224,94812113,8557103,227698,720,"",1.00,1.00,1.00,1.00,1.00,1.00,1.00,1.00,"",-77,-10.1,-342,-3.3,-198,-1.9,-182,-1.7,2499832,2.7,442527,5.5,-5595,-2.4,35,5.1
"17021","1","10","71","0","2017","4","",13,73,77,72,928509,0,0,965,"",3.15,0.38,0.40,0.37,0.36,0.00,0.00,0.94,"",-1,-7.1,0,0.0,3,4.1,-2,-2.7,-1252,-0.1,0,0.0,0,0.0,-6,-0.6
"17021","2","10","71","0","2017","4","N",1,0,0,0,0,0,0,0,"N",0.21,0,0,0,0,0,0,0,"N",0,0.0,0,0,0,0,0,0,0,0,0,0,0,0,0,0
"17021","3","10","71","0","2017","4","N",51,0,0,0,0,0,0,0,"N",4.36,0,0,0,0,0,0,0,"N",-4,-7.3,0,0,0,0,0,0,0,0,0,0,0,0,0,0
"17021","5","10","71","0","2017","4","",623,8182,8228,8290,76473720,8291616,224568,714,"",0.93,0.96,0.95,0.95,0.94,1.00,0.99,0.99,"",-72,-10.4,-251,-3.0,-178,-2.1,-207,-2.4,2108784,2.8,355800,4.5,-6427,-2.8,37,5.5
"17023","0","10","70","0","2017","4","",318,4562,4554,4627,43593398,4023321,106432,732,"",1.00,1.00,1.00,1.00,1.00,1.00,1.00,1.00,"",-22,-6.5,-236,-4.9,-280,-5.8,-107,-2.3,1617829,3.9,-370201,-8.4,-35294,-24.9,58,8.6
"17023","1","10","71","0","2017","4","",8,51,54,51,624844,0,0,924,"",4.19,0.58,0.62,0.57,0.52,0.00,0.00,0.88,"",-1,-11.1,-2,-3.8,-1,-1.8,-2,-3.8,10763,1.8,0,0.0,0,0.0,44,5.0
"17023","3","10","71","0","2017","4","",28,766,765,766,5870961,161003,2861,590,"",5.18,1.69,1.69,1.67,1.57,2.02,5.11,0.93,"",-1,-3.4,-35,-4.4,-41,-5.1,-25,-3.2,103706,1.8,-23786,-12.9,124,4.5,35,6.3
"17023","5","10","71","0","2017","4","",282,3745,3735,3810,37097593,3862318,103571,758,"",0.91,0.97,0.97,0.97,1.00,0.99,0.98,1.03,"",-20,-6.6,-199,-5.0,-238,-6.0,-80,-2.1,1503360,4.2,-346415,-8.2,-35418,-25.5,62,8.9
"17025","0","10","70","0","2017","4","",369,5410,5410,5410,50689309,5267738,127030,721,"",1.00,1.00,1.00,1.00,1.00,1.00,1.00,1.00,"",-33,-8.2,88,1.7,110,2.1,77,1.4,2808649,5.9,-718840,-12.0,-46894,-27.0,28,4.0
"17025","1","10","71","0","2017","4","",8,40,44,43,501847,0,0,912,"",3.61,0.38,0.42,0.41,0.36,0.00,0.00,0.88,"",-1,-11.1,-3,-7.0,2,4.8,-3,-6.5,-12689,-2.5,0,0.0,0,0.0,6,0.7
"17025","3","10","71","0","2017","4","",22,916,914,922,7859924,371643,6538,659,"",3.51,1.71,1.70,1.72,1.80,3.56,9.78,1.05,"",-5,-18.5,30,3.4,28,3.2,34,3.8,-847576,-9.7,-77920,-17.3,-2591,-28.4,-96,-12.7
"17025","5","10","71","0","2017","4","",339,4454,4452,4445,42327538,4896095,120492,732,"",0.95,0.97,0.97,0.97,0.98,0.96,0.95,1.01,"",-27,-7.4,61,1.4,80,1.8,46,1.0,3668914,9.5,-640920,-11.6,-44303,-26.9,54,8.0
"17027","0","10","70","0","2017","4","",880,12387,12351,12419,123669981,12401433,282548,768,"",1.00,1.00,1.00,1.00,1.00,1.00,1.00,1.00,"",-19,-2.1,105,0.9,177,1.5,305,2.5,9434253,8.3,414100,3.5,-23088,-7.6,47,6.5
"17027","1","10","71","0","2017","4","",16,97,97,97,1281837,0,0,1017,"",3.03,0.41,0.41,0.41,0.38,0.00,0.00,0.93,"",-1,-5.9,0,0.0,1,1.0,-7,-6.7,24693,2.0,0,0.0,0,0.0,40,4.1
"17027","2","10","71","0","2017","4","N",2,0,0,0,0,0,0,0,"N",0.32,0,0,0,0,0,0,0,"N",0,0.0,0,0,0,0,0,0,0,0,0,0,0,0,0,0
"17027","3","10","71","0","2017","4","N",51,0,0,0,0,0,0,0,"N",3.41,0,0,0,0,0,0,0,"N",0,0.0,0,0,0,0,0,0,0,0,0,0,0,0,0,0
"17027","5","10","71","0","2017","4","",811,9702,9627,9652,93362534,11944761,278395,743,"",0.95,0.92,0.92,0.91,0.88,1.00,0.99,0.96,"",-18,-2.2,96,1.0,124,1.3,247,2.6,7996967,9.4,384651,3.3,-22330,-7.4,52,7.5
"17029","0","10","70","0","2017","4","",1075,24488,24702,24677,230351016,31078300,716202,720,"",1.00,1.00,1.00,1.00,1.00,1.00,1.00,1.00,"",-114,-9.6,398,1.7,437,1.8,477,2.0,8090504,3.6,3261684,11.7,-12420,-1.7,13,1.8
"17029","1","10","71","0","2017","4","",12,139,141,146,2054776,0,0,1113,"",1.86,0.29,0.30,0.31,0.32,0.00,0.00,1.08,"",-1,-7.7,-4,-2.8,-6,-4.1,2,1.4,-11998,-0.6,0,0.0,0,0.0,14,1.3
"17029","2","10","71","0","2017","4","N",1,0,0,0,0,0,0,0,"N",0.13,0,0,0,0,0,0,0,"N",0,0.0,0,0,0,0,0,0,0,0,0,0,0,0,0,0
"17029","3","10","71","0","2017","4","N",34,0,0,0,0,0,0,0,"N",1.86,0,0,0,0,0,0,0,"N",-3,-8.1,0,0,0,0,0,0,0,0,0,0,0,0,0,0
"17029","5","10","71","0","2017","4","",1028,20491,20653,20586,190225219,30259879,708673,711,"",0.99,0.98,0.98,0.98,0.97,1.01,1.00,0.98,"",-110,-9.7,410,2.0,417,2.1,340,1.7,8510804,4.7,3299359,12.2,-11809,-1.6,19,2.7
"17031","0","10","70","0","2017","4","",138678,2594441,2604146,2606439,43424648408,2805177059,78091609,1284,"",1.00,1.00,1.00,1.00,1.00,1.00,1.00,1.00,"",-13446,-8.8,12856,0.5,14373,0.6,15018,0.6,1412283072,3.4,113391558,4.2,-3409348,-4.2,35,2.8
"17031","1","10","71","0","2017","4","",281,37991,38129,38932,816077960,0,0,1637,"",0.34,0.76,0.77,0.78,0.68,0.00,0.00,0.89,"",-6,-2.1,-183,-0.5,-174,-0.5,-403,-1.0,15538025,1.9,0,0.0,0,0.0,42,2.6
"17031","2","10","71","0","2017","4","",12,19884,20635,20320,372298582,0,0,1412,"",0.01,0.24,0.25,0.24,0.26,0.00,0.00,1.08,"",0,0.0,209,1.1,208,1.0,251,1.3,11822141,3.3,0,0.0,0,0.0,29,2.1
"17031","3","10","71","0","2017","4","",989,232794,233410,234192,3454143491,9426093,229538,1138,"",0.42,0.91,0.90,0.91,0.93,0.17,0.56,1.02,"",-15,-1.5,-1955,-0.8,-2056,-0.9,-7776,-3.2,-28861873,-0.8,-1129326,-10.7,-74121,-24.4,9,0.8
"17031","5","10","71","0","2017","4","",137396,2303772,2311972,2312995,38782128375,2795750966,77862071,1292,"",1.02,1.05,1.05,1.04,1.05,1.03,1.00,1.00,"",-13425,-8.9,14785,0.6,16395,0.7,22946,1.0,1413784779,3.8,114520884,4.3,-3335227,-4.1,38,3.0
"17033","0","10","70","0","2017","4","",412,7204,7144,6992,86549062,6700983,219290,936,"",1.00,1.00,1.00,1.00,1.00,1.00,1.00,1.00,"",-32,-7.2,199,2.8,105,1.5,-2,0.0,8223841,10.5,781809,13.2,30352,16.1,77,9.0
"17033","1","10","71","0","2017","4","",10,53,53,51,637879,0,0,938,"",4.05,0.38,0.39,0.38,0.27,0.00,0.00,0.70,"",0,0.0,2,3.9,0,0.0,-7,-12.1,69898,12.3,0,0.0,0,0.0,129,15.9
"17033","2","10","71","0","2017","4","N",1,0,0,0,0,0,0,0,"N",0.35,0,0,0,0,0,0,0,"N",0,0.0,0,0,0,0,0,0,0,0,0,0,0,0,0,0
"17033","3","10","71","0","2017","4","N",36,0,0,0,0,0,0,0,"N",5.14,0,0,0,0,0,0,0,"N",-2,-5.3,0,0,0,0,0,0,0,0,0,0,0,0,0,0
"17033","5","10","71","0","2017","4","",365,5512,5478,5296,69004266,6126417,213709,978,"",0.91,0.90,0.90,0.89,0.93,0.94,0.98,1.04,"",-30,-7.6,144,2.7,90,1.7,-41,-0.8,7546825,12.3,809465,15.2,31077,17.0,97,11.0
"17035","0","10","70","0","2017","4","",200,2819,2786,2818,24634341,3025154,83243,675,"",1.00,1.00,1.00,1.00,1.00,1.00,1.00,1.00,"",-13,-6.1,251,9.8,195,7.5,191,7.3,2190873,9.8,285707,10.4,1562,1.9,10,1.5
"17035","1","10","71","0","2017","4","",7,27,27,27,347482,0,0,990,"",5.84,0.50,0.51,0.50,0.51,0.00,0.00,1.03,"",-1,-12.5,0,0.0,-3,-10.0,-2,-6.9,29847,9.4,0,0.0,0,0.0,138,16.2
"17035","3","10","71","0","2017","4","",21,392,395,416,3385648,202051,4623,649,"",6.18,1.40,1.43,1.49,1.60,3.37,10.55,1.11,"",-1,-4.5,18,4.8,-2,-0.5,-25,-5.7,64276,1.9,38652,23.7,2349,103.3,17,2.7
"17035","5","10","71","0","2017","4","",172,2400,2364,2375,20901211,2823103,78620,676,"",0.89,1.00,1.00,0.99,0.99,0.96,0.95,1.00,"",-11,-6.0,233,10.8,200,9.2,218,10.1,2096750,11.2,247055,9.6,-787,-1.0,7,1.0
"17037","0","10","70","0","2017","4","",2050,38637,38852,38574,423489291,42169402,1146396,842,"",1.00,1.00,1.00,1.00,1.00,1.00,1.00,1.00,"",-141,-6.4,-7,0.0,239,0.6,623,1.6,19590245,4.9,2591496,6.5,-31258,-2.7,33,4.1
"17037","1","10","71","0","2017","4","",21,196,194,189,3091283,0,0,1232,"",1.71,0.26,0.26,0.25,0.27,0.00,0.00,1.02,"",-1,-4.5,-3,-1.5,-5,-2.5,-17,-8.3,24685,0.8,0,0.0,0,0.0,60,5.1
"17037","2","10","71","0","2017","4","N",1,0,0,0,0,0,0,0,"N",0.07,0,0,0,0,0,0,0,"N",0,0.0,0,0,0,0,0,0,0,0,0,0,0,0,0,0
"17037","3","10","71","0","2017","4","N",72,0,0,0,0,0,0,0,"N",2.07,0,0,0,0,0,0,0,"N",-4,-5.3,0,0,0,0,0,0,0,0,0,0,0,0,0,0
"17037","5","10","71","0","2017","4","",1956,29335,29542,29263,314093522,41646076,1141085,822,"",0.98,0.89,0.90,0.89,0.87,1.02,1.00,0.97,"",-136,-6.5,447,1.5,693,2.4,894,3.2,20995358,7.2,2651349,6.8,-28395,-2.4,36,4.6
"17039","0","10","70","0","2017","4","",391,5013,5041,5040,62500733,4330258,90965,956,"",1.00,1.00,1.00,1.00,1.00,1.00,1.00,1.00,"",-43,-9.9,-219,-4.2,-197,-3.8,-216,-4.1,-1849832,-2.9,-415433,-8.8,-37507,-29.2,12,1.3
"17039","1","10","71","0","2017","4","",10,43,42,41,609974,0,0,1117,"",4.26,0.45,0.44,0.42,0.36,0.00,0.00,0.82,"",-1,-9.1,1,2.4,-4,-8.7,-5,-10.9,36541,6.4,0,0.0,0,0.0,129,13.1
"17039","3","10","71","0","2017","4","",38,961,1011,1015,7738740,109909,2446,598,"",5.72,1.93,2.02,2.03,1.44,1.28,5.11,0.72,"",-3,-7.3,-9,-0.9,30,3.1,3,0.3,-661272,-7.9,-10034,-8.4,462,23.3,-56,-8.6
"17039","5","10","71","0","2017","4","",343,4009,3988,3984,54152019,4220349,88519,1043,"",0.90,0.94,0.93,0.93,1.01,1.01,0.98,1.09,"",-39,-10.2,-211,-5.0,-223,-5.3,-214,-5.1,-1225101,-2.2,-405399,-8.8,-37969,-30.0,31,3.1
"17041","0","10","70","0","2017","4","",590,7529,7613,7583,73657519,8282338,158480,748,"",1.00,1.00,1.00,1.00,1.00,1.00,1.00,1.00,"",-50,-7.8,-120,-1.6,-13,-0.2,-15,-0.2,125899,0.2,92000,1.1,-22909,-12.6,6,0.8
"17041","1","10","71","0","2017","4","",11,55,55,58,637797,0,0,876,"",3.11,0.38,0.38,0.40,0.32,0.00,0.00,0.82,"",-1,-8.3,-4,-6.8,3,5.8,1,1.8,15732,2.5,0,0.0,0,0.0,22,2.6
"17041","3","10","71","0","2017","4","",34,967,966,965,7455457,435352,4228,594,"",3.39,1.30,1.28,1.29,1.18,2.66,5.07,0.92,"",-3,-8.1,4,0.4,12,1.3,16,1.7,229922,3.2,-2837,-0.6,-488,-10.3,12,2.1
"17041","5","10","71","0","2017","4","",545,6507,6592,6560,65564265,7846986,154252,770,"",0.95,1.02,1.02,1.02,1.04,0.98,0.98,1.02,"",-46,-7.8,-120,-1.8,-28,-0.4,-32,-0.5,-119755,-0.2,94837,1.2,-22421,-12.7,6,0.8
"17043","0","10","70","0","2017","4","",34599,621832,624109,623485,10029467897,672438507,18209978,1238,"",1.00,1.00,1.00,1.00,1.00,1.00,1.00,1.00,"",-3214,-8.5,7183,1.2,5631,0.9,5849,0.9,323772869,3.3,24522208,3.8,-1153065,-6.0,28,2.3
"17043","1","10","71","0","2017","4","",62,4773,4864,5020,95215203,0,0,1499,"",0.30,0.40,0.41,0.42,0.35,0.00,0.00,0.85,"",-1,-1.6,25,0.5,48,1.0,-164,-3.2,-2388490,-2.4,0,0.0,0,0.0,-28,-1.8
"17043","2","10","71","0","2017","4","N",2,0,0,0,0,0,0,0,"N",0.01,0,0,0,0,0,0,0,"N",0,0.0,0,0,0,0,0,0,0,0,0,0,0,0,0,0
"17043","3","10","71","0","2017","4","N",274,0,0,0,0,0,0,0,"N",0.47,0,0,0,0,0,0,0,"N",-1,-0.4,0,0,0,0,0,0,0,0,0,0,0,0,0,0
"17043","5","10","71","0","2017","4","",34261,570933,573262,572370,9333801453,670773973,18185027,1255,"",1.02,1.08,1.08,1.08,1.09,1.03,1.01,1.01,"",-3212,-8.6,6715,1.2,5258,0.9,5233,0.9,313835744,3.5,24323498,3.8,-1148603,-5.9,30,2.4
"17045","0","10","70","0","2017","4","",373,7185,7222,7236,73085067,5932533,148605,779,"",1.00,1.00,1.00,1.00,1.00,1.00,1.00,1.00,"",-29,-7.2,-209,-2.8,-188,-2.5,-248,-3.3,-3423147,-4.5,-1166599,-16.4,-55037,-27.0,-13,-1.6
"17045","1","10","71","0","2017","4","",10,45,46,41,549929,0,0,961,"",4.47,0.33,0.33,0.29,0.27,0.00,0.00,0.86,"",-1,-9.1,0,0.0,-2,-4.2,-8,-16.3,744,0.1,0,0.0,0,0.0,68,7.6
"17045","2","10","71","0","2017","4","N",1,0,0,0,0,0,0,0,"N",0.38,0,0,0,0,0,0,0,"N",0,0.0,0,0,0,0,0,0,0,0,0,0,0,0,0,0
"17045","3","10","71","0","2017","4","N",39,0,0,0,0,0,0,0,"N",6.15,0,0,0,0,0,0,0,"N",-1,-2.5,0,0,0,0,0,0,0,0,0,0,0,0,0,0
"17045","5","10","71","0","2017","4","",323,6042,6042,5934,60678376,5466925,142236,777,"",0.89,0.99,0.98,0.96,0.97,0.95,0.96,0.99,"",-27,-7.7,-239,-3.8,-193,-3.1,-254,-4.1,-3326527,-5.2,-1201194,-18.0,-54902,-27.8,-13,-1.6
"17047","0","10","70","0","2017","4","",156,2297,2294,2311,21994333,1442798,30512,735,"",1.00,1.00,1.00,1.00,1.00,1.00,1.00,1.00,"",-2,-1.3,-105,-4.4,-115,-4.8,-29,-1.2,135187,0.6,-504248,-25.9,-12721,-29.4,30,4.3
"17047","1","10","71","0","2017","4","",5,22,23,23,279238,0,0,948,"",5.34,0.50,0.52,0.52,0.46,0.00,0.00,0.90,"",-1,-16.7,2,10.0,0,0.0,1,4.5,8736,3.2,0,0.0,0,0.0,-12,-1.2
"17047","3","10","71","0","2017","4","",17,285,296,303,1738421,42870,556,454,"",6.41,1.25,1.30,1.32,0.92,1.50,3.46,0.71,"",-2,-10.5,25,9.6,15,5.3,42,16.1,40146,2.4,12976,43.4,258,86.6,-35,-7.2
"17047","5","10","71","0","2017","4","",134,1990,1975,1985,19976674,1399928,29956,775,"",0.89,1.02,1.01,1.01,1.06,1.00,0.99,1.05,"",1,0.8,-132,-6.2,-130,-6.2,-72,-3.5,86305,0.4,-517224,-27.0,-12979,-30.2,45,6.2
"17049","0","10","70","0","2017","4","",1192,21772,21833,22173,219987387,23107393,463527,772,"",1.00,1.00,1.00,1.00,1.00,1.00,1.00,1.00,"",-57,-4.6,1217,5.9,1184,5.7,1320,6.3,16842326,8.3,1957287,9.3,15514,3.5,17,2.3
"17049","1","10","71","0","2017","4","",16,148,152,152,2184369,0,0,1115,"",2.24,0.35,0.36,0.36,0.36,0.00,0.00,1.01,"",-1,-5.9,0,0.0,3,2.0,2,1.3,109882,5.3,0,0.0,0,0.0,44,4.1
"17049","2","10","71","0","2017","4","N",1,0,0,0,0,0,0,0,"N",0.12,0,0,0,0,0,0,0,"N",0,0.0,0,0,0,0,0,0,0,0,0,0,0,0,0,0
"17049","3","10","71","0","2017","4","N",51,0,0,0,0,0,0,0,"N",2.52,0,0,0,0,0,0,0,"N",-1,-1.9,0,0,0,0,0,0,0,0,0,0,0,0,0,0
"17049","5","10","71","0","2017","4","",1124,19965,19991,20144,200153783,22241334,455211,769,"",0.97,1.08,1.08,1.07,1.07,0.99,0.99,0.99,"",-55,-4.7,1230,6.6,1169,6.2,1248,6.6,18002373,9.9,1943697,9.6,15051,3.4,24,3.2
"17051","0","10","70","0","2017","4","",476,5363,5293,5308,46088147,5084948,115031,666,"",1.00,1.00,1.00,1.00,1.00,1.00,1.00,1.00,"",-49,-9.3,134,2.6,121,2.3,131,2.5,-1006104,-2.1,-15887,-0.3,-24894,-17.8,-32,-4.6
"17051","1","10","71","0","2017","4","",8,52,50,48,678359,0,0,1044,"",2.80,0.50,0.49,0.47,0.54,0.00,0.00,1.10,"",-2,-20.0,-7,-11.9,-5,-9.1,-9,-15.8,5120,0.8,0,0.0,0,0.0,135,14.9
"17051","2","10","71","0","2017","4","N",1,0,0,0,0,0,0,0,"N",0.30,0,0,0,0,0,0,0,"N",0,0.0,0,0,0,0,0,0,0,0,0,0,0,0,0,0
"17051","3","10","71","0","2017","4","N",40,0,0,0,0,0,0,0,"N",4.94,0,0,0,0,0,0,0,"N",-1,-2.4,0,0,0,0,0,0,0,0,0,0,0,0,0,0
"17051","5","10","71","0","2017","4","",427,4070,4010,4021,32208692,4839917,112650,614,"",0.92,0.89,0.89,0.89,0.82,0.98,0.99,0.92,"",-46,-9.7,137,3.5,128,3.3,127,3.3,-279255,-0.9,20380,0.4,-23014,-17.0,-26,-4.1
"17053","0","10","70","0","2017","4","",352,4601,4537,4470,45926941,4153151,82957,779,"",1.00,1.00,1.00,1.00,1.00,1.00,1.00,1.00,"",-23,-6.1,75,1.7,34,0.8,-16,-0.4,1605648,3.6,421470,11.3,7012,9.2,22,2.9
"17053","1","10","71","0","2017","4","",13,43,44,46,591615,0,0,1027,"",6.16,0.49,0.51,0.53,0.47,0.00,0.00,0.92,"",-1,-7.1,-3,-6.5,-1,-2.2,-6,-11.5,-6057,-1.0,0,0.0,0,0.0,62,6.4
"17053","3","10","71","0","2017","4","",28,709,701,692,5287553,414000,2652,580,"",4.68,1.56,1.56,1.56,1.34,5.04,6.07,0.86,"",0,0.0,-3,-0.4,-5,-0.7,-25,-3.5,-403849,-7.1,30824,8.0,-93,-3.4,-35,-5.7
"17053","5","10","71","0","2017","4","",311,3849,3792,3732,40047773,3739151,80305,813,"",0.91,0.98,0.98,0.98,1.02,0.93,0.97,1.04,"",-22,-6.6,81,2.1,40,1.1,15,0.4,2015554,5.3,390646,11.7,7105,9.7,32,4.1
"17055","0","10","70","0","2017","4","",742,8446,8409,8496,73555514,9276418,314074,670,"",1.00,1.00,1.00,1.00,1.00,1.00,1.00,1.00,"",-53,-6.7,276,3.4,316,3.9,462,5.8,4505695,6.5,176537,1.9,5530,1.8,14,2.1
"17055","1","10","71","0","2017","4","",23,181,178,178,3051265,0,0,1311,"",5.17,1.11,1.11,1.09,1.51,0.00,0.00,1.37,"",-1,-4.2,-8,-4.2,-10,-5.3,-15,-7.8,-82897,-2.6,0,0.0,0,0.0,42,3.3
"17055","3","10","71","0","2017","4","",56,1702,1754,1787,16163274,691252,14177,711,"",4.44,2.03,2.10,2.13,2.56,3.76,8.58,1.22,"",-2,-3.4,-27,-1.6,10,0.6,30,1.7,83833,0.5,-63650,-8.4,-2031,-12.5,2,0.3
"17055","5","10","71","0","2017","4","",663,6563,6477,6531,54340975,8585166,299897,641,"",0.92,0.91,0.91,0.90,0.87,0.96,0.96,0.95,"",-50,-7.0,311,5.0,316,5.1,447,7.3,4504759,9.0,240187,2.9,7561,2.6,19,3.1
"17057","0","10","70","0","2017","4","",666,8413,8336,8325,72696072,7724676,198698,669,"",1.00,1.00,1.00,1.00,1.00,1.00,1.00,1.00,"",-61,-8.4,-22,-0.3,-88,-1.0,-105,-1.2,1499242,2.1,204934,2.7,2540,1.3,19,2.9
"17057","1","10","71","0","2017","4","",24,94,95,95,1171894,0,0,952,"",6.01,0.58,0.60,0.59,0.59,0.00,0.00,1.00,"",-1,-4.0,-3,-3.1,0,0.0,-2,-2.1,71202,6.5,0,0.0,0,0.0,73,8.3
"17057","2","10","71","0","2017","4","N",1,0,0,0,0,0,0,0,"N",0.21,0,0,0,0,0,0,0,"N",0,0.0,0,0,0,0,0,0,0,0,0,0,0,0,0,0
"17057","3","10","71","0","2017","4","N",80,0,0,0,0,0,0,0,"N",7.07,0,0,0,0,0,0,0,"N",-4,-4.8,0,0,0,0,0,0,0,0,0,0,0,0,0,0
"17057","5","10","71","0","2017","4","",561,6064,6001,5970,51933246,7363143,192658,665,"",0.87,0.85,0.85,0.84,0.84,0.99,0.98,0.99,"",-56,-9.1,-97,-1.6,-162,-2.6,-157,-2.6,1550324,3.1,176790,2.5,2406,1.3,35,5.6
"17059","0","10","70","0","2017","4","",134,1206,1205,1235,13778701,1088533,34819,872,"",1.00,1.00,1.00,1.00,1.00,1.00,1.00,1.00,"",-17,-11.3,-31,-2.5,-30,-2.4,-17,-1.4,-5450480,-28.3,-93443,-7.9,7069,25.5,-320,-26.8
"17059","1","10","71","0","2017","4","",8,18,17,19,209792,0,0,897,"",9.95,0.78,0.74,0.80,0.55,0.00,0.00,0.72,"",-1,-11.1,1,5.9,0,0.0,0,0.0,3464,1.7,0,0.0,0,0.0,-1,-0.1
"17059","3","10","71","0","2017","4","",22,242,242,277,1546013,69222,1499,469,"",9.66,2.03,2.02,2.27,1.30,3.21,8.18,0.62,"",0,0.0,12,5.2,18,8.0,30,12.1,12456,0.8,-86010,-55.4,-597,-28.5,-36,-7.1
"17059","5","10","71","0","2017","4","",104,946,946,939,12022896,1019311,33320,980,"",0.80,0.92,0.92,0.89,1.02,0.97,0.96,1.12,"",-16,-13.3,-44,-4.4,-48,-4.8,-47,-4.8,-5466400,-31.3,-7433,-0.7,7666,29.9,-379,-27.9
"17061","0","10","70","0","2017","4","",235,2307,2380,2304,18427781,2094291,31815,608,"",1.00,1.00,1.00,1.00,1.00,1.00,1.00,1.00,"",-37,-13.6,-7,-0.3,-16,-0.7,0,0.0,420084,2.3,-77707,-3.6,-6901,-17.8,16,2.7
"17061","1","10","71","0","2017","4","",9,45,46,45,503456,0,0,854,"",6.39,1.01,1.01,1.01,0.99,0.00,0.00,0.98,"",-1,-10.0,1,2.3,3,7.0,-2,-4.3,1309,0.3,0,0.0,0,0.0,-11,-1.3
"17061","3","10","71","0","2017","4","",38,604,669,612,4437949,306989,4626,543,"",9.51,2.64,2.83,2.68,2.80,7.40,27.63,1.03,"",-2,-5.0,-3,-0.5,-31,-4.4,-5,-0.8,79293,1.8,34214,12.5,64,1.4,20,3.8
"17061","5","10","71","0","2017","4","",188,1658,1665,1647,13486376,1787302,27189,626,"",0.82,0.85,0.82,0.84,0.86,0.88,0.86,1.02,"",-34,-15.3,-5,-0.3,12,0.7,7,0.4,339482,2.6,-111921,-5.9,-6965,-20.4,14,2.3
"17063","0","10","70","0","2017","4","",1169,19709,19461,19455,267515351,21116763,734156,1053,"",1.00,1.00,1.00,1.00,1.00,1.00,1.00,1.00,"",-69,-5.6,-507,-2.5,-357,-1.8,610,3.2,-546745,-0.2,-1725250,-7.6,-198597,-21.3,2,0.2
"17063","1","10","71","0","2017","4","",16,110,104,112,1778740,0,0,1259,"",2.28,0.29,0.28,0.30,0.24,0.00,0.00,0.84,"",0,0.0,8,7.8,-3,-2.8,2,1.8,84596,5.0,0,0.0,0,0.0,33,2.7
"17063","3","10","71","0","2017","4","",47,2802,2822,2825,28036469,329877,4423,766,"",2.37,1.43,1.46,1.47,1.22,0.79,1.14,0.84,"",-1,-2.1,83,3.1,97,3.6,77,2.8,1033137,3.8,62202,23.2,732,19.8,5,0.7
"17063","5","10","71","0","2017","4","",1106,16797,16535,16518,237700142,20786886,729733,1100,"",0.98,1.00,1.00,1.00,1.04,1.02,1.00,1.04,"",-68,-5.8,-598,-3.4,-451,-2.7,531,3.3,-1664478,-0.7,-1787452,-7.9,-199329,-21.5,3,0.3
"17065","0","10","70","0","2017","4","",208,2101,2078,2066,23391723,1779834,49620,864,"",1.00,1.00,1.00,1.00,1.00,1.00,1.00,1.00,"",-17,-7.6,149,7.6,111,5.6,-23,-1.1,2635801,12.7,-514224,-22.4,-4485,-8.3,67,8.4
"17065","1","10","71","0","2017","4","",7,34,39,41,404337,0,0,818,"",5.61,0.84,0.98,1.03,0.63,0.00,0.00,0.66,"",-1,-12.5,-3,-8.1,1,2.6,-1,-2.4,-10171,-2.5,0,0.0,0,0.0,0,0.0
"17065","3","10","71","0","2017","4","",24,530,515,517,4260830,65967,820,629,"",6.79,2.55,2.50,2.53,2.12,1.87,3.14,0.84,"",0,0.0,45,9.3,10,2.0,-11,-2.1,8480,0.2,-23387,-26.2,-347,-29.7,-17,-2.6
"17065","5","10","71","0","2017","4","",177,1537,1524,1508,18726556,1713867,48800,946,"",0.88,0.86,0.86,0.86,0.94,1.00,0.99,1.09,"",-16,-8.3,107,7.5,100,7.0,-11,-0.7,2637492,16.4,-490837,-22.3,-4138,-7.8,97,11.4
"17067","0","10","70","0","2017","4","",405,4102,4042,4004,36310982,4252540,80877,690,"",1.00,1.00,1.00,1.00,1.00,1.00,1.00,1.00,"",-40,-9.0,119,3.0,63,1.6,103,2.6,2341597,6.9,471597,12.5,5584,7.4,29,4.4
"17067","1","10","71","0","2017","4","",17,69,69,66,776547,0,0,878,"",7.00,0.87,0.89,0.86,0.78,0.00,0.00,0.89,"",-1,-5.6,-2,-2.8,0,0.0,-6,-8.3,-15444,-2.0,0,0.0,0,0.0,16,1.9
"17067","3","10","71","0","2017","4","",52,983,930,947,6380184,280844,3201,515,"",7.55,2.42,2.32,2.39,2.04,3.34,7.52,0.86,"",-10,-16.1,-26,-2.6,-49,-5.0,-21,-2.2,-49383,-0.8,-112657,-28.6,-297,-8.5,13,2.6
"17067","5","10","71","0","2017","4","",336,3050,3043,2991,29154251,3971696,77676,741,"",0.86,0.88,0.89,0.88,0.94,0.97,0.97,1.07,"",-29,-7.9,147,5.1,112,3.8,130,4.5,2406424,9.0,584254,17.2,5881,8.2,31,4.4
"17069","0","10","70","0","2017","4","",64,693,683,721,5333795,798869,22346,587,"",1.00,1.00,1.00,1.00,1.00,1.00,1.00,1.00,"",-4,-5.9,24,3.6,13,1.9,5,0.7,124230,2.4,85191,11.9,4371,24.3,2,0.3
"17069","1","10","71","0","2017","4","",3,10,10,10,103216,0,0,794,"",7.82,0.75,0.77,0.72,0.70,0.00,0.00,0.95,"",-1,-25.0,0,0.0,1,11.1,1,11.1,5636,5.8,0,0.0,0,0.0,-10,-1.2
"17069","3","10","71","0","2017","4","",8,159,158,209,982070,117937,3997,431,"",7.35,2.32,2.33,2.93,2.14,7.46,33.99,0.85,"",0,0.0,-6,-3.6,-6,-3.7,-11,-5.0,6303,0.6,-28323,-19.4,1421,55.2,21,5.1
"17069","5","10","71","0","2017","4","",53,524,515,502,4248509,680932,18349,636,"",0.85,0.89,0.89,0.82,0.93,0.88,0.83,1.08,"",-3,-5.4,30,6.1,18,3.6,15,3.1,112291,2.7,113514,20.0,2950,19.2,-10,-1.5
"17071","0","10","70","0","2017","4","",135,1066,1075,1051,8195466,1190984,27300,593,"",1.00,1.00,1.00,1.00,1.00,1.00,1.00,1.00,"",-6,-4.3,-42,-3.8,-34,-3.1,-52,-4.7,283790,3.6,-51225,-4.1,-1844,-6.3,43,7.8
"17071","1","10","71","0","2017","4","",10,31,32,32,394275,0,0,958,"",12.35,1.51,1.56,1.58,1.75,0.00,0.00,1.13,"",-1,-9.1,-2,-6.1,-1,-3.0,-4,-11.1,-12643,-3.1,0,0.0,0,0.0,37,4.0
"17071","3","10","71","0","2017","4","",26,326,330,349,2021986,351265,5296,464,"",11.33,3.09,3.09,3.36,2.87,14.90,36.86,0.90,"",-1,-3.7,2,0.6,-1,-0.3,-18,-4.9,-35803,-1.7,-109992,-23.8,-1953,-26.9,-1,-0.2
"17071","5","10","71","0","2017","4","",99,709,713,670,5779205,839719,22004,638,"",0.76,0.78,0.78,0.75,0.83,0.73,0.81,1.07,"",-4,-3.9,-42,-5.6,-32,-4.3,-30,-4.3,332236,6.1,58767,7.5,109,0.5,66,11.5
"17073","0","10","70","0","2017","4","",1029,13837,13602,13624,134640747,12954289,372713,757,"",1.00,1.00,1.00,1.00,1.00,1.00,1.00,1.00,"",-93,-8.3,-683,-4.7,-721,-5.0,-612,-4.3,-1327577,-1.0,-1138167,-8.1,-52444,-12.3,29,4.0
"17073","1","10","71","0","2017","4","",18,116,116,119,1518098,0,0,998,"",2.92,0.44,0.45,0.45,0.41,0.00,0.00,0.92,"",0,0.0,3,2.7,2,1.8,1,0.8,39420,2.7,0,0.0,0,0.0,9,0.9
"17073","2","10","71","0","2017","4","N",1,0,0,0,0,0,0,0,"N",0.14,0,0,0,0,0,0,0,"N",1,100.0,0,0,0,0,0,0,0,0,0,0,0,0,0,0
"17073","3","10","71","0","2017","4","N",74,0,0,0,0,0,0,0,"N",4.23,0,0,0,0,0,0,0,"N",-3,-3.9,0,0,0,0,0,0,0,0,0,0,0,0,0,0
"17073","5","10","71","0","2017","4","",936,10240,10031,10057,103913787,12422693,360156,791,"",0.94,0.87,0.87,0.87,0.90,0.99,0.97,1.04,"",-91,-8.9,-867,-7.8,-891,-8.2,-742,-6.9,-4509478,-4.2,-1356241,-9.8,-58329,-13.9,29,3.8
"17075","0","10","70","0","2017","4","",749,8109,8039,8021,70027751,8075346,189795,669,"",1.00,1.00,1.00,1.00,1.00,1.00,1.00,1.00,"",-70,-8.5,119,1.5,129,1.6,167,2.1,4137544,6.3,809311,11.1,6054,3.3,29,4.5
"17075","1","10","71","0","2017","4","",24,91,91,86,1105369,0,0,952,"",5.34,0.58,0.59,0.56,0.57,0.00,0.00,1.00,"",-2,-7.7,-2,-2.2,-4,-4.2,-9,-9.5,11959,1.1,0,0.0,0,0.0,60,6.7
"17075","3","10","71","0","2017","4","",78,1489,1488,1528,9504850,565757,7245,487,"",6.13,1.85,1.86,1.92,1.58,3.54,7.25,0.84,"",-3,-3.7,-17,-1.1,-2,-0.1,-58,-3.7,28908,0.3,70180,14.2,979,15.6,10,2.1
"17075","5","10","71","0","2017","4","",647,6529,6460,6407,59417532,7509589,182550,707,"",0.89,0.95,0.95,0.94,0.99,0.96,0.97,1.05,"",-65,-9.1,138,2.2,135,2.1,234,3.8,4096677,7.4,739131,10.9,5075,2.9,31,4.6
"17077","0","10","70","0","2017","4","",1202,24725,24809,24119,245009310,20124550,523745,768,"",1.00,1.00,1.00,1.00,1.00,1.00,1.00,1.00,"",-111,-8.5,-480,-1.9,-420,-1.7,-426,-1.7,4390483,1.8,-440602,-2.1,-75140,-12.5,27,3.6
"17077","1","10","71","0","2017","4","",19,147,147,140,2099273,0,0,1116,"",2.64,0.31,0.31,0.30,0.31,0.00,0.00,1.02,"",0,0.0,-1,-0.7,-2,-1.3,-4,-2.8,-27629,-1.3,0,0.0,0,0.0,3,0.3
"17077","2","10","71","0","2017","4","N",2,0,0,0,0,0,0,0,"N",0.24,0,0,0,0,0,0,0,"N",-1,-33.3,0,0,0,0,0,0,0,0,0,0,0,0,0,0
"17077","3","10","71","0","2017","4","N",48,0,0,0,0,0,0,0,"N",2.35,0,0,0,0,0,0,0,"N",-4,-7.7,0,0,0,0,0,0,0,0,0,0,0,0,0,0
"17077","5","10","71","0","2017","4","",1133,16884,16966,16849,160424618,18831927,506052,730,"",0.97,0.80,0.80,0.82,0.77,0.97,0.97,0.95,"",-106,-8.6,-134,-0.8,-72,-0.4,38,0.2,5838515,3.8,-307962,-1.6,-63818,-11.2,29,4.1
"17079","0","10","70","0","2017","4","",237,1950,1918,1930,18949526,1801801,36809,754,"",1.00,1.00,1.00,1.00,1.00,1.00,1.00,1.00,"",-3,-1.2,-45,-2.3,-57,-2.9,-72,-3.6,-1165616,-5.8,-78089,-4.2,4885,15.3,-23,-3.0
"17079","1","10","71","0","2017","4","",9,36,35,34,363749,0,0,799,"",6.33,0.96,0.95,0.91,0.70,0.00,0.00,0.74,"",-1,-10.0,0,0.0,0,0.0,-4,-10.5,384,0.1,0,0.0,0,0.0,30,3.9
"17079","3","10","71","0","2017","4","",17,456,435,428,3394146,214225,2530,594,"",4.22,2.36,2.28,2.24,2.08,6.01,13.06,0.91,"",-4,-19.0,-62,-12.0,-80,-15.5,-80,-15.7,-739638,-17.9,-120884,-36.1,-688,-21.4,-25,-4.0
"17079","5","10","71","0","2017","4","",211,1458,1448,1468,15191631,1587576,34279,802,"",0.92,0.88,0.89,0.89,0.94,0.91,0.94,1.06,"",2,1.0,17,1.2,23,1.6,12,0.8,-426362,-2.7,42795,2.8,5573,19.4,-32,-3.8
"17081","0","10","70","0","2017","4","",885,20225,20239,20335,215301487,22015552,680162,817,"",1.00,1.00,1.00,1.00,1.00,1.00,1.00,1.00,"",-80,-8.3,593,3.0,503,2.5,566,2.9,8551914,4.1,3359485,18.0,91825,15.6,10,1.2
"17081","1","10","71","0","2017","4","",21,134,134,129,2290857,0,0,1332,"",3.96,0.34,0.35,0.33,0.39,0.00,0.00,1.14,"",-2,-8.7,-4,-2.9,-2,-1.5,-5,-3.7,39045,1.7,0,0.0,0,0.0,58,4.6
"17081","2","10","71","0","2017","4","N",2,0,0,0,0,0,0,0,"N",0.32,0,0,0,0,0,0,0,"N",0,0.0,0,0,0,0,0,0,0,0,0,0,0,0,0,0
"17081","3","10","71","0","2017","4","N",49,0,0,0,0,0,0,0,"N",3.26,0,0,0,0,0,0,0,"N",-1,-2.0,0,0,0,0,0,0,0,0,0,0,0,0,0,0
"17081","5","10","71","0","2017","4","",813,18021,18051,18146,191721136,21408120,669500,816,"",0.95,1.05,1.05,1.05,1.04,1.01,0.99,0.99,"",-77,-8.7,683,3.9,565,3.2,628,3.6,8631484,4.7,3230789,17.8,92788,16.1,9,1.1
"17083","0","10","70","0","2017","4","",400,5028,4929,4859,43168635,4820806,121111,672,"",1.00,1.00,1.00,1.00,1.00,1.00,1.00,1.00,"",-33,-7.6,113,2.3,24,0.5,52,1.1,569561,1.3,26723,0.6,-18168,-13.0,0,0.0
"17083","1","10","71","0","2017","4","",7,45,41,39,501282,0,0,925,"",2.92,0.46,0.43,0.42,0.42,0.00,0.00,0.96,"",-1,-12.5,5,12.5,0,0.0,-7,-15.2,2032,0.4,0,0.0,0,0.0,18,2.0
"17083","3","10","71","0","2017","4","",21,1015,1025,1065,11503701,104172,2070,855,"",3.09,2.04,2.09,2.21,3.10,1.09,3.25,1.47,"",-1,-4.5,-1,-0.1,6,0.6,10,0.9,216924,1.9,16464,18.8,1092,111.7,12,1.4
"17083","5","10","71","0","2017","4","",372,3968,3863,3755,31163652,4716634,119041,621,"",0.96,0.93,0.92,0.91,0.85,1.01,0.99,0.92,"",-31,-7.7,109,2.8,18,0.5,49,1.3,350605,1.1,10259,0.2,-19260,-13.9,-2,-0.3
"17085","0","10","70","0","2017","4","",736,7527,7268,7311,67360425,7397539,157481,703,"",1.00,1.00,1.00,1.00,1.00,1.00,1.00,1.00,"",-61,-7.7,-223,-2.9,-145,-2.0,-16,-0.2,711031,1.1,12847,0.2,-21711,-12.1,19,2.8
"17085","1","10","71","0","2017","4","",11,62,62,64,864987,0,0,1062,"",2.49,0.43,0.45,0.45,0.47,0.00,0.00,1.06,"",-1,-8.3,-2,-3.1,0,0.0,1,1.6,5660,0.7,0,0.0,0,0.0,13,1.2
"17085","3","10","71","0","2017","4","",44,1288,1280,1275,11544468,152317,2015,693,"",3.52,1.73,1.77,1.76,1.99,1.04,2.43,1.14,"",-1,-2.2,-11,-0.8,23,1.8,34,2.7,321873,2.9,-68757,-31.1,-340,-14.4,11,1.6
"17085","5","10","71","0","2017","4","",681,6177,5926,5972,54950970,7245222,155466,702,"",0.95,0.97,0.96,0.96,0.96,1.01,0.99,0.99,"",-59,-8.0,-210,-3.3,-168,-2.8,-51,-0.8,383498,0.7,81604,1.1,-21371,-12.1,21,3.1
"17087","0","10","70","0","2017","4","",178,2289,2262,2222,25259127,1431284,34171,861,"",1.00,1.00,1.00,1.00,1.00,1.00,1.00,1.00,"",-28,-13.6,-25,-1.1,-57,-2.5,-110,-4.7,-437139,-1.7,-381546,-21.0,-8903,-20.7,10,1.2
"17087","1","10","71","0","2017","4","",13,67,69,65,865841,0,0,994,"",12.18,1.52,1.59,1.52,1.25,0.00,0.00,0.81,"",-1,-7.1,-1,-1.5,-2,-2.8,-5,-7.1,26189,3.1,0,0.0,0,0.0,67,7.2
"17087","2","10","71","0","2017","4","N",2,0,0,0,0,0,0,0,"N",1.60,0,0,0,0,0,0,0,"N",0,0.0,0,0,0,0,0,0,0,0,0,0,0,0,0,0
"17087","3","10","71","0","2017","4","N",17,0,0,0,0,0,0,0,"N",5.62,0,0,0,0,0,0,0,"N",-1,-5.6,0,0,0,0,0,0,0,0,0,0,0,0,0,0
"17087","5","10","71","0","2017","4","",146,1053,1049,1024,8182588,1332835,32951,604,"",0.85,0.54,0.55,0.54,0.38,0.96,0.97,0.70,"",-26,-15.1,-45,-4.1,-53,-4.8,-92,-8.2,-149219,-1.8,-180053,-11.9,-6579,-16.6,24,4.1
"17089","0","10","70","0","2017","4","",12547,211486,211730,211566,2763605632,225191377,5805903,1005,"",1.00,1.00,1.00,1.00,1.00,1.00,1.00,1.00,"",-1125,-8.2,-159,-0.1,428,0.2,1508,0.7,124910242,4.7,5202823,2.4,-716322,-11.0,43,4.5
"17089","1","10","71","0","2017","4","",39,1620,1630,1643,44324205,0,0,2090,"",0.52,0.40,0.40,0.40,0.58,0.00,0.00,1.45,"",-1,-2.5,-13,-0.8,-12,-0.7,-23,-1.4,104098,0.2,0,0.0,0,0.0,25,1.2
"17089","2","10","71","0","2017","4","N",1,0,0,0,0,0,0,0,"N",0.01,0,0,0,0,0,0,0,"N",0,0.0,0,0,0,0,0,0,0,0,0,0,0,0,0,0
"17089","3","10","71","0","2017","4","N",127,0,0,0,0,0,0,0,"N",0.60,0,0,0,0,0,0,0,"N",0,0.0,0,0,0,0,0,0,0,0,0,0,0,0,0,0
"17089","5","10","71","0","2017","4","",12380,180857,180918,180837,2335150458,223586131,5762214,993,"",1.02,1.01,1.01,1.01,0.99,1.03,1.00,0.98,"",-1124,-8.3,-136,-0.1,218,0.1,1388,0.8,120132342,5.4,5240765,2.4,-715755,-11.0,48,5.1
"17091","0","10","70","0","2017","4","",2278,45004,44903,44624,473030203,46627325,1269780,811,"",1.00,1.00,1.00,1.00,1.00,1.00,1.00,1.00,"",-154,-6.3,1222,2.8,302,0.7,699,1.6,14585754,3.2,3640773,8.5,66234,5.5,11,1.4
"17091","1","10","71","0","2017","4","",23,228,230,232,3551072,0,0,1188,"",1.68,0.26,0.27,0.27,0.27,0.00,0.00,1.02,"",-2,-8.0,-6,-2.6,0,0.0,-3,-1.3,22641,0.6,0,0.0,0,0.0,23,2.0
"17091","2","10","71","0","2017","4","N",2,0,0,0,0,0,0,0,"N",0.13,0,0,0,0,0,0,0,"N",0,0.0,0,0,0,0,0,0,0,0,0,0,0,0,0,0
"17091","3","10","71","0","2017","4","N",93,0,0,0,0,0,0,0,"N",2.40,0,0,0,0,0,0,0,"N",3,3.3,0,0,0,0,0,0,0,0,0,0,0,0,0,0
"17091","5","10","71","0","2017","4","",2160,38393,38276,37961,401159637,45636108,1241885,808,"",0.98,1.00,1.00,1.00,0.99,1.01,0.98,0.99,"",-155,-6.7,1225,3.3,317,0.8,773,2.1,13392883,3.5,3581517,8.5,64528,5.5,11,1.4
"17093","0","10","70","0","2017","4","",2116,28712,28860,28712,295480599,31898846,729215,790,"",1.00,1.00,1.00,1.00,1.00,1.00,1.00,1.00,"",-181,-7.9,1000,3.6,1020,3.7,962,3.5,12792680,4.5,1545595,5.1,-2199,-0.3,7,0.9
"17093","1","10","71","0","2017","4","",11,117,113,117,2175039,0,0,1446,"",0.87,0.21,0.20,0.21,0.27,0.00,0.00,1.28,"",-1,-8.3,9,8.3,0,0.0,2,1.7,217464,11.1,0,0.0,0,0.0,102,7.6
"17093","3","10","71","0","2017","4","",44,5808,5923,5940,61623475,231683,4309,805,"",1.22,2.04,2.07,2.09,2.43,0.37,1.12,1.17,"",-1,-2.2,115,2.0,141,2.4,125,2.1,596682,1.0,74302,47.2,1844,74.8,-10,-1.2
"17093","5","10","71","0","2017","4","",2061,22787,22824,22655,231682085,31667163,724906,783,"",1.00,0.93,0.93,0.93,0.92,1.03,1.00,0.99,"",-179,-8.0,876,4.0,879,4.0,835,3.8,11978534,5.5,1471293,4.9,-4043,-0.6,11,1.4
"17095","0","10","70","0","2017","4","",1032,18121,18215,18018,161298219,15199314,331050,685,"",1.00,1.00,1.00,1.00,1.00,1.00,1.00,1.00,"",-72,-6.5,-1030,-5.4,-924,-4.8,-1002,-5.3,-3267187,-2.0,-22400,-0.1,-16844,-4.8,22,3.3
"17095","1","10","71","0","2017","4","",25,172,169,168,2667059,0,0,1209,"",4.04,0.49,0.48,0.48,0.60,0.00,0.00,1.23,"",0,0.0,5,3.0,3,1.8,2,1.2,181101,7.3,0,0.0,0,0.0,59,5.1
"17095","2","10","71","0","2017","4","N",1,0,0,0,0,0,0,0,"N",0.14,0,0,0,0,0,0,0,"N",0,0.0,0,0,0,0,0,0,0,0,0,0,0,0,0,0
"17095","3","10","71","0","2017","4","N",55,0,0,0,0,0,0,0,"N",3.14,0,0,0,0,0,0,0,"N",-6,-9.8,0,0,0,0,0,0,0,0,0,0,0,0,0,0
"17095","5","10","71","0","2017","4","",951,15002,15080,14851,130109634,14582403,323721,668,"",0.95,0.97,0.97,0.97,0.94,0.99,0.98,0.97,"",-66,-6.5,-1067,-6.6,-991,-6.2,-1020,-6.4,-3331102,-2.5,-48211,-0.3,-17153,-5.0,27,4.2
"17097","0","10","70","0","2017","4","",20248,341405,341416,338338,6244324484,364231516,10232122,1411,"",1.00,1.00,1.00,1.00,1.00,1.00,1.00,1.00,"",-1929,-8.7,3352,1.0,4374,1.3,4908,1.5,209900474,3.5,25627354,7.6,413402,4.2,30,2.2
"17097","1","10","71","0","2017","4","",56,5337,5335,5364,101139350,0,0,1455,"",0.46,0.81,0.82,0.82,0.59,0.00,0.00,0.72,"",-2,-3.4,26,0.5,-17,-0.3,8,0.1,3012464,3.1,0,0.0,0,0.0,41,2.9
"17097","2","10","71","0","2017","4","N",1,0,0,0,0,0,0,0,"N",0.01,0,0,0,0,0,0,0,"N",0,0.0,0,0,0,0,0,0,0,0,0,0,0,0,0,0
"17097","3","10","71","0","2017","4","N",281,0,0,0,0,0,0,0,"N",0.82,0,0,0,0,0,0,0,"N",0,0.0,0,0,0,0,0,0,0,0,0,0,0,0,0,0
"17097","5","10","71","0","2017","4","",19910,300240,300305,297492,5659479984,362995172,10211296,1454,"",1.01,1.04,1.04,1.03,1.06,1.03,1.00,1.02,"",-1927,-8.8,3305,1.1,4485,1.5,5039,1.7,199416831,3.7,25532393,7.6,414744,4.2,31,2.2
"17099","0","10","70","0","2017","4","",2548,43114,42990,43129,486905057,43247083,1170821,869,"",1.00,1.00,1.00,1.00,1.00,1.00,1.00,1.00,"",-185,-6.8,296,0.7,249,0.6,516,1.2,12014900,2.5,765570,1.8,-74972,-6.0,14,1.6
"17099","1","10","71","0","2017","4","",34,340,342,348,5295081,0,0,1186,"",2.22,0.41,0.42,0.42,0.40,0.00,0.00,0.95,"",-1,-2.9,-10,-2.9,-1,-0.3,-2,-0.6,-2046,0.0,0,0.0,0,0.0,14,1.2
"17099","2","10","71","0","2017","4","",4,1085,1084,1152,18857267,0,0,1310,"",0.22,0.78,0.79,0.84,1.19,0.00,0.00,1.48,"",0,0.0,-66,-5.7,-62,-5.4,-69,-5.7,-1154391,-5.8,0,0.0,0,0.0,-3,-0.2
"17099","3","10","71","0","2017","4","",115,5189,5139,5262,50311641,1160781,14001,745,"",2.66,1.21,1.20,1.23,1.20,1.36,2.27,0.99,"",-3,-2.5,-88,-1.7,-166,-3.1,-49,-0.9,819075,1.7,-83286,-6.7,-4343,-23.7,26,3.6
"17099","5","10","71","0","2017","4","",2395,36500,36425,36367,412441068,42086302,1156820,871,"",0.97,1.00,1.00,0.99,0.99,1.01,0.99,1.00,"",-181,-7.0,460,1.3,478,1.3,636,1.8,12352262,3.1,848856,2.1,-70629,-5.8,14,1.6
"17101","0","10","70","0","2017","4","",258,4524,4484,4544,47335061,3623447,83860,806,"",1.00,1.00,1.00,1.00,1.00,1.00,1.00,1.00,"",-47,-15.4,61,1.4,-1,0.0,-5,-0.1,2245172,5.0,-1029952,-22.1,-48051,-36.4,35,4.5
"17101","1","10","71","0","2017","4","",6,43,42,42,550500,0,0,1000,"",3.88,0.49,0.49,0.48,0.42,0.00,0.00,0.87,"",-1,-14.3,0,0.0,-1,-2.3,-4,-8.7,5253,1.0,0,0.0,0,0.0,47,4.9
"17101","2","10","71","0","2017","4","N",1,0,0,0,0,0,0,0,"N",0.55,0,0,0,0,0,0,0,"N",0,0.0,0,0,0,0,0,0,0,0,0,0,0,0,0,0
"17101","3","10","71","0","2017","4","N",28,0,0,0,0,0,0,0,"N",6.39,0,0,0,0,0,0,0,"N",-1,-3.4,0,0,0,0,0,0,0,0,0,0,0,0,0,0
"17101","5","10","71","0","2017","4","",223,3508,3435,3471,34913560,3413962,78373,774,"",0.89,0.91,0.90,0.90,0.86,0.97,0.94,0.96,"",-45,-16.8,143,4.2,56,1.7,99,2.9,1522592,4.6,-973955,-22.2,-48616,-38.3,12,1.6
"17103","0","10","70","0","2017","4","",696,13363,13180,13263,148464545,10570008,292575,861,"",1.00,1.00,1.00,1.00,1.00,1.00,1.00,1.00,"",-49,-6.6,48,0.4,78,0.6,229,1.8,6116014,4.3,136300,1.3,-25806,-8.1,28,3.4
"17103","1","10","71","0","2017","4","",14,82,83,82,1028166,0,0,961,"",3.35,0.32,0.33,0.32,0.25,0.00,0.00,0.78,"",-1,-6.7,0,0.0,0,0.0,-2,-2.4,4058,0.4,0,0.0,0,0.0,12,1.3
"17103","2","10","71","0","2017","4","",3,1210,1200,1342,20945515,0,0,1288,"",0.62,2.82,2.84,3.17,4.32,0.00,0.00,1.47,"",0,0.0,23,1.9,-8,-0.7,53,4.1,831163,4.1,0,0.0,0,0.0,28,2.2
"17103","3","10","71","0","2017","4","",42,1470,1439,1458,12905158,590853,8064,682,"",3.55,1.11,1.10,1.11,1.01,2.82,5.24,0.91,"",-2,-4.5,-1,-0.1,0,0.0,22,1.5,939145,7.8,122750,26.2,2899,56.1,47,7.4
"17103","5","10","71","0","2017","4","",637,10601,10458,10381,113585706,9979155,284511,834,"",0.94,0.93,0.93,0.92,0.90,0.98,0.98,0.96,"",-46,-6.7,26,0.2,86,0.8,156,1.5,4341648,4.0,13550,0.1,-28705,-9.2,25,3.1
"17105","0","10","70","0","2017","4","",880,14107,14058,14020,162686365,11970367,325768,890,"",1.00,1.00,1.00,1.00,1.00,1.00,1.00,1.00,"",-45,-4.9,327,2.4,207,1.5,311,2.3,6254116,4.0,2096017,21.2,71691,28.2,17,1.9
"17105","1","10","71","0","2017","4","",21,97,96,93,1236987,0,0,998,"",3.98,0.36,0.36,0.34,0.28,0.00,0.00,0.78,"",-1,-4.5,-3,-3.0,-11,-10.3,-11,-10.6,3807,0.3,0,0.0,0,0.0,83,9.1
"17105","2","10","71","0","2017","4","N",2,0,0,0,0,0,0,0,"N",0.32,0,0,0,0,0,0,0,"N",0,0.0,0,0,0,0,0,0,0,0,0,0,0,0,0,0
"17105","3","10","71","0","2017","4","N",69,0,0,0,0,0,0,0,"N",4.61,0,0,0,0,0,0,0,"N",-6,-8.0,0,0,0,0,0,0,0,0,0,0,0,0,0,0
"17105","5","10","71","0","2017","4","",788,11348,11250,11283,129839496,11575916,321209,884,"",0.92,0.95,0.94,0.95,0.93,1.00,0.99,0.99,"",-38,-4.6,299,2.7,234,2.1,390,3.6,6673855,5.4,2075561,21.8,72848,29.3,22,2.6
"17107","0","10","70","0","2017","4","",581,9336,9232,9292,94243942,7372330,169344,781,"",1.00,1.00,1.00,1.00,1.00,1.00,1.00,1.00,"",-40,-6.4,175,1.9,68,0.7,200,2.2,2924556,3.2,20313,0.3,-18767,-10.0,12,1.6
"17107","1","10","71","0","2017","4","",19,91,91,92,1347580,0,0,1135,"",5.45,0.51,0.52,0.51,0.52,0.00,0.00,1.02,"",-1,-5.0,-7,-7.1,-5,-5.2,-10,-9.8,1707,0.1,0,0.0,0,0.0,86,8.2
"17107","2","10","71","0","2017","4","N",2,0,0,0,0,0,0,0,"N",0.49,0,0,0,0,0,0,0,"N",0,0.0,0,0,0,0,0,0,0,0,0,0,0,0,0,0
"17107","3","10","71","0","2017","4","N",57,0,0,0,0,0,0,0,"N",5.77,0,0,0,0,0,0,0,"N",-2,-3.4,0,0,0,0,0,0,0,0,0,0,0,0,0,0
"17107","5","10","71","0","2017","4","",503,7359,7269,7356,71417630,7078224,167170,750,"",0.89,0.93,0.93,0.93,0.89,0.99,0.99,0.96,"",-37,-6.9,99,1.4,-1,0.0,172,2.4,2590777,3.8,2780,0.0,-19103,-10.3,19,2.6
"17109","0","10","70","0","2017","4","",601,10897,11049,11070,105348040,8629270,248543,736,"",1.00,1.00,1.00,1.00,1.00,1.00,1.00,1.00,"",-57,-8.7,-305,-2.7,-181,-1.6,-70,-0.6,4109627,4.1,436270,5.3,5735,2.4,40,5.7
"17109","1","10","71","0","2017","4","",13,90,89,93,1241218,0,0,1053,"",3.61,0.43,0.42,0.44,0.43,0.00,0.00,1.00,"",-1,-7.1,-4,-4.3,-5,-5.3,-6,-6.1,38866,3.2,0,0.0,0,0.0,86,8.9
"17109","2","10","71","0","2017","4","N",1,0,0,0,0,0,0,0,"N",0.24,0,0,0,0,0,0,0,"N",0,0.0,0,0,0,0,0,0,0,0,0,0,0,0,0,0
"17109","3","10","71","0","2017","4","N",47,0,0,0,0,0,0,0,"N",4.60,0,0,0,0,0,0,0,"N",1,2.2,0,0,0,0,0,0,0,0,0,0,0,0,0,0
"17109","5","10","71","0","2017","4","",540,7081,7117,7134,61651182,8232148,244143,667,"",0.93,0.76,0.76,0.76,0.69,0.99,0.99,0.90,"",-57,-9.5,-156,-2.2,-117,-1.6,2,0.0,4535049,7.9,482173,6.2,6258,2.6,57,9.3
"17111","0","10","70","0","2017","4","",7824,99542,99229,98769,1185001134,114299010,2963679,919,"",1.00,1.00,1.00,1.00,1.00,1.00,1.00,1.00,"",-877,-10.1,1183,1.2,1558,1.6,1778,1.8,53868503,4.8,4062158,3.7,-26601,-0.9,28,3.1
"17111","1","10","71","0","2017","4","",22,491,483,490,7668315,0,0,1209,"",0.47,0.26,0.25,0.26,0.24,0.00,0.00,0.92,"",-1,-4.3,12,2.5,9,1.9,3,0.6,-246018,-3.1,0,0.0,0,0.0,-59,-4.7
"17111","3","10","71","0","2017","4","",124,13971,13919,13948,160102877,1088565,16874,883,"",0.93,1.42,1.41,1.43,1.57,0.48,1.08,1.11,"",0,0.0,-168,-1.2,-137,-1.0,-154,-1.1,3529849,2.3,121841,12.6,1155,7.3,29,3.4
"17111","5","10","71","0","2017","4","",7678,85080,84827,84331,1017229942,113210445,2946805,923,"",1.01,1.01,1.01,1.00,1.01,1.02,1.00,1.00,"",-876,-10.2,1339,1.6,1686,2.0,1929,2.3,50584672,5.2,3940317,3.6,-27756,-0.9,28,3.1
"17113","0","10","70","0","2017","4","",3371,84125,84108,83325,1029281225,73385631,2021762,944,"",1.00,1.00,1.00,1.00,1.00,1.00,1.00,1.00,"",-363,-9.7,-885,-1.0,-857,-1.0,-534,-0.6,19989367,2.0,-2617525,-3.4,-93740,-4.4,26,2.8
"17113","1","10","71","0","2017","4","",31,460,463,484,6068639,0,0,995,"",1.53,0.28,0.29,0.30,0.21,0.00,0.00,0.74,"",-1,-3.1,7,1.5,40,9.5,-16,-3.2,11347,0.2,0,0.0,0,0.0,-21,-2.1
"17113","2","10","71","0","2017","4","N",1,0,0,0,0,0,0,0,"N",0.04,0,0,0,0,0,0,0,"N",0,0.0,0,0,0,0,0,0,0,0,0,0,0,0,0,0
"17113","3","10","71","0","2017","4","N",96,0,0,0,0,0,0,0,"N",1.68,0,0,0,0,0,0,0,"N",-7,-6.8,0,0,0,0,0,0,0,0,0,0,0,0,0,0
"17113","5","10","71","0","2017","4","",3243,71846,71763,71265,888438857,72431802,2010186,954,"",0.99,1.01,1.00,1.01,1.01,1.02,1.00,1.01,"",-355,-9.9,-942,-1.3,-957,-1.3,-626,-0.9,17291891,2.0,-1188769,-1.6,-80350,-3.8,29,3.1
"17115","0","10","70","0","2017","4","",2186,49998,49980,49574,617170859,45468913,1404977,952,"",1.00,1.00,1.00,1.00,1.00,1.00,1.00,1.00,"",-207,-8.7,341,0.7,402,0.8,134,0.3,15988206,2.7,732816,1.6,-2775,-0.2,19,2.0
"17115","1","10","71","0","2017","4","",25,317,309,307,4667156,0,0,1154,"",1.91,0.33,0.32,0.32,0.28,0.00,0.00,0.85,"",-1,-3.8,0,0.0,-4,-1.3,-6,-1.9,87170,1.9,0,0.0,0,0.0,33,2.9
"17115","2","10","71","0","2017","4","N",1,0,0,0,0,0,0,0,"N",0.07,0,0,0,0,0,0,0,"N",0,0.0,0,0,0,0,0,0,0,0,0,0,0,0,0,0
"17115","3","10","71","0","2017","4","N",73,0,0,0,0,0,0,0,"N",1.96,0,0,0,0,0,0,0,"N",0,0.0,0,0,0,0,0,0,0,0,0,0,0,0,0,0
"17115","5","10","71","0","2017","4","",2087,44623,44700,44391,561337604,45097309,1398484,969,"",0.98,1.05,1.05,1.05,1.07,1.03,1.00,1.01,"",-206,-9.0,367,0.8,433,1.0,278,0.6,14314232,2.6,835991,1.9,5543,0.4,17,1.8
"17117","0","10","70","0","2017","4","",895,10383,10341,10495,97872246,9161762,208031,723,"",1.00,1.00,1.00,1.00,1.00,1.00,1.00,1.00,"",-91,-9.2,20,0.2,105,1.0,296,2.9,1553677,1.6,251599,2.8,-9554,-4.4,1,0.1
"17117","1","10","71","0","2017","4","",20,113,113,112,1494896,0,0,1021,"",3.73,0.57,0.57,0.55,0.56,0.00,0.00,0.99,"",-1,-4.8,-3,-2.6,0,0.0,-3,-2.6,27481,1.9,0,0.0,0,0.0,37,3.8
"17117","3","10","71","0","2017","4","",86,2044,2052,2029,16689729,631348,9216,629,"",5.65,1.99,2.00,1.95,1.98,3.48,8.42,1.00,"",-2,-2.3,-14,-0.7,-4,-0.2,-36,-1.7,-111669,-0.7,-161269,-20.3,-4930,-34.9,2,0.3
"17117","5","10","71","0","2017","4","",789,8226,8176,8354,79687621,8530414,198815,743,"",0.91,0.93,0.93,0.94,0.95,0.96,0.96,1.02,"",-88,-10.0,37,0.5,109,1.4,335,4.2,1637865,2.1,412868,5.1,-4624,-2.3,1,0.1
"17119","0","10","70","0","2017","4","",5433,100530,101769,101929,1128606418,127118097,4110366,856,"",1.00,1.00,1.00,1.00,1.00,1.00,1.00,1.00,"",-499,-8.4,-1032,-1.0,424,0.4,1368,1.4,27101513,2.5,9907116,8.5,22818,0.6,18,2.1
"17119","1","10","71","0","2017","4","",35,555,559,560,8652478,0,0,1193,"",1.07,0.29,0.29,0.29,0.28,0.00,0.00,0.97,"",-2,-5.4,3,0.5,-1,-0.2,-9,-1.6,232672,2.8,0,0.0,0,0.0,37,3.2
"17119","2","10","71","0","2017","4","",3,3376,3340,3382,49973467,0,0,1142,"",0.08,1.05,1.02,1.04,1.36,0.00,0.00,1.31,"",0,0.0,71,2.1,18,0.5,3,0.1,3566042,7.7,0,0.0,0,0.0,72,6.7
"17119","3","10","71","0","2017","4","",132,10714,10604,10602,111925457,2743832,40432,809,"",1.43,1.08,1.05,1.05,1.15,1.09,1.87,1.09,"",-2,-1.5,-111,-1.0,-127,-1.2,-54,-0.5,572133,0.5,119949,4.6,-1819,-4.3,11,1.4
"17119","5","10","71","0","2017","4","",5263,85885,87266,87385,958055016,124374265,4069934,849,"",1.00,1.01,1.01,1.01,0.99,1.01,1.00,0.99,"",-495,-8.6,-995,-1.1,534,0.6,1428,1.7,22730666,2.4,9787167,8.5,24637,0.6,17,2.0
"17121","0","10","70","0","2017","4","",836,12960,12994,12978,124704194,12672051,329150,739,"",1.00,1.00,1.00,1.00,1.00,1.00,1.00,1.00,"",-84,-9.1,-6,0.0,34,0.3,25,0.2,4069453,3.4,-213475,-1.7,-41361,-11.2,23,3.2
"17121","1","10","71","0","2017","4","",14,106,104,107,1446176,0,0,1053,"",2.79,0.42,0.42,0.43,0.42,0.00,0.00,1.00,"",-1,-6.7,-10,-8.6,2,2.0,-2,-1.8,-4708,-0.3,0,0.0,0,0.0,29,2.8
"17121","3","10","71","0","2017","4","",59,1909,1891,1905,17410760,817320,10970,704,"",4.15,1.49,1.47,1.48,1.62,3.26,6.33,1.10,"",1,1.7,31,1.7,14,0.7,36,1.9,1481150,9.3,-100813,-11.0,-4917,-30.9,50,7.6
"17121","5","10","71","0","2017","4","",763,10945,10999,10966,105847258,11854731,318180,742,"",0.94,0.99,1.00,0.99,0.99,0.97,0.97,1.00,"",-84,-9.9,-27,-0.2,18,0.2,-9,-0.1,2593011,2.5,-112662,-0.9,-36444,-10.3,18,2.5
"17123","0","10","70","0","2017","4","",263,2960,2903,2885,27295548,2767115,75249,720,"",1.00,1.00,1.00,1.00,1.00,1.00,1.00,1.00,"",-15,-5.4,-6,-0.2,-81,-2.7,-53,-1.8,-6069,0.0,-135382,-4.7,-4764,-6.0,11,1.6
"17123","1","10","71","0","2017","4","",10,38,36,36,432249,0,0,907,"",6.34,0.67,0.65,0.65,0.58,0.00,0.00,0.88,"",-1,-9.1,1,2.7,-4,-10.0,-5,-12.2,-7695,-1.7,0,0.0,0,0.0,47,5.5
"17123","3","10","71","0","2017","4","",28,444,441,448,3173493,104207,1403,549,"",6.26,1.51,1.53,1.57,1.35,1.90,3.54,0.88,"",-2,-6.7,35,8.6,24,5.8,21,4.9,-26945,-0.8,10682,11.4,710,102.5,-40,-6.8
"17123","5","10","71","0","2017","4","",225,2478,2426,2401,23689806,2662908,73846,748,"",0.88,0.99,0.98,0.98,1.02,0.99,0.99,1.03,"",-12,-5.1,-42,-1.7,-101,-4.0,-69,-2.8,28571,0.1,-146064,-5.2,-5474,-6.9,22,3.0
"17125","0","10","70","0","2017","4","",316,3228,3131,3110,28541473,2964373,79601,696,"",1.00,1.00,1.00,1.00,1.00,1.00,1.00,1.00,"",-12,-3.7,143,4.6,77,2.5,75,2.5,2682387,10.4,285777,10.7,-552,-0.7,46,7.1
"17125","1","10","71","0","2017","4","",13,54,57,57,698057,0,0,959,"",6.86,0.87,0.95,0.95,0.89,0.00,0.00,0.96,"",-1,-7.1,-7,-11.5,-5,-8.1,-6,-9.5,9464,1.4,0,0.0,0,0.0,105,12.3
"17125","3","10","71","0","2017","4","",32,1011,1011,996,9244579,209973,3415,707,"",5.96,3.16,3.25,3.24,3.77,3.58,8.15,1.17,"",-3,-8.6,36,3.7,29,3.0,2,0.2,414081,4.7,-1487,-0.7,595,21.1,16,2.3
"17125","5","10","71","0","2017","4","",271,2163,2063,2057,18598837,2754400,76186,683,"",0.88,0.79,0.78,0.78,0.76,0.96,0.96,0.98,"",-8,-2.9,114,5.6,53,2.6,79,4.0,2258842,13.8,287264,11.6,-1147,-1.5,58,9.3
"17127","0","10","70","0","2017","4","",208,3006,3028,3029,31926742,2537901,59141,813,"",1.00,1.00,1.00,1.00,1.00,1.00,1.00,1.00,"",-15,-6.7,-316,-9.5,-299,-9.0,-299,-9.0,-7059014,-18.1,-188810,-6.9,-14904,-20.1,-89,-9.9
"17127","1","10","71","0","2017","4","",5,49,46,43,739523,0,0,1237,"",4.01,0.85,0.79,0.74,0.84,0.00,0.00,1.06,"",-1,-16.7,3,6.5,-1,-2.1,-1,-2.3,26251,3.7,0,0.0,0,0.0,36,3.0
"17127","3","10","71","0","2017","4","",20,787,815,798,8338797,182963,2837,802,"",5.66,2.64,2.71,2.66,3.04,3.64,9.11,1.14,"",0,0.0,-25,-3.1,6,0.7,-44,-5.2,157395,1.9,-947,-0.5,-296,-9.4,35,4.6
"17127","5","10","71","0","2017","4","",183,2170,2167,2188,22848422,2354938,56304,808,"",0.91,0.85,0.84,0.85,0.84,0.96,0.96,0.99,"",-14,-7.1,-294,-11.9,-304,-12.3,-254,-10.4,-7242660,-24.1,-187863,-7.4,-14608,-20.6,-133,-14.1
"17129","0","10","70","0","2017","4","",221,1768,1742,1772,14862760,1708733,46508,649,"",1.00,1.00,1.00,1.00,1.00,1.00,1.00,1.00,"",-24,-9.8,-18,-1.0,-12,-0.7,-16,-0.9,46241,0.3,208423,13.9,2292,5.2,7,1.1
"17129","1","10","71","0","2017","4","",8,27,27,28,353599,0,0,995,"",6.04,0.79,0.81,0.82,0.87,0.00,0.00,1.07,"",-1,-11.1,-1,-3.6,-4,-12.9,-5,-15.2,4108,1.2,0,0.0,0,0.0,118,13.5
"17129","3","10","71","0","2017","4","",23,614,623,638,4728983,53116,924,582,"",6.12,3.50,3.60,3.64,3.70,1.57,3.78,1.03,"",0,0.0,-4,-0.6,14,2.3,-7,-1.1,-266,0.0,2458,4.9,-31,-3.2,-1,-0.2
"17129","5","10","71","0","2017","4","",190,1127,1092,1106,9780178,1655617,45584,679,"",0.89,0.75,0.74,0.73,0.77,1.00,0.99,1.04,"",-23,-10.8,-13,-1.1,-22,-2.0,-4,-0.4,42399,0.4,205965,14.2,2323,5.4,11,1.6
"17131","0","10","70","0","2017","4","",297,3164,3098,3077,26150790,3125032,97508,646,"",1.00,1.00,1.00,1.00,1.00,1.00,1.00,1.00,"",-28,-8.6,132,4.4,63,2.1,111,3.7,1175298,4.7,203899,7.0,9619,10.9,8,1.3
"17131","1","10","71","0","2017","4","",13,54,50,52,682251,0,0,1009,"",7.30,0.89,0.84,0.88,0.95,0.00,0.00,1.09,"",-1,-7.1,3,5.9,-5,-9.1,-5,-8.8,47512,7.5,0,0.0,0,0.0,110,12.2
"17131","3","10","71","0","2017","4","",38,762,750,738,5126045,229258,2993,526,"",7.53,2.43,2.44,2.42,2.28,3.71,5.83,0.94,"",-2,-5.0,30,4.1,28,3.9,48,7.0,-405355,-7.3,-9545,-4.0,94,3.2,-69,-11.6
"17131","5","10","71","0","2017","4","",246,2348,2298,2287,20342494,2895774,94515,677,"",0.85,0.87,0.87,0.87,0.91,0.96,0.98,1.04,"",-25,-9.2,99,4.4,40,1.8,68,3.1,1533141,8.2,213444,8.0,9525,11.2,32,5.0
"17133","0","10","70","0","2017","4","",761,8937,8757,8690,83177468,10549789,279510,728,"",1.00,1.00,1.00,1.00,1.00,1.00,1.00,1.00,"",-55,-6.7,439,5.2,388,4.6,417,5.0,7108084,9.3,1259323,13.6,8023,3.0,30,4.3
"17133","1","10","71","0","2017","4","",9,74,70,68,947040,0,0,1031,"",1.97,0.43,0.42,0.41,0.41,0.00,0.00,0.99,"",0,0.0,6,8.8,-4,-5.4,-4,-5.6,52720,5.9,0,0.0,0,0.0,67,7.0
"17133","3","10","71","0","2017","4","",38,1447,1413,1415,12377110,332880,2364,668,"",2.94,1.63,1.62,1.65,1.73,1.59,1.61,1.06,"",1,2.7,56,4.0,45,3.3,2,0.1,222399,1.8,19827,6.3,101,4.5,-4,-0.6
"17133","5","10","71","0","2017","4","",714,7416,7274,7207,69853318,10216909,277146,736,"",0.97,0.98,0.98,0.98,0.98,1.00,1.00,1.01,"",-56,-7.3,377,5.4,347,5.0,419,6.2,6832965,10.8,1239496,13.8,7922,2.9,35,5.0
"17135","0","10","70","0","2017","4","",696,8803,8829,8777,85633616,8430092,194745,748,"",1.00,1.00,1.00,1.00,1.00,1.00,1.00,1.00,"",-51,-6.8,-50,-0.6,-4,0.0,-6,-0.1,2467966,3.0,-69962,-0.8,-27983,-12.6,23,3.2
"17135","1","10","71","0","2017","4","",20,108,104,103,1409839,0,0,1033,"",4.79,0.64,0.62,0.61,0.60,0.00,0.00,0.97,"",-1,-4.8,2,1.9,1,1.0,-4,-3.7,37190,2.7,0,0.0,0,0.0,31,3.1
"17135","2","10","71","0","2017","4","N",1,0,0,0,0,0,0,0,"N",0.21,0,0,0,0,0,0,0,"N",0,0.0,0,0,0,0,0,0,0,0,0,0,0,0,0,0
"17135","3","10","71","0","2017","4","N",58,0,0,0,0,0,0,0,"N",4.90,0,0,0,0,0,0,0,"N",-4,-6.5,0,0,0,0,0,0,0,0,0,0,0,0,0,0
"17135","5","10","71","0","2017","4","",617,7067,7074,7026,65650371,8184744,190876,716,"",0.91,0.94,0.94,0.94,0.90,1.00,0.99,0.95,"",-46,-6.9,-35,-0.5,-19,-0.3,6,0.1,701418,1.1,76158,0.9,-26071,-12.0,10,1.4
"17137","0","10","70","0","2017","4","",766,14055,14114,14056,139071602,11540357,265868,760,"",1.00,1.00,1.00,1.00,1.00,1.00,1.00,1.00,"",-41,-5.1,-367,-2.5,-399,-2.7,-413,-2.9,-6079047,-4.2,-313740,-2.6,-43219,-14.0,-12,-1.6
"17137","1","10","71","0","2017","4","",12,71,75,76,1031472,0,0,1072,"",2.61,0.26,0.28,0.28,0.27,0.00,0.00,0.99,"",-1,-7.7,-9,-11.2,-7,-8.5,-5,-6.2,-36126,-3.4,0,0.0,0,0.0,58,5.7
"17137","2","10","71","0","2017","4","",3,736,734,735,11902013,0,0,1246,"",0.56,1.63,1.62,1.64,2.62,0.00,0.00,1.61,"",0,0.0,21,2.9,-19,-2.5,-7,-0.9,616726,5.5,0,0.0,0,0.0,68,5.8
"17137","3","10","71","0","2017","4","",38,1571,1575,1604,13203935,441280,5164,641,"",2.92,1.13,1.12,1.15,1.10,1.93,3.69,0.97,"",-1,-2.6,-8,-0.5,-4,-0.3,23,1.5,91313,0.7,11342,2.6,-1329,-20.5,2,0.3
"17137","5","10","71","0","2017","4","",713,11677,11730,11641,112934182,11099077,260704,744,"",0.96,0.98,0.98,0.97,0.95,0.99,0.99,0.97,"",-39,-5.2,-371,-3.1,-369,-3.0,-424,-3.5,-6750960,-5.6,-325082,-2.8,-41890,-13.8,-19,-2.5
"17139","0","10","70","0","2017","4","",341,5063,5000,4937,50729171,4822690,94065,780,"",1.00,1.00,1.00,1.00,1.00,1.00,1.00,1.00,"",-13,-3.7,58,1.2,18,0.4,-37,-0.7,3424659,7.2,72601,1.5,-4549,-4.6,50,6.8
"17139","1","10","71","0","2017","4","",5,28,29,30,357891,0,0,949,"",2.44,0.29,0.30,0.32,0.26,0.00,0.00,0.85,"",-1,-16.7,1,3.7,3,11.5,-2,-6.2,9821,2.8,0,0.0,0,0.0,4,0.4
"17139","3","10","71","0","2017","4","",22,470,475,492,4085026,99931,595,656,"",3.80,0.94,0.96,1.01,0.94,1.05,1.20,0.97,"",-1,-4.3,4,0.9,25,5.6,7,1.4,314541,8.3,-263357,-72.5,-4572,-88.5,35,5.6
"17139","5","10","71","0","2017","4","",314,4565,4496,4415,46286254,4722759,93470,793,"",0.95,1.06,1.06,1.05,1.07,1.01,1.00,1.01,"",-11,-3.4,53,1.2,-10,-0.2,-42,-0.9,3100297,7.2,335958,7.7,23,0.0,53,7.2
"17141","0","10","70","0","2017","4","",1030,15922,15836,15517,178047011,15932360,408769,869,"",1.00,1.00,1.00,1.00,1.00,1.00,1.00,1.00,"",-101,-8.9,-236,-1.5,-363,-2.2,-283,-1.8,-1530867,-0.9,644603,4.2,-37945,-8.5,8,0.9
"17141","1","10","71","0","2017","4","",20,113,113,113,1534022,0,0,1044,"",3.24,0.37,0.37,0.38,0.31,0.00,0.00,0.84,"",-2,-9.1,1,0.9,-5,-4.2,-1,-0.9,-9443,-0.6,0,0.0,0,0.0,9,0.9
"17141","3","10","71","0","2017","4","",60,2824,2830,2769,23474400,1218161,12765,643,"",3.43,1.79,1.80,1.80,1.53,3.86,5.93,0.85,"",-5,-7.7,33,1.2,34,1.2,-5,-0.2,-1498587,-6.0,-14557,-1.2,-1592,-11.1,-46,-6.7
"17141","5","10","71","0","2017","4","",950,12985,12893,12635,153038589,14714199,396004,917,"",0.95,0.96,0.96,0.96,1.01,0.95,0.98,1.05,"",-94,-9.0,-270,-2.0,-392,-3.0,-277,-2.1,-22837,0.0,659160,4.7,-36353,-8.4,22,2.5
"17143","0","10","70","0","2017","4","",4211,104796,105118,105077,1481930607,94882508,3344387,1086,"",1.00,1.00,1.00,1.00,1.00,1.00,1.00,1.00,"",-300,-6.7,3842,3.8,3787,3.7,4759,4.7,184605830,14.2,16230474,20.6,783439,30.6,97,9.8
"17143","1","10","71","0","2017","4","",46,1584,1564,1567,28688573,0,0,1404,"",1.82,0.79,0.78,0.77,0.70,0.00,0.00,0.90,"",-2,-4.2,-33,-2.0,-55,-3.4,-58,-3.6,1623,0.0,0,0.0,0,0.0,42,3.1
"17143","2","10","71","0","2017","4","N",2,0,0,0,0,0,0,0,"N",0.07,0,0,0,0,0,0,0,"N",0,0.0,0,0,0,0,0,0,0,0,0,0,0,0,0,0
"17143","3","10","71","0","2017","4","N",182,0,0,0,0,0,0,0,"N",2.54,0,0,0,0,0,0,0,"N",-6,-3.2,0,0,0,0,0,0,0,0,0,0,0,0,0,0
"17143","5","10","71","0","2017","4","",3981,94061,94417,94244,1353490083,94364155,3335922,1105,"",0.97,1.06,1.06,1.06,1.07,1.03,1.00,1.01,"",-292,-6.8,3793,4.2,3881,4.3,4759,5.3,181010796,15.4,16242640,20.8,782670,30.7,104,10.4
"17145","0","10","70","0","2017","4","",358,4738,4739,4780,46765159,4176142,105649,757,"",1.00,1.00,1.00,1.00,1.00,1.00,1.00,1.00,"",-21,-5.5,-34,-0.7,63,1.3,56,1.2,1604192,3.6,-236569,-5.4,-9806,-8.5,22,3.0
"17145","1","10","71","0","2017","4","",7,45,44,45,593130,0,0,1021,"",3.26,0.49,0.49,0.49,0.46,0.00,0.00,0.94,"",-1,-12.5,-3,-6.2,-5,-10.2,-5,-10.0,-31192,-5.0,0,0.0,0,0.0,41,4.2
"17145","2","10","71","0","2017","4","N",1,0,0,0,0,0,0,0,"N",0.40,0,0,0,0,0,0,0,"N",0,0.0,0,0,0,0,0,0,0,0,0,0,0,0,0,0
"17145","3","10","71","0","2017","4","N",18,0,0,0,0,0,0,0,"N",2.96,0,0,0,0,0,0,0,"N",0,0.0,0,0,0,0,0,0,0,0,0,0,0,0,0,0
"17145","5","10","71","0","2017","4","",332,3342,3359,3381,29223522,3890236,99227,669,"",0.96,0.83,0.83,0.83,0.73,0.96,0.95,0.88,"",-20,-5.7,-42,-1.2,-5,-0.1,25,0.7,1085889,3.9,-178696,-4.4,-10535,-9.6,26,4.0
"17147","0","10","70","0","2017","4","",365,3630,3595,3582,32961539,4264730,94373,704,"",1.00,1.00,1.00,1.00,1.00,1.00,1.00,1.00,"",-18,-4.7,223,6.5,208,6.1,287,8.7,1553556,4.9,661465,18.4,12729,15.6,-14,-1.9
"17147","1","10","71","0","2017","4","",11,36,40,37,476181,0,0,972,"",5.02,0.52,0.58,0.54,0.53,0.00,0.00,0.97,"",-1,-8.3,-5,-12.2,-4,-9.1,-6,-14.0,-5180,-1.1,0,0.0,0,0.0,104,12.0
"17147","3","10","71","0","2017","4","",38,924,946,904,7459708,633285,9884,621,"",6.13,2.57,2.65,2.55,2.63,7.50,19.90,1.02,"",-2,-5.0,7,0.8,-2,-0.2,11,1.2,416532,5.9,-238407,-27.3,-995,-9.1,32,5.4
"17147","5","10","71","0","2017","4","",316,2670,2609,2641,25025650,3631445,84489,729,"",0.89,0.87,0.85,0.87,0.89,0.88,0.90,1.03,"",-15,-4.5,221,9.0,214,8.9,282,12.0,1142204,4.8,899872,32.9,13724,19.4,-36,-4.7
"17149","0","10","70","0","2017","4","",420,4089,4035,4055,36543537,4135175,80794,692,"",1.00,1.00,1.00,1.00,1.00,1.00,1.00,1.00,"",-53,-11.2,31,0.8,20,0.5,115,2.9,3176951,9.5,-185330,-4.3,-18996,-19.0,51,8.0
"17149","1","10","71","0","2017","4","",15,53,55,58,651472,0,0,906,"",5.95,0.67,0.71,0.74,0.65,0.00,0.00,0.92,"",-1,-6.2,-6,-10.2,-3,-5.2,3,5.5,7733,1.2,0,0.0,0,0.0,42,4.9
"17149","3","10","71","0","2017","4","",40,824,805,797,5904386,322223,2211,562,"",5.60,2.03,2.01,1.99,1.88,3.94,5.20,0.94,"",-5,-11.1,20,2.5,3,0.4,4,0.5,-9941,-0.2,-166561,-34.1,-3093,-58.3,-7,-1.2
"17149","5","10","71","0","2017","4","",365,3212,3175,3200,29987679,3812952,78583,722,"",0.90,0.92,0.93,0.93,0.96,0.95,0.98,1.04,"",-47,-11.4,17,0.5,20,0.6,108,3.5,3179159,11.9,-18769,-0.5,-15903,-16.8,67,10.2
"17151","0","10","70","0","2017","4","",55,602,658,650,4726904,740885,10090,571,"",1.00,1.00,1.00,1.00,1.00,1.00,1.00,1.00,"",-2,-3.5,24,4.2,74,12.7,72,12.5,558721,13.4,207333,38.9,3097,44.3,18,3.3
"17151","1","10","71","0","2017","4","",5,63,62,58,876734,0,0,1106,"",15.16,5.44,4.92,4.63,6.75,0.00,0.00,1.35,"",-1,-16.7,-5,-7.4,-5,-7.5,-11,-15.9,-19295,-2.2,0,0.0,0,0.0,92,9.1
"17151","3","10","71","0","2017","4","",8,170,167,167,1094785,47900,494,501,"",8.56,2.85,2.56,2.60,2.69,3.27,9.30,1.01,"",0,0.0,2,1.2,-4,-2.3,4,2.5,13836,1.3,-7665,-13.8,-183,-27.0,4,0.8
"17151","5","10","71","0","2017","4","",42,369,429,425,2755385,692985,9596,520,"",0.79,0.72,0.77,0.77,0.68,0.97,0.96,0.91,"",-1,-2.3,27,7.9,83,24.0,79,22.8,564180,25.7,214998,45.0,3280,51.9,31,6.3
"17153","0","10","70","0","2017","4","",108,2006,1974,1865,23905926,1929740,79031,944,"",1.00,1.00,1.00,1.00,1.00,1.00,1.00,1.00,"",-4,-3.6,547,37.5,560,39.6,416,28.7,6842349,40.1,-495430,-20.4,-7152,-8.3,33,3.6
"17153","1","10","71","0","2017","4","",10,54,56,55,1055207,0,0,1476,"",15.44,1.40,1.48,1.53,1.61,0.00,0.00,1.09,"",-1,-9.1,-9,-14.3,-5,-8.2,-4,-6.8,-100451,-8.7,0,0.0,0,0.0,19,1.3
"17153","3","10","71","0","2017","4","",15,754,755,764,4988354,542492,9525,506,"",8.17,3.79,3.85,4.14,2.43,14.20,22.90,0.62,"",0,0.0,62,9.0,105,16.2,59,8.4,-2857696,-36.4,-698160,-56.3,-13933,-59.4,-379,-42.8
"17153","5","10","71","0","2017","4","",83,1198,1163,1046,17862365,1387248,69506,1210,"",0.79,0.70,0.69,0.66,0.88,0.74,0.89,1.27,"",-3,-3.5,494,70.2,460,65.4,361,52.7,9800496,121.6,202730,17.1,6781,10.8,321,36.1
"17155","0","10","70","0","2017","4","",160,1783,1765,1727,23277527,1414723,39148,1018,"",1.00,1.00,1.00,1.00,1.00,1.00,1.00,1.00,"",-6,-3.6,20,1.1,-1,-0.1,14,0.8,144327,0.6,-137233,-8.8,-4434,-10.2,0,0.0
"17155","1","10","71","0","2017","4","",7,14,14,14,147228,0,0,809,"",7.29,0.41,0.41,0.42,0.23,0.00,0.00,0.56,"",-1,-12.5,0,0.0,0,0.0,1,7.7,14377,10.8,0,0.0,0,0.0,61,8.2
"17155","3","10","71","0","2017","4","",20,296,303,319,2075088,93063,587,522,"",7.35,1.68,1.73,1.87,1.04,3.32,2.85,0.59,"",-1,-4.8,-7,-2.3,-10,-3.2,12,3.9,14419,0.7,-18524,-16.6,-691,-54.1,7,1.4
"17155","5","10","71","0","2017","4","",133,1473,1448,1394,21055211,1321660,38561,1126,"",0.86,0.97,0.97,0.95,1.06,0.97,0.99,1.10,"",-4,-2.9,27,1.9,9,0.6,1,0.1,115531,0.6,-118709,-8.2,-3743,-8.8,-4,-0.4
"17157","0","10","70","0","2017","4","",621,12326,12220,12217,129527913,10833470,234717,813,"",1.00,1.00,1.00,1.00,1.00,1.00,1.00,1.00,"",-55,-8.1,-311,-2.5,-463,-3.7,-362,-2.9,-3235430,-2.4,-1266579,-10.5,-117352,-33.3,5,0.6
"17157","1","10","71","0","2017","4","",16,87,88,86,1196136,0,0,1058,"",4.30,0.37,0.38,0.37,0.34,0.00,0.00,0.91,"",-1,-5.9,2,2.4,1,1.1,-6,-6.5,25024,2.1,0,0.0,0,0.0,34,3.3
"17157","2","10","71","0","2017","4","N",2,0,0,0,0,0,0,0,"N",0.46,0,0,0,0,0,0,0,"N",0,0.0,0,0,0,0,0,0,0,0,0,0,0,0,0,0
"17157","3","10","71","0","2017","4","N",48,0,0,0,0,0,0,0,"N",4.55,0,0,0,0,0,0,0,"N",-2,-4.0,0,0,0,0,0,0,0,0,0,0,0,0,0,0
"17157","5","10","71","0","2017","4","",555,8950,8864,8863,87596399,10591084,231914,758,"",0.92,0.85,0.85,0.85,0.79,1.01,0.99,0.93,"",-52,-8.6,-361,-3.9,-433,-4.7,-359,-3.9,-2627575,-2.9,-1248574,-10.5,-117839,-33.7,10,1.3
"17159","0","10","70","0","2017","4","",424,6086,6105,6068,55417930,6687299,146058,700,"",1.00,1.00,1.00,1.00,1.00,1.00,1.00,1.00,"",-22,-4.9,5,0.1,-56,-0.9,-30,-0.5,-157278,-0.3,-1184786,-15.1,-40670,-21.8,1,0.1
"17159","1","10","71","0","2017","4","",9,51,47,46,573851,0,0,920,"",3.54,0.44,0.40,0.39,0.38,0.00,0.00,0.92,"",-1,-10.0,-1,-1.9,-4,-7.8,-7,-13.2,-15665,-2.7,0,0.0,0,0.0,48,5.5
"17159","3","10","71","0","2017","4","",19,791,819,799,6867171,190671,1887,658,"",2.64,1.31,1.35,1.33,1.44,1.44,2.45,1.08,"",1,5.6,-8,-1.0,33,4.2,7,0.9,-252971,-3.6,-26127,-12.1,-197,-9.5,-33,-4.8
"17159","5","10","71","0","2017","4","",396,5244,5239,5223,47976908,6496628,144171,705,"",0.96,1.01,1.01,1.01,1.01,1.00,0.99,1.00,"",-22,-5.3,14,0.3,-85,-1.6,-30,-0.6,111358,0.2,-1158659,-15.1,-40473,-21.9,6,0.9
"17161","0","10","70","0","2017","4","",2987,74620,74711,74808,1230951726,65984087,1802099,1267,"",1.00,1.00,1.00,1.00,1.00,1.00,1.00,1.00,"",-176,-5.6,2579,3.6,2863,4.0,2431,3.4,55980743,4.8,7355757,12.5,148915,9.0,13,1.0
"17161","1","10","71","0","2017","4","",56,4987,4984,4986,89945987,0,0,1388,"",3.13,3.47,3.49,3.46,2.66,0.00,0.00,0.77,"",-1,-1.8,-7,-0.1,-21,-0.4,-93,-1.8,1526587,1.7,0,0.0,0,0.0,35,2.6
"17161","2","10","71","0","2017","4","N",1,0,0,0,0,0,0,0,"N",0.05,0,0,0,0,0,0,0,"N",0,0.0,0,0,0,0,0,0,0,0,0,0,0,0,0,0
"17161","3","10","71","0","2017","4","N",95,0,0,0,0,0,0,0,"N",1.87,0,0,0,0,0,0,0,"N",0,0.0,0,0,0,0,0,0,0,0,0,0,0,0,0,0
"17161","5","10","71","0","2017","4","",2835,62319,62457,62696,1061405472,65300241,1792759,1307,"",0.98,0.98,0.98,0.99,1.01,1.02,1.00,1.03,"",-175,-5.8,2395,4.0,2783,4.7,2682,4.5,55646581,5.5,7344828,12.7,147002,8.9,15,1.2
"17163","0","10","70","0","2017","4","",5079,94709,95158,95068,1055791423,99586717,2771521,855,"",1.00,1.00,1.00,1.00,1.00,1.00,1.00,1.00,"",-354,-6.5,433,0.5,439,0.5,549,0.6,35566421,3.5,2583020,2.7,-206676,-6.9,25,3.0
"17163","1","10","71","0","2017","4","",72,5913,5928,5931,119371115,0,0,1550,"",2.36,3.24,3.26,3.24,4.11,0.00,0.00,1.27,"",0,0.0,-22,-0.4,-54,-0.9,-53,-0.9,3566549,3.1,0,0.0,0,0.0,57,3.8
"17163","2","10","71","0","2017","4","N",2,0,0,0,0,0,0,0,"N",0.06,0,0,0,0,0,0,0,"N",0,0.0,0,0,0,0,0,0,0,0,0,0,0,0,0,0
"17163","3","10","71","0","2017","4","N",131,0,0,0,0,0,0,0,"N",1.52,0,0,0,0,0,0,0,"N",-2,-1.5,0,0,0,0,0,0,0,0,0,0,0,0,0,0
"17163","5","10","71","0","2017","4","",4874,76927,77277,77198,809390424,96042116,2708798,807,"",0.99,0.96,0.96,0.96,0.90,1.00,0.98,0.94,"",-352,-6.7,335,0.4,264,0.3,309,0.4,30596157,3.9,2709952,2.9,-198303,-6.8,27,3.5
"17165","0","10","70","0","2017","4","",521,7773,7790,7813,72563320,10112753,338425,716,"",1.00,1.00,1.00,1.00,1.00,1.00,1.00,1.00,"",-52,-9.1,-68,-0.9,-19,-0.2,31,0.4,-340201,-0.5,-333763,-3.2,11159,3.4,-2,-0.3
"17165","1","10","71","0","2017","4","",10,96,96,97,1309657,0,0,1046,"",3.20,0.64,0.64,0.64,0.66,0.00,0.00,1.02,"",-2,-16.7,-1,-1.0,1,1.1,-4,-4.0,16296,1.3,0,0.0,0,0.0,27,2.6
"17165","3","10","71","0","2017","4","",45,1489,1480,1487,9719800,965920,17729,503,"",5.08,1.93,1.91,1.92,1.56,4.82,9.95,0.81,"",-2,-4.3,-23,-1.5,-2,-0.1,8,0.5,106055,1.1,-1050257,-52.1,-6828,-27.8,7,1.4
"17165","5","10","71","0","2017","4","",466,6188,6214,6229,61533863,9146833,320696,762,"",0.92,0.94,0.94,0.94,0.99,0.93,0.95,1.06,"",-48,-9.3,-44,-0.7,-18,-0.3,27,0.4,-462552,-0.7,716494,8.5,17987,5.9,-4,-0.5
"17167","0","10","70","0","2017","4","",4771,129176,129769,129498,1791527788,96004725,2767070,1064,"",1.00,1.00,1.00,1.00,1.00,1.00,1.00,1.00,"",-378,-7.3,-430,-0.3,-122,-0.1,577,0.4,68399504,4.0,-982545,-1.0,-258897,-8.6,40,3.9
"17167","1","10","71","0","2017","4","",62,1771,1751,1765,30907830,0,0,1349,"",2.17,0.71,0.71,0.71,0.63,0.00,0.00,0.89,"",1,1.6,-9,-0.5,-19,-1.1,-44,-2.4,-14050,0.0,0,0.0,0,0.0,17,1.3
"17167","2","10","71","0","2017","4","",68,38149,38130,38241,685541161,0,0,1381,"",2.03,9.20,9.17,9.26,11.72,0.00,0.00,1.27,"",7,11.5,2094,5.8,2000,5.5,2087,5.8,30060074,4.6,0,0.0,0,0.0,-15,-1.1
"17167","3","10","71","0","2017","4","",116,9815,9828,9728,116928402,1038768,12608,919,"",1.43,0.77,0.76,0.76,0.76,0.55,0.87,1.00,"",-1,-0.9,31,0.3,98,1.0,7,0.1,6539960,5.9,-18421,-1.7,-2469,-16.4,48,5.5
"17167","5","10","71","0","2017","4","",4525,79441,80060,79764,958150395,94965957,2754462,924,"",0.98,0.72,0.73,0.72,0.63,1.02,1.00,0.86,"",-385,-7.8,-2546,-3.1,-2201,-2.7,-1473,-1.8,31813520,3.4,-964124,-1.0,-256428,-8.5,53,6.1
"17169","0","10","70","0","2017","4","",151,1607,1582,1523,16509305,1718293,44305,809,"",1.00,1.00,1.00,1.00,1.00,1.00,1.00,1.00,"",-11,-6.8,-13,-0.8,71,4.7,31,2.1,933631,6.0,210383,14.0,4434,11.1,31,4.0
"17169","1","10","71","0","2017","4","",5,20,20,21,223190,0,0,844,"",5.52,0.65,0.66,0.72,0.49,0.00,0.00,0.73,"",-2,-28.6,-2,-9.1,-2,-9.1,-4,-16.0,3912,1.8,0,0.0,0,0.0,111,15.1
"17169","3","10","71","0","2017","4","",13,536,528,526,4823814,8389,46,700,"",5.07,3.37,3.36,3.49,3.40,0.25,0.20,1.00,"",-1,-7.1,-13,-2.4,-13,-2.4,5,1.0,154581,3.3,-124282,-93.7,-1590,-97.2,31,4.6
"17169","5","10","71","0","2017","4","",133,1051,1034,976,11462301,1709904,44259,864,"",0.91,0.77,0.77,0.75,0.81,1.03,1.01,1.06,"",-8,-5.7,2,0.2,86,9.1,30,3.2,775138,7.3,334665,24.3,6024,15.8,26,3.1
"17171","0","10","70","0","2017","4","",93,1028,1022,1039,9340648,1033392,23498,698,"",1.00,1.00,1.00,1.00,1.00,1.00,1.00,1.00,"",-8,-7.9,-20,-1.9,-36,-3.4,18,1.8,292913,3.2,-63985,-5.8,-331,-1.4,30,4.5
"17171","1","10","71","0","2017","4","",6,13,12,13,144450,0,0,877,"",10.76,0.66,0.61,0.65,0.56,0.00,0.00,0.88,"",-1,-14.3,-1,-7.1,-3,-20.0,-5,-27.8,3043,2.2,0,0.0,0,0.0,183,26.4
"17171","3","10","71","0","2017","4","",15,314,319,333,1962452,183262,2284,469,"",9.49,3.08,3.14,3.24,2.44,8.96,18.47,0.77,"",-4,-21.1,5,1.6,-3,-0.9,7,2.1,-31030,-1.6,28353,18.3,300,15.1,-12,-2.5
"17171","5","10","71","0","2017","4","",72,701,691,693,7233746,850130,21214,801,"",0.80,0.80,0.80,0.78,0.91,0.85,0.91,1.14,"",-3,-4.0,-24,-3.3,-30,-4.2,16,2.4,320900,4.6,-92338,-9.8,-631,-2.9,50,6.7
"17173","0","10","70","0","2017","4","",446,4971,4926,4862,39712784,4523483,98866,621,"",1.00,1.00,1.00,1.00,1.00,1.00,1.00,1.00,"",-19,-4.1,57,1.2,59,1.2,139,2.9,1147707,3.0,202141,4.7,-12573,-11.3,7,1.1
"17173","1","10","71","0","2017","4","",15,88,92,93,1140965,0,0,964,"",5.61,0.92,0.98,0.99,1.05,0.00,0.00,1.09,"",-1,-6.2,-2,-2.2,2,2.2,0,0.0,99731,9.6,0,0.0,0,0.0,84,9.5
"17173","3","10","71","0","2017","4","",54,795,799,785,4901084,317276,6400,475,"",7.12,1.61,1.63,1.63,1.44,3.54,12.30,0.88,"",-2,-3.6,23,3.0,40,5.3,71,9.9,128071,2.7,49991,18.7,482,8.1,-16,-3.3
"17173","5","10","71","0","2017","4","",377,4088,4035,3984,33670735,4206207,92466,642,"",0.87,0.97,0.96,0.96,0.99,0.96,0.94,1.03,"",-16,-4.1,36,0.9,17,0.4,68,1.7,919905,2.8,152150,3.8,-13055,-12.4,11,1.7
"17175","0","10","70","0","2017","4","",134,1446,1336,1288,14087695,1703398,70440,799,"",1.00,1.00,1.00,1.00,1.00,1.00,1.00,1.00,"",-8,-5.6,29,2.0,21,1.6,-5,-0.4,1478618,11.7,221150,14.9,5795,9.0,76,10.5
"17175","1","10","71","0","2017","4","",8,23,22,22,256368,0,0,883,"",9.95,0.83,0.86,0.89,0.66,0.00,0.00,0.77,"",-1,-11.1,-1,-4.2,-3,-12.0,-5,-18.5,-2386,-0.9,0,0.0,0,0.0,97,12.3
"17175","3","10","71","0","2017","4","",17,280,280,284,1866700,75696,1033,510,"",7.46,1.95,2.11,2.23,1.54,2.24,2.79,0.74,"",-1,-5.6,5,1.8,-9,-3.1,-13,-4.4,-117480,-5.9,-9219,-10.9,-189,-15.5,-22,-4.1
"17175","5","10","71","0","2017","4","",109,1143,1034,982,11964627,1627702,69407,874,"",0.84,0.93,0.91,0.90,0.99,0.99,0.99,1.09,"",-6,-5.2,25,2.2,33,3.3,13,1.3,1598484,15.4,230369,16.5,5984,9.4,99,12.8
"17177","0","10","70","0","2017","4","",1060,17755,17747,17707,194465799,18450664,529069,843,"",1.00,1.00,1.00,1.00,1.00,1.00,1.00,1.00,"",-54,-4.8,1369,8.4,1430,8.8,1278,7.8,19939839,11.4,3000209,19.4,7093,1.4,23,2.8
"17177","1","10","71","0","2017","4","",19,120,122,121,1685702,0,0,1072,"",2.99,0.35,0.36,0.35,0.32,0.00,0.00,0.89,"",-2,-9.5,-10,-7.7,-3,-2.4,-5,-4.0,-16686,-1.0,0,0.0,0,0.0,41,4.0
"17177","3","10","71","0","2017","4","",61,2519,2476,2455,21357753,369289,2735,662,"",3.39,1.43,1.40,1.40,1.28,1.01,0.98,0.91,"",-2,-3.2,-22,-0.9,-37,-1.5,-59,-2.3,386414,1.8,-66867,-15.3,-1234,-31.1,23,3.6
"17177","5","10","71","0","2017","4","",980,15116,15149,15131,171422344,18081375,526334,871,"",0.95,1.00,1.00,1.01,1.03,1.01,1.00,1.03,"",-50,-4.9,1401,10.2,1470,10.7,1342,9.7,19570111,12.9,3067076,20.4,8327,1.6,20,2.4
"17179","0","10","70","0","2017","4","",2650,49371,49372,49221,569801220,52553787,1734312,889,"",1.00,1.00,1.00,1.00,1.00,1.00,1.00,1.00,"",-183,-6.5,-5196,-9.5,-5301,-9.7,-4661,-8.7,-225350309,-28.3,6108628,13.2,337136,24.1,-236,-21.0
"17179","1","10","71","0","2017","4","",22,488,490,500,8064697,0,0,1259,"",1.38,0.51,0.52,0.53,0.51,0.00,0.00,0.99,"",0,0.0,-16,-3.2,-11,-2.2,-3,-0.6,251874,3.2,0,0.0,0,0.0,63,5.3
"17179","3","10","71","0","2017","4","",103,6622,6635,6552,61451140,624917,7143,716,"",2.29,1.35,1.35,1.35,1.25,0.60,0.78,0.93,"",-3,-2.8,-105,-1.6,-45,-0.7,61,0.9,1408661,2.3,12124,2.0,-2460,-25.6,20,2.9
"17179","5","10","71","0","2017","4","",2525,42261,42247,42169,500285383,51928870,1727169,911,"",0.98,1.01,1.01,1.01,1.03,1.02,1.00,1.02,"",-180,-6.7,-5075,-10.7,-5245,-11.0,-4719,-10.1,-227010844,-31.2,6096504,13.3,339596,24.5,-273,-23.1
"17181","0","10","70","0","2017","4","",338,4917,4899,4890,44792872,4953367,135998,703,"",1.00,1.00,1.00,1.00,1.00,1.00,1.00,1.00,"",-30,-8.2,-242,-4.7,-163,-3.2,-95,-1.9,1981404,4.6,-570996,-10.3,-30622,-18.4,53,8.2
"17181","1","10","71","0","2017","4","",10,66,63,61,713702,0,0,867,"",4.93,0.70,0.67,0.65,0.58,0.00,0.00,0.86,"",-1,-9.1,9,15.8,4,6.8,-3,-4.7,40941,6.1,0,0.0,0,0.0,4,0.5
"17181","2","10","71","0","2017","4","N",2,0,0,0,0,0,0,0,"N",0.84,0,0,0,0,0,0,0,"N",0,0.0,0,0,0,0,0,0,0,0,0,0,0,0,0,0
"17181","3","10","71","0","2017","4","N",18,0,0,0,0,0,0,0,"N",3.13,0,0,0,0,0,0,0,"N",0,0.0,0,0,0,0,0,0,0,0,0,0,0,0,0,0
"17181","5","10","71","0","2017","4","",308,3357,3319,3265,28119050,4480731,110104,653,"",0.94,0.80,0.80,0.79,0.74,0.93,0.81,0.92,"",-29,-8.6,-196,-5.5,-135,-3.9,-104,-3.1,1234509,4.6,-524948,-10.5,-26178,-19.2,55,9.2
"17183","0","10","70","0","2017","4","",1378,26936,27011,27102,296616749,27558100,766450,845,"",1.00,1.00,1.00,1.00,1.00,1.00,1.00,1.00,"",-144,-9.5,-469,-1.7,-333,-1.2,0,0.0,-1174057,-0.4,993457,3.7,-51274,-6.3,5,0.6
"17183","1","10","71","0","2017","4","",27,1427,1431,1463,25453375,0,0,1359,"",3.27,2.75,2.77,2.80,3.12,0.00,0.00,1.12,"",0,0.0,-66,-4.4,-64,-4.3,-26,-1.7,458864,1.8,0,0.0,0,0.0,71,5.5
"17183","2","10","71","0","2017","4","N",1,0,0,0,0,0,0,0,"N",0.10,0,0,0,0,0,0,0,"N",0,0.0,0,0,0,0,0,0,0,0,0,0,0,0,0,0
"17183","3","10","71","0","2017","4","N",94,0,0,0,0,0,0,0,"N",4.01,0,0,0,0,0,0,0,"N",0,0.0,0,0,0,0,0,0,0,0,0,0,0,0,0,0
"17183","5","10","71","0","2017","4","",1256,21322,21378,21441,233141441,25923250,739287,839,"",0.94,0.93,0.93,0.93,0.92,0.97,0.97,0.99,"",-144,-10.3,-417,-1.9,-309,-1.4,-27,-0.1,-1770145,-0.8,1362848,5.5,-46389,-5.9,4,0.5
"17185","0","10","70","0","2017","4","",280,3259,3258,3279,30952813,3224981,68621,729,"",1.00,1.00,1.00,1.00,1.00,1.00,1.00,1.00,"",-24,-7.9,75,2.4,62,1.9,75,2.3,2367212,8.3,28856,0.9,-12204,-15.1,41,6.0
"17185","1","10","71","0","2017","4","",4,23,22,24,286899,0,0,960,"",2.38,0.37,0.35,0.38,0.34,0.00,0.00,0.92,"",-1,-20.0,1,4.5,-2,-8.3,0,0.0,3503,1.2,0,0.0,0,0.0,26,2.8
"17185","3","10","71","0","2017","4","",22,979,974,1029,9749397,162207,1316,754,"",4.62,3.03,3.01,3.17,3.66,2.54,3.64,1.19,"",-1,-4.3,26,2.7,19,2.0,37,3.7,565956,6.2,-1986,-1.2,-474,-26.5,23,3.1
"17185","5","10","71","0","2017","4","",254,2257,2262,2226,20916517,3062774,67305,716,"",0.94,0.82,0.82,0.80,0.79,0.98,0.99,0.98,"",-22,-8.0,48,2.2,45,2.0,38,1.7,1797753,9.4,30842,1.0,-11730,-14.8,49,7.3
"17187","0","10","70","0","2017","4","",378,6609,6573,6595,58564577,7113314,151622,683,"",1.00,1.00,1.00,1.00,1.00,1.00,1.00,1.00,"",-24,-6.0,202,3.2,172,2.7,161,2.5,3058481,5.5,1583838,28.6,21611,16.6,17,2.6
"17187","1","10","71","0","2017","4","",12,73,70,67,909827,0,0,1000,"",5.29,0.57,0.56,0.53,0.57,0.00,0.00,1.02,"",0,0.0,11,17.7,2,2.9,-5,-6.9,-2266,-0.2,0,0.0,0,0.0,-42,-4.0
"17187","3","10","71","0","2017","4","",36,887,883,933,4774167,235559,3733,408,"",5.60,1.35,1.35,1.43,0.95,1.67,4.68,0.69,"",-2,-5.3,42,5.0,54,6.5,53,6.0,131330,2.8,25835,12.3,-178,-4.6,-12,-2.9
"17187","5","10","71","0","2017","4","",330,5649,5620,5595,52880583,6877755,147889,724,"",0.90,1.01,1.01,1.00,1.06,1.00,0.98,1.05,"",-22,-6.2,149,2.7,116,2.1,113,2.1,2929417,5.9,1558003,29.3,21789,17.3,25,3.6
"17189","0","10","70","0","2017","4","",400,6576,6568,6614,78010052,7741555,189295,911,"",1.00,1.00,1.00,1.00,1.00,1.00,1.00,1.00,"",-20,-4.8,418,6.8,334,5.4,240,3.8,7498600,10.6,2145203,38.3,18745,11.0,44,5.1
"17189","1","10","71","0","2017","4","",13,44,43,43,546172,0,0,970,"",5.42,0.35,0.34,0.34,0.25,0.00,0.00,0.74,"",-1,-7.1,-3,-6.4,-7,-14.0,-6,-12.2,-29065,-5.1,0,0.0,0,0.0,61,6.7
"17189","3","10","71","0","2017","4","",36,709,700,749,5407993,267765,2379,578,"",5.30,1.09,1.07,1.14,0.81,1.75,2.39,0.73,"",-1,-2.7,-67,-8.6,-79,-10.1,-33,-4.2,-397174,-6.8,-8969,-3.2,-613,-20.5,5,0.9
"17189","5","10","71","0","2017","4","",351,5823,5825,5822,72055887,7473790,186916,952,"",0.90,1.04,1.04,1.04,1.08,1.00,0.99,1.04,"",-18,-4.9,488,9.1,420,7.8,279,5.0,7924839,12.4,2154172,40.5,19358,11.6,43,4.7
"17191","0","10","70","0","2017","4","",393,3743,3673,3734,31797501,3708448,77984,658,"",1.00,1.00,1.00,1.00,1.00,1.00,1.00,1.00,"",-38,-8.8,-18,-0.5,-46,-1.2,6,0.2,782162,2.5,469697,14.5,8076,11.6,19,3.0
"17191","1","10","71","0","2017","4","",10,52,54,51,621689,0,0,914,"",4.24,0.72,0.77,0.71,0.71,0.00,0.00,0.97,"",-1,-9.1,-1,-1.9,4,8.0,-2,-3.8,28125,4.7,0,0.0,0,0.0,36,4.1
"17191","3","10","71","0","2017","4","",42,856,828,903,6340620,210650,1739,566,"",6.29,2.31,2.27,2.44,2.32,2.87,4.24,0.99,"",-2,-4.5,17,2.0,-5,-0.6,19,2.1,-36071,-0.6,33661,19.0,390,28.9,-10,-1.7
"17191","5","10","71","0","2017","4","",341,2835,2791,2780,24835192,3497798,76245,682,"",0.89,0.89,0.89,0.88,0.91,0.97,0.98,1.03,"",-35,-9.3,-34,-1.2,-45,-1.6,-11,-0.4,790108,3.3,436036,14.2,7686,11.2,29,4.4
"17193","0","10","70","0","2017","4","",367,4284,4294,4278,38853661,5045962,131629,697,"",1.00,1.00,1.00,1.00,1.00,1.00,1.00,1.00,"",-27,-6.9,-102,-2.3,5,0.1,236,5.8,650762,1.7,240222,5.0,1983,1.5,4,0.6
"17193","1","10","71","0","2017","4","",11,49,47,48,553685,0,0,887,"",5.00,0.59,0.57,0.58,0.52,0.00,0.00,0.89,"",-1,-8.3,2,4.3,-3,-6.0,-6,-11.1,-25207,-4.4,0,0.0,0,0.0,2,0.2
"17193","3","10","71","0","2017","4","",27,740,735,728,5357357,651571,5076,561,"",4.33,1.74,1.72,1.72,1.60,6.52,7.33,0.93,"",0,0.0,-100,-11.9,-27,-3.5,-17,-2.3,-159777,-2.9,-133238,-17.0,-2120,-29.5,19,3.5
"17193","5","10","71","0","2017","4","",329,3495,3512,3502,32942619,4394391,126553,723,"",0.92,0.96,0.96,0.96,0.99,0.90,0.97,1.03,"",-26,-7.3,-4,-0.1,35,1.0,259,8.0,835746,2.6,373460,9.3,4103,3.4,-2,-0.3
"17195","0","10","70","0","2017","4","",1223,20902,20860,20826,198648075,21826438,598236,732,"",1.00,1.00,1.00,1.00,1.00,1.00,1.00,1.00,"",-83,-6.4,-386,-1.8,-619,-2.9,-515,-2.4,8193038,4.3,1473482,7.2,-13954,-2.3,46,6.7
"17195","1","10","71","0","2017","4","",18,153,149,150,2082083,0,0,1063,"",2.45,0.38,0.37,0.37,0.38,0.00,0.00,1.02,"",-1,-5.3,0,0.0,-6,-3.9,-3,-2.0,28038,1.4,0,0.0,0,0.0,35,3.4
"17195","3","10","71","0","2017","4","",82,4523,4477,4520,47380555,447273,4274,809,"",3.94,2.18,2.16,2.19,2.77,1.04,1.36,1.27,"",-1,-1.2,-155,-3.3,-299,-6.3,-226,-4.8,2317933,5.1,31344,7.5,-628,-12.8,77,10.5
"17195","5","10","71","0","2017","4","",1123,16226,16234,16156,149185437,21379165,593962,708,"",0.95,0.91,0.92,0.91,0.88,1.01,1.00,0.96,"",-81,-6.7,-231,-1.4,-314,-1.9,-286,-1.7,5847067,4.1,1442138,7.2,-13326,-2.2,39,5.8
"17197","0","10","70","0","2017","4","",14665,245680,248326,246832,3055244518,326355239,9549103,952,"",1.00,1.00,1.00,1.00,1.00,1.00,1.00,1.00,"",-1339,-8.4,7610,3.2,10768,4.5,9707,4.1,160411537,5.5,27924864,9.4,-290442,-3.0,15,1.6
"17197","1","10","71","0","2017","4","",33,1038,1025,1027,17029680,0,0,1272,"",0.38,0.22,0.22,0.22,0.20,0.00,0.00,0.93,"",-2,-5.7,37,3.7,32,3.2,26,2.6,167426,1.0,0,0.0,0,0.0,-27,-2.1
"17197","2","10","71","0","2017","4","N",2,0,0,0,0,0,0,0,"N",0.02,0,0,0,0,0,0,0,"N",0,0.0,0,0,0,0,0,0,0,0,0,0,0,0,0,0
"17197","3","10","71","0","2017","4","N",219,0,0,0,0,0,0,0,"N",0.88,0,0,0,0,0,0,0,"N",-3,-1.4,0,0,0,0,0,0,0,0,0,0,0,0,0,0
"17197","5","10","71","0","2017","4","",14411,213738,216505,214958,2646038890,323307079,9486996,946,"",1.01,1.02,1.03,1.02,1.01,1.02,1.00,0.99,"",-1334,-8.5,7410,3.6,10545,5.1,9461,4.6,152990994,6.1,27749863,9.4,-282399,-2.9,15,1.6
"17199","0","10","70","0","2017","4","",1391,28538,28878,28761,291208910,32136858,781467,780,"",1.00,1.00,1.00,1.00,1.00,1.00,1.00,1.00,"",-136,-8.9,363,1.3,388,1.4,343,1.2,11515988,4.1,1524932,5.0,-68011,-8.0,21,2.8
"17199","1","10","71","0","2017","4","",23,1641,1634,1639,31125575,0,0,1462,"",2.76,2.99,2.96,2.96,3.89,0.00,0.00,1.31,"",-1,-4.2,-6,-0.4,-19,-1.1,-30,-1.8,428055,1.4,0,0.0,0,0.0,36,2.5
"17199","3","10","71","0","2017","4","",36,3571,3597,3530,32178467,1080371,17488,694,"",1.52,1.26,1.25,1.24,1.29,1.70,4.25,1.03,"",0,0.0,114,3.3,169,4.9,16,0.5,684241,2.2,-78791,-6.8,-3904,-18.2,-5,-0.7
"17199","5","10","71","0","2017","4","",1332,23326,23647,23592,227904868,31056487,763979,745,"",0.99,0.96,0.96,0.97,0.92,1.00,0.98,0.95,"",-135,-9.2,255,1.1,238,1.0,357,1.5,10403692,4.8,1603723,5.4,-64107,-7.7,25,3.5
"17201","0","10","70","0","2017","4","",5998,126834,127635,127684,1500335055,130164237,3885273,906,"",1.00,1.00,1.00,1.00,1.00,1.00,1.00,1.00,"",-606,-9.2,-804,-0.6,-619,-0.5,-342,-0.3,46478323,3.2,-4103469,-3.1,-690029,-15.1,32,3.7
"17201","1","10","71","0","2017","4","",33,835,830,842,14535042,0,0,1338,"",0.92,0.34,0.34,0.34,0.35,0.00,0.00,1.03,"",-1,-2.9,34,4.2,26,3.2,21,2.6,317457,2.2,0,0.0,0,0.0,-14,-1.0
"17201","3","10","71","0","2017","4","",87,12454,12282,12270,136131719,551784,9902,849,"",0.85,0.99,0.97,0.97,1.06,0.21,0.48,1.08,"",-3,-3.3,-181,-1.4,-273,-2.2,-253,-2.0,-2779361,-2.0,-134003,-19.5,-9945,-50.1,-1,-0.1
"17201","5","10","71","0","2017","4","",5878,113545,114523,114572,1349668294,129612453,3875371,909,"",1.01,1.05,1.06,1.06,1.05,1.03,1.00,1.00,"",-602,-9.3,-657,-0.6,-372,-0.3,-110,-0.1,48940227,3.8,-3969466,-3.0,-680084,-14.9,36,4.1
"17203","0","10","70","0","2017","4","",763,10420,10305,10265,111694696,10708337,294647,832,"",1.00,1.00,1.00,1.00,1.00,1.00,1.00,1.00,"",-49,-6.0,384,3.8,489,5.0,542,5.6,6848551,6.5,1060688,11.0,43166,17.2,14,1.7
"17203","1","10","71","0","2017","4","",13,69,75,72,942213,0,0,1007,"",2.84,0.34,0.38,0.36,0.31,0.00,0.00,0.85,"",-1,-7.1,-1,-1.4,-2,-2.6,-8,-10.0,-45954,-4.7,0,0.0,0,0.0,2,0.2
"17203","3","10","71","0","2017","4","",46,1772,1791,1773,14979655,918164,8409,648,"",3.55,1.72,1.75,1.75,1.56,4.33,5.42,0.90,"",0,0.0,-11,-0.6,17,1.0,8,0.5,-374373,-2.4,-77426,-7.8,-1821,-17.8,-18,-2.7
"17203","5","10","71","0","2017","4","",704,8579,8439,8420,95772828,9790173,286238,869,"",0.95,0.97,0.96,0.97,1.00,0.94,0.98,1.04,"",-48,-6.4,396,4.8,474,6.0,542,6.9,7268878,8.2,1138114,13.2,44987,18.6,19,2.2
"17999","0","10","70","0","2017","4","",45558,140210,140457,139468,3015815098,284579674,9977070,1657,"",1.00,1.00,1.00,1.00,1.00,1.00,1.00,1.00,"",-5756,-11.2,-742,-0.5,-843,-0.6,-859,-0.6,119544502,4.1,15019861,5.6,-298346,-2.9,75,4.7
"17999","1","10","71","0","2017","4","",54,633,605,604,12782219,0,0,1601,"",0.20,0.23,0.23,0.22,0.15,0.00,0.00,0.68,"",1,1.9,58,10.1,40,7.1,30,5.2,1593453,14.2,0,0.0,0,0.0,95,6.3
"17999","3","10","71","0","2017","4","",15,18,15,38,259366,18252,580,843,"",0.02,0.00,0.00,0.00,0.00,0.00,0.01,0.59,"",1,7.1,8,80.0,3,25.0,25,192.3,95244,58.0,13252,265.0,552,1971.4,-239,-22.1
"17999","5","10","71","0","2017","4","",45489,139559,139837,138826,3002773513,284561422,9976490,1657,"",1.03,1.17,1.17,1.17,1.17,1.03,1.01,0.99,"",-5758,-11.2,-808,-0.6,-886,-0.6,-914,-0.7,117855805,4.1,15006609,5.6,-298898,-2.9,75,4.7
"18000","0","10","50","0","2017","4","",163796,3045695,3057401,3059430,36312969602,2761961443,51922853,915,"",1.00,1.00,1.00,1.00,1.00,1.00,1.00,1.00,"",2294,1.4,28334,0.9,28688,0.9,36178,1.2,1613842556,4.7,162770583,6.3,-3923198,-7.0,32,3.6
"18000","1","10","51","0","2017","4","",1206,37693,37790,38154,701923607,0,0,1425,"",1.23,0.64,0.65,0.65,0.70,0.00,0.00,1.09,"",-2,-0.2,75,0.2,35,0.1,-538,-1.4,18206786,2.7,0,0.0,0,0.0,42,3.0
"18000","2","10","51","0","2017","4","",1403,88369,89084,87777,1066196538,175394,3055,928,"",1.22,0.90,0.91,0.90,0.90,0.01,0.04,0.99,"",38,2.8,364,0.4,872,1.0,579,0.7,48767441,4.8,58734,50.3,501,19.6,37,4.2
"18000","3","10","51","0","2017","4","",2994,271036,272130,275469,2658237904,10682319,152687,749,"",1.08,0.90,0.90,0.91,0.85,0.20,0.56,0.94,"",-37,-1.2,-1232,-0.5,-2040,-0.7,-216,-0.1,82977974,3.2,753387,7.6,5244,3.6,26,3.6
"18000","5","10","51","0","2017","4","",158193,2648597,2658397,2658030,31886611553,2751103730,51767111,924,"",1.00,1.02,1.02,1.02,1.03,1.03,1.00,1.00,"",2295,1.5,29127,1.1,29821,1.1,36353,1.4,1463890355,4.8,161958462,6.3,-3928943,-7.1,32,3.6
"18000","8","10","96","0","2017","4","",5603,397098,399004,401400,4426358049,10857713,155742,853,"",1.14,0.87,0.87,0.87,0.83,0.12,0.46,0.96,"",-1,0.0,-793,-0.2,-1133,-0.3,-175,0.0,149952201,3.5,812121,8.1,5745,3.8,30,3.6
"18001","0","10","70","0","2017","4","",706,13966,13872,13834,141170209,10861370,281935,782,"",1.00,1.00,1.00,1.00,1.00,1.00,1.00,1.00,"",4,0.6,714,5.4,432,3.2,402,3.0,16875867,13.6,956472,9.7,44868,18.9,67,9.4
"18001","1","10","71","0","2017","4","",6,61,62,66,745116,0,0,910,"",1.42,0.23,0.23,0.25,0.19,0.00,0.00,0.81,"",0,0.0,-2,-3.2,1,1.6,3,4.8,-15351,-2.0,0,0.0,0,0.0,-28,-3.0
"18001","2","10","71","0","2017","4","",11,86,87,83,876775,0,0,790,"",2.22,0.19,0.20,0.19,0.19,0.00,0.00,0.99,"",0,0.0,13,17.8,7,8.8,3,3.8,201153,29.8,0,0.0,0,0.0,121,18.1
"18001","3","10","71","0","2017","4","",18,2036,2000,2051,18170704,54415,377,689,"",1.50,1.47,1.45,1.50,1.50,0.25,0.25,1.02,"",0,0.0,42,2.1,-1,0.0,9,0.4,936253,5.4,10052,22.7,14,3.9,30,4.6
"18001","5","10","71","0","2017","4","",671,11783,11723,11634,121377614,10806955,281558,797,"",0.98,0.99,0.99,0.99,1.01,1.03,1.01,1.01,"",4,0.6,661,5.9,425,3.8,387,3.4,15753812,14.9,946420,9.6,44854,18.9,73,10.1
"18003","0","10","70","0","2017","4","",8751,187237,188015,187836,2157517897,148761092,2547398,884,"",1.00,1.00,1.00,1.00,1.00,1.00,1.00,1.00,"",58,0.7,2013,1.1,2298,1.2,2303,1.2,112246737,5.5,6141387,4.3,-332838,-11.6,36,4.2
"18003","1","10","71","0","2017","4","",40,2029,2037,2080,38665166,0,0,1452,"",0.76,0.56,0.57,0.57,0.65,0.00,0.00,1.15,"",0,0.0,68,3.5,64,3.2,28,1.4,1997301,5.4,0,0.0,0,0.0,38,2.7
"18003","2","10","71","0","2017","4","",26,3312,3317,3296,32244948,0,0,750,"",0.42,0.55,0.55,0.55,0.46,0.00,0.00,0.83,"",1,4.0,118,3.7,86,2.7,69,2.1,1066383,3.4,0,0.0,0,0.0,5,0.7
"18003","3","10","71","0","2017","4","",165,13299,13372,13416,144063027,283633,11947,829,"",1.11,0.72,0.72,0.72,0.78,0.10,0.89,1.08,"",5,3.1,63,0.5,126,1.0,166,1.3,9443581,7.0,11647,4.3,2063,20.9,47,6.0
"18003","5","10","71","0","2017","4","",8520,168597,169289,169044,1942544756,148477459,2535451,884,"",1.00,1.06,1.06,1.06,1.05,1.03,1.00,0.99,"",52,0.6,1764,1.1,2022,1.2,2040,1.2,99739472,5.4,6129740,4.3,-334901,-11.7,35,4.1
"18005","0","10","70","0","2017","4","",1898,50452,51124,51155,672514287,45868320,660616,1016,"",1.00,1.00,1.00,1.00,1.00,1.00,1.00,1.00,"",-10,-0.5,-43,-0.1,385,0.8,216,0.4,30979315,4.8,2563424,5.9,-141310,-17.6,43,4.4
"18005","1","10","71","0","2017","4","",12,169,168,164,2746461,0,0,1265,"",1.05,0.17,0.17,0.17,0.15,0.00,0.00,0.87,"",0,0.0,11,7.0,-10,-5.6,-18,-9.9,36451,1.3,0,0.0,0,0.0,58,4.8
"18005","2","10","71","0","2017","4","",19,1057,1075,1058,8629917,0,0,624,"",1.43,0.65,0.66,0.65,0.39,0.00,0.00,0.60,"",0,0.0,-34,-3.1,-19,-1.7,-20,-1.9,273381,3.3,0,0.0,0,0.0,33,5.6
"18005","3","10","71","0","2017","4","",41,4914,4991,4979,50382751,44563,489,781,"",1.27,0.98,0.98,0.98,0.87,0.05,0.14,0.89,"",0,0.0,-30,-0.6,153,3.2,150,3.1,2465553,5.1,-9467,-17.5,-192,-28.2,24,3.2
"18005","5","10","71","0","2017","4","",1826,44312,44890,44954,610755158,45823757,660127,1051,"",0.99,1.03,1.03,1.03,1.06,1.03,1.01,1.03,"",-10,-0.5,10,0.0,261,0.6,104,0.2,28203930,4.8,2572891,5.9,-141118,-17.6,46,4.6
"18007","0","10","70","0","2017","4","",224,2555,2428,2442,24872619,2770431,39037,773,"",1.00,1.00,1.00,1.00,1.00,1.00,1.00,1.00,"",3,1.4,277,12.2,129,5.6,182,8.1,3069337,14.1,1095219,65.4,8177,26.5,37,5.0
"18007","1","10","71","0","2017","4","",8,23,24,26,303265,0,0,959,"",5.95,0.47,0.52,0.55,0.44,0.00,0.00,0.87,"",0,0.0,-2,-8.0,-1,-4.0,-2,-7.1,34477,12.8,0,0.0,0,0.0,164,20.6
"18007","2","10","71","0","2017","4","",5,33,34,33,320321,0,0,739,"",3.19,0.40,0.44,0.42,0.39,0.00,0.00,0.94,"",-1,-16.7,-2,-5.7,-1,-2.9,-2,-5.7,-5608,-1.7,0,0.0,0,0.0,23,3.2
"18007","3","10","71","0","2017","4","",20,561,547,576,4409233,784398,7075,604,"",5.25,2.22,2.27,2.38,2.06,14.30,34.44,0.90,"",0,0.0,-9,-1.6,-24,-4.2,1,0.2,-2927,-0.1,658101,521.1,5802,455.8,11,1.9
"18007","5","10","71","0","2017","4","",191,1938,1823,1807,19839800,1986033,31962,822,"",0.88,0.89,0.88,0.87,0.93,0.74,0.82,1.06,"",4,2.1,290,17.6,155,9.3,185,11.4,3043395,18.1,437118,28.2,2375,8.0,37,4.7
"18009","0","10","70","0","2017","4","",234,3354,3305,3284,31041432,2556385,45545,720,"",1.00,1.00,1.00,1.00,1.00,1.00,1.00,1.00,"",-2,-0.8,36,1.1,12,0.4,20,0.6,3433325,12.4,298679,13.2,-44,-0.1,75,11.6
"18009","1","10","71","0","2017","4","",2,22,21,22,341060,0,0,1211,"",1.43,0.34,0.33,0.35,0.40,0.00,0.00,1.18,"",0,0.0,-2,-8.3,-2,-8.7,-1,-4.3,-1346,-0.4,0,0.0,0,0.0,82,7.3
"18009","2","10","71","0","2017","4","",8,26,26,26,286325,0,0,847,"",4.88,0.24,0.25,0.25,0.28,0.00,0.00,1.15,"",1,14.3,3,13.0,5,23.8,3,13.0,69885,32.3,0,0.0,0,0.0,102,13.7
"18009","3","10","71","0","2017","4","",9,494,468,484,3614258,18713,94,577,"",2.26,1.49,1.43,1.49,1.35,0.37,0.39,0.92,"",0,0.0,-35,-6.6,-37,-7.3,-39,-7.5,42601,1.2,7145,61.8,35,59.3,48,9.1
"18009","5","10","71","0","2017","4","",215,2812,2790,2752,26799789,2537672,45451,740,"",0.95,0.99,0.99,0.99,1.01,1.03,1.00,1.02,"",-3,-1.4,70,2.6,46,1.7,57,2.1,3322185,14.2,291534,13.0,-79,-0.2,78,11.8
"18011","0","10","70","0","2017","4","",1747,29133,30486,31831,330256202,36730555,614946,833,"",1.00,1.00,1.00,1.00,1.00,1.00,1.00,1.00,"",66,3.9,1283,4.6,1404,4.8,2063,6.9,19383214,6.2,4829580,15.1,6649,1.1,6,0.7
"18011","1","10","71","0","2017","4","",8,107,103,107,1565527,0,0,1140,"",0.76,0.19,0.18,0.17,0.17,0.00,0.00,0.96,"",0,0.0,13,13.8,6,6.2,0,0.0,-34184,-2.1,0,0.0,0,0.0,-99,-8.0
"18011","2","10","71","0","2017","4","",16,64,66,63,742325,0,0,888,"",1.31,0.07,0.07,0.06,0.07,0.00,0.00,1.05,"",1,6.7,4,6.7,5,8.2,0,0.0,52593,7.6,0,0.0,0,0.0,23,2.7
"18011","3","10","71","0","2017","4","",34,3655,3701,3741,39903863,15425,78,830,"",1.15,1.27,1.22,1.19,1.41,0.02,0.02,1.15,"",0,0.0,189,5.5,154,4.3,189,5.3,-915104,-2.2,8925,137.3,45,136.4,-62,-7.0
"18011","5","10","71","0","2017","4","",1689,25307,26616,27920,288044487,36715130,614868,833,"",1.00,1.02,1.03,1.03,1.02,1.03,1.01,0.99,"",65,4.0,1077,4.4,1239,4.9,1874,7.2,20279909,7.6,4820655,15.1,6604,1.1,16,2.0
"18013","0","10","70","0","2017","4","",318,3116,3044,2919,21093831,2854735,48165,536,"",1.00,1.00,1.00,1.00,1.00,1.00,1.00,1.00,"",-1,-0.3,-109,-3.4,-113,-3.6,-94,-3.1,-1367494,-6.1,-186328,-6.1,-7177,-13.0,-16,-2.9
"18013","1","10","71","0","2017","4","",2,15,15,15,233844,0,0,1199,"",1.05,0.25,0.26,0.27,0.40,0.00,0.00,1.56,"",0,0.0,1,7.1,1,7.1,1,7.1,25749,12.4,0,0.0,0,0.0,56,4.9
"18013","2","10","71","0","2017","4","",12,209,218,179,1120764,0,0,427,"",5.39,2.09,2.24,1.92,1.63,0.00,0.00,0.78,"",-1,-7.7,-11,-5.0,0,0.0,-16,-8.2,84544,8.2,0,0.0,0,0.0,49,13.0
"18013","3","10","71","0","2017","4","",8,553,559,555,4774131,63854,432,661,"",1.48,1.79,1.85,1.92,2.63,1.13,1.70,1.42,"",1,14.3,-50,-8.3,-49,-8.1,-42,-7.0,-205412,-4.1,-19100,-23.0,-254,-37.0,25,3.9
"18013","5","10","71","0","2017","4","",296,2339,2252,2170,14965092,2790881,47733,511,"",0.96,0.88,0.87,0.87,0.83,1.01,1.00,0.95,"",-1,-0.3,-49,-2.1,-65,-2.8,-37,-1.7,-1272375,-7.8,-167228,-5.7,-6923,-12.7,-31,-5.7
"18015","0","10","70","0","2017","4","",384,5311,5239,5269,49734495,5069484,53696,726,"",1.00,1.00,1.00,1.00,1.00,1.00,1.00,1.00,"",5,1.3,378,7.7,295,6.0,320,6.5,4713896,10.5,582761,13.0,119,0.2,25,3.6
"18015","1","10","71","0","2017","4","",9,62,63,64,874813,0,0,1068,"",3.91,0.61,0.63,0.63,0.64,0.00,0.00,1.03,"",0,0.0,-2,-3.1,-2,-3.1,-5,-7.2,-28470,-3.2,0,0.0,0,0.0,15,1.4
"18015","2","10","71","0","2017","4","",6,39,40,40,496750,0,0,963,"",2.23,0.23,0.24,0.24,0.31,0.00,0.00,1.30,"",-2,-25.0,0,0.0,-1,-2.4,0,0.0,46107,10.2,0,0.0,0,0.0,96,11.1
"18015","3","10","71","0","2017","4","",12,799,791,800,5547151,223057,1534,536,"",1.84,1.52,1.52,1.53,1.30,2.22,5.43,0.85,"",0,0.0,26,3.4,18,2.3,21,2.7,426346,8.3,5924,2.7,44,3.0,28,5.5
"18015","5","10","71","0","2017","4","",357,4411,4345,4365,42815781,4846427,52162,753,"",0.96,0.98,0.98,0.97,1.01,0.99,0.98,1.03,"",7,2.0,354,8.7,280,6.9,304,7.5,4269913,11.1,576837,13.5,75,0.1,23,3.2
"18017","0","10","70","0","2017","4","",700,14564,14564,14628,146414686,12534883,224280,772,"",1.00,1.00,1.00,1.00,1.00,1.00,1.00,1.00,"",-16,-2.2,-56,-0.4,-16,-0.1,78,0.5,10265429,7.5,1465200,13.2,17868,8.7,54,7.5
"18017","1","10","71","0","2017","4","",11,87,88,88,1317455,0,0,1156,"",2.62,0.31,0.32,0.31,0.33,0.00,0.00,1.05,"",0,0.0,-5,-5.4,-3,-3.3,-4,-4.3,10827,0.8,0,0.0,0,0.0,60,5.5
"18017","2","10","71","0","2017","4","",20,669,684,673,7600588,0,0,866,"",4.08,1.43,1.47,1.44,1.59,0.00,0.00,1.10,"",2,11.1,22,3.4,39,6.0,34,5.3,950679,14.3,0,0.0,0,0.0,71,8.9
"18017","3","10","71","0","2017","4","",15,2344,2356,2389,22484997,10897,54,732,"",1.26,1.62,1.63,1.65,1.79,0.04,0.05,1.09,"",-1,-6.2,-71,-2.9,-45,-1.9,-9,-0.4,1265163,6.0,-464,-4.1,-24,-30.8,53,7.8
"18017","5","10","71","0","2017","4","",654,11464,11436,11478,115011646,12523986,224226,772,"",0.96,0.93,0.92,0.92,0.92,1.03,1.01,0.99,"",-17,-2.5,-2,0.0,-7,-0.1,57,0.5,8038760,7.5,1465664,13.3,17892,8.7,53,7.4
"18019","0","10","70","0","2017","4","",2493,53730,54366,54403,558999298,51928884,861584,794,"",1.00,1.00,1.00,1.00,1.00,1.00,1.00,1.00,"",-2,-0.1,-774,-1.4,-1058,-1.9,-1566,-2.8,14697531,2.7,-884917,-1.7,-189211,-18.0,37,4.9
"18019","1","10","71","0","2017","4","",16,1499,1508,1523,16560372,0,0,844,"",1.07,1.45,1.45,1.45,1.08,0.00,0.00,0.74,"",0,0.0,-136,-8.3,-150,-9.0,-130,-7.9,-317253,-1.9,0,0.0,0,0.0,57,7.2
"18019","2","10","71","0","2017","4","",18,635,628,605,5820214,0,0,719,"",1.03,0.37,0.36,0.35,0.32,0.00,0.00,0.89,"",0,0.0,3,0.5,3,0.5,-17,-2.7,285248,5.2,0,0.0,0,0.0,39,5.7
"18019","3","10","71","0","2017","4","",70,3587,3797,3828,36574238,191359,2076,753,"",1.65,0.67,0.70,0.71,0.76,0.19,0.46,1.09,"",-6,-7.9,-173,-4.6,-85,-2.2,-98,-2.5,-1064574,-2.8,34963,22.4,283,15.8,2,0.3
"18019","5","10","71","0","2017","4","",2389,48009,48433,48447,500044474,51737525,859508,796,"",0.99,1.05,1.05,1.05,1.05,1.03,1.00,1.00,"",4,0.2,-468,-1.0,-826,-1.7,-1321,-2.7,15794110,3.3,-919880,-1.7,-189494,-18.1,38,5.0
"18021","0","10","70","0","2017","4","",498,7727,7755,7838,70519837,6568418,114391,698,"",1.00,1.00,1.00,1.00,1.00,1.00,1.00,1.00,"",5,1.0,175,2.3,253,3.4,317,4.2,5786766,8.9,749093,12.9,-4793,-4.0,36,5.4
"18021","1","10","71","0","2017","4","",13,63,66,60,764021,0,0,933,"",4.35,0.42,0.44,0.40,0.39,0.00,0.00,0.93,"",0,0.0,-2,-3.1,2,3.1,-7,-10.4,-5447,-0.7,0,0.0,0,0.0,27,3.0
"18021","2","10","71","0","2017","4","",10,86,88,77,860392,0,0,791,"",2.87,0.35,0.35,0.31,0.37,0.00,0.00,1.11,"",-1,-9.1,0,0.0,5,6.0,9,13.2,52053,6.4,0,0.0,0,0.0,4,0.5
"18021","3","10","71","0","2017","4","",18,1151,1188,1208,8968437,106830,1653,583,"",2.13,1.50,1.54,1.56,1.48,0.82,2.75,0.96,"",0,0.0,-1,-0.1,40,3.5,72,6.3,394992,4.6,-8632,-7.5,-871,-34.5,7,1.2
"18021","5","10","71","0","2017","4","",457,6427,6413,6493,59926987,6461588,112738,715,"",0.95,0.98,0.97,0.97,1.00,1.02,0.99,1.02,"",6,1.3,178,2.8,206,3.3,243,3.9,5345168,9.8,757725,13.3,-3922,-3.4,42,6.2
"18023","0","10","70","0","2017","4","",579,10864,10864,10966,109821082,7582351,142646,775,"",1.00,1.00,1.00,1.00,1.00,1.00,1.00,1.00,"",-7,-1.2,-220,-2.0,-219,-2.0,-101,-0.9,3128535,2.9,-212195,-2.7,-228,-0.2,34,4.6
"18023","1","10","71","0","2017","4","",9,58,57,55,806900,0,0,1095,"",2.59,0.28,0.27,0.26,0.27,0.00,0.00,0.99,"",0,0.0,0,0.0,-2,-3.4,-9,-14.1,-25955,-3.1,0,0.0,0,0.0,33,3.1
"18023","2","10","71","0","2017","4","",6,61,63,63,651506,0,0,804,"",1.48,0.17,0.18,0.18,0.18,0.00,0.00,1.02,"",0,0.0,5,8.9,9,16.7,6,10.5,110986,20.5,0,0.0,0,0.0,57,7.6
"18023","3","10","71","0","2017","4","",22,1611,1633,1674,12787970,11470,58,600,"",2.24,1.50,1.51,1.54,1.35,0.08,0.08,0.89,"",0,0.0,-2,-0.1,-22,-1.3,-3,-0.2,975287,8.3,1802,18.6,10,20.8,49,8.9
"18023","5","10","71","0","2017","4","",542,9134,9111,9174,95574706,7570881,142588,804,"",0.97,0.99,0.99,0.98,1.02,1.03,1.01,1.03,"",-7,-1.3,-223,-2.4,-204,-2.2,-95,-1.0,2068217,2.2,-213997,-2.7,-238,-0.2,32,4.1
"18025","0","10","70","0","2017","4","",165,1941,1908,1898,15169547,1236716,30643,609,"",1.00,1.00,1.00,1.00,1.00,1.00,1.00,1.00,"",1,0.6,-2,-0.1,-5,-0.3,-22,-1.1,-33817,-0.2,11109,0.9,4864,18.9,2,0.3
"18025","1","10","71","0","2017","4","",4,21,22,22,237417,0,0,843,"",4.04,0.56,0.60,0.60,0.57,0.00,0.00,0.97,"",-1,-20.0,0,0.0,1,4.8,1,4.8,-4760,-2.0,0,0.0,0,0.0,-44,-5.0
"18025","2","10","71","0","2017","4","",10,51,50,45,467307,0,0,739,"",8.65,0.82,0.82,0.74,0.94,0.00,0.00,1.19,"",1,11.1,4,8.5,4,8.7,6,15.4,27240,6.2,0,0.0,0,0.0,-30,-3.9
"18025","3","10","71","0","2017","4","",13,421,415,440,2916163,59040,866,527,"",4.64,2.19,2.19,2.34,2.24,2.41,5.37,1.00,"",-1,-7.1,-32,-7.1,-23,-5.3,-17,-3.7,83038,2.9,-32602,-35.6,-544,-38.6,42,8.7
"18025","5","10","71","0","2017","4","",138,1448,1421,1391,11548660,1177676,29777,626,"",0.86,0.88,0.88,0.86,0.89,0.98,0.98,1.02,"",2,1.5,26,1.8,13,0.9,-12,-0.9,-139335,-1.2,43711,3.9,5408,22.2,-11,-1.7
"18027","0","10","70","0","2017","4","",903,11632,11633,11707,110229384,9475943,131096,727,"",1.00,1.00,1.00,1.00,1.00,1.00,1.00,1.00,"",10,1.1,216,1.9,251,2.2,27,0.2,5927731,5.7,-81263,-0.9,-40446,-23.6,29,4.2
"18027","1","10","71","0","2017","4","",9,72,76,73,1027231,0,0,1073,"",1.66,0.32,0.34,0.32,0.34,0.00,0.00,1.03,"",0,0.0,1,1.4,5,7.0,-1,-1.4,64234,6.7,0,0.0,0,0.0,44,4.3
"18027","2","10","71","0","2017","4","",14,86,88,88,957480,0,0,843,"",2.21,0.23,0.24,0.24,0.27,0.00,0.00,1.14,"",-1,-6.7,-1,-1.1,2,2.3,1,1.1,75378,8.5,0,0.0,0,0.0,60,7.7
"18027","3","10","71","0","2017","4","",20,1702,1671,1737,16079915,29794,300,726,"",1.30,1.48,1.45,1.50,1.70,0.16,0.43,1.15,"",0,0.0,109,6.8,66,4.1,77,4.6,1185019,8.0,-4661,-13.5,-87,-22.5,18,2.5
"18027","5","10","71","0","2017","4","",860,9772,9798,9809,92164758,9446149,130796,724,"",0.98,0.99,0.99,0.99,0.98,1.03,1.00,0.99,"",11,1.3,107,1.1,178,1.9,-50,-0.5,4603100,5.3,-76602,-0.8,-40359,-23.6,31,4.5
"18029","0","10","70","0","2017","4","",968,13708,13701,14396,129961369,11447608,209292,717,"",1.00,1.00,1.00,1.00,1.00,1.00,1.00,1.00,"",10,1.0,-709,-4.9,-757,-5.2,-161,-1.1,661093,0.5,133611,1.2,-44048,-17.4,30,4.4
"18029","1","10","71","0","2017","4","",9,109,106,107,1787692,0,0,1281,"",1.55,0.41,0.40,0.39,0.50,0.00,0.00,1.25,"",0,0.0,7,6.9,2,1.9,-4,-3.6,103521,6.1,0,0.0,0,0.0,55,4.5
"18029","2","10","71","0","2017","4","",10,105,106,103,1256592,0,0,924,"",1.47,0.24,0.24,0.22,0.30,0.00,0.00,1.26,"",0,0.0,-1,-0.9,3,2.9,-2,-1.9,118829,10.4,0,0.0,0,0.0,88,10.5
"18029","3","10","71","0","2017","4","",49,2797,2834,2830,28021309,163955,905,764,"",2.98,2.06,2.08,1.99,2.51,0.72,0.82,1.23,"",0,0.0,-66,-2.3,-58,-2.0,-107,-3.6,364184,1.3,-38521,-19.0,-1298,-58.9,30,4.1
"18029","5","10","71","0","2017","4","",900,10697,10655,11356,98895776,11283653,208387,698,"",0.96,0.92,0.92,0.93,0.89,1.02,1.00,0.97,"",10,1.1,-649,-5.7,-704,-6.2,-48,-0.4,74559,0.1,172132,1.5,-42750,-17.0,29,4.3
"18031","0","10","70","0","2017","4","",657,13946,13986,14068,156447278,12651390,162157,860,"",1.00,1.00,1.00,1.00,1.00,1.00,1.00,1.00,"",8,1.2,36,0.3,23,0.2,-42,-0.3,4241788,2.8,-264330,-2.0,-65461,-28.8,23,2.7
"18031","1","10","71","0","2017","4","",8,64,58,57,838771,0,0,1081,"",2.03,0.24,0.22,0.21,0.20,0.00,0.00,0.88,"",0,0.0,4,6.7,-5,-7.9,-9,-13.6,-6612,-0.8,0,0.0,0,0.0,49,4.7
"18031","2","10","71","0","2017","4","",14,73,75,73,842404,0,0,880,"",3.04,0.16,0.17,0.16,0.16,0.00,0.00,1.00,"",1,7.7,3,4.3,3,4.2,1,1.4,143870,20.6,0,0.0,0,0.0,127,16.9
"18031","3","10","71","0","2017","4","",22,1516,1499,1600,15675920,55009,276,784,"",1.97,1.10,1.08,1.15,1.17,0.22,0.32,1.05,"",0,0.0,4,0.3,12,0.8,46,3.0,1350078,9.4,904,1.7,-308,-52.7,58,8.0
"18031","5","10","71","0","2017","4","",613,12293,12354,12338,139090183,12596381,161881,868,"",0.96,1.04,1.04,1.03,1.04,1.03,1.00,1.00,"",7,1.2,25,0.2,13,0.1,-80,-0.6,2754452,2.0,-265234,-2.1,-65153,-28.7,18,2.1
"18033","0","10","70","0","2017","4","",968,21827,21840,22026,265271153,18823205,399887,932,"",1.00,1.00,1.00,1.00,1.00,1.00,1.00,1.00,"",5,0.5,219,1.0,196,0.9,325,1.5,18541597,7.5,915047,5.1,-51380,-11.4,55,6.3
"18033","1","10","71","0","2017","4","",11,78,83,83,1224261,0,0,1158,"",1.89,0.19,0.20,0.20,0.17,0.00,0.00,0.87,"",0,0.0,-5,-6.0,2,2.5,-2,-2.4,11195,0.9,0,0.0,0,0.0,34,3.0
"18033","2","10","71","0","2017","4","",11,75,78,80,876162,0,0,868,"",1.62,0.11,0.11,0.11,0.10,0.00,0.00,0.91,"",1,10.0,-1,-1.3,1,1.3,5,6.7,112776,14.8,0,0.0,0,0.0,95,12.3
"18033","3","10","71","0","2017","4","",26,1941,1932,1993,17318755,215746,1299,681,"",1.58,0.90,0.89,0.91,0.76,0.58,0.62,0.84,"",1,4.0,85,4.6,2,0.1,18,0.9,467589,2.8,-18316,-7.8,-476,-26.8,6,0.9
"18033","5","10","71","0","2017","4","",920,19733,19747,19870,245851975,18607459,398588,956,"",0.98,1.06,1.06,1.06,1.09,1.02,1.00,1.02,"",3,0.3,140,0.7,191,1.0,304,1.6,17950037,7.9,933363,5.3,-50904,-11.3,60,6.7
"18035","0","10","70","0","2017","4","",2153,45429,45590,45342,454028772,37801966,644222,768,"",1.00,1.00,1.00,1.00,1.00,1.00,1.00,1.00,"",-37,-1.7,-902,-1.9,-1099,-2.4,-948,-2.0,9528217,2.1,1179662,3.2,-121661,-15.9,32,4.3
"18035","1","10","71","0","2017","4","",16,295,294,297,4872148,0,0,1269,"",1.24,0.34,0.34,0.34,0.39,0.00,0.00,1.16,"",0,0.0,12,4.2,2,0.7,-5,-1.7,52559,1.1,0,0.0,0,0.0,1,0.1
"18035","2","10","71","0","2017","4","N",21,0,0,0,0,0,0,0,"N",1.39,0,0,0,0,0,0,0,"N",1,5.0,0,0,0,0,0,0,0,0,0,0,0,0,0,0
"18035","3","10","71","0","2017","4","N",48,0,0,0,0,0,0,0,"N",1.31,0,0,0,0,0,0,0,"N",-3,-5.9,0,0,0,0,0,0,0,0,0,0,0,0,0,0
"18035","5","10","71","0","2017","4","",2068,36823,36923,36684,355312755,37524677,640212,743,"",0.99,0.95,0.95,0.95,0.92,1.03,1.00,0.96,"",-35,-1.7,-778,-2.1,-955,-2.5,-677,-1.8,8061351,2.3,1139196,3.1,-123432,-16.2,33,4.6
"18037","0","10","70","0","2017","4","",1279,28806,28804,29252,315899849,20018056,271421,839,"",1.00,1.00,1.00,1.00,1.00,1.00,1.00,1.00,"",5,0.4,-260,-0.9,-199,-0.7,-75,-0.3,16473246,5.5,619736,3.2,-21474,-7.3,48,6.1
"18037","1","10","71","0","2017","4","",15,104,102,102,1506354,0,0,1129,"",1.96,0.19,0.19,0.18,0.17,0.00,0.00,0.94,"",0,0.0,9,9.5,2,2.0,1,1.0,143837,10.6,0,0.0,0,0.0,67,6.3
"18037","2","10","71","0","2017","4","",14,193,198,188,1967187,0,0,784,"",1.56,0.21,0.21,0.20,0.19,0.00,0.00,0.92,"",0,0.0,15,8.4,17,9.4,24,14.6,230605,13.3,0,0.0,0,0.0,18,2.3
"18037","3","10","71","0","2017","4","",24,1892,1856,1974,16802271,66057,398,678,"",1.10,0.66,0.65,0.68,0.62,0.17,0.28,0.93,"",0,0.0,3,0.2,6,0.3,48,2.5,305032,1.8,16167,32.4,64,19.2,6,0.9
"18037","5","10","71","0","2017","4","",1226,26617,26648,26988,295624037,19951999,271023,850,"",0.99,1.09,1.09,1.09,1.10,1.03,1.01,1.01,"",5,0.4,-287,-1.1,-224,-0.8,-148,-0.5,15793772,5.6,603569,3.1,-21538,-7.4,52,6.5
"18039","0","10","70","0","2017","4","",4683,136321,137042,137782,1751815451,155313427,4165404,983,"",1.00,1.00,1.00,1.00,1.00,1.00,1.00,1.00,"",15,0.3,7643,5.9,7643,5.9,7432,5.7,206708482,13.4,29502906,23.5,527783,14.5,65,7.1
"18039","1","10","71","0","2017","4","",15,271,270,276,4487529,0,0,1268,"",0.53,0.10,0.10,0.10,0.09,0.00,0.00,0.90,"",0,0.0,9,3.4,6,2.3,3,1.1,83463,1.9,0,0.0,0,0.0,-4,-0.3
"18039","2","10","71","0","2017","4","",15,235,235,245,2652218,0,0,856,"",0.46,0.05,0.05,0.06,0.05,0.00,0.00,0.85,"",0,0.0,15,6.8,18,8.3,25,11.4,493693,22.9,0,0.0,0,0.0,98,12.9
"18039","3","10","71","0","2017","4","",54,8348,8302,8311,82742646,77999,527,765,"",0.68,0.62,0.61,0.61,0.55,0.03,0.02,0.90,"",-1,-1.8,-104,-1.2,-109,-1.3,-59,-0.7,4091057,5.2,2596,3.4,-118,-18.3,46,6.4
"18039","5","10","71","0","2017","4","",4599,127467,128235,128950,1661933058,155235428,4164877,997,"",1.01,1.10,1.10,1.10,1.11,1.03,1.01,1.01,"",16,0.3,7723,6.4,7728,6.4,7463,6.1,202040269,13.8,29500310,23.5,527901,14.5,66,7.1
"18041","0","10","70","0","2017","4","",433,6385,6451,6461,60019765,5213904,122452,718,"",1.00,1.00,1.00,1.00,1.00,1.00,1.00,1.00,"",-7,-1.6,-275,-4.1,-155,-2.3,-112,-1.7,1024279,1.7,152787,3.0,-6959,-5.4,32,4.7
"18041","1","10","71","0","2017","4","",4,40,46,43,565173,0,0,1011,"",1.54,0.33,0.37,0.35,0.34,0.00,0.00,0.98,"",0,0.0,0,0.0,1,2.2,-3,-6.5,15993,2.9,0,0.0,0,0.0,44,4.6
"18041","2","10","71","0","2017","4","",13,81,78,73,928263,0,0,923,"",4.28,0.40,0.38,0.35,0.47,0.00,0.00,1.26,"",1,8.3,15,22.7,9,13.0,2,2.8,198517,27.2,0,0.0,0,0.0,106,13.0
"18041","3","10","71","0","2017","4","",23,981,981,1012,8710005,113267,566,676,"",3.13,1.55,1.53,1.58,1.69,1.10,0.88,1.09,"",0,0.0,-87,-8.1,-28,-2.8,-46,-4.3,-816223,-8.6,30493,36.8,-179,-24.0,-25,-3.6
"18041","5","10","71","0","2017","4","",393,5283,5346,5333,49816324,5100637,121886,720,"",0.94,0.97,0.98,0.97,0.97,1.01,1.00,1.00,"",-8,-2.0,-203,-3.7,-137,-2.5,-65,-1.2,1625992,3.4,122294,2.5,-6780,-5.3,41,6.0
"18043","0","10","70","0","2017","4","",1826,30372,30562,30579,331651211,25961098,407052,836,"",1.00,1.00,1.00,1.00,1.00,1.00,1.00,1.00,"",39,2.2,1193,4.1,1165,4.0,1308,4.5,14583749,4.6,2546592,10.9,-16972,-4.0,3,0.4
"18043","1","10","71","0","2017","4","",18,213,220,219,3735510,0,0,1322,"",1.64,0.36,0.38,0.37,0.41,0.00,0.00,1.11,"",1,5.9,0,0.0,4,1.9,5,2.3,53094,1.4,0,0.0,0,0.0,0,0.0
"18043","2","10","71","0","2017","4","",16,1034,1040,1028,8179492,0,0,609,"",1.25,1.06,1.06,1.05,0.76,0.00,0.00,0.71,"",0,0.0,13,1.3,17,1.7,14,1.4,370551,4.7,0,0.0,0,0.0,20,3.4
"18043","3","10","71","0","2017","4","",37,2456,2483,2465,24146213,236829,2005,753,"",1.19,0.82,0.82,0.81,0.85,0.46,0.94,1.04,"",-22,-37.3,-2376,-49.2,-2468,-49.8,-2486,-50.2,-34645781,-58.9,-62761,-20.9,-2091,-51.0,-168,-18.2
"18043","5","10","71","0","2017","4","",1755,26669,26819,26867,295589996,25724269,405047,849,"",0.99,1.03,1.03,1.03,1.04,1.02,1.00,1.01,"",60,3.5,3556,15.4,3612,15.6,3775,16.3,48805885,19.8,2609353,11.3,-14881,-3.5,29,3.5
"18045","0","10","70","0","2017","4","",329,4671,4655,4662,42707057,4725640,132221,705,"",1.00,1.00,1.00,1.00,1.00,1.00,1.00,1.00,"",6,1.9,190,4.2,179,4.0,203,4.6,2026307,5.0,1175995,33.1,42876,48.0,5,0.7
"18045","1","10","71","0","2017","4","",9,59,58,59,713577,0,0,936,"",4.56,0.66,0.65,0.66,0.61,0.00,0.00,0.93,"",0,0.0,0,0.0,-1,-1.7,-3,-4.8,-21418,-2.9,0,0.0,0,0.0,-6,-0.6
"18045","2","10","71","0","2017","4","",11,36,36,35,396296,0,0,855,"",4.77,0.24,0.24,0.24,0.28,0.00,0.00,1.19,"",1,10.0,-5,-12.2,-4,-10.0,-5,-12.5,13302,3.5,0,0.0,0,0.0,125,17.1
"18045","3","10","71","0","2017","4","",16,717,709,722,5147008,16145,90,553,"",2.86,1.55,1.53,1.56,1.40,0.17,0.13,0.90,"",0,0.0,-5,-0.7,-10,-1.4,16,2.3,123362,2.5,-29008,-64.2,-405,-81.8,13,2.4
"18045","5","10","71","0","2017","4","",293,3859,3852,3846,36450176,4709495,132131,728,"",0.92,0.97,0.97,0.97,1.00,1.03,1.01,1.03,"",5,1.7,200,5.5,194,5.3,195,5.3,1911061,5.5,1205003,34.4,43281,48.7,1,0.1
"18047","0","10","70","0","2017","4","",358,4280,4283,4236,38248500,2863746,47519,690,"",1.00,1.00,1.00,1.00,1.00,1.00,1.00,1.00,"",-7,-1.9,-205,-4.6,-201,-4.5,-118,-2.7,1950688,5.4,-288653,-9.2,-14492,-23.4,61,9.7
"18047","1","10","71","0","2017","4","",8,41,45,40,546770,0,0,1001,"",3.73,0.50,0.55,0.49,0.52,0.00,0.00,1.01,"",-1,-11.1,-3,-6.8,7,18.4,-1,-2.4,59846,12.3,0,0.0,0,0.0,87,9.5
"18047","2","10","71","0","2017","4","",11,113,101,59,698697,0,0,591,"",4.39,0.82,0.74,0.44,0.56,0.00,0.00,0.84,"",0,0.0,-17,-13.1,-16,-13.7,-10,-14.5,-217863,-23.8,0,0.0,0,0.0,-78,-11.7
"18047","3","10","71","0","2017","4","",19,842,857,869,7604537,28141,141,683,"",3.12,1.99,2.01,2.07,2.31,0.50,0.56,1.14,"",0,0.0,-1,-0.1,6,0.7,7,0.8,1379601,22.2,-1247,-4.2,-81,-36.5,121,21.5
"18047","5","10","71","0","2017","4","",320,3284,3280,3268,29398496,2835605,47378,690,"",0.92,0.90,0.90,0.91,0.90,1.02,1.00,0.99,"",-6,-1.8,-184,-5.3,-198,-5.7,-114,-3.4,729104,2.5,-287406,-9.2,-14411,-23.3,49,7.6
"18049","0","10","70","0","2017","4","",474,6328,6345,6351,61613295,4839761,83169,747,"",1.00,1.00,1.00,1.00,1.00,1.00,1.00,1.00,"",4,0.9,1,0.0,4,0.1,43,0.7,3314217,5.7,980240,25.4,999,1.2,38,5.4
"18049","1","10","71","0","2017","4","",8,41,40,43,566950,0,0,1055,"",2.81,0.34,0.33,0.35,0.33,0.00,0.00,0.99,"",0,0.0,-7,-14.6,-2,-4.8,-3,-6.5,5713,1.0,0,0.0,0,0.0,103,10.8
"18049","2","10","71","0","2017","4","",10,50,48,46,537448,0,0,861,"",3.01,0.25,0.24,0.23,0.27,0.00,0.00,1.13,"",1,11.1,4,8.7,2,4.3,-1,-2.1,81887,18.0,0,0.0,0,0.0,105,13.9
"18049","3","10","71","0","2017","4","",15,1293,1283,1276,13093487,7416,38,784,"",1.86,2.06,2.04,2.03,2.47,0.08,0.09,1.21,"",0,0.0,-15,-1.1,-9,-0.7,-9,-0.7,464287,3.7,-1671,-18.4,-8,-17.4,34,4.5
"18049","5","10","71","0","2017","4","",441,4944,4974,4986,47415410,4832345,83131,734,"",0.96,0.92,0.92,0.92,0.90,1.03,1.01,0.98,"",3,0.7,19,0.4,13,0.3,56,1.1,2762330,6.2,981911,25.5,1007,1.2,38,5.5
"18051","0","10","70","0","2017","4","",745,20366,20500,20701,263137102,17908603,286694,986,"",1.00,1.00,1.00,1.00,1.00,1.00,1.00,1.00,"",-7,-0.9,28,0.1,12,0.1,252,1.2,9635086,3.8,649795,3.8,-81477,-22.1,31,3.2
"18051","1","10","71","0","2017","4","",11,88,87,87,1198129,0,0,1055,"",2.46,0.22,0.22,0.22,0.17,0.00,0.00,0.75,"",-1,-8.3,0,0.0,2,2.4,-5,-5.4,76454,6.8,0,0.0,0,0.0,78,8.0
"18051","2","10","71","0","2017","4","",12,60,61,60,701841,0,0,895,"",2.30,0.09,0.09,0.09,0.08,0.00,0.00,0.89,"",2,20.0,3,5.3,4,7.0,5,9.1,115752,19.7,0,0.0,0,0.0,95,11.9
"18051","3","10","71","0","2017","4","",40,1340,1314,1305,10063046,137377,1523,587,"",3.16,0.66,0.65,0.64,0.44,0.39,1.01,0.69,"",0,0.0,-12,-0.9,-25,-1.9,-44,-3.3,426005,4.4,34450,33.5,418,37.8,37,6.7
"18051","5","10","71","0","2017","4","",682,18878,19038,19249,251174086,17771226,285171,1014,"",0.94,1.09,1.09,1.09,1.12,1.03,1.00,1.02,"",-8,-1.2,37,0.2,31,0.2,296,1.6,9016875,3.7,615345,3.6,-81895,-22.3,30,3.0
"18053","0","10","70","0","2017","4","",1217,27618,27637,27610,270051359,24192571,362280,752,"",1.00,1.00,1.00,1.00,1.00,1.00,1.00,1.00,"",-20,-1.6,133,0.5,107,0.4,205,0.7,2870208,1.1,1901732,8.5,-49348,-12.0,4,0.5
"18053","1","10","71","0","2017","4","",16,1062,1064,1074,18063216,0,0,1303,"",2.19,2.00,2.01,2.02,2.43,0.00,0.00,1.21,"",0,0.0,41,4.0,17,1.6,17,1.6,876113,5.1,0,0.0,0,0.0,34,2.7
"18053","2","10","71","0","2017","4","",14,132,129,128,1433236,0,0,850,"",1.64,0.15,0.15,0.15,0.16,0.00,0.00,1.11,"",-3,-17.6,-2,-1.5,-9,-6.5,-6,-4.5,139048,10.7,0,0.0,0,0.0,114,15.5
"18053","3","10","71","0","2017","4","",50,2851,2860,2873,22453086,63169,1231,604,"",2.42,1.04,1.04,1.05,0.97,0.13,0.65,0.93,"",0,0.0,84,3.0,97,3.5,75,2.7,308205,1.4,-39986,-38.8,-493,-28.6,-10,-1.6
"18053","5","10","71","0","2017","4","",1137,23573,23584,23535,228101821,24129402,361049,745,"",0.96,1.00,1.00,1.00,0.99,1.03,1.00,0.99,"",-17,-1.5,10,0.0,2,0.0,119,0.5,1546842,0.7,1941718,8.8,-48855,-11.9,4,0.5
"18055","0","10","70","0","2017","4","",574,6414,6383,6409,57717822,4252317,71442,694,"",1.00,1.00,1.00,1.00,1.00,1.00,1.00,1.00,"",0,0.0,122,1.9,111,1.8,103,1.6,6395084,12.5,290207,7.3,-3041,-4.1,66,10.5
"18055","1","10","71","0","2017","4","",13,74,76,75,958408,0,0,983,"",3.78,0.60,0.62,0.61,0.60,0.00,0.00,0.99,"",0,0.0,2,2.8,0,0.0,-4,-5.1,28128,3.0,0,0.0,0,0.0,37,3.9
"18055","2","10","71","0","2017","4","",13,157,158,153,1816426,0,0,896,"",3.23,0.76,0.77,0.75,0.96,0.00,0.00,1.27,"",0,0.0,1,0.6,2,1.3,0,0.0,215178,13.4,-3600,-100.0,-58,-100.0,101,12.7
"18055","3","10","71","0","2017","4","",32,1666,1634,1667,14684772,33608,586,682,"",3.28,2.62,2.58,2.63,2.96,0.40,1.56,1.13,"",-1,-3.0,21,1.3,-3,-0.2,-7,-0.4,1358657,10.2,-13909,-29.3,-45,-7.1,61,9.8
"18055","5","10","71","0","2017","4","",516,4517,4515,4514,40258216,4218709,70856,686,"",0.93,0.83,0.83,0.83,0.82,1.03,1.00,0.98,"",1,0.2,98,2.2,112,2.5,114,2.6,4793121,13.5,307716,7.9,-2938,-4.0,67,10.8
"18057","0","10","70","0","2017","4","",9328,141146,141426,141213,1897677178,138737626,2392796,1033,"",1.00,1.00,1.00,1.00,1.00,1.00,1.00,1.00,"",197,2.2,3004,2.2,3017,2.2,3275,2.4,70568012,3.9,4519066,3.4,-318065,-11.7,16,1.6
"18057","1","10","71","0","2017","4","",15,423,418,423,6904261,0,0,1261,"",0.27,0.16,0.15,0.16,0.13,0.00,0.00,0.85,"",1,7.1,19,4.7,11,2.7,-2,-0.5,-203291,-2.9,0,0.0,0,0.0,-66,-5.0
"18057","2","10","71","0","2017","4","",19,198,198,196,2310845,0,0,901,"",0.29,0.04,0.04,0.04,0.04,0.00,0.00,0.86,"",0,0.0,20,11.2,11,5.9,5,2.6,454542,24.5,0,0.0,0,0.0,131,17.0
"18057","3","10","71","0","2017","4","",84,13725,13803,13889,141694148,240894,2764,789,"",0.53,0.98,0.98,0.99,0.87,0.09,0.22,0.88,"",-2,-2.3,437,3.3,460,3.4,441,3.3,5504265,4.0,51903,27.5,257,10.3,5,0.6
"18057","5","10","71","0","2017","4","",9210,126800,127007,126705,1746767924,138496732,2390032,1059,"",1.02,1.06,1.06,1.06,1.08,1.03,1.01,1.02,"",198,2.2,2528,2.0,2535,2.0,2831,2.3,64812496,3.9,4467163,3.3,-318322,-11.8,17,1.6
"18059","0","10","70","0","2017","4","",1545,23219,23304,23488,260699123,21562565,398692,859,"",1.00,1.00,1.00,1.00,1.00,1.00,1.00,1.00,"",40,2.7,374,1.6,183,0.8,558,2.4,21594153,9.0,1161618,5.7,-10438,-2.6,58,7.2
"18059","1","10","71","0","2017","4","",9,114,120,117,1776710,0,0,1168,"",0.97,0.26,0.27,0.26,0.25,0.00,0.00,0.95,"",0,0.0,5,4.6,9,8.1,-2,-1.7,2351,0.1,0,0.0,0,0.0,-40,-3.3
"18059","2","10","71","0","2017","4","",17,271,268,266,3569444,0,0,1023,"",1.57,0.36,0.36,0.36,0.42,0.00,0.00,1.17,"",1,6.2,13,5.0,5,1.9,-1,-0.4,155519,4.6,0,0.0,0,0.0,23,2.3
"18059","3","10","71","0","2017","4","",42,3438,3675,3752,37977662,45187,416,807,"",1.60,1.49,1.59,1.61,1.69,0.11,0.20,1.08,"",0,0.0,58,1.7,22,0.6,48,1.3,2265586,6.3,-20893,-31.6,-669,-61.7,39,5.1
"18059","5","10","71","0","2017","4","",1477,19396,19241,19353,217375307,21517378,398276,865,"",0.99,0.98,0.97,0.97,0.98,1.03,1.01,1.00,"",39,2.7,298,1.6,147,0.8,513,2.7,19170697,9.7,1182511,5.8,-9769,-2.4,63,7.9
"18061","0","10","70","0","2017","4","",674,10473,10456,10502,97241956,8629936,157796,714,"",1.00,1.00,1.00,1.00,1.00,1.00,1.00,1.00,"",5,0.7,235,2.3,145,1.4,254,2.5,3516013,3.8,1080770,14.3,19535,14.1,12,1.7
"18061","1","10","71","0","2017","4","",14,101,104,97,1305238,0,0,997,"",3.46,0.50,0.52,0.48,0.49,0.00,0.00,0.98,"",0,0.0,4,4.1,8,8.3,-5,-4.9,-44408,-3.3,0,0.0,0,0.0,-59,-5.6
"18061","2","10","71","0","2017","4","",8,115,116,108,1208519,0,0,823,"",1.69,0.34,0.35,0.32,0.38,0.00,0.00,1.13,"",0,0.0,8,7.5,6,5.5,2,1.9,116882,10.7,0,0.0,0,0.0,43,5.5
"18061","3","10","71","0","2017","4","",13,1977,1936,1961,17701931,47218,306,695,"",1.13,1.91,1.86,1.89,2.12,0.28,0.37,1.12,"",-4,-23.5,-15,-0.8,-68,-3.4,-49,-2.4,-6375,0.0,5626,13.5,60,24.4,15,2.2
"18061","5","10","71","0","2017","4","",639,8280,8300,8336,77026268,8582718,157490,713,"",0.98,0.93,0.93,0.93,0.93,1.03,1.00,0.99,"",9,1.4,238,3.0,199,2.5,306,3.8,3449914,4.7,1075144,14.3,19475,14.1,11,1.6
"18063","0","10","70","0","2017","4","",3220,70113,71512,72804,693279253,87982631,1297712,746,"",1.00,1.00,1.00,1.00,1.00,1.00,1.00,1.00,"",64,2.0,3019,4.5,2912,4.2,4926,7.3,62959486,10.0,959429,1.1,-182880,-12.4,31,4.3
"18063","1","10","71","0","2017","4","",16,276,272,271,4708138,0,0,1327,"",0.83,0.20,0.20,0.19,0.25,0.00,0.00,1.24,"",1,6.7,15,5.7,21,8.4,13,5.0,-31323,-0.7,0,0.0,0,0.0,-93,-6.5
"18063","2","10","71","0","2017","4","N",27,0,0,0,0,0,0,0,"N",1.20,0,0,0,0,0,0,0,"N",2,8.0,0,0,0,0,0,0,0,0,0,0,0,0,0,0
"18063","3","10","71","0","2017","4","N",52,0,0,0,0,0,0,0,"N",0.95,0,0,0,0,0,0,0,"N",0,0.0,0,0,0,0,0,0,0,0,0,0,0,0,0,0
"18063","5","10","71","0","2017","4","",3125,61197,62514,63812,588828021,87810036,1296533,725,"",1.00,1.03,1.03,1.03,0.99,1.03,1.01,0.97,"",61,2.0,2458,4.2,2299,3.8,4302,7.2,52284095,9.7,1028567,1.2,-181757,-12.3,31,4.5
"18065","0","10","70","0","2017","4","",809,13583,13640,13686,123977490,11346695,200017,699,"",1.00,1.00,1.00,1.00,1.00,1.00,1.00,1.00,"",3,0.4,263,2.0,171,1.3,207,1.5,6965221,6.0,-588993,-4.9,-37129,-15.7,28,4.2
"18065","1","10","71","0","2017","4","",15,95,90,93,1259602,0,0,1046,"",3.09,0.36,0.34,0.35,0.37,0.00,0.00,1.05,"",-1,-6.2,-2,-2.1,-4,-4.3,-3,-3.1,-10903,-0.9,0,0.0,0,0.0,24,2.3
"18065","2","10","71","0","2017","4","",15,156,159,147,1582868,0,0,791,"",2.65,0.36,0.36,0.34,0.39,0.00,0.00,1.11,"",0,0.0,8,5.4,13,8.9,12,8.9,153618,10.7,0,0.0,0,0.0,22,2.9
"18065","3","10","71","0","2017","4","",37,2861,2840,2912,28230860,113502,2425,756,"",2.69,2.13,2.10,2.15,2.65,0.51,2.30,1.25,"",-1,-2.6,55,2.0,34,1.2,46,1.6,298490,1.1,-9044,-7.4,-161,-6.2,-4,-0.5
"18065","5","10","71","0","2017","4","",742,10471,10551,10534,92904160,11233193,197592,679,"",0.95,0.91,0.91,0.91,0.88,1.02,0.99,0.97,"",5,0.7,202,2.0,128,1.2,152,1.5,6524016,7.6,-579949,-4.9,-36968,-15.8,38,5.9
"18067","0","10","70","0","2017","4","",1682,40220,40403,40440,476410517,31229222,509399,908,"",1.00,1.00,1.00,1.00,1.00,1.00,1.00,1.00,"",2,0.1,-143,-0.4,493,1.2,137,0.3,17797689,3.9,3096839,11.0,-28423,-5.3,30,3.4
"18067","1","10","71","0","2017","4","",12,180,182,212,3075317,0,0,1236,"",1.19,0.23,0.24,0.27,0.23,0.00,0.00,0.95,"",-1,-7.7,4,2.3,2,1.1,4,1.9,126518,4.3,0,0.0,0,0.0,29,2.4
"18067","2","10","71","0","2017","4","",19,1002,1012,994,7454809,0,0,572,"",1.61,0.78,0.78,0.77,0.48,0.00,0.00,0.62,"",-1,-5.0,-9,-0.9,8,0.8,-2,-0.2,263935,3.7,0,0.0,0,0.0,21,3.8
"18067","3","10","71","0","2017","4","",43,3489,3551,3545,31663435,77213,390,690,"",1.50,0.88,0.89,0.89,0.77,0.12,0.15,0.88,"",0,0.0,-44,-1.2,-37,-1.0,1,0.0,1104346,3.6,10987,16.6,48,14.0,29,4.4
"18067","5","10","71","0","2017","4","",1608,35549,35658,35689,434216956,31152009,509009,937,"",0.99,1.04,1.04,1.04,1.07,1.03,1.01,1.03,"",4,0.2,-94,-0.3,520,1.5,134,0.4,16302890,3.9,3085852,11.0,-28471,-5.3,30,3.3
"18069","0","10","70","0","2017","4","",878,13760,13635,13535,132164435,10063396,174112,745,"",1.00,1.00,1.00,1.00,1.00,1.00,1.00,1.00,"",3,0.3,-479,-3.4,-597,-4.2,-541,-3.8,1371472,1.0,-857857,-7.9,-73445,-29.7,36,5.1
"18069","1","10","71","0","2017","4","",8,88,87,86,1245721,0,0,1101,"",1.52,0.33,0.33,0.33,0.34,0.00,0.00,1.03,"",0,0.0,3,3.5,1,1.2,-4,-4.4,51705,4.3,0,0.0,0,0.0,45,4.3
"18069","2","10","71","0","2017","4","",13,113,115,101,1046042,0,0,734,"",2.11,0.26,0.26,0.23,0.24,0.00,0.00,0.97,"",0,0.0,5,4.6,9,8.5,3,3.1,78340,8.1,0,0.0,0,0.0,18,2.5
"18069","3","10","71","0","2017","4","",31,1299,1296,1298,10675952,75178,561,633,"",2.08,0.95,0.96,0.97,0.94,0.38,0.61,0.98,"",0,0.0,-16,-1.2,-40,-3.0,-28,-2.1,184625,1.8,-36412,-32.6,-516,-47.9,24,3.9
"18069","5","10","71","0","2017","4","",826,12260,12137,12050,119196720,9988218,173551,755,"",0.97,1.05,1.05,1.05,1.06,1.03,1.00,1.01,"",3,0.4,-471,-3.7,-567,-4.5,-512,-4.1,1056802,0.9,-821445,-7.6,-72929,-29.6,37,5.2
"18071","0","10","70","0","2017","4","",972,21383,21459,21627,241165839,20148933,277422,863,"",1.00,1.00,1.00,1.00,1.00,1.00,1.00,1.00,"",5,0.5,74,0.3,-14,-0.1,78,0.4,4994206,2.1,-330705,-1.6,-98605,-26.2,16,1.9
"18071","1","10","71","0","2017","4","",11,87,90,94,1214195,0,0,1034,"",1.89,0.21,0.22,0.23,0.18,0.00,0.00,0.84,"",-1,-8.3,0,0.0,5,5.9,-1,-1.1,-16386,-1.3,0,0.0,0,0.0,-30,-2.8
"18071","2","10","71","0","2017","4","",18,291,305,299,3640378,0,0,939,"",2.64,0.42,0.44,0.43,0.46,0.00,0.00,1.07,"",-1,-5.3,10,3.6,21,7.4,15,5.3,240507,7.1,0,0.0,0,0.0,15,1.6
"18071","3","10","71","0","2017","4","",31,2771,2832,2859,30981586,66171,581,845,"",1.88,1.31,1.33,1.34,1.49,0.17,0.40,1.13,"",0,0.0,-17,-0.6,-17,-0.6,28,1.0,1852903,6.4,-30937,-31.9,-1268,-68.6,51,6.4
"18071","5","10","71","0","2017","4","",912,18234,18232,18375,205329680,20082762,276841,864,"",0.97,1.00,1.00,1.00,1.00,1.03,1.00,1.00,"",7,0.8,81,0.4,-23,-0.1,36,0.2,2917182,1.4,-299768,-1.5,-97337,-26.0,11,1.3
"18073","0","10","70","0","2017","4","",799,12177,12061,12085,129103570,12143626,321894,820,"",1.00,1.00,1.00,1.00,1.00,1.00,1.00,1.00,"",-4,-0.5,96,0.8,32,0.3,-49,-0.4,7038030,5.8,2503007,26.0,122793,61.7,43,5.5
"18073","1","10","71","0","2017","4","",8,97,94,92,1190409,0,0,971,"",1.67,0.41,0.41,0.40,0.34,0.00,0.00,0.83,"",0,0.0,3,3.2,4,4.4,-4,-4.2,-9989,-0.8,0,0.0,0,0.0,-18,-1.8
"18073","2","10","71","0","2017","4","",10,83,85,85,957997,0,0,874,"",1.79,0.21,0.22,0.22,0.23,0.00,0.00,1.05,"",-1,-9.1,11,15.3,10,13.3,8,10.4,167918,21.3,0,0.0,0,0.0,60,7.4
"18073","3","10","71","0","2017","4","",21,1375,1373,1414,11033493,124047,897,612,"",1.55,1.14,1.15,1.18,0.99,0.52,0.53,0.86,"",0,0.0,8,0.6,-1,-0.1,3,0.2,205889,1.9,8115,7.0,-239,-21.0,10,1.7
"18073","5","10","71","0","2017","4","",760,10622,10509,10494,115921671,12019579,320997,846,"",0.98,1.03,1.03,1.02,1.05,1.02,1.00,1.03,"",-3,-0.4,74,0.7,19,0.2,-56,-0.5,6674212,6.1,2494892,26.2,123032,62.1,48,6.0
"18075","0","10","70","0","2017","4","",402,7377,7396,7411,71162405,6009347,113734,740,"",1.00,1.00,1.00,1.00,1.00,1.00,1.00,1.00,"",9,2.3,-7,-0.1,-11,-0.1,15,0.2,3942936,5.9,410843,7.3,23976,26.7,41,5.9
"18075","1","10","71","0","2017","4","",5,45,47,44,579739,0,0,984,"",2.07,0.32,0.33,0.31,0.30,0.00,0.00,0.93,"",-1,-16.7,-6,-11.8,1,2.2,-6,-12.0,-15449,-2.6,0,0.0,0,0.0,50,5.4
"18075","2","10","71","0","2017","4","",11,37,38,37,482340,0,0,994,"",3.91,0.16,0.16,0.16,0.21,0.00,0.00,1.32,"",1,10.0,-1,-2.6,0,0.0,-1,-2.6,35875,8.0,0,0.0,0,0.0,90,10.0
"18075","3","10","71","0","2017","4","",20,1240,1233,1264,10432566,85756,760,644,"",2.93,1.70,1.68,1.72,1.70,0.72,1.27,1.00,"",0,0.0,-38,-3.0,-37,-2.9,-18,-1.4,-332211,-3.1,4113,5.0,-326,-30.0,-5,-0.8
"18075","5","10","71","0","2017","4","",366,6055,6078,6066,59667760,5923591,112974,757,"",0.94,0.97,0.97,0.96,0.98,1.02,1.00,1.02,"",9,2.5,38,0.6,25,0.4,40,0.7,4254721,7.7,406730,7.4,24302,27.4,50,7.1
"18077","0","10","70","0","2017","4","",655,12260,12244,12291,124446223,9123371,132814,780,"",1.00,1.00,1.00,1.00,1.00,1.00,1.00,1.00,"",-4,-0.6,-105,-0.8,-120,-1.0,-111,-0.9,2122482,1.7,-241491,-2.6,-30101,-18.5,20,2.6
"18077","1","10","71","0","2017","4","",8,76,77,72,1043971,0,0,1071,"",2.04,0.32,0.33,0.30,0.31,0.00,0.00,0.96,"",-1,-11.1,-4,-5.0,1,1.3,-11,-13.3,-31333,-2.9,0,0.0,0,0.0,33,3.2
"18077","2","10","71","0","2017","4","",22,1055,1067,1042,9600477,0,0,700,"",4.79,2.68,2.72,2.66,2.36,0.00,0.00,0.88,"",1,4.8,0,0.0,10,0.9,-12,-1.1,507039,5.6,0,0.0,0,0.0,37,5.6
"18077","3","10","71","0","2017","4","",17,1074,1075,1104,9347791,192365,2318,663,"",1.53,0.88,0.88,0.91,0.87,1.07,3.32,0.98,"",0,0.0,-18,-1.6,-11,-1.0,-10,-0.9,252800,2.8,38895,25.3,331,16.7,25,3.9
"18077","5","10","71","0","2017","4","",608,10055,10025,10073,104453984,8931006,130496,799,"",0.96,0.97,0.96,0.96,0.98,1.01,0.99,1.02,"",-4,-0.7,-83,-0.8,-120,-1.2,-78,-0.8,1393976,1.4,-280386,-3.0,-30432,-18.9,18,2.3
"18079","0","10","70","0","2017","4","",395,7277,7351,7397,71405650,6313737,139217,748,"",1.00,1.00,1.00,1.00,1.00,1.00,1.00,1.00,"",9,2.3,84,1.2,101,1.4,169,2.3,4876283,7.3,765480,13.8,5993,4.5,40,5.6
"18079","1","10","71","0","2017","4","",13,80,79,81,1160880,0,0,1116,"",5.49,0.57,0.56,0.57,0.59,0.00,0.00,1.04,"",1,8.3,10,14.3,8,11.3,7,9.5,169575,17.1,0,0.0,0,0.0,52,4.9
"18079","2","10","71","0","2017","4","",11,156,156,150,1568080,0,0,783,"",3.97,0.67,0.66,0.64,0.67,0.00,0.00,1.03,"",0,0.0,8,5.4,2,1.3,-6,-3.8,74410,5.0,0,0.0,0,0.0,30,4.0
"18079","3","10","71","0","2017","4","",18,1017,1030,1051,9017629,69604,822,672,"",2.68,1.41,1.41,1.44,1.47,0.56,1.12,1.04,"",0,0.0,5,0.5,17,1.7,15,1.4,474299,5.6,27368,64.8,611,289.6,28,4.3
"18079","5","10","71","0","2017","4","",353,6024,6086,6115,59659061,6244133,138395,755,"",0.92,0.97,0.97,0.97,0.98,1.02,1.00,1.00,"",8,2.3,61,1.0,74,1.2,153,2.6,4157999,7.5,738112,13.4,5382,4.0,41,5.7
"18081","0","10","70","0","2017","4","",3258,53104,53740,53938,527752400,55545990,883142,757,"",1.00,1.00,1.00,1.00,1.00,1.00,1.00,1.00,"",56,1.7,1764,3.4,1738,3.3,1654,3.2,31721457,6.4,4496504,8.8,-67907,-7.1,21,2.9
"18081","1","10","71","0","2017","4","",14,405,404,394,6189365,0,0,1187,"",0.72,0.40,0.39,0.38,0.43,0.00,0.00,1.10,"",0,0.0,3,0.7,-7,-1.7,-17,-4.1,-129436,-2.0,0,0.0,0,0.0,-4,-0.3
"18081","2","10","71","0","2017","4","",25,381,389,390,4119256,0,0,819,"",1.10,0.22,0.23,0.23,0.24,0.00,0.00,1.06,"",2,8.7,16,4.4,25,6.9,26,7.1,582607,16.5,0,0.0,0,0.0,72,9.6
"18081","3","10","71","0","2017","4","",60,6540,6520,6686,64576340,142149,1229,755,"",1.08,1.24,1.22,1.25,1.42,0.13,0.26,1.15,"",-1,-1.6,159,2.5,41,0.6,67,1.0,4201138,7.0,41076,40.6,336,37.6,40,5.6
"18081","5","10","71","0","2017","4","",3159,45778,46427,46468,452867439,55403841,881913,754,"",1.00,1.01,1.02,1.01,1.00,1.03,1.01,0.99,"",55,1.8,1586,3.6,1679,3.8,1578,3.5,27067148,6.4,4455428,8.7,-68243,-7.2,20,2.7
"18083","0","10","70","0","2017","4","",944,17369,17502,17510,175404859,11958765,219675,773,"",1.00,1.00,1.00,1.00,1.00,1.00,1.00,1.00,"",3,0.3,-246,-1.4,-74,-0.4,-106,-0.6,1729164,1.0,42164,0.4,-31869,-12.7,14,1.8
"18083","1","10","71","0","2017","4","",16,158,158,161,2560689,0,0,1239,"",2.83,0.47,0.47,0.48,0.53,0.00,0.00,1.12,"",0,0.0,-3,-1.9,-7,-4.2,-4,-2.4,90330,3.7,0,0.0,0,0.0,78,6.7
"18083","2","10","71","0","2017","4","",14,1270,1309,1387,14035076,0,0,817,"",2.12,2.28,2.33,2.48,2.45,0.00,0.00,1.04,"",1,7.7,-126,-9.0,-39,-2.9,-55,-3.8,-439482,-3.0,0,0.0,0,0.0,19,2.4
"18083","3","10","71","0","2017","4","",36,2998,3004,2996,29436083,268380,2160,755,"",2.24,1.74,1.73,1.73,1.95,1.13,1.87,1.13,"",0,0.0,10,0.3,12,0.4,16,0.5,834158,2.9,-61004,-18.5,-1512,-41.2,18,2.4
"18083","5","10","71","0","2017","4","",878,12943,13031,12966,129373011,11690385,217515,767,"",0.96,0.88,0.88,0.87,0.86,1.01,1.00,0.99,"",2,0.2,-127,-1.0,-40,-0.3,-63,-0.5,1244158,1.0,103168,0.9,-30357,-12.2,12,1.6
"18085","0","10","70","0","2017","4","",1944,38144,38264,38065,463686644,33662676,582595,935,"",1.00,1.00,1.00,1.00,1.00,1.00,1.00,1.00,"",39,2.0,302,0.8,315,0.8,246,0.7,17046452,3.8,2641493,8.5,24795,4.4,28,3.1
"18085","1","10","71","0","2017","4","",16,152,153,155,2499592,0,0,1254,"",1.37,0.21,0.21,0.21,0.20,0.00,0.00,0.94,"",-1,-5.9,-3,-1.9,-5,-3.2,-10,-6.1,25382,1.0,0,0.0,0,0.0,59,4.9
"18085","2","10","71","0","2017","4","",12,98,97,96,1033517,0,0,820,"",0.88,0.08,0.08,0.08,0.07,0.00,0.00,0.86,"",0,0.0,2,2.1,-1,-1.0,-1,-1.0,137082,15.3,0,0.0,0,0.0,109,15.3
"18085","3","10","71","0","2017","4","",42,2900,2906,2893,24363424,51343,521,646,"",1.27,0.77,0.76,0.77,0.61,0.08,0.17,0.80,"",1,2.4,-145,-4.8,-142,-4.7,-115,-3.8,919618,3.9,-10117,-16.5,-282,-35.1,52,8.8
"18085","5","10","71","0","2017","4","",1874,34994,35108,34921,435790111,33611333,582074,958,"",0.99,1.08,1.08,1.08,1.10,1.03,1.01,1.02,"",39,2.1,448,1.3,463,1.3,372,1.1,15964370,3.8,2651610,8.6,25077,4.5,24,2.6
"18087","0","10","70","0","2017","4","",890,14574,14531,14580,173523426,15084026,368150,917,"",1.00,1.00,1.00,1.00,1.00,1.00,1.00,1.00,"",29,3.4,1108,8.2,986,7.3,1137,8.5,28372313,19.5,1926983,14.6,-17851,-4.6,89,10.7
"18087","1","10","71","0","2017","4","",11,54,56,56,746305,0,0,1037,"",2.06,0.19,0.20,0.20,0.16,0.00,0.00,0.79,"",0,0.0,-3,-5.3,-2,-3.4,-4,-6.7,-26129,-3.4,0,0.0,0,0.0,18,1.8
"18087","2","10","71","0","2017","4","",11,46,48,49,584294,0,0,943,"",1.76,0.10,0.10,0.11,0.10,0.00,0.00,1.01,"",-1,-8.3,-6,-11.5,-3,-5.9,-1,-2.0,17086,3.0,0,0.0,0,0.0,87,10.2
"18087","3","10","71","0","2017","4","",27,1263,1266,1289,10592845,106224,807,640,"",1.78,0.87,0.88,0.89,0.71,0.36,0.42,0.80,"",-1,-3.6,54,4.5,31,2.5,47,3.8,122269,1.2,-34086,-24.3,-1064,-56.9,-16,-2.4
"18087","5","10","71","0","2017","4","",841,13211,13161,13186,161599982,14977802,367343,943,"",0.97,1.07,1.07,1.06,1.09,1.03,1.00,1.02,"",31,3.8,1063,8.8,960,7.9,1095,9.1,28259087,21.2,1961069,15.1,-16787,-4.4,99,11.7
"18089","0","10","70","0","2017","4","",10257,190100,190101,189377,2293915476,170949162,3701709,929,"",1.00,1.00,1.00,1.00,1.00,1.00,1.00,1.00,"",-31,-0.3,-359,-0.2,216,0.1,940,0.5,50578633,2.3,13551401,8.6,-279197,-7.0,19,2.1
"18089","1","10","71","0","2017","4","",44,1367,1369,1393,26500946,0,0,1481,"",0.72,0.37,0.38,0.38,0.42,0.00,0.00,1.11,"",0,0.0,15,1.1,13,1.0,-5,-0.4,483277,1.9,0,0.0,0,0.0,19,1.3
"18089","2","10","71","0","2017","4","",27,3482,3499,3486,36799002,1549,25,811,"",0.38,0.57,0.57,0.58,0.49,0.00,0.01,0.86,"",3,12.5,-4,-0.1,0,0.0,10,0.3,2324449,6.7,1549,100.0,25,100.0,50,6.6
"18089","3","10","71","0","2017","4","",155,19452,19278,19386,182834118,839837,29658,726,"",0.89,1.03,1.02,1.03,0.93,0.25,1.52,0.90,"",0,0.0,-182,-0.9,-199,-1.0,-130,-0.7,5433038,3.1,-226009,-21.2,3777,14.6,28,4.0
"18089","5","10","71","0","2017","4","",10031,165799,165955,165112,2047781410,170107776,3672026,951,"",1.01,1.03,1.03,1.03,1.05,1.03,1.00,1.02,"",-34,-0.3,-188,-0.1,402,0.2,1065,0.6,42337869,2.1,13775861,8.8,-282999,-7.2,17,1.8
"18091","0","10","70","0","2017","4","",2298,40604,40674,40517,419323605,32987798,683120,795,"",1.00,1.00,1.00,1.00,1.00,1.00,1.00,1.00,"",-2,-0.1,-207,-0.5,-280,-0.7,-26,-0.1,12415771,3.1,387250,1.2,-64960,-8.7,27,3.5
"18091","1","10","71","0","2017","4","",14,179,180,182,2640929,0,0,1127,"",1.02,0.23,0.23,0.23,0.23,0.00,0.00,0.99,"",-1,-6.7,6,3.5,12,7.1,5,2.8,38073,1.5,0,0.0,0,0.0,-33,-2.8
"18091","2","10","71","0","2017","4","",27,1983,2041,2006,23187994,0,0,887,"",1.68,1.52,1.57,1.55,1.69,0.00,0.00,1.09,"",3,12.5,-109,-5.2,-58,-2.8,-66,-3.2,471565,2.1,0,0.0,0,0.0,50,6.0
"18091","3","10","71","0","2017","4","",55,4378,4362,4347,39941219,108182,1869,704,"",1.41,1.09,1.08,1.08,1.11,0.17,0.52,1.02,"",0,0.0,-40,-0.9,-36,-0.8,-18,-0.4,1785766,4.7,3063,2.9,912,95.3,36,5.4
"18091","5","10","71","0","2017","4","",2202,34064,34091,33982,353553463,32879616,681251,799,"",0.99,0.99,0.99,0.99,0.99,1.03,1.00,1.00,"",-4,-0.2,-64,-0.2,-198,-0.6,53,0.2,10120367,2.9,384187,1.2,-65872,-8.8,25,3.2
"18093","0","10","70","0","2017","4","",860,13573,13507,13480,128892779,10735502,210804,733,"",1.00,1.00,1.00,1.00,1.00,1.00,1.00,1.00,"",27,3.2,193,1.4,188,1.4,181,1.4,3619267,2.9,697349,6.9,-13201,-5.9,10,1.4
"18093","1","10","71","0","2017","4","",11,110,111,113,1613139,0,0,1115,"",2.13,0.42,0.43,0.44,0.46,0.00,0.00,1.06,"",-1,-8.3,1,0.9,4,3.7,0,0.0,7440,0.5,0,0.0,0,0.0,-11,-1.0
"18093","2","10","71","0","2017","4","",14,214,211,176,1707937,0,0,656,"",2.32,0.49,0.49,0.41,0.41,0.00,0.00,0.88,"",-1,-6.7,-5,-2.3,-1,-0.5,-14,-7.4,87215,5.4,0,0.0,0,0.0,54,9.0
"18093","3","10","71","0","2017","4","",34,1893,1891,1910,13657257,59847,546,554,"",2.33,1.41,1.41,1.43,1.23,0.28,0.49,0.87,"",0,0.0,-41,-2.1,-41,-2.1,-35,-1.8,-180044,-1.3,-242,-0.4,-288,-34.5,4,0.7
"18093","5","10","71","0","2017","4","",801,11356,11294,11281,111914446,10675655,210258,761,"",0.96,0.98,0.98,0.98,1.02,1.03,1.00,1.03,"",29,3.8,238,2.1,226,2.0,230,2.1,3704656,3.4,697591,7.0,-12913,-5.8,10,1.3
"18095","0","10","70","0","2017","4","",2163,40107,39777,39632,395777211,34647107,659214,764,"",1.00,1.00,1.00,1.00,1.00,1.00,1.00,1.00,"",-5,-0.2,350,0.9,32,0.1,349,0.9,19709332,5.2,-335965,-1.0,-110634,-14.4,33,4.5
"18095","1","10","71","0","2017","4","",14,255,248,240,3646751,0,0,1133,"",1.08,0.33,0.33,0.31,0.34,0.00,0.00,1.04,"",0,0.0,3,1.2,-5,-2.0,-16,-6.2,-255799,-6.6,0,0.0,0,0.0,-50,-4.2
"18095","2","10","71","0","2017","4","",26,1339,1392,1349,15269237,0,0,864,"",1.72,1.04,1.09,1.07,1.18,0.00,0.00,1.11,"",1,4.0,-7,-0.5,33,2.4,45,3.5,1131209,8.0,0,0.0,0,0.0,50,6.1
"18095","3","10","71","0","2017","4","",58,4846,4865,4902,44705925,180214,2342,706,"",1.58,1.22,1.23,1.25,1.31,0.26,0.68,1.07,"",0,0.0,224,4.8,100,2.1,94,2.0,3828837,9.4,31283,21.0,-448,-16.1,41,6.2
"18095","5","10","71","0","2017","4","",2065,33667,33272,33141,332155298,34466893,656872,766,"",0.98,0.99,0.98,0.98,0.98,1.03,1.00,1.00,"",-6,-0.3,130,0.4,-96,-0.3,226,0.7,15005085,4.7,-367248,-1.1,-110186,-14.4,33,4.5
"18097","0","10","70","0","2017","4","",23762,598771,602625,602080,8489329931,533778558,9720134,1086,"",1.00,1.00,1.00,1.00,1.00,1.00,1.00,1.00,"",123,0.5,3119,0.5,3630,0.6,4344,0.7,310834122,3.8,28016800,5.5,-914057,-8.6,33,3.1
"18097","1","10","71","0","2017","4","",88,14637,14661,14855,293137074,0,0,1532,"",0.62,1.27,1.27,1.28,1.26,0.00,0.00,0.99,"",1,1.1,-321,-2.1,-225,-1.5,-352,-2.3,2012713,0.7,0,0.0,0,0.0,41,2.7
"18097","2","10","71","0","2017","4","",106,23913,24118,23956,290436617,153194,2709,931,"",0.64,1.24,1.25,1.25,1.05,0.02,0.21,0.84,"",3,2.9,562,2.4,686,2.9,691,3.0,17922133,6.6,50318,48.9,372,15.9,33,3.7
"18097","3","10","71","0","2017","4","",149,35214,35995,36293,445835049,548253,5603,957,"",0.37,0.59,0.60,0.61,0.61,0.05,0.11,1.02,"",0,0.0,376,1.1,271,0.8,491,1.4,21892303,5.2,93720,20.6,51,0.9,37,4.0
"18097","5","10","71","0","2017","4","",23419,525007,527851,526976,7459921191,533077111,9711822,1090,"",1.02,1.03,1.03,1.03,1.03,1.03,1.01,1.00,"",119,0.5,2502,0.5,2898,0.6,3514,0.7,269006973,3.7,27872762,5.5,-914480,-8.6,34,3.2
"18099","0","10","70","0","2017","4","",1022,18792,18666,18783,188885545,14996858,273270,775,"",1.00,1.00,1.00,1.00,1.00,1.00,1.00,1.00,"",-6,-0.6,-643,-3.3,-773,-4.0,-652,-3.4,3127215,1.7,352168,2.4,-27618,-9.2,40,5.4
"18099","1","10","71","0","2017","4","",11,103,105,103,1239947,0,0,920,"",1.79,0.28,0.29,0.28,0.24,0.00,0.00,0.83,"",0,0.0,2,2.0,2,1.9,-8,-7.2,-1083,-0.1,0,0.0,0,0.0,11,1.2
"18099","2","10","71","0","2017","4","",12,99,100,97,1240408,0,0,967,"",1.68,0.16,0.17,0.16,0.20,0.00,0.00,1.22,"",-3,-20.0,10,11.2,9,9.9,7,7.8,186913,17.7,0,0.0,0,0.0,67,7.4
"18099","3","10","71","0","2017","4","",32,1984,1950,2018,16069272,9990,50,623,"",1.84,1.07,1.05,1.09,0.99,0.03,0.03,0.93,"",-1,-3.0,3,0.2,-24,-1.2,-4,-0.2,596643,3.9,4790,92.1,24,92.3,26,4.4
"18099","5","10","71","0","2017","4","",967,16606,16511,16565,170335918,14986868,273220,791,"",0.98,1.04,1.04,1.04,1.06,1.03,1.01,1.02,"",-2,-0.2,-658,-3.8,-760,-4.4,-647,-3.8,2344742,1.4,347378,2.4,-27642,-9.2,42,5.6
"18101","0","10","70","0","2017","4","",242,7280,7257,7307,134887717,2357353,49608,1425,"",1.00,1.00,1.00,1.00,1.00,1.00,1.00,1.00,"",14,6.1,236,3.4,193,2.7,251,3.6,9836660,7.9,443409,23.2,16773,51.1,61,4.5
"18101","1","10","71","0","2017","4","",7,4324,4344,4386,104219597,0,0,1842,"",4.82,30.86,31.28,31.16,28.11,0.00,0.00,0.90,"",0,0.0,29,0.7,44,1.0,64,1.5,6385416,6.5,0,0.0,0,0.0,94,5.4
"18101","2","10","71","0","2017","4","",6,30,29,29,332002,0,0,871,"",3.54,0.13,0.12,0.12,0.08,0.00,0.00,0.60,"",0,0.0,2,7.1,2,7.4,1,3.6,57747,21.1,0,0.0,0,0.0,108,14.2
"18101","3","10","71","0","2017","4","",14,443,451,457,3049273,42432,1943,521,"",3.40,0.61,0.63,0.63,0.26,0.91,7.44,0.42,"",0,0.0,15,3.5,7,1.6,26,6.0,203486,7.2,3771,9.8,73,3.9,17,3.4
"18101","5","10","71","0","2017","4","",215,2483,2433,2435,27286845,2314921,47665,857,"",0.92,0.40,0.39,0.39,0.24,1.01,0.97,0.60,"",14,7.0,190,8.3,140,6.1,160,7.0,3190011,13.2,439638,23.4,16700,53.9,47,5.8
"18103","0","10","70","0","2017","4","",602,9236,9285,9361,91340410,7396242,140115,756,"",1.00,1.00,1.00,1.00,1.00,1.00,1.00,1.00,"",9,1.5,-280,-2.9,-352,-3.7,-169,-1.8,2223533,2.5,644022,9.5,-12424,-8.1,39,5.4
"18103","1","10","71","0","2017","4","",18,601,615,585,10438833,0,0,1338,"",4.99,3.38,3.46,3.24,4.16,0.00,0.00,1.24,"",-1,-5.3,-27,-4.3,-14,-2.2,-49,-7.7,104152,1.0,0,0.0,0,0.0,77,6.1
"18103","2","10","71","0","2017","4","",18,589,595,590,6339466,0,0,825,"",4.27,1.99,2.00,1.98,2.13,0.00,0.00,1.07,"",2,12.5,6,1.0,-3,-0.5,11,1.9,387742,6.5,0,0.0,0,0.0,45,5.8
"18103","3","10","71","0","2017","4","",28,1288,1361,1393,10829323,29423,164,618,"",2.74,1.41,1.48,1.50,1.38,0.20,0.22,0.94,"",0,0.0,6,0.5,-43,-3.1,-17,-1.2,230487,2.2,5386,22.4,45,37.8,21,3.5
"18103","5","10","71","0","2017","4","",538,6758,6714,6793,63732788,7366819,139951,726,"",0.92,0.86,0.85,0.85,0.82,1.03,1.01,0.96,"",8,1.5,-265,-3.8,-292,-4.2,-114,-1.7,1501152,2.4,638636,9.5,-12469,-8.2,40,5.8
"18105","0","10","70","0","2017","4","",3005,63494,63727,63334,693603643,46520566,804165,840,"",1.00,1.00,1.00,1.00,1.00,1.00,1.00,1.00,"",37,1.2,387,0.6,245,0.4,600,1.0,53472167,8.4,1556595,3.5,-18213,-2.2,60,7.7
"18105","1","10","71","0","2017","4","",23,317,318,318,5321403,0,0,1289,"",1.28,0.26,0.26,0.26,0.28,0.00,0.00,1.07,"",0,0.0,16,5.3,14,4.6,-3,-0.9,-44510,-0.8,0,0.0,0,0.0,-48,-3.6
"18105","2","10","71","0","2017","4","N",25,0,0,0,0,0,0,0,"N",1.19,0,0,0,0,0,0,0,"N",-3,-10.7,0,0,0,0,0,0,0,0,0,0,0,0,0,0
"18105","3","10","71","0","2017","4","N",54,0,0,0,0,0,0,0,"N",1.06,0,0,0,0,0,0,0,"N",0,0.0,0,0,0,0,0,0,0,0,0,0,0,0,0,0
"18105","5","10","71","0","2017","4","",2903,46807,47041,46768,503092241,46226651,800066,826,"",1.00,0.87,0.87,0.87,0.85,1.03,1.00,0.98,"",40,1.4,195,0.4,316,0.7,364,0.8,47444432,10.4,1549629,3.5,-19090,-2.3,74,9.8
"18107","0","10","70","0","2017","4","",847,15313,15299,15246,171752750,13534032,217072,864,"",1.00,1.00,1.00,1.00,1.00,1.00,1.00,1.00,"",9,1.1,-268,-1.7,-273,-1.8,-131,-0.9,4320385,2.6,211784,1.6,-3745,-1.7,34,4.1
"18107","1","10","71","0","2017","4","",14,75,72,76,1047882,0,0,1084,"",2.76,0.25,0.25,0.26,0.22,0.00,0.00,0.88,"",0,0.0,0,0.0,-3,-4.0,-3,-3.8,-37145,-3.4,0,0.0,0,0.0,-9,-0.8
"18107","2","10","71","0","2017","4","",15,240,241,242,3093962,0,0,988,"",2.53,0.49,0.49,0.50,0.55,0.00,0.00,1.12,"",3,25.0,12,5.3,13,5.7,16,7.1,279919,9.9,0,0.0,0,0.0,36,3.8
"18107","3","10","71","0","2017","4","",37,1728,1713,1756,13807804,61007,1368,613,"",2.57,1.14,1.13,1.16,0.93,0.23,1.20,0.82,"",0,0.0,-48,-2.7,-42,-2.4,39,2.3,347014,2.6,23582,63.0,210,18.1,21,3.5
"18107","5","10","71","0","2017","4","",781,13270,13273,13172,153803102,13473025,215704,894,"",0.95,1.02,1.02,1.02,1.05,1.03,1.00,1.03,"",6,0.8,-232,-1.7,-241,-1.8,-183,-1.4,3730597,2.5,188202,1.4,-3955,-1.8,36,4.2
"18109","0","10","70","0","2017","4","",1235,15912,15787,15787,156487848,13688753,246009,760,"",1.00,1.00,1.00,1.00,1.00,1.00,1.00,1.00,"",13,1.1,-613,-3.7,-898,-5.4,-939,-5.6,-10973030,-6.6,-4171125,-23.4,-267157,-52.1,-14,-1.8
"18109","1","10","71","0","2017","4","",7,96,96,95,1474711,0,0,1186,"",0.95,0.31,0.32,0.31,0.34,0.00,0.00,1.09,"",0,0.0,0,0.0,1,1.1,-3,-3.1,68350,4.9,0,0.0,0,0.0,63,5.6
"18109","2","10","71","0","2017","4","",13,109,114,110,1310263,0,0,908,"",1.50,0.21,0.23,0.22,0.26,0.00,0.00,1.17,"",0,0.0,11,11.2,14,14.0,9,8.9,323502,32.8,0,0.0,0,0.0,146,19.2
"18109","3","10","71","0","2017","4","",46,2558,2615,2618,20591285,30570,449,610,"",2.19,1.62,1.67,1.68,1.53,0.11,0.35,0.93,"",0,0.0,14,0.6,31,1.2,49,1.9,1389254,7.2,-18291,-37.4,62,16.0,34,5.9
"18109","5","10","71","0","2017","4","",1169,13149,12962,12964,133111589,13658183,245560,786,"",0.98,0.97,0.97,0.97,1.00,1.03,1.00,1.03,"",13,1.1,-638,-4.6,-944,-6.8,-994,-7.1,-12754136,-8.7,-4152834,-23.3,-267219,-52.1,-22,-2.7
"18111","0","10","70","0","2017","4","",266,3216,3224,3232,31908198,2509075,41951,761,"",1.00,1.00,1.00,1.00,1.00,1.00,1.00,1.00,"",4,1.5,-69,-2.1,-54,-1.6,-42,-1.3,293564,0.9,13412,0.5,-3044,-6.8,19,2.6
"18111","1","10","71","0","2017","4","",8,25,24,25,291088,0,0,908,"",5.01,0.40,0.39,0.40,0.33,0.00,0.00,0.83,"",0,0.0,0,0.0,-2,-7.7,-2,-7.4,-9029,-3.0,0,0.0,0,0.0,20,2.3
"18111","2","10","71","0","2017","4","",8,52,54,52,536390,0,0,783,"",4.29,0.50,0.52,0.50,0.51,0.00,0.00,1.01,"",2,33.3,6,13.0,7,14.9,5,10.6,98206,22.4,0,0.0,0,0.0,61,8.4
"18111","3","10","71","0","2017","4","",14,661,681,716,4680045,205457,1166,525,"",3.10,2.07,2.13,2.24,1.71,4.14,5.28,0.80,"",0,0.0,15,2.3,8,1.2,2,0.3,11851,0.3,-37437,-15.4,-492,-29.7,-5,-0.9
"18111","5","10","71","0","2017","4","",236,2478,2465,2439,26400675,2303618,40785,825,"",0.91,0.91,0.90,0.89,0.97,0.95,0.98,1.08,"",2,0.9,-90,-3.5,-67,-2.6,-47,-1.9,192536,0.7,50849,2.3,-2552,-5.9,28,3.5
"18113","0","10","70","0","2017","4","",866,18113,18265,18473,183928734,15984851,402817,774,"",1.00,1.00,1.00,1.00,1.00,1.00,1.00,1.00,"",20,2.4,75,0.4,215,1.2,292,1.6,10939594,6.3,1881989,13.3,20947,5.5,38,5.2
"18113","1","10","71","0","2017","4","",12,80,82,76,1049772,0,0,1018,"",2.31,0.23,0.23,0.21,0.21,0.00,0.00,0.92,"",0,0.0,6,8.1,4,5.1,-3,-3.8,70549,7.2,0,0.0,0,0.0,40,4.1
"18113","2","10","71","0","2017","4","",17,136,136,121,1320584,0,0,775,"",2.80,0.23,0.23,0.21,0.22,0.00,0.00,0.98,"",1,6.2,4,3.0,3,2.3,-2,-1.6,100725,8.3,0,0.0,0,0.0,49,6.7
"18113","3","10","71","0","2017","4","",23,1655,1683,1745,13999480,55305,789,636,"",1.56,0.92,0.93,0.95,0.89,0.17,0.37,0.95,"",0,0.0,-45,-2.6,-65,-3.7,-63,-3.5,247730,1.8,14047,34.0,320,68.2,32,5.3
"18113","5","10","71","0","2017","4","",814,16242,16364,16531,167558898,15929546,402028,787,"",0.97,1.06,1.05,1.05,1.07,1.03,1.00,1.01,"",19,2.4,110,0.7,273,1.7,360,2.2,10520590,6.7,1867942,13.3,20627,5.4,38,5.1
"18115","0","10","70","0","2017","4","",85,1372,1345,1364,10003899,954128,10148,566,"",1.00,1.00,1.00,1.00,1.00,1.00,1.00,1.00,"",-5,-5.6,-64,-4.5,-76,-5.3,-110,-7.5,489815,5.1,-60166,-5.9,-5167,-33.7,59,11.6
"18115","1","10","71","0","2017","4","",3,15,15,16,228231,0,0,1145,"",5.88,0.57,0.58,0.61,0.83,0.00,0.00,1.41,"",0,0.0,3,25.0,3,25.0,2,14.3,38939,20.6,0,0.0,0,0.0,-5,-0.4
"18115","2","10","71","0","2017","4","",7,24,23,23,394464,0,0,1300,"",11.75,0.54,0.53,0.53,1.21,0.00,0.00,2.25,"",0,0.0,0,0.0,-1,-4.2,-2,-8.0,41665,11.8,0,0.0,0,0.0,185,16.6
"18115","3","10","71","0","2017","4","",6,342,319,354,2199953,18195,211,500,"",4.15,2.52,2.39,2.62,2.56,0.96,3.95,1.02,"",0,0.0,24,7.5,-3,-0.9,4,1.1,228510,11.6,-3765,-17.1,-97,-31.5,40,8.7
"18115","5","10","71","0","2017","4","",69,991,988,971,7181251,935933,9937,562,"",0.84,0.85,0.86,0.84,0.84,1.01,0.99,0.99,"",-5,-6.8,-91,-8.4,-75,-7.1,-114,-10.5,180701,2.6,-56401,-5.7,-5070,-33.8,62,12.4
"18117","0","10","70","0","2017","4","",359,7360,7346,7538,64811438,6030188,111652,672,"",1.00,1.00,1.00,1.00,1.00,1.00,1.00,1.00,"",-14,-3.8,-252,-3.3,-319,-4.2,-416,-5.2,-2484923,-3.7,-198791,-3.2,-19400,-14.8,3,0.4
"18117","1","10","71","0","2017","4","",6,41,43,46,522146,0,0,927,"",2.79,0.29,0.31,0.32,0.29,0.00,0.00,0.96,"",0,0.0,1,2.5,3,7.5,1,2.2,27521,5.6,0,0.0,0,0.0,14,1.5
"18117","2","10","71","0","2017","4","",9,100,100,88,1097024,0,0,879,"",3.58,0.42,0.42,0.37,0.52,0.00,0.00,1.28,"",0,0.0,-1,-1.0,2,2.0,1,1.1,78688,7.7,0,0.0,0,0.0,57,6.9
"18117","3","10","71","0","2017","4","",16,827,840,868,5954537,56002,281,542,"",2.62,1.13,1.15,1.16,1.07,0.47,0.48,0.93,"",-2,-11.1,-24,-2.8,-33,-3.8,15,1.8,72396,1.2,3636,6.9,-171,-37.8,15,2.8
"18117","5","10","71","0","2017","4","",328,6392,6363,6536,57237731,5974186,111371,685,"",0.94,1.02,1.02,1.02,1.03,1.02,1.00,1.01,"",-12,-3.5,-228,-3.4,-291,-4.4,-433,-6.2,-2663528,-4.4,-202427,-3.3,-19229,-14.7,2,0.3
"18119","0","10","70","0","2017","4","",306,4595,4599,4640,47975337,3314276,54941,800,"",1.00,1.00,1.00,1.00,1.00,1.00,1.00,1.00,"",11,3.7,73,1.6,92,2.0,174,3.9,1503701,3.2,675780,25.6,10649,24.0,5,0.6
"18119","1","10","71","0","2017","4","",6,35,35,36,428572,0,0,933,"",3.27,0.40,0.40,0.40,0.32,0.00,0.00,0.82,"",0,0.0,3,9.4,1,2.9,-1,-2.7,11416,2.7,0,0.0,0,0.0,-2,-0.2
"18119","2","10","71","0","2017","4","",10,145,147,134,925495,0,0,501,"",4.66,0.98,1.00,0.91,0.59,0.00,0.00,0.61,"",0,0.0,0,0.0,1,0.7,-5,-3.6,57391,6.6,0,0.0,0,0.0,35,7.5
"18119","3","10","71","0","2017","4","",15,622,625,633,4635389,18513,277,569,"",2.88,1.37,1.37,1.38,1.12,0.28,0.96,0.82,"",1,7.1,-12,-1.9,-21,-3.3,-3,-0.5,215618,4.9,-8088,-30.4,31,12.6,37,7.0
"18119","5","10","71","0","2017","4","",275,3793,3792,3837,41985881,3295763,54664,848,"",0.93,0.97,0.97,0.97,1.02,1.03,1.00,1.05,"",10,3.8,82,2.2,111,3.0,183,5.0,1219276,3.0,683868,26.2,10618,24.1,-4,-0.5
"18121","0","10","70","0","2017","4","",303,3352,3222,3163,25761464,2312551,61537,611,"",1.00,1.00,1.00,1.00,1.00,1.00,1.00,1.00,"",-2,-0.7,-13,-0.4,-16,-0.5,-35,-1.1,-655140,-2.5,1179,0.1,-1888,-3.0,-11,-1.8
"18121","1","10","71","0","2017","4","",10,46,50,49,609347,0,0,970,"",5.50,0.71,0.81,0.80,0.86,0.00,0.00,1.11,"",0,0.0,0,0.0,0,0.0,-3,-5.8,30724,5.3,0,0.0,0,0.0,68,7.5
"18121","2","10","71","0","2017","4","",17,428,426,397,3696363,0,0,682,"",8.01,3.98,4.13,3.94,4.39,0.00,0.00,1.09,"",0,0.0,-4,-0.9,-3,-0.7,1,0.3,87734,2.4,0,0.0,0,0.0,20,3.0
"18121","3","10","71","0","2017","4","",22,642,613,620,4223947,29295,193,520,"",4.27,1.93,1.92,1.98,1.91,0.64,0.60,0.98,"",0,0.0,17,2.7,9,1.5,-2,-0.3,75092,1.8,8694,42.2,52,36.9,3,0.6
"18121","5","10","71","0","2017","4","",254,2236,2133,2097,17231807,2283256,61344,615,"",0.86,0.79,0.78,0.78,0.78,1.02,1.00,1.00,"",-2,-0.8,-26,-1.1,-22,-1.0,-31,-1.5,-848690,-4.7,-7515,-0.3,-1940,-3.1,-22,-3.5
"18123","0","10","70","0","2017","4","",370,6504,6472,6472,69837078,4986999,98891,829,"",1.00,1.00,1.00,1.00,1.00,1.00,1.00,1.00,"",0,0.0,-50,-0.8,-54,-0.8,-22,-0.3,2432809,3.6,674053,15.6,2867,3.0,34,4.3
"18123","1","10","71","0","2017","4","",8,70,71,69,991423,0,0,1089,"",3.60,0.56,0.57,0.55,0.52,0.00,0.00,0.92,"",0,0.0,0,0.0,3,4.4,0,0.0,27316,2.8,0,0.0,0,0.0,14,1.3
"18123","2","10","71","0","2017","4","",10,320,325,324,3459234,0,0,824,"",3.86,1.53,1.57,1.57,1.52,0.00,0.00,0.97,"",-3,-23.1,-19,-5.6,-12,-3.6,-6,-1.8,60847,1.8,0,0.0,0,0.0,44,5.6
"18123","3","10","71","0","2017","4","",17,1055,1065,1080,9871784,43342,293,712,"",2.70,1.64,1.66,1.69,1.64,0.44,0.56,0.99,"",1,6.2,-50,-4.5,-34,-3.1,-41,-3.7,296923,3.1,14076,48.1,137,87.8,47,7.1
"18123","5","10","71","0","2017","4","",335,5059,5011,4999,55514637,4943657,98598,850,"",0.93,0.92,0.91,0.91,0.93,1.02,1.00,1.02,"",2,0.6,19,0.4,-11,-0.2,25,0.5,2047723,3.8,659977,15.4,2730,2.8,29,3.5
"18125","0","10","70","0","2017","4","",191,3136,3044,3066,41273589,2092594,43800,1030,"",1.00,1.00,1.00,1.00,1.00,1.00,1.00,1.00,"",-6,-3.0,158,5.3,2,0.1,-54,-1.7,3456597,9.1,-927629,-30.7,-31219,-41.6,75,7.9
"18125","1","10","71","0","2017","4","",7,33,32,32,359426,0,0,855,"",6.11,0.55,0.55,0.54,0.32,0.00,0.00,0.58,"",0,0.0,0,0.0,-1,-3.0,-5,-13.5,12584,3.6,0,0.0,0,0.0,78,10.0
"18125","2","10","71","0","2017","4","",8,60,64,64,720313,0,0,884,"",5.98,0.60,0.66,0.65,0.53,0.00,0.00,0.84,"",0,0.0,-5,-7.7,0,0.0,3,4.9,59912,9.1,0,0.0,0,0.0,82,10.2
"18125","3","10","71","0","2017","4","",11,563,546,563,3817632,6655,34,527,"",3.39,1.81,1.81,1.86,1.08,0.16,0.15,0.59,"",-1,-8.3,22,4.1,8,1.5,22,4.1,345082,9.9,-754,-10.2,-4,-10.5,32,6.5
"18125","5","10","71","0","2017","4","",165,2480,2402,2407,36376218,2085939,43766,1152,"",0.89,0.93,0.93,0.92,1.03,1.03,1.01,1.11,"",-5,-2.9,141,6.0,-5,-0.2,-74,-3.0,3039019,9.1,-926875,-30.8,-31215,-41.6,87,8.2
"18127","0","10","70","0","2017","4","",3650,59887,59946,59670,685967862,50996759,1022415,882,"",1.00,1.00,1.00,1.00,1.00,1.00,1.00,1.00,"",1,0.0,-374,-0.6,-473,-0.8,-267,-0.4,20811688,3.1,4790563,10.4,-53066,-4.9,32,3.8
"18127","1","10","71","0","2017","4","",20,448,448,443,7008955,0,0,1208,"",0.91,0.39,0.39,0.39,0.37,0.00,0.00,0.96,"",1,5.3,21,4.9,38,9.3,15,3.5,383025,5.8,0,0.0,0,0.0,-1,-0.1
"18127","2","10","71","0","2017","4","",21,270,269,245,3019370,0,0,889,"",0.82,0.14,0.14,0.13,0.13,0.00,0.00,0.99,"",3,16.7,43,18.9,36,15.5,17,7.5,510892,20.4,0,0.0,0,0.0,48,5.7
"18127","3","10","71","0","2017","4","",83,6506,6493,6610,59323374,75368,642,698,"",1.34,1.10,1.09,1.12,1.01,0.07,0.12,0.91,"",-1,-1.2,46,0.7,-21,-0.3,72,1.1,3109594,5.5,-71016,-48.5,-747,-53.8,33,5.0
"18127","5","10","71","0","2017","4","",3526,52663,52736,52372,616616163,50921391,1021773,902,"",1.00,1.04,1.04,1.03,1.05,1.03,1.01,1.02,"",-2,-0.1,-484,-0.9,-526,-1.0,-371,-0.7,16808177,2.8,4861579,10.6,-52319,-4.9,32,3.7
"18129","0","10","70","0","2017","4","",500,8456,8353,8426,122060947,6199049,105950,1116,"",1.00,1.00,1.00,1.00,1.00,1.00,1.00,1.00,"",-5,-1.0,81,1.0,26,0.3,93,1.1,6507197,5.6,294107,5.0,-28570,-21.2,51,4.8
"18129","1","10","71","0","2017","4","",10,70,67,67,927527,0,0,1049,"",3.33,0.43,0.42,0.41,0.28,0.00,0.00,0.66,"",0,0.0,4,6.1,2,3.1,0,0.0,16271,1.8,0,0.0,0,0.0,-13,-1.2
"18129","2","10","71","0","2017","4","",10,87,88,83,947298,0,0,847,"",2.85,0.32,0.33,0.31,0.24,0.00,0.00,0.74,"",0,0.0,8,10.1,8,10.0,11,15.3,157176,19.9,0,0.0,0,0.0,58,7.4
"18129","3","10","71","0","2017","4","",19,1072,1027,1056,8489855,22438,169,621,"",2.24,1.28,1.24,1.27,0.81,0.18,0.30,0.64,"",0,0.0,31,3.0,10,1.0,-2,-0.2,475568,5.9,-5870,-20.7,3,1.8,27,4.5
"18129","5","10","71","0","2017","4","",461,7227,7171,7220,111696267,6176611,105781,1192,"",0.95,1.01,1.01,1.01,1.07,1.03,1.01,1.06,"",-5,-1.1,38,0.5,6,0.1,84,1.2,5858182,5.5,299977,5.1,-28573,-21.3,55,4.8
"18131","0","10","70","0","2017","4","",343,4705,4728,4690,47480141,3185080,51923,776,"",1.00,1.00,1.00,1.00,1.00,1.00,1.00,1.00,"",2,0.6,140,3.1,230,5.1,185,4.1,3898520,8.9,587749,22.6,8437,19.4,35,4.7
"18131","1","10","71","0","2017","4","",8,38,41,41,494816,0,0,952,"",3.89,0.42,0.45,0.45,0.38,0.00,0.00,0.86,"",0,0.0,-2,-5.0,2,5.1,-3,-6.8,10377,2.1,0,0.0,0,0.0,43,4.7
"18131","2","10","71","0","2017","4","",10,87,84,78,868306,0,0,805,"",4.16,0.58,0.55,0.52,0.56,0.00,0.00,1.02,"",1,11.1,-4,-4.4,-6,-6.7,-1,-1.3,75345,9.5,0,0.0,0,0.0,101,14.3
"18131","3","10","71","0","2017","4","",11,957,998,976,9037672,43216,779,712,"",1.89,2.05,2.13,2.10,2.21,0.69,2.85,1.06,"",0,0.0,-2,-0.2,20,2.0,-16,-1.6,435558,5.1,2806,6.9,-238,-23.4,34,5.0
"18131","5","10","71","0","2017","4","",314,3623,3605,3595,37079347,3141864,51144,791,"",0.94,0.91,0.90,0.90,0.91,1.02,0.99,1.01,"",1,0.3,148,4.3,214,6.3,205,6.0,3377240,10.0,584943,22.9,8675,20.4,33,4.4
"18133","0","10","70","0","2017","4","",694,13941,14103,13909,131737725,13103653,184619,725,"",1.00,1.00,1.00,1.00,1.00,1.00,1.00,1.00,"",0,0.0,365,2.7,283,2.0,150,1.1,4069302,3.2,-628568,-4.6,-40000,-17.8,9,1.3
"18133","1","10","71","0","2017","4","",11,70,76,69,964084,0,0,1035,"",2.64,0.26,0.28,0.26,0.27,0.00,0.00,1.00,"",0,0.0,-3,-4.1,4,5.6,-1,-1.4,47042,5.1,0,0.0,0,0.0,51,5.2
"18133","2","10","71","0","2017","4","",17,623,629,608,6484015,0,0,804,"",3.50,1.39,1.39,1.37,1.51,0.00,0.00,1.09,"",-1,-5.6,-27,-4.2,-10,-1.6,-14,-2.3,222799,3.6,0,0.0,0,0.0,48,6.3
"18133","3","10","71","0","2017","4","",31,1771,1771,1774,13877206,61657,885,602,"",2.63,1.28,1.26,1.29,1.23,0.24,0.91,0.96,"",0,0.0,44,2.5,36,2.1,33,1.9,372814,2.8,-3597,-5.5,94,11.9,3,0.5
"18133","5","10","71","0","2017","4","",635,11477,11627,11458,110412420,13041996,183734,737,"",0.94,0.97,0.97,0.97,0.98,1.03,1.00,1.01,"",1,0.2,351,3.2,253,2.2,132,1.2,3426647,3.2,-624971,-4.6,-40094,-17.9,7,1.0
"18135","0","10","70","0","2017","4","",498,6869,6643,6610,61842204,5404203,110236,709,"",1.00,1.00,1.00,1.00,1.00,1.00,1.00,1.00,"",4,0.8,-726,-9.6,-778,-10.5,-638,-8.8,-11766026,-16.0,-1979248,-26.8,-67503,-38.0,-54,-7.1
"18135","1","10","71","0","2017","4","",11,58,61,61,714052,0,0,915,"",3.68,0.44,0.48,0.48,0.42,0.00,0.00,0.90,"",0,0.0,-3,-4.9,-1,-1.6,-2,-3.2,-15642,-2.1,0,0.0,0,0.0,10,1.1
"18135","2","10","71","0","2017","4","",8,83,83,81,782200,0,0,731,"",2.29,0.38,0.39,0.38,0.39,0.00,0.00,1.01,"",-1,-11.1,7,9.2,5,6.4,3,3.8,122598,18.6,0,0.0,0,0.0,75,11.4
"18135","3","10","71","0","2017","4","",32,1183,1164,1193,8391194,9394,51,547,"",3.78,1.74,1.76,1.82,1.58,0.09,0.09,0.89,"",0,0.0,1,0.1,12,1.0,26,2.2,513630,6.5,-12022,-56.1,-190,-78.8,28,5.4
"18135","5","10","71","0","2017","4","",447,5545,5335,5275,51954758,5394809,110185,742,"",0.93,0.95,0.95,0.94,0.98,1.03,1.01,1.04,"",5,1.1,-731,-11.6,-794,-13.0,-665,-11.2,-12386612,-19.3,-1967226,-26.7,-67313,-37.9,-67,-8.3
"18137","0","10","70","0","2017","4","",727,12383,12439,12371,158822753,10226849,165462,985,"",1.00,1.00,1.00,1.00,1.00,1.00,1.00,1.00,"",14,2.0,49,0.4,104,0.8,-55,-0.4,4878234,3.2,-692774,-6.3,-109424,-39.8,27,2.8
"18137","1","10","71","0","2017","4","",13,69,73,70,874926,0,0,952,"",2.98,0.29,0.31,0.29,0.20,0.00,0.00,0.68,"",-1,-7.1,0,0.0,6,9.0,2,2.9,-7890,-0.9,0,0.0,0,0.0,-47,-4.7
"18137","2","10","71","0","2017","4","",14,118,115,107,1400791,0,0,951,"",2.75,0.30,0.29,0.27,0.27,0.00,0.00,0.95,"",1,7.7,-1,-0.8,-4,-3.4,-2,-1.8,40091,2.9,0,0.0,0,0.0,46,5.1
"18137","3","10","71","0","2017","4","",30,1144,1150,1222,9167788,68465,573,602,"",2.43,0.93,0.93,1.00,0.67,0.34,0.66,0.70,"",0,0.0,22,2.0,13,1.1,25,2.1,498620,5.8,12918,23.3,145,33.9,23,4.0
"18137","5","10","71","0","2017","4","",670,11052,11101,10972,147379248,10158384,164889,1027,"",0.95,1.05,1.05,1.04,1.09,1.03,1.00,1.04,"",14,2.1,28,0.3,89,0.8,-80,-0.7,4347413,3.0,-705692,-6.5,-109569,-39.9,29,2.9
"18139","0","10","70","0","2017","4","",402,4964,4946,4986,49158418,3590212,60387,762,"",1.00,1.00,1.00,1.00,1.00,1.00,1.00,1.00,"",8,2.0,18,0.4,-10,-0.2,-4,-0.1,1182037,2.5,-58313,-1.6,-6285,-9.4,19,2.6
"18139","1","10","71","0","2017","4","",7,41,42,46,479686,0,0,858,"",2.90,0.43,0.44,0.48,0.36,0.00,0.00,0.79,"",0,0.0,-1,-2.4,-4,-8.7,1,2.2,-16095,-3.2,0,0.0,0,0.0,-2,-0.2
"18139","2","10","71","0","2017","4","",12,72,69,68,841813,0,0,929,"",4.26,0.45,0.44,0.43,0.52,0.00,0.00,1.20,"",0,0.0,-3,-4.0,-4,-5.5,-7,-9.3,-1847,-0.2,0,0.0,0,0.0,56,6.4
"18139","3","10","71","0","2017","4","",22,978,970,1004,9044811,14697,226,707,"",3.22,1.99,1.97,2.03,2.14,0.21,0.71,1.07,"",1,4.8,-5,-0.5,-10,-1.0,-4,-0.4,710004,8.5,-548,-3.6,87,62.6,60,9.3
"18139","5","10","71","0","2017","4","",361,3873,3865,3868,38792108,3575515,60161,771,"",0.93,0.92,0.92,0.91,0.92,1.03,1.00,1.01,"",7,2.0,27,0.7,8,0.2,6,0.2,489975,1.3,-57765,-1.6,-6372,-9.6,7,0.9
"18141","0","10","70","0","2017","4","",5709,123491,123575,123481,1415036153,96704645,1679732,881,"",1.00,1.00,1.00,1.00,1.00,1.00,1.00,1.00,"",10,0.2,-879,-0.7,-1007,-0.8,-733,-0.6,12541534,0.9,4274546,4.6,-272782,-14.0,14,1.6
"18141","1","10","71","0","2017","4","",35,879,876,895,15653375,0,0,1363,"",1.02,0.37,0.37,0.38,0.40,0.00,0.00,1.08,"",0,0.0,14,1.6,18,2.1,-9,-1.0,356227,2.3,0,0.0,0,0.0,19,1.4
"18141","2","10","71","0","2017","4","",25,2028,2061,2008,17105208,0,0,647,"",0.62,0.51,0.52,0.51,0.37,0.00,0.00,0.72,"",5,25.0,-54,-2.6,-30,-1.4,-64,-3.1,205464,1.2,0,0.0,0,0.0,23,3.7
"18141","3","10","71","0","2017","4","",47,10272,10206,10436,102842292,680171,16197,768,"",0.48,0.84,0.83,0.85,0.85,0.36,1.83,1.00,"",1,2.2,-140,-1.3,-89,-0.9,-40,-0.4,7426290,7.8,161959,31.3,5235,47.8,62,8.8
"18141","5","10","71","0","2017","4","",5602,110312,110432,110142,1279435278,96024474,1663535,892,"",1.01,1.05,1.05,1.05,1.06,1.03,1.00,1.01,"",4,0.1,-699,-0.6,-906,-0.8,-620,-0.6,4553553,0.4,4112587,4.5,-278017,-14.3,9,1.0
"18143","0","10","70","0","2017","4","",405,8433,8446,8458,75598468,9023228,142251,689,"",1.00,1.00,1.00,1.00,1.00,1.00,1.00,1.00,"",4,1.0,162,2.0,135,1.6,222,2.7,3413559,4.7,598197,7.1,-782,-0.5,18,2.7
"18143","1","10","71","0","2017","4","",7,76,78,77,1365875,0,0,1365,"",2.88,0.47,0.48,0.47,0.66,0.00,0.00,1.39,"",0,0.0,0,0.0,4,5.4,-2,-2.5,93216,7.3,0,0.0,0,0.0,83,6.5
"18143","2","10","71","0","2017","4","",10,106,102,83,904450,0,0,717,"",3.52,0.39,0.38,0.31,0.37,0.00,0.00,1.02,"",1,11.1,12,12.8,9,9.7,2,2.5,51887,6.1,0,0.0,0,0.0,-17,-2.3
"18143","3","10","71","0","2017","4","",13,1070,1060,1085,8153024,151355,1419,585,"",1.89,1.28,1.26,1.30,1.25,0.85,1.90,0.98,"",-1,-7.1,16,1.5,17,1.6,36,3.4,-60897,-0.7,-21459,-12.4,-874,-38.1,-18,-3.0
"18143","5","10","71","0","2017","4","",375,7181,7206,7213,65175119,8871873,140832,696,"",0.95,1.00,1.00,1.00,1.01,1.02,1.00,1.00,"",4,1.1,134,1.9,105,1.5,186,2.6,3329353,5.4,619656,7.5,92,0.1,22,3.3
"18145","0","10","70","0","2017","4","",930,18284,18192,18195,202022029,15899137,317979,853,"",1.00,1.00,1.00,1.00,1.00,1.00,1.00,1.00,"",7,0.8,-94,-0.5,-138,-0.8,-108,-0.6,1142171,0.6,-385323,-2.4,-47221,-12.9,10,1.2
"18145","1","10","71","0","2017","4","",8,131,131,133,1957437,0,0,1144,"",1.43,0.37,0.38,0.38,0.35,0.00,0.00,0.94,"",0,0.0,12,10.1,7,5.6,12,9.9,213810,12.3,0,0.0,0,0.0,39,3.5
"18145","2","10","71","0","2017","4","",14,105,105,93,1156298,0,0,881,"",2.15,0.18,0.18,0.16,0.18,0.00,0.00,1.01,"",1,7.7,12,12.9,7,7.1,2,2.2,177275,18.1,0,0.0,0,0.0,80,10.0
"18145","3","10","71","0","2017","4","",21,2400,2395,2452,26087957,38373,732,831,"",1.33,1.32,1.33,1.36,1.50,0.12,0.44,1.12,"",0,0.0,82,3.5,45,1.9,54,2.3,2028115,8.4,22287,138.5,489,201.2,45,5.7
"18145","5","10","71","0","2017","4","",887,15648,15561,15517,172820337,15860764,317247,854,"",0.98,1.01,1.01,1.00,1.00,1.03,1.00,1.00,"",6,0.7,-200,-1.3,-197,-1.3,-176,-1.1,-1277029,-0.7,-407610,-2.5,-47710,-13.1,5,0.6
"18147","0","10","70","0","2017","4","",454,6753,6082,6074,64955024,4772055,71457,793,"",1.00,1.00,1.00,1.00,1.00,1.00,1.00,1.00,"",-1,-0.2,83,1.2,52,0.9,-62,-1.0,2598966,4.2,-149422,-3.0,-23056,-24.4,29,3.8
"18147","1","10","71","0","2017","4","",14,63,59,63,765443,0,0,955,"",5.14,0.48,0.51,0.54,0.43,0.00,0.00,0.84,"",0,0.0,2,3.3,-6,-9.2,-9,-12.5,-4439,-0.6,0,0.0,0,0.0,58,6.5
"18147","2","10","71","0","2017","4","",9,96,93,83,956312,0,0,811,"",2.83,0.44,0.48,0.43,0.45,0.00,0.00,1.00,"",-1,-10.0,15,18.5,9,10.7,6,7.8,139001,17.0,0,0.0,0,0.0,32,4.1
"18147","3","10","71","0","2017","4","",28,888,899,888,6264625,113805,1322,540,"",3.63,1.33,1.49,1.48,1.12,1.20,3.52,0.79,"",0,0.0,-10,-1.1,-12,-1.3,-17,-1.9,67073,1.1,12094,11.9,132,11.1,13,2.5
"18147","5","10","71","0","2017","4","",403,5706,5031,5040,56968644,4658250,70135,833,"",0.92,0.99,0.97,0.98,1.03,1.01,0.99,1.04,"",0,0.0,76,1.3,61,1.2,-42,-0.8,2397331,4.4,-161516,-3.4,-23188,-24.8,30,3.7
"18149","0","10","70","0","2017","4","",328,4605,4557,4534,34917692,4437975,73266,588,"",1.00,1.00,1.00,1.00,1.00,1.00,1.00,1.00,"",4,1.2,-140,-3.0,-167,-3.5,-117,-2.5,1061945,3.1,503104,12.8,871,1.2,35,6.3
"18149","1","10","71","0","2017","4","",6,40,42,46,553541,0,0,998,"",3.05,0.45,0.48,0.53,0.58,0.00,0.00,1.19,"",0,0.0,-1,-2.4,5,13.5,3,7.0,29234,5.6,0,0.0,0,0.0,-2,-0.2
"18149","2","10","71","0","2017","4","",7,56,54,53,557514,0,0,789,"",3.05,0.38,0.37,0.37,0.49,0.00,0.00,1.32,"",-1,-12.5,6,12.0,6,12.5,4,8.2,61496,12.4,0,0.0,0,0.0,10,1.3
"18149","3","10","71","0","2017","4","",13,956,965,974,6429086,97470,1156,512,"",2.33,2.10,2.13,2.17,2.14,1.11,3.00,1.00,"",0,0.0,1,0.1,2,0.2,16,1.7,127654,2.0,46602,91.6,-413,-26.3,6,1.2
"18149","5","10","71","0","2017","4","",302,3553,3496,3461,27377551,4340505,72110,601,"",0.95,0.91,0.90,0.90,0.92,1.01,0.99,1.02,"",5,1.7,-146,-3.9,-180,-4.9,-140,-3.9,843561,3.2,456502,11.8,1284,1.8,43,7.7
"18151","0","10","70","0","2017","4","",955,15689,15754,15570,146540469,15197193,304633,719,"",1.00,1.00,1.00,1.00,1.00,1.00,1.00,1.00,"",-10,-1.0,-198,-1.2,-184,-1.2,107,0.7,8431891,6.1,811533,5.6,-18716,-5.8,45,6.7
"18151","1","10","71","0","2017","4","",9,63,58,55,834049,0,0,1094,"",1.57,0.21,0.19,0.18,0.21,0.00,0.00,1.06,"",0,0.0,7,12.5,-2,-3.3,-13,-19.1,-26643,-3.1,0,0.0,0,0.0,15,1.4
"18151","2","10","71","0","2017","4","",9,217,220,226,1442939,0,0,502,"",1.34,0.43,0.44,0.46,0.30,0.00,0.00,0.68,"",0,0.0,-14,-6.1,-7,-3.1,-15,-6.2,63817,4.6,0,0.0,0,0.0,47,10.3
"18151","3","10","71","0","2017","4","",36,1217,1212,1210,9459091,88834,956,600,"",2.22,0.78,0.77,0.79,0.75,0.30,0.60,0.96,"",0,0.0,-25,-2.0,-45,-3.6,-35,-2.8,220317,2.4,21891,32.7,328,52.2,31,5.4
"18151","5","10","71","0","2017","4","",901,14192,14264,14079,134804390,15108359,303677,731,"",0.97,1.06,1.07,1.06,1.08,1.03,1.00,1.01,"",-10,-1.1,-166,-1.2,-130,-0.9,170,1.2,8174400,6.5,789642,5.5,-19044,-5.9,46,6.7
"18153","0","10","70","0","2017","4","",386,5620,5570,5683,57955696,3057547,53068,793,"",1.00,1.00,1.00,1.00,1.00,1.00,1.00,1.00,"",16,4.3,-111,-1.9,-127,-2.2,-44,-0.8,898599,1.6,54047,1.8,-9122,-14.7,25,3.3
"18153","1","10","71","0","2017","4","",13,50,51,52,613618,0,0,926,"",5.62,0.46,0.48,0.47,0.39,0.00,0.00,0.82,"",1,8.3,-2,-3.8,0,0.0,1,2.0,18208,3.1,0,0.0,0,0.0,34,3.8
"18153","2","10","71","0","2017","4","",18,661,672,668,7440834,0,0,858,"",6.66,3.66,3.77,3.69,3.93,0.00,0.00,1.06,"",-1,-5.3,-8,-1.2,1,0.1,-4,-0.6,487123,7.0,0,0.0,0,0.0,60,7.5
"18153","3","10","71","0","2017","4","",22,1101,1090,1150,9199680,67728,628,635,"",3.35,1.98,1.97,2.04,1.85,1.12,2.25,0.92,"",0,0.0,-3,-0.3,16,1.5,49,4.5,291410,3.3,-9828,-12.7,-456,-42.1,8,1.3
"18153","5","10","71","0","2017","4","",333,3808,3757,3813,40701564,2989819,52440,826,"",0.89,0.80,0.79,0.79,0.82,1.01,0.99,1.04,"",16,5.0,-98,-2.5,-144,-3.7,-90,-2.3,101858,0.3,63875,2.2,-8666,-14.2,26,3.2
"18155","0","10","70","0","2017","4","",139,2188,2160,2186,18216049,1829030,29208,643,"",1.00,1.00,1.00,1.00,1.00,1.00,1.00,1.00,"",5,3.7,100,4.8,54,2.6,95,4.5,1192591,7.0,191434,11.7,-6136,-17.4,18,2.9
"18155","1","10","71","0","2017","4","",6,19,17,21,239389,0,0,969,"",7.20,0.45,0.41,0.50,0.48,0.00,0.00,1.05,"",0,0.0,2,11.8,-2,-10.5,0,0.0,16628,7.5,0,0.0,0,0.0,67,7.4
"18155","2","10","71","0","2017","4","",7,30,31,31,453077,0,0,1136,"",7.19,0.43,0.45,0.44,0.76,0.00,0.00,1.73,"",0,0.0,1,3.4,2,6.9,2,6.9,66889,17.3,0,0.0,0,0.0,112,10.9
"18155","3","10","71","0","2017","4","",12,452,429,447,3429491,30137,1415,596,"",5.08,2.08,2.00,2.07,2.19,0.83,9.21,1.07,"",0,0.0,25,5.9,-6,-1.4,18,4.2,90972,2.7,13258,78.5,824,139.4,-1,-0.2
"18155","5","10","71","0","2017","4","",114,1687,1683,1687,14094092,1798893,27793,643,"",0.85,0.91,0.92,0.91,0.91,1.02,0.96,0.99,"",5,4.6,72,4.5,60,3.7,75,4.7,1018102,7.8,178176,11.0,-6960,-20.0,21,3.4
"18157","0","10","70","0","2017","4","",3412,84394,84912,84739,1011939328,65157943,1072857,919,"",1.00,1.00,1.00,1.00,1.00,1.00,1.00,1.00,"",15,0.4,181,0.2,362,0.4,783,0.9,34068503,3.5,1450138,2.3,-109958,-9.3,26,2.9
"18157","1","10","71","0","2017","4","",25,412,409,410,7031045,0,0,1318,"",1.22,0.25,0.25,0.25,0.25,0.00,0.00,1.00,"",0,0.0,-10,-2.4,-19,-4.4,-39,-8.7,-237273,-3.3,0,0.0,0,0.0,27,2.1
"18157","2","10","71","0","2017","4","",24,11783,11808,11539,206031912,4500,72,1353,"",1.00,4.35,4.34,4.27,6.24,0.01,0.05,1.44,"",2,9.1,-204,-1.7,-244,-2.0,-153,-1.3,5122150,2.5,3750,500.0,60,500.0,55,4.2
"18157","3","10","71","0","2017","4","",27,5746,5744,5787,57568569,222734,4038,769,"",0.47,0.69,0.68,0.69,0.66,0.17,0.72,0.96,"",0,0.0,-3,-0.1,49,0.9,79,1.4,3507755,6.5,11316,5.4,-1638,-28.9,42,5.8
"18157","5","10","71","0","2017","4","",3336,66453,66951,67003,741307802,64930709,1068747,854,"",1.01,0.93,0.93,0.93,0.86,1.03,1.00,0.92,"",13,0.4,398,0.6,576,0.9,896,1.4,25675871,3.6,1435072,2.3,-108380,-9.2,22,2.6
"18159","0","10","70","0","2017","4","",309,4606,4507,4521,52023444,3540027,53851,881,"",1.00,1.00,1.00,1.00,1.00,1.00,1.00,1.00,"",-1,-0.3,137,3.1,27,0.6,114,2.6,6097076,13.3,694186,24.4,993,1.9,87,11.0
"18159","1","10","71","0","2017","4","",6,34,32,36,415579,0,0,940,"",3.24,0.38,0.37,0.41,0.29,0.00,0.00,0.75,"",1,20.0,3,9.7,0,0.0,2,5.9,-3094,-0.7,0,0.0,0,0.0,-56,-5.6
"18159","2","10","71","0","2017","4","",10,54,54,55,560065,0,0,793,"",4.62,0.37,0.37,0.38,0.33,0.00,0.00,0.88,"",2,25.0,4,8.0,2,3.8,4,7.8,84723,17.8,0,0.0,0,0.0,76,10.6
"18159","3","10","71","0","2017","4","",15,764,729,725,5335336,91638,850,555,"",2.86,1.67,1.63,1.62,1.19,1.31,3.00,0.73,"",1,7.1,21,2.8,6,0.8,8,1.1,94860,1.8,47573,108.0,329,63.1,1,0.2
"18159","5","10","71","0","2017","4","",278,3754,3692,3705,45712464,3448389,53001,946,"",0.93,0.96,0.96,0.96,1.03,1.01,0.99,1.07,"",-5,-1.8,109,3.0,19,0.5,100,2.8,5920587,14.9,646613,23.1,664,1.3,105,12.5
"18161","0","10","70","0","2017","4","",141,1349,1253,1282,11197006,916218,15974,665,"",1.00,1.00,1.00,1.00,1.00,1.00,1.00,1.00,"",9,6.8,36,2.7,-21,-1.6,10,0.8,568203,5.3,123059,15.5,1752,12.3,29,4.6
"18161","1","10","71","0","2017","4","",2,13,13,13,180931,0,0,1071,"",2.36,0.50,0.54,0.53,0.59,0.00,0.00,1.13,"",0,0.0,-1,-7.1,-1,-7.1,-1,-7.1,13127,7.8,0,0.0,0,0.0,149,16.2
"18161","2","10","71","0","2017","4","",7,32,29,24,332734,0,0,903,"",7.09,0.74,0.72,0.59,0.91,0.00,0.00,1.33,"",0,0.0,-1,-3.0,-3,-9.4,-8,-25.0,1867,0.6,0,0.0,0,0.0,116,14.7
"18161","3","10","71","0","2017","4","",9,380,357,382,3056529,12061,109,630,"",3.76,2.84,2.87,3.01,3.17,0.66,1.30,1.09,"",0,0.0,-11,-2.8,-18,-4.8,-15,-3.8,-4750,-0.2,-3840,-24.1,-114,-51.1,23,3.8
"18161","5","10","71","0","2017","4","",123,924,854,863,7626812,904157,15865,666,"",0.90,0.81,0.80,0.79,0.80,1.02,1.00,1.00,"",9,7.9,49,5.6,1,0.1,34,4.1,557959,7.9,126899,16.3,1866,13.3,28,4.4
"18163","0","10","70","0","2017","4","",4697,109961,110681,110275,1294963089,104087573,2154640,903,"",1.00,1.00,1.00,1.00,1.00,1.00,1.00,1.00,"",-22,-0.5,1554,1.4,1802,1.7,1888,1.7,64431336,5.2,9759698,10.3,113565,5.6,31,3.6
"18163","1","10","71","0","2017","4","",28,1012,1001,1009,18292798,0,0,1397,"",0.99,0.48,0.47,0.47,0.51,0.00,0.00,1.08,"",0,0.0,-14,-1.4,-33,-3.2,-37,-3.5,320501,1.8,0,0.0,0,0.0,62,4.6
"18163","2","10","71","0","2017","4","",27,2425,2461,2436,26026038,0,0,820,"",0.82,0.69,0.69,0.69,0.62,0.00,0.00,0.89,"",2,8.0,-41,-1.7,9,0.4,-79,-3.1,1079204,4.3,0,0.0,0,0.0,45,5.8
"18163","3","10","71","0","2017","4","",23,6390,6335,6442,62938744,270,4,758,"",0.29,0.59,0.58,0.59,0.57,0.00,0.00,0.97,"",0,0.0,-71,-1.1,46,0.7,124,2.0,4204009,7.2,-4680,-94.5,-29,-87.9,47,6.6
"18163","5","10","71","0","2017","4","",4619,100134,100884,100388,1187705509,104087303,2154636,909,"",1.01,1.07,1.07,1.07,1.07,1.03,1.01,1.00,"",-24,-0.5,1680,1.7,1780,1.8,1880,1.9,58827622,5.2,9764378,10.4,113594,5.6,29,3.3
"18165","0","10","70","0","2017","4","",304,4333,4341,4331,50373886,3320622,71422,894,"",1.00,1.00,1.00,1.00,1.00,1.00,1.00,1.00,"",-4,-1.3,-131,-2.9,-157,-3.5,-97,-2.2,479254,1.0,-281851,-7.8,-14455,-16.8,34,4.0
"18165","1","10","71","0","2017","4","",9,30,31,30,351028,0,0,890,"",4.94,0.36,0.37,0.36,0.25,0.00,0.00,0.70,"",1,12.5,-2,-6.2,0,0.0,-3,-9.1,-12854,-3.5,0,0.0,0,0.0,15,1.7
"18165","2","10","71","0","2017","4","",10,42,41,39,487291,0,0,922,"",4.69,0.30,0.29,0.28,0.30,0.00,0.00,1.01,"",1,11.1,-1,-2.3,-1,-2.4,-4,-9.3,52077,12.0,0,0.0,0,0.0,137,17.5
"18165","3","10","71","0","2017","4","",18,628,622,624,4667728,160315,1920,575,"",3.48,1.46,1.44,1.46,1.08,2.44,5.11,0.74,"",0,0.0,3,0.5,-11,-1.7,-22,-3.4,240887,5.4,43067,36.7,-153,-7.4,38,7.1
"18165","5","10","71","0","2017","4","",267,3633,3647,3638,44867839,3160307,69502,948,"",0.91,0.99,0.99,0.99,1.04,0.98,0.98,1.05,"",-6,-2.2,-131,-3.5,-145,-3.8,-68,-1.8,199144,0.4,-324918,-9.3,-14302,-17.1,33,3.6
"18167","0","10","70","0","2017","4","",2388,49171,49472,49429,486433201,44678663,789508,758,"",1.00,1.00,1.00,1.00,1.00,1.00,1.00,1.00,"",-16,-0.7,-216,-0.4,-278,-0.6,-334,-0.7,13319469,2.8,3208051,7.7,-65162,-7.6,25,3.4
"18167","1","10","71","0","2017","4","",25,1117,1119,1122,18953030,0,0,1302,"",1.75,1.18,1.18,1.18,1.42,0.00,0.00,1.20,"",-1,-3.8,-10,-0.9,0,0.0,-7,-0.6,259699,1.4,0,0.0,0,0.0,24,1.9
"18167","2","10","71","0","2017","4","",21,2586,2612,2609,24586615,0,0,727,"",1.26,1.64,1.65,1.66,1.55,0.00,0.00,0.94,"",2,10.5,-69,-2.6,-55,-2.1,-48,-1.8,275570,1.1,0,0.0,0,0.0,24,3.4
"18167","3","10","71","0","2017","4","",49,3956,3952,3961,35128214,26700,220,683,"",1.21,0.81,0.80,0.81,0.84,0.03,0.05,1.04,"",1,2.1,12,0.3,-75,-1.9,-11,-0.3,1518270,4.5,10643,66.3,131,147.2,34,5.2
"18167","5","10","71","0","2017","4","",2293,41512,41789,41737,407765342,44651963,789288,753,"",0.99,0.99,0.99,0.99,0.98,1.03,1.01,0.99,"",-18,-0.8,-149,-0.4,-148,-0.4,-268,-0.6,11265930,2.8,3197408,7.7,-65293,-7.6,25,3.4
"18169","0","10","70","0","2017","4","",733,12396,12327,12302,111301216,7961958,127517,694,"",1.00,1.00,1.00,1.00,1.00,1.00,1.00,1.00,"",-10,-1.3,-192,-1.5,-220,-1.8,-212,-1.7,2908270,2.7,627907,8.6,-16571,-11.5,30,4.5
"18169","1","10","71","0","2017","4","",10,71,72,71,942198,0,0,1016,"",2.27,0.30,0.31,0.30,0.31,0.00,0.00,1.02,"",0,0.0,-2,-2.7,1,1.4,-5,-6.6,-26151,-2.7,0,0.0,0,0.0,0,0.0
"18169","2","10","71","0","2017","4","",11,94,94,86,1065207,0,0,897,"",2.14,0.24,0.24,0.22,0.29,0.00,0.00,1.27,"",-4,-26.7,-8,-7.8,-5,-5.1,-10,-10.4,-6463,-0.6,0,0.0,0,0.0,64,7.7
"18169","3","10","71","0","2017","4","",22,1408,1424,1450,11164997,29784,405,602,"",1.77,1.15,1.16,1.19,1.17,0.19,0.60,1.00,"",0,0.0,-7,-0.5,22,1.6,47,3.3,437551,4.1,-2968,-9.1,-4,-1.0,15,2.6
"18169","5","10","71","0","2017","4","",690,10823,10737,10695,98128814,7932174,127112,702,"",0.97,1.03,1.03,1.02,1.03,1.03,1.00,1.01,"",-6,-0.9,-175,-1.6,-238,-2.2,-244,-2.2,2503333,2.6,630875,8.6,-16567,-11.5,32,4.8
"18171","0","10","70","0","2017","4","",142,1884,1898,1878,19338219,1581865,38334,788,"",1.00,1.00,1.00,1.00,1.00,1.00,1.00,1.00,"",2,1.4,60,3.3,70,3.8,96,5.4,1762660,10.0,516705,48.5,9308,32.1,42,5.6
"18171","1","10","71","0","2017","4","",5,13,12,13,157581,0,0,957,"",5.87,0.36,0.33,0.36,0.30,0.00,0.00,0.85,"",0,0.0,0,0.0,0,0.0,-4,-23.5,8262,5.5,0,0.0,0,0.0,137,16.7
"18171","2","10","71","0","2017","4","",7,27,31,30,324544,0,0,851,"",7.04,0.45,0.51,0.50,0.51,0.00,0.00,1.06,"",0,0.0,2,8.0,6,24.0,4,15.4,64444,24.8,0,0.0,0,0.0,61,7.7
"18171","3","10","71","0","2017","4","",10,324,328,350,2649252,4987,25,610,"",4.14,1.74,1.74,1.88,1.59,0.16,0.12,0.89,"",-1,-9.1,-13,-3.9,-56,-14.6,7,2.0,183352,7.4,-3035,-37.8,-16,-39.0,75,14.0
"18171","5","10","71","0","2017","4","",120,1520,1527,1485,16206842,1576878,38309,825,"",0.87,0.95,0.95,0.93,0.98,1.03,1.01,1.04,"",3,2.6,71,4.9,120,8.5,89,6.4,1506602,10.2,519740,49.2,9324,32.2,27,3.4
"18173","0","10","70","0","2017","4","",1162,16387,16321,16286,187358182,15238377,265542,882,"",1.00,1.00,1.00,1.00,1.00,1.00,1.00,1.00,"",27,2.4,505,3.2,596,3.8,576,3.7,10084008,5.7,2882729,23.3,8652,3.4,17,2.0
"18173","1","10","71","0","2017","4","",9,105,108,102,1495382,0,0,1096,"",1.29,0.33,0.35,0.33,0.29,0.00,0.00,0.87,"",1,12.5,4,4.0,4,3.8,-2,-1.9,117281,8.5,0,0.0,0,0.0,67,6.5
"18173","2","10","71","0","2017","4","",14,68,70,67,776117,0,0,874,"",1.72,0.13,0.13,0.13,0.13,0.00,0.00,0.97,"",1,7.7,-1,-1.4,4,6.1,-1,-1.5,42905,5.9,0,0.0,0,0.0,40,4.8
"18173","3","10","71","0","2017","4","",19,1985,1987,2027,17435161,302845,2184,671,"",0.96,1.22,1.23,1.26,1.08,1.00,1.56,0.88,"",0,0.0,-5,-0.3,92,4.9,50,2.5,-966366,-5.3,45156,17.5,-222,-9.2,-53,-7.3
"18173","5","10","71","0","2017","4","",1120,14229,14156,14090,167651522,14935532,263358,911,"",0.99,1.02,1.02,1.02,1.05,1.01,1.00,1.03,"",25,2.3,507,3.7,496,3.6,529,3.9,10890188,6.9,2837573,23.5,8874,3.5,27,3.1
"18175","0","10","70","0","2017","4","",470,6158,6167,6172,53231577,4618911,88540,664,"",1.00,1.00,1.00,1.00,1.00,1.00,1.00,1.00,"",3,0.6,136,2.3,-1,0.0,-16,-0.3,-227462,-0.4,131617,2.9,-2977,-3.3,-7,-1.0
"18175","1","10","71","0","2017","4","",6,55,59,58,726961,0,0,975,"",2.13,0.46,0.50,0.49,0.50,0.00,0.00,1.03,"",0,0.0,-1,-1.8,3,5.4,2,3.6,-4292,-0.6,0,0.0,0,0.0,-29,-2.9
"18175","2","10","71","0","2017","4","",13,48,49,45,516684,0,0,840,"",3.95,0.24,0.25,0.23,0.30,0.00,0.00,1.24,"",0,0.0,-1,-2.0,0,0.0,-2,-4.3,54591,11.8,0,0.0,0,0.0,105,14.3
"18175","3","10","71","0","2017","4","",15,1117,1125,1139,8895257,23202,124,607,"",1.88,1.83,1.84,1.86,1.94,0.25,0.27,1.05,"",-4,-21.1,-14,-1.2,-31,-2.7,-2,-0.2,150737,1.7,-1076,-4.4,-49,-28.3,18,3.1
"18175","5","10","71","0","2017","4","",436,4938,4934,4930,43092675,4595709,88416,672,"",0.96,0.94,0.94,0.94,0.95,1.03,1.01,1.01,"",7,1.6,152,3.2,27,0.6,-14,-0.3,-428498,-1.0,132693,3.0,-2928,-3.2,-14,-2.0
"18177","0","10","70","0","2017","4","",1421,30071,30416,30489,295946502,25270717,424284,751,"",1.00,1.00,1.00,1.00,1.00,1.00,1.00,1.00,"",-4,-0.3,105,0.4,436,1.5,335,1.1,15106735,5.4,892981,3.7,-65383,-13.4,32,4.5
"18177","1","10","71","0","2017","4","",18,158,165,165,2559060,0,0,1210,"",2.11,0.27,0.28,0.28,0.31,0.00,0.00,1.13,"",0,0.0,-1,-0.6,8,5.1,0,0.0,102532,4.2,0,0.0,0,0.0,31,2.6
"18177","2","10","71","0","2017","4","",19,1343,1361,1339,10622617,0,0,606,"",1.91,1.39,1.40,1.38,1.10,0.00,0.00,0.79,"",2,11.8,-25,-1.8,-6,-0.4,-19,-1.4,542711,5.4,0,0.0,0,0.0,38,6.7
"18177","3","10","71","0","2017","4","",27,2740,2715,2836,23175577,90731,678,645,"",1.12,0.92,0.90,0.94,0.91,0.18,0.30,0.99,"",0,0.0,-98,-3.5,-104,-3.7,-84,-2.9,-117588,-0.5,-23400,-20.5,-747,-52.4,18,2.9
"18177","5","10","71","0","2017","4","",1357,25830,26175,26149,259589248,25179986,423606,767,"",0.98,1.01,1.01,1.01,1.03,1.03,1.01,1.02,"",-6,-0.4,229,0.9,538,2.1,438,1.7,14579080,6.0,916381,3.8,-64636,-13.2,32,4.4
"18179","0","10","70","0","2017","4","",618,10810,10797,10887,102588134,8615241,158164,729,"",1.00,1.00,1.00,1.00,1.00,1.00,1.00,1.00,"",7,1.1,-26,-0.2,28,0.3,11,0.1,3005911,3.0,1028323,13.6,15242,10.7,21,3.0
"18179","1","10","71","0","2017","4","",12,51,50,51,641881,0,0,975,"",3.24,0.25,0.24,0.24,0.23,0.00,0.00,0.94,"",0,0.0,-1,-1.9,-2,-3.8,-5,-8.9,-1909,-0.3,0,0.0,0,0.0,46,5.0
"18179","2","10","71","0","2017","4","",12,93,96,89,978442,1610,26,812,"",2.77,0.27,0.28,0.26,0.29,0.01,0.12,1.09,"",0,0.0,3,3.3,5,5.5,3,3.5,95054,10.8,1610,100.0,26,100.0,48,6.3
"18179","3","10","71","0","2017","4","",12,1254,1249,1257,9516947,12508,105,584,"",1.14,1.17,1.16,1.17,1.08,0.07,0.13,0.92,"",1,9.1,5,0.4,28,2.3,5,0.4,645592,7.3,2728,27.9,56,114.3,34,6.2
"18179","5","10","71","0","2017","4","",582,9412,9402,9490,91450864,8601123,158033,746,"",0.97,1.02,1.03,1.03,1.04,1.03,1.01,1.02,"",6,1.0,-33,-0.3,-3,0.0,8,0.1,2267174,2.5,1023985,13.5,15160,10.6,20,2.8
"18181","0","10","70","0","2017","4","",640,8959,8771,8926,85903515,8351728,142383,744,"",1.00,1.00,1.00,1.00,1.00,1.00,1.00,1.00,"",-10,-1.5,-24,-0.3,11,0.1,134,1.5,1266237,1.5,1167572,16.3,7201,5.3,8,1.1
"18181","1","10","71","0","2017","4","",10,54,53,53,686148,0,0,990,"",2.61,0.31,0.32,0.31,0.29,0.00,0.00,0.93,"",0,0.0,-2,-3.6,-2,-3.6,-7,-11.7,37131,5.7,0,0.0,0,0.0,114,13.0
"18181","2","10","71","0","2017","4","",12,47,48,48,530268,0,0,856,"",2.68,0.16,0.17,0.17,0.19,0.00,0.00,1.13,"",0,0.0,2,4.4,4,9.1,5,11.6,116011,28.0,0,0.0,0,0.0,132,18.2
"18181","3","10","71","0","2017","4","",24,1362,1359,1398,9386172,204804,4044,526,"",2.21,1.53,1.56,1.58,1.27,1.24,5.40,0.82,"",0,0.0,28,2.1,11,0.8,35,2.6,282294,3.1,37546,22.4,398,10.9,7,1.3
"18181","5","10","71","0","2017","4","",594,7496,7311,7427,75300927,8146924,138339,782,"",0.96,0.98,0.98,0.98,1.03,1.01,0.98,1.05,"",-10,-1.7,-52,-0.7,-2,0.0,101,1.4,830801,1.1,1130026,16.1,6803,5.2,7,0.9
"18183","0","10","70","0","2017","4","",706,12395,12375,12504,135213058,8939194,157450,837,"",1.00,1.00,1.00,1.00,1.00,1.00,1.00,1.00,"",-2,-0.3,213,1.7,212,1.7,369,3.0,8524345,6.7,1243977,16.2,5167,3.4,36,4.5
"18183","1","10","71","0","2017","4","",7,79,76,77,1085607,0,0,1080,"",1.65,0.33,0.32,0.32,0.29,0.00,0.00,0.90,"",0,0.0,3,3.9,0,0.0,-4,-4.9,37755,3.6,0,0.0,0,0.0,42,4.0
"18183","2","10","71","0","2017","4","",12,75,73,76,882940,0,0,910,"",2.43,0.19,0.18,0.19,0.20,0.00,0.00,1.07,"",1,9.1,5,7.1,1,1.4,7,10.1,177258,25.1,0,0.0,0,0.0,138,17.9
"18183","3","10","71","0","2017","4","",18,1367,1321,1364,10859321,29687,680,618,"",1.50,1.11,1.07,1.10,0.93,0.17,0.82,0.85,"",0,0.0,42,3.2,-20,-1.5,28,2.1,172774,1.6,3482,13.3,202,42.3,2,0.3
"18183","5","10","71","0","2017","4","",669,10874,10905,10987,122385190,8909507,156770,862,"",0.98,1.03,1.04,1.03,1.06,1.03,1.00,1.02,"",-3,-0.4,163,1.5,231,2.2,338,3.2,8136558,7.1,1240495,16.2,4965,3.3,39,4.7
"18999","0","10","70","0","2017","4","",16835,77491,78141,77257,1206125206,125923797,3128487,1195,"",1.00,1.00,1.00,1.00,1.00,1.00,1.00,1.00,"",1461,9.5,5302,7.3,5749,7.9,4753,6.6,102769949,9.3,9291646,8.0,-178751,-5.4,22,1.9
"18999","1","10","71","0","2017","4","",44,707,709,735,14483120,0,0,1554,"",0.44,0.47,0.47,0.49,0.44,0.00,0.00,0.91,"",2,4.8,265,60.0,158,28.7,164,28.7,4346465,42.9,0,0.0,0,0.0,58,3.9
"18999","2","10","71","0","2017","4","N",20,0,0,0,0,0,0,0,"N",0.17,0,0,0,0,0,0,0,"N",5,33.3,0,0,0,0,0,0,0,0,0,0,0,0,0,0
"18999","3","10","71","0","2017","4","N",6,0,0,0,0,0,0,0,"N",0.02,0,0,0,0,0,0,0,"N",3,100.0,0,0,0,0,0,0,0,0,0,0,0,0,0,0
"18999","5","10","71","0","2017","4","",16765,76622,77273,76360,1189032956,125906026,3128212,1192,"",1.03,1.16,1.16,1.16,1.15,1.03,1.01,0.99,"",1451,9.5,5030,7.0,5587,7.8,4588,6.4,98326804,9.0,9283309,8.0,-178879,-5.4,22,1.9
"19000","0","10","50","0","2017","4","",102304,1550886,1554144,1549871,18920173843,3591262065,58921464,938,"",1.00,1.00,1.00,1.00,1.00,1.00,1.00,1.00,"",660,0.6,-846,-0.1,2735,0.2,6939,0.4,579849965,3.2,94074264,2.7,-1275240,-2.1,27,3.0
"19000","1","10","51","0","2017","4","",1330,17657,17604,17689,294158233,0,0,1282,"",2.17,0.59,0.59,0.59,0.57,0.00,0.00,0.96,"",-8,-0.6,-15,-0.1,-62,-0.4,-300,-1.7,9330995,3.3,0,0.0,0,0.0,49,4.0
"19000","2","10","51","0","2017","4","",1549,49562,49513,49389,831487616,348732,357,1292,"",2.16,1.00,0.99,1.00,1.35,0.01,0.00,1.35,"",60,4.0,-293,-0.6,-423,-0.8,-591,-1.2,8520497,1.0,-12959,-3.6,-107,-23.1,24,1.9
"19000","3","10","51","0","2017","4","",3355,175009,176130,175985,1847640614,27803084,130904,809,"",1.93,1.14,1.14,1.15,1.14,0.39,0.42,0.99,"",-16,-0.5,1186,0.7,829,0.5,1234,0.7,42945445,2.4,352682,1.3,-18121,-12.2,14,1.8
"19000","5","10","51","0","2017","4","",96070,1308658,1310897,1306808,15946887380,3563110249,58790203,937,"",0.97,0.99,0.99,0.99,0.99,1.03,1.00,0.99,"",624,0.7,-1724,-0.1,2391,0.2,6596,0.5,519053028,3.4,93734541,2.7,-1257012,-2.1,29,3.2
"19000","8","10","96","0","2017","4","",6234,242228,243247,243063,2973286463,28151816,131261,942,"",2.03,1.04,1.04,1.04,1.08,0.24,0.34,1.03,"",36,0.6,878,0.4,344,0.1,343,0.1,60796937,2.1,339723,1.2,-18228,-12.2,17,1.8
"19001","0","10","70","0","2017","4","",291,2791,2838,2785,26275344,6162276,123317,721,"",1.00,1.00,1.00,1.00,1.00,1.00,1.00,1.00,"",1,0.3,-151,-5.1,-146,-4.9,-62,-2.2,-2156964,-7.6,-1522321,-19.8,-130926,-51.5,-27,-3.6
"19001","1","10","71","0","2017","4","",8,31,31,30,337140,0,0,846,"",4.58,0.58,0.57,0.56,0.47,0.00,0.00,0.82,"",0,0.0,0,0.0,-4,-11.4,-7,-18.9,-1324,-0.4,0,0.0,0,0.0,88,11.6
"19001","2","10","71","0","2017","4","",6,23,23,26,291766,0,0,935,"",2.94,0.26,0.25,0.29,0.34,0.00,0.00,1.27,"",0,0.0,0,0.0,0,0.0,0,0.0,-13971,-4.6,0,0.0,0,0.0,-45,-4.6
"19001","3","10","71","0","2017","4","",18,422,419,412,3590964,23181,22,661,"",3.64,1.53,1.49,1.49,1.59,0.19,0.03,1.06,"",0,0.0,5,1.2,-5,-1.2,-18,-4.2,-37188,-1.0,-9951,-30.0,-9,-29.0,2,0.3
"19001","5","10","71","0","2017","4","",259,2315,2365,2317,22055474,6139095,123295,727,"",0.92,0.98,0.98,0.98,0.98,1.03,1.01,1.00,"",1,0.4,-156,-6.3,-137,-5.5,-37,-1.6,-2104481,-8.7,-1512370,-19.8,-130917,-51.5,-34,-4.5
"19003","0","10","70","0","2017","4","",148,1223,1236,1256,13238412,2469853,23741,822,"",1.00,1.00,1.00,1.00,1.00,1.00,1.00,1.00,"",-10,-6.3,-11,-0.9,-19,-1.5,12,1.0,496966,3.9,13993,0.6,-1647,-6.5,34,4.3
"19003","1","10","71","0","2017","4","",7,23,27,24,276656,0,0,863,"",7.89,0.98,1.14,0.99,0.76,0.00,0.00,0.73,"",0,0.0,-4,-14.8,-3,-10.0,-7,-22.6,20426,8.0,0,0.0,0,0.0,191,28.4
"19003","2","10","71","0","2017","4","",3,4,4,4,58573,0,0,1126,"",2.89,0.10,0.10,0.10,0.14,0.00,0.00,1.34,"",0,0.0,0,0.0,0,0.0,0,0.0,2879,5.2,0,0.0,0,0.0,55,5.1
"19003","3","10","71","0","2017","4","",9,195,193,199,1824586,0,0,717,"",3.58,1.61,1.57,1.60,1.60,0.00,0.00,1.01,"",-1,-10.0,6,3.2,-1,-0.5,7,3.6,75502,4.3,0,0.0,0,0.0,15,2.1
"19003","5","10","71","0","2017","4","",129,1001,1012,1029,11078597,2469853,23741,840,"",0.90,0.96,0.96,0.96,0.98,1.03,1.01,1.02,"",-9,-6.5,-13,-1.3,-15,-1.5,12,1.2,398159,3.7,13993,0.6,-1647,-6.5,34,4.2
"19005","0","10","70","0","2017","4","",468,5146,5125,5126,47230350,12046749,189672,708,"",1.00,1.00,1.00,1.00,1.00,1.00,1.00,1.00,"",-10,-2.1,7,0.1,-64,-1.2,17,0.3,1396686,3.0,640058,5.6,-3185,-1.7,23,3.4
"19005","1","10","71","0","2017","4","",10,67,60,63,799953,0,0,972,"",3.56,0.68,0.61,0.64,0.62,0.00,0.00,0.96,"",0,0.0,-6,-8.2,-10,-14.3,-7,-10.0,-60205,-7.0,0,0.0,0,0.0,40,4.3
"19005","2","10","71","0","2017","4","",9,22,21,22,288494,0,0,1024,"",2.74,0.13,0.13,0.13,0.19,0.00,0.00,1.42,"",1,12.5,-3,-12.0,-3,-12.5,-5,-18.5,-9208,-3.1,0,0.0,0,0.0,120,13.3
"19005","3","10","71","0","2017","4","",25,1078,1066,1061,9414829,791409,4118,678,"",3.14,2.11,2.09,2.09,2.32,3.32,4.13,1.10,"",0,0.0,22,2.1,-2,-0.2,-5,-0.5,262551,2.9,66696,9.2,91,2.3,16,2.4
"19005","5","10","71","0","2017","4","",424,3979,3978,3980,36727074,11255340,185554,710,"",0.93,0.91,0.91,0.91,0.91,0.97,0.98,1.00,"",-11,-2.5,-6,-0.2,-49,-1.2,34,0.9,1203548,3.4,573362,5.4,-3276,-1.7,24,3.5
"19007","0","10","70","0","2017","4","",370,4492,4482,4447,38924960,10622737,165794,669,"",1.00,1.00,1.00,1.00,1.00,1.00,1.00,1.00,"",-3,-0.8,-182,-3.9,-151,-3.3,-110,-2.4,-2099122,-5.1,-1010908,-8.7,-21641,-11.5,-14,-2.0
"19007","1","10","71","0","2017","4","",9,47,45,44,544212,0,0,923,"",4.06,0.54,0.52,0.51,0.51,0.00,0.00,0.96,"",0,0.0,-3,-6.0,-5,-10.0,-5,-10.2,-34142,-5.9,0,0.0,0,0.0,27,3.0
"19007","2","10","71","0","2017","4","",8,29,27,26,357873,0,0,1007,"",3.09,0.20,0.19,0.18,0.28,0.00,0.00,1.48,"N",1,14.3,0,0,0,0,0,0,0,0,0,0,0,0,0,0
"19007","3","10","71","0","2017","4","",27,595,607,607,5614371,353650,485,716,"",4.29,1.34,1.36,1.38,1.68,1.68,0.56,1.23,"N",-2,-6.9,0,0,0,0,0,0,0,0,0,0,0,0,0,0
"19007","5","10","71","0","2017","4","",326,3821,3803,3770,32408504,10269087,165309,656,"",0.91,1.00,1.00,1.00,0.98,1.00,1.00,0.98,"",-2,-0.6,-152,-3.8,-140,-3.6,-118,-3.0,-1987612,-5.8,-1061883,-9.4,-21533,-11.5,-16,-2.4
"19009","0","10","70","0","2017","4","",217,1758,1764,1755,17266434,4220566,28817,755,"",1.00,1.00,1.00,1.00,1.00,1.00,1.00,1.00,"",-6,-2.7,-14,-0.8,-3,-0.2,-4,-0.2,237791,1.4,167868,4.1,-11965,-29.3,13,1.8
"19009","1","10","71","0","2017","4","",7,27,27,26,285106,0,0,822,"",5.38,0.80,0.80,0.77,0.60,0.00,0.00,0.76,"",0,0.0,0,0.0,-1,-3.6,-4,-13.3,-21080,-6.9,0,0.0,0,0.0,-9,-1.1
"19009","2","10","71","0","2017","4","",7,13,13,14,161615,0,0,932,"",4.60,0.23,0.23,0.25,0.29,0.00,0.00,1.21,"N",0,0.0,0,0,0,0,0,0,0,0,0,0,0,0,0,0
"19009","3","10","71","0","2017","4","",13,322,328,333,3549804,63485,228,833,"",3.52,1.85,1.87,1.92,2.39,0.76,1.50,1.27,"N",-1,-7.1,0,0,0,0,0,0,0,0,0,0,0,0,0,0
"19009","5","10","71","0","2017","4","",190,1396,1396,1382,13269909,4157081,28589,734,"",0.90,0.93,0.93,0.93,0.90,1.02,1.00,0.97,"",-5,-2.6,7,0.5,19,1.4,17,1.2,52650,0.4,172355,4.3,-11758,-29.1,-4,-0.5
"19011","0","10","70","0","2017","4","",679,6134,6160,5961,61625163,14965537,313079,779,"",1.00,1.00,1.00,1.00,1.00,1.00,1.00,1.00,"",10,1.5,281,4.8,277,4.7,235,4.1,4938419,8.7,2781664,22.8,114642,57.8,30,4.0
"19011","1","10","71","0","2017","4","",17,69,68,66,794628,0,0,903,"",4.17,0.58,0.58,0.57,0.47,0.00,0.00,0.81,"",0,0.0,-2,-2.8,1,1.5,-8,-10.8,17089,2.2,0,0.0,0,0.0,57,6.7
"19011","2","10","71","0","2017","4","",12,72,75,75,927191,0,0,964,"",2.52,0.37,0.38,0.39,0.46,0.00,0.00,1.21,"",0,0.0,1,1.4,1,1.4,-13,-14.8,-33492,-3.5,0,0.0,0,0.0,13,1.4
"19011","3","10","71","0","2017","4","",41,1390,1376,1400,13315541,745797,746,738,"",3.55,2.29,2.25,2.37,2.51,2.52,0.45,1.09,"",0,0.0,-14,-1.0,-25,-1.8,-29,-2.0,-176369,-1.3,26334,3.7,-46,-5.8,3,0.4
"19011","5","10","71","0","2017","4","",609,4603,4641,4420,46587803,14219740,312333,787,"",0.92,0.88,0.89,0.87,0.89,0.98,1.00,1.00,"",10,1.7,296,6.9,300,6.9,285,6.9,5131191,12.4,2755330,24.0,114688,58.0,39,5.2
"19013","0","10","70","0","2017","4","",3798,74082,74358,74668,955716117,160781449,2885572,989,"",1.00,1.00,1.00,1.00,1.00,1.00,1.00,1.00,"",-11,-0.3,292,0.4,343,0.5,517,0.7,39720422,4.3,3095041,2.0,-49254,-1.7,37,3.9
"19013","1","10","71","0","2017","4","",23,513,514,524,8431418,0,0,1254,"",1.01,0.36,0.36,0.36,0.32,0.00,0.00,0.89,"",0,0.0,-28,-5.2,-19,-3.6,-32,-5.8,-111249,-1.3,0,0.0,0,0.0,45,3.7
"19013","2","10","71","0","2017","4","",36,2610,2611,2621,37272464,11247,11,1097,"",1.35,1.10,1.10,1.10,1.19,0.01,0.00,1.09,"",0,0.0,-35,-1.3,-51,-1.9,-51,-1.9,-456091,-1.2,52,0.5,0,0.0,6,0.5
"19013","3","10","71","0","2017","4","",75,6904,6919,6861,74998206,859827,1135,837,"",1.16,0.94,0.94,0.93,0.91,0.27,0.07,0.98,"",-2,-2.6,-15,-0.2,-9,-0.1,-55,-0.8,1261966,1.7,-6616,-0.8,-539,-32.2,17,2.1
"19013","5","10","71","0","2017","4","",3664,64055,64314,64662,835014029,159910375,2884426,998,"",0.99,1.02,1.02,1.02,1.02,1.03,1.01,1.00,"",-9,-0.2,370,0.6,422,0.7,655,1.0,39025796,4.9,3101605,2.0,-48715,-1.7,39,4.1
"19015","0","10","70","0","2017","4","",711,9089,9065,9162,93356293,21343237,285002,789,"",1.00,1.00,1.00,1.00,1.00,1.00,1.00,1.00,"",-10,-1.4,-690,-7.1,-638,-6.6,-443,-4.6,-5919561,-6.0,-2630297,-11.0,-169141,-37.2,1,0.1
"19015","1","10","71","0","2017","4","",10,107,108,121,1391910,0,0,956,"",2.34,0.61,0.62,0.69,0.54,0.00,0.00,0.85,"",0,0.0,-13,-10.8,-10,-8.5,-3,-2.4,-231655,-14.3,0,0.0,0,0.0,-79,-7.6
"19015","2","10","71","0","2017","4","",15,564,559,556,7613919,0,0,1046,"",3.01,1.93,1.93,1.90,2.50,0.00,0.00,1.30,"",0,0.0,-51,-8.3,-59,-9.5,-61,-9.9,-429636,-5.3,0,0.0,0,0.0,43,4.3
"19015","3","10","71","0","2017","4","",27,1661,1660,1698,17075394,190653,811,785,"",2.23,1.84,1.84,1.87,2.13,0.45,0.54,1.15,"",-1,-3.6,-67,-3.9,-87,-5.0,-42,-2.4,62934,0.4,-40933,-17.7,171,26.7,32,4.2
"19015","5","10","71","0","2017","4","",659,6757,6738,6787,67275070,21152584,284191,765,"",0.96,0.88,0.87,0.87,0.84,1.02,1.00,0.96,"",-9,-1.3,-559,-7.6,-482,-6.7,-337,-4.7,-5321204,-7.3,-2589364,-10.9,-169312,-37.3,-8,-1.0
"19017","0","10","70","0","2017","4","",722,9933,9900,9855,103563276,16910314,239443,805,"",1.00,1.00,1.00,1.00,1.00,1.00,1.00,1.00,"",0,0.0,-104,-1.0,-59,-0.6,-18,-0.2,2162874,2.1,1150605,7.3,16691,7.5,22,2.8
"19017","1","10","71","0","2017","4","",11,63,62,64,845895,0,0,1033,"",2.54,0.33,0.33,0.34,0.30,0.00,0.00,0.90,"",0,0.0,2,3.3,-1,-1.6,-4,-5.9,57371,7.3,0,0.0,0,0.0,85,9.0
"19017","2","10","71","0","2017","4","",13,29,29,29,383814,0,0,1018,"",2.57,0.09,0.09,0.09,0.11,0.00,0.00,1.24,"",1,8.3,-1,-3.3,-1,-3.3,-1,-3.3,-11526,-2.9,0,0.0,0,0.0,4,0.4
"19017","3","10","71","0","2017","4","",32,1798,1822,1794,19322995,52009,53,824,"",2.61,1.83,1.85,1.84,2.17,0.16,0.04,1.18,"",0,0.0,-45,-2.4,-40,-2.1,-62,-3.3,558603,3.0,10195,24.4,12,29.3,45,5.8
"19017","5","10","71","0","2017","4","",666,8043,7987,7968,83010572,16858305,239390,798,"",0.95,0.95,0.95,0.95,0.94,1.03,1.01,0.99,"",-1,-0.1,-60,-0.7,-17,-0.2,49,0.6,1558426,1.9,1140410,7.3,16679,7.5,16,2.0
"19019","0","10","70","0","2017","4","",604,6557,6614,6582,65394686,15893921,258081,764,"",1.00,1.00,1.00,1.00,1.00,1.00,1.00,1.00,"",-19,-3.0,40,0.6,149,2.3,119,1.8,2964897,4.7,670919,4.4,-1218,-0.5,23,3.1
"19019","1","10","71","0","2017","4","",11,51,52,49,600481,0,0,912,"",3.04,0.40,0.41,0.39,0.33,0.00,0.00,0.83,"",0,0.0,4,8.5,6,13.0,-3,-5.8,49453,9.0,0,0.0,0,0.0,35,4.0
"19019","2","10","71","0","2017","4","",15,236,232,228,3193859,0,0,1059,"",3.54,1.12,1.10,1.09,1.50,0.00,0.00,1.36,"",0,0.0,-2,-0.8,-2,-0.9,-8,-3.4,64048,2.0,0,0.0,0,0.0,39,3.8
"19019","3","10","71","0","2017","4","",38,1142,1153,1152,11186407,61097,61,749,"",3.70,1.76,1.76,1.77,1.99,0.19,0.04,1.13,"",0,0.0,20,1.8,20,1.8,18,1.6,851584,8.2,11294,22.7,13,27.1,45,6.4
"19019","5","10","71","0","2017","4","",540,5128,5177,5153,50413939,15832824,258020,753,"",0.92,0.92,0.92,0.92,0.90,1.03,1.01,0.98,"",-19,-3.4,18,0.4,125,2.5,112,2.2,1999812,4.1,659625,4.3,-1231,-0.5,18,2.4
"19021","0","10","70","0","2017","4","",655,10993,11289,11186,122009004,29565695,425318,841,"",1.00,1.00,1.00,1.00,1.00,1.00,1.00,1.00,"",-5,-0.8,-9,-0.1,152,1.4,57,0.5,5663451,4.9,-25266,-0.1,-66951,-13.6,34,4.2
"19021","1","10","71","0","2017","4","",12,87,86,85,1342816,0,0,1201,"",3.05,0.41,0.40,0.39,0.40,0.00,0.00,1.00,"",0,0.0,-5,-5.4,-3,-3.4,-10,-10.5,-106374,-7.3,0,0.0,0,0.0,-11,-0.9
"19021","2","10","71","0","2017","4","",15,62,62,63,885223,0,0,1092,"",3.27,0.18,0.17,0.18,0.22,0.00,0.00,1.27,"",1,7.1,-4,-6.1,-4,-6.1,-4,-6.0,-16177,-1.8,0,0.0,0,0.0,47,4.5
"19021","3","10","71","0","2017","4","",35,1689,1677,1676,16979270,132852,799,777,"",3.14,1.55,1.50,1.51,1.62,0.23,0.36,1.07,"",1,2.9,64,3.9,30,1.8,-3,-0.2,783202,4.8,-2614,-1.9,-120,-13.1,22,2.9
"19021","5","10","71","0","2017","4","",593,9155,9464,9362,102801695,29432843,424519,848,"",0.93,0.98,0.99,0.98,0.99,1.03,1.00,1.00,"",-7,-1.2,-64,-0.7,129,1.4,74,0.8,5002800,5.1,-22652,-0.1,-66831,-13.6,37,4.6
"19023","0","10","70","0","2017","4","",418,3451,3437,3459,33116969,7925704,135915,739,"",1.00,1.00,1.00,1.00,1.00,1.00,1.00,1.00,"",-5,-1.2,-49,-1.4,-29,-0.8,-7,-0.2,317891,1.0,-235745,-2.9,-2031,-1.5,13,1.8
"19023","1","10","71","0","2017","4","",11,41,43,41,498204,0,0,920,"",4.39,0.62,0.65,0.62,0.55,0.00,0.00,0.87,"",0,0.0,1,2.5,5,13.2,-3,-6.8,55428,12.5,0,0.0,0,0.0,82,9.8
"19023","2","10","71","0","2017","4","",8,23,23,23,291658,0,0,975,"",2.73,0.21,0.21,0.21,0.27,0.00,0.00,1.29,"",0,0.0,-3,-11.5,-2,-8.0,-3,-11.5,-42496,-12.7,0,0.0,0,0.0,-26,-2.6
"19023","3","10","71","0","2017","4","",28,731,723,753,6548584,400930,235,685,"",3.94,2.14,2.12,2.20,2.30,2.56,0.33,1.07,"",0,0.0,-9,-1.2,-2,-0.3,9,1.2,394844,6.4,47359,13.4,-2875,-92.4,42,6.5
"19023","5","10","71","0","2017","4","",371,2656,2648,2642,25778523,7524774,135680,749,"",0.92,0.91,0.91,0.90,0.91,0.98,1.00,1.01,"",-5,-1.3,-38,-1.4,-30,-1.1,-10,-0.4,-89885,-0.3,-283104,-3.6,844,0.6,5,0.7
"19025","0","10","70","0","2017","4","",327,2879,2838,2841,26878137,5913471,54982,725,"",1.00,1.00,1.00,1.00,1.00,1.00,1.00,1.00,"",-7,-2.1,-219,-7.1,-213,-7.0,-143,-4.8,-4134279,-13.3,-1721703,-22.5,-138844,-71.6,-59,-7.5
"19025","1","10","71","0","2017","4","",10,34,36,33,396802,0,0,889,"",5.10,0.61,0.66,0.60,0.54,0.00,0.00,0.86,"",-1,-9.1,1,3.0,4,12.5,-1,-2.9,50679,14.6,0,0.0,0,0.0,82,10.2
"19025","2","10","71","0","2017","4","",10,117,115,114,1516513,9620,10,1011,"",4.36,1.27,1.27,1.26,1.73,0.13,0.14,1.37,"",0,0.0,-1,-0.8,-6,-5.0,-6,-5.0,-33445,-2.2,2782,40.7,-35,-77.8,15,1.5
"19025","3","10","71","0","2017","4","",22,521,509,510,4306946,81093,114,645,"",3.96,1.83,1.81,1.81,1.86,0.69,0.39,1.03,"",0,0.0,-18,-3.3,-26,-4.9,-33,-6.1,-15148,-0.4,-18070,-18.2,-29,-20.3,28,4.5
"19025","5","10","71","0","2017","4","",285,2207,2178,2184,20657876,5822758,54858,726,"",0.90,0.90,0.90,0.90,0.90,1.02,1.00,1.00,"",-6,-2.1,-201,-8.3,-185,-7.8,-103,-4.5,-4136365,-16.7,-1706415,-22.7,-138780,-71.7,-85,-10.5
"19027","0","10","70","0","2017","4","",973,11640,11492,11512,118472227,24884250,220313,789,"",1.00,1.00,1.00,1.00,1.00,1.00,1.00,1.00,"",-10,-1.0,-31,-0.3,-117,-1.0,-164,-1.4,1411122,1.2,181368,0.7,-28501,-11.5,16,2.1
"19027","1","10","71","0","2017","4","",16,75,74,72,996654,0,0,1041,"",2.74,0.33,0.34,0.32,0.31,0.00,0.00,0.92,"",0,0.0,0,0.0,0,0.0,-7,-8.9,8354,0.8,0,0.0,0,0.0,41,4.1
"19027","2","10","71","0","2017","4","",11,62,62,64,785827,3550,4,965,"",1.61,0.17,0.17,0.17,0.20,0.01,0.01,1.20,"",0,0.0,-1,-1.6,-2,-3.1,0,0.0,-44950,-5.4,585,19.7,1,33.3,-39,-3.9
"19027","3","10","71","0","2017","4","",36,1130,1122,1115,9854670,199926,213,675,"",2.18,0.98,0.98,0.98,0.97,0.41,0.18,0.99,"",0,0.0,0,0.0,-8,-0.7,-20,-1.8,33275,0.3,-19905,-9.1,-31,-12.7,7,1.0
"19027","5","10","71","0","2017","4","",910,10373,10234,10261,106835076,24680774,220096,799,"",0.96,1.05,1.05,1.05,1.06,1.03,1.01,1.01,"",-10,-1.1,-30,-0.3,-107,-1.0,-137,-1.3,1414443,1.3,200688,0.8,-28471,-11.5,18,2.3
"19029","0","10","70","0","2017","4","",560,6095,6089,6036,61267143,14615788,261289,776,"",1.00,1.00,1.00,1.00,1.00,1.00,1.00,1.00,"",-1,-0.2,-65,-1.1,-82,-1.3,-136,-2.2,2480811,4.2,660194,4.7,68040,35.2,43,5.9
"19029","1","10","71","0","2017","4","",12,59,59,59,830725,0,0,1083,"",3.57,0.50,0.51,0.51,0.49,0.00,0.00,0.98,"",0,0.0,-3,-4.8,-8,-11.9,-8,-11.9,-10303,-1.2,0,0.0,0,0.0,93,9.4
"19029","2","10","71","0","2017","4","",16,98,97,97,1503902,0,0,1189,"",4.08,0.50,0.50,0.50,0.75,0.00,0.00,1.50,"",0,0.0,-4,-3.9,-5,-4.9,-7,-6.7,-76734,-4.9,-361,-100.0,0,0.0,5,0.4
"19029","3","10","71","0","2017","4","",30,1311,1313,1308,14241303,465732,436,836,"",3.15,2.17,2.17,2.19,2.70,1.61,0.32,1.24,"",-1,-3.2,42,3.3,36,2.8,29,2.3,807502,6.0,128080,37.9,106,32.1,26,3.2
"19029","5","10","71","0","2017","4","",502,4627,4620,4572,44691213,14150056,260853,746,"",0.92,0.89,0.89,0.89,0.85,1.00,1.00,0.96,"",0,0.0,-100,-2.1,-105,-2.2,-150,-3.2,1760346,4.1,532475,3.9,67934,35.2,47,6.7
"19031","0","10","70","0","2017","4","",576,5477,5511,5473,52819978,12655097,183106,740,"",1.00,1.00,1.00,1.00,1.00,1.00,1.00,1.00,"",3,0.5,5,0.1,16,0.3,4,0.1,1503934,2.9,994043,8.5,4994,2.8,19,2.6
"19031","1","10","71","0","2017","4","",14,86,84,82,1099470,0,0,1007,"",4.05,0.82,0.80,0.78,0.76,0.00,0.00,0.95,"",0,0.0,-2,-2.3,-1,-1.2,-2,-2.4,6433,0.6,0,0.0,0,0.0,26,2.7
"19031","2","10","71","0","2017","4","",7,27,28,31,349559,0,0,938,"",1.73,0.15,0.16,0.18,0.20,0.00,0.00,1.24,"",0,0.0,-3,-10.0,-1,-3.4,-3,-8.8,-15567,-4.3,0,0.0,0,0.0,32,3.5
"19031","3","10","71","0","2017","4","",28,989,994,991,8484460,53091,29,658,"",2.86,1.82,1.82,1.83,1.87,0.21,0.03,1.03,"",-1,-3.4,4,0.4,-5,-0.5,2,0.2,327423,4.0,11630,28.1,-3,-9.4,25,3.9
"19031","5","10","71","0","2017","4","",527,4375,4405,4369,42886489,12602006,183077,753,"",0.94,0.94,0.94,0.94,0.95,1.03,1.01,1.01,"",4,0.8,6,0.1,23,0.5,7,0.2,1185645,2.8,982413,8.5,4997,2.8,19,2.6
"19033","0","10","70","0","2017","4","",1688,24687,24728,24589,268615015,56544919,840778,838,"",1.00,1.00,1.00,1.00,1.00,1.00,1.00,1.00,"",13,0.8,68,0.3,-52,-0.2,-141,-0.6,6157438,2.3,2433814,4.5,54171,6.9,21,2.6
"19033","1","10","71","0","2017","4","",16,149,155,153,2360325,0,0,1192,"",1.58,0.31,0.33,0.32,0.32,0.00,0.00,0.99,"",-1,-5.9,-2,-1.3,-2,-1.3,-3,-1.9,80482,3.5,0,0.0,0,0.0,58,5.1
"19033","2","10","71","0","2017","4","",31,272,270,268,3939334,5214,5,1122,"",2.62,0.34,0.34,0.34,0.45,0.01,0.00,1.31,"",0,0.0,-8,-2.9,-6,-2.2,-12,-4.3,-91619,-2.3,-894,-14.6,-1,-16.7,9,0.8
"19033","3","10","71","0","2017","4","",43,2442,2461,2359,24962132,2077307,5285,793,"",1.50,1.00,1.00,0.97,1.08,1.86,1.19,1.09,"",-2,-4.4,-59,-2.4,-44,-1.8,-128,-5.1,-101741,-0.4,-629521,-23.3,1112,26.6,21,2.7
"19033","5","10","71","0","2017","4","",1598,21824,21842,21809,237353224,54462398,835488,837,"",0.98,1.04,1.04,1.04,1.03,1.00,1.00,0.99,"",16,1.0,137,0.6,0,0.0,2,0.0,6270316,2.7,3064229,6.0,53060,6.8,21,2.6
"19035","0","10","70","0","2017","4","",452,4747,4716,4657,47171359,11068035,133916,771,"",1.00,1.00,1.00,1.00,1.00,1.00,1.00,1.00,"",4,0.9,-179,-3.6,-189,-3.9,-188,-3.9,-192292,-0.4,-866333,-7.3,-51954,-28.0,26,3.5
"19035","1","10","71","0","2017","4","",12,48,45,45,540874,0,0,904,"",4.43,0.53,0.50,0.50,0.42,0.00,0.00,0.82,"",0,0.0,2,4.3,-3,-6.2,-3,-6.2,13773,2.6,0,0.0,0,0.0,47,5.5
"19035","2","10","71","0","2017","4","",16,308,300,297,4112984,0,0,1049,"",5.05,2.02,1.99,2.00,2.67,0.00,0.00,1.33,"",1,6.7,-16,-4.9,-21,-6.5,-25,-7.8,-26087,-0.6,0,0.0,0,0.0,61,6.2
"19035","3","10","71","0","2017","4","",25,649,642,647,5533108,221877,255,659,"",3.25,1.38,1.37,1.40,1.36,1.01,0.36,0.99,"",-1,-3.8,-5,-0.8,-8,-1.2,-1,-0.2,77791,1.4,-9769,-4.2,-56,-18.0,14,2.2
"19035","5","10","71","0","2017","4","",399,3742,3729,3668,36984393,10846158,133661,766,"",0.91,0.93,0.93,0.93,0.92,1.01,1.00,0.99,"",4,1.0,-160,-4.1,-157,-4.0,-159,-4.2,-257769,-0.7,-856564,-7.3,-51898,-28.0,26,3.5
"19037","0","10","70","0","2017","4","",444,4903,4890,4905,55221056,12322614,224228,867,"",1.00,1.00,1.00,1.00,1.00,1.00,1.00,1.00,"",-13,-2.8,54,1.1,60,1.2,105,2.2,3460938,6.7,1358589,12.4,28657,14.7,42,5.1
"19037","1","10","71","0","2017","4","",9,59,57,59,715544,0,0,944,"",3.38,0.63,0.61,0.62,0.47,0.00,0.00,0.76,"",0,0.0,2,3.5,-1,-1.7,3,5.4,-146,0.0,0,0.0,0,0.0,-22,-2.3
"19037","2","10","71","0","2017","4","",9,33,33,32,480706,0,0,1132,"",2.89,0.21,0.21,0.20,0.27,0.00,0.00,1.28,"",1,12.5,-1,-2.9,-1,-2.9,-4,-11.1,-5554,-1.1,0,0.0,0,0.0,53,4.9
"19037","3","10","71","0","2017","4","",19,590,585,603,5298281,25797,56,688,"",2.52,1.21,1.20,1.24,1.12,0.11,0.05,0.91,"",0,0.0,-23,-3.8,-24,-3.9,-12,-2.0,-37166,-0.7,-6513,-20.2,-7,-11.1,18,2.7
"19037","5","10","71","0","2017","4","",407,4221,4215,4211,48726525,12296817,224172,889,"",0.95,1.01,1.01,1.01,1.03,1.03,1.01,1.02,"",-14,-3.3,76,1.8,86,2.1,118,2.9,3503804,7.7,1365102,12.5,28664,14.7,45,5.3
"19039","0","10","70","0","2017","4","",241,4455,4478,4501,44254881,10219184,102302,760,"",1.00,1.00,1.00,1.00,1.00,1.00,1.00,1.00,"",-3,-1.2,24,0.5,17,0.4,-8,-0.2,168367,0.4,327049,3.3,-404,-0.4,1,0.1
"19039","1","10","71","0","2017","4","",4,40,33,33,394868,0,0,860,"",2.77,0.47,0.39,0.38,0.32,0.00,0.00,0.79,"",-1,-20.0,-1,-2.4,-6,-15.4,-5,-13.2,11075,2.9,0,0.0,0,0.0,109,14.5
"19039","2","10","71","0","2017","4","",10,79,80,83,1194990,0,0,1140,"",5.92,0.55,0.56,0.58,0.83,0.00,0.00,1.47,"",2,25.0,3,3.9,2,2.6,0,0.0,41577,3.6,0,0.0,0,0.0,17,1.5
"19039","3","10","71","0","2017","4","",14,686,682,707,6166776,0,0,686,"",3.42,1.55,1.53,1.59,1.62,0.00,0.00,1.04,"",0,0.0,3,0.4,-7,-1.0,4,0.6,-85812,-1.4,-1625,-100.0,-11,-100.0,-9,-1.3
"19039","5","10","71","0","2017","4","",213,3650,3683,3678,36498247,10219184,102302,765,"",0.91,0.96,0.97,0.96,0.97,1.03,1.01,1.00,"",-4,-1.8,19,0.5,28,0.8,-7,-0.2,201527,0.6,328674,3.3,-393,-0.4,2,0.3
"19041","0","10","70","0","2017","4","",729,8560,8570,8551,92828430,19817015,274516,834,"",1.00,1.00,1.00,1.00,1.00,1.00,1.00,1.00,"",11,1.5,-97,-1.1,-74,-0.9,-65,-0.8,-785640,-0.8,504224,2.6,17029,6.6,0,0.0
"19041","1","10","71","0","2017","4","",12,54,59,54,819457,0,0,1132,"",2.74,0.33,0.36,0.33,0.32,0.00,0.00,0.95,"",0,0.0,-3,-5.3,0,0.0,-4,-6.9,19267,2.4,0,0.0,0,0.0,71,6.7
"19041","2","10","71","0","2017","4","",18,113,114,115,1718706,5163,5,1160,"",3.52,0.41,0.42,0.42,0.57,0.02,0.01,1.36,"",1,5.9,1,0.9,2,1.8,3,2.7,75956,4.6,220,4.5,0,0.0,32,2.8
"19041","3","10","71","0","2017","4","",29,1473,1452,1470,15981668,376473,1056,839,"",2.34,1.74,1.71,1.74,2.00,0.96,0.73,1.16,"",-1,-3.3,21,1.4,8,0.6,32,2.2,-469992,-2.9,-5959,-1.6,-714,-40.3,-37,-4.2
"19041","5","10","71","0","2017","4","",670,6920,6945,6912,74308599,19435379,273455,825,"",0.95,0.95,0.95,0.95,0.94,1.01,1.00,0.98,"",11,1.7,-116,-1.6,-84,-1.2,-96,-1.4,-410871,-0.5,509963,2.7,17743,6.9,7,0.9
"19043","0","10","70","0","2017","4","",629,6773,6734,6704,71436949,17088232,423679,816,"",1.00,1.00,1.00,1.00,1.00,1.00,1.00,1.00,"",2,0.3,-90,-1.3,-47,-0.7,44,0.7,3739646,5.5,1002733,6.2,-2798,-0.7,47,6.1
"19043","1","10","71","0","2017","4","",17,76,74,74,947502,0,0,976,"",4.51,0.58,0.57,0.57,0.48,0.00,0.00,0.84,"",0,0.0,-3,-3.8,-4,-5.1,-4,-5.1,-1565,-0.2,0,0.0,0,0.0,44,4.7
"19043","2","10","71","0","2017","4","",16,36,35,35,518644,0,0,1129,"",3.63,0.17,0.16,0.16,0.22,0.00,0.00,1.36,"",0,0.0,-6,-14.3,-5,-12.5,-6,-14.6,-55173,-9.6,0,0.0,0,0.0,52,4.8
"19043","3","10","71","0","2017","4","",32,1174,1181,1221,11248198,38062,54,726,"",2.99,1.75,1.77,1.84,1.83,0.11,0.02,1.03,"",0,0.0,-32,-2.7,-36,-3.0,-19,-1.5,101469,0.9,-2688,-6.6,23,74.2,24,3.4
"19043","5","10","71","0","2017","4","",564,5487,5444,5374,58722605,17050170,423625,831,"",0.92,0.95,0.95,0.94,0.96,1.03,1.01,1.01,"",2,0.4,-49,-0.9,-2,0.0,73,1.4,3694915,6.7,1005421,6.3,-2821,-0.7,51,6.5
"19045","0","10","70","0","2017","4","",1414,21258,21291,21026,215171444,50106934,1131209,781,"",1.00,1.00,1.00,1.00,1.00,1.00,1.00,1.00,"",-4,-0.3,-113,-0.5,-412,-1.9,-342,-1.6,1930075,0.9,3527103,7.6,239441,26.9,17,2.2
"19045","1","10","71","0","2017","4","",16,115,119,113,1562004,0,0,1039,"",1.89,0.28,0.29,0.28,0.26,0.00,0.00,0.93,"",0,0.0,-2,-1.7,2,1.7,-6,-5.0,-19962,-1.3,0,0.0,0,0.0,5,0.5
"19045","2","10","71","0","2017","4","",20,98,98,105,1292731,0,0,991,"",2.02,0.14,0.14,0.16,0.18,0.00,0.00,1.24,"",1,5.3,-2,-2.0,0,0.0,-3,-2.8,9521,0.7,0,0.0,0,0.0,23,2.4
"19045","3","10","71","0","2017","4","",53,2387,2461,2410,21843376,4020,21,695,"",2.21,1.13,1.16,1.16,1.18,0.00,0.00,1.03,"",0,0.0,2,0.1,-159,-6.1,15,0.6,-6371,0.0,1841,84.5,10,90.9,14,2.1
"19045","5","10","71","0","2017","4","",1325,18658,18613,18398,190473333,50102914,1131188,790,"",0.97,1.03,1.03,1.03,1.04,1.03,1.01,1.01,"",-5,-0.4,-111,-0.6,-255,-1.4,-348,-1.9,1946887,1.0,3525262,7.6,239431,26.8,18,2.3
"19047","0","10","70","0","2017","4","",496,6887,6935,6903,76011890,16401607,204837,846,"",1.00,1.00,1.00,1.00,1.00,1.00,1.00,1.00,"",7,1.4,-1,0.0,10,0.1,19,0.3,3350669,4.6,581949,3.7,23654,13.1,36,4.4
"19047","1","10","71","0","2017","4","",13,63,62,61,957250,0,0,1188,"",4.37,0.48,0.47,0.46,0.46,0.00,0.00,0.98,"",0,0.0,3,5.0,1,1.6,-2,-3.2,108323,12.8,0,0.0,0,0.0,123,11.5
"19047","2","10","71","0","2017","4","",10,52,52,52,817823,0,0,1210,"",2.88,0.24,0.23,0.24,0.33,0.00,0.00,1.40,"",1,11.1,-1,-1.9,-1,-1.9,-2,-3.7,1466,0.2,0,0.0,0,0.0,33,2.8
"19047","3","10","71","0","2017","4","",31,1174,1185,1208,12658909,303221,309,819,"",3.68,1.72,1.72,1.77,1.94,0.93,0.29,1.12,"",0,0.0,2,0.2,-11,-0.9,11,0.9,158860,1.3,-44917,-12.9,-50,-13.9,10,1.2
"19047","5","10","71","0","2017","4","",442,5598,5636,5582,61577908,16098386,204528,845,"",0.92,0.96,0.96,0.95,0.95,1.01,1.01,0.99,"",6,1.4,-5,-0.1,21,0.4,12,0.2,3082020,5.3,626866,4.1,23704,13.1,41,5.1
"19049","0","10","70","0","2017","4","",2526,44391,44851,44932,605754251,112345756,1718721,1042,"",1.00,1.00,1.00,1.00,1.00,1.00,1.00,1.00,"",109,4.5,1547,3.6,1722,4.0,1489,3.4,38338448,6.8,4080582,3.8,148129,9.4,30,3.0
"19049","1","10","71","0","2017","4","",17,108,108,108,1550492,0,0,1104,"",1.12,0.13,0.13,0.12,0.09,0.00,0.00,0.74,"",-1,-5.6,3,2.9,0,0.0,-2,-1.8,14397,0.9,0,0.0,0,0.0,7,0.6
"19049","2","10","71","0","2017","4","",19,163,168,170,2999501,0,0,1382,"",1.07,0.11,0.12,0.12,0.15,0.00,0.00,1.30,"",2,11.8,1,0.6,6,3.7,6,3.7,91443,3.1,0,0.0,0,0.0,7,0.5
"19049","3","10","71","0","2017","4","",60,3807,3838,3859,39874925,67186,242,800,"",1.40,0.87,0.86,0.87,0.77,0.03,0.03,0.89,"",1,1.7,65,1.7,100,2.7,62,1.6,2416589,6.5,16150,31.6,-10,-4.0,33,4.3
"19049","5","10","71","0","2017","4","",2430,40313,40737,40795,561329333,112278570,1718479,1063,"",0.99,1.07,1.07,1.07,1.09,1.03,1.01,1.01,"",107,4.6,1478,3.8,1616,4.1,1423,3.6,35816019,6.8,4064432,3.8,148139,9.4,29,2.8
"19051","0","10","70","0","2017","4","",248,2112,2087,2093,20169561,5069833,59750,740,"",1.00,1.00,1.00,1.00,1.00,1.00,1.00,1.00,"",6,2.5,18,0.9,-7,-0.3,0,0.0,614123,3.1,-39947,-0.8,113,0.2,22,3.1
"19051","1","10","71","0","2017","4","",8,42,36,38,412668,0,0,821,"",5.38,1.03,0.90,0.94,0.74,0.00,0.00,0.78,"",1,14.3,5,13.5,-4,-10.0,3,8.6,3579,0.9,0,0.0,0,0.0,-22,-2.6
"19051","2","10","71","0","2017","4","",7,14,14,13,174550,0,0,982,"",4.03,0.21,0.21,0.19,0.27,0.00,0.00,1.30,"",0,0.0,-8,-36.4,-4,-22.2,-7,-35.0,-59049,-25.3,0,0.0,0,0.0,84,9.4
"19051","3","10","71","0","2017","4","",14,524,525,532,6271399,13067,38,915,"",3.32,2.50,2.53,2.57,3.62,0.13,0.12,1.43,"",0,0.0,5,1.0,-1,-0.2,8,1.5,460202,7.9,-1211,-8.5,-16,-29.6,60,7.0
"19051","5","10","71","0","2017","4","",219,1532,1512,1510,13310944,5056766,59712,675,"",0.91,0.85,0.85,0.85,0.77,1.03,1.01,0.91,"",5,2.3,16,1.1,2,0.1,-4,-0.3,209391,1.6,-38736,-0.8,129,0.2,9,1.4
"19053","0","10","70","0","2017","4","",228,2433,2399,2431,20578171,5753978,176014,654,"",1.00,1.00,1.00,1.00,1.00,1.00,1.00,1.00,"",5,2.2,78,3.3,45,1.9,41,1.7,1434884,7.5,471075,8.9,19055,12.1,32,5.1
"19053","1","10","71","0","2017","4","",10,32,33,33,384007,0,0,904,"",7.31,0.68,0.72,0.70,0.68,0.00,0.00,0.97,"",0,0.0,0,0.0,0,0.0,1,3.1,-4520,-1.2,0,0.0,0,0.0,-20,-2.2
"19053","2","10","71","0","2017","4","",8,22,21,21,250922,0,0,905,"",5.01,0.28,0.27,0.27,0.37,0.00,0.00,1.36,"",0,0.0,-4,-15.4,-2,-8.7,-3,-12.5,-18198,-6.8,0,0.0,0,0.0,54,6.3
"19053","3","10","71","0","2017","4","",21,512,506,529,4509403,75738,76,673,"",5.42,2.12,2.12,2.20,2.55,0.66,0.08,1.19,"",-1,-4.5,2,0.4,0,0.0,-11,-2.0,78102,1.8,-17030,-18.4,-4,-5.0,16,2.4
"19053","5","10","71","0","2017","4","",189,1867,1839,1848,15433839,5678240,175938,641,"",0.85,0.90,0.90,0.89,0.88,1.02,1.01,0.97,"",6,3.3,80,4.5,47,2.6,54,3.0,1379500,9.8,488105,9.4,19059,12.1,37,6.1
"19055","0","10","70","0","2017","4","",571,6674,6644,6688,72296882,14070564,189998,834,"",1.00,1.00,1.00,1.00,1.00,1.00,1.00,1.00,"",0,0.0,84,1.3,-93,-1.4,39,0.6,2423194,3.5,1209582,9.4,8555,4.7,27,3.3
"19055","1","10","71","0","2017","4","",11,31,32,33,391777,0,0,942,"",3.21,0.24,0.25,0.26,0.20,0.00,0.00,0.79,"",0,0.0,-4,-11.4,-3,-8.6,0,0.0,17592,4.7,0,0.0,0,0.0,104,12.4
"19055","2","10","71","0","2017","4","",14,66,66,72,1034767,0,0,1171,"",3.50,0.31,0.31,0.34,0.44,0.00,0.00,1.38,"",1,7.7,-1,-1.5,-7,-9.6,-3,-4.0,31105,3.1,0,0.0,0,0.0,94,8.7
"19055","3","10","71","0","2017","4","",32,1209,1212,1221,12370659,36177,52,784,"",3.30,1.83,1.84,1.84,1.99,0.13,0.05,1.08,"",0,0.0,11,0.9,-67,-5.2,14,1.2,420795,3.5,-6441,-15.1,-9,-14.8,35,4.7
"19055","5","10","71","0","2017","4","",514,5368,5334,5362,58499679,14034387,189946,840,"",0.93,0.95,0.95,0.94,0.95,1.03,1.01,1.00,"",-1,-0.2,78,1.5,-16,-0.3,28,0.5,1953702,3.5,1216023,9.5,8564,4.7,23,2.8
"19057","0","10","70","0","2017","4","",1372,22113,22242,22127,235404646,51512667,1052025,817,"",1.00,1.00,1.00,1.00,1.00,1.00,1.00,1.00,"",24,1.8,-220,-1.0,-204,-0.9,-247,-1.1,4251859,1.8,-2461235,-4.6,-18216,-1.7,23,2.9
"19057","1","10","71","0","2017","4","",11,144,144,143,2079801,0,0,1114,"",1.34,0.34,0.34,0.34,0.32,0.00,0.00,0.95,"",0,0.0,4,2.9,6,4.3,2,1.4,113203,5.8,0,0.0,0,0.0,31,2.9
"19057","2","10","71","0","2017","4","",23,125,122,132,1659372,6235,6,1010,"",2.39,0.18,0.17,0.19,0.22,0.01,0.00,1.21,"",1,4.5,-5,-3.8,-4,-3.2,6,4.8,-64047,-3.7,-781,-11.1,-1,-14.3,-31,-3.0
"19057","3","10","71","0","2017","4","",40,2310,2311,2279,23894051,98505,94,799,"",1.72,1.05,1.05,1.04,1.18,0.10,0.02,1.13,"",0,0.0,37,1.6,29,1.3,15,0.7,399370,1.7,4323,4.6,4,4.4,4,0.5
"19057","5","10","71","0","2017","4","",1298,19534,19665,19573,207771422,51407927,1051925,816,"",0.98,1.04,1.04,1.04,1.03,1.03,1.01,0.99,"",23,1.8,-256,-1.3,-235,-1.2,-270,-1.4,3803333,1.9,-2464777,-4.6,-18219,-1.7,25,3.2
"19059","0","10","70","0","2017","4","",893,9416,9095,9094,92306451,26897784,443774,772,"",1.00,1.00,1.00,1.00,1.00,1.00,1.00,1.00,"",16,1.8,-302,-3.1,-429,-4.5,-203,-2.2,5243684,6.0,974603,3.8,85624,23.9,68,9.7
"19059","1","10","71","0","2017","4","",10,73,69,75,1132053,0,0,1204,"",1.87,0.40,0.40,0.43,0.45,0.00,0.00,1.09,"",0,0.0,-1,-1.4,-7,-9.2,1,1.4,87335,8.4,0,0.0,0,0.0,128,11.9
"19059","2","10","71","0","2017","4","",10,61,52,53,774179,0,0,1076,"",1.60,0.20,0.18,0.18,0.26,0.00,0.00,1.37,"",0,0.0,5,8.9,0,0.0,0,0.0,53337,7.4,0,0.0,0,0.0,43,4.2
"19059","3","10","71","0","2017","4","",38,1077,1081,1110,10736415,324312,247,758,"",2.50,1.15,1.20,1.23,1.35,0.61,0.11,1.13,"",1,2.7,-27,-2.4,-15,-1.4,0,0.0,313896,3.0,-25916,-7.4,-25,-9.2,31,4.3
"19059","5","10","71","0","2017","4","",835,8205,7893,7856,79663804,26573472,443527,767,"",0.96,1.03,1.02,1.02,1.01,1.02,1.01,0.99,"",15,1.8,-279,-3.3,-407,-4.9,-204,-2.5,4789116,6.4,1000519,3.9,85649,23.9,72,10.4
"19061","0","10","70","0","2017","4","",3279,58571,58680,58618,705020518,130323267,2204335,925,"",1.00,1.00,1.00,1.00,1.00,1.00,1.00,1.00,"",27,0.8,481,0.8,356,0.6,251,0.4,19314001,2.8,6481473,5.2,247318,12.6,20,2.2
"19061","1","10","71","0","2017","4","",24,272,267,267,4099570,0,0,1174,"",1.22,0.24,0.24,0.24,0.21,0.00,0.00,0.89,"",0,0.0,6,2.3,6,2.3,0,0.0,173214,4.4,0,0.0,0,0.0,33,2.9
"19061","2","10","71","0","2017","4","",29,202,198,205,2750124,6485,6,1049,"",1.26,0.11,0.11,0.11,0.12,0.00,0.00,1.11,"",0,0.0,-15,-6.9,-16,-7.5,-22,-9.7,-237381,-7.9,178,2.8,0,0.0,1,0.1
"19061","3","10","71","0","2017","4","",65,4391,4362,4312,44276921,118234,371,782,"",1.17,0.76,0.75,0.74,0.73,0.05,0.03,0.97,"",-1,-1.5,-25,-0.6,21,0.5,-11,-0.3,1210874,2.8,-23588,-16.6,-109,-22.7,22,2.9
"19061","5","10","71","0","2017","4","",3161,53706,53853,53834,653893903,130198548,2203958,935,"",0.99,1.08,1.08,1.08,1.09,1.03,1.01,1.01,"",28,0.9,515,1.0,345,0.6,284,0.5,18167294,2.9,6504883,5.3,247427,12.6,20,2.2
"19063","0","10","70","0","2017","4","",336,3914,3898,3880,37932268,7708270,91637,749,"",1.00,1.00,1.00,1.00,1.00,1.00,1.00,1.00,"",-6,-1.8,-134,-3.3,-105,-2.6,-83,-2.1,310326,0.8,-441068,-5.4,7789,9.3,26,3.6
"19063","1","10","71","0","2017","4","",7,35,36,34,525324,0,0,1155,"",3.47,0.46,0.48,0.45,0.50,0.00,0.00,1.08,"",0,0.0,2,6.1,0,0.0,-3,-8.1,47092,9.8,0,0.0,0,0.0,114,11.0
"19063","2","10","71","0","2017","4","",9,70,65,73,650755,0,0,722,"",3.82,0.56,0.52,0.59,0.53,0.00,0.00,0.95,"",1,12.5,-5,-6.7,-11,-14.5,0,0.0,-3702,-0.6,0,0.0,0,0.0,48,7.1
"19063","3","10","71","0","2017","4","",15,633,648,645,5961914,30799,30,714,"",2.63,1.63,1.67,1.68,1.83,0.20,0.06,1.10,"",0,0.0,-26,-3.9,7,1.1,3,0.5,-11295,-0.2,2846,10.2,2,7.1,4,0.6
"19063","5","10","71","0","2017","4","",305,3176,3149,3128,30794275,7677471,91607,752,"",0.94,0.96,0.95,0.95,0.95,1.03,1.01,1.00,"",-7,-2.2,-105,-3.2,-101,-3.1,-83,-2.6,278231,0.9,-443914,-5.5,7787,9.3,29,4.0
"19065","0","10","70","0","2017","4","",689,7211,7175,7241,67178401,15304258,293486,717,"",1.00,1.00,1.00,1.00,1.00,1.00,1.00,1.00,"",12,1.8,-63,-0.9,-73,-1.0,32,0.4,2218036,3.4,952827,6.6,9911,3.5,27,3.9
"19065","1","10","71","0","2017","4","",14,70,74,75,949568,0,0,1001,"",3.39,0.50,0.54,0.54,0.51,0.00,0.00,0.98,"",0,0.0,0,0.0,6,8.8,8,11.9,29903,3.3,0,0.0,0,0.0,-34,-3.3
"19065","2","10","71","0","2017","4","",13,67,61,67,916853,0,0,1085,"",2.69,0.29,0.27,0.29,0.42,0.00,0.00,1.48,"",2,18.2,0,0.0,2,3.4,6,9.8,40535,4.6,0,0.0,0,0.0,4,0.4
"19065","3","10","71","0","2017","4","",32,1055,1079,1083,9120452,115939,598,654,"",2.73,1.48,1.51,1.51,1.58,0.38,0.39,1.05,"",0,0.0,-24,-2.2,-2,-0.2,-3,-0.3,202942,2.3,5444,4.9,-70,-10.5,20,3.2
"19065","5","10","71","0","2017","4","",630,6019,5961,6016,56191528,15188319,292888,721,"",0.94,0.98,0.98,0.98,0.98,1.03,1.00,1.00,"",10,1.6,-39,-0.6,-79,-1.3,21,0.4,1944656,3.6,947383,6.7,9981,3.5,29,4.2
"19067","0","10","70","0","2017","4","",512,6213,6158,6271,65041665,14982954,160788,805,"",1.00,1.00,1.00,1.00,1.00,1.00,1.00,1.00,"",9,1.8,323,5.5,268,4.6,366,6.2,4219464,6.9,2810058,23.1,28139,21.2,11,1.4
"19067","1","10","71","0","2017","4","",8,39,40,40,578841,0,0,1123,"",2.61,0.33,0.34,0.33,0.32,0.00,0.00,0.98,"",0,0.0,6,18.2,5,14.3,-3,-7.0,90335,18.5,0,0.0,0,0.0,107,10.5
"19067","2","10","71","0","2017","4","",10,39,39,39,514549,0,0,1015,"",2.79,0.20,0.20,0.20,0.24,0.00,0.00,1.24,"",1,11.1,0,0.0,0,0.0,0,0.0,8697,1.7,0,0.0,0,0.0,17,1.7
"19067","3","10","71","0","2017","4","",25,1000,986,983,10014168,1034204,1146,778,"",2.87,1.62,1.61,1.58,1.79,3.49,1.35,1.11,"",0,0.0,62,6.6,45,4.8,35,3.7,564072,6.0,68714,7.1,54,4.9,7,0.9
"19067","5","10","71","0","2017","4","",469,5135,5093,5209,53934107,13948750,159642,806,"",0.94,0.97,0.97,0.98,0.97,0.96,1.00,1.00,"",8,1.7,255,5.2,218,4.5,334,6.9,3556360,7.1,2741344,24.5,28085,21.3,11,1.4
"19069","0","10","70","0","2017","4","",388,3951,3935,3918,43512007,10205120,150454,851,"",1.00,1.00,1.00,1.00,1.00,1.00,1.00,1.00,"",-4,-1.0,16,0.4,18,0.5,38,1.0,2085117,5.0,388325,4.0,1258,0.8,36,4.4
"19069","1","10","71","0","2017","4","",8,40,41,43,500234,0,0,931,"",3.44,0.53,0.54,0.57,0.42,0.00,0.00,0.76,"",-1,-11.1,-5,-11.1,-3,-6.8,-1,-2.3,17922,3.7,0,0.0,0,0.0,94,11.2
"19069","2","10","71","0","2017","4","",8,22,21,21,237702,0,0,857,"",2.94,0.17,0.17,0.17,0.17,0.00,0.00,0.99,"",0,0.0,1,4.8,1,5.0,-1,-4.5,2655,1.1,0,0.0,0,0.0,-4,-0.5
"19069","3","10","71","0","2017","4","",25,701,707,721,6638830,197882,96,720,"",3.79,1.79,1.81,1.86,1.77,0.98,0.12,0.98,"",0,0.0,-19,-2.6,-20,-2.8,-15,-2.0,16347,0.2,-14834,-7.0,-71,-42.5,20,2.9
"19069","5","10","71","0","2017","4","",347,3188,3166,3133,36135241,10007238,150358,879,"",0.92,0.95,0.95,0.94,0.97,1.01,1.01,1.03,"",-3,-0.9,39,1.2,40,1.3,55,1.8,2048193,6.0,403159,4.2,1329,0.9,38,4.5
"19071","0","10","70","0","2017","4","",267,2436,2434,2418,21853911,6644865,102502,692,"",1.00,1.00,1.00,1.00,1.00,1.00,1.00,1.00,"",-9,-3.3,-53,-2.1,-4,-0.2,11,0.5,840155,4.0,373518,6.0,-663,-0.6,31,4.7
"19071","1","10","71","0","2017","4","",10,26,26,26,300919,0,0,890,"",6.24,0.55,0.56,0.56,0.50,0.00,0.00,0.90,"",0,0.0,1,4.0,-4,-13.3,-2,-7.1,17682,6.2,0,0.0,0,0.0,103,13.1
"19071","2","10","71","0","2017","4","",6,19,17,18,209979,0,0,897,"",3.21,0.24,0.22,0.23,0.29,0.00,0.00,1.27,"",0,0.0,-4,-17.4,-6,-26.1,-4,-18.2,-39490,-15.8,0,0.0,0,0.0,50,5.9
"19071","3","10","71","0","2017","4","",19,425,421,424,3212319,150377,404,584,"",4.19,1.76,1.74,1.77,1.71,1.14,0.75,0.97,"",0,0.0,-2,-0.5,-3,-0.7,-14,-3.2,72587,2.3,28391,23.3,-50,-11.0,22,3.9
"19071","5","10","71","0","2017","4","",232,1966,1970,1950,18130694,6494488,102098,711,"",0.90,0.95,0.95,0.95,0.97,1.01,1.00,1.02,"",-9,-3.7,-48,-2.4,9,0.5,31,1.6,789376,4.6,345127,5.6,-613,-0.6,32,4.7
"19073","0","10","70","0","2017","4","",334,3402,3401,3426,36571570,7682792,126973,825,"",1.00,1.00,1.00,1.00,1.00,1.00,1.00,1.00,"",4,1.2,-102,-2.9,-68,-2.0,-71,-2.0,1648689,4.7,-8045,-0.1,-7385,-5.5,55,7.1
"19073","1","10","71","0","2017","4","",9,33,37,34,398513,0,0,884,"",4.49,0.50,0.57,0.52,0.40,0.00,0.00,0.75,"",0,0.0,-2,-5.7,-2,-5.1,-6,-15.0,-11399,-2.8,0,0.0,0,0.0,54,6.5
"19073","2","10","71","0","2017","4","",9,29,28,28,445213,0,0,1209,"",3.85,0.27,0.26,0.26,0.37,0.00,0.00,1.44,"",0,0.0,-3,-9.4,-4,-12.5,-3,-9.7,-43402,-8.9,0,0.0,0,0.0,22,1.9
"19073","3","10","71","0","2017","4","",22,709,711,724,6887559,182772,282,741,"",3.88,2.10,2.11,2.14,2.19,1.20,0.42,1.04,"",-1,-4.3,-50,-6.6,-50,-6.6,-78,-9.7,-252552,-3.5,26111,16.7,29,11.5,31,4.4
"19073","5","10","71","0","2017","4","",294,2631,2625,2640,28840285,7500020,126691,843,"",0.91,0.91,0.91,0.91,0.92,1.01,1.00,1.02,"",5,1.7,-47,-1.8,-12,-0.5,16,0.6,1956042,7.3,-34156,-0.5,-7414,-5.5,62,7.9
"19075","0","10","70","0","2017","4","",365,4074,4098,3957,47916722,8659866,203073,912,"",1.00,1.00,1.00,1.00,1.00,1.00,1.00,1.00,"",-6,-1.6,-24,-0.6,36,0.9,83,2.1,3899094,8.9,704079,8.8,27906,15.9,68,8.1
"19075","1","10","71","0","2017","4","",10,30,31,31,374476,0,0,939,"",4.57,0.38,0.40,0.41,0.28,0.00,0.00,0.72,"",0,0.0,-2,-6.2,-2,-6.1,1,3.3,-12297,-3.2,0,0.0,0,0.0,-1,-0.1
"19075","2","10","71","0","2017","4","",6,12,11,14,133001,0,0,830,"",2.35,0.09,0.08,0.11,0.09,0.00,0.00,0.89,"",0,0.0,0,0.0,-1,-8.3,-1,-6.7,-7324,-5.2,0,0.0,0,0.0,0,0.0
"19075","3","10","71","0","2017","4","",24,695,709,698,5958739,917,1,654,"",3.87,1.72,1.74,1.78,1.45,0.01,0.00,0.83,"",0,0.0,-13,-1.8,6,0.9,0,0.0,180357,3.1,-2037,-69.0,-2,-66.7,22,3.5
"19075","5","10","71","0","2017","4","",325,3337,3347,3214,41450506,8658949,203072,966,"",0.92,0.96,0.96,0.96,1.01,1.03,1.01,1.05,"",-6,-1.8,-9,-0.3,33,1.0,83,2.7,3738358,9.9,706116,8.9,27908,15.9,77,8.7
"19077","0","10","70","0","2017","4","",380,3082,3018,3048,31483717,5932918,99409,794,"",1.00,1.00,1.00,1.00,1.00,1.00,1.00,1.00,"",6,1.6,-9,-0.3,-43,-1.4,-10,-0.3,-241717,-0.8,269618,4.8,2802,2.9,-1,-0.1
"19077","1","10","71","0","2017","4","",13,59,57,57,669424,0,0,893,"",5.70,0.99,0.99,0.97,0.77,0.00,0.00,0.79,"",0,0.0,3,5.4,-2,-3.4,-2,-3.4,19049,2.9,0,0.0,0,0.0,30,3.5
"19077","2","10","71","0","2017","4","",11,21,21,21,297864,0,0,1091,"",4.13,0.21,0.22,0.22,0.29,0.00,0.00,1.35,"",1,10.0,-5,-19.2,-2,-8.7,-2,-8.7,-2062,-0.7,0,0.0,0,0.0,130,13.5
"19077","3","10","71","0","2017","4","",30,849,837,837,7808361,176686,249,714,"",4.64,2.78,2.79,2.77,2.88,1.50,0.48,1.04,"",0,0.0,38,4.7,20,2.4,2,0.2,142187,1.9,13801,8.5,-17,-6.4,-4,-0.6
"19077","5","10","71","0","2017","4","",326,2153,2103,2133,22708068,5756232,99160,820,"",0.88,0.82,0.82,0.82,0.84,1.00,1.00,1.03,"",5,1.6,-45,-2.0,-59,-2.7,-8,-0.4,-400891,-1.7,255817,4.7,2819,2.9,0,0.0
"19079","0","10","70","0","2017","4","",499,5918,5956,5869,61568085,15061820,211866,801,"",1.00,1.00,1.00,1.00,1.00,1.00,1.00,1.00,"",1,0.2,27,0.5,31,0.5,-10,-0.2,2957135,5.0,1202827,8.7,7864,3.9,37,4.8
"19079","1","10","71","0","2017","4","",12,38,39,41,513147,0,0,1004,"",4.01,0.33,0.34,0.36,0.30,0.00,0.00,0.88,"",0,0.0,-2,-5.0,-1,-2.5,2,5.1,-6696,-1.3,0,0.0,0,0.0,-4,-0.4
"19079","2","10","71","0","2017","4","",9,40,40,44,521300,508,1,970,"",2.57,0.21,0.21,0.24,0.26,0.00,0.00,1.19,"",0,0.0,-1,-2.4,-1,-2.4,0,0.0,11520,2.3,12,2.4,1,100.0,36,3.9
"19079","3","10","71","0","2017","4","",31,1157,1171,1175,11707172,205751,538,771,"",3.66,1.97,1.98,2.02,2.21,0.69,0.48,1.11,"",0,0.0,11,1.0,17,1.5,10,0.9,360676,3.2,53862,35.5,-349,-39.3,15,2.0
"19079","5","10","71","0","2017","4","",447,4683,4706,4609,48826466,14855561,211327,805,"",0.92,0.93,0.93,0.92,0.93,1.02,1.00,1.00,"",1,0.2,19,0.4,16,0.3,-22,-0.5,2591635,5.6,1148953,8.4,8212,4.0,42,5.5
"19081","0","10","70","0","2017","4","",377,6696,6689,6693,77136074,17664946,198384,887,"",1.00,1.00,1.00,1.00,1.00,1.00,1.00,1.00,"",-3,-0.8,-231,-3.3,-157,-2.3,-106,-1.6,-1428727,-1.8,-466757,-2.6,-2926,-1.5,6,0.7
"19081","1","10","71","0","2017","4","",10,40,42,37,498248,0,0,966,"",4.42,0.31,0.33,0.29,0.23,0.00,0.00,0.76,"",0,0.0,1,2.6,1,2.4,-4,-9.8,-18288,-3.5,0,0.0,0,0.0,-19,-1.9
"19081","2","10","71","0","2017","4","",8,31,31,31,443730,0,0,1101,"",3.03,0.14,0.14,0.15,0.18,0.00,0.00,1.22,"",0,0.0,2,6.9,3,10.7,-1,-3.1,47544,12.0,0,0.0,0,0.0,74,7.2
"19081","3","10","71","0","2017","4","",27,645,647,647,5754901,1534498,14620,685,"",4.21,0.97,0.97,0.98,0.87,4.39,14.00,0.89,"",1,3.8,80,14.2,91,16.4,103,18.9,537319,10.3,482323,45.8,14502,12289.8,-38,-5.3
"19081","5","10","71","0","2017","4","",332,5980,5969,5978,70439195,16130448,183764,907,"",0.91,1.05,1.05,1.05,1.07,0.94,0.93,1.02,"",-4,-1.2,-314,-5.0,-252,-4.1,-204,-3.3,-1995302,-2.8,-949080,-5.6,-17428,-8.7,13,1.5
"19083","0","10","70","0","2017","4","",700,7230,7137,7074,77273368,16738605,244277,832,"",1.00,1.00,1.00,1.00,1.00,1.00,1.00,1.00,"",12,1.7,87,1.2,7,0.1,-32,-0.5,5741568,8.0,1622873,10.7,11031,4.7,60,7.8
"19083","1","10","71","0","2017","4","",17,72,72,70,919185,0,0,991,"",4.05,0.52,0.53,0.51,0.43,0.00,0.00,0.83,"",0,0.0,-6,-7.7,-4,-5.3,-11,-13.6,1972,0.2,0,0.0,0,0.0,90,10.0
"19083","2","10","71","0","2017","4","N",10,0,0,0,0,0,0,0,"N",2.04,0,0,0,0,0,0,0,"N",1,11.1,0,0,0,0,0,0,0,0,0,0,0,0,0,0
"19083","3","10","71","0","2017","4","N",42,0,0,0,0,0,0,0,"N",3.53,0,0,0,0,0,0,0,"N",0,0.0,0,0,0,0,0,0,0,0,0,0,0,0,0,0
"19083","5","10","71","0","2017","4","",631,5418,5331,5252,60753275,16599794,243994,876,"",0.93,0.88,0.88,0.87,0.92,1.03,1.01,1.05,"",11,1.8,107,2.0,40,0.8,18,0.3,5292083,9.5,1613254,10.8,10898,4.7,68,8.4
"19085","0","10","70","0","2017","4","",447,4150,4090,4093,42689760,9685704,98391,799,"",1.00,1.00,1.00,1.00,1.00,1.00,1.00,1.00,"",-10,-2.2,-90,-2.1,-165,-3.9,-75,-1.8,749310,1.8,-367151,-3.7,2961,3.1,35,4.6
"19085","1","10","71","0","2017","4","",11,69,64,67,893372,0,0,1031,"",4.10,0.86,0.82,0.85,0.76,0.00,0.00,0.90,"",0,0.0,0,0.0,-11,-14.7,-8,-10.7,15360,1.7,0,0.0,0,0.0,106,11.5
"19085","2","10","71","0","2017","4","",7,38,36,36,458182,0,0,961,"",2.23,0.29,0.27,0.28,0.33,0.00,0.00,1.18,"",0,0.0,0,0.0,0,0.0,-3,-7.7,-11507,-2.4,0,0.0,0,0.0,2,0.2
"19085","3","10","71","0","2017","4","",32,816,806,836,6807184,264690,303,639,"",4.21,1.98,1.98,2.06,1.85,1.38,0.59,0.92,"",0,0.0,26,3.3,10,1.3,18,2.2,155383,2.3,-41788,-13.6,-146,-32.5,0,0.0
"19085","5","10","71","0","2017","4","",397,3227,3184,3154,34531022,9421014,98088,833,"",0.92,0.92,0.92,0.91,0.95,1.01,1.00,1.04,"",-10,-2.5,-116,-3.5,-164,-4.9,-82,-2.5,590074,1.7,-325363,-3.3,3107,3.3,44,5.6
"19087","0","10","70","0","2017","4","",629,9643,9494,9471,99342894,30589739,412811,801,"",1.00,1.00,1.00,1.00,1.00,1.00,1.00,1.00,"",-7,-1.1,136,1.4,-23,-0.2,49,0.5,4212003,4.4,1721477,6.0,17047,4.3,29,3.8
"19087","1","10","71","0","2017","4","",13,59,62,56,815760,0,0,1064,"",3.45,0.32,0.34,0.31,0.30,0.00,0.00,0.93,"",0,0.0,-11,-15.7,-5,-7.5,-8,-12.5,-12499,-1.5,0,0.0,0,0.0,113,11.9
"19087","2","10","71","0","2017","4","",16,293,292,294,4341961,0,0,1140,"",3.63,0.95,0.96,0.97,1.34,0.00,0.00,1.40,"",2,14.3,-23,-7.3,-27,-8.5,-26,-8.1,-281750,-6.1,0,0.0,0,0.0,23,2.1
"19087","3","10","71","0","2017","4","",31,1272,1259,1302,11602252,500,1,699,"",2.90,1.33,1.34,1.39,1.36,0.00,0.00,1.01,"",-1,-3.1,-2,-0.2,3,0.2,8,0.6,-968880,-7.7,-3100,-86.1,-3,-75.0,-60,-7.9
"19087","5","10","71","0","2017","4","",569,8019,7881,7819,82582921,30589239,412810,803,"",0.93,0.98,0.98,0.97,0.97,1.03,1.01,1.00,"",-8,-1.4,172,2.2,6,0.1,75,1.0,5475132,7.1,1724577,6.0,17050,4.3,45,5.9
"19089","0","10","70","0","2017","4","",345,4029,4035,4090,38820406,8784527,138552,737,"",1.00,1.00,1.00,1.00,1.00,1.00,1.00,1.00,"",3,0.9,-42,-1.0,0,0.0,67,1.7,2340251,6.4,498590,6.0,15831,12.9,43,6.2
"19089","1","10","71","0","2017","4","",6,27,27,25,327704,0,0,957,"",2.90,0.35,0.35,0.32,0.31,0.00,0.00,0.91,"",0,0.0,-2,-6.9,-1,-3.6,-7,-21.9,-378,-0.1,0,0.0,0,0.0,106,12.5
"19089","2","10","71","0","2017","4","",7,7,7,6,88025,0,0,1016,"",2.90,0.05,0.05,0.05,0.07,0.00,0.00,1.35,"",0,0.0,-1,-12.5,-1,-12.5,-2,-25.0,-11448,-11.5,0,0.0,0,0.0,60,6.3
"19089","3","10","71","0","2017","4","",20,712,710,726,6034715,5434,28,648,"",3.41,1.78,1.77,1.79,1.81,0.03,0.04,1.01,"",0,0.0,21,3.0,8,1.1,19,2.7,122565,2.1,1407,34.9,19,211.1,-2,-0.3
"19089","5","10","71","0","2017","4","",312,3283,3291,3333,32369962,8779093,138524,754,"",0.93,0.96,0.96,0.96,0.98,1.03,1.01,1.02,"",3,1.0,-60,-1.8,-6,-0.2,57,1.7,2229512,7.4,497183,6.0,15812,12.9,53,7.6
"19091","0","10","70","0","2017","4","",365,4017,3984,3968,42986589,8885039,112872,829,"",1.00,1.00,1.00,1.00,1.00,1.00,1.00,1.00,"",-15,-3.9,-103,-2.5,-103,-2.5,-96,-2.4,-836946,-1.9,-517205,-5.5,-12310,-9.8,5,0.6
"19091","1","10","71","0","2017","4","",12,44,45,41,550723,0,0,978,"",5.48,0.57,0.59,0.54,0.47,0.00,0.00,0.82,"",-2,-14.3,-2,-4.3,-2,-4.3,-9,-18.0,-16128,-2.8,0,0.0,0,0.0,63,6.9
"19091","2","10","71","0","2017","4","",6,7,7,7,95758,0,0,1052,"",2.35,0.05,0.05,0.06,0.07,0.00,0.00,1.24,"",1,20.0,-1,-12.5,-1,-12.5,-1,-12.5,-9222,-8.8,0,0.0,0,0.0,43,4.3
"19091","3","10","71","0","2017","4","",26,753,748,753,6727154,72150,82,689,"",4.19,1.89,1.89,1.92,1.82,0.41,0.14,0.96,"",3,13.0,71,10.4,60,8.7,48,6.8,770462,12.9,11806,19.6,26,46.4,27,4.1
"19091","5","10","71","0","2017","4","",321,3213,3184,3167,35612954,8812889,112790,859,"",0.91,0.94,0.94,0.94,0.97,1.03,1.01,1.03,"",-17,-5.0,-171,-5.1,-160,-4.8,-134,-4.1,-1582058,-4.3,-529011,-5.7,-12336,-9.9,3,0.4
"19093","0","10","70","0","2017","4","",298,3809,3767,3762,42349680,9186771,108564,862,"",1.00,1.00,1.00,1.00,1.00,1.00,1.00,1.00,"",-2,-0.7,109,2.9,109,3.0,71,1.9,1691580,4.2,900519,10.9,22983,26.9,13,1.5
"19093","1","10","71","0","2017","4","",8,27,27,29,328289,0,0,913,"",4.48,0.37,0.37,0.40,0.28,0.00,0.00,0.74,"",0,0.0,-2,-6.9,-2,-6.9,-2,-6.5,-13597,-4.0,0,0.0,0,0.0,27,3.0
"19093","2","10","71","0","2017","4","",4,11,11,11,146940,0,0,1028,"",1.92,0.09,0.09,0.09,0.11,0.00,0.00,1.17,"",0,0.0,0,0.0,0,0.0,-1,-8.3,4210,2.9,0,0.0,0,0.0,59,6.1
"19093","3","10","71","0","2017","4","",14,382,376,378,2816438,40617,122,572,"",2.76,1.01,1.01,1.02,0.77,0.22,0.21,0.76,"",0,0.0,-2,-0.5,3,0.8,-6,-1.6,-5646,-0.2,8832,27.8,-100,-45.0,1,0.2
"19093","5","10","71","0","2017","4","",272,3389,3353,3344,39058013,9146154,108442,894,"",0.94,1.05,1.05,1.05,1.08,1.03,1.01,1.03,"",-2,-0.7,113,3.4,108,3.3,80,2.5,1706613,4.6,891687,10.8,23083,27.0,13,1.5
"19095","0","10","70","0","2017","4","",716,10765,10552,10300,108335220,23114097,498659,791,"",1.00,1.00,1.00,1.00,1.00,1.00,1.00,1.00,"",-8,-1.1,572,5.6,507,5.0,193,1.9,6186973,6.1,2057511,9.8,1332,0.3,14,1.8
"19095","1","10","71","0","2017","4","",14,57,57,54,622320,0,0,855,"",3.26,0.28,0.28,0.27,0.21,0.00,0.00,0.76,"",0,0.0,7,14.0,6,11.8,-2,-3.6,17909,3.0,0,0.0,0,0.0,-33,-3.7
"19095","2","10","71","0","2017","4","",7,26,26,29,324956,0,0,926,"",1.40,0.08,0.08,0.09,0.09,0.00,0.00,1.15,"",0,0.0,0,0.0,0,0.0,0,0.0,12462,4.0,0,0.0,0,0.0,36,4.0
"19095","3","10","71","0","2017","4","",29,989,1005,1004,9511710,45705,1881,732,"",2.38,0.93,0.96,0.98,1.02,0.10,0.72,1.07,"",0,0.0,-11,-1.1,15,1.5,20,2.0,125968,1.3,13831,43.4,1529,434.4,4,0.5
"19095","5","10","71","0","2017","4","",666,9693,9464,9213,97876234,23068392,496778,796,"",0.96,1.06,1.06,1.05,1.06,1.03,1.00,1.00,"",-8,-1.2,576,6.3,486,5.4,175,1.9,6030634,6.6,2043680,9.7,-197,0.0,15,1.9
"19097","0","10","70","0","2017","4","",684,6290,6265,6265,55907461,17147114,308816,686,"",1.00,1.00,1.00,1.00,1.00,1.00,1.00,1.00,"",3,0.4,-23,-0.4,-28,-0.4,17,0.3,383013,0.7,950618,5.9,34517,12.6,6,0.9
"19097","1","10","71","0","2017","4","",14,79,76,75,948175,0,0,951,"",3.41,0.65,0.63,0.62,0.62,0.00,0.00,0.97,"",0,0.0,4,5.3,0,0.0,-4,-5.1,7506,0.8,0,0.0,0,0.0,7,0.7
"19097","2","10","71","0","2017","4","",13,34,33,40,422326,0,0,911,"",2.71,0.17,0.16,0.20,0.23,0.00,0.00,1.30,"",0,0.0,1,3.0,-9,-21.4,-2,-4.8,16041,3.9,0,0.0,0,0.0,110,13.7
"19097","3","10","71","0","2017","4","",37,963,977,991,8195912,238876,629,645,"",3.18,1.55,1.57,1.60,1.70,0.70,0.39,1.08,"",0,0.0,-25,-2.5,-25,-2.5,-23,-2.3,-355378,-4.2,62879,35.7,233,58.8,-12,-1.8
"19097","5","10","71","0","2017","4","",620,5214,5179,5159,46341048,16908238,308187,688,"",0.93,0.98,0.97,0.97,0.97,1.02,1.00,1.00,"",3,0.5,-3,-0.1,6,0.1,46,0.9,714844,1.6,887739,5.5,34284,12.5,9,1.3
"19099","0","10","70","0","2017","4","",921,11597,11543,11512,115229581,26440207,455148,767,"",1.00,1.00,1.00,1.00,1.00,1.00,1.00,1.00,"",7,0.8,-74,-0.6,-162,-1.4,14,0.1,1171651,1.0,-1618101,-5.8,-230009,-33.6,12,1.6
"19099","1","10","71","0","2017","4","",15,90,88,90,1289794,0,0,1111,"",2.72,0.40,0.40,0.41,0.41,0.00,0.00,1.01,"",1,7.1,-3,-3.2,-8,-8.3,-3,-3.2,-39737,-3.0,0,0.0,0,0.0,23,2.1
"19099","2","10","71","0","2017","4","",16,305,303,308,4266563,389,0,1075,"",2.48,0.82,0.82,0.84,1.13,0.00,0.00,1.37,"",3,23.1,-19,-5.9,-25,-7.6,-17,-5.2,-221388,-4.9,11,2.9,0,0.0,15,1.4
"19099","3","10","71","0","2017","4","",45,1645,1683,1674,16256963,28308,42,750,"",2.87,1.43,1.47,1.47,1.64,0.05,0.02,1.13,"",-2,-4.3,-255,-13.4,-233,-12.2,-235,-12.3,-2767375,-14.5,4591,19.4,-46,-52.3,-17,-2.2
"19099","5","10","71","0","2017","4","",845,9557,9469,9440,93416261,26411510,455106,757,"",0.95,0.97,0.97,0.96,0.95,1.03,1.01,0.98,"",5,0.6,203,2.2,104,1.1,269,2.9,4200151,4.7,-1622703,-5.8,-229963,-33.6,19,2.6
"19101","0","10","70","0","2017","4","",793,7591,7609,7680,78764395,20927658,346577,794,"",1.00,1.00,1.00,1.00,1.00,1.00,1.00,1.00,"",-14,-1.7,-188,-2.4,-140,-1.8,-110,-1.4,-1214509,-1.5,-198052,-0.9,-97386,-21.9,2,0.3
"19101","1","10","71","0","2017","4","",9,62,58,60,859876,0,0,1102,"",1.89,0.42,0.40,0.41,0.40,0.00,0.00,0.97,"",0,0.0,2,3.3,-5,-7.9,-3,-4.8,-26051,-2.9,0,0.0,0,0.0,3,0.3
"19101","2","10","71","0","2017","4","",14,67,70,69,1063082,0,0,1191,"",2.52,0.27,0.29,0.28,0.41,0.00,0.00,1.47,"",1,7.7,-9,-11.8,-5,-6.7,-5,-6.8,-54150,-4.8,0,0.0,0,0.0,45,3.9
"19101","3","10","71","0","2017","4","",20,1066,1074,1077,10850178,60708,146,778,"",1.48,1.42,1.42,1.42,1.60,0.15,0.08,1.13,"",0,0.0,31,3.0,31,3.0,23,2.2,196011,1.8,9581,18.7,51,53.7,-7,-0.9
"19101","5","10","71","0","2017","4","",750,6396,6407,6474,65991259,20866950,346431,790,"",0.98,0.99,0.99,0.99,0.98,1.03,1.01,0.99,"",-15,-2.0,-212,-3.2,-161,-2.5,-125,-1.9,-1330319,-2.0,-207633,-1.0,-97437,-22.0,4,0.5
"19103","0","10","70","0","2017","4","",4245,85887,86034,85491,1081596913,162830113,2020783,970,"",1.00,1.00,1.00,1.00,1.00,1.00,1.00,1.00,"",97,2.3,1066,1.3,874,1.0,1084,1.3,33763244,3.2,2746943,1.7,7254,0.4,19,2.0
"19103","1","10","71","0","2017","4","",20,2073,2108,2111,40635868,0,0,1490,"",0.79,1.25,1.28,1.28,1.37,0.00,0.00,1.07,"",-1,-4.8,27,1.3,50,2.4,42,2.0,2975657,7.9,0,0.0,0,0.0,82,5.8
"19103","2","10","71","0","2017","4","N",31,0,0,0,0,0,0,0,"N",1.04,0,0,0,0,0,0,0,"N",0,0.0,0,0,0,0,0,0,0,0,0,0,0,0,0,0
"19103","3","10","71","0","2017","4","N",61,0,0,0,0,0,0,0,"N",0.85,0,0,0,0,0,0,0,"N",1,1.7,0,0,0,0,0,0,0,0,0,0,0,0,0,0
"19103","5","10","71","0","2017","4","",4133,57116,57061,56808,579090309,161549135,2017913,782,"",1.00,0.78,0.78,0.78,0.63,1.03,1.01,0.80,"",97,2.4,413,0.7,310,0.5,352,0.6,13525259,2.4,2531670,1.6,6360,0.3,14,1.8
"19105","0","10","70","0","2017","4","",639,6348,6404,6394,60758463,14022087,257634,732,"",1.00,1.00,1.00,1.00,1.00,1.00,1.00,1.00,"",2,0.3,31,0.5,30,0.5,-83,-1.3,524964,0.9,329562,2.4,13116,5.4,7,1.0
"19105","1","10","71","0","2017","4","",10,46,50,47,631555,0,0,1019,"",2.61,0.38,0.41,0.38,0.38,0.00,0.00,0.97,"",0,0.0,-3,-6.1,2,4.2,-8,-14.5,42271,7.2,0,0.0,0,0.0,124,13.9
"19105","2","10","71","0","2017","4","",14,343,341,350,4692131,0,0,1047,"",3.13,1.68,1.66,1.72,2.37,0.00,0.00,1.40,"",0,0.0,-28,-7.5,-30,-8.1,-28,-7.4,-255350,-5.2,0,0.0,0,0.0,28,2.7
"19105","3","10","71","0","2017","4","",30,968,974,960,7714352,93914,147,613,"",2.76,1.54,1.53,1.52,1.48,0.34,0.11,0.97,"",-1,-3.2,-5,-0.5,-11,-1.1,-14,-1.4,-682,0.0,-21318,-18.5,-322,-68.7,6,1.0
"19105","5","10","71","0","2017","4","",585,4991,5039,5037,47720425,13928173,257487,731,"",0.94,0.93,0.93,0.93,0.92,1.03,1.01,0.99,"",3,0.5,67,1.4,69,1.4,-33,-0.7,738725,1.6,350880,2.6,13438,5.5,6,0.8
"19107","0","10","70","0","2017","4","",307,2198,2223,2172,20251414,4876673,79109,709,"",1.00,1.00,1.00,1.00,1.00,1.00,1.00,1.00,"",-7,-2.2,-25,-1.1,0,0.0,-80,-3.6,57759,0.3,-301790,-5.8,-5409,-6.4,13,1.9
"19107","1","10","71","0","2017","4","",12,39,40,39,468815,0,0,917,"",6.52,0.92,0.94,0.93,0.84,0.00,0.00,0.90,"",0,0.0,-5,-11.4,-3,-7.0,-6,-13.3,-29859,-6.0,0,0.0,0,0.0,45,5.2
"19107","2","10","71","0","2017","4","",8,18,19,20,213113,0,0,863,"",3.72,0.26,0.27,0.29,0.32,0.00,0.00,1.19,"",0,0.0,1,5.9,1,5.6,0,0.0,2762,1.3,0,0.0,0,0.0,-20,-2.3
"19107","3","10","71","0","2017","4","",26,527,519,523,4402171,14934,87,647,"",4.98,2.42,2.35,2.43,2.53,0.15,0.21,1.05,"",0,0.0,-10,-1.9,-3,-0.6,-26,-4.7,48898,1.1,-209109,-93.3,-275,-76.0,22,3.5
"19107","5","10","71","0","2017","4","",261,1614,1645,1590,15167315,4861739,79022,722,"",0.88,0.86,0.87,0.86,0.88,1.03,1.01,1.01,"",-7,-2.6,-11,-0.7,5,0.3,-48,-2.9,35958,0.2,-92681,-1.9,-5134,-6.1,10,1.4
"19109","0","10","70","0","2017","4","",628,6989,6955,6920,76953153,14774385,175505,851,"",1.00,1.00,1.00,1.00,1.00,1.00,1.00,1.00,"",4,0.6,8,0.1,-73,-1.0,-196,-2.8,1445962,1.9,56168,0.4,-544,-0.3,26,3.2
"19109","1","10","71","0","2017","4","",16,57,56,58,769547,0,0,1039,"",4.25,0.42,0.42,0.44,0.36,0.00,0.00,0.85,"",0,0.0,-3,-5.0,-7,-11.1,-8,-12.1,-6589,-0.8,0,0.0,0,0.0,91,9.6
"19109","2","10","71","0","2017","4","",14,66,68,68,623711,4081,4,713,"",3.18,0.29,0.31,0.31,0.25,0.02,0.02,0.82,"",1,7.7,-4,-5.7,-1,-1.4,-7,-9.3,-20203,-3.1,2403,143.2,-8,-66.7,19,2.7
"19109","3","10","71","0","2017","4","",30,1046,1001,1034,10129639,72569,83,759,"",2.81,1.51,1.45,1.51,1.53,0.25,0.09,1.03,"",0,0.0,30,3.0,-15,-1.5,-23,-2.2,-50924,-0.5,10047,16.1,-44,-34.6,-2,-0.3
"19109","5","10","71","0","2017","4","",568,5820,5830,5760,65430256,14697735,175418,867,"",0.93,0.98,0.99,0.98,1.00,1.03,1.01,1.01,"",3,0.5,-15,-0.3,-50,-0.9,-158,-2.7,1523678,2.4,43718,0.3,-492,-0.3,31,3.7
"19111","0","10","70","0","2017","4","",1091,15485,15468,15458,171076752,36478721,850886,851,"",1.00,1.00,1.00,1.00,1.00,1.00,1.00,1.00,"",-36,-3.2,-1248,-7.5,-1220,-7.3,-995,-6.0,-27770175,-14.0,-5814096,-13.7,-398116,-31.9,-69,-7.5
"19111","1","10","71","0","2017","4","",14,93,90,92,1236925,0,0,1038,"",2.14,0.31,0.30,0.31,0.26,0.00,0.00,0.85,"",0,0.0,-6,-6.1,-3,-3.2,-6,-6.1,13567,1.1,0,0.0,0,0.0,65,6.7
"19111","2","10","71","0","2017","4","",20,440,434,437,6114715,427,0,1076,"",2.62,0.89,0.88,0.89,1.09,0.00,0.00,1.24,"",1,5.3,-35,-7.4,-44,-9.2,-36,-7.6,-373629,-5.8,-49,-10.3,0,0.0,26,2.5
"19111","3","10","71","0","2017","4","",41,1521,1558,1549,16424107,174949,710,819,"",2.21,0.99,1.01,1.01,1.12,0.24,0.16,1.11,"",0,0.0,2,0.1,15,1.0,15,1.0,244172,1.5,-25660,-12.8,-2082,-74.6,7,0.9
"19111","5","10","71","0","2017","4","",1016,13431,13386,13380,147301005,36303345,850176,846,"",0.96,1.02,1.02,1.02,1.01,1.03,1.01,0.99,"",-37,-3.5,-1209,-8.3,-1188,-8.2,-968,-6.7,-27654285,-15.8,-5788387,-13.8,-396034,-31.8,-81,-8.7
"19113","0","10","70","0","2017","4","",6834,129833,130358,131051,1899758979,284086960,5053605,1121,"",1.00,1.00,1.00,1.00,1.00,1.00,1.00,1.00,"",116,1.7,-769,-0.6,-41,0.0,782,0.6,109702232,6.1,3357340,1.2,-360789,-6.7,65,6.2
"19113","1","10","71","0","2017","4","",40,1048,1054,1069,19270418,0,0,1402,"",0.98,0.42,0.42,0.42,0.37,0.00,0.00,0.87,"",0,0.0,4,0.4,17,1.6,18,1.7,787463,4.3,0,0.0,0,0.0,40,2.9
"19113","2","10","71","0","2017","4","",33,507,507,507,7131252,12620,13,1082,"",0.69,0.12,0.12,0.12,0.11,0.00,0.00,0.95,"",0,0.0,-30,-5.6,-30,-5.6,-38,-7.0,-307039,-4.1,-281,-2.2,0,0.0,22,2.1
"19113","3","10","71","0","2017","4","",115,12375,12480,12608,147226695,1645308,2674,907,"",0.99,0.96,0.96,0.97,0.90,0.29,0.10,0.93,"",0,0.0,137,1.1,146,1.2,158,1.3,1933317,1.3,362097,28.2,-1483,-35.7,1,0.1
"19113","5","10","71","0","2017","4","",6646,115903,116317,116867,1726130614,282429032,5050918,1141,"",1.00,1.05,1.05,1.05,1.06,1.03,1.01,1.01,"",116,1.8,-880,-0.8,-174,-0.1,644,0.6,107288491,6.6,2995524,1.1,-359306,-6.6,72,6.7
"19115","0","10","70","0","2017","4","",265,3875,3875,3855,40531657,10633908,153100,806,"",1.00,1.00,1.00,1.00,1.00,1.00,1.00,1.00,"",-1,-0.4,97,2.6,74,1.9,48,1.3,1852241,4.8,583691,5.8,-3146,-2.0,22,2.8
"19115","1","10","71","0","2017","4","",11,61,58,62,867695,0,0,1106,"",6.92,0.82,0.78,0.83,0.78,0.00,0.00,0.96,"",0,0.0,4,7.0,2,3.6,1,1.6,58729,7.3,0,0.0,0,0.0,33,3.1
"19115","2","10","71","0","2017","4","",5,13,13,13,162921,0,0,964,"",2.69,0.10,0.10,0.11,0.12,0.00,0.00,1.17,"",0,0.0,-1,-7.1,-1,-7.1,-3,-18.8,-8349,-4.9,0,0.0,0,0.0,66,7.3
"19115","3","10","71","0","2017","4","",23,646,648,672,5704276,22939,40,670,"",5.11,1.68,1.68,1.76,1.64,0.11,0.05,0.96,"",0,0.0,-11,-1.7,-20,-3.0,-2,-0.3,-33056,-0.6,2159,10.4,0,0.0,8,1.2
"19115","5","10","71","0","2017","4","",226,3155,3156,3108,33796765,10610969,153060,828,"",0.88,0.96,0.96,0.95,0.98,1.03,1.01,1.02,"",-1,-0.4,105,3.4,93,3.0,52,1.7,1834917,5.7,581532,5.8,-3146,-2.0,24,3.0
"19117","0","10","70","0","2017","4","",235,3385,3361,3403,33939180,9605894,63108,772,"",1.00,1.00,1.00,1.00,1.00,1.00,1.00,1.00,"",3,1.3,-20,-0.6,-54,-1.6,-46,-1.3,-221997,-0.6,222070,2.4,5216,9.0,4,0.5
"19117","1","10","71","0","2017","4","",7,39,35,36,434456,0,0,911,"",4.97,0.60,0.54,0.55,0.47,0.00,0.00,0.83,"",0,0.0,0,0.0,3,9.4,-2,-5.3,34350,8.6,0,0.0,0,0.0,64,7.6
"19117","2","10","71","0","2017","4","",12,48,49,47,654584,0,0,1049,"",7.29,0.44,0.46,0.43,0.59,0.00,0.00,1.33,"",0,0.0,-3,-5.9,-2,-3.9,-4,-7.8,-29737,-4.3,-495,-100.0,-1,-100.0,17,1.6
"19117","3","10","71","0","2017","4","",17,560,552,558,5703117,19993,86,788,"",4.26,1.67,1.65,1.66,1.95,0.11,0.26,1.18,"",0,0.0,-8,-1.4,-14,-2.5,-6,-1.1,-92826,-1.6,2387,13.6,2,2.4,0,0.0
"19117","5","10","71","0","2017","4","",199,2738,2725,2762,27147023,9585901,63022,762,"",0.87,0.95,0.95,0.95,0.94,1.03,1.01,0.98,"",3,1.5,-9,-0.3,-41,-1.5,-34,-1.2,-133784,-0.5,220178,2.4,5215,9.0,4,0.5
"19119","0","10","70","0","2017","4","",505,4639,4584,4605,51625718,11478152,84973,862,"",1.00,1.00,1.00,1.00,1.00,1.00,1.00,1.00,"",9,1.8,35,0.8,33,0.7,22,0.5,2555543,5.2,731870,6.8,-468,-0.5,38,4.6
"19119","1","10","71","0","2017","4","",10,42,39,37,470740,0,0,921,"",3.30,0.47,0.44,0.42,0.33,0.00,0.00,0.75,"",0,0.0,3,7.7,1,2.6,-5,-11.9,33261,7.6,0,0.0,0,0.0,73,8.6
"19119","2","10","71","0","2017","4","",9,23,23,23,319404,0,0,1068,"",2.54,0.15,0.16,0.16,0.19,0.00,0.00,1.21,"",0,0.0,4,21.1,4,21.1,4,21.1,67416,26.8,0,0.0,0,0.0,48,4.7
"19119","3","10","71","0","2017","4","",18,641,633,633,5289139,47175,68,640,"",2.10,1.39,1.39,1.39,1.19,0.21,0.15,0.86,"",0,0.0,-5,-0.8,-15,-2.3,-12,-1.9,642,0.0,216,0.5,-1,-1.4,11,1.7
"19119","5","10","71","0","2017","4","",468,3933,3889,3912,45546435,11430977,84905,896,"",0.96,1.00,1.00,1.00,1.03,1.03,1.01,1.03,"",9,2.0,33,0.8,43,1.1,35,0.9,2454224,5.7,731654,6.8,-467,-0.5,40,4.7
"19121","0","10","70","0","2017","4","",488,3934,3926,3926,38097832,9162777,164801,746,"",1.00,1.00,1.00,1.00,1.00,1.00,1.00,1.00,"",8,1.7,29,0.7,34,0.9,29,0.7,896248,2.4,-254765,-2.7,-29161,-15.0,12,1.6
"19121","1","10","71","0","2017","4","",8,35,40,38,510534,0,0,1043,"",2.73,0.46,0.53,0.50,0.49,0.00,0.00,0.98,"",0,0.0,-3,-7.9,2,5.3,-2,-5.0,34966,7.4,0,0.0,0,0.0,97,10.3
"19121","2","10","71","0","2017","4","",6,11,11,11,145129,1680,10,1015,"",1.75,0.09,0.09,0.09,0.12,0.01,0.05,1.33,"",1,20.0,0,0.0,0,0.0,0,0.0,20803,16.7,-2829,-62.7,-22,-68.8,146,16.8
"19121","3","10","71","0","2017","4","",27,947,961,968,9707933,0,0,779,"",3.26,2.43,2.46,2.49,2.96,0.00,0.00,1.20,"",-1,-3.6,14,1.5,5,0.5,3,0.3,412903,4.4,0,0.0,0,0.0,27,3.6
"19121","5","10","71","0","2017","4","",447,2941,2914,2909,27734236,9161097,164791,730,"",0.94,0.88,0.87,0.87,0.85,1.03,1.01,0.97,"",8,1.8,18,0.6,27,0.9,28,1.0,427576,1.6,-251936,-2.7,-29139,-15.0,5,0.7
"19123","0","10","70","0","2017","4","",630,7912,7959,7939,84408298,18099330,252710,818,"",1.00,1.00,1.00,1.00,1.00,1.00,1.00,1.00,"",6,1.0,-193,-2.4,-182,-2.2,-80,-1.0,-918229,-1.1,-546528,-2.9,-168818,-40.0,7,0.9
"19123","1","10","71","0","2017","4","",11,55,58,56,706599,0,0,965,"",2.91,0.36,0.38,0.37,0.30,0.00,0.00,0.82,"",-1,-8.3,-3,-5.2,0,0.0,-5,-8.2,15970,2.3,0,0.0,0,0.0,65,7.2
"19123","2","10","71","0","2017","4","",11,45,43,47,597142,0,0,1021,"",2.49,0.18,0.17,0.19,0.22,0.00,0.00,1.22,"",1,10.0,-3,-6.2,-5,-10.4,-6,-11.3,-19704,-3.2,0,0.0,0,0.0,66,6.9
"19123","3","10","71","0","2017","4","",27,1328,1355,1352,15847633,115167,132,906,"",2.52,1.69,1.71,1.72,2.18,0.32,0.10,1.28,"",0,0.0,-40,-2.9,-50,-3.6,-41,-2.9,-93261,-0.6,2677,2.4,9,7.3,23,2.6
"19123","5","10","71","0","2017","4","",581,6484,6503,6484,67256924,17984163,252578,797,"",0.95,0.96,0.96,0.96,0.93,1.03,1.01,0.97,"",6,1.0,-147,-2.2,-127,-1.9,-28,-0.4,-821234,-1.2,-549205,-3.0,-168827,-40.1,2,0.3
"19125","0","10","70","0","2017","4","",988,17180,17141,17104,229207116,31325115,426847,1029,"",1.00,1.00,1.00,1.00,1.00,1.00,1.00,1.00,"",-9,-0.9,252,1.5,295,1.8,289,1.7,24579649,12.0,3414145,12.2,-49756,-10.4,96,10.3
"19125","1","10","71","0","2017","4","",15,123,125,127,1947964,0,0,1199,"",2.53,0.37,0.38,0.39,0.31,0.00,0.00,0.81,"",0,0.0,-5,-3.9,0,0.0,-3,-2.3,-12661,-0.6,0,0.0,0,0.0,18,1.5
"19125","2","10","71","0","2017","4","",13,38,37,36,451289,0,0,938,"",1.88,0.07,0.07,0.07,0.06,0.00,0.00,0.89,"",2,18.2,-1,-2.6,0,0.0,-1,-2.7,815,0.2,0,0.0,0,0.0,18,2.0
"19125","3","10","71","0","2017","4","",34,1707,1700,1743,15012279,52045,312,673,"",2.02,1.00,1.00,1.03,0.76,0.08,0.14,0.75,"",0,0.0,33,2.0,-3,-0.2,6,0.3,464733,3.2,21344,69.5,97,45.1,17,2.6
"19125","5","10","71","0","2017","4","",926,15312,15279,15198,211795584,31273070,426535,1067,"",0.97,1.05,1.05,1.05,1.08,1.03,1.01,1.03,"",-11,-1.2,225,1.5,298,2.0,287,1.9,24126762,12.9,3392801,12.2,-49853,-10.5,104,10.8
"19127","0","10","70","0","2017","4","",1022,17264,17040,16967,200495394,44397720,843734,902,"",1.00,1.00,1.00,1.00,1.00,1.00,1.00,1.00,"",-9,-0.9,-806,-4.5,-830,-4.6,-498,-2.9,-11137436,-5.3,-6200049,-12.3,-481365,-36.3,-12,-1.3
"19127","1","10","71","0","2017","4","",18,119,115,112,1677342,0,0,1119,"",2.94,0.36,0.35,0.34,0.30,0.00,0.00,0.87,"",0,0.0,10,9.2,7,6.5,-1,-0.9,31516,1.9,0,0.0,0,0.0,-32,-2.8
"19127","2","10","71","0","2017","4","",29,1035,1027,1033,11831626,5202,5,882,"",4.05,1.87,1.88,1.91,1.81,0.01,0.00,0.96,"",0,0.0,-26,-2.5,-31,-2.9,-18,-1.7,-350651,-2.9,769,17.3,1,25.0,-5,-0.6
"19127","3","10","71","0","2017","4","",46,2181,2212,2214,22199314,324109,451,775,"",2.65,1.27,1.31,1.32,1.29,0.37,0.10,0.99,"",0,0.0,11,0.5,6,0.3,19,0.9,899197,4.2,21552,7.1,-76,-14.4,27,3.6
"19127","5","10","71","0","2017","4","",929,13929,13686,13608,164787112,44068409,843278,922,"",0.94,0.95,0.95,0.94,0.96,1.03,1.01,1.02,"",-9,-1.0,-801,-5.4,-812,-5.6,-498,-3.5,-11717498,-6.6,-6222370,-12.4,-481290,-36.3,-18,-1.9
"19129","0","10","70","0","2017","4","",402,3676,3691,3686,39227474,6082979,100847,819,"",1.00,1.00,1.00,1.00,1.00,1.00,1.00,1.00,"",12,3.1,-391,-9.6,-320,-8.0,-378,-9.3,-5426748,-12.2,-946019,-13.5,-5944,-5.6,-30,-3.5
"19129","1","10","71","0","2017","4","",9,37,37,39,403939,0,0,825,"",3.73,0.52,0.52,0.55,0.37,0.00,0.00,0.70,"",0,0.0,0,0.0,1,2.8,-1,-2.5,12871,3.3,0,0.0,0,0.0,26,3.3
"19129","2","10","71","0","2017","4","N",13,0,0,0,0,0,0,0,"N",4.62,0,0,0,0,0,0,0,"N",2,18.2,0,0,0,0,0,0,0,0,0,0,0,0,0,0
"19129","3","10","71","0","2017","4","N",21,0,0,0,0,0,0,0,"N",3.07,0,0,0,0,0,0,0,"N",0,0.0,0,0,0,0,0,0,0,0,0,0,0,0,0,0
"19129","5","10","71","0","2017","4","",359,2137,2141,2111,22341801,5875116,100273,807,"",0.92,0.68,0.68,0.67,0.67,1.00,1.00,0.98,"",10,2.9,-331,-13.4,-274,-11.3,-311,-12.8,-5156623,-18.8,-1005375,-14.6,-6439,-6.0,-62,-7.1
"19131","0","10","70","0","2017","4","",384,3915,3890,3844,41956391,9983133,179455,831,"",1.00,1.00,1.00,1.00,1.00,1.00,1.00,1.00,"",-2,-0.5,-3,-0.1,6,0.2,4,0.1,1505406,3.7,-5452,-0.1,37516,26.4,29,3.6
"19131","1","10","71","0","2017","4","",7,33,33,33,398183,0,0,928,"",3.04,0.44,0.44,0.45,0.35,0.00,0.00,0.78,"",0,0.0,-6,-15.4,-1,-2.9,-3,-8.3,9481,2.4,0,0.0,0,0.0,105,12.8
"19131","2","10","71","0","2017","4","",7,13,13,13,169058,0,0,1000,"",2.60,0.10,0.10,0.11,0.12,0.00,0.00,1.18,"",0,0.0,0,0.0,0,0.0,-2,-13.3,1249,0.7,0,0.0,0,0.0,55,5.8
"19131","3","10","71","0","2017","4","",24,679,670,676,6485117,396668,521,739,"",3.68,1.75,1.73,1.78,1.80,2.01,0.55,1.03,"",-1,-4.0,-31,-4.4,-34,-4.8,-29,-4.1,-159928,-2.4,-612944,-60.7,-766,-59.5,15,2.1
"19131","5","10","71","0","2017","4","",346,3190,3174,3122,34904033,9586465,178934,849,"",0.93,0.96,0.96,0.96,0.97,0.99,1.00,1.02,"",-1,-0.3,34,1.1,41,1.3,38,1.2,1654604,5.0,607492,6.8,38282,27.2,30,3.7
"19133","0","10","70","0","2017","4","",299,2651,2603,2621,23828451,5929075,82471,698,"",1.00,1.00,1.00,1.00,1.00,1.00,1.00,1.00,"",-5,-1.6,-112,-4.1,-126,-4.6,-72,-2.7,-905239,-3.7,-172471,-2.8,-10908,-11.7,1,0.1
"19133","1","10","71","0","2017","4","",11,42,41,41,460530,0,0,857,"",6.13,0.82,0.82,0.81,0.70,0.00,0.00,0.86,"",0,0.0,5,13.5,0,0.0,0,0.0,31088,7.2,0,0.0,0,0.0,24,2.9
"19133","2","10","71","0","2017","4","",10,27,28,28,355865,0,0,989,"",4.77,0.32,0.34,0.34,0.46,0.00,0.00,1.39,"",0,0.0,-2,-6.9,-1,-3.4,-3,-9.7,-18424,-4.9,0,0.0,0,0.0,19,2.0
"19133","3","10","71","0","2017","4","",21,502,508,510,3842897,46716,234,583,"",4.13,1.91,1.97,1.97,1.88,0.40,0.54,0.96,"",0,0.0,13,2.7,18,3.7,21,4.3,-148902,-3.7,13338,40.0,23,10.9,-45,-7.2
"19133","5","10","71","0","2017","4","",257,2080,2026,2042,19169159,5882359,82237,720,"",0.89,0.92,0.92,0.92,0.94,1.03,1.00,1.03,"",-5,-1.9,-128,-5.8,-143,-6.6,-90,-4.2,-769001,-3.9,-185809,-3.1,-10931,-11.7,13,1.8
"19135","0","10","70","0","2017","4","",244,3342,3320,3354,39901515,7444769,138796,919,"",1.00,1.00,1.00,1.00,1.00,1.00,1.00,1.00,"",-2,-0.8,-81,-2.4,-90,-2.6,-106,-3.1,1297032,3.4,-281188,-3.6,-8306,-5.6,53,6.1
"19135","1","10","71","0","2017","4","",7,37,37,35,431587,0,0,914,"",4.78,0.58,0.58,0.54,0.39,0.00,0.00,0.70,"",0,0.0,-5,-11.9,-4,-9.8,-6,-14.6,-6098,-1.4,0,0.0,0,0.0,99,12.1
"19135","2","10","71","0","2017","4","",7,16,16,19,185664,0,0,840,"",4.09,0.15,0.15,0.18,0.14,0.00,0.00,0.90,"",0,0.0,0,0.0,-1,-5.9,0,0.0,-6440,-3.4,0,0.0,0,0.0,-13,-1.5
"19135","3","10","71","0","2017","4","",19,522,516,521,5633276,671123,710,834,"",4.58,1.58,1.57,1.57,1.64,4.55,0.97,1.05,"",0,0.0,-22,-4.0,-16,-3.0,-21,-3.9,-35005,-0.6,53995,8.7,48,7.3,26,3.2
"19135","5","10","71","0","2017","4","",211,2767,2751,2779,33650988,6773646,138086,936,"",0.89,0.97,0.98,0.97,0.99,0.94,1.00,1.01,"",-2,-0.9,-54,-1.9,-69,-2.4,-79,-2.8,1344575,4.2,-335183,-4.7,-8354,-5.7,59,6.7
"19137","0","10","70","0","2017","4","",386,4044,4031,4042,41520032,8997256,147594,791,"",1.00,1.00,1.00,1.00,1.00,1.00,1.00,1.00,"",-11,-2.8,-29,-0.7,-84,-2.0,-111,-2.7,1223456,3.0,660412,7.9,24473,19.9,37,4.9
"19137","1","10","71","0","2017","4","",7,38,40,35,426422,0,0,871,"",3.02,0.49,0.52,0.45,0.37,0.00,0.00,0.77,"",0,0.0,0,0.0,1,2.6,-7,-16.7,6178,1.5,0,0.0,0,0.0,56,6.9
"19137","2","10","71","0","2017","4","",12,32,29,29,412521,0,0,1058,"",4.44,0.25,0.22,0.22,0.30,0.00,0.00,1.31,"",1,9.1,-5,-13.5,-3,-9.4,-3,-9.4,-12407,-2.9,0,0.0,0,0.0,87,9.0
"19137","3","10","71","0","2017","4","",24,887,885,874,9798800,176172,176,855,"",3.66,2.21,2.21,2.18,2.74,0.99,0.23,1.25,"",0,0.0,7,0.8,20,2.3,1,0.1,409620,4.4,56066,46.7,56,46.7,27,3.3
"19137","5","10","71","0","2017","4","",343,3087,3077,3104,30882289,8821084,147418,769,"",0.92,0.90,0.90,0.90,0.87,1.01,1.01,0.97,"",-12,-3.4,-31,-1.0,-102,-3.2,-102,-3.2,820065,2.7,604346,7.4,24417,19.9,39,5.3
"19139","0","10","70","0","2017","4","",1186,23534,23583,23357,304947819,55543741,840393,999,"",1.00,1.00,1.00,1.00,1.00,1.00,1.00,1.00,"",-17,-1.4,-523,-2.2,-522,-2.2,-374,-1.6,5583380,1.9,-4453526,-7.4,-375408,-30.9,38,4.0
"19139","1","10","71","0","2017","4","",14,82,82,84,1168792,0,0,1088,"",1.97,0.18,0.18,0.19,0.14,0.00,0.00,0.76,"",0,0.0,-5,-5.7,0,0.0,-3,-3.4,74804,6.8,0,0.0,0,0.0,102,10.3
"19139","2","10","71","0","2017","4","",18,77,76,81,997524,0,0,984,"",2.17,0.10,0.10,0.11,0.10,0.00,0.00,0.97,"",2,12.5,-3,-3.8,-3,-3.8,-5,-5.8,-44864,-4.3,0,0.0,0,0.0,2,0.2
"19139","3","10","71","0","2017","4","",42,2485,2460,2433,26724518,567789,1758,836,"",2.08,1.07,1.05,1.05,1.02,0.52,0.40,0.96,"",-1,-2.3,-92,-3.6,-60,-2.4,-61,-2.4,119378,0.4,17583,3.2,-513,-22.6,27,3.3
"19139","5","10","71","0","2017","4","",1112,20890,20965,20759,276056985,54975952,838635,1017,"",0.97,1.04,1.05,1.05,1.06,1.02,1.00,1.01,"",-18,-1.6,-423,-2.0,-459,-2.1,-305,-1.4,5434062,2.0,-4471109,-7.5,-374895,-30.9,38,3.9
"19141","0","10","70","0","2017","4","",586,6359,6384,6381,61210970,13251726,111757,739,"",1.00,1.00,1.00,1.00,1.00,1.00,1.00,1.00,"",-6,-1.0,-260,-3.9,-144,-2.2,-128,-2.0,-3290937,-5.1,-174774,-1.3,-45562,-29.0,-18,-2.4
"19141","1","10","71","0","2017","4","",9,46,46,45,570349,0,0,961,"",2.56,0.38,0.38,0.37,0.34,0.00,0.00,0.91,"",0,0.0,5,12.2,3,7.0,-2,-4.3,15905,2.9,0,0.0,0,0.0,-16,-1.6
"19141","2","10","71","0","2017","4","",9,27,28,28,342877,0,0,953,"",2.19,0.13,0.14,0.14,0.17,0.00,0.00,1.26,"",0,0.0,-1,-3.6,0,0.0,0,0.0,-13599,-3.8,0,0.0,0,0.0,-26,-2.7
"19141","3","10","71","0","2017","4","",30,1035,1051,1020,8386288,83016,156,623,"",3.01,1.64,1.66,1.62,1.59,0.32,0.27,0.97,"",0,0.0,-21,-2.0,18,1.7,-37,-3.5,105881,1.3,6462,8.4,-7,-4.3,16,2.6
"19141","5","10","71","0","2017","4","",538,5251,5259,5288,51911456,13168710,111601,758,"",0.95,0.97,0.97,0.98,0.99,1.03,1.01,1.02,"",-6,-1.1,-243,-4.4,-165,-3.0,-89,-1.7,-3399124,-6.1,-181236,-1.4,-45555,-29.0,-25,-3.2
"19143","0","10","70","0","2017","4","",257,2402,2436,2451,25570819,5988674,74522,810,"",1.00,1.00,1.00,1.00,1.00,1.00,1.00,1.00,"",2,0.8,-51,-2.1,-34,-1.4,-30,-1.2,859148,3.5,-362396,-5.7,13991,23.1,40,5.2
"19143","1","10","71","0","2017","4","",8,24,22,22,268287,0,0,910,"",5.19,0.52,0.47,0.47,0.38,0.00,0.00,0.79,"",0,0.0,-3,-11.1,-4,-15.4,-8,-26.7,-56526,-17.4,0,0.0,0,0.0,7,0.8
"19143","2","10","71","0","2017","4","",4,17,17,17,209251,0,0,947,"",2.22,0.22,0.22,0.22,0.25,0.00,0.00,1.15,"N",0,0.0,0,0,0,0,0,0,0,0,0,0,0,0,0,0
"19143","3","10","71","0","2017","4","",13,255,267,279,2034805,60344,61,586,"",2.98,1.07,1.10,1.15,0.93,0.51,0.16,0.83,"N",-1,-7.1,0,0,0,0,0,0,0,0,0,0,0,0,0,0
"19143","5","10","71","0","2017","4","",232,2106,2130,2133,23058476,5928330,74461,835,"",0.93,1.03,1.03,1.02,1.06,1.02,1.01,1.03,"",3,1.3,-28,-1.3,-21,-1.0,-9,-0.4,904040,4.1,-363872,-5.8,14016,23.2,40,5.0
"19145","0","10","70","0","2017","4","",493,6084,6128,6145,62594099,12533537,202929,787,"",1.00,1.00,1.00,1.00,1.00,1.00,1.00,1.00,"",8,1.6,-56,-0.9,25,0.4,79,1.3,765471,1.2,1003488,8.7,25821,14.6,8,1.0
"19145","1","10","71","0","2017","4","",13,72,71,70,961211,0,0,1041,"",4.40,0.61,0.61,0.59,0.56,0.00,0.00,0.92,"",0,0.0,3,4.3,0,0.0,-5,-6.7,10630,1.1,0,0.0,0,0.0,21,2.1
"19145","2","10","71","0","2017","4","N",17,0,0,0,0,0,0,0,"N",4.92,0,0,0,0,0,0,0,"N",2,13.3,0,0,0,0,0,0,0,0,0,0,0,0,0,0
"19145","3","10","71","0","2017","4","N",27,0,0,0,0,0,0,0,"N",3.22,0,0,0,0,0,0,0,"N",0,0.0,0,0,0,0,0,0,0,0,0,0,0,0,0,0
"19145","5","10","71","0","2017","4","",436,4754,4799,4812,48287227,12520139,202928,776,"",0.91,0.92,0.92,0.92,0.90,1.03,1.01,0.98,"",6,1.4,-43,-0.9,53,1.1,107,2.3,954996,2.0,1003672,8.7,25821,14.6,9,1.2
"19147","0","10","70","0","2017","4","",353,3896,3884,3837,36651031,10272702,112154,728,"",1.00,1.00,1.00,1.00,1.00,1.00,1.00,1.00,"",-7,-1.9,-33,-0.8,-30,-0.8,-30,-0.8,327210,0.9,-95705,-0.9,13870,14.1,12,1.7
"19147","1","10","71","0","2017","4","",10,36,36,37,452156,0,0,957,"",4.72,0.48,0.48,0.50,0.45,0.00,0.00,0.92,"",0,0.0,-2,-5.3,-5,-12.2,-4,-9.8,-4244,-0.9,0,0.0,0,0.0,79,9.0
"19147","2","10","71","0","2017","4","",8,15,15,15,191573,0,0,982,"",3.23,0.12,0.12,0.12,0.16,0.00,0.00,1.32,"",0,0.0,-1,-6.2,-1,-6.2,-3,-16.7,-16698,-8.0,0,0.0,0,0.0,21,2.2
"19147","3","10","71","0","2017","4","",25,952,942,954,8134627,1045135,682,659,"",4.17,2.47,2.44,2.51,2.58,5.14,1.16,1.04,"",0,0.0,-6,-0.6,-23,-2.4,-27,-2.8,102381,1.3,54570,5.5,-104,-13.2,21,3.3
"19147","5","10","71","0","2017","4","",310,2893,2891,2831,27872675,9227567,111472,747,"",0.91,0.87,0.88,0.87,0.89,0.93,1.00,1.02,"",-7,-2.2,-24,-0.8,-1,0.0,4,0.1,245771,0.9,-150275,-1.6,13974,14.3,9,1.2
"19149","0","10","70","0","2017","4","",827,11364,11378,11378,128520557,25552245,456462,869,"",1.00,1.00,1.00,1.00,1.00,1.00,1.00,1.00,"",-16,-1.9,110,1.0,177,1.6,120,1.1,-7240084,-5.3,-3194553,-11.1,-216139,-32.1,-60,-6.5
"19149","1","10","71","0","2017","4","",13,79,77,73,1172365,0,0,1181,"",2.62,0.36,0.35,0.33,0.33,0.00,0.00,0.95,"",0,0.0,-4,-4.8,-5,-6.1,-10,-12.0,-91600,-7.2,0,0.0,0,0.0,5,0.4
"19149","2","10","71","0","2017","4","",9,31,31,31,437127,0,0,1085,"",1.55,0.08,0.09,0.09,0.10,0.00,0.00,1.22,"",0,0.0,-1,-3.1,-1,-3.1,-2,-6.1,-29448,-6.3,0,0.0,0,0.0,-25,-2.3
"19149","3","10","71","0","2017","4","",31,1458,1477,1465,15271556,362575,761,801,"",2.21,1.29,1.31,1.30,1.38,0.72,0.32,1.06,"",-1,-3.1,24,1.7,25,1.7,27,1.9,541206,3.7,-68794,-15.9,290,61.6,15,1.9
"19149","5","10","71","0","2017","4","",774,9796,9793,9809,111639509,25189670,455701,876,"",0.96,1.01,1.01,1.01,1.02,1.02,1.00,1.00,"",-15,-1.9,91,0.9,158,1.6,105,1.1,-7660242,-6.4,-3125759,-11.0,-216429,-32.2,-72,-7.6
"19151","0","10","70","0","2017","4","",287,3308,3278,3164,42335445,17600468,926279,1002,"",1.00,1.00,1.00,1.00,1.00,1.00,1.00,1.00,"",-6,-2.0,198,6.4,345,11.8,324,11.4,9887476,30.5,9260501,111.0,719862,348.7,159,18.9
"19151","1","10","71","0","2017","4","",11,31,31,31,360699,0,0,895,"",6.39,0.49,0.49,0.51,0.31,0.00,0.00,0.62,"",0,0.0,0,0.0,-4,-11.4,-3,-8.8,-24507,-6.4,0,0.0,0,0.0,6,0.7
"19151","2","10","71","0","2017","4","",7,14,14,14,174000,0,0,956,"",3.48,0.13,0.13,0.14,0.13,0.00,0.00,0.94,"",0,0.0,0,0.0,0,0.0,0,0.0,3274,1.9,0,0.0,0,0.0,18,1.9
"19151","3","10","71","0","2017","4","",25,559,547,564,5116068,464295,457,707,"",5.12,1.71,1.68,1.80,1.41,1.33,0.09,0.81,"",0,0.0,15,2.8,7,1.3,7,1.3,316860,6.6,93119,25.1,40,9.6,32,4.7
"19151","5","10","71","0","2017","4","",244,2704,2686,2555,36684678,17136173,925822,1066,"",0.88,0.96,0.96,0.95,1.01,1.01,1.01,1.06,"",-6,-2.4,183,7.3,342,14.6,320,14.3,9591849,35.4,9167382,115.0,719822,349.4,185,21.0
"19153","0","10","70","0","2017","4","",17509,300895,301766,300834,4375438536,690303288,11148042,1118,"",1.00,1.00,1.00,1.00,1.00,1.00,1.00,1.00,"",276,1.6,1605,0.5,3509,1.2,3622,1.2,156803989,3.7,14400926,2.1,-502087,-4.3,30,2.8
"19153","1","10","71","0","2017","4","",106,6039,5983,6075,111072294,0,0,1416,"",1.01,1.04,1.04,1.05,0.92,0.00,0.00,0.89,"",2,1.9,81,1.4,27,0.5,37,0.6,4415849,4.1,0,0.0,0,0.0,45,3.3
"19153","2","10","71","0","2017","4","",250,6981,7029,6976,111081409,220623,222,1221,"",2.04,0.72,0.73,0.73,0.78,0.03,0.02,1.07,"",6,2.5,-274,-3.8,-273,-3.7,-313,-4.3,-2395802,-2.1,-6141,-2.7,-6,-2.6,22,1.8
"19153","3","10","71","0","2017","4","",213,23077,23363,23369,291750005,1658155,7681,964,"",0.72,0.77,0.78,0.78,0.78,0.12,0.13,0.99,"",2,0.9,542,2.4,681,3.0,751,3.3,11902516,4.3,-64528,-3.7,963,14.3,12,1.3
"19153","5","10","71","0","2017","4","",16940,264798,265391,264414,3861534828,688424510,11140139,1121,"",1.00,1.04,1.04,1.03,1.03,1.03,1.01,1.00,"",266,1.6,1256,0.5,3074,1.2,3147,1.2,142881426,3.8,14471595,2.1,-503044,-4.3,31,2.8
"19155","0","10","70","0","2017","4","",2556,39050,39351,38972,418458656,112316418,2042675,823,"",1.00,1.00,1.00,1.00,1.00,1.00,1.00,1.00,"",-6,-0.2,421,1.1,563,1.5,594,1.5,24723540,6.3,15064197,15.5,465512,29.5,38,4.8
"19155","1","10","71","0","2017","4","",21,204,206,210,3182472,0,0,1185,"",1.37,0.27,0.27,0.28,0.28,0.00,0.00,1.01,"",-1,-4.5,-5,-2.4,1,0.5,0,0.0,121142,4.0,0,0.0,0,0.0,53,4.7
"19155","2","10","71","0","2017","4","",49,618,617,620,8003663,7397,7,996,"",2.74,0.49,0.49,0.50,0.59,0.01,0.00,1.19,"",0,0.0,-21,-3.3,-31,-4.8,-36,-5.5,-28006,-0.3,-6182,-45.5,-34,-82.9,42,4.4
"19155","3","10","71","0","2017","4","",66,4683,4731,4565,54598499,245897,1087,901,"",1.52,1.21,1.21,1.18,1.52,0.11,0.10,1.26,"",1,1.5,101,2.2,116,2.5,-35,-0.8,2375066,4.5,-13315,-5.1,-260,-19.3,28,3.2
"19155","5","10","71","0","2017","4","",2420,33545,33797,33577,352674022,112063124,2041581,806,"",0.98,1.01,1.01,1.01,0.99,1.03,1.01,0.97,"",-6,-0.2,346,1.0,477,1.4,665,2.0,22255338,6.7,15083694,15.6,465806,29.6,39,5.1
"19157","0","10","70","0","2017","4","",646,10616,10584,10432,116054565,25077234,487808,847,"",1.00,1.00,1.00,1.00,1.00,1.00,1.00,1.00,"",5,0.8,438,4.3,391,3.8,456,4.6,6864310,6.3,2554286,11.3,31318,6.9,17,2.0
"19157","1","10","71","0","2017","4","",8,59,59,57,707057,0,0,932,"",2.06,0.29,0.29,0.28,0.22,0.00,0.00,0.77,"",0,0.0,-5,-7.8,-4,-6.3,-7,-10.9,-44436,-5.9,0,0.0,0,0.0,24,2.6
"19157","2","10","71","0","2017","4","",9,24,24,31,311950,0,0,911,"",1.99,0.07,0.07,0.09,0.08,0.00,0.00,1.05,"",1,12.5,-1,-4.0,-1,-4.0,-1,-3.1,-23715,-7.1,0,0.0,0,0.0,-34,-3.6
"19157","3","10","71","0","2017","4","",27,833,827,833,7449114,34038,133,690,"",2.46,0.79,0.79,0.81,0.75,0.07,0.05,0.94,"",-2,-6.9,-4,-0.5,-11,-1.3,-10,-1.2,-44614,-0.6,5520,19.4,-18,-11.9,3,0.4
"19157","5","10","71","0","2017","4","",602,9700,9674,9511,107586444,25043196,487675,860,"",0.96,1.08,1.08,1.07,1.09,1.03,1.01,1.01,"",6,1.0,448,4.8,407,4.4,474,5.2,6977075,6.9,2548766,11.3,31336,6.9,17,2.0
"19159","0","10","70","0","2017","4","",183,1425,1401,1400,12642748,3611718,52993,690,"",1.00,1.00,1.00,1.00,1.00,1.00,1.00,1.00,"",-1,-0.5,-9,-0.6,-14,-1.0,-20,-1.4,207785,1.7,94303,2.7,4286,8.8,18,2.7
"19159","1","10","71","0","2017","4","",9,31,29,30,328381,0,0,842,"",8.20,1.13,1.08,1.11,0.94,0.00,0.00,0.85,"",0,0.0,4,14.8,1,3.6,-1,-3.2,42827,15.0,0,0.0,0,0.0,76,9.9
"19159","2","10","71","0","2017","4","",8,18,18,18,194408,0,0,831,"",6.24,0.39,0.40,0.40,0.47,0.00,0.00,1.18,"",0,0.0,-1,-5.3,1,5.9,-1,-5.3,-16382,-7.8,0,0.0,0,0.0,-53,-6.0
"19159","3","10","71","0","2017","4","",11,418,419,413,3896643,260002,353,719,"",3.54,2.96,3.01,2.98,3.58,3.64,1.27,1.20,"",0,0.0,9,2.2,9,2.2,3,0.7,32197,0.8,23581,10.0,69,24.3,-7,-1.0
"19159","5","10","71","0","2017","4","",155,958,935,939,8223316,3351716,52640,670,"",0.87,0.79,0.79,0.79,0.76,0.96,1.00,0.97,"",-1,-0.6,-21,-2.1,-25,-2.6,-21,-2.2,149143,1.8,70722,2.2,4217,8.7,27,4.2
"19161","0","10","70","0","2017","4","",384,3028,3036,2992,28810387,6520511,115200,734,"",1.00,1.00,1.00,1.00,1.00,1.00,1.00,1.00,"",-8,-2.0,-58,-1.9,-48,-1.6,-12,-0.4,540569,1.9,-389063,-5.6,10047,9.6,23,3.2
"19161","1","10","71","0","2017","4","",13,41,41,42,479288,0,0,892,"",5.64,0.70,0.71,0.73,0.61,0.00,0.00,0.85,"",0,0.0,-2,-4.7,-1,-2.4,-5,-10.6,-21237,-4.2,0,0.0,0,0.0,17,1.9
"19161","2","10","71","0","2017","4","",8,24,23,24,306255,0,0,995,"",2.97,0.25,0.24,0.25,0.33,0.00,0.00,1.33,"",0,0.0,2,9.1,1,4.5,2,9.1,12697,4.3,0,0.0,0,0.0,-31,-3.0
"19161","3","10","71","0","2017","4","",23,566,584,554,4504283,466470,1755,610,"",3.52,1.89,1.94,1.87,1.82,3.61,2.89,0.96,"",0,0.0,1,0.2,-19,-3.2,0,0.0,-23102,-0.5,3918,0.8,-2133,-54.9,3,0.5
"19161","5","10","71","0","2017","4","",340,2397,2388,2372,23520561,6054041,113445,758,"",0.91,0.93,0.93,0.93,0.96,0.96,0.99,1.03,"",-8,-2.3,-59,-2.4,-29,-1.2,-9,-0.4,572211,2.5,-392981,-6.1,12180,12.0,28,3.8
"19163","0","10","70","0","2017","4","",5652,90514,91689,91503,1066875582,224117817,4321163,900,"",1.00,1.00,1.00,1.00,1.00,1.00,1.00,1.00,"",74,1.3,-757,-0.8,-252,-0.3,48,0.1,15009974,1.4,10835102,5.1,254893,6.3,16,1.8
"19163","1","10","71","0","2017","4","",33,595,597,597,10512325,0,0,1356,"",0.97,0.34,0.34,0.34,0.36,0.00,0.00,1.05,"",1,3.1,11,1.9,22,3.8,12,2.1,369895,3.6,0,0.0,0,0.0,14,1.0
"19163","2","10","71","0","2017","4","",35,410,410,408,5726579,18069,18,1076,"",0.88,0.14,0.14,0.14,0.16,0.01,0.00,1.17,"",1,2.9,-12,-2.8,-10,-2.4,-26,-6.0,-3356,-0.1,173,1.0,0,0.0,40,3.9
"19163","3","10","71","0","2017","4","",96,8413,8631,8336,89805638,88260,345,817,"",1.00,0.94,0.95,0.92,0.98,0.02,0.02,1.05,"",0,0.0,255,3.1,85,1.0,131,1.6,1612491,1.8,5569,6.7,19,5.8,0,0.0
"19163","5","10","71","0","2017","4","",5488,81096,82051,82162,960831040,224011488,4320800,904,"",1.00,1.05,1.05,1.06,1.05,1.03,1.01,1.00,"",72,1.3,-1011,-1.2,-349,-0.4,-69,-0.1,13030944,1.4,10829360,5.1,254874,6.3,18,2.0
"19165","0","10","70","0","2017","4","",448,5826,5835,5854,57552143,14971671,145410,758,"",1.00,1.00,1.00,1.00,1.00,1.00,1.00,1.00,"",3,0.7,16,0.3,-23,-0.4,8,0.1,1634245,2.9,1025411,7.4,-5729,-3.8,21,2.8
"19165","1","10","71","0","2017","4","",11,44,41,42,570235,0,0,1036,"",4.09,0.39,0.37,0.37,0.36,0.00,0.00,0.96,"",0,0.0,3,7.3,1,2.5,-2,-4.5,33133,6.2,0,0.0,0,0.0,44,4.4
"19165","2","10","71","0","2017","4","",8,12,11,11,164138,0,0,1114,"",2.55,0.06,0.06,0.06,0.09,0.00,0.00,1.44,"",1,14.3,0,0.0,1,10.0,0,0.0,18064,12.4,0,0.0,0,0.0,93,9.1
"19165","3","10","71","0","2017","4","",29,1031,1055,1066,10201341,18160,57,747,"",3.81,1.79,1.82,1.84,2.06,0.06,0.07,1.14,"",-1,-3.3,2,0.2,15,1.4,12,1.1,260085,2.6,-11654,-39.1,47,470.0,12,1.6
"19165","5","10","71","0","2017","4","",400,4739,4728,4735,46616429,14953511,145353,757,"",0.92,0.96,0.95,0.95,0.95,1.03,1.01,0.99,"",3,0.8,11,0.2,-40,-0.8,-2,0.0,1322963,2.9,1037065,7.5,-5776,-3.8,23,3.1
"19167","0","10","70","0","2017","4","",1458,20498,20486,20594,230300515,49339948,538827,863,"",1.00,1.00,1.00,1.00,1.00,1.00,1.00,1.00,"",29,2.0,-183,-0.9,-92,-0.4,133,0.7,4889583,2.2,1297596,2.7,-72653,-11.9,20,2.4
"19167","1","10","71","0","2017","4","",14,98,94,95,1448842,0,0,1165,"",1.60,0.25,0.24,0.24,0.23,0.00,0.00,0.94,"",0,0.0,-2,-2.0,-2,-2.1,-8,-7.8,-9452,-0.6,0,0.0,0,0.0,39,3.5
"19167","2","10","71","0","2017","4","",10,41,41,41,552823,0,0,1037,"",0.98,0.06,0.06,0.06,0.07,0.00,0.00,1.18,"",2,25.0,2,5.1,2,5.1,3,7.9,27918,5.3,0,0.0,0,0.0,-7,-0.7
"19167","3","10","71","0","2017","4","",40,2218,2223,2294,20759169,372703,659,711,"",1.61,1.09,1.09,1.13,1.05,0.38,0.23,0.95,"",0,0.0,42,1.9,47,2.2,90,4.1,808798,4.1,32641,9.6,-800,-54.8,9,1.3
"19167","5","10","71","0","2017","4","",1394,18141,18128,18164,207539681,48967245,538168,880,"",0.99,1.04,1.04,1.04,1.06,1.03,1.01,1.01,"",27,2.0,-225,-1.2,-139,-0.8,48,0.3,4062319,2.0,1264955,2.7,-71853,-11.8,22,2.6
"19169","0","10","70","0","2017","4","",2615,46836,46780,46196,589412661,86984645,1044635,973,"",1.00,1.00,1.00,1.00,1.00,1.00,1.00,1.00,"",81,3.2,947,2.1,704,1.5,1157,2.6,35818113,6.5,7300449,9.2,31412,3.1,41,4.4
"19169","1","10","71","0","2017","4","",25,922,925,932,15080441,0,0,1252,"",1.59,1.02,1.03,1.05,0.93,0.00,0.00,0.90,"",0,0.0,-25,-2.6,-14,-1.5,-17,-1.8,123771,0.8,0,0.0,0,0.0,35,2.9
"19169","2","10","71","0","2017","4","N",29,0,0,0,0,0,0,0,"N",1.58,0,0,0,0,0,0,0,"N",2,7.4,0,0,0,0,0,0,0,0,0,0,0,0,0,0
"19169","3","10","71","0","2017","4","N",57,0,0,0,0,0,0,0,"N",1.28,0,0,0,0,0,0,0,"N",0,0.0,0,0,0,0,0,0,0,0,0,0,0,0,0,0
"19169","5","10","71","0","2017","4","",2504,32828,32773,32205,378046329,86984645,1044635,892,"",0.99,0.83,0.82,0.82,0.75,1.03,1.01,0.91,"",79,3.3,1062,3.3,833,2.6,1089,3.5,33746889,9.8,7300449,9.2,31412,3.1,54,6.4
"19171","0","10","70","0","2017","4","",432,5716,5679,5689,54700587,13106497,145418,739,"",1.00,1.00,1.00,1.00,1.00,1.00,1.00,1.00,"",-14,-3.1,-12,-0.2,0,0.0,-33,-0.6,836313,1.6,-167608,-1.3,20925,16.8,13,1.8
"19171","1","10","71","0","2017","4","",13,66,64,63,791253,0,0,946,"",5.02,0.60,0.59,0.57,0.53,0.00,0.00,0.90,"",0,0.0,-3,-4.3,-6,-8.6,-11,-14.9,48187,6.5,0,0.0,0,0.0,141,17.5
"19171","2","10","71","0","2017","4","",10,23,20,22,251841,0,0,894,"",3.30,0.13,0.11,0.12,0.14,0.00,0.00,1.19,"",-1,-9.1,0,0.0,-1,-4.8,-4,-15.4,-3698,-1.4,0,0.0,0,0.0,52,6.2
"19171","3","10","71","0","2017","4","",32,1957,1935,1968,17904315,41433,148,705,"",4.36,3.46,3.43,3.50,3.81,0.16,0.19,1.10,"",-1,-3.0,27,1.4,37,1.9,17,0.9,245178,1.4,-14283,-25.6,-273,-64.8,0,0.0
"19171","5","10","71","0","2017","4","",377,3670,3660,3636,35753178,13065064,145270,752,"",0.90,0.76,0.76,0.75,0.77,1.03,1.01,1.01,"",-12,-3.1,-36,-1.0,-30,-0.8,-35,-1.0,546646,1.6,-153325,-1.2,21198,17.1,18,2.5
"19173","0","10","70","0","2017","4","",181,2068,2096,2099,19516309,5242054,50916,719,"",1.00,1.00,1.00,1.00,1.00,1.00,1.00,1.00,"",-4,-2.2,61,3.0,59,2.9,25,1.2,1081967,5.9,334693,6.8,6714,15.2,24,3.5
"19173","1","10","71","0","2017","4","",10,38,37,37,434351,0,0,895,"",9.21,0.95,0.92,0.92,0.81,0.00,0.00,0.87,"",0,0.0,-5,-11.6,-6,-14.0,-4,-9.8,-32064,-6.9,0,0.0,0,0.0,47,5.5
"19173","2","10","71","0","2017","4","",4,11,9,8,83092,0,0,685,"",3.15,0.17,0.13,0.12,0.13,0.00,0.00,0.93,"",0,0.0,-1,-8.3,0,0.0,-2,-20.0,-11888,-12.5,0,0.0,0,0.0,-22,-3.1
"19173","3","10","71","0","2017","4","",15,363,389,382,2873021,51928,240,585,"",4.88,1.77,1.87,1.84,1.71,0.50,0.90,0.94,"",0,0.0,-10,-2.7,18,4.9,-11,-2.8,662940,30.0,-4486,-8.0,-27,-10.1,136,30.3
"19173","5","10","71","0","2017","4","",152,1656,1661,1672,16125845,5190126,50676,746,"",0.87,0.94,0.93,0.94,0.97,1.02,1.00,1.03,"",-4,-2.6,77,4.9,47,2.9,42,2.6,462979,3.0,339179,7.0,6741,15.3,-3,-0.4
"19175","0","10","70","0","2017","4","",436,6228,6289,6278,62974185,15506376,249926,773,"",1.00,1.00,1.00,1.00,1.00,1.00,1.00,1.00,"",5,1.2,-36,-0.6,-38,-0.6,-17,-0.3,2254465,3.7,377646,2.5,27430,12.3,31,4.2
"19175","1","10","71","0","2017","4","",6,51,51,50,683635,0,0,1038,"",2.29,0.43,0.42,0.41,0.39,0.00,0.00,0.94,"",-1,-14.3,-1,-1.9,2,4.1,0,0.0,-5197,-0.8,0,0.0,0,0.0,-15,-1.4
"19175","2","10","71","0","2017","4","",14,72,70,71,959801,3827,4,1040,"",4.58,0.36,0.35,0.35,0.47,0.02,0.01,1.32,"",0,0.0,3,4.3,4,6.1,2,2.9,45794,5.0,-1194,-23.8,-1,-20.0,6,0.6
"19175","3","10","71","0","2017","4","",31,1271,1288,1281,15135942,363623,551,910,"",4.18,2.06,2.06,2.06,2.80,1.18,0.42,1.36,"",0,0.0,-4,-0.3,1,0.1,-13,-1.0,266133,1.8,18227,5.3,-720,-56.6,20,2.2
"19175","5","10","71","0","2017","4","",385,4834,4880,4876,46194807,15138926,249371,731,"",0.91,0.91,0.91,0.91,0.86,1.01,1.00,0.94,"",6,1.6,-34,-0.7,-45,-0.9,-6,-0.1,1947735,4.4,360613,2.4,28151,12.7,35,5.0
"19177","0","10","70","0","2017","4","",215,1998,1978,1976,17982578,4407003,89272,697,"",1.00,1.00,1.00,1.00,1.00,1.00,1.00,1.00,"",0,0.0,-249,-11.1,-241,-10.9,-150,-7.1,-2562110,-12.5,-1589439,-26.5,-120650,-57.5,-22,-3.1
"19177","1","10","71","0","2017","4","",10,33,34,34,356280,0,0,814,"",7.75,0.86,0.90,0.89,0.72,0.00,0.00,0.82,"",0,0.0,3,10.0,4,13.3,1,3.0,42697,13.6,0,0.0,0,0.0,36,4.6
"19177","2","10","71","0","2017","4","",8,26,20,20,233253,0,0,816,"",5.31,0.41,0.32,0.32,0.40,0.00,0.00,1.15,"",1,14.3,11,73.3,6,42.9,6,42.9,83789,56.1,0,0.0,0,0.0,14,1.7
"19177","3","10","71","0","2017","4","",23,489,477,486,4466953,0,0,710,"",6.29,2.47,2.43,2.49,2.89,0.00,0.00,1.17,"",0,0.0,14,2.9,-12,-2.5,-2,-0.4,203654,4.8,-527,-100.0,-4,-100.0,32,4.7
"19177","5","10","71","0","2017","4","",174,1450,1447,1436,12926092,4407003,89272,688,"",0.83,0.85,0.86,0.86,0.84,1.03,1.01,0.98,"",-1,-0.6,-277,-16.0,-239,-14.2,-155,-9.7,-2892250,-18.3,-1588912,-26.5,-120646,-57.5,-41,-5.6
"19179","0","10","70","0","2017","4","",873,16093,16174,16128,171256597,49043589,1035274,817,"",1.00,1.00,1.00,1.00,1.00,1.00,1.00,1.00,"",-24,-2.7,-108,-0.7,-194,-1.2,-190,-1.2,-176538,-0.1,208856,0.4,-38229,-3.6,8,1.0
"19179","1","10","71","0","2017","4","",10,112,111,111,1697558,0,0,1173,"",1.91,0.36,0.36,0.36,0.36,0.00,0.00,1.00,"",0,0.0,-1,-0.9,-4,-3.5,-3,-2.6,-19289,-1.1,0,0.0,0,0.0,15,1.3
"19179","2","10","71","0","2017","4","",22,137,138,140,1835594,7598,8,1021,"",3.60,0.27,0.27,0.27,0.33,0.01,0.01,1.23,"",1,4.8,-7,-4.9,-6,-4.2,-9,-6.0,-84487,-4.4,-58,-0.8,0,0.0,7,0.7
"19179","3","10","71","0","2017","4","",45,2264,2269,2270,23770267,164723,444,806,"",3.03,1.42,1.41,1.42,1.61,0.17,0.08,1.14,"",0,0.0,-107,-4.5,-117,-4.9,-117,-4.9,-123860,-0.5,-19344,-10.5,159,55.8,34,4.4
"19179","5","10","71","0","2017","4","",796,13580,13656,13607,143953178,48871268,1034822,813,"",0.94,0.99,0.99,0.99,0.98,1.03,1.01,0.99,"",-25,-3.0,7,0.1,-67,-0.5,-61,-0.4,51098,0.0,228258,0.5,-38388,-3.6,2,0.2
"19181","0","10","70","0","2017","4","",1076,11627,11657,11598,116710386,27148365,433605,772,"",1.00,1.00,1.00,1.00,1.00,1.00,1.00,1.00,"",50,4.9,332,2.9,360,3.2,332,2.9,6825528,6.2,1722413,6.8,20674,5.0,23,3.1
"19181","1","10","71","0","2017","4","",15,96,96,95,1310731,0,0,1054,"",2.32,0.43,0.43,0.43,0.41,0.00,0.00,0.95,"",0,0.0,9,10.3,4,4.3,-4,-4.0,24641,1.9,0,0.0,0,0.0,-14,-1.3
"19181","2","10","71","0","2017","4","",15,104,104,113,1268539,0,0,912,"",1.99,0.28,0.28,0.31,0.33,0.00,0.00,1.16,"",2,15.4,7,7.2,8,8.3,11,10.8,99135,8.5,0,0.0,0,0.0,-3,-0.3
"19181","3","10","71","0","2017","4","",49,2289,2312,2325,23716515,218155,309,790,"",2.68,1.99,2.00,2.03,2.36,0.41,0.14,1.18,"",-1,-2.0,80,3.6,84,3.8,80,3.6,894620,3.9,60632,38.5,20,6.9,2,0.3
"19181","5","10","71","0","2017","4","",997,9138,9145,9065,90414601,26930210,433296,763,"",0.96,0.93,0.92,0.92,0.91,1.03,1.01,0.98,"",49,5.2,236,2.7,264,3.0,245,2.8,5807132,6.9,1661781,6.6,20654,5.0,29,4.0
"19183","0","10","70","0","2017","4","",779,8315,8335,8291,78525735,21180342,309511,727,"",1.00,1.00,1.00,1.00,1.00,1.00,1.00,1.00,"",-17,-2.1,55,0.7,95,1.2,172,2.1,3436705,4.6,1689764,8.7,6858,2.3,23,3.3
"19183","1","10","71","0","2017","4","",10,62,62,54,800238,0,0,1037,"",2.14,0.39,0.39,0.34,0.37,0.00,0.00,1.00,"",-1,-9.1,-5,-7.5,-3,-4.6,-12,-18.2,-46915,-5.5,0,0.0,0,0.0,50,5.1
"19183","2","10","71","0","2017","4","",15,51,50,52,733172,0,0,1106,"",2.75,0.19,0.19,0.20,0.29,0.00,0.00,1.49,"",0,0.0,-8,-13.6,-9,-15.3,-9,-14.8,-77700,-9.6,0,0.0,0,0.0,61,5.8
"19183","3","10","71","0","2017","4","",31,1429,1444,1441,14430293,7760,8,772,"",2.34,1.73,1.74,1.76,2.14,0.02,0.00,1.22,"",-1,-3.1,7,0.5,10,0.7,-9,-0.6,806363,5.9,2654,52.0,8,100.0,42,5.8
"19183","5","10","71","0","2017","4","",723,6773,6779,6744,62562032,21172582,309503,711,"",0.96,0.96,0.96,0.96,0.93,1.03,1.01,0.97,"",-15,-2.0,61,0.9,97,1.5,202,3.1,2754957,4.6,1687110,8.7,6850,2.3,19,2.7
"19185","0","10","70","0","2017","4","",193,1859,1868,1840,18032597,3361621,43575,748,"",1.00,1.00,1.00,1.00,1.00,1.00,1.00,1.00,"",-3,-1.5,3,0.2,-10,-0.5,-23,-1.2,772304,4.5,107464,3.3,-120,-0.3,36,5.1
"19185","1","10","71","0","2017","4","",8,32,29,30,346419,0,0,878,"",6.91,0.89,0.81,0.85,0.70,0.00,0.00,0.82,"",0,0.0,-2,-5.9,-7,-19.4,-6,-16.7,1757,0.5,0,0.0,0,0.0,128,17.1
"19185","2","10","71","0","2017","4","",6,10,10,10,133823,0,0,1029,"",4.44,0.17,0.17,0.17,0.23,0.00,0.00,1.35,"",0,0.0,1,11.1,0,0.0,1,11.1,14240,11.9,0,0.0,0,0.0,43,4.4
"19185","3","10","71","0","2017","4","",19,588,604,601,6270710,39284,134,807,"",5.79,3.19,3.26,3.30,4.04,0.59,0.58,1.24,"",-1,-5.0,13,2.3,11,1.9,15,2.6,363347,6.2,1758,4.7,-13,-8.8,30,3.9
"19185","5","10","71","0","2017","4","",160,1229,1225,1199,11281645,3322337,43441,713,"",0.85,0.78,0.77,0.77,0.73,1.02,1.00,0.95,"",-2,-1.2,-9,-0.7,-14,-1.1,-33,-2.7,392960,3.6,105706,3.3,-107,-0.2,36,5.3
"19187","0","10","70","0","2017","4","",1219,18272,18387,18366,212383680,41375892,660265,891,"",1.00,1.00,1.00,1.00,1.00,1.00,1.00,1.00,"",-9,-0.7,-1046,-5.4,-634,-3.3,-448,-2.4,-5508003,-2.5,-1811889,-4.2,-182741,-21.7,11,1.2
"19187","1","10","71","0","2017","4","",19,181,179,178,2730335,0,0,1171,"",2.60,0.51,0.51,0.50,0.47,0.00,0.00,0.92,"",-1,-5.0,-6,-3.2,-6,-3.2,-8,-4.3,-130492,-4.6,0,0.0,0,0.0,-12,-1.0
"19187","2","10","71","0","2017","4","",24,452,447,457,6241168,4871,5,1062,"",2.81,0.77,0.76,0.78,0.90,0.01,0.01,1.17,"",0,0.0,-23,-4.8,-33,-6.9,-31,-6.4,-210313,-3.3,-912,-15.8,-1,-16.7,30,2.9
"19187","3","10","71","0","2017","4","",44,2381,2422,2428,23018170,160055,508,735,"",2.12,1.32,1.33,1.34,1.26,0.20,0.15,0.95,"",3,7.3,167,7.5,190,8.5,221,10.0,1777389,8.4,8309,5.5,13,2.6,-2,-0.3
"19187","5","10","71","0","2017","4","",1132,15258,15339,15303,180394007,41210966,659752,907,"",0.96,0.98,0.98,0.98,0.99,1.03,1.01,1.01,"",-11,-1.0,-1184,-7.2,-785,-4.9,-630,-4.0,-6944587,-3.7,-1819286,-4.2,-182753,-21.7,16,1.8
"19189","0","10","70","0","2017","4","",397,4349,4317,4231,39476276,9044313,115748,706,"",1.00,1.00,1.00,1.00,1.00,1.00,1.00,1.00,"",-6,-1.5,-23,-0.5,-36,-0.8,-41,-1.0,184471,0.5,-190242,-2.1,-22000,-16.0,8,1.1
"19189","1","10","71","0","2017","4","",12,42,44,41,513608,0,0,933,"",5.04,0.50,0.53,0.50,0.47,0.00,0.00,0.92,"",0,0.0,-8,-16.0,-4,-8.3,-6,-12.8,-20290,-3.8,0,0.0,0,0.0,83,9.8
"19189","2","10","71","0","2017","4","",6,8,7,6,71652,0,0,787,"",2.16,0.06,0.05,0.04,0.06,0.00,0.00,1.09,"",0,0.0,1,14.3,1,16.7,0,0.0,6355,9.7,0,0.0,0,0.0,-6,-0.8
"19189","3","10","71","0","2017","4","",17,711,695,709,6212215,145955,146,678,"",2.52,1.65,1.62,1.69,1.83,0.82,0.24,1.11,"",0,0.0,9,1.3,9,1.3,16,2.3,-76727,-1.2,-8264,-5.4,-43,-22.8,-19,-2.7
"19189","5","10","71","0","2017","4","",362,3588,3571,3475,32678801,8898358,115602,709,"",0.94,0.97,0.97,0.97,0.97,1.02,1.01,1.00,"",-6,-1.6,-25,-0.7,-42,-1.2,-51,-1.4,275133,0.8,-181978,-2.0,-21957,-16.0,14,2.0
"19191","0","10","70","0","2017","4","",736,10475,10412,10310,106161725,20459446,412906,785,"",1.00,1.00,1.00,1.00,1.00,1.00,1.00,1.00,"",13,1.8,190,1.8,134,1.3,199,2.0,4240193,4.2,893164,4.6,40088,10.8,18,2.3
"19191","1","10","71","0","2017","4","",11,69,66,63,789211,0,0,920,"",2.49,0.34,0.33,0.32,0.27,0.00,0.00,0.82,"",0,0.0,-2,-2.8,-3,-4.3,-9,-12.5,-46491,-5.6,0,0.0,0,0.0,10,1.1
"19191","2","10","71","0","2017","4","",16,66,65,64,827519,1465,1,979,"",3.10,0.20,0.19,0.19,0.24,0.01,0.00,1.22,"",1,6.7,-1,-1.5,-3,-4.4,-9,-12.3,-64032,-7.2,22,1.5,0,0.0,-10,-1.0
"19191","3","10","71","0","2017","4","",29,1974,1973,1982,19109538,45325,256,744,"",2.32,1.90,1.91,1.94,2.09,0.11,0.12,1.09,"",0,0.0,-12,-0.6,-48,-2.4,-16,-0.8,277958,1.5,24614,118.8,219,591.9,20,2.8
"19191","5","10","71","0","2017","4","",680,8366,8308,8201,85435457,20412656,412649,793,"",0.95,0.94,0.94,0.94,0.94,1.03,1.01,1.00,"",12,1.8,205,2.5,188,2.3,233,2.9,4072758,5.0,868528,4.4,39869,10.7,19,2.5
"19193","0","10","70","0","2017","4","",3215,52037,52376,52011,555499467,137091344,2067171,820,"",1.00,1.00,1.00,1.00,1.00,1.00,1.00,1.00,"",5,0.2,-297,-0.6,221,0.4,520,1.0,3689672,0.7,6074297,4.6,-220377,-9.6,4,0.5
"19193","1","10","71","0","2017","4","",38,681,677,677,11666989,0,0,1323,"",1.97,0.68,0.68,0.68,0.76,0.00,0.00,1.13,"",0,0.0,-1,-0.1,-12,-1.7,-5,-0.7,26032,0.2,0,0.0,0,0.0,14,1.1
"19193","2","10","71","0","2017","4","",43,419,423,422,6061599,9166,9,1107,"",1.91,0.25,0.25,0.25,0.33,0.01,0.00,1.32,"",2,4.9,9,2.2,12,2.9,2,0.5,326103,5.7,-141,-1.5,0,0.0,40,3.7
"19193","3","10","71","0","2017","4","",66,5950,5908,5937,64730491,2402307,62651,839,"",1.21,1.15,1.14,1.15,1.36,0.89,5.76,1.18,"",0,0.0,56,1.0,85,1.5,102,1.7,637389,1.0,-58439,-2.4,-24224,-27.9,-4,-0.5
"19193","5","10","71","0","2017","4","",3068,44987,45368,44975,473040388,134679871,2004511,807,"",0.98,1.02,1.02,1.02,1.00,1.02,0.98,0.98,"",3,0.1,-361,-0.8,136,0.3,421,0.9,2700148,0.6,6132877,4.8,-196153,-8.9,4,0.5
"19195","0","10","70","0","2017","4","",240,2371,2343,2353,21853214,6253269,82017,714,"",1.00,1.00,1.00,1.00,1.00,1.00,1.00,1.00,"",0,0.0,-13,-0.5,-17,-0.7,24,1.0,1183683,5.7,211871,3.5,8825,12.1,40,5.9
"19195","1","10","71","0","2017","4","",9,26,24,25,308558,0,0,949,"",6.25,0.57,0.54,0.55,0.51,0.00,0.00,0.93,"",0,0.0,-3,-10.3,-5,-17.2,-6,-19.4,-1076,-0.3,0,0.0,0,0.0,146,18.2
"19195","2","10","71","0","2017","4","",7,17,17,17,214841,0,0,972,"",4.16,0.22,0.23,0.23,0.30,0.00,0.00,1.33,"",0,0.0,-1,-5.6,-1,-5.6,-5,-22.7,-18833,-8.1,0,0.0,0,0.0,42,4.5
"19195","3","10","71","0","2017","4","",18,350,341,364,2877727,230448,250,629,"",4.41,1.49,1.47,1.56,1.53,1.86,0.58,1.02,"",1,5.9,16,4.8,1,0.3,13,3.7,105900,3.8,52231,29.3,52,26.3,5,0.8
"19195","5","10","71","0","2017","4","",206,1978,1961,1947,18452088,6022821,81767,723,"",0.88,0.98,0.99,0.97,0.99,1.00,1.00,1.01,"",-1,-0.5,-25,-1.2,-12,-0.6,22,1.1,1097692,6.3,159640,2.7,8773,12.0,44,6.5
"19197","0","10","70","0","2017","4","",508,5548,5595,5520,61299471,11980261,191891,849,"",1.00,1.00,1.00,1.00,1.00,1.00,1.00,1.00,"",-16,-3.1,65,1.2,131,2.4,-7,-0.1,1816433,3.1,835954,7.5,40955,27.1,16,1.9
"19197","1","10","71","0","2017","4","",10,66,66,65,960600,0,0,1125,"",3.28,0.62,0.62,0.61,0.57,0.00,0.00,0.93,"",0,0.0,2,3.1,-2,-2.9,-2,-3.0,88772,10.2,0,0.0,0,0.0,114,11.3
"19197","2","10","71","0","2017","4","",7,17,17,17,229655,0,0,1039,"",1.97,0.10,0.09,0.10,0.11,0.00,0.00,1.20,"",0,0.0,-2,-10.5,-2,-10.5,-1,-5.6,-8715,-3.7,0,0.0,0,0.0,57,5.8
"19197","3","10","71","0","2017","4","",31,1331,1334,1246,16392799,52192,319,967,"",3.59,2.42,2.40,2.28,3.11,0.22,0.32,1.31,"",1,3.3,79,6.3,76,6.0,-3,-0.2,623595,4.0,12910,32.9,281,739.5,-1,-0.1
"19197","5","10","71","0","2017","4","",460,4134,4178,4192,43716417,11928069,191572,807,"",0.93,0.88,0.88,0.89,0.84,1.03,1.00,0.95,"",-17,-3.6,-14,-0.3,59,1.4,-1,0.0,1112781,2.6,823044,7.4,40674,27.0,18,2.3
"20000","0","10","50","0","2017","4","",88464,1386456,1392760,1391622,16153160723,3204409360,26878301,894,"",1.00,1.00,1.00,1.00,1.00,1.00,1.00,1.00,"",-2013,-2.2,397,0.0,5236,0.4,7522,0.5,358284515,2.3,-29550470,-0.9,-750182,-2.7,17,1.9
"20000","1","10","51","0","2017","4","",1232,25007,24975,25085,423376438,0,0,1302,"",2.32,0.94,0.94,0.94,0.95,0.00,0.00,1.02,"",-25,-2.0,-22,-0.1,-52,-0.2,-275,-1.1,8206029,2.0,0,0.0,0,0.0,32,2.5
"20000","2","10","51","0","2017","4","",1113,40376,40435,40257,609750245,57865,269,1162,"",1.80,0.91,0.91,0.91,1.16,0.00,0.01,1.27,"",109,10.9,-325,-0.8,-34,-0.1,-132,-0.3,-797702,-0.1,1818,3.2,-230,-46.1,3,0.3
"20000","3","10","51","0","2017","4","",2713,182523,183179,182763,1613258380,1472409055,2051177,679,"",1.80,1.33,1.32,1.33,1.16,23.21,14.50,0.88,"",-11,-0.4,346,0.2,1228,0.7,809,0.4,56459364,3.6,52140467,3.7,-198415,-8.8,21,3.2
"20000","5","10","51","0","2017","4","",83406,1138550,1144171,1143517,13506775660,1731942440,24826855,910,"",0.97,0.97,0.97,0.97,0.98,0.56,0.93,1.01,"",-2086,-2.4,398,0.0,4094,0.4,7120,0.6,294416824,2.2,-81692755,-4.5,-551537,-2.2,17,1.9
"20000","8","10","96","0","2017","4","",5058,247906,248589,248105,2646385063,1472466920,2051446,820,"",1.91,1.19,1.19,1.19,1.12,14.14,11.60,0.94,"",73,1.5,-1,0.0,1142,0.5,402,0.2,63867691,2.5,52142285,3.7,-198645,-8.8,18,2.2
"20001","0","10","70","0","2017","4","",371,5691,5690,5655,49486404,16925931,115075,670,"",1.00,1.00,1.00,1.00,1.00,1.00,1.00,1.00,"",-12,-3.1,114,2.0,121,2.2,77,1.4,2660926,5.7,931548,5.8,4221,3.8,24,3.7
"20001","1","10","71","0","2017","4","",9,50,50,50,638518,0,0,982,"",4.04,0.46,0.46,0.46,0.47,0.00,0.00,1.02,"",0,0.0,0,0.0,-2,-3.8,-1,-2.0,-7718,-1.2,0,0.0,0,0.0,7,0.7
"20001","2","10","71","0","2017","4","",11,48,50,48,510906,0,0,808,"",4.23,0.26,0.27,0.27,0.32,0.00,0.00,1.18,"",0,0.0,-9,-15.8,-4,-7.4,-8,-14.3,-93925,-15.5,0,0.0,0,0.0,-28,-3.3
"20001","3","10","71","0","2017","4","",25,1533,1543,1530,10106528,10032736,31195,506,"",3.96,2.72,2.73,2.73,2.38,29.94,51.51,0.87,"",0,0.0,32,2.1,6,0.4,-4,-0.3,241094,2.4,249845,2.6,-1187,-3.7,8,1.6
"20001","5","10","71","0","2017","4","",326,4060,4047,4027,38230452,6893195,83880,727,"",0.91,0.84,0.84,0.84,0.90,0.42,0.73,1.08,"",-12,-3.6,91,2.3,121,3.1,90,2.3,2521475,7.1,681703,11.0,5408,6.9,31,4.5
"20003","0","10","70","0","2017","4","",227,2028,2019,2050,17337875,5301865,19927,656,"",1.00,1.00,1.00,1.00,1.00,1.00,1.00,1.00,"",0,0.0,-88,-4.2,-78,-3.7,-75,-3.5,-762307,-4.2,-214337,-3.9,-16982,-46.0,-3,-0.5
"20003","1","10","71","0","2017","4","",9,35,31,33,391515,0,0,913,"",6.61,0.90,0.80,0.84,0.82,0.00,0.00,0.97,"",0,0.0,4,12.9,-1,-3.1,-1,-2.9,27989,7.7,0,0.0,0,0.0,48,5.5
"20003","2","10","71","0","2017","4","",9,40,39,39,389853,0,0,762,"",5.66,0.61,0.60,0.60,0.69,0.00,0.00,1.14,"",2,28.6,-4,-9.1,-5,-11.4,-6,-13.3,-6962,-1.8,0,0.0,0,0.0,73,10.6
"20003","3","10","71","0","2017","4","",18,512,519,529,3341596,3323163,5199,494,"",4.67,2.55,2.59,2.61,2.24,31.66,49.57,0.87,"",0,0.0,19,3.9,32,6.6,1,0.2,60911,1.9,59864,1.8,-1012,-16.3,-8,-1.6
"20003","5","10","71","0","2017","4","",191,1441,1430,1449,13214911,1978702,14728,706,"",0.87,0.84,0.83,0.83,0.89,0.39,0.74,1.07,"",-2,-1.0,-107,-6.9,-104,-6.8,-69,-4.5,-844245,-6.0,-274201,-12.2,-15970,-52.0,1,0.1
"20005","0","10","70","0","2017","4","",395,5558,5568,5537,64013464,10917965,133959,887,"",1.00,1.00,1.00,1.00,1.00,1.00,1.00,1.00,"",-13,-3.2,42,0.8,27,0.5,-24,-0.4,13992470,28.0,129257,1.2,35669,36.3,192,27.6
"20005","1","10","71","0","2017","4","",8,43,40,42,536911,0,0,991,"",3.38,0.40,0.38,0.39,0.31,0.00,0.00,0.78,"",0,0.0,0,0.0,-3,-7.0,-4,-8.7,5169,1.0,0,0.0,0,0.0,61,6.6
"20005","2","10","71","0","2017","4","",14,49,48,47,480673,0,0,770,"",5.06,0.27,0.27,0.27,0.23,0.00,0.00,0.85,"",2,16.7,-1,-2.0,1,2.1,-1,-2.1,34999,7.9,0,0.0,0,0.0,61,8.6
"20005","3","10","71","0","2017","4","",26,888,874,889,6604625,5188003,10101,575,"",3.87,1.61,1.58,1.62,1.20,24.00,14.33,0.75,"",0,0.0,39,4.6,30,3.6,14,1.6,357339,5.7,40716,0.8,4040,66.7,14,2.5
"20005","5","10","71","0","2017","4","",347,4578,4606,4559,56391255,5729962,123858,947,"",0.91,0.97,0.97,0.97,1.03,0.54,0.93,1.06,"",-15,-4.1,4,0.1,-1,0.0,-33,-0.7,13594963,31.8,88541,1.6,31629,34.3,230,32.1
"20007","0","10","70","0","2017","4","",225,1665,1674,1686,14833293,5518373,19226,681,"",1.00,1.00,1.00,1.00,1.00,1.00,1.00,1.00,"",-7,-3.0,19,1.2,39,2.4,57,3.5,857455,6.1,110003,2.0,1159,6.4,24,3.7
"20007","1","10","71","0","2017","4","",10,25,24,23,276874,0,0,887,"",7.41,0.78,0.75,0.71,0.68,0.00,0.00,0.91,"",0,0.0,-3,-10.7,-2,-7.7,-6,-20.7,3070,1.1,0,0.0,0,0.0,126,16.6
"20007","2","10","71","0","2017","4","",5,12,12,12,137829,0,0,884,"",3.17,0.22,0.22,0.22,0.28,0.00,0.00,1.27,"",0,0.0,-5,-29.4,-5,-29.4,-6,-33.3,-19208,-12.2,0,0.0,0,0.0,187,26.8
"20007","3","10","71","0","2017","4","",33,593,599,601,4412220,4214450,8317,568,"",8.63,3.59,3.60,3.60,3.46,38.58,82.20,0.96,"",0,0.0,-30,-4.8,-27,-4.3,-18,-2.9,188657,4.5,188081,4.7,176,2.2,46,8.8
"20007","5","10","71","0","2017","4","",177,1035,1039,1050,10006370,1303923,10909,739,"",0.81,0.73,0.73,0.73,0.79,0.24,0.57,1.08,"",-7,-3.8,57,5.8,73,7.6,87,9.0,684936,7.3,-78078,-5.6,983,9.9,-1,-0.1
"20009","0","10","70","0","2017","4","",981,12384,12346,12365,119936713,24804313,199211,746,"",1.00,1.00,1.00,1.00,1.00,1.00,1.00,1.00,"",-8,-0.8,356,3.0,254,2.1,404,3.4,8376441,7.5,324267,1.3,33400,20.1,32,4.5
"20009","1","10","71","0","2017","4","",12,62,64,71,859386,0,0,1007,"",2.04,0.26,0.27,0.30,0.26,0.00,0.00,0.94,"",0,0.0,-6,-8.8,-6,-8.6,-2,-2.7,-36474,-4.1,0,0.0,0,0.0,27,2.8
"20009","2","10","71","0","2017","4","",16,143,142,143,1601955,16118,16,864,"",2.33,0.36,0.36,0.36,0.41,0.05,0.06,1.14,"",1,6.7,-1,-0.7,1,0.7,0,0.0,-58574,-3.5,16118,100.0,16,100.0,-31,-3.5
"20009","3","10","71","0","2017","4","",52,2074,2094,2095,16259213,11995555,16885,599,"",3.12,1.69,1.71,1.71,1.58,24.43,16.11,0.93,"",-1,-1.9,-7,-0.3,-1,0.0,27,1.3,513835,3.3,368626,3.2,4964,41.6,17,2.9
"20009","5","10","71","0","2017","4","",901,10105,10046,10056,101216159,12792640,182310,773,"",0.95,0.96,0.96,0.96,0.99,0.53,0.92,1.03,"",-8,-0.9,370,3.8,260,2.7,379,3.9,7957654,8.5,-60477,-0.5,28420,18.5,36,4.9
"20011","0","10","70","0","2017","4","",365,6302,6379,6472,53684143,14377680,115399,647,"",1.00,1.00,1.00,1.00,1.00,1.00,1.00,1.00,"",3,0.8,-46,-0.7,45,0.7,122,1.9,1025907,1.9,1578878,12.3,11614,11.2,9,1.4
"20011","1","10","71","0","2017","4","",9,72,72,76,938212,0,0,984,"",4.11,0.59,0.59,0.61,0.64,0.00,0.00,1.06,"",-1,-10.0,2,2.9,3,4.3,1,1.3,58162,6.6,0,0.0,0,0.0,35,3.7
"20011","2","10","71","0","2017","4","",8,42,41,42,367831,0,0,679,"",3.13,0.21,0.20,0.20,0.21,0.00,0.00,1.03,"",1,14.3,6,16.7,5,13.9,2,5.0,-7525,-2.0,0,0.0,0,0.0,-94,-12.2
"20011","3","10","71","0","2017","4","",17,1089,1109,1091,7072948,6985346,18666,496,"",2.74,1.74,1.75,1.70,1.53,24.54,30.73,0.88,"",0,0.0,46,4.4,65,6.2,39,3.7,280152,4.1,249709,3.7,-9009,-32.6,-3,-0.6
"20011","5","10","71","0","2017","4","",331,5099,5157,5263,45305152,7392334,96733,674,"",0.93,0.95,0.95,0.96,0.99,0.53,0.84,1.04,"",3,0.9,-100,-1.9,-28,-0.5,80,1.5,695118,1.6,1329169,21.9,20623,27.1,13,2.0
"20013","0","10","70","0","2017","4","",346,5106,5098,5122,54019901,8785943,66603,813,"",1.00,1.00,1.00,1.00,1.00,1.00,1.00,1.00,"",12,3.6,180,3.7,219,4.5,240,4.9,8760428,19.4,145370,1.7,-564,-0.8,102,14.3
"20013","1","10","71","0","2017","4","",14,93,96,96,1304369,0,0,1056,"",6.75,0.95,0.98,0.97,0.88,0.00,0.00,0.91,"",0,0.0,-9,-8.8,-3,-3.0,-3,-3.0,64955,5.2,0,0.0,0,0.0,103,10.8
"20013","2","10","71","0","2017","4","",9,59,58,59,608556,0,0,798,"",3.71,0.36,0.36,0.36,0.35,0.00,0.00,0.96,"",2,28.6,-1,-1.7,-3,-4.9,-2,-3.3,-71210,-10.5,0,0.0,0,0.0,-64,-7.4
"20013","3","10","71","0","2017","4","",38,1397,1393,1394,9923985,5214825,27314,547,"",6.46,2.76,2.75,2.75,2.14,29.98,77.92,0.78,"",-1,-2.6,-38,-2.6,-26,-1.8,-23,-1.6,248860,2.6,345041,7.1,3062,12.6,24,4.6
"20013","5","10","71","0","2017","4","",285,3557,3551,3573,42182991,3571118,39289,911,"",0.85,0.82,0.82,0.82,0.91,0.42,0.59,1.11,"",11,4.0,228,6.8,251,7.6,268,8.1,8517823,25.3,-199671,-5.3,-3626,-8.4,129,16.5
"20015","0","10","70","0","2017","4","",1412,19093,19056,18939,184587904,56561799,360486,746,"",1.00,1.00,1.00,1.00,1.00,1.00,1.00,1.00,"",-35,-2.4,7,0.0,101,0.5,135,0.7,5444350,3.0,-415545,-0.7,-20185,-5.3,19,2.6
"20015","1","10","71","0","2017","4","",18,124,123,120,1579589,0,0,993,"",2.13,0.34,0.34,0.33,0.31,0.00,0.00,0.93,"",-1,-5.3,1,0.8,0,0.0,-6,-4.8,60431,4.0,0,0.0,0,0.0,51,5.4
"20015","2","10","71","0","2017","4","",18,519,534,530,6217207,993,53,906,"",1.82,0.85,0.87,0.88,1.03,0.00,0.11,1.19,"",3,20.0,-66,-11.3,-38,-6.6,-37,-6.5,389142,6.7,993,100.0,53,100.0,126,16.2
"20015","3","10","71","0","2017","4","",72,5150,5200,5185,38739828,36651832,49425,575,"",3.00,2.72,2.75,2.77,2.44,32.73,26.05,0.89,"",1,1.4,-45,-0.9,2,0.0,11,0.2,713922,1.9,608143,1.7,-18376,-27.1,11,2.0
"20015","5","10","71","0","2017","4","",1304,13300,13199,13104,138051280,19908974,311008,804,"",0.95,0.82,0.82,0.81,0.88,0.36,0.87,1.07,"",-38,-2.8,117,0.9,137,1.0,167,1.3,4280855,3.2,-1024681,-4.9,-1862,-0.6,16,2.0
"20017","0","10","70","0","2017","4","",84,903,898,897,8363677,2478246,18019,715,"",1.00,1.00,1.00,1.00,1.00,1.00,1.00,1.00,"",0,0.0,43,5.0,52,6.1,66,7.9,1586214,23.4,359967,17.0,6703,59.2,99,16.1
"20017","1","10","71","0","2017","4","",6,12,13,13,175672,0,0,1067,"",11.91,0.69,0.76,0.75,0.76,0.00,0.00,1.04,"",0,0.0,-4,-25.0,2,18.2,2,18.2,29437,20.1,0,0.0,0,0.0,179,20.2
"20017","2","10","71","0","2017","4","",4,10,10,10,119363,0,0,918,"",6.80,0.35,0.35,0.35,0.44,0.00,0.00,1.26,"",0,0.0,1,11.1,1,11.1,2,25.0,17044,16.7,0,0.0,0,0.0,10,1.1
"20017","3","10","71","0","2017","4","",9,208,205,214,1284887,1239560,3838,473,"",6.30,2.32,2.30,2.41,1.79,25.27,40.47,0.76,"",0,0.0,-19,-8.4,-18,-8.1,-4,-1.8,69771,5.7,65991,5.6,2556,199.4,53,12.6
"20017","5","10","71","0","2017","4","",65,673,670,660,6783755,1238686,14181,782,"",0.80,0.88,0.88,0.87,0.95,0.52,0.79,1.09,"",0,0.0,65,10.7,67,11.1,66,11.1,1469962,27.7,293976,31.1,4147,41.3,103,15.2
"20019","0","10","70","0","2017","4","",100,742,737,745,5429929,1756497,8281,563,"",1.00,1.00,1.00,1.00,1.00,1.00,1.00,1.00,"",-6,-5.7,-16,-2.1,-15,-2.0,-11,-1.5,-48545,-0.9,17483,1.0,1332,19.2,5,0.9
"20019","1","10","71","0","2017","4","",5,18,17,17,160497,0,0,712,"",8.34,1.26,1.21,1.18,1.08,0.00,0.00,0.88,"",-1,-16.7,0,0.0,0,0.0,0,0.0,2744,1.7,0,0.0,0,0.0,12,1.7
"20019","2","10","71","0","2017","4","",4,13,13,13,120056,0,0,710,"",5.71,0.55,0.55,0.55,0.68,0.00,0.00,1.24,"",0,0.0,-1,-7.1,-1,-7.1,-1,-7.1,-6436,-5.1,0,0.0,0,0.0,15,2.2
"20019","3","10","71","0","2017","4","",16,228,235,241,1503329,1040617,1030,493,"",9.41,3.10,3.21,3.27,3.22,29.93,23.63,1.01,"",0,0.0,0,0.0,7,3.1,8,3.4,89110,6.3,52513,5.3,-189,-15.5,19,4.0
"20019","5","10","71","0","2017","4","",75,483,472,474,3646047,715880,7251,589,"",0.77,0.77,0.75,0.75,0.79,0.42,0.88,1.04,"",-5,-6.2,-15,-3.0,-21,-4.3,-18,-3.7,-133963,-3.5,-35030,-4.7,1521,26.5,1,0.2
"20021","0","10","70","0","2017","4","",398,5956,5973,5980,59712021,12414576,87270,769,"",1.00,1.00,1.00,1.00,1.00,1.00,1.00,1.00,"",-47,-10.6,40,0.7,39,0.7,110,1.9,2753159,4.8,-234275,-1.9,-13438,-13.3,27,3.6
"20021","1","10","71","0","2017","4","",11,51,51,54,664422,0,0,983,"",4.61,0.44,0.45,0.47,0.40,0.00,0.00,0.89,"",0,0.0,1,2.0,0,0.0,-3,-5.3,22710,3.5,0,0.0,0,0.0,46,4.9
"20021","2","10","71","0","2017","4","",9,57,57,57,535966,8426,8,723,"",3.23,0.30,0.30,0.30,0.27,0.05,0.07,0.92,"",0,0.0,4,7.5,4,7.5,2,3.6,7740,1.5,945,12.6,1,14.3,-34,-4.5
"20021","3","10","71","0","2017","4","",29,1274,1273,1286,9053098,6608021,12479,545,"",4.29,2.16,2.15,2.17,1.76,26.89,27.17,0.82,"",0,0.0,-35,-2.7,-60,-4.5,-10,-0.8,-124036,-1.4,116437,1.8,-2192,-14.9,7,1.3
"20021","5","10","71","0","2017","4","",349,4574,4592,4583,49458535,5798129,74783,830,"",0.90,0.90,0.90,0.90,0.97,0.48,0.86,1.07,"",-47,-11.9,70,1.6,95,2.1,121,2.7,2846745,6.1,-351657,-5.7,-11247,-13.1,31,3.9
"20023","0","10","70","0","2017","4","",126,904,905,949,7338918,2127292,6912,614,"",1.00,1.00,1.00,1.00,1.00,1.00,1.00,1.00,"",-2,-1.6,15,1.7,14,1.6,21,2.3,244896,3.5,80126,3.9,-2073,-23.1,9,1.5
"20023","1","10","71","0","2017","4","",5,12,12,13,164710,0,0,1027,"",6.62,0.69,0.69,0.71,0.82,0.00,0.00,1.17,"",0,0.0,1,9.1,0,0.0,-2,-13.3,5988,3.8,0,0.0,0,0.0,63,6.5
"20023","2","10","71","0","2017","4","N",3,0,0,0,0,0,0,0,"N",3.40,0,0,0,0,0,0,0,"N",0,0.0,0,0,0,0,0,0,0,0,0,0,0,0,0,0
"20023","3","10","71","0","2017","4","N",13,0,0,0,0,0,0,0,"N",6.07,0,0,0,0,0,0,0,"N",0,0.0,0,0,0,0,0,0,0,0,0,0,0,0,0,0
"20023","5","10","71","0","2017","4","",105,651,654,652,5741611,807128,5557,677,"",0.86,0.85,0.85,0.81,0.92,0.39,0.81,1.10,"",-2,-1.9,-4,-0.6,-6,-0.9,6,0.9,158245,2.8,7361,0.9,-1044,-15.8,20,3.0
"20025","0","10","70","0","2017","4","",83,713,731,713,7016064,3862079,6024,751,"",1.00,1.00,1.00,1.00,1.00,1.00,1.00,1.00,"",-5,-5.7,-125,-14.9,-156,-17.6,-112,-13.6,-3563067,-33.7,-1561116,-28.8,-98685,-94.2,-206,-21.5
"20025","1","10","71","0","2017","4","",5,12,12,8,99911,0,0,721,"",10.04,0.87,0.86,0.58,0.52,0.00,0.00,0.67,"",0,0.0,1,9.1,4,50.0,-4,-33.3,-6004,-5.7,0,0.0,0,0.0,-67,-8.5
"20025","2","10","71","0","2017","4","",5,10,12,12,99638,0,0,676,"",8.60,0.44,0.51,0.53,0.43,0.00,0.00,0.88,"",0,0.0,-4,-28.6,-1,-7.7,-1,-7.7,-13486,-11.9,0,0.0,0,0.0,23,3.5
"20025","3","10","71","0","2017","4","",14,379,388,374,3539984,3518267,4008,716,"",9.92,5.36,5.35,5.30,5.87,46.02,126.42,1.10,"",0,0.0,-9,-2.3,-4,-1.0,11,3.0,18719,0.5,8517,0.2,-4045,-50.2,5,0.7
"20025","5","10","71","0","2017","4","",59,312,319,319,3276531,343812,2016,796,"",0.73,0.52,0.51,0.53,0.55,0.09,0.34,1.05,"",-5,-7.8,-113,-26.6,-155,-32.7,-118,-27.0,-3562296,-52.1,-1569633,-82.0,-94640,-97.9,-385,-32.6
"20027","0","10","70","0","2017","4","",275,3010,3017,3037,23990893,7201377,55440,611,"",1.00,1.00,1.00,1.00,1.00,1.00,1.00,1.00,"",-3,-1.1,-12,-0.4,-33,-1.1,-13,-0.4,158387,0.7,-53940,-0.7,5578,11.2,8,1.3
"20027","1","10","71","0","2017","4","",8,33,31,32,357264,0,0,859,"",4.85,0.57,0.54,0.55,0.54,0.00,0.00,0.98,"",0,0.0,-3,-8.3,1,3.3,-3,-8.6,16538,4.9,0,0.0,0,0.0,80,10.3
"20027","2","10","71","0","2017","4","",7,34,34,35,343185,0,0,769,"",3.63,0.35,0.35,0.36,0.44,0.00,0.00,1.23,"",2,40.0,8,30.8,7,25.9,5,16.7,40113,13.2,0,0.0,0,0.0,-74,-8.8
"20027","3","10","71","0","2017","4","",19,932,965,972,7353155,4494750,4896,591,"",4.06,3.12,3.22,3.23,3.56,31.53,16.78,1.12,"",0,0.0,-2,-0.2,10,1.0,6,0.6,230830,3.2,-94964,-2.1,-2994,-37.9,15,2.6
"20027","5","10","71","0","2017","4","",241,2011,1987,1998,15937289,2706627,50544,613,"",0.90,0.79,0.78,0.77,0.78,0.39,0.92,1.00,"",-5,-2.0,-15,-0.7,-51,-2.5,-21,-1.0,-129094,-0.8,41024,1.5,8572,20.4,3,0.5
"20029","0","10","70","0","2017","4","",302,3139,3184,3153,23384247,7942768,35423,569,"",1.00,1.00,1.00,1.00,1.00,1.00,1.00,1.00,"",-7,-2.3,-47,-1.5,26,0.8,-10,-0.3,12677,0.1,-26720,-0.3,932,2.7,2,0.4
"20029","1","10","71","0","2017","4","",9,40,35,35,416567,0,0,874,"",4.97,0.66,0.57,0.58,0.65,0.00,0.00,1.07,"",0,0.0,6,17.6,-1,-2.8,-2,-5.4,37454,9.9,0,0.0,0,0.0,56,6.8
"20029","2","10","71","0","2017","4","",10,45,45,45,468254,0,0,800,"",4.73,0.45,0.44,0.45,0.61,0.00,0.00,1.38,"",0,0.0,2,4.7,3,7.1,1,2.3,28970,6.6,0,0.0,0,0.0,14,1.8
"20029","3","10","71","0","2017","4","",15,715,744,707,4616617,4589819,6117,492,"",2.92,2.30,2.35,2.27,2.30,29.19,32.81,1.00,"",-2,-11.8,-3,-0.4,21,2.9,-12,-1.7,-4641,-0.1,-4633,-0.1,741,13.8,-2,-0.4
"20029","5","10","71","0","2017","4","",268,2339,2360,2366,17882809,3352949,29306,584,"",0.91,0.88,0.87,0.88,0.90,0.44,0.83,1.02,"",-5,-1.8,-52,-2.2,3,0.1,3,0.1,-49106,-0.3,-22087,-0.7,191,0.7,2,0.3
"20031","0","10","70","0","2017","4","",277,3804,3659,3605,48843224,8149978,72996,1018,"",1.00,1.00,1.00,1.00,1.00,1.00,1.00,1.00,"",-12,-4.2,-502,-11.7,-294,-7.4,-183,-4.8,-18412758,-27.4,-1992169,-19.6,-130914,-64.2,-270,-21.0
"20031","1","10","71","0","2017","4","",12,52,52,49,626895,0,0,946,"",7.22,0.71,0.74,0.71,0.47,0.00,0.00,0.65,"",0,0.0,-1,-1.9,-2,-3.7,-5,-9.3,6953,1.1,0,0.0,0,0.0,57,6.4
"20031","2","10","71","0","2017","4","",8,24,24,23,323805,0,0,1052,"",4.12,0.20,0.20,0.20,0.20,0.00,0.00,1.01,"",2,33.3,2,9.1,2,9.1,1,4.5,47813,17.3,0,0.0,0,0.0,87,9.0
"20031","3","10","71","0","2017","4","",23,1162,1032,1006,8769024,5579306,16283,632,"",4.89,3.08,2.84,2.82,2.09,34.58,42.38,0.72,"",0,0.0,-8,-0.7,-22,-2.1,-47,-4.5,179723,2.1,195575,3.6,8138,99.9,27,4.5
"20031","5","10","71","0","2017","4","",234,2566,2551,2527,39123500,2570672,56713,1181,"",0.87,0.79,0.82,0.82,0.94,0.33,0.78,1.15,"",-14,-5.6,-495,-16.2,-272,-9.6,-132,-5.0,-18647247,-32.3,-2187744,-46.0,-139052,-71.0,-380,-24.3
"20033","0","10","70","0","2017","4","",98,628,646,627,4579029,2089423,5473,556,"",1.00,1.00,1.00,1.00,1.00,1.00,1.00,1.00,"",1,1.0,-20,-3.1,-35,-5.1,-48,-7.1,29390,0.6,76892,3.8,-2693,-33.0,32,6.1
"20033","1","10","71","0","2017","4","",4,5,5,5,58551,0,0,901,"",6.81,0.41,0.40,0.41,0.47,0.00,0.00,1.13,"",0,0.0,1,25.0,0,0.0,0,0.0,5413,10.2,0,0.0,0,0.0,25,2.9
"20033","2","10","71","0","2017","4","",5,11,11,11,109353,0,0,765,"",7.28,0.55,0.53,0.55,0.73,0.00,0.00,1.35,"",0,0.0,-2,-15.4,-2,-15.4,-2,-15.4,-21784,-16.6,0,0.0,0,0.0,-11,-1.4
"20033","3","10","71","0","2017","4","",14,238,259,236,1651600,1608724,2077,520,"",8.40,3.82,4.04,3.80,4.19,38.89,72.11,1.08,"",0,0.0,10,4.4,11,4.4,-14,-5.6,108563,7.0,104296,6.9,-2207,-51.5,30,6.1
"20033","5","10","71","0","2017","4","",75,374,371,375,2759525,480699,3396,569,"",0.79,0.70,0.68,0.70,0.71,0.24,0.62,1.02,"",1,1.4,-29,-7.2,-44,-10.6,-32,-7.9,-62802,-2.2,-27404,-5.4,-486,-12.5,37,7.0
"20035","0","10","70","0","2017","4","",792,14536,14363,14383,139059275,32789803,211577,741,"",1.00,1.00,1.00,1.00,1.00,1.00,1.00,1.00,"",-25,-3.1,-43,-0.3,-44,-0.3,79,0.6,3147258,2.3,-2129749,-6.1,-52508,-19.9,16,2.2
"20035","1","10","71","0","2017","4","",14,92,95,95,1243257,0,0,1017,"",2.95,0.33,0.35,0.34,0.33,0.00,0.00,0.96,"",0,0.0,0,0.0,3,3.3,0,0.0,7974,0.6,0,0.0,0,0.0,-5,-0.5
"20035","2","10","71","0","2017","4","",13,415,407,405,3896095,0,0,733,"",2.34,0.89,0.88,0.88,0.86,0.00,0.00,0.97,"",0,0.0,-23,-5.3,-41,-9.2,-46,-10.2,-294122,-7.0,0,0.0,0,0.0,10,1.4
"20035","3","10","71","0","2017","4","",51,2920,2926,2964,25456335,19270128,27687,667,"",3.79,2.03,2.05,2.08,2.13,29.69,24.86,1.04,"",0,0.0,36,1.2,16,0.5,54,1.9,1233995,5.1,760886,4.1,-2898,-9.5,25,3.9
"20035","5","10","71","0","2017","4","",714,11109,10935,10919,108463588,13519675,183890,759,"",0.93,0.90,0.90,0.89,0.91,0.43,0.87,1.02,"",-25,-3.4,-56,-0.5,-22,-0.2,71,0.7,2199411,2.1,-2890635,-17.6,-49610,-21.2,15,2.0
"20037","0","10","70","0","2017","4","",962,17319,17481,17413,152663607,40143190,290102,675,"",1.00,1.00,1.00,1.00,1.00,1.00,1.00,1.00,"",-26,-2.6,107,0.6,170,1.0,90,0.5,3421524,2.3,-351414,-0.9,-16815,-5.5,11,1.7
"20037","1","10","71","0","2017","4","",17,83,81,81,1048474,0,0,988,"",2.95,0.25,0.24,0.24,0.25,0.00,0.00,1.02,"",0,0.0,1,1.2,-4,-4.7,-9,-10.0,13041,1.3,0,0.0,0,0.0,58,6.2
"20037","2","10","71","0","2017","4","",20,1135,1189,1135,15718651,0,0,1049,"",2.97,2.04,2.12,2.04,3.15,0.00,0.00,1.52,"",2,11.1,-33,-2.8,24,2.1,-41,-3.5,-936791,-5.6,0,0.0,0,0.0,-46,-4.2
"20037","3","10","71","0","2017","4","",36,3077,3094,3078,22364465,22240857,41572,558,"",2.20,1.79,1.78,1.79,1.70,27.99,27.23,0.95,"",0,0.0,-44,-1.4,-12,-0.4,-1,0.0,231371,1.0,227296,1.0,-1641,-3.8,9,1.6
"20037","5","10","71","0","2017","4","",889,13024,13117,13119,113532017,17902333,248530,667,"",0.95,0.89,0.88,0.89,0.87,0.46,0.86,0.98,"",-28,-3.1,183,1.4,162,1.3,141,1.1,4113903,3.8,-578710,-3.1,-15174,-5.8,16,2.5
"20039","0","10","70","0","2017","4","",139,950,1016,1014,6573794,1781612,7402,509,"",1.00,1.00,1.00,1.00,1.00,1.00,1.00,1.00,"",-2,-1.4,5,0.5,35,3.6,-15,-1.5,166513,2.6,-139835,-7.3,-151,-2.0,9,1.8
"20039","1","10","71","0","2017","4","",6,17,21,19,197186,0,0,798,"",7.20,0.93,1.08,0.97,1.09,0.00,0.00,1.10,"",0,0.0,1,6.2,1,5.0,-1,-5.0,5009,2.6,0,0.0,0,0.0,6,0.8
"20039","2","10","71","0","2017","4","",4,11,11,11,118753,0,0,830,"",4.11,0.36,0.34,0.34,0.55,0.00,0.00,1.60,"",0,0.0,-5,-31.2,-5,-31.2,-5,-31.2,-28502,-19.4,0,0.0,0,0.0,122,17.2
"20039","3","10","71","0","2017","4","",24,242,305,302,1160366,1121023,1244,315,"",10.16,2.57,3.02,3.01,2.05,31.79,31.93,0.71,"",-2,-7.7,32,15.2,47,18.2,6,2.0,34116,3.0,39547,3.7,105,9.2,-25,-7.4
"20039","5","10","71","0","2017","4","",105,680,679,682,5097489,660589,6158,576,"",0.78,0.84,0.79,0.79,0.91,0.38,0.84,1.13,"",0,0.0,-23,-3.3,-8,-1.2,-15,-2.2,155890,3.2,-179382,-21.4,-256,-4.0,30,5.5
"20041","0","10","70","0","2017","4","",522,6655,6606,6529,57138965,18259398,125399,666,"",1.00,1.00,1.00,1.00,1.00,1.00,1.00,1.00,"",-9,-1.7,194,3.0,265,4.2,234,3.7,4315171,8.2,202689,1.1,-1956,-1.5,28,4.4
"20041","1","10","71","0","2017","4","",12,91,91,91,1183096,0,0,1000,"",3.83,0.71,0.72,0.72,0.75,0.00,0.00,1.05,"",0,0.0,-4,-4.2,1,1.1,-2,-2.2,93462,8.6,0,0.0,0,0.0,95,10.5
"20041","2","10","71","0","2017","4","",12,39,39,39,410780,14344,14,810,"",3.28,0.18,0.18,0.19,0.22,0.06,0.08,1.19,"",2,20.0,4,11.4,3,8.3,0,0.0,60871,17.4,3208,28.8,3,27.3,76,10.4
"20041","3","10","71","0","2017","4","",50,1716,1692,1665,12430004,11421749,18466,565,"",5.64,2.60,2.58,2.58,2.53,31.60,27.98,0.98,"",0,0.0,47,2.8,67,4.1,-17,-1.0,87148,0.7,230339,2.1,-8334,-31.1,-7,-1.2
"20041","5","10","71","0","2017","4","",448,4809,4784,4734,43115085,6823305,106919,694,"",0.88,0.85,0.85,0.85,0.88,0.39,0.86,1.04,"",-11,-2.4,147,3.2,194,4.2,253,5.6,4073690,10.4,-30858,-0.5,6375,6.3,38,5.8
"20043","0","10","70","0","2017","4","",209,2198,2310,2161,20483481,7851522,66640,709,"",1.00,1.00,1.00,1.00,1.00,1.00,1.00,1.00,"",3,1.5,-243,-10.0,48,2.1,-222,-9.3,-1425712,-6.5,60913,0.8,9341,16.3,-5,-0.7
"20043","1","10","71","0","2017","4","",11,31,31,33,411931,0,0,1001,"",8.78,0.73,0.70,0.79,0.73,0.00,0.00,0.99,"",0,0.0,-4,-11.4,-3,-8.8,-4,-10.8,10946,2.7,0,0.0,0,0.0,128,14.7
"20043","2","10","71","0","2017","4","",7,13,13,15,138499,0,0,780,"",4.78,0.18,0.18,0.22,0.21,0.00,0.00,1.08,"",1,16.7,-12,-48.0,-12,-48.0,-10,-40.0,-10663,-7.1,0,0.0,0,0.0,321,69.9
"20043","3","10","71","0","2017","4","",21,813,933,784,6014304,5916890,14254,549,"",5.91,3.73,4.07,3.67,3.41,38.07,40.64,0.89,"",0,0.0,-74,-8.3,131,16.3,-142,-15.3,202397,3.5,178254,3.1,-803,-5.3,36,7.0
"20043","5","10","71","0","2017","4","",170,1341,1333,1329,13918747,1934632,52386,802,"",0.84,0.72,0.68,0.72,0.80,0.25,0.79,1.13,"",2,1.2,-153,-10.2,-68,-4.9,-66,-4.7,-1628392,-10.5,-117341,-5.7,10144,24.0,-34,-4.1
"20045","0","10","70","0","2017","4","",3005,50414,50715,49777,498094927,124754940,901707,762,"",1.00,1.00,1.00,1.00,1.00,1.00,1.00,1.00,"",-13,-0.4,-11,0.0,258,0.5,-75,-0.2,12795937,2.6,-326289,-0.3,-45937,-4.8,19,2.6
"20045","1","10","71","0","2017","4","",16,421,417,421,6373164,0,0,1168,"",0.89,0.43,0.43,0.44,0.47,0.00,0.00,1.07,"",1,6.7,2,0.5,-12,-2.8,-7,-1.6,50841,0.8,0,0.0,0,0.0,25,2.2
"20045","2","10","71","0","2017","4","N",25,0,0,0,0,0,0,0,"N",1.19,0,0,0,0,0,0,0,"N",7,38.9,0,0,0,0,0,0,0,0,0,0,0,0,0,0
"20045","3","10","71","0","2017","4","N",37,0,0,0,0,0,0,0,"N",0.72,0,0,0,0,0,0,0,"N",0,0.0,0,0,0,0,0,0,0,0,0,0,0,0,0,0
"20045","5","10","71","0","2017","4","",2927,37870,38084,37283,325847312,52756056,825395,664,"",1.00,0.88,0.88,0.88,0.77,0.44,0.92,0.87,"",-21,-0.7,-193,-0.5,-40,-0.1,-249,-0.7,11573520,3.7,-4404050,-7.7,-35152,-4.1,26,4.1
"20047","0","10","70","0","2017","4","",142,966,949,976,8979465,2397258,11326,717,"",1.00,1.00,1.00,1.00,1.00,1.00,1.00,1.00,"",2,1.4,-2,-0.2,8,0.9,-1,-0.1,275503,3.2,39494,1.7,-2035,-15.2,21,3.0
"20047","1","10","71","0","2017","4","",6,17,17,18,185496,0,0,823,"",7.04,0.91,0.94,0.96,0.75,0.00,0.00,0.80,"",-2,-25.0,0,0.0,0,0.0,-2,-10.0,6560,3.7,0,0.0,0,0.0,58,7.6
"20047","2","10","71","0","2017","4","",6,13,13,14,131177,0,0,757,"",6.03,0.42,0.43,0.45,0.45,0.00,0.00,1.04,"",0,0.0,-1,-7.1,-1,-7.1,0,0.0,-198,-0.2,0,0.0,0,0.0,35,4.8
"20047","3","10","71","0","2017","4","",22,215,214,244,1554938,1533720,3749,533,"",9.12,2.25,2.27,2.53,2.01,32.32,62.89,0.86,"",0,0.0,-8,-3.6,-1,-0.5,4,1.7,114332,7.9,113418,8.0,2134,132.1,43,8.8
"20047","5","10","71","0","2017","4","",108,721,705,700,7107854,863538,7577,772,"",0.78,0.88,0.87,0.84,0.93,0.37,0.67,1.07,"",4,3.8,7,1.0,10,1.4,-3,-0.4,154809,2.2,-73924,-7.9,-4169,-35.5,12,1.6
"20049","0","10","70","0","2017","4","",96,632,633,657,3865949,2283140,13253,464,"",1.00,1.00,1.00,1.00,1.00,1.00,1.00,1.00,"",-1,-1.0,25,4.1,28,4.6,34,5.5,185416,5.0,251900,12.4,-3846,-22.5,1,0.2
"20049","1","10","71","0","2017","4","",7,8,9,8,105112,0,0,970,"",12.16,0.66,0.74,0.63,0.99,0.00,0.00,1.46,"",0,0.0,0,0.0,1,12.5,-1,-11.1,2565,2.5,0,0.0,0,0.0,23,2.4
"20049","2","10","71","0","2017","4","N",3,0,0,0,0,0,0,0,"N",4.46,0,0,0,0,0,0,0,"N",1,50.0,0,0,0,0,0,0,0,0,0,0,0,0,0,0
"20049","3","10","71","0","2017","4","N",16,0,0,0,0,0,0,0,"N",9.81,0,0,0,0,0,0,0,"N",-1,-5.9,0,0,0,0,0,0,0,0,0,0,0,0,0,0
"20049","5","10","71","0","2017","4","",70,292,297,310,1999688,628736,10229,513,"",0.75,0.54,0.55,0.56,0.61,0.28,0.78,1.10,"",-1,-1.4,1,0.3,11,3.8,25,8.8,146918,7.9,56443,9.9,-1098,-9.7,17,3.4
"20051","0","10","70","0","2017","4","",1119,15381,15346,15290,145833963,24101156,141918,731,"",1.00,1.00,1.00,1.00,1.00,1.00,1.00,1.00,"",-22,-1.9,108,0.7,49,0.3,170,1.1,1070823,0.7,-905832,-3.6,26672,23.1,0,0.0
"20051","1","10","71","0","2017","4","",14,127,133,133,2003603,0,0,1177,"",2.09,0.43,0.45,0.45,0.50,0.00,0.00,1.13,"",-1,-6.7,1,0.8,6,4.7,4,3.1,151507,8.2,0,0.0,0,0.0,58,5.2
"20051","2","10","71","0","2017","4","",25,1336,1332,1334,17094894,0,0,986,"",3.19,2.71,2.71,2.74,3.59,0.00,0.00,1.32,"",1,4.2,113,9.2,126,10.4,138,11.5,-1242390,-6.8,0,0.0,0,0.0,-181,-15.5
"20051","3","10","71","0","2017","4","",21,1551,1532,1538,11003601,10811488,12125,550,"",1.10,1.02,1.01,1.02,0.88,22.66,16.23,0.87,"",-1,-4.5,19,1.2,15,1.0,32,2.1,451332,4.3,423394,4.1,609,5.3,15,2.8
"20051","5","10","71","0","2017","4","",1059,12367,12349,12285,115731865,13289668,129793,722,"",0.98,0.95,0.95,0.95,0.93,0.57,0.92,0.98,"",-21,-1.9,-25,-0.2,-98,-0.8,-4,0.0,1710374,1.5,-1329226,-9.1,26063,25.1,13,1.8
"20053","0","10","70","0","2017","4","",191,2216,2238,2233,21473009,4532680,28365,741,"",1.00,1.00,1.00,1.00,1.00,1.00,1.00,1.00,"",-8,-4.0,-56,-2.5,-50,-2.2,-71,-3.1,954203,4.7,293001,6.9,2025,7.7,51,7.4
"20053","1","10","71","0","2017","4","",8,28,27,27,313407,0,0,882,"",6.98,0.66,0.63,0.63,0.53,0.00,0.00,0.83,"",0,0.0,-2,-6.7,0,0.0,-1,-3.6,32944,11.7,0,0.0,0,0.0,121,15.9
"20053","2","10","71","0","2017","4","",11,257,250,249,2625897,0,0,802,"",8.22,3.61,3.49,3.50,3.75,0.00,0.00,1.06,"",3,37.5,-10,-3.7,-18,-6.7,-28,-10.1,-122885,-4.5,0,0.0,0,0.0,21,2.7
"20053","3","10","71","0","2017","4","",31,599,598,585,4934062,2796005,2539,639,"",9.55,2.73,2.69,2.65,2.67,31.16,17.01,0.99,"",1,3.3,-26,-4.2,-21,-3.4,-35,-5.6,221083,4.7,90021,3.3,-2464,-49.3,56,9.6
"20053","5","10","71","0","2017","4","",141,1332,1363,1372,13599643,1736675,25826,772,"",0.76,0.71,0.72,0.72,0.74,0.40,0.92,1.04,"",-12,-7.8,-18,-1.3,-11,-0.8,-7,-0.5,823061,6.4,202980,13.2,4489,21.0,53,7.4
"20055","0","10","70","0","2017","4","",1098,18920,19075,19097,194615657,45215191,242484,787,"",1.00,1.00,1.00,1.00,1.00,1.00,1.00,1.00,"",-13,-1.2,-307,-1.6,-219,-1.1,-144,-0.7,5458253,2.9,-1874832,-4.0,-50244,-17.2,31,4.1
"20055","1","10","71","0","2017","4","",11,112,111,115,1731074,0,0,1182,"",1.67,0.31,0.30,0.31,0.32,0.00,0.00,1.05,"",-1,-8.3,-9,-7.4,-11,-9.0,-7,-5.7,-88292,-4.9,0,0.0,0,0.0,32,2.8
"20055","2","10","71","0","2017","4","",19,224,222,219,2432888,0,0,844,"",2.47,0.37,0.36,0.36,0.38,0.00,0.00,1.05,"",1,5.6,-19,-7.8,-20,-8.3,-27,-11.0,-28537,-1.2,0,0.0,0,0.0,67,8.6
"20055","3","10","71","0","2017","4","",18,2766,2827,2767,25006822,23828225,30105,690,"",0.96,1.48,1.49,1.46,1.49,26.62,23.59,1.01,"",0,0.0,41,1.5,98,3.6,49,1.8,704654,2.9,766739,3.3,-12846,-29.9,4,0.6
"20055","5","10","71","0","2017","4","",1050,15818,15915,15996,165444873,21386966,212379,800,"",0.99,0.98,0.98,0.99,1.00,0.49,0.88,1.01,"",-13,-1.2,-320,-2.0,-286,-1.8,-159,-1.0,4870428,3.0,-2641571,-11.0,-37398,-15.0,36,4.7
"20057","0","10","70","0","2017","4","",853,17646,17655,17732,175010772,36100861,182085,762,"",1.00,1.00,1.00,1.00,1.00,1.00,1.00,1.00,"",2,0.2,-313,-1.7,-334,-1.9,-226,-1.3,-1199581,-0.7,-864070,-2.3,-12086,-6.2,8,1.1
"20057","1","10","71","0","2017","4","",14,213,212,207,3430783,0,0,1253,"",2.74,0.63,0.63,0.61,0.71,0.00,0.00,1.15,"",0,0.0,-14,-6.2,-13,-5.8,-18,-8.0,-27463,-0.8,0,0.0,0,0.0,74,6.3
"20057","2","10","71","0","2017","4","",22,248,245,247,2560595,0,0,799,"",3.68,0.44,0.43,0.44,0.45,0.00,0.00,1.03,"",0,0.0,-6,-2.4,-10,-3.9,-13,-5.0,-168823,-6.2,0,0.0,0,0.0,-20,-2.4
"20057","3","10","71","0","2017","4","",31,2412,2413,2416,19628813,16743915,20944,626,"",2.14,1.38,1.38,1.38,1.30,23.43,21.86,0.95,"",1,3.3,97,4.2,108,4.7,114,5.0,424871,2.2,274364,1.7,-872,-4.0,-14,-2.2
"20057","5","10","71","0","2017","4","",786,14773,14785,14862,149390581,19356946,161141,776,"",0.95,0.99,0.99,0.99,1.00,0.55,0.89,1.01,"",1,0.1,-390,-2.6,-419,-2.8,-309,-2.0,-1428166,-0.9,-1138434,-5.6,-11214,-6.5,12,1.6
"20059","0","10","70","0","2017","4","",637,9540,9545,9443,93360940,30556120,163828,755,"",1.00,1.00,1.00,1.00,1.00,1.00,1.00,1.00,"",-6,-0.9,-3,0.0,-107,-1.1,-105,-1.1,1074700,1.2,566296,1.9,-11043,-6.3,14,1.9
"20059","1","10","71","0","2017","4","",14,67,63,67,851897,0,0,998,"",3.66,0.36,0.34,0.37,0.33,0.00,0.00,0.92,"",0,0.0,7,11.7,-1,-1.6,2,3.1,20209,2.4,0,0.0,0,0.0,-17,-1.7
"20059","2","10","71","0","2017","4","",10,72,72,72,788694,0,0,843,"",2.24,0.24,0.24,0.24,0.26,0.00,0.00,1.09,"",0,0.0,4,5.9,4,5.9,2,2.9,46914,6.3,0,0.0,0,0.0,12,1.4
"20059","3","10","71","0","2017","4","",34,1951,1977,1973,18735984,18525486,19942,733,"",3.14,2.06,2.09,2.11,2.33,30.63,23.13,1.12,"",1,3.0,60,3.2,71,3.7,84,4.4,950885,5.3,919326,5.2,-8333,-29.5,11,1.5
"20059","5","10","71","0","2017","4","",579,7450,7433,7331,72984365,12030634,143886,758,"",0.94,0.92,0.92,0.91,0.92,0.41,0.88,1.00,"",-7,-1.2,-74,-1.0,-181,-2.4,-193,-2.6,56692,0.1,-353030,-2.9,-2710,-1.8,15,2.0
"20061","0","10","70","0","2017","4","",693,13098,13111,13181,127475525,34844226,269070,747,"",1.00,1.00,1.00,1.00,1.00,1.00,1.00,1.00,"",-23,-3.2,-733,-5.3,-617,-4.5,-447,-3.3,-3121019,-2.4,-1717608,-4.7,39752,17.3,15,2.0
"20061","1","10","71","0","2017","4","",21,3110,3134,3125,44772221,0,0,1103,"",5.05,12.34,12.49,12.31,12.78,0.00,0.00,1.03,"",0,0.0,-32,-1.0,16,0.5,-9,-0.3,830704,1.9,0,0.0,0,0.0,24,2.2
"20061","2","10","71","0","2017","4","",17,145,144,146,1474065,0,0,782,"",3.50,0.34,0.34,0.35,0.35,0.00,0.00,1.03,"",2,13.3,-3,-2.0,0,0.0,4,2.8,20243,1.4,0,0.0,0,0.0,9,1.2
"20061","3","10","71","0","2017","4","",15,2409,2409,2427,22090400,21765646,32525,704,"",1.27,1.86,1.85,1.86,2.02,31.55,22.97,1.09,"",-1,-6.2,-168,-6.5,-208,-7.9,-171,-6.6,-1364366,-5.8,-1345234,-5.8,8445,35.1,9,1.3
"20061","5","10","71","0","2017","4","",640,7434,7424,7483,59138839,13078580,236545,611,"",0.95,0.67,0.67,0.67,0.54,0.39,0.88,0.81,"",-24,-3.6,-530,-6.7,-425,-5.4,-271,-3.5,-2607600,-4.2,-372374,-2.8,31307,15.3,6,1.0
"20063","0","10","70","0","2017","4","",152,1242,1244,1255,10803089,3872458,10704,666,"",1.00,1.00,1.00,1.00,1.00,1.00,1.00,1.00,"",-1,-0.7,14,1.1,23,1.9,20,1.6,571296,5.6,42552,1.1,-629,-5.6,25,3.9
"20063","1","10","71","0","2017","4","",6,11,15,12,121575,0,0,738,"",6.58,0.46,0.63,0.50,0.41,0.00,0.00,0.77,"",0,0.0,-5,-31.2,3,25.0,-4,-25.0,-6378,-5.0,0,0.0,0,0.0,67,10.0
"20063","2","10","71","0","2017","4","",3,12,13,13,111187,0,0,675,"",2.82,0.30,0.33,0.32,0.32,0.00,0.00,0.99,"",-1,-25.0,-3,-20.0,-1,-7.1,-1,-7.1,-9916,-8.2,0,0.0,0,0.0,25,3.8
"20063","3","10","71","0","2017","4","",15,408,396,424,2870364,2862638,3067,539,"",5.81,3.32,3.21,3.41,3.09,37.34,54.44,0.93,"",-1,-6.2,-6,-1.4,-33,-7.7,-1,-0.2,56502,2.0,63128,2.3,-1767,-36.6,27,5.3
"20063","5","10","71","0","2017","4","",128,811,820,806,7699963,1009820,7637,729,"",0.87,0.77,0.78,0.76,0.83,0.27,0.72,1.09,"",1,0.8,28,3.6,54,7.0,26,3.3,531088,7.4,-20576,-2.0,1138,17.5,19,2.7
"20065","0","10","70","0","2017","4","",115,812,831,824,7577783,2649892,13552,709,"",1.00,1.00,1.00,1.00,1.00,1.00,1.00,1.00,"",-10,-8.0,-69,-7.8,-45,-5.1,-29,-3.4,-385280,-4.8,-373047,-12.3,2895,27.2,5,0.7
"20065","1","10","71","0","2017","4","",8,21,18,18,236446,0,0,957,"",11.60,1.34,1.13,1.13,1.14,0.00,0.00,0.94,"",0,0.0,0,0.0,-3,-14.3,-6,-25.0,-16625,-6.6,0,0.0,0,0.0,72,8.1
"20065","2","10","71","0","2017","4","",5,11,11,11,111230,0,0,778,"",6.21,0.42,0.41,0.42,0.45,0.00,0.00,1.08,"",-1,-16.7,-1,-8.3,-1,-8.3,-2,-15.4,-17757,-13.8,0,0.0,0,0.0,-26,-3.2
"20065","3","10","71","0","2017","4","",10,296,292,288,2044033,1971377,3377,538,"",5.12,3.68,3.54,3.53,3.14,37.58,47.35,0.87,"",-2,-16.7,-7,-2.3,-5,-1.7,9,3.2,-70708,-3.3,-60155,-3.0,-112,-3.2,-17,-3.1
"20065","5","10","71","0","2017","4","",92,484,510,507,5186074,678515,10175,797,"",0.82,0.70,0.72,0.72,0.80,0.26,0.76,1.12,"",-7,-7.1,-61,-11.2,-36,-6.6,-30,-5.6,-280190,-5.1,-312892,-31.6,3007,42.0,22,2.8
"20067","0","10","70","0","2017","4","",242,3000,2972,2956,32717148,5104397,41126,846,"",1.00,1.00,1.00,1.00,1.00,1.00,1.00,1.00,"",-13,-5.1,-101,-3.3,-81,-2.7,-32,-1.1,-3331891,-9.2,62151,1.2,15380,59.7,-64,-7.0
"20067","1","10","71","0","2017","4","",4,19,16,16,202550,0,0,917,"",2.76,0.33,0.28,0.28,0.23,0.00,0.00,0.76,"",0,0.0,0,0.0,-3,-15.8,-2,-11.1,30915,18.0,0,0.0,0,0.0,210,29.7
"20067","2","10","71","0","2017","4","",8,20,20,21,201505,0,0,762,"",4.72,0.21,0.21,0.22,0.19,0.00,0.00,0.88,"",3,60.0,3,17.6,4,25.0,4,23.5,23044,12.9,0,0.0,0,0.0,-62,-7.5
"20067","3","10","71","0","2017","4","",13,591,579,571,4398233,1770387,1767,583,"",3.16,1.99,1.96,1.95,1.56,17.52,8.16,0.79,"",-1,-7.1,-92,-13.5,-101,-14.9,-105,-15.5,-716378,-14.0,-716060,-28.8,-721,-29.0,4,0.7
"20067","5","10","71","0","2017","4","",217,2370,2357,2348,27914860,3334010,39359,911,"",0.92,0.93,0.93,0.93,1.00,0.68,0.96,1.07,"",-15,-6.5,-12,-0.5,19,0.8,71,3.1,-2669472,-8.7,778211,30.4,16101,69.2,-98,-9.7
"20069","0","10","70","0","2017","4","",464,3383,3419,3433,32457270,9129444,46012,732,"",1.00,1.00,1.00,1.00,1.00,1.00,1.00,1.00,"",30,6.9,151,4.7,201,6.2,225,7.0,1013330,3.2,-10298,-0.1,5002,12.2,-19,-2.5
"20069","1","10","71","0","2017","4","",9,20,22,20,241769,0,0,900,"",3.23,0.31,0.34,0.30,0.27,0.00,0.00,0.86,"",0,0.0,2,11.1,2,10.0,0,0.0,23809,10.9,0,0.0,0,0.0,33,3.8
"20069","2","10","71","0","2017","4","",5,15,15,15,191587,0,0,982,"",1.54,0.14,0.14,0.14,0.18,0.00,0.00,1.32,"",0,0.0,-1,-6.2,-1,-6.2,-1,-6.2,1782,0.9,0,0.0,0,0.0,69,7.6
"20069","3","10","71","0","2017","4","",20,968,975,980,5887323,5733959,8206,465,"",2.54,2.89,2.87,2.88,2.11,31.73,33.89,0.73,"",0,0.0,22,2.3,20,2.1,27,2.8,163718,2.9,145193,2.6,1526,22.8,2,0.4
"20069","5","10","71","0","2017","4","",430,2380,2407,2418,26136591,3395485,37806,837,"",0.96,0.83,0.83,0.83,0.94,0.38,0.83,1.14,"",30,7.5,128,5.7,180,8.1,199,9.0,824021,3.3,-155491,-4.4,3476,10.1,-35,-4.0
"20071","0","10","70","0","2017","4","",74,666,660,672,5487516,2687043,6466,634,"",1.00,1.00,1.00,1.00,1.00,1.00,1.00,1.00,"",1,1.4,-31,-4.4,-17,-2.5,-28,-4.0,-162410,-2.9,3261,0.1,-1895,-22.7,5,0.8
"20071","1","10","71","0","2017","4","",4,8,12,8,125805,0,0,1037,"",9.01,0.62,0.95,0.62,0.83,0.00,0.00,1.14,"",0,0.0,-4,-33.3,4,50.0,-3,-27.3,8991,7.7,0,0.0,0,0.0,167,19.2
"20071","2","10","71","0","2017","4","",3,11,12,13,148227,0,0,950,"",5.79,0.51,0.57,0.61,0.83,0.00,0.00,1.47,"",0,0.0,-3,-21.4,-1,-7.7,0,0.0,34750,30.6,0,0.0,0,0.0,295,45.0
"20071","3","10","71","0","2017","4","",9,320,310,316,2206071,2206071,2195,538,"",7.16,4.85,4.73,4.75,4.68,41.47,64.50,0.98,"",0,0.0,14,4.6,4,1.3,4,1.3,95010,4.5,95010,4.5,84,4.0,11,2.1
"20071","5","10","71","0","2017","4","",58,327,326,335,3007413,480972,4271,702,"",0.81,0.58,0.58,0.59,0.64,0.19,0.66,1.10,"",1,1.8,-38,-10.4,-24,-6.9,-29,-8.0,-301161,-9.1,-91749,-16.0,-1979,-31.7,-6,-0.8
"20073","0","10","70","0","2017","4","",217,1669,1723,1818,13175294,4295452,28971,584,"",1.00,1.00,1.00,1.00,1.00,1.00,1.00,1.00,"",-5,-2.3,-121,-6.8,11,0.6,75,4.3,41065,0.3,26882,0.6,4497,18.4,6,1.0
"20073","1","10","71","0","2017","4","",13,34,35,34,344174,0,0,771,"",9.99,1.06,1.06,0.97,0.95,0.00,0.00,0.92,"",0,0.0,-4,-10.5,0,0.0,-4,-10.5,3363,1.0,0,0.0,0,0.0,62,8.7
"20073","2","10","71","0","2017","4","",6,23,23,24,210318,0,0,693,"",3.95,0.43,0.42,0.41,0.49,0.00,0.00,1.16,"",2,50.0,3,15.0,1,4.5,2,9.1,15782,8.1,0,0.0,0,0.0,-8,-1.1
"20073","3","10","71","0","2017","4","",23,481,531,631,2594485,2530672,3249,364,"",6.24,2.91,3.10,3.51,2.29,29.76,21.31,0.72,"",0,0.0,-107,-18.2,35,7.1,117,22.8,57999,2.3,60798,2.5,-1974,-37.8,-2,-0.5
"20073","5","10","71","0","2017","4","",175,1131,1134,1129,10026317,1764780,25722,682,"",0.83,0.80,0.77,0.73,0.89,0.42,0.89,1.16,"",-7,-3.8,-13,-1.1,-25,-2.2,-40,-3.4,-36079,-0.4,-33916,-1.9,6471,33.6,13,1.9
"20075","0","10","70","0","2017","4","",97,1375,1360,1402,12604011,3529185,20116,703,"",1.00,1.00,1.00,1.00,1.00,1.00,1.00,1.00,"",2,2.1,37,2.8,44,3.3,67,5.0,718621,6.0,274095,8.4,-898,-4.3,15,2.2
"20075","1","10","71","0","2017","4","",5,7,7,6,91195,0,0,1052,"",8.59,0.26,0.27,0.22,0.26,0.00,0.00,1.05,"",0,0.0,-6,-46.2,-5,-41.7,-7,-53.8,-4392,-4.6,0,0.0,0,0.0,472,81.4
"20075","2","10","71","0","2017","4","",4,21,21,22,212348,0,0,766,"",5.89,0.48,0.48,0.49,0.52,0.00,0.00,1.07,"",0,0.0,-1,-4.5,-1,-4.5,-1,-4.3,-18227,-7.9,0,0.0,0,0.0,-28,-3.5
"20075","3","10","71","0","2017","4","",11,208,212,218,1383288,1383288,2066,500,"",6.67,1.53,1.57,1.57,1.28,19.80,19.51,0.82,"",0,0.0,-51,-19.7,-43,-16.9,-38,-14.8,-316004,-18.6,-316004,-18.6,-5473,-72.6,-9,-1.8
"20075","5","10","71","0","2017","4","",77,1139,1120,1156,10917180,2145897,18050,738,"",0.82,0.98,0.97,0.97,1.01,0.63,0.90,1.04,"",2,2.7,95,9.1,93,9.1,113,10.8,1057244,10.7,590099,37.9,4575,34.0,7,1.0
"20077","0","10","70","0","2017","4","",223,2182,2209,2199,20421565,5664512,25342,715,"",1.00,1.00,1.00,1.00,1.00,1.00,1.00,1.00,"",-14,-5.9,-1,0.0,4,0.2,-7,-0.3,793895,4.0,-138574,-2.4,446,1.8,28,4.1
"20077","1","10","71","0","2017","4","",9,27,29,29,311106,0,0,845,"",6.73,0.64,0.69,0.68,0.55,0.00,0.00,0.83,"",0,0.0,-3,-10.0,-1,-3.3,-4,-12.1,-10532,-3.3,0,0.0,0,0.0,47,5.9
"20077","2","10","71","0","2017","4","",4,14,15,15,142919,0,0,750,"",2.56,0.20,0.21,0.21,0.21,0.00,0.00,1.03,"",0,0.0,-5,-26.3,-5,-25.0,-5,-25.0,-28854,-16.8,0,0.0,0,0.0,78,11.6
"20077","3","10","71","0","2017","4","",19,782,782,777,5966210,3588607,3834,588,"",5.01,3.62,3.56,3.57,3.40,32.00,28.75,0.95,"",0,0.0,-5,-0.6,-7,-0.9,-7,-0.9,118529,2.0,-435571,-10.8,-2595,-40.4,16,2.8
"20077","5","10","71","0","2017","4","",191,1359,1383,1378,14001330,2075905,21508,784,"",0.88,0.73,0.74,0.74,0.80,0.38,0.85,1.09,"",-14,-6.8,12,0.9,17,1.2,9,0.7,714752,5.4,296997,16.7,3041,16.5,33,4.4
"20079","0","10","70","0","2017","4","",775,13819,13842,13737,129889772,26431402,161580,724,"",1.00,1.00,1.00,1.00,1.00,1.00,1.00,1.00,"",-22,-2.8,-355,-2.5,-360,-2.5,-463,-3.3,1020121,0.8,-764104,-2.8,-25936,-13.8,26,3.7
"20079","1","10","71","0","2017","4","",10,74,72,67,925777,0,0,1003,"",2.15,0.28,0.27,0.25,0.26,0.00,0.00,0.97,"",0,0.0,6,8.8,6,9.1,0,0.0,45150,5.1,0,0.0,0,0.0,-8,-0.8
"20079","2","10","71","0","2017","4","",11,69,69,72,680430,0,0,748,"",2.03,0.16,0.16,0.16,0.16,0.00,0.00,1.01,"",1,10.0,0,0.0,-1,-1.4,3,4.3,12699,1.9,0,0.0,0,0.0,7,0.9
"20079","3","10","71","0","2017","4","",43,2000,2060,1941,14712999,14479054,16027,566,"",3.26,1.46,1.50,1.43,1.32,27.67,18.85,0.90,"",0,0.0,-62,-3.0,-9,-0.4,-103,-5.0,319837,2.2,295837,2.1,-12751,-44.3,28,5.2
"20079","5","10","71","0","2017","4","",711,11676,11641,11657,113570566,11952348,145553,749,"",0.95,0.99,0.99,1.00,1.02,0.47,0.91,1.03,"",-23,-3.1,-299,-2.5,-356,-3.0,-363,-3.0,642435,0.6,-1059941,-8.1,-13185,-8.3,25,3.5
"20081","0","10","70","0","2017","4","",166,1840,1829,1855,20214089,6143832,21873,844,"",1.00,1.00,1.00,1.00,1.00,1.00,1.00,1.00,"",0,0.0,-7,-0.4,-12,-0.7,-4,-0.2,749510,3.9,244997,4.2,1287,6.3,34,4.2
"20081","1","10","71","0","2017","4","",6,13,16,12,212603,0,0,1197,"",6.03,0.37,0.46,0.34,0.38,0.00,0.00,0.99,"",0,0.0,1,8.3,1,6.7,-2,-14.3,14632,7.4,0,0.0,0,0.0,83,7.5
"20081","2","10","71","0","2017","4","",4,11,11,13,112232,0,0,740,"",3.44,0.19,0.19,0.22,0.17,0.00,0.00,0.86,"",0,0.0,2,22.2,3,37.5,3,30.0,38117,51.4,0,0.0,0,0.0,107,16.9
"20081","3","10","71","0","2017","4","",15,524,520,560,4565596,4424197,4696,657,"",5.32,2.87,2.86,3.05,2.63,36.38,40.79,0.90,"",0,0.0,-22,-4.0,-24,-4.4,6,1.1,64444,1.4,44846,1.0,-1187,-20.2,25,4.0
"20081","5","10","71","0","2017","4","",141,1292,1282,1270,15323658,1719635,17177,920,"",0.88,0.83,0.83,0.81,0.89,0.29,0.79,1.08,"",0,0.0,12,0.9,8,0.6,-11,-0.9,632317,4.3,200151,13.2,2474,16.8,36,4.1
"20083","0","10","70","0","2017","4","",82,553,550,573,4569330,2350932,7578,629,"",1.00,1.00,1.00,1.00,1.00,1.00,1.00,1.00,"",5,6.5,-10,-1.8,-23,-4.0,-8,-1.4,-174428,-3.7,-115984,-4.7,-4054,-34.9,-9,-1.4
"20083","1","10","71","0","2017","4","",5,15,19,18,161992,0,0,719,"",10.17,1.41,1.81,1.63,1.29,0.00,0.00,0.80,"",0,0.0,2,15.4,5,35.7,2,12.5,12405,8.3,0,0.0,0,0.0,-84,-10.5
"20083","2","10","71","0","2017","4","",6,9,9,9,92330,0,0,789,"",10.44,0.51,0.51,0.49,0.62,0.00,0.00,1.23,"",1,20.0,-7,-43.8,-7,-43.8,-5,-35.7,-20125,-17.9,0,0.0,0,0.0,225,39.9
"20083","3","10","71","0","2017","4","",13,268,255,271,1946719,1908714,1888,566,"",9.33,4.89,4.67,4.78,4.95,41.01,47.34,1.04,"",0,0.0,5,1.9,-13,-4.9,2,0.7,-53142,-2.7,-68913,-3.5,-2326,-55.2,-11,-1.9
"20083","5","10","71","0","2017","4","",58,261,267,275,2368289,442218,5690,681,"",0.73,0.56,0.57,0.56,0.61,0.19,0.76,1.08,"",4,7.4,-10,-3.7,-8,-2.9,-7,-2.5,-113566,-4.6,-47071,-9.6,-1728,-23.3,-11,-1.6
"20085","0","10","70","0","2017","4","",318,4174,4216,4246,34664264,9104858,41536,633,"",1.00,1.00,1.00,1.00,1.00,1.00,1.00,1.00,"",-5,-1.5,-101,-2.4,-89,-2.1,-33,-0.8,852216,2.5,-260603,-2.8,-6153,-12.9,26,4.3
"20085","1","10","71","0","2017","4","",13,50,51,51,520350,0,0,790,"",6.82,0.62,0.63,0.62,0.55,0.00,0.00,0.87,"",0,0.0,3,6.4,-3,-5.6,-1,-1.9,16774,3.3,0,0.0,0,0.0,30,3.9
"20085","2","10","71","0","2017","4","",10,29,29,28,327073,0,0,878,"",4.49,0.22,0.21,0.21,0.29,0.00,0.00,1.36,"",1,11.1,1,3.6,0,0.0,-3,-9.7,20643,6.7,0,0.0,0,0.0,74,9.2
"20085","3","10","71","0","2017","4","",26,1916,1941,1934,16172508,6242213,6361,644,"",4.81,4.63,4.64,4.60,5.43,34.63,29.10,1.17,"",0,0.0,-73,-3.7,-27,-1.4,7,0.4,65366,0.4,149249,2.4,-1294,-16.9,12,1.9
"20085","5","10","71","0","2017","4","",269,2179,2195,2233,17644333,2862645,35175,616,"",0.87,0.61,0.61,0.62,0.60,0.32,0.85,0.97,"",-6,-2.2,-32,-1.4,-59,-2.6,-36,-1.6,749433,4.4,-409852,-12.5,-4859,-12.1,37,6.4
"20087","0","10","70","0","2017","4","",379,3803,3635,3625,35176900,10924487,116745,734,"",1.00,1.00,1.00,1.00,1.00,1.00,1.00,1.00,"",-13,-3.3,-38,-1.0,33,0.9,36,1.0,1376026,4.1,-150260,-1.4,-33371,-22.2,27,3.8
"20087","1","10","71","0","2017","4","",14,66,70,62,716575,0,0,835,"",6.16,0.90,1.01,0.89,0.74,0.00,0.00,0.80,"",0,0.0,-2,-2.9,5,7.7,-8,-11.4,-60590,-7.8,0,0.0,0,0.0,-48,-5.4
"20087","2","10","71","0","2017","4","",12,41,41,37,431037,0,0,836,"",4.52,0.34,0.35,0.32,0.38,0.00,0.00,1.12,"",4,50.0,-1,-2.4,2,5.1,3,8.8,13627,3.3,0,0.0,0,0.0,-2,-0.2
"20087","3","10","71","0","2017","4","",37,1072,1080,1054,7360150,7191484,10369,530,"",5.74,2.84,2.99,2.94,2.43,33.25,16.88,0.83,"",-1,-2.6,-1,-0.1,-3,-0.3,-26,-2.4,56646,0.8,59709,0.8,-10028,-49.2,9,1.7
"20087","5","10","71","0","2017","4","",316,2624,2444,2472,26669138,3733003,106376,816,"",0.86,0.81,0.79,0.80,0.89,0.35,0.92,1.11,"",-16,-4.8,-34,-1.3,29,1.2,67,2.8,1366343,5.4,-209969,-5.3,-23343,-18.0,35,4.5
"20089","0","10","70","0","2017","4","",106,765,754,768,5725738,2512193,5931,578,"",1.00,1.00,1.00,1.00,1.00,1.00,1.00,1.00,"",3,2.9,20,2.7,7,0.9,16,2.1,227065,4.1,185727,8.0,-249,-4.0,13,2.3
"20089","1","10","71","0","2017","4","",10,26,24,24,224017,0,0,699,"",15.73,1.77,1.66,1.62,1.42,0.00,0.00,0.85,"",0,0.0,0,0.0,1,4.3,-3,-11.1,5998,2.8,0,0.0,0,0.0,37,5.6
"20089","2","10","71","0","2017","4","",4,28,28,25,276429,0,0,788,"",5.39,1.14,1.16,1.02,1.48,0.00,0.00,1.34,"",0,0.0,-1,-3.4,1,3.7,-2,-7.4,11507,4.3,0,0.0,0,0.0,51,6.9
"20089","3","10","71","0","2017","4","",17,320,316,331,2014285,1985025,2892,481,"",9.44,4.22,4.22,4.35,4.09,39.92,92.65,0.96,"",0,0.0,13,4.2,11,3.6,22,7.1,191462,10.5,194050,10.8,-573,-16.5,24,5.3
"20089","5","10","71","0","2017","4","",75,391,386,388,3211007,527168,3039,636,"",0.73,0.60,0.60,0.59,0.66,0.22,0.52,1.09,"",3,4.2,8,2.1,-6,-1.5,-1,-0.3,18098,0.6,-8323,-1.6,324,11.9,3,0.5
"20091","0","10","70","0","2017","4","",23315,346819,349888,350024,4937847722,749365741,8517454,1089,"",1.00,1.00,1.00,1.00,1.00,1.00,1.00,1.00,"",-276,-1.2,4964,1.5,6413,1.9,5871,1.7,185870096,3.9,-18736743,-2.4,73318,0.9,24,2.3
"20091","1","10","71","0","2017","4","",42,2574,2573,2581,55449305,0,0,1656,"",0.30,0.39,0.38,0.38,0.41,0.00,0.00,1.06,"",-2,-4.5,38,1.5,4,0.2,-23,-0.9,435885,0.8,0,0.0,0,0.0,9,0.5
"20091","2","10","71","0","2017","4","",31,998,1001,1000,11768866,0,0,906,"",0.19,0.09,0.09,0.09,0.07,0.00,0.00,0.82,"",-1,-3.1,138,16.0,143,16.7,126,14.4,2098648,21.7,0,0.0,0,0.0,45,5.2
"20091","3","10","71","0","2017","4","",45,27321,27152,27015,284399951,279633926,302898,805,"",0.11,0.80,0.78,0.78,0.67,18.85,6.76,0.85,"",0,0.0,270,1.0,652,2.5,528,2.0,16135203,6.0,15851855,6.0,-38587,-11.3,32,4.1
"20091","5","10","71","0","2017","4","",23197,315926,319162,319428,4586229600,469731815,8214556,1109,"",1.03,1.07,1.07,1.07,1.09,0.65,0.97,1.01,"",-273,-1.2,4518,1.5,5614,1.8,5240,1.7,167200360,3.8,-34588598,-6.9,111905,1.4,23,2.1
"20093","0","10","70","0","2017","4","",131,1356,1392,1354,13071275,7166254,20148,735,"",1.00,1.00,1.00,1.00,1.00,1.00,1.00,1.00,"",-4,-3.0,28,2.1,60,4.5,-6,-0.4,326519,2.6,181442,2.6,2353,13.2,3,0.4
"20093","1","10","71","0","2017","4","",5,13,12,16,150991,0,0,850,"",6.36,0.50,0.45,0.61,0.42,0.00,0.00,0.81,"",0,0.0,0,0.0,-3,-20.0,0,0.0,175,0.1,0,0.0,0,0.0,59,7.5
"20093","2","10","71","0","2017","4","",6,13,13,14,139371,0,0,804,"",6.54,0.30,0.29,0.32,0.33,0.00,0.00,1.07,"",1,20.0,0,0.0,0,0.0,2,16.7,13849,11.0,0,0.0,0,0.0,42,5.5
"20093","3","10","71","0","2017","4","",13,688,705,677,6125732,6125732,11637,683,"",5.84,5.12,5.10,5.05,5.45,43.18,109.75,1.07,"",0,0.0,30,4.6,47,7.1,-14,-2.0,285073,4.9,285073,4.9,3864,49.7,11,1.6
"20093","5","10","71","0","2017","4","",107,642,662,647,6655181,1040522,8511,787,"",0.84,0.56,0.56,0.56,0.60,0.15,0.43,1.06,"",-5,-4.5,-2,-0.3,16,2.5,6,0.9,27422,0.4,-103631,-9.1,-1511,-15.1,-5,-0.6
"20095","0","10","70","0","2017","4","",245,2354,2368,2377,20724992,5330701,57133,674,"",1.00,1.00,1.00,1.00,1.00,1.00,1.00,1.00,"",-9,-3.5,-139,-5.6,-87,-3.5,-53,-2.2,-5335086,-20.5,-1823179,-25.5,-13947,-19.6,-141,-17.3
"20095","1","10","71","0","2017","4","",10,33,34,34,359697,0,0,822,"",6.81,0.73,0.75,0.74,0.63,0.00,0.00,0.85,"",0,0.0,-4,-10.8,-1,-2.9,0,0.0,-8578,-2.3,0,0.0,0,0.0,20,2.5
"20095","2","10","71","0","2017","4","",7,22,24,24,238104,0,0,785,"",4.08,0.29,0.32,0.32,0.35,0.00,0.00,1.14,"",1,16.7,0,0.0,5,26.3,3,14.3,47059,24.6,0,0.0,0,0.0,74,10.4
"20095","3","10","71","0","2017","4","",38,560,566,563,3172414,3125261,7268,433,"",9.13,2.40,2.41,2.39,1.78,29.62,24.17,0.74,"",0,0.0,-10,-1.8,3,0.5,-1,-0.2,66398,2.1,62386,2.0,2858,64.8,11,2.6
"20095","5","10","71","0","2017","4","",190,1739,1744,1756,16954777,2205440,49865,747,"",0.80,0.87,0.87,0.87,0.96,0.43,0.88,1.10,"",-10,-5.0,-125,-6.7,-94,-5.1,-55,-3.0,-5439965,-24.3,-1885565,-46.1,-16805,-25.2,-190,-20.3
"20097","0","10","70","0","2017","4","",108,1239,1260,1251,11463556,3466316,58831,705,"",1.00,1.00,1.00,1.00,1.00,1.00,1.00,1.00,"",-9,-7.7,-41,-3.2,-16,-1.3,-10,-0.8,754734,7.0,652629,23.2,26147,80.0,58,9.0
"20097","1","10","71","0","2017","4","",6,14,10,11,126602,0,0,835,"",9.26,0.59,0.41,0.46,0.40,0.00,0.00,0.83,"",0,0.0,-2,-12.5,-4,-28.6,-5,-31.2,446,0.4,0,0.0,0,0.0,202,31.9
"20097","2","10","71","0","2017","4","",7,12,12,12,123363,0,0,791,"",9.25,0.30,0.30,0.30,0.33,0.00,0.00,1.10,"",1,16.7,-2,-14.3,-2,-14.3,-2,-14.3,-61378,-33.2,0,0.0,0,0.0,-224,-22.1
"20097","3","10","71","0","2017","4","",16,326,344,336,2155589,1667604,1671,494,"",8.72,2.66,2.75,2.71,2.19,24.30,5.40,0.81,"",0,0.0,0,0.0,14,4.2,0,0.0,225466,11.7,176201,11.8,166,11.0,45,10.0
"20097","5","10","71","0","2017","4","",79,887,894,892,9058002,1798712,57160,782,"",0.75,0.84,0.84,0.84,0.93,0.54,0.98,1.10,"",-10,-11.2,-37,-4.0,-24,-2.6,-3,-0.3,590200,7.0,476428,36.0,25981,83.3,68,9.5
"20099","0","10","70","0","2017","4","",484,9137,9187,9250,85406900,26288262,186756,715,"",1.00,1.00,1.00,1.00,1.00,1.00,1.00,1.00,"",-19,-3.8,-162,-1.7,-146,-1.6,-98,-1.0,2197953,2.6,1038453,4.1,-50317,-21.2,29,4.2
"20099","1","10","71","0","2017","4","",13,82,76,76,1038567,0,0,1024,"",4.48,0.47,0.43,0.43,0.44,0.00,0.00,1.00,"",0,0.0,6,7.9,1,1.3,0,0.0,55781,5.7,0,0.0,0,0.0,25,2.5
"20099","2","10","71","0","2017","4","",15,612,613,611,5874201,0,0,738,"",4.42,2.09,2.08,2.07,2.11,0.00,0.00,1.01,"",3,25.0,-142,-18.8,-145,-19.1,-154,-20.1,-655174,-10.0,0,0.0,0,0.0,76,11.5
"20099","3","10","71","0","2017","4","",26,2097,2109,2109,18491742,17728219,25126,676,"",3.16,2.32,2.31,2.30,2.52,34.07,25.56,1.09,"",0,0.0,61,3.0,61,3.0,53,2.6,1197691,6.9,1230878,7.5,-15989,-38.9,26,4.0
"20099","5","10","71","0","2017","4","",430,6346,6389,6454,60002390,8560043,161630,722,"",0.92,0.82,0.82,0.82,0.82,0.34,0.87,1.00,"",-22,-4.9,-87,-1.4,-63,-1.0,3,0.0,1599655,2.7,-192425,-2.2,-34328,-17.5,25,3.6
"20101","0","10","70","0","2017","4","",87,691,639,666,6597800,1774060,3885,763,"",1.00,1.00,1.00,1.00,1.00,1.00,1.00,1.00,"",-2,-2.2,-11,-1.6,-30,-4.5,-20,-2.9,313651,5.0,135706,8.3,-852,-18.0,58,8.2
"20101","1","10","71","0","2017","4","",5,13,8,7,119715,0,0,987,"",9.58,0.98,0.65,0.55,0.66,0.00,0.00,0.90,"",0,0.0,1,8.3,-4,-33.3,-2,-22.2,19833,19.9,0,0.0,0,0.0,289,41.4
"20101","2","10","71","0","2017","4","",3,6,7,8,62243,0,0,684,"",4.92,0.27,0.34,0.38,0.29,0.00,0.00,0.88,"N",1,50.0,0,0,0,0,0,0,0,0,0,0,0,0,0,0
"20101","3","10","71","0","2017","4","",11,289,259,283,1779816,1290551,1284,494,"",7.44,4.22,4.08,4.29,3.14,36.75,62.80,0.75,"N",0,0.0,0,0,0,0,0,0,0,0,0,0,0,0,0,0
"20101","5","10","71","0","2017","4","",68,383,365,368,4636026,483509,2601,959,"",0.81,0.65,0.67,0.65,0.82,0.28,0.67,1.25,"",-3,-4.2,-45,-10.5,-30,-7.6,-13,-3.4,115176,2.5,-11595,-2.3,-992,-27.6,92,10.6
"20103","0","10","70","0","2017","4","",1406,21286,21245,21107,241160576,48905058,378511,875,"",1.00,1.00,1.00,1.00,1.00,1.00,1.00,1.00,"",-38,-2.6,-47,-0.2,12,0.1,276,1.3,6462282,2.8,-718995,-1.4,-90619,-19.3,21,2.5
"20103","1","10","71","0","2017","4","",36,4035,4067,4113,73486719,0,0,1388,"",4.27,9.85,10.00,10.12,11.09,0.00,0.00,1.11,"",0,0.0,-72,-1.8,-39,-0.9,7,0.2,1055086,1.5,0,0.0,0,0.0,31,2.3
"20103","2","10","71","0","2017","4","",18,685,684,679,7629644,0,0,860,"",1.83,1.00,1.01,1.01,0.97,0.00,0.00,0.96,"",3,20.0,-65,-8.7,-66,-8.8,-80,-10.5,-433133,-5.4,0,0.0,0,0.0,36,4.4
"20103","3","10","71","0","2017","4","",33,3415,3429,3402,29495912,29189863,38009,664,"",1.38,1.62,1.63,1.63,1.42,30.15,19.08,0.87,"",0,0.0,21,0.6,36,1.1,50,1.5,1217517,4.3,1212720,4.3,-5745,-13.1,20,3.1
"20103","5","10","71","0","2017","4","",1319,13151,13065,12913,130548301,19715195,340502,770,"",0.97,0.73,0.72,0.72,0.63,0.42,0.91,0.88,"",-41,-3.0,69,0.5,81,0.6,299,2.4,4622812,3.7,-1931715,-8.9,-84874,-20.0,19,2.5
"20105","0","10","70","0","2017","4","",114,950,927,919,7301352,3169502,10712,603,"",1.00,1.00,1.00,1.00,1.00,1.00,1.00,1.00,"",-4,-3.4,-22,-2.3,-59,-6.0,-34,-3.6,-355655,-4.6,-91026,-2.8,-7027,-39.6,-4,-0.7
"20105","1","10","71","0","2017","4","",8,30,25,24,296500,0,0,866,"",11.70,1.64,1.41,1.36,1.48,0.00,0.00,1.00,"",0,0.0,3,11.1,-3,-10.7,-3,-11.1,4622,1.6,0,0.0,0,0.0,45,5.5
"20105","2","10","71","0","2017","4","",5,19,18,18,188151,0,0,789,"",6.26,0.62,0.61,0.61,0.79,0.00,0.00,1.28,"",1,25.0,-2,-9.5,-3,-14.3,-1,-5.3,-10847,-5.5,0,0.0,0,0.0,36,4.8
"20105","3","10","71","0","2017","4","",15,373,372,367,2581696,2560788,2567,536,"",7.74,3.96,4.04,4.04,4.11,40.81,45.53,1.02,"",1,7.1,-10,-2.6,-12,-3.1,-7,-1.9,87311,3.5,77151,3.1,52,2.1,32,6.3
"20105","5","10","71","0","2017","4","",86,528,512,510,4235005,608714,8145,631,"",0.78,0.65,0.65,0.65,0.68,0.20,0.77,1.04,"",-6,-6.5,-13,-2.4,-41,-7.4,-23,-4.3,-436741,-9.3,-168177,-21.6,-7079,-46.5,-32,-4.8
"20107","0","10","70","0","2017","4","",255,2118,2076,2108,23279192,6713543,44171,852,"",1.00,1.00,1.00,1.00,1.00,1.00,1.00,1.00,"",-7,-2.7,-129,-5.7,-215,-9.4,-183,-8.0,-3241129,-12.2,-2010268,-23.0,-91476,-67.4,-44,-4.9
"20107","1","10","71","0","2017","4","",10,44,41,43,504619,0,0,910,"",6.54,1.08,1.03,1.06,0.79,0.00,0.00,0.75,"",0,0.0,-4,-8.3,-1,-2.4,-6,-12.2,24905,5.2,0,0.0,0,0.0,114,14.3
"20107","2","10","71","0","2017","4","",7,26,25,26,248918,0,0,746,"",3.92,0.38,0.38,0.39,0.33,0.00,0.00,0.86,"",0,0.0,-6,-18.8,-7,-21.9,-4,-13.3,-10388,-4.0,0,0.0,0,0.0,109,17.1
"20107","3","10","71","0","2017","4","",27,733,747,786,5262545,5076849,9975,536,"",6.23,3.49,3.62,3.77,2.63,38.20,42.91,0.73,"",0,0.0,-20,-2.7,18,2.5,13,1.7,202543,4.0,160880,3.3,789,8.6,18,3.5
"20107","5","10","71","0","2017","4","",211,1315,1263,1253,17263110,1636694,34196,1040,"",0.85,0.73,0.72,0.70,0.87,0.25,0.78,1.21,"",-7,-3.2,-99,-7.0,-225,-15.1,-186,-12.9,-3458189,-16.7,-2171148,-57.0,-92265,-73.0,-62,-5.6
"20109","0","10","70","0","2017","4","",138,1329,1300,1324,10976076,6041961,19544,641,"",1.00,1.00,1.00,1.00,1.00,1.00,1.00,1.00,"",0,0.0,52,4.1,14,1.1,68,5.4,940317,9.4,453581,8.1,8248,73.0,35,5.8
"20109","1","10","71","0","2017","4","",6,18,19,18,241046,0,0,1011,"",7.25,0.70,0.76,0.71,0.80,0.00,0.00,1.10,"",0,0.0,-4,-18.2,-3,-13.6,-4,-18.2,5933,2.5,0,0.0,0,0.0,189,23.0
"20109","2","10","71","0","2017","4","",7,36,36,33,370928,0,0,815,"",7.24,0.84,0.86,0.78,1.04,0.00,0.00,1.25,"",-1,-12.5,3,9.1,3,9.1,0,0.0,-8862,-2.3,0,0.0,0,0.0,-70,-7.9
"20109","3","10","71","0","2017","4","",14,710,688,727,5284760,5275010,11290,574,"",5.97,5.39,5.33,5.55,5.60,44.10,109.76,1.03,"",1,7.7,18,2.6,-18,-2.5,17,2.4,398110,8.1,398110,8.2,6367,129.3,39,7.3
"20109","5","10","71","0","2017","4","",111,565,557,546,5079342,766951,8254,703,"",0.83,0.50,0.50,0.49,0.54,0.13,0.43,1.09,"",0,0.0,35,6.6,32,6.1,55,11.2,545136,12.0,55471,7.8,1881,29.5,26,3.8
"20111","0","10","70","0","2017","4","",854,15278,15261,15252,134313658,40501837,214733,677,"",1.00,1.00,1.00,1.00,1.00,1.00,1.00,1.00,"",-14,-1.6,-199,-1.3,-246,-1.6,-223,-1.4,-661246,-0.5,729034,1.8,-3973,-1.8,7,1.0
"20111","1","10","71","0","2017","4","",15,96,89,90,1259101,0,0,1057,"",2.93,0.33,0.30,0.31,0.34,0.00,0.00,1.09,"",-1,-6.2,13,15.7,-3,-3.3,0,0.0,72354,6.1,0,0.0,0,0.0,24,2.3
"20111","2","10","71","0","2017","4","",21,981,977,978,12096682,0,0,951,"",3.51,2.00,2.00,2.01,2.76,0.00,0.00,1.38,"",2,10.5,-2,-0.2,-1,-0.1,-1,-0.1,-192108,-1.6,0,0.0,0,0.0,-14,-1.5
"20111","3","10","71","0","2017","4","",28,2798,2821,2814,24687471,24593371,37743,676,"",1.93,1.85,1.86,1.86,2.14,30.67,33.40,1.15,"",0,0.0,-106,-3.7,-96,-3.3,-121,-4.1,1408055,6.0,1405426,6.1,-15395,-29.0,62,10.1
"20111","5","10","71","0","2017","4","",790,11403,11374,11370,96270404,15908466,176990,651,"",0.95,0.88,0.88,0.88,0.84,0.41,0.83,0.96,"",-15,-1.9,-104,-0.9,-146,-1.3,-101,-0.9,-1949547,-2.0,-676392,-4.1,11422,6.9,-6,-0.9
"20113","0","10","70","0","2017","4","",922,14579,14653,14901,160583105,27418836,168108,840,"",1.00,1.00,1.00,1.00,1.00,1.00,1.00,1.00,"",-23,-2.4,150,1.0,282,2.0,505,3.5,6440617,4.2,1493993,5.8,28901,20.8,17,2.1
"20113","1","10","71","0","2017","4","",14,81,82,84,1109025,0,0,1036,"",2.53,0.29,0.29,0.29,0.25,0.00,0.00,0.86,"",0,0.0,-4,-4.7,-1,-1.2,-2,-2.3,7749,0.7,0,0.0,0,0.0,35,3.5
"20113","2","10","71","0","2017","4","",11,60,61,61,641324,0,0,813,"",1.70,0.13,0.13,0.13,0.12,0.00,0.00,0.95,"",0,0.0,0,0.0,4,7.0,1,1.7,29816,4.9,0,0.0,0,0.0,16,2.0
"20113","3","10","71","0","2017","4","",55,1947,1932,2005,14561849,14425137,21322,571,"",3.51,1.35,1.33,1.36,1.05,26.58,24.10,0.78,"",-2,-3.5,16,0.8,-9,-0.5,29,1.5,609714,4.4,652996,4.7,2502,13.3,20,3.6
"20113","5","10","71","0","2017","4","",842,12491,12578,12751,144270907,12993699,146786,880,"",0.94,1.01,1.01,1.01,1.05,0.49,0.88,1.04,"",-21,-2.4,138,1.1,288,2.3,477,3.9,5793338,4.2,840997,6.9,26399,21.9,14,1.6
"20115","0","10","70","0","2017","4","",325,3998,4063,4070,39404430,9478138,47574,750,"",1.00,1.00,1.00,1.00,1.00,1.00,1.00,1.00,"",-2,-0.6,512,14.7,558,15.9,518,14.6,12015518,43.9,692959,7.9,13106,38.0,151,25.2
"20115","1","10","71","0","2017","4","",15,60,57,58,635974,0,0,839,"",7.70,0.78,0.73,0.74,0.59,0.00,0.00,0.78,"",0,0.0,-1,-1.6,0,0.0,-2,-3.3,33048,5.5,0,0.0,0,0.0,57,7.3
"20115","2","10","71","0","2017","4","",11,36,36,37,390162,0,0,826,"",4.83,0.28,0.28,0.29,0.30,0.00,0.00,1.08,"",3,37.5,-3,-7.7,-4,-10.0,-5,-11.9,-72041,-15.6,0,0.0,0,0.0,-56,-6.3
"20115","3","10","71","0","2017","4","",29,1089,1113,1111,7018736,6660409,13056,489,"",5.25,2.75,2.76,2.76,2.07,35.50,52.15,0.75,"",-1,-3.3,16,1.5,19,1.7,5,0.5,467523,7.1,474860,7.7,-461,-3.4,27,5.8
"20115","5","10","71","0","2017","4","",270,2813,2857,2864,31359558,2817729,34518,848,"",0.86,0.83,0.83,0.83,0.93,0.31,0.73,1.12,"",-4,-1.5,500,21.6,543,23.5,520,22.2,11586988,58.6,218099,8.4,13567,64.8,193,29.5
"20117","0","10","70","0","2017","4","",391,4495,4506,4503,43485573,9111967,81249,743,"",1.00,1.00,1.00,1.00,1.00,1.00,1.00,1.00,"",-3,-0.8,26,0.6,58,1.3,43,1.0,1875860,4.5,1657084,22.2,44242,119.6,25,3.5
"20117","1","10","71","0","2017","4","",14,47,51,49,532342,0,0,836,"",5.97,0.54,0.59,0.56,0.45,0.00,0.00,0.79,"",-1,-6.7,1,2.2,5,10.9,1,2.1,24241,4.8,0,0.0,0,0.0,-2,-0.2
"20117","2","10","71","0","2017","4","",7,35,35,35,308703,0,0,678,"",2.56,0.24,0.24,0.24,0.22,0.00,0.00,0.89,"",0,0.0,-1,-2.8,1,2.9,1,2.9,-23512,-7.1,0,0.0,0,0.0,-59,-8.0
"20117","3","10","71","0","2017","4","",44,784,772,786,4238838,4151413,7274,418,"",6.62,1.76,1.73,1.76,1.13,23.01,17.01,0.65,"",0,0.0,-12,-1.5,-13,-1.7,-12,-1.5,71063,1.7,76502,1.9,3003,70.3,14,3.5
"20117","5","10","71","0","2017","4","",326,3629,3648,3633,38405690,4960554,73975,812,"",0.86,0.95,0.95,0.95,1.03,0.56,0.92,1.09,"",-2,-0.6,38,1.1,65,1.8,53,1.5,1804068,4.9,1580582,46.8,41239,126.0,27,3.4
"20119","0","10","70","0","2017","4","",157,2075,2068,2139,20535311,5021213,22201,754,"",1.00,1.00,1.00,1.00,1.00,1.00,1.00,1.00,"",-1,-0.6,361,21.1,360,21.1,427,24.9,3304161,19.2,881115,21.3,9383,73.2,-21,-2.7
"20119","1","10","71","0","2017","4","",6,14,17,17,178290,0,0,857,"",6.37,0.35,0.43,0.41,0.32,0.00,0.00,0.79,"",-1,-14.3,-3,-17.6,1,6.2,0,0.0,6710,3.9,0,0.0,0,0.0,65,8.2
"20119","2","10","71","0","2017","4","",6,20,16,16,195312,0,0,867,"",5.45,0.30,0.24,0.23,0.29,0.00,0.00,1.13,"",1,20.0,0,0.0,-1,-5.9,0,0.0,20508,11.7,0,0.0,0,0.0,106,13.9
"20119","3","10","71","0","2017","4","",21,481,482,572,4173694,2480678,4200,627,"",7.87,2.34,2.35,2.70,2.36,24.96,35.95,0.96,"",-1,-4.5,-80,-14.3,-80,-14.2,-4,-0.7,-78750,-1.9,1877,0.1,903,27.4,49,8.5
"20119","5","10","71","0","2017","4","",124,1560,1553,1534,15988015,2540535,18001,794,"",0.81,0.88,0.88,0.84,0.91,0.52,0.82,1.05,"",0,0.0,444,39.8,440,39.5,431,39.1,3355693,26.6,879238,52.9,8480,89.1,-81,-9.3
"20121","0","10","70","0","2017","4","",786,8579,8506,8484,83062813,21366391,153358,750,"",1.00,1.00,1.00,1.00,1.00,1.00,1.00,1.00,"",-20,-2.5,45,0.5,18,0.2,76,0.9,1172368,1.4,-294357,-1.4,-10298,-6.3,7,0.9
"20121","1","10","71","0","2017","4","",13,73,69,72,1061203,0,0,1144,"",2.76,0.44,0.42,0.44,0.46,0.00,0.00,1.07,"",0,0.0,6,9.0,-3,-4.2,-1,-1.4,13801,1.3,0,0.0,0,0.0,4,0.4
"20121","2","10","71","0","2017","4","",15,525,518,518,6451192,0,0,954,"",2.72,1.91,1.90,1.91,2.38,0.00,0.00,1.25,"",1,7.1,23,4.6,7,1.4,-4,-0.8,609581,10.4,0,0.0,0,0.0,76,8.7
"20121","3","10","71","0","2017","4","",19,1695,1701,1704,13403759,13171219,13316,607,"",1.42,1.99,2.01,2.03,1.88,31.14,16.50,0.93,"",0,0.0,53,3.2,63,3.8,71,4.3,712642,5.6,734182,5.9,-3767,-22.1,11,1.8
"20121","5","10","71","0","2017","4","",739,6286,6218,6190,62146659,8195172,140042,767,"",0.97,0.86,0.86,0.86,0.88,0.40,0.92,1.02,"",-21,-2.8,-37,-0.6,-49,-0.8,10,0.2,-163656,-0.3,-1028539,-11.2,-6531,-4.5,1,0.1
"20123","0","10","70","0","2017","4","",269,3077,3091,3093,27593710,10360868,28073,688,"",1.00,1.00,1.00,1.00,1.00,1.00,1.00,1.00,"",-17,-5.9,-149,-4.6,-145,-4.5,-67,-2.1,-136730,-0.5,119965,1.2,-1702,-5.7,23,3.5
"20123","1","10","71","0","2017","4","",10,28,30,29,353897,0,0,939,"",6.20,0.47,0.51,0.49,0.47,0.00,0.00,0.95,"",-1,-9.1,-2,-6.7,0,0.0,-3,-9.4,16493,4.9,0,0.0,0,0.0,93,11.0
"20123","2","10","71","0","2017","4","",8,30,28,25,256265,0,0,713,"",4.24,0.30,0.28,0.25,0.28,0.00,0.00,1.02,"",3,60.0,-2,-6.2,-4,-12.5,-7,-21.9,-22381,-8.0,0,0.0,0,0.0,43,6.4
"20123","3","10","71","0","2017","4","",25,927,924,936,7426158,7303370,7538,615,"",5.47,3.04,3.01,3.06,3.13,35.61,51.02,1.03,"",0,0.0,-40,-4.1,-52,-5.3,-36,-3.7,-37629,-0.5,-69191,-0.9,-670,-8.2,24,4.1
"20123","5","10","71","0","2017","4","",226,2092,2109,2103,19557390,3057498,20535,716,"",0.87,0.80,0.80,0.80,0.83,0.31,0.74,1.04,"",-19,-7.8,-105,-4.8,-89,-4.0,-21,-1.0,-93213,-0.5,189156,6.6,-1032,-4.8,20,2.9
"20125","0","10","70","0","2017","4","",1703,14422,14375,14444,133479897,35960826,387653,712,"",1.00,1.00,1.00,1.00,1.00,1.00,1.00,1.00,"",-217,-11.3,-301,-2.0,-359,-2.4,-285,-1.9,6567161,5.2,368823,1.0,-36292,-8.6,49,7.4
"20125","1","10","71","0","2017","4","",16,106,99,100,1296954,0,0,981,"",1.57,0.38,0.36,0.36,0.35,0.00,0.00,0.96,"",0,0.0,3,2.9,-11,-10.0,-4,-3.8,8506,0.7,0,0.0,0,0.0,43,4.6
"20125","2","10","71","0","2017","4","",18,119,110,108,1141674,0,0,782,"",1.51,0.26,0.24,0.23,0.26,0.00,0.00,1.08,"",0,0.0,1,0.8,-6,-5.2,0,0.0,-25638,-2.2,0,0.0,0,0.0,-6,-0.8
"20125","3","10","71","0","2017","4","",38,2415,2398,2412,17960122,17900261,34781,574,"",1.31,1.69,1.68,1.69,1.56,25.15,17.05,0.93,"",0,0.0,-59,-2.4,-56,-2.3,-29,-1.2,314770,1.8,310462,1.8,-11837,-25.4,21,3.8
"20125","5","10","71","0","2017","4","",1631,11782,11768,11824,113081147,18060565,352872,738,"",0.99,0.96,0.96,0.96,0.99,0.52,0.92,1.03,"",-217,-11.7,-246,-2.0,-286,-2.4,-252,-2.1,6269523,5.9,58361,0.3,-24455,-6.5,56,8.2
"20127","0","10","70","0","2017","4","",156,1538,1504,1517,11792890,4007332,20718,597,"",1.00,1.00,1.00,1.00,1.00,1.00,1.00,1.00,"",-1,-0.6,22,1.5,-18,-1.2,6,0.4,260733,2.3,-57223,-1.4,-18827,-47.6,12,2.1
"20127","1","10","71","0","2017","4","",8,31,31,32,386391,0,0,949,"",8.55,1.05,1.08,1.10,1.19,0.00,0.00,1.11,"",-1,-11.1,0,0.0,2,6.9,0,0.0,18209,4.9,0,0.0,0,0.0,25,2.7
"20127","2","10","71","0","2017","4","",9,27,26,26,217741,0,0,636,"",8.23,0.55,0.54,0.54,0.57,0.00,0.00,1.04,"",1,12.5,3,12.5,2,8.3,4,18.2,9629,4.6,0,0.0,0,0.0,-50,-7.3
"20127","3","10","71","0","2017","4","",13,437,435,442,2748185,2728350,2722,483,"",4.90,2.87,2.91,2.94,2.71,34.39,24.96,0.93,"",-1,-7.1,4,0.9,10,2.4,16,3.8,204334,8.0,204668,8.1,-2483,-47.7,26,5.7
"20127","5","10","71","0","2017","4","",126,1043,1012,1017,8440573,1278982,17996,634,"",0.83,0.80,0.79,0.79,0.84,0.33,0.87,1.06,"",0,0.0,15,1.5,-32,-3.1,-14,-1.4,28561,0.3,-261891,-17.0,-16344,-47.6,8,1.3
"20129","0","10","70","0","2017","4","",109,850,831,815,8104327,3447775,9435,749,"",1.00,1.00,1.00,1.00,1.00,1.00,1.00,1.00,"",-3,-2.7,-157,-15.6,-155,-15.7,-125,-13.3,-419682,-4.9,-431502,-11.1,-7588,-44.6,78,11.6
"20129","1","10","71","0","2017","4","",6,19,15,14,223291,0,0,1074,"",9.18,1.16,0.94,0.89,1.00,0.00,0.00,1.00,"",0,0.0,-2,-9.5,-6,-28.6,-6,-30.0,2559,1.2,0,0.0,0,0.0,252,30.7
"20129","2","10","71","0","2017","4","",6,11,12,13,102989,0,0,660,"",7.86,0.40,0.45,0.50,0.39,0.00,0.00,0.86,"",1,20.0,0,0.0,1,9.1,2,18.2,-8867,-7.9,0,0.0,0,0.0,-122,-15.6
"20129","3","10","71","0","2017","4","",14,383,361,358,2865709,2857720,5235,600,"",7.56,4.55,4.37,4.44,4.11,41.87,105.43,0.92,"",0,0.0,-22,-5.4,-56,-13.4,-43,-10.7,-155352,-5.1,-155290,-5.2,-4270,-44.9,30,5.3
"20129","5","10","71","0","2017","4","",83,437,443,430,4912338,590055,4200,865,"",0.79,0.61,0.63,0.62,0.71,0.18,0.45,1.15,"",-4,-4.6,-133,-23.3,-94,-17.5,-78,-15.4,-258022,-5.0,-276212,-31.9,-3318,-44.1,126,17.1
"20131","0","10","70","0","2017","4","",410,5196,5244,5305,49250987,9463884,41111,722,"",1.00,1.00,1.00,1.00,1.00,1.00,1.00,1.00,"",-9,-2.1,-271,-5.0,-242,-4.4,-224,-4.1,-2941610,-5.6,53308,0.6,-225,-0.5,-9,-1.2
"20131","1","10","71","0","2017","4","",10,46,48,50,592030,0,0,949,"",4.07,0.46,0.48,0.49,0.44,0.00,0.00,0.92,"",0,0.0,1,2.2,5,11.6,1,2.0,28608,5.1,0,0.0,0,0.0,0,0.0
"20131","2","10","71","0","2017","4","",8,25,25,25,259875,0,0,800,"",2.78,0.15,0.15,0.15,0.16,0.00,0.00,1.09,"",2,33.3,2,8.7,3,13.6,4,19.0,36562,16.4,0,0.0,0,0.0,19,2.4
"20131","3","10","71","0","2017","4","",37,573,572,585,3681567,3662681,4960,491,"",5.31,1.11,1.10,1.11,0.87,19.55,22.92,0.78,"",0,0.0,-2,-0.3,2,0.4,-2,-0.3,188594,5.4,190638,5.5,1303,35.6,26,5.6
"20131","5","10","71","0","2017","4","",355,4552,4599,4645,44717515,5801203,36151,748,"",0.89,1.03,1.03,1.03,1.06,0.63,0.89,1.03,"",-11,-3.0,-272,-5.6,-252,-5.2,-227,-4.7,-3195374,-6.7,-137330,-2.3,-1528,-4.1,-12,-1.6
"20133","0","10","70","0","2017","4","",479,6217,6153,6133,55093600,18717965,107117,687,"",1.00,1.00,1.00,1.00,1.00,1.00,1.00,1.00,"",-15,-3.0,161,2.7,65,1.1,30,0.5,1516090,2.8,147064,0.8,-27053,-20.2,9,1.3
"20133","1","10","71","0","2017","4","",12,56,52,53,629578,0,0,902,"",4.18,0.47,0.44,0.45,0.42,0.00,0.00,0.92,"",0,0.0,4,7.7,-2,-3.7,-4,-7.0,-25196,-3.8,0,0.0,0,0.0,-25,-2.7
"20133","2","10","71","0","2017","4","",15,192,189,191,2227710,0,0,899,"",4.47,0.96,0.96,0.98,1.24,0.00,0.00,1.28,"",1,7.1,8,4.3,5,2.7,6,3.2,84308,3.9,0,0.0,0,0.0,5,0.6
"20133","3","10","71","0","2017","4","",29,1633,1615,1584,13587611,13571668,18264,649,"",3.56,2.65,2.64,2.61,2.87,36.63,32.40,1.09,"",0,0.0,44,2.8,37,2.3,22,1.4,576981,4.4,672135,5.2,-20987,-53.5,14,2.2
"20133","5","10","71","0","2017","4","",423,4336,4297,4305,38648701,5146297,88853,689,"",0.91,0.82,0.82,0.83,0.82,0.28,0.83,1.00,"",-16,-3.6,105,2.5,25,0.6,6,0.1,879997,2.3,-525071,-9.3,-6066,-6.4,8,1.2
"20135","0","10","70","0","2017","4","",155,1080,1098,1108,10272915,3365155,13781,721,"",1.00,1.00,1.00,1.00,1.00,1.00,1.00,1.00,"",-9,-5.5,-30,-2.7,-20,-1.8,-9,-0.8,166175,1.6,-21757,-0.6,1878,15.8,24,3.4
"20135","1","10","71","0","2017","4","",9,24,24,23,264040,0,0,858,"",9.68,1.15,1.14,1.08,0.94,0.00,0.00,0.83,"",0,0.0,-1,-4.0,-1,-4.0,0,0.0,17684,7.2,0,0.0,0,0.0,79,10.1
"20135","2","10","71","0","2017","4","",3,13,13,13,128460,0,0,760,"",2.76,0.37,0.37,0.37,0.38,0.00,0.00,1.03,"",0,0.0,1,8.3,1,8.3,0,0.0,7744,6.4,0,0.0,0,0.0,7,0.9
"20135","3","10","71","0","2017","4","",15,392,413,416,3065144,2654981,5179,579,"",5.69,3.66,3.79,3.79,3.47,39.85,71.41,0.93,"",0,0.0,-20,-4.9,-8,-1.9,5,1.2,-7102,-0.2,-3454,-0.1,-764,-12.9,9,1.6
"20135","5","10","71","0","2017","4","",128,651,648,656,6815271,710174,8602,804,"",0.85,0.71,0.69,0.70,0.78,0.22,0.63,1.11,"",-9,-6.6,-10,-1.5,-12,-1.8,-14,-2.1,147849,2.2,-18303,-2.5,2642,44.3,31,4.0
"20137","0","10","70","0","2017","4","",209,2438,2421,2411,22863365,5192041,20458,726,"",1.00,1.00,1.00,1.00,1.00,1.00,1.00,1.00,"",7,3.5,-19,-0.8,-37,-1.5,-17,-0.7,148521,0.7,-77898,-1.5,3910,23.6,12,1.7
"20137","1","10","71","0","2017","4","",8,25,21,21,243930,0,0,840,"",6.38,0.53,0.45,0.45,0.39,0.00,0.00,0.81,"",0,0.0,1,4.2,-3,-12.5,-7,-25.0,-35995,-12.9,0,0.0,0,0.0,-10,-1.2
"20137","2","10","71","0","2017","4","",11,270,267,265,3070586,0,0,884,"",7.51,3.45,3.44,3.45,4.11,0.00,0.00,1.19,"",3,37.5,-12,-4.3,-14,-5.0,-9,-3.3,127101,4.3,0,0.0,0,0.0,72,8.9
"20137","3","10","71","0","2017","4","",14,528,517,514,3877086,3333237,3507,574,"",3.94,2.19,2.15,2.15,1.97,32.43,32.57,0.91,"",0,0.0,-29,-5.2,-30,-5.5,-31,-5.7,-193706,-4.8,-57687,-1.7,-14,-0.4,4,0.7
"20137","5","10","71","0","2017","4","",176,1615,1616,1611,15671763,1858804,16951,747,"",0.87,0.78,0.79,0.79,0.80,0.37,0.83,1.02,"",4,2.3,21,1.3,10,0.6,30,1.9,251121,1.6,-20211,-1.1,3924,30.1,3,0.4
"20139","0","10","70","0","2017","4","",307,2896,2914,2893,21812736,9270145,52184,578,"",1.00,1.00,1.00,1.00,1.00,1.00,1.00,1.00,"",-10,-3.2,-12,-0.4,-49,-1.7,18,0.6,1174679,5.7,77424,0.8,-1631,-3.0,33,6.1
"20139","1","10","71","0","2017","4","",13,69,65,66,772576,0,0,891,"",7.06,1.24,1.17,1.18,1.29,0.00,0.00,1.08,"",0,0.0,0,0.0,-4,-5.8,-2,-2.9,10947,1.4,0,0.0,0,0.0,38,4.5
"20139","2","10","71","0","2017","4","",8,37,34,34,363964,0,0,800,"",3.72,0.40,0.36,0.37,0.51,0.00,0.00,1.36,"",1,14.3,4,12.1,3,9.7,-2,-5.6,68954,23.4,0,0.0,0,0.0,119,17.5
"20139","3","10","71","0","2017","4","",49,1179,1192,1176,7153187,6770557,12884,465,"",9.39,4.11,4.12,4.11,3.81,36.89,46.91,0.93,"",0,0.0,49,4.3,30,2.6,37,3.2,302037,4.4,315475,4.9,3558,38.2,4,0.9
"20139","5","10","71","0","2017","4","",237,1611,1623,1617,13523009,2499588,39300,643,"",0.80,0.65,0.66,0.66,0.73,0.28,0.76,1.11,"",-11,-4.4,-65,-3.9,-78,-4.6,-15,-0.9,792741,6.2,-238051,-8.7,-5189,-11.7,57,9.7
"20141","0","10","70","0","2017","4","",180,1455,1446,1464,11238152,2986942,20582,594,"",1.00,1.00,1.00,1.00,1.00,1.00,1.00,1.00,"",-3,-1.6,2,0.1,-27,-1.8,-4,-0.3,-67491,-0.6,-67999,-2.2,3117,17.8,0,0.0
"20141","1","10","71","0","2017","4","",9,28,25,26,300189,0,0,877,"",8.34,1.00,0.90,0.92,0.97,0.00,0.00,1.03,"",0,0.0,3,12.0,-4,-13.8,-4,-13.3,21627,7.8,0,0.0,0,0.0,112,14.6
"20141","2","10","71","0","2017","4","",5,13,13,14,163794,0,0,945,"",3.96,0.28,0.28,0.30,0.45,0.00,0.00,1.56,"",0,0.0,0,0.0,0,0.0,1,7.7,4531,2.8,0,0.0,0,0.0,3,0.3
"20141","3","10","71","0","2017","4","",22,338,336,342,2243456,1549106,1596,510,"",7.19,2.34,2.34,2.36,2.32,26.20,14.73,0.99,"",0,0.0,-6,-1.7,-19,-5.4,-13,-3.7,12496,0.6,19371,1.3,-185,-10.4,22,4.5
"20141","5","10","71","0","2017","4","",144,1076,1072,1082,8530713,1437836,18986,609,"",0.82,0.87,0.87,0.87,0.89,0.50,0.93,1.02,"",-3,-2.0,5,0.5,-4,-0.4,12,1.1,-106145,-1.2,-87370,-5.7,3302,21.1,-11,-1.8
"20143","0","10","70","0","2017","4","",176,1298,1268,1272,9806388,3527321,12858,590,"",1.00,1.00,1.00,1.00,1.00,1.00,1.00,1.00,"",0,0.0,-91,-6.6,-111,-8.0,-94,-6.9,-511573,-5.0,-30644,-0.9,-6633,-34.0,14,2.4
"20143","1","10","71","0","2017","4","",7,22,21,20,231614,0,0,848,"",6.63,0.88,0.87,0.82,0.86,0.00,0.00,1.01,"",0,0.0,-3,-12.0,-2,-8.7,-4,-16.7,1853,0.8,0,0.0,0,0.0,112,15.2
"20143","2","10","71","0","2017","4","",8,18,18,18,210500,0,0,900,"",6.49,0.43,0.44,0.44,0.66,0.00,0.00,1.50,"",0,0.0,-4,-18.2,-4,-18.2,-4,-18.2,-30388,-12.6,0,0.0,0,0.0,58,6.9
"20143","3","10","71","0","2017","4","",14,451,442,459,2643235,2609562,2924,451,"",4.68,3.51,3.51,3.65,3.13,37.37,43.21,0.88,"",0,0.0,2,0.4,-21,-4.5,-1,-0.2,68093,2.6,65426,2.6,360,14.0,18,4.2
"20143","5","10","71","0","2017","4","",147,807,787,775,6721039,917759,9934,655,"",0.86,0.73,0.73,0.72,0.80,0.27,0.78,1.10,"",0,0.0,-86,-9.6,-84,-9.6,-85,-9.9,-551131,-7.6,-96070,-9.5,-6993,-41.3,15,2.3
"20145","0","10","70","0","2017","4","",231,2838,2802,2842,27342913,5161098,20725,744,"",1.00,1.00,1.00,1.00,1.00,1.00,1.00,1.00,"",4,1.8,-153,-5.1,-134,-4.6,-132,-4.4,-443345,-1.6,-166195,-3.1,-5396,-20.7,24,3.3
"20145","1","10","71","0","2017","4","",9,41,36,40,449210,0,0,886,"",6.50,0.75,0.67,0.73,0.60,0.00,0.00,0.83,"",0,0.0,2,5.1,2,5.9,2,5.3,18631,4.3,0,0.0,0,0.0,-9,-1.0
"20145","2","10","71","0","2017","4","N",19,0,0,0,0,0,0,0,"N",11.74,0,0,0,0,0,0,0,"N",8,72.7,0,0,0,0,0,0,0,0,0,0,0,0,0,0
"20145","3","10","71","0","2017","4","N",37,0,0,0,0,0,0,0,"N",9.42,0,0,0,0,0,0,0,"N",0,0.0,0,0,0,0,0,0,0,0,0,0,0,0,0,0
"20145","5","10","71","0","2017","4","",166,1273,1260,1275,12355469,1516871,17071,749,"",0.74,0.53,0.53,0.53,0.53,0.30,0.83,1.00,"",-4,-2.4,-53,-4.0,-34,-2.6,-3,-0.2,76516,0.6,-122366,-7.5,-5352,-23.9,22,3.0
"20147","0","10","70","0","2017","4","",250,2503,2495,2511,22099146,6707003,21064,679,"",1.00,1.00,1.00,1.00,1.00,1.00,1.00,1.00,"",-6,-2.3,53,2.2,27,1.1,62,2.5,15015,0.1,-286220,-4.1,-7951,-27.4,-13,-1.9
"20147","1","10","71","0","2017","4","",9,35,30,33,358129,0,0,843,"",6.00,0.73,0.63,0.68,0.59,0.00,0.00,0.87,"",0,0.0,1,2.9,-4,-11.8,-3,-8.3,30931,9.5,0,0.0,0,0.0,117,16.1
"20147","2","10","71","0","2017","4","",7,39,40,40,431448,0,0,837,"",4.00,0.49,0.50,0.50,0.60,0.00,0.00,1.21,"",0,0.0,-7,-15.2,-5,-11.1,-5,-11.1,-41230,-8.7,0,0.0,0,0.0,35,4.4
"20147","3","10","71","0","2017","4","",21,877,868,865,5541007,5076000,5120,490,"",4.94,3.54,3.50,3.48,2.92,38.23,46.19,0.83,"",0,0.0,24,2.8,19,2.2,0,0.0,-43730,-0.8,-34416,-0.7,-6901,-57.4,-12,-2.4
"20147","5","10","71","0","2017","4","",213,1552,1557,1573,15768562,1631003,15944,777,"",0.88,0.73,0.73,0.74,0.84,0.25,0.76,1.14,"",-6,-2.7,35,2.3,17,1.1,70,4.7,69044,0.4,-251804,-13.4,-1050,-6.2,-18,-2.3
"20149","0","10","70","0","2017","4","",642,9545,9652,9752,94860328,18412201,127459,756,"",1.00,1.00,1.00,1.00,1.00,1.00,1.00,1.00,"",7,1.1,-92,-1.0,207,2.2,398,4.3,1612306,1.7,-108489,-0.6,-64187,-33.5,-1,-0.1
"20149","1","10","71","0","2017","4","",12,53,56,52,648203,0,0,929,"",3.12,0.29,0.30,0.28,0.25,0.00,0.00,0.86,"",0,0.0,1,1.9,4,7.7,1,2.0,64457,11.0,0,0.0,0,0.0,60,6.9
"20149","2","10","71","0","2017","4","",12,62,70,65,861735,0,0,1009,"",2.67,0.20,0.23,0.21,0.28,0.00,0.00,1.31,"",3,33.3,0,0.0,15,27.3,4,6.6,240749,38.8,0,0.0,0,0.0,204,25.3
"20149","3","10","71","0","2017","4","",25,1232,1252,1251,8655387,8566999,9174,535,"",2.29,1.30,1.31,1.30,1.06,23.50,13.68,0.82,"",0,0.0,11,0.9,42,3.5,41,3.4,381631,4.6,368549,4.5,-4338,-32.1,11,2.1
"20149","5","10","71","0","2017","4","",593,8198,8274,8384,84695003,9845202,118285,786,"",0.95,1.01,1.01,1.01,1.05,0.55,0.93,1.03,"",4,0.7,-104,-1.3,146,1.8,352,4.4,925469,1.1,-477038,-4.6,-59849,-33.6,-4,-0.5
"20151","0","10","70","0","2017","4","",364,4532,4557,4546,45330048,11870019,80144,767,"",1.00,1.00,1.00,1.00,1.00,1.00,1.00,1.00,"",-9,-2.4,-15,-0.3,-9,-0.2,-1,0.0,2209044,5.1,84792,0.7,21053,35.6,39,5.4
"20151","1","10","71","0","2017","4","",7,33,33,32,424643,0,0,1000,"",3.21,0.38,0.38,0.37,0.34,0.00,0.00,0.91,"",0,0.0,-5,-13.2,-3,-8.3,-4,-11.1,66088,18.4,0,0.0,0,0.0,248,33.0
"20151","2","10","71","0","2017","4","",10,143,146,139,1558121,0,0,840,"",3.92,0.98,1.00,0.96,1.05,0.00,0.00,1.07,"",2,25.0,-6,-4.0,-5,-3.3,-7,-4.8,-95970,-5.8,0,0.0,0,0.0,-16,-1.9
"20151","3","10","71","0","2017","4","",15,956,939,970,7476997,7476997,14606,602,"",2.42,2.13,2.08,2.16,1.92,31.82,34.63,0.90,"",0,0.0,20,2.1,-10,-1.1,-14,-1.4,236417,3.3,236417,3.3,4558,45.4,20,3.4
"20151","5","10","71","0","2017","4","",332,3400,3439,3405,35870287,4393022,65538,808,"",0.94,0.88,0.89,0.88,0.93,0.38,0.82,1.05,"",-11,-3.2,-24,-0.7,9,0.3,24,0.7,2002509,5.9,-151625,-3.3,16495,33.6,44,5.8
"20153","0","10","70","0","2017","4","",124,899,909,931,8328638,2361947,6581,702,"",1.00,1.00,1.00,1.00,1.00,1.00,1.00,1.00,"",-2,-1.6,-22,-2.4,-54,-5.6,-2,-0.2,-425609,-4.9,-332024,-12.3,-7596,-53.6,-15,-2.1
"20153","1","10","71","0","2017","4","",7,15,14,15,167158,0,0,877,"",9.41,0.87,0.80,0.84,0.73,0.00,0.00,0.87,"",0,0.0,-2,-11.8,-8,-36.4,-7,-31.8,-23377,-12.3,0,0.0,0,0.0,156,21.6
"20153","2","10","71","0","2017","4","",5,26,26,26,252871,0,0,748,"",5.75,0.90,0.89,0.88,0.93,0.00,0.00,1.04,"",0,0.0,-1,-3.7,0,0.0,0,0.0,-21209,-7.7,0,0.0,0,0.0,-53,-6.6
"20153","3","10","71","0","2017","4","",11,276,289,306,1771256,1759405,1133,469,"",5.22,3.10,3.20,3.32,2.47,37.63,32.71,0.77,"",0,0.0,5,1.8,-3,-1.0,19,6.6,-7361,-0.4,-2381,-0.1,-6762,-85.6,-14,-2.9
"20153","5","10","71","0","2017","4","",101,582,580,584,6137353,602542,5448,811,"",0.84,0.76,0.75,0.74,0.86,0.26,0.83,1.15,"",-2,-1.9,-24,-4.0,-43,-6.9,-14,-2.3,-373662,-5.7,-329643,-35.4,-834,-13.3,-11,-1.3
"20155","0","10","70","0","2017","4","",1652,27013,26975,26929,262003493,62311391,378565,747,"",1.00,1.00,1.00,1.00,1.00,1.00,1.00,1.00,"",-44,-2.6,472,1.8,388,1.5,596,2.3,17196033,7.0,1124476,1.8,31308,9.0,36,5.1
"20155","1","10","71","0","2017","4","",19,159,161,159,2609326,0,0,1257,"",1.92,0.31,0.31,0.31,0.36,0.00,0.00,1.18,"",-1,-5.0,-4,-2.5,0,0.0,-4,-2.5,30074,1.2,0,0.0,0,0.0,35,2.9
"20155","2","10","71","0","2017","4","",30,798,789,787,8855705,2397,0,861,"",2.59,0.92,0.91,0.92,1.04,0.00,0.00,1.13,"",2,7.1,-38,-4.5,-8,-1.0,-10,-1.3,431291,5.1,2397,100.0,0,0.0,61,7.6
"20155","3","10","71","0","2017","4","",64,4396,4440,4409,35024706,34142372,50606,610,"",2.28,1.64,1.66,1.65,1.55,27.68,25.40,0.94,"",0,0.0,85,2.0,6,0.1,-10,-0.2,612561,1.8,613350,1.8,-2270,-4.3,7,1.2
"20155","5","10","71","0","2017","4","",1539,21660,21585,21574,215513756,28166622,327959,767,"",0.96,0.94,0.94,0.94,0.96,0.47,0.87,1.02,"",-45,-2.8,429,2.0,390,1.8,620,3.0,16122107,8.1,508729,1.8,33578,11.4,41,5.6
"20157","0","10","70","0","2017","4","",223,1964,1985,1965,15312997,4629359,24690,598,"",1.00,1.00,1.00,1.00,1.00,1.00,1.00,1.00,"",-5,-2.2,-65,-3.2,-57,-2.8,-53,-2.6,414252,2.8,175826,3.9,3181,14.8,33,5.8
"20157","1","10","71","0","2017","4","",9,28,23,24,250129,0,0,770,"",6.73,0.74,0.61,0.63,0.59,0.00,0.00,0.90,"",-1,-10.0,-2,-6.7,-2,-8.0,-3,-11.1,-15458,-5.8,0,0.0,0,0.0,23,3.1
"20157","2","10","71","0","2017","4","",7,32,34,32,330863,0,0,779,"",4.48,0.51,0.53,0.51,0.66,0.00,0.00,1.28,"",-1,-12.5,-7,-17.9,-4,-10.5,-7,-17.9,-69985,-17.5,0,0.0,0,0.0,-18,-2.3
"20157","3","10","71","0","2017","4","",24,430,447,418,2481910,2435320,2521,442,"",6.33,2.21,2.27,2.15,1.88,26.57,19.40,0.85,"",0,0.0,-7,-1.6,-11,-2.4,-33,-7.3,-11193,-0.4,-5548,-0.2,-1497,-37.3,15,3.5
"20157","5","10","71","0","2017","4","",183,1474,1481,1491,12250095,2194039,22169,636,"",0.85,0.88,0.88,0.89,0.94,0.49,0.90,1.06,"",-3,-1.6,-49,-3.2,-40,-2.6,-10,-0.7,510888,4.4,181374,9.0,4678,26.7,40,6.7
"20159","0","10","70","0","2017","4","",333,4055,4040,4058,38256789,9935916,55820,726,"",1.00,1.00,1.00,1.00,1.00,1.00,1.00,1.00,"",0,0.0,226,5.9,199,5.2,203,5.3,5174445,15.6,-250977,-2.5,6593,13.4,64,9.7
"20159","1","10","71","0","2017","4","",12,35,35,39,421917,0,0,893,"",6.01,0.45,0.45,0.50,0.40,0.00,0.00,0.86,"",0,0.0,0,0.0,-3,-7.9,0,0.0,25436,6.4,0,0.0,0,0.0,76,9.3
"20159","2","10","71","0","2017","4","",8,16,16,15,147679,0,0,725,"",3.43,0.12,0.12,0.12,0.12,0.00,0.00,0.98,"",1,14.3,1,6.7,1,6.7,-1,-6.2,-19754,-11.8,0,0.0,0,0.0,-115,-13.7
"20159","3","10","71","0","2017","4","",47,1043,1051,1082,6906109,6790027,7685,502,"",8.30,2.60,2.62,2.69,2.10,34.52,26.16,0.80,"",0,0.0,-15,-1.4,-22,-2.1,-16,-1.5,-52571,-0.8,-78992,-1.1,-565,-6.8,5,1.0
"20159","5","10","71","0","2017","4","",266,2961,2938,2922,30781084,3145889,48135,805,"",0.82,0.86,0.86,0.85,0.94,0.33,0.87,1.10,"",-1,-0.4,240,8.8,223,8.2,220,8.1,5221334,20.4,-171985,-5.2,7158,17.5,80,11.0
"20161","0","10","70","0","2017","4","",1692,29788,29836,29272,288362182,52418355,340537,749,"",1.00,1.00,1.00,1.00,1.00,1.00,1.00,1.00,"",-22,-1.3,560,1.9,569,1.9,236,0.8,2575724,0.9,-2063801,-3.8,676,0.2,-4,-0.5
"20161","1","10","71","0","2017","4","",20,397,404,388,6441856,0,0,1250,"",1.97,0.69,0.71,0.69,0.81,0.00,0.00,1.17,"",-1,-4.8,-9,-2.2,0,0.0,-22,-5.4,-373537,-5.5,0,0.0,0,0.0,-39,-3.0
"20161","2","10","71","0","2017","4","N",17,0,0,0,0,0,0,0,"N",1.43,0,0,0,0,0,0,0,"N",2,13.3,0,0,0,0,0,0,0,0,0,0,0,0,0,0
"20161","3","10","71","0","2017","4","N",41,0,0,0,0,0,0,0,"N",1.43,0,0,0,0,0,0,0,"N",-1,-2.4,0,0,0,0,0,0,0,0,0,0,0,0,0,0
"20161","5","10","71","0","2017","4","",1614,20895,20864,20403,173147658,27634775,315418,643,"",0.98,0.83,0.82,0.82,0.70,0.54,0.93,0.85,"",-22,-1.3,331,1.6,255,1.2,-46,-0.2,3731682,2.2,-2791720,-9.2,291,0.1,9,1.4
"20163","0","10","70","0","2017","4","",204,1722,1789,1759,14674305,4871905,21004,643,"",1.00,1.00,1.00,1.00,1.00,1.00,1.00,1.00,"",-9,-4.2,-134,-7.2,-88,-4.7,-76,-4.1,-834738,-5.4,-367743,-7.0,-1513,-6.7,0,0.0
"20163","1","10","71","0","2017","4","",9,30,30,28,318224,0,0,835,"",7.36,0.91,0.88,0.83,0.79,0.00,0.00,0.91,"",0,0.0,-2,-6.2,-3,-9.1,-6,-17.6,10924,3.6,0,0.0,0,0.0,119,16.6
"20163","2","10","71","0","2017","4","",9,60,60,59,636575,0,0,821,"",6.30,1.09,1.05,1.05,1.33,0.00,0.00,1.25,"",1,12.5,-8,-11.8,-7,-10.4,-5,-7.8,-22308,-3.4,0,0.0,0,0.0,57,7.5
"20163","3","10","71","0","2017","4","",23,586,644,606,3975241,3909288,9232,500,"",6.63,3.43,3.63,3.48,3.15,40.53,83.52,0.90,"",2,9.5,12,2.1,27,4.4,22,3.8,119456,3.1,115828,3.1,4115,80.4,-1,-0.2
"20163","5","10","71","0","2017","4","",163,1046,1055,1066,9744265,962617,11772,710,"",0.82,0.71,0.69,0.71,0.78,0.20,0.56,1.10,"",-12,-6.9,-136,-11.5,-105,-9.1,-87,-7.5,-942810,-8.8,-483571,-33.4,-5628,-32.3,4,0.6
"20165","0","10","70","0","2017","4","",112,1074,1076,1094,9272616,3107614,8006,660,"",1.00,1.00,1.00,1.00,1.00,1.00,1.00,1.00,"",-4,-3.4,-45,-4.0,-18,-1.6,-30,-2.7,105505,1.2,-90427,-2.8,-4858,-37.8,26,4.1
"20165","1","10","71","0","2017","4","",8,24,21,21,217857,0,0,762,"",11.91,1.16,1.02,1.00,0.85,0.00,0.00,0.81,"",-1,-11.1,4,20.0,0,0.0,-4,-16.0,-4963,-2.2,0,0.0,0,0.0,-17,-2.2
"20165","2","10","71","0","2017","4","",5,10,10,10,92156,0,0,709,"",6.37,0.29,0.29,0.29,0.30,0.00,0.00,1.05,"N",3,150.0,0,0,0,0,0,0,0,0,0,0,0,0,0,0
"20165","3","10","71","0","2017","4","",18,341,342,346,2130199,2130199,2294,478,"",9.46,3.20,3.20,3.20,2.67,34.63,54.44,0.83,"N",0,0.0,0,0,0,0,0,0,0,0,0,0,0,0,0,0
"20165","5","10","71","0","2017","4","",81,699,703,717,6832404,977415,5712,744,"",0.75,0.77,0.77,0.77,0.86,0.33,0.72,1.12,"",-6,-6.9,-42,-5.7,-22,-3.0,-28,-3.8,-79999,-1.2,-259106,-21.0,-4088,-41.7,23,3.2
"20167","0","10","70","0","2017","4","",304,2686,2641,2651,22889872,4908157,36808,662,"",1.00,1.00,1.00,1.00,1.00,1.00,1.00,1.00,"",-10,-3.2,54,2.1,21,0.8,42,1.6,1125979,5.2,-292676,-5.6,10602,40.5,23,3.6
"20167","1","10","71","0","2017","4","",11,32,30,30,312741,0,0,784,"",6.03,0.62,0.59,0.59,0.50,0.00,0.00,0.83,"",-1,-8.3,0,0.0,0,0.0,-2,-6.2,6777,2.2,0,0.0,0,0.0,33,4.4
"20167","2","10","71","0","2017","4","",9,26,27,26,264807,6031,162,774,"",4.23,0.30,0.32,0.31,0.35,0.10,3.34,1.15,"",1,12.5,0,0.0,4,17.4,3,13.0,18148,7.4,-10314,-63.1,-279,-63.3,-17,-2.1
"20167","3","10","71","0","2017","4","",29,623,608,614,3405150,2346647,4183,426,"",5.61,2.34,2.32,2.34,1.73,24.15,21.59,0.74,"",1,3.6,17,2.8,13,2.2,15,2.5,65053,1.9,16932,0.7,1113,36.3,-2,-0.5
"20167","5","10","71","0","2017","4","",255,2005,1976,1981,18907174,2555479,32463,732,"",0.86,0.88,0.88,0.88,0.97,0.54,0.89,1.10,"",-11,-4.1,37,1.9,4,0.2,26,1.3,1036001,5.8,-299294,-10.5,9768,43.0,32,4.6
"20169","0","10","70","0","2017","4","",1497,30184,30421,30261,299731411,58558414,362829,761,"",1.00,1.00,1.00,1.00,1.00,1.00,1.00,1.00,"",-60,-3.9,-213,-0.7,-104,-0.3,-183,-0.6,9794185,3.4,-462361,-0.8,34149,10.4,29,4.0
"20169","1","10","71","0","2017","4","",14,228,226,225,3623783,0,0,1232,"",1.56,0.39,0.39,0.39,0.44,0.00,0.00,1.13,"",0,0.0,-8,-3.4,-3,-1.3,-13,-5.5,-93767,-2.5,0,0.0,0,0.0,12,1.0
"20169","2","10","71","0","2017","4","",21,582,583,587,7134005,0,0,940,"",2.00,0.60,0.60,0.61,0.73,0.00,0.00,1.21,"",0,0.0,-101,-14.8,-88,-13.1,-91,-13.4,748413,11.7,0,0.0,0,0.0,215,29.7
"20169","3","10","71","0","2017","4","",26,3349,3465,3304,28661146,27885497,40220,654,"",1.02,1.12,1.15,1.10,1.11,24.06,21.06,0.99,"",0,0.0,-9,-0.3,144,4.3,28,0.9,845389,3.0,751680,2.8,-2717,-6.3,9,1.4
"20169","5","10","71","0","2017","4","",1436,26025,26147,26145,260312477,30672917,322609,767,"",0.99,1.01,1.01,1.02,1.02,0.54,0.90,1.00,"",-60,-4.0,-95,-0.4,-157,-0.6,-107,-0.4,8294150,3.3,-1214041,-3.8,36866,12.9,28,3.8
"20171","0","10","70","0","2017","4","",255,2348,2327,2339,24654847,4864244,26165,811,"",1.00,1.00,1.00,1.00,1.00,1.00,1.00,1.00,"",-6,-2.3,62,2.7,71,3.1,22,0.9,2442708,11.0,12349,0.3,-1560,-5.6,64,8.6
"20171","1","10","71","0","2017","4","",4,24,21,20,276697,0,0,982,"",2.62,0.53,0.47,0.44,0.41,0.00,0.00,0.85,"",0,0.0,4,20.0,-3,-12.5,-5,-20.0,16933,6.5,0,0.0,0,0.0,113,13.0
"20171","2","10","71","0","2017","4","",9,21,22,19,227501,0,0,847,"",5.04,0.28,0.30,0.25,0.28,0.00,0.00,1.02,"",1,12.5,-7,-25.0,-1,-4.3,-3,-13.6,4986,2.2,0,0.0,0,0.0,144,20.5
"20171","3","10","71","0","2017","4","",12,363,362,374,2473130,1979214,2324,519,"",2.77,1.56,1.57,1.62,1.17,20.55,16.88,0.74,"",0,0.0,13,3.7,16,4.6,7,1.9,121699,5.2,105566,5.6,447,23.8,9,1.8
"20171","5","10","71","0","2017","4","",230,1940,1922,1926,21677519,2885030,23841,864,"",0.93,0.97,0.97,0.97,1.03,0.61,0.92,1.06,"",-7,-3.0,52,2.8,59,3.2,23,1.2,2299090,11.9,-93217,-3.1,-2007,-7.8,73,9.2
"20173","0","10","70","0","2017","4","",12532,248815,250352,250601,2978878647,510163471,4538363,917,"",1.00,1.00,1.00,1.00,1.00,1.00,1.00,1.00,"",-251,-2.0,-1639,-0.7,-852,-0.3,404,0.2,36590286,1.2,-6978767,-1.3,-516882,-10.2,14,1.6
"20173","1","10","71","0","2017","4","",75,4483,4470,4517,81656492,0,0,1399,"",1.00,0.94,0.93,0.94,1.00,0.00,0.00,1.07,"",-3,-3.8,70,1.6,55,1.2,71,1.6,2378165,3.0,0,0.0,0,0.0,21,1.5
"20173","2","10","71","0","2017","4","",36,4035,4000,4003,53937281,1462,0,1034,"",0.41,0.51,0.50,0.50,0.55,0.00,0.00,1.11,"",0,0.0,364,9.9,299,8.1,432,12.1,-5155145,-8.7,-1,-0.1,-1,-100.0,-212,-17.0
"20173","3","10","71","0","2017","4","",87,21877,21860,21724,224482834,220569604,304068,791,"",0.41,0.89,0.88,0.88,0.88,21.84,12.73,0.99,"",0,0.0,255,1.2,192,0.9,181,0.8,9257821,4.3,9051705,4.3,2893,1.0,25,3.3
"20173","5","10","71","0","2017","4","",12334,218420,220022,220357,2618802040,289592405,4234295,917,"",1.01,1.03,1.03,1.03,1.03,0.59,0.94,0.99,"",-248,-2.0,-2328,-1.1,-1398,-0.6,-280,-0.1,30109445,1.2,-16030471,-5.2,-519774,-10.9,16,1.8
"20175","0","10","70","0","2017","4","",588,10677,10717,10795,106180572,29249794,108861,761,"",1.00,1.00,1.00,1.00,1.00,1.00,1.00,1.00,"",-15,-2.5,-433,-3.9,-473,-4.2,-464,-4.1,2516817,2.4,-1103436,-3.6,12647,13.1,48,6.7
"20175","1","10","71","0","2017","4","",7,81,77,79,1182876,0,0,1152,"",1.98,0.39,0.38,0.38,0.41,0.00,0.00,1.06,"",0,0.0,-10,-11.0,-8,-9.4,-7,-8.1,31075,2.7,0,0.0,0,0.0,137,13.5
"20175","2","10","71","0","2017","4","",15,68,70,67,668433,0,0,752,"",3.64,0.20,0.20,0.19,0.19,0.00,0.00,0.97,"",2,15.4,3,4.6,5,7.7,2,3.1,27948,4.4,0,0.0,0,0.0,-6,-0.8
"20175","3","10","71","0","2017","4","",16,2168,2201,2232,20686157,18580164,24824,723,"",1.60,2.05,2.07,2.09,2.27,32.09,43.33,1.10,"",0,0.0,-79,-3.5,-77,-3.4,-70,-3.0,495468,2.5,466614,2.6,6709,37.0,41,6.0
"20175","5","10","71","0","2017","4","",550,8360,8369,8417,83643106,10669630,84037,768,"",0.96,0.92,0.92,0.92,0.92,0.38,0.78,1.00,"",-17,-3.0,-347,-4.0,-393,-4.5,-389,-4.4,1962326,2.4,-1570050,-12.8,5938,7.6,51,7.1
"20177","0","10","70","0","2017","4","",5042,97127,97610,97060,1086383726,146648572,1572105,859,"",1.00,1.00,1.00,1.00,1.00,1.00,1.00,1.00,"",-162,-3.1,-1314,-1.3,-1392,-1.4,-1403,-1.4,4350114,0.4,-701674,-0.5,-35489,-2.2,15,1.8
"20177","1","10","71","0","2017","4","",45,3223,3255,3284,55987565,0,0,1324,"",1.49,1.72,1.74,1.76,1.87,0.00,0.00,1.08,"",-2,-4.3,-55,-1.7,-28,-0.9,-6,-0.2,200490,0.4,0,0.0,0,0.0,17,1.3
"20177","2","10","71","0","2017","4","",73,7881,7869,7874,98407650,8094,16,961,"",2.07,2.53,2.52,2.54,2.77,0.00,0.01,1.10,"",0,0.0,-111,-1.4,-163,-2.0,-244,-3.0,-1887789,-1.9,-11528,-58.8,-23,-59.0,2,0.2
"20177","3","10","71","0","2017","4","",49,10376,10342,10300,96989943,41334533,68621,722,"",0.57,1.08,1.07,1.07,1.04,14.24,8.29,0.97,"",0,0.0,-73,-0.7,-86,-0.8,-131,-1.3,2640967,2.8,734894,1.8,-1569,-2.2,27,3.9
"20177","5","10","71","0","2017","4","",4875,75647,76144,75602,834998568,105305945,1503468,847,"",1.00,0.92,0.92,0.92,0.90,0.74,0.96,0.98,"",-160,-3.2,-1075,-1.4,-1115,-1.4,-1022,-1.3,3396446,0.4,-1425040,-1.3,-33897,-2.2,15,1.8
"20179","0","10","70","0","2017","4","",129,926,949,939,9769918,3924325,8675,801,"",1.00,1.00,1.00,1.00,1.00,1.00,1.00,1.00,"",-2,-1.5,-33,-3.4,-18,-1.9,-35,-3.6,-444869,-4.4,280468,7.7,-1049,-10.8,-12,-1.5
"20179","1","10","71","0","2017","4","",5,13,15,14,159719,0,0,878,"",6.46,0.73,0.83,0.77,0.59,0.00,0.00,0.77,"",0,0.0,-1,-7.1,-1,-6.2,0,0.0,5718,3.7,0,0.0,0,0.0,70,8.7
"20179","2","10","71","0","2017","4","",5,9,9,9,93861,0,0,802,"",5.53,0.30,0.30,0.30,0.29,0.00,0.00,0.98,"",0,0.0,-1,-10.0,-1,-10.0,-1,-10.0,5694,6.5,0,0.0,0,0.0,124,18.3
"20179","3","10","71","0","2017","4","",10,380,391,398,3198384,3198384,3193,631,"",4.56,4.14,4.15,4.28,3.81,41.17,69.94,0.91,"",0,0.0,26,7.3,30,8.3,22,5.9,256909,8.7,256909,8.7,-321,-9.1,9,1.4
"20179","5","10","71","0","2017","4","",109,524,534,518,6317954,725941,5482,925,"",0.87,0.67,0.66,0.65,0.76,0.19,0.64,1.15,"",-2,-1.8,-57,-9.8,-46,-7.9,-56,-9.8,-713190,-10.1,23559,3.4,-728,-11.7,-10,-1.1
"20181","0","10","70","0","2017","4","",252,2467,2444,2470,21610450,8601069,27693,676,"",1.00,1.00,1.00,1.00,1.00,1.00,1.00,1.00,"",-14,-5.3,14,0.6,-25,-1.0,-2,-0.1,237311,1.1,-78209,-0.9,-11415,-29.2,9,1.3
"20181","1","10","71","0","2017","4","",8,49,44,44,746342,0,0,1257,"",5.29,1.03,0.94,0.92,1.26,0.00,0.00,1.30,"",0,0.0,1,2.1,-2,-4.3,-6,-12.0,8233,1.1,0,0.0,0,0.0,74,6.3
"20181","2","10","71","0","2017","4","",7,35,35,38,313081,0,0,669,"",3.96,0.44,0.45,0.48,0.44,0.00,0.00,0.97,"",0,0.0,-3,-7.9,-2,-5.4,0,0.0,-19581,-5.9,0,0.0,0,0.0,-10,-1.5
"20181","3","10","71","0","2017","4","",11,695,673,695,6440265,6384511,10686,720,"",2.57,2.84,2.77,2.84,3.47,37.50,73.32,1.23,"",0,0.0,24,3.6,-6,-0.9,6,0.9,268200,4.3,259735,4.2,-10528,-49.6,21,3.0
"20181","5","10","71","0","2017","4","",226,1688,1692,1693,14110762,2216558,17007,642,"",0.92,0.81,0.81,0.81,0.76,0.27,0.62,0.94,"",-14,-5.8,-8,-0.5,-15,-0.9,-2,-0.1,-19541,-0.1,-337944,-13.2,-887,-5.0,2,0.3
"20183","0","10","70","0","2017","4","",161,1284,1265,1266,10302844,2769973,16208,623,"",1.00,1.00,1.00,1.00,1.00,1.00,1.00,1.00,"",-4,-2.4,-23,-1.8,-20,-1.6,-39,-3.0,422112,4.3,-72364,-2.5,2875,21.6,38,6.5
"20183","1","10","71","0","2017","4","",8,29,29,30,366873,0,0,962,"",8.28,1.17,1.20,1.23,1.30,0.00,0.00,1.08,"",0,0.0,-2,-6.5,-5,-14.7,-2,-6.2,5310,1.5,0,0.0,0,0.0,102,11.9
"20183","2","10","71","0","2017","4","",7,13,12,12,124479,0,0,776,"",6.21,0.32,0.30,0.30,0.37,0.00,0.00,1.22,"",2,40.0,1,8.3,0,0.0,0,0.0,-5332,-4.1,0,0.0,0,0.0,-56,-6.7
"20183","3","10","71","0","2017","4","",13,345,338,345,1983418,1635585,1739,445,"",4.75,2.71,2.69,2.75,2.24,29.83,20.39,0.82,"",0,0.0,-4,-1.1,0,0.0,-2,-0.6,79853,4.2,59769,3.8,-2316,-57.1,20,4.7
"20183","5","10","71","0","2017","4","",133,897,886,879,7828074,1134388,14469,679,"",0.85,0.82,0.82,0.82,0.89,0.42,0.90,1.08,"",-6,-4.3,-18,-2.0,-15,-1.7,-35,-3.8,342281,4.6,-132133,-10.4,5191,55.9,46,7.3
"20185","0","10","70","0","2017","4","",178,1237,1217,1250,10591382,3811864,16844,660,"",1.00,1.00,1.00,1.00,1.00,1.00,1.00,1.00,"",4,2.3,-84,-6.4,-76,-5.9,-70,-5.3,131618,1.3,-143020,-3.6,3184,23.3,46,7.5
"20185","1","10","71","0","2017","4","",8,39,37,39,495278,0,0,994,"",7.49,1.64,1.59,1.62,1.70,0.00,0.00,1.05,"",0,0.0,-2,-4.9,0,0.0,-6,-13.3,-13453,-2.6,0,0.0,0,0.0,40,4.2
"20185","2","10","71","0","2017","4","",6,16,16,16,184377,0,0,886,"",4.81,0.40,0.41,0.40,0.53,0.00,0.00,1.32,"",1,20.0,-18,-52.9,-18,-52.9,-18,-52.9,-90321,-32.9,0,0.0,0,0.0,265,42.7
"20185","3","10","71","0","2017","4","",41,493,494,507,2908402,2818166,2778,449,"",13.55,4.02,4.09,4.10,3.19,37.35,31.34,0.78,"",0,0.0,-91,-15.6,-87,-15.0,-88,-14.8,-343095,-10.6,-339200,-10.7,-4355,-61.1,23,5.4
"20185","5","10","71","0","2017","4","",123,689,670,688,7003325,993698,14066,790,"",0.71,0.66,0.65,0.65,0.77,0.27,0.84,1.19,"",3,2.5,27,4.1,29,4.5,42,6.5,578487,9.0,196180,24.6,7539,115.5,29,3.8
"20187","0","10","70","0","2017","4","",103,856,809,845,8255447,2972363,9299,759,"",1.00,1.00,1.00,1.00,1.00,1.00,1.00,1.00,"",6,6.2,12,1.4,-2,-0.2,5,0.6,163005,2.0,132735,4.7,-3346,-26.5,11,1.5
"20187","1","10","71","0","2017","4","",5,7,7,7,85987,0,0,945,"",8.09,0.42,0.45,0.43,0.38,0.00,0.00,0.87,"",0,0.0,-3,-30.0,-3,-30.0,-2,-22.2,5081,6.3,0,0.0,0,0.0,301,46.7
"20187","2","10","71","0","2017","4","N",2,0,0,0,0,0,0,0,"N",2.77,0,0,0,0,0,0,0,"N",1,100.0,0,0,0,0,0,0,0,0,0,0,0,0,0,0
"20187","3","10","71","0","2017","4","N",11,0,0,0,0,0,0,0,"N",6.28,0,0,0,0,0,0,0,"N",0,0.0,0,0,0,0,0,0,0,0,0,0,0,0,0,0
"20187","5","10","71","0","2017","4","",85,515,471,474,5275658,720667,6560,834,"",0.85,0.71,0.69,0.66,0.75,0.25,0.71,1.09,"",5,6.2,17,3.4,-11,-2.3,-6,-1.2,107501,2.1,50649,7.6,2286,53.5,17,2.1
"20189","0","10","70","0","2017","4","",194,1814,1846,1838,17123129,6857601,33611,719,"",1.00,1.00,1.00,1.00,1.00,1.00,1.00,1.00,"",-11,-5.4,-76,-4.0,-46,-2.4,18,1.0,-328564,-1.9,157316,2.3,1878,5.9,0,0.0
"20189","1","10","71","0","2017","4","",6,21,20,19,262410,0,0,1009,"",5.16,0.60,0.57,0.54,0.56,0.00,0.00,0.98,"",0,0.0,1,5.0,-2,-9.1,-3,-13.6,16120,6.5,0,0.0,0,0.0,121,13.6
"20189","2","10","71","0","2017","4","",4,12,13,13,111412,0,0,677,"",2.94,0.21,0.22,0.22,0.20,0.00,0.00,0.92,"",0,0.0,-3,-20.0,1,8.3,1,8.3,6219,5.9,0,0.0,0,0.0,55,8.8
"20189","3","10","71","0","2017","4","",16,695,711,711,5857406,5076929,9580,639,"",4.85,3.87,3.88,3.91,3.98,37.40,54.16,1.02,"",0,0.0,-5,-0.7,-14,-1.9,16,2.3,145768,2.6,223876,4.6,-1101,-10.3,17,2.7
"20189","5","10","71","0","2017","4","",168,1086,1102,1095,10891901,1780672,24031,766,"",0.89,0.70,0.70,0.70,0.74,0.27,0.72,1.06,"",-11,-6.1,-69,-6.0,-31,-2.7,4,0.4,-496671,-4.4,-66560,-3.6,2979,14.2,-12,-1.5
"20191","0","10","70","0","2017","4","",539,7166,7183,7190,63239655,20674111,117168,678,"",1.00,1.00,1.00,1.00,1.00,1.00,1.00,1.00,"",-14,-2.5,-66,-0.9,-54,-0.7,-134,-1.8,-600898,-0.9,-434776,-2.1,-18303,-13.5,2,0.3
"20191","1","10","71","0","2017","4","",16,67,70,68,871329,0,0,981,"",4.95,0.49,0.51,0.49,0.50,0.00,0.00,1.01,"",0,0.0,1,1.5,4,6.1,-2,-2.9,55499,6.8,0,0.0,0,0.0,49,5.3
"20191","2","10","71","0","2017","4","",9,48,49,48,547480,0,0,871,"",2.38,0.21,0.21,0.21,0.27,0.00,0.00,1.26,"",2,28.6,-1,-2.0,0,0.0,-3,-5.9,-44889,-7.6,0,0.0,0,0.0,-46,-5.0
"20191","3","10","71","0","2017","4","",54,2132,2138,2146,16066455,14011890,18872,578,"",5.89,3.00,3.00,3.02,2.95,34.24,30.60,0.98,"",1,1.9,50,2.4,52,2.5,72,3.5,1067482,7.1,948193,7.3,-3895,-17.1,23,4.1
"20191","5","10","71","0","2017","4","",460,4919,4926,4928,45754391,6662221,98296,715,"",0.88,0.81,0.81,0.81,0.85,0.33,0.84,1.05,"",-17,-3.6,-116,-2.3,-110,-2.2,-201,-3.9,-1678990,-3.5,-1382969,-17.2,-14408,-12.8,-5,-0.7
"20193","0","10","70","0","2017","4","",399,3954,3988,3901,36214211,8159155,42198,706,"",1.00,1.00,1.00,1.00,1.00,1.00,1.00,1.00,"",-2,-0.5,-141,-3.4,-135,-3.3,-101,-2.5,381197,1.1,-174543,-2.1,2890,7.4,29,4.3
"20193","1","10","71","0","2017","4","",6,27,24,25,339563,0,0,1031,"",2.51,0.35,0.31,0.33,0.34,0.00,0.00,1.02,"",-1,-14.3,1,3.8,-2,-7.7,-2,-7.4,25900,8.3,0,0.0,0,0.0,115,12.6
"20193","2","10","71","0","2017","4","",13,54,58,57,638656,0,0,872,"",4.65,0.43,0.45,0.46,0.54,0.00,0.00,1.21,"",0,0.0,-55,-50.5,-50,-46.3,-54,-48.6,-284467,-30.8,0,0.0,0,0.0,223,34.4
"20193","3","10","71","0","2017","4","",27,709,713,662,4412583,4321117,5812,489,"",3.98,1.81,1.80,1.71,1.42,26.75,26.17,0.80,"",0,0.0,-2,-0.3,-40,-5.3,-11,-1.6,99982,2.3,90378,2.1,-231,-3.8,23,4.9
"20193","5","10","71","0","2017","4","",353,3164,3193,3157,30823409,3838038,36386,748,"",0.91,0.94,0.94,0.95,1.00,0.49,0.87,1.05,"",-1,-0.3,-85,-2.6,-43,-1.3,-34,-1.1,539782,1.8,-264921,-6.5,3121,9.4,26,3.6
"20195","0","10","70","0","2017","4","",129,1214,1235,1205,10579043,3994184,18209,668,"",1.00,1.00,1.00,1.00,1.00,1.00,1.00,1.00,"",-7,-5.1,-63,-4.9,-61,-4.7,-91,-7.0,445513,4.4,-52025,-1.3,2742,17.7,64,10.6
"20195","1","10","71","0","2017","4","",5,19,16,14,154756,0,0,729,"",6.46,0.81,0.68,0.60,0.53,0.00,0.00,0.76,"",0,0.0,4,26.7,-1,-5.9,-5,-26.3,7358,5.0,0,0.0,0,0.0,62,9.3
"20195","2","10","71","0","2017","4","",8,63,60,57,751430,0,0,963,"",8.85,1.62,1.52,1.48,2.18,0.00,0.00,1.41,"",0,0.0,29,85.3,27,81.8,23,67.6,393486,109.9,0,0.0,0,0.0,145,17.7
"20195","3","10","71","0","2017","4","",9,419,439,429,3059152,3059152,3060,549,"",4.10,3.48,3.58,3.60,3.36,38.69,31.93,0.95,"",0,0.0,-22,-5.0,-11,-2.4,-21,-4.7,-9500,-0.3,-9500,-0.3,-712,-18.9,21,4.0
"20195","5","10","71","0","2017","4","",107,713,720,705,6613705,935032,15149,714,"",0.86,0.69,0.69,0.69,0.73,0.24,0.84,1.06,"",-7,-6.1,-74,-9.4,-76,-9.5,-88,-11.1,54169,0.8,-42525,-4.4,3454,29.5,77,12.1
"20197","0","10","70","0","2017","4","",178,1400,1379,1379,11624887,4502915,35464,645,"",1.00,1.00,1.00,1.00,1.00,1.00,1.00,1.00,"",2,1.1,29,2.1,44,3.3,63,4.8,1131089,10.8,240970,5.7,9902,38.7,43,7.1
"20197","1","10","71","0","2017","4","",9,21,19,20,231804,0,0,892,"",8.43,0.78,0.72,0.75,0.73,0.00,0.00,0.97,"",0,0.0,-1,-4.5,-4,-17.4,-3,-13.0,2502,1.1,0,0.0,0,0.0,114,14.7
"20197","2","10","71","0","2017","4","",8,26,25,27,266678,0,0,789,"",6.41,0.58,0.57,0.61,0.70,0.00,0.00,1.20,"",1,14.3,-6,-18.8,-7,-21.9,-5,-15.6,-29354,-9.9,0,0.0,0,0.0,77,10.8
"20197","3","10","71","0","2017","4","",29,449,438,446,2757695,2674944,3432,477,"",9.59,3.24,3.20,3.27,2.76,30.01,18.39,0.85,"",1,3.6,-20,-4.3,-12,-2.7,-9,-2.0,81810,3.1,88451,3.4,457,15.4,28,6.2
"20197","5","10","71","0","2017","4","",132,904,897,886,8368710,1827971,32032,719,"",0.76,0.76,0.77,0.76,0.84,0.42,0.91,1.11,"",0,0.0,56,6.6,67,8.1,80,9.9,1076131,14.8,152519,9.1,9445,41.8,42,6.2
"20199","0","10","70","0","2017","4","",90,536,540,528,4736886,1228726,6285,682,"",1.00,1.00,1.00,1.00,1.00,1.00,1.00,1.00,"",-5,-5.3,-10,-1.8,-2,-0.4,-4,-0.8,274837,6.2,-5495,-0.4,-284,-4.3,46,7.2
"20199","1","10","71","0","2017","4","",5,10,10,9,99425,0,0,791,"",9.26,0.97,0.97,0.88,0.76,0.00,0.00,0.81,"",0,0.0,-1,-9.1,2,25.0,-3,-25.0,6500,7.0,0,0.0,0,0.0,99,14.3
"20199","2","10","71","0","2017","4","",3,8,8,7,71446,0,0,717,"",4.76,0.46,0.46,0.42,0.46,0.00,0.00,1.03,"",0,0.0,-1,-11.1,-1,-11.1,-2,-22.2,-6458,-8.3,0,0.0,0,0.0,51,7.7
"20199","3","10","71","0","2017","4","",9,195,194,188,1058141,810221,2652,423,"",5.88,3.67,3.62,3.60,2.60,33.31,80.18,0.72,"",0,0.0,-12,-5.8,-15,-7.2,-17,-8.3,4428,0.4,32376,4.2,1871,239.6,31,7.9
"20199","5","10","71","0","2017","4","",73,323,328,324,3507874,418505,3633,830,"",0.84,0.71,0.71,0.72,0.87,0.35,0.58,1.21,"",-5,-6.4,4,1.3,12,3.8,18,5.9,270367,8.4,-37871,-8.3,-2155,-37.2,36,4.5
"20201","0","10","70","0","2017","4","",289,2036,2004,2068,15811276,4557053,22028,597,"",1.00,1.00,1.00,1.00,1.00,1.00,1.00,1.00,"",4,1.4,-13,-0.6,-19,-0.9,20,1.0,69523,0.4,246813,5.7,3282,17.5,3,0.5
"20201","1","10","71","0","2017","4","",15,40,38,37,413599,0,0,830,"",8.65,1.02,0.99,0.93,0.95,0.00,0.00,0.97,"",0,0.0,-3,-7.0,-3,-7.3,-5,-11.9,-15105,-3.5,0,0.0,0,0.0,45,5.7
"20201","2","10","71","0","2017","4","",8,22,21,22,223567,0,0,794,"",3.95,0.34,0.33,0.33,0.43,0.00,0.00,1.30,"",1,14.3,3,15.8,1,5.0,1,4.8,31731,16.5,0,0.0,0,0.0,56,7.6
"20201","3","10","71","0","2017","4","",53,687,676,721,4010501,2738119,8675,444,"",10.79,3.41,3.40,3.52,2.95,30.35,74.83,0.86,"",-1,-1.9,25,3.8,16,2.4,36,5.3,129193,3.3,112024,4.3,3837,79.3,-2,-0.4
"20201","5","10","71","0","2017","4","",213,1287,1269,1288,11163609,1818934,13353,670,"",0.76,0.74,0.75,0.73,0.83,0.41,0.61,1.12,"",4,1.9,-38,-2.9,-33,-2.5,-12,-0.9,-76296,-0.7,134789,8.0,-555,-4.0,9,1.4
"20203","0","10","70","0","2017","4","",118,782,771,757,7511781,2745933,6195,750,"",1.00,1.00,1.00,1.00,1.00,1.00,1.00,1.00,"",4,3.5,-4,-0.5,-6,-0.8,-24,-3.1,273346,3.8,-34555,-1.2,-1191,-16.1,37,5.2
"20203","1","10","71","0","2017","4","",5,17,12,17,172950,0,0,868,"",7.06,1.13,0.81,1.17,0.84,0.00,0.00,0.81,"",0,0.0,0,0.0,-5,-29.4,-2,-10.5,-36221,-17.3,0,0.0,0,0.0,-43,-4.7
"20203","2","10","71","0","2017","4","N",2,0,0,0,0,0,0,0,"N",2.42,0,0,0,0,0,0,0,"N",-1,-33.3,0,0,0,0,0,0,0,0,0,0,0,0,0,0
"20203","3","10","71","0","2017","4","N",10,0,0,0,0,0,0,0,"N",4.99,0,0,0,0,0,0,0,"N",0,0.0,0,0,0,0,0,0,0,0,0,0,0,0,0,0
"20203","5","10","71","0","2017","4","",101,490,484,472,5187973,626981,4079,828,"",0.88,0.74,0.74,0.73,0.81,0.24,0.66,1.10,"",5,5.2,12,2.5,21,4.5,4,0.9,337992,7.0,-11773,-1.8,398,10.8,34,4.3
"20205","0","10","70","0","2017","4","",249,3666,3643,3630,33960394,9061766,113050,716,"",1.00,1.00,1.00,1.00,1.00,1.00,1.00,1.00,"",-17,-6.4,-38,-1.0,-129,-3.4,-105,-2.8,-20936,-0.1,558150,6.6,25249,28.8,17,2.4
"20205","1","10","71","0","2017","4","",7,30,32,33,378078,0,0,918,"",4.69,0.43,0.46,0.47,0.41,0.00,0.00,0.90,"",-1,-12.5,-5,-14.3,-4,-11.1,-3,-8.3,7835,2.1,0,0.0,0,0.0,119,14.9
"20205","2","10","71","0","2017","4","",7,23,25,26,253356,0,0,790,"",4.01,0.20,0.21,0.22,0.23,0.00,0.00,1.08,"",0,0.0,-2,-8.0,0,0.0,1,4.0,-15233,-5.7,0,0.0,0,0.0,-36,-4.4
"20205","3","10","71","0","2017","4","",21,942,942,915,7522634,5351189,27496,620,"",4.96,2.59,2.60,2.55,2.58,29.83,46.21,1.00,"",-1,-4.5,27,3.0,1,0.1,-27,-2.9,452776,6.4,153213,2.9,11024,66.9,37,6.3
"20205","5","10","71","0","2017","4","",214,2671,2644,2656,25806326,3710577,85554,747,"",0.89,0.86,0.85,0.86,0.89,0.42,0.76,1.04,"",-15,-6.6,-58,-2.1,-126,-4.5,-76,-2.8,-466314,-1.8,404937,12.2,14225,19.9,10,1.4
"20207","0","10","70","0","2017","4","",104,705,721,763,5080557,1895911,10098,536,"",1.00,1.00,1.00,1.00,1.00,1.00,1.00,1.00,"",0,0.0,20,2.9,32,4.6,74,10.7,305425,6.4,-37549,-1.9,2552,33.8,2,0.4
"20207","1","10","71","0","2017","4","",4,14,12,13,154217,0,0,913,"",6.41,1.03,0.87,0.88,1.10,0.00,0.00,1.19,"",0,0.0,-2,-12.5,-2,-14.3,-1,-7.1,-259,-0.2,0,0.0,0,0.0,103,12.7
"20207","2","10","71","0","2017","4","",6,28,24,23,210209,0,0,647,"",8.23,1.24,1.04,0.95,1.27,0.00,0.00,1.18,"",0,0.0,-2,-6.7,-2,-7.7,-4,-14.8,-55,0.0,0,0.0,0,0.0,62,10.6
"20207","3","10","71","0","2017","4","",13,223,239,271,1329765,1317748,2174,419,"",7.35,3.19,3.34,3.59,3.04,35.11,40.91,0.90,"",0,0.0,-22,-9.0,-13,-5.2,19,7.5,31815,2.5,32180,2.5,-58,-2.6,19,4.8
"20207","5","10","71","0","2017","4","",81,440,446,456,3386366,578163,7924,582,"",0.80,0.73,0.73,0.70,0.78,0.32,0.79,1.08,"",0,0.0,46,11.7,49,12.3,60,15.2,273924,8.8,-69729,-10.8,2610,49.1,-23,-3.8
"20209","0","10","70","0","2017","4","",3424,92625,93269,93697,1242919262,381494830,2749036,1026,"",1.00,1.00,1.00,1.00,1.00,1.00,1.00,1.00,"",-164,-4.6,606,0.7,1874,2.1,1780,1.9,8998663,0.7,12828068,3.5,541587,24.5,-8,-0.8
"20209","1","10","71","0","2017","4","",28,1264,1241,1249,24525600,0,0,1508,"",1.36,0.71,0.70,0.69,0.72,0.00,0.00,1.03,"",-2,-6.7,-8,-0.6,-33,-2.6,-91,-6.8,209654,0.9,0,0.0,0,0.0,64,4.4
"20209","2","10","71","0","2017","4","",25,4590,4648,4658,126398076,0,0,2099,"",1.04,1.54,1.56,1.56,3.11,0.00,0.00,2.01,"",4,19.0,-213,-4.4,-56,-1.2,86,1.9,10757029,9.3,0,0.0,0,0.0,204,10.8
"20209","3","10","71","0","2017","4","",21,9449,9501,9484,117564558,115638006,161221,954,"",0.36,1.03,1.03,1.02,1.10,15.31,11.14,1.07,"",0,0.0,-2,0.0,-45,-0.5,-27,-0.3,3407515,3.0,3359739,3.0,15807,10.9,30,3.2
"20209","5","10","71","0","2017","4","",3350,77322,77879,78306,974431028,265856824,2587815,963,"",1.01,0.98,0.98,0.98,0.92,0.72,0.95,0.93,"",-166,-4.7,829,1.1,2008,2.6,1812,2.4,-5375535,-0.5,9468329,3.7,525780,25.5,-25,-2.5
"20999","0","10","70","0","2017","4","",2079,21888,21762,21565,342072976,32330798,689764,1210,"",1.00,1.00,1.00,1.00,1.00,1.00,1.00,1.00,"",-167,-7.4,346,1.6,188,0.9,270,1.3,-8953959,-2.6,-6863244,-17.5,-284220,-29.2,-48,-3.8
"20999","1","10","71","0","2017","4","",48,1191,1190,1180,19191018,0,0,1244,"",3.85,2.83,2.86,2.84,2.04,0.00,0.00,0.72,"",2,4.3,107,9.9,107,9.9,82,7.5,2258848,13.3,0,0.0,0,0.0,47,3.9
"20999","2","10","71","0","2017","4","N",1,0,0,0,0,0,0,0,"N",0.07,0,0,0,0,0,0,0,"N",0,0.0,0,0,0,0,0,0,0,0,0,0,0,0,0,0
"20999","3","10","71","0","2017","4","N",5,0,0,0,0,0,0,0,"N",0.14,0,0,0,0,0,0,0,"N",0,0.0,0,0,0,0,0,0,0,0,0,0,0,0,0,0
"20999","5","10","71","0","2017","4","",2025,20513,20373,20184,320888512,30347192,682089,1213,"",1.00,1.10,1.10,1.10,1.10,0.97,1.00,1.00,"",-169,-7.7,249,1.2,77,0.4,180,0.9,-11305290,-3.4,-6953139,-18.6,-284234,-29.4,-53,-4.2
"21000","0","10","50","0","2017","4","",122236,1895032,1911744,1908513,22172288903,1843110411,46849298,895,"",1.00,1.00,1.00,1.00,1.00,1.00,1.00,1.00,"",-1760,-1.4,13998,0.7,19468,1.0,14286,0.8,698201121,3.3,46386980,2.6,-5569456,-10.6,21,2.4
"21000","1","10","51","0","2017","4","",1234,36092,36270,36508,595172289,0,0,1262,"",1.68,0.99,0.99,0.99,0.98,0.00,0.00,0.99,"",-11,-0.9,-371,-1.0,-152,-0.4,-390,-1.1,11125722,1.9,0,0.0,0,0.0,34,2.8
"21000","2","10","51","0","2017","4","",2575,85088,85366,85055,1064164069,324952,8970,961,"",3.01,1.40,1.39,1.40,1.47,0.01,0.15,1.05,"",22,0.9,-345,-0.4,-524,-0.6,-781,-0.9,20018231,1.9,74046,29.5,465,5.5,24,2.6
"21000","3","10","51","0","2017","4","",1977,181721,182919,182639,1773040896,7077614,101319,748,"",0.95,0.97,0.96,0.97,0.93,0.19,0.41,0.96,"",-9,-0.5,1861,1.0,2137,1.2,2538,1.4,44329075,2.6,553250,8.5,-15437,-13.2,10,1.4
"21000","5","10","51","0","2017","4","",116450,1592131,1607189,1604311,18739911649,1835707845,46739009,900,"",0.98,0.99,0.99,0.99,0.99,1.03,1.00,1.00,"",-1762,-1.5,12853,0.8,18007,1.1,12919,0.8,622728093,3.4,45759684,2.6,-5554484,-10.6,22,2.5
"21000","8","10","96","0","2017","4","",5786,302901,304555,304202,3432377254,7402566,110289,869,"",1.58,1.06,1.06,1.06,1.06,0.12,0.36,1.00,"",2,0.0,1145,0.4,1461,0.5,1367,0.5,75473028,2.2,627296,9.3,-14972,-12.0,16,1.9
"21001","0","10","70","0","2017","4","",381,4563,4621,4611,37091049,3713026,80303,620,"",1.00,1.00,1.00,1.00,1.00,1.00,1.00,1.00,"",-19,-4.8,24,0.5,94,2.1,104,2.3,1062065,2.9,285125,8.3,-4512,-5.3,7,1.1
"21001","1","10","71","0","2017","4","",6,41,45,46,568449,0,0,994,"",2.63,0.47,0.51,0.52,0.56,0.00,0.00,1.12,"",0,0.0,-3,-6.8,0,0.0,0,0.0,52546,10.2,0,0.0,0,0.0,112,12.7
"21001","2","10","71","0","2017","4","",24,258,254,255,2546686,2298,14,766,"",8.99,1.76,1.72,1.73,2.10,0.05,0.13,1.21,"",-1,-4.0,19,7.9,15,6.3,19,8.1,196684,8.4,-241,-9.5,-11,-44.0,6,0.8
"21001","3","10","71","0","2017","4","",10,690,706,699,5568782,70941,683,613,"",1.54,1.53,1.54,1.53,1.75,0.97,1.62,1.14,"",-1,-9.1,0,0.0,-14,-1.9,-7,-1.0,240223,4.5,46250,187.3,345,102.1,32,5.5
"21001","5","10","71","0","2017","4","",341,3574,3616,3611,28407132,3639787,79606,607,"",0.92,0.92,0.92,0.92,0.90,1.01,1.00,0.97,"",-17,-4.7,8,0.2,93,2.6,92,2.6,572612,2.1,239116,7.0,-4846,-5.7,1,0.2
"21003","0","10","70","0","2017","4","",295,4470,4539,4526,40352537,3916609,89605,688,"",1.00,1.00,1.00,1.00,1.00,1.00,1.00,1.00,"",-9,-3.0,-154,-3.3,-100,-2.2,-73,-1.6,-1656835,-3.9,341795,9.6,5112,6.1,-11,-1.6
"21003","1","10","71","0","2017","4","",4,45,42,43,543947,0,0,966,"",2.26,0.52,0.48,0.49,0.49,0.00,0.00,0.98,"",0,0.0,-1,-2.2,1,2.4,-2,-4.4,31660,6.2,0,0.0,0,0.0,70,7.8
"21003","2","10","71","0","2017","4","",11,67,67,68,606895,0,0,693,"",5.32,0.47,0.46,0.47,0.46,0.00,0.00,0.99,"",2,22.2,5,8.1,4,6.3,6,9.7,49996,9.0,0,0.0,0,0.0,6,0.9
"21003","3","10","71","0","2017","4","",10,743,753,749,6117122,25665,508,629,"",1.99,1.68,1.67,1.67,1.76,0.33,1.08,1.05,"",0,0.0,-28,-3.6,-9,-1.2,-2,-0.3,132647,2.2,-1249,-4.6,-717,-58.5,24,4.0
"21003","5","10","71","0","2017","4","",270,3615,3677,3666,33084573,3890944,89097,697,"",0.94,0.95,0.95,0.95,0.96,1.03,1.00,1.01,"",-11,-3.9,-130,-3.5,-96,-2.5,-75,-2.0,-1871138,-5.4,343044,9.7,5829,7.0,-19,-2.7
"21005","0","10","70","0","2017","4","",410,4738,4785,4844,44553851,3771315,74806,716,"",1.00,1.00,1.00,1.00,1.00,1.00,1.00,1.00,"",-2,-0.5,81,1.7,30,0.6,68,1.4,1638717,3.8,-35889,-0.9,-27941,-27.2,18,2.6
"21005","1","10","71","0","2017","4","",4,40,42,42,583977,0,0,1087,"",1.63,0.44,0.46,0.45,0.48,0.00,0.00,1.06,"",0,0.0,0,0.0,1,2.4,2,5.0,20564,3.6,0,0.0,0,0.0,12,1.1
"21005","2","10","71","0","2017","4","",16,92,93,92,668776,0,0,557,"",5.57,0.60,0.61,0.60,0.46,0.00,0.00,0.76,"",-1,-5.9,0,0.0,0,0.0,3,3.4,-3800,-0.6,0,0.0,0,0.0,-9,-1.6
"21005","3","10","71","0","2017","4","",9,820,812,796,6776046,60632,429,644,"",1.29,1.75,1.71,1.66,1.77,0.81,1.09,1.04,"",0,0.0,5,0.6,5,0.6,0,0.0,301956,4.7,40820,206.0,213,98.6,26,4.2
"21005","5","10","71","0","2017","4","",381,3786,3838,3914,36525052,3710683,74377,731,"",0.96,0.94,0.94,0.95,0.96,1.02,1.00,1.02,"",-1,-0.3,76,2.0,24,0.6,63,1.6,1319997,3.7,-76709,-2.0,-28154,-27.5,17,2.4
"21007","0","10","70","0","2017","4","",169,1572,1568,1555,19079946,1498719,59906,938,"",1.00,1.00,1.00,1.00,1.00,1.00,1.00,1.00,"",3,1.8,-30,-1.9,-10,-0.6,-23,-1.5,392646,2.1,189374,14.5,-14465,-19.4,32,3.5
"21007","1","10","71","0","2017","4","",7,24,22,23,258837,0,0,866,"",6.91,0.79,0.73,0.77,0.49,0.00,0.00,0.65,"",0,0.0,-8,-25.0,-9,-29.0,-1,-4.2,-13023,-4.8,0,0.0,0,0.0,145,20.1
"21007","2","10","71","0","2017","4","",11,41,40,41,348157,0,0,659,"",9.29,0.81,0.80,0.83,0.56,0.00,0.00,0.69,"",1,10.0,-5,-10.9,-5,-11.1,-3,-6.8,-14071,-3.9,0,0.0,0,0.0,40,6.5
"21007","3","10","71","0","2017","4","",8,343,354,357,2610779,2880,35,572,"",2.79,2.20,2.27,2.32,1.59,0.10,0.11,0.70,"",0,0.0,-6,-1.7,7,2.0,5,1.4,-71057,-2.6,2880,100.0,35,100.0,-19,-3.2
"21007","5","10","71","0","2017","4","",143,1164,1152,1134,15862173,1495839,59871,1061,"",0.87,0.87,0.86,0.86,0.97,1.03,1.01,1.13,"",2,1.4,-11,-0.9,-3,-0.3,-24,-2.1,490797,3.2,186494,14.2,-14500,-19.5,44,4.3
"21009","0","10","70","0","2017","4","",1035,16914,16960,16934,154700597,17704104,410414,703,"",1.00,1.00,1.00,1.00,1.00,1.00,1.00,1.00,"",-24,-2.3,-179,-1.0,-135,-0.8,-70,-0.4,1810316,1.2,1831685,11.5,-48194,-10.5,14,2.0
"21009","1","10","71","0","2017","4","",9,112,101,102,1542356,0,0,1130,"",1.45,0.34,0.31,0.31,0.36,0.00,0.00,1.12,"",0,0.0,4,3.7,-9,-8.2,-6,-5.6,104115,7.2,0,0.0,0,0.0,112,11.0
"21009","2","10","71","0","2017","4","",36,400,406,404,3366544,0,0,642,"",4.96,0.74,0.75,0.75,0.67,0.00,0.00,0.90,"",0,0.0,-22,-5.2,-17,-4.0,-18,-4.3,-103111,-3.0,0,0.0,0,0.0,10,1.6
"21009","3","10","71","0","2017","4","",23,1918,1927,1913,16694827,120825,1684,669,"",1.31,1.14,1.14,1.14,1.26,0.34,0.78,1.10,"",0,0.0,21,1.1,12,0.6,15,0.8,293766,1.8,9376,8.4,-128,-7.1,6,0.9
"21009","5","10","71","0","2017","4","",967,14484,14526,14515,133096870,17583279,408730,706,"",0.96,1.01,1.01,1.01,1.01,1.03,1.00,1.00,"",-24,-2.4,-182,-1.2,-121,-0.8,-61,-0.4,1515546,1.2,1822309,11.6,-48066,-10.5,14,2.0
"21011","0","10","70","0","2017","4","",195,1844,1850,1852,16488996,1523406,46223,686,"",1.00,1.00,1.00,1.00,1.00,1.00,1.00,1.00,"",-2,-1.0,-96,-4.9,-54,-2.8,-48,-2.5,688523,4.4,-299070,-16.4,-11858,-20.4,51,8.0
"21011","1","10","71","0","2017","4","",6,21,23,24,368948,0,0,1252,"",5.13,0.59,0.65,0.67,0.81,0.00,0.00,1.28,"",0,0.0,-6,-22.2,-3,-11.5,-3,-11.1,6432,1.8,0,0.0,0,0.0,206,19.7
"21011","2","10","71","0","2017","4","",9,50,51,50,428177,0,0,654,"",6.59,0.84,0.86,0.85,0.80,0.00,0.00,0.93,"",0,0.0,6,13.6,3,6.2,2,4.2,38346,9.8,0,0.0,0,0.0,11,1.7
"21011","3","10","71","0","2017","4","",10,491,509,487,3948973,7886,486,613,"",3.02,2.69,2.77,2.66,2.79,0.26,2.00,1.03,"",0,0.0,-4,-0.8,9,1.8,-7,-1.4,3001,0.1,2733,53.0,174,55.8,1,0.2
"21011","5","10","71","0","2017","4","",170,1282,1267,1291,11742898,1515520,45737,706,"",0.90,0.82,0.81,0.82,0.83,1.03,1.00,1.02,"",-2,-1.2,-92,-6.7,-63,-4.7,-40,-3.0,640744,5.8,-301803,-16.6,-12032,-20.8,71,11.2
"21013","0","10","70","0","2017","4","",565,8371,8462,8451,72546655,8317545,294796,662,"",1.00,1.00,1.00,1.00,1.00,1.00,1.00,1.00,"",-15,-2.6,99,1.2,177,2.1,108,1.3,855488,1.2,1526703,22.5,132415,81.5,-2,-0.3
"21013","1","10","71","0","2017","4","",13,118,116,120,1879407,0,0,1225,"",3.84,0.73,0.72,0.74,0.94,0.00,0.00,1.29,"",0,0.0,5,4.4,0,0.0,2,1.7,94465,5.3,0,0.0,0,0.0,38,3.2
"21013","2","10","71","0","2017","4","",26,492,496,495,3798778,0,0,591,"",6.57,1.83,1.83,1.84,1.60,0.00,0.00,0.88,"",0,0.0,10,2.1,14,2.9,12,2.5,47584,1.3,0,0.0,0,0.0,-7,-1.2
"21013","3","10","71","0","2017","4","",18,1129,1130,1144,9501276,105460,1165,644,"",1.87,1.36,1.34,1.37,1.52,0.64,0.75,1.12,"",0,0.0,-28,-2.4,-22,-1.9,-15,-1.3,-172246,-1.8,79859,311.9,671,135.8,0,0.0
"21013","5","10","71","0","2017","4","",508,6632,6720,6692,57367194,8212085,293631,660,"",0.93,0.93,0.93,0.93,0.93,1.02,1.00,0.99,"",-15,-2.9,112,1.7,185,2.8,109,1.7,885685,1.6,1446844,21.4,131744,81.4,-4,-0.6
"21015","0","10","70","0","2017","4","",4413,88485,91027,91888,1073849920,109609889,2657994,913,"",1.00,1.00,1.00,1.00,1.00,1.00,1.00,1.00,"",16,0.4,3184,3.7,4524,5.2,4333,4.9,57903825,5.7,6262391,6.1,-470318,-15.0,9,1.0
"21015","1","10","71","0","2017","4","",20,1141,1133,1112,18821866,0,0,1283,"",0.76,0.67,0.65,0.63,0.64,0.00,0.00,0.98,"",0,0.0,-3,-0.3,-29,-2.5,-58,-5.0,183417,1.0,0,0.0,0,0.0,46,3.7
"21015","2","10","71","0","2017","4","",34,328,327,319,3139047,0,0,744,"",1.10,0.12,0.11,0.11,0.09,0.00,0.00,0.80,"",-1,-2.9,0,0.0,-2,-0.6,-15,-4.5,-35519,-1.1,0,0.0,0,0.0,5,0.7
"21015","3","10","71","0","2017","4","",30,5205,5204,5182,58508246,87598,867,866,"",0.40,0.59,0.58,0.57,0.63,0.04,0.06,1.09,"",0,0.0,62,1.2,35,0.7,91,1.8,6862769,13.3,-49677,-36.2,-833,-49.0,92,11.9
"21015","5","10","71","0","2017","4","",4329,81811,84363,85275,993380761,109522291,2657127,912,"",1.01,1.09,1.09,1.09,1.08,1.03,1.01,0.99,"",17,0.4,3125,4.0,4520,5.7,4315,5.3,50893158,5.4,6312068,6.1,-469485,-15.0,4,0.4
"21017","0","10","70","0","2017","4","",531,6435,6387,6355,66110262,4934989,111989,796,"",1.00,1.00,1.00,1.00,1.00,1.00,1.00,1.00,"",-2,-0.4,-99,-1.5,-64,-1.0,-85,-1.3,-720653,-1.1,-49700,-1.0,-14270,-11.3,2,0.3
"21017","1","10","71","0","2017","4","",4,33,35,34,488162,0,0,1104,"",1.26,0.27,0.29,0.28,0.27,0.00,0.00,0.97,"",0,0.0,-1,-2.9,3,9.4,-3,-8.1,11874,2.5,0,0.0,0,0.0,37,3.5
"21017","2","10","71","0","2017","4","",9,47,47,47,417376,0,0,683,"",2.42,0.23,0.23,0.23,0.19,0.00,0.00,0.84,"",1,12.5,1,2.2,0,0.0,0,0.0,17402,4.4,0,0.0,0,0.0,24,3.6
"21017","3","10","71","0","2017","4","",13,971,992,993,8292934,2095,50,647,"",1.44,1.52,1.56,1.58,1.46,0.02,0.08,0.94,"",0,0.0,5,0.5,22,2.3,31,3.2,139806,1.7,-1675,-44.4,-14,-21.9,-2,-0.3
"21017","5","10","71","0","2017","4","",505,5384,5313,5281,56911790,4932894,111939,822,"",0.98,0.98,0.98,0.98,1.01,1.03,1.01,1.03,"",-3,-0.6,-104,-1.9,-89,-1.6,-113,-2.1,-889735,-1.5,-48025,-1.0,-14256,-11.3,3,0.4
"21019","0","10","70","0","2017","4","",1612,25390,25090,24616,295813073,22202067,715726,909,"",1.00,1.00,1.00,1.00,1.00,1.00,1.00,1.00,"",-29,-1.8,889,3.6,289,1.2,-215,-0.9,16278739,5.8,719189,3.3,70317,10.9,39,4.5
"21019","1","10","71","0","2017","4","",11,391,376,377,6436331,0,0,1298,"",1.14,0.80,0.78,0.80,0.79,0.00,0.00,1.00,"",0,0.0,-22,-5.3,-32,-7.8,-33,-8.0,-144003,-2.2,0,0.0,0,0.0,64,5.2
"21019","2","10","71","0","2017","4","",39,784,788,780,6341789,0,0,622,"",3.45,0.96,0.98,0.99,0.66,0.00,0.00,0.67,"",0,0.0,-12,-1.5,0,0.0,-17,-2.1,81129,1.3,0,0.0,0,0.0,15,2.5
"21019","3","10","71","0","2017","4","",24,2177,2179,2177,19857453,69582,540,701,"",0.88,0.87,0.87,0.89,0.78,0.16,0.14,0.89,"",0,0.0,18,0.8,5,0.2,3,0.1,888977,4.7,29137,72.0,66,13.9,28,4.2
"21019","5","10","71","0","2017","4","",1538,22038,21747,21282,263177500,22132485,715186,933,"",0.98,1.02,1.02,1.02,1.04,1.03,1.01,1.02,"",-29,-1.9,905,4.3,316,1.5,-168,-0.8,15452636,6.2,690052,3.2,70251,10.9,40,4.5
"21021","0","10","70","0","2017","4","",825,13993,14153,14146,145619002,14694639,357335,795,"",1.00,1.00,1.00,1.00,1.00,1.00,1.00,1.00,"",-21,-2.5,-83,-0.6,-5,0.0,-56,-0.4,3031638,2.1,3036557,26.0,23488,7.0,20,2.6
"21021","1","10","71","0","2017","4","",5,61,61,65,946158,0,0,1168,"",1.01,0.23,0.23,0.24,0.24,0.00,0.00,1.03,"",0,0.0,1,1.7,1,1.7,7,12.1,38985,4.3,0,0.0,0,0.0,-8,-0.7
"21021","2","10","71","0","2017","4","",29,579,579,569,5740221,0,0,767,"",5.02,1.29,1.28,1.26,1.21,0.00,0.00,0.95,"",1,3.6,-5,-0.9,0,0.0,-16,-2.7,31027,0.5,0,0.0,0,0.0,13,1.7
"21021","3","10","71","0","2017","4","",15,1260,1291,1282,11476845,37306,324,691,"",1.07,0.91,0.92,0.92,0.92,0.13,0.17,1.00,"",0,0.0,4,0.3,-5,-0.4,-2,-0.2,480412,4.4,12278,49.1,-6,-1.8,29,4.4
"21021","5","10","71","0","2017","4","",776,12093,12222,12230,127455778,14657333,357011,805,"",0.97,1.02,1.02,1.02,1.03,1.03,1.01,1.01,"",-22,-2.8,-83,-0.7,-1,0.0,-45,-0.4,2481214,2.0,3024279,26.0,23494,7.0,19,2.4
"21023","0","10","70","0","2017","4","",157,1366,1348,1335,12081668,699549,18382,689,"",1.00,1.00,1.00,1.00,1.00,1.00,1.00,1.00,"",-3,-1.9,-38,-2.7,-55,-3.9,-62,-4.4,-76835,-0.6,-145869,-17.3,-5585,-23.3,22,3.3
"21023","1","10","71","0","2017","4","",5,16,17,18,233530,0,0,1057,"",5.31,0.61,0.66,0.70,0.70,0.00,0.00,1.07,"",0,0.0,-2,-11.1,-2,-10.5,-1,-5.3,8839,3.9,0,0.0,0,0.0,131,14.1
"21023","2","10","71","0","2017","4","N",7,0,0,0,0,0,0,0,"N",6.36,0,0,0,0,0,0,0,"N",0,0.0,0,0,0,0,0,0,0,0,0,0,0,0,0,0
"21023","3","10","71","0","2017","4","N",12,0,0,0,0,0,0,0,"N",4.50,0,0,0,0,0,0,0,"N",0,0.0,0,0,0,0,0,0,0,0,0,0,0,0,0,0
"21023","5","10","71","0","2017","4","",133,903,886,871,8646555,686175,18173,750,"",0.87,0.78,0.77,0.77,0.84,1.01,1.00,1.08,"",-3,-2.2,-40,-4.2,-60,-6.3,-66,-7.0,-110819,-1.3,-144675,-17.4,-5634,-23.7,35,4.9
"21025","0","10","70","0","2017","4","",326,3160,3176,3153,27235945,2811315,52812,662,"",1.00,1.00,1.00,1.00,1.00,1.00,1.00,1.00,"",-9,-2.7,67,2.2,25,0.8,-16,-0.5,1155010,4.4,406068,16.9,-8001,-13.2,23,3.6
"21025","1","10","71","0","2017","4","",7,56,50,48,901829,0,0,1351,"",3.58,0.92,0.82,0.79,1.20,0.00,0.00,1.43,"",-1,-12.5,4,7.7,-1,-2.0,-3,-5.9,5522,0.6,0,0.0,0,0.0,8,0.6
"21025","2","10","71","0","2017","4","",22,312,311,309,3267971,38843,2816,809,"",9.63,3.08,3.06,3.07,3.68,1.09,40.45,1.20,"",-1,-4.3,1,0.3,3,1.0,2,0.7,189077,6.1,37733,3399.4,2724,2960.9,42,5.5
"21025","3","10","71","0","2017","4","",11,565,573,579,4549001,139223,1692,611,"",1.99,1.80,1.82,1.86,1.94,2.50,6.09,1.06,"",0,0.0,-4,-0.7,-14,-2.4,-7,-1.2,-201837,-4.2,-18284,-11.6,-1279,-43.0,-18,-2.9
"21025","5","10","71","0","2017","4","",286,2227,2242,2217,18517144,2633249,48304,639,"",0.90,0.83,0.83,0.83,0.80,0.97,0.92,0.96,"",-7,-2.4,66,3.1,37,1.7,-8,-0.4,1162248,6.7,386619,17.2,-9446,-16.4,31,5.1
"21027","0","10","70","0","2017","4","",374,3618,3595,3588,31131815,2876377,79507,665,"",1.00,1.00,1.00,1.00,1.00,1.00,1.00,1.00,"",-17,-4.3,199,5.8,182,5.3,189,5.6,3027747,10.8,867316,43.2,26549,50.1,31,4.9
"21027","1","10","71","0","2017","4","",14,62,60,60,783559,0,0,994,"",6.24,0.89,0.87,0.87,0.92,0.00,0.00,1.05,"",0,0.0,1,1.6,0,0.0,0,0.0,56122,7.7,0,0.0,0,0.0,67,7.2
"21027","2","10","71","0","2017","4","",12,97,93,91,893238,0,0,734,"",4.58,0.84,0.81,0.80,0.88,0.00,0.00,1.08,"",2,20.0,7,7.8,3,3.3,1,1.1,70887,8.6,0,0.0,0,0.0,31,4.4
"21027","3","10","71","0","2017","4","",14,754,751,766,5889621,19647,215,598,"",2.20,2.10,2.10,2.16,2.20,0.35,0.51,1.04,"",-2,-12.5,5,0.7,-5,-0.7,17,2.3,15272,0.3,-3083,-13.6,-56,-20.7,-3,-0.5
"21027","5","10","71","0","2017","4","",334,2705,2691,2671,23565397,2856730,79292,674,"",0.92,0.88,0.88,0.88,0.89,1.03,1.00,1.01,"",-17,-4.8,186,7.4,184,7.3,171,6.8,2885466,14.0,870399,43.8,26605,50.5,40,6.3
"21029","0","10","70","0","2017","4","",1312,26330,26612,26537,258111822,39038844,1066379,749,"",1.00,1.00,1.00,1.00,1.00,1.00,1.00,1.00,"",18,1.4,1317,5.3,1350,5.3,1579,6.3,24376777,10.4,10748633,38.0,232264,27.8,32,4.5
"21029","1","10","71","0","2017","4","",8,74,74,74,1104739,0,0,1148,"",1.02,0.15,0.15,0.14,0.16,0.00,0.00,1.07,"",0,0.0,3,4.2,4,5.7,3,4.2,45949,4.3,0,0.0,0,0.0,-5,-0.4
"21029","2","10","71","0","2017","4","",21,197,197,200,1872210,0,0,727,"",2.28,0.23,0.23,0.24,0.22,0.00,0.00,0.95,"",1,5.0,4,2.1,3,1.5,6,3.1,88678,5.0,0,0.0,0,0.0,19,2.7
"21029","3","10","71","0","2017","4","",21,2902,2940,2902,27428169,178322,1905,724,"",0.94,1.11,1.11,1.11,1.24,0.23,0.34,1.11,"",0,0.0,-2,-0.1,43,1.5,33,1.2,1400268,5.4,16697,10.3,-207,-9.8,31,4.5
"21029","5","10","71","0","2017","4","",1262,23157,23401,23361,227706704,38860522,1064474,752,"",0.99,1.04,1.04,1.04,1.03,1.03,1.00,1.00,"",17,1.4,1312,6.0,1300,5.9,1537,7.0,22841882,11.1,10731936,38.2,232471,27.9,33,4.6
"21031","0","10","70","0","2017","4","",259,3009,3027,2995,26108489,2463086,77452,667,"",1.00,1.00,1.00,1.00,1.00,1.00,1.00,1.00,"",-3,-1.1,-200,-6.2,-215,-6.6,-280,-8.5,-1160639,-4.3,-1087715,-30.6,-32755,-29.7,20,3.1
"21031","1","10","71","0","2017","4","",8,26,28,27,336143,0,0,958,"",5.15,0.45,0.48,0.47,0.47,0.00,0.00,1.00,"",0,0.0,-2,-7.1,1,3.7,-3,-10.0,30399,9.9,0,0.0,0,0.0,128,15.4
"21031","2","10","71","0","2017","4","",16,125,121,121,1121427,5512,33,705,"",8.82,1.29,1.25,1.27,1.32,0.18,0.32,1.04,"",2,14.3,11,9.6,5,4.3,5,4.3,110924,11.0,5512,100.0,33,100.0,31,4.6
"21031","3","10","71","0","2017","4","",11,506,513,500,3797178,1383,8,577,"",2.50,1.70,1.71,1.69,1.69,0.03,0.02,1.00,"",0,0.0,-10,-1.9,-12,-2.3,-21,-4.0,-25268,-0.7,-950,-40.7,-15,-65.2,12,2.1
"21031","5","10","71","0","2017","4","",224,2352,2365,2347,20853741,2456191,77411,681,"",0.89,0.92,0.92,0.92,0.94,1.03,1.01,1.02,"",-5,-2.2,-199,-7.8,-209,-8.1,-261,-10.0,-1276694,-5.8,-1092277,-30.8,-32773,-29.7,21,3.2
"21033","0","10","70","0","2017","4","",340,4113,4120,4108,35932926,3341334,73716,672,"",1.00,1.00,1.00,1.00,1.00,1.00,1.00,1.00,"",6,1.8,-176,-4.1,-203,-4.7,-71,-1.7,1109282,3.2,-683167,-17.0,-35523,-32.5,44,7.0
"21033","1","10","71","0","2017","4","",5,36,32,37,412844,0,0,907,"",2.45,0.45,0.41,0.47,0.42,0.00,0.00,0.94,"",0,0.0,4,12.5,-5,-13.5,0,0.0,-3370,-0.8,0,0.0,0,0.0,1,0.1
"21033","2","10","71","0","2017","4","",15,94,95,95,709271,0,0,576,"",6.30,0.71,0.72,0.73,0.60,0.00,0.00,0.84,"",1,7.1,0,0.0,1,1.1,3,3.3,33558,5.0,0,0.0,0,0.0,19,3.4
"21033","3","10","71","0","2017","4","",17,558,556,548,4318070,41533,1059,600,"",2.94,1.37,1.36,1.35,1.40,0.63,2.73,1.03,"",0,0.0,-28,-4.8,-26,-4.5,-30,-5.2,46455,1.1,2403,6.1,-9,-0.8,35,6.2
"21033","5","10","71","0","2017","4","",303,3425,3437,3428,30492741,3299801,72657,684,"",0.92,0.98,0.98,0.98,0.99,1.02,0.99,1.01,"",5,1.7,-152,-4.2,-173,-4.8,-44,-1.3,1032639,3.5,-685570,-17.2,-35514,-32.8,46,7.2
"21035","0","10","70","0","2017","4","",1016,16302,16270,16438,146712230,13794042,283129,691,"",1.00,1.00,1.00,1.00,1.00,1.00,1.00,1.00,"",-7,-0.7,-225,-1.4,-264,-1.6,-1,0.0,4194865,2.9,-75063,-0.5,-45673,-13.9,27,4.1
"21035","1","10","71","0","2017","4","",8,75,73,69,987939,0,0,1051,"",1.31,0.24,0.23,0.22,0.24,0.00,0.00,1.06,"",0,0.0,6,8.7,2,2.8,-10,-12.7,69442,7.6,0,0.0,0,0.0,83,8.6
"21035","2","10","71","0","2017","4","",26,1959,1958,1959,19464333,0,0,764,"",3.65,3.74,3.76,3.74,4.06,0.00,0.00,1.08,"",0,0.0,-21,-1.1,-21,-1.1,-22,-1.1,527090,2.8,0,0.0,0,0.0,28,3.8
"21035","3","10","71","0","2017","4","",25,2442,2440,2479,25292985,86384,1370,793,"",1.45,1.51,1.51,1.52,2.00,0.32,0.92,1.32,"",-1,-3.8,48,2.0,29,1.2,59,2.4,1263222,5.3,9713,12.7,-437,-24.2,25,3.3
"21035","5","10","71","0","2017","4","",957,11826,11799,11931,100966973,13707658,281759,655,"",0.97,0.85,0.85,0.85,0.81,1.03,1.00,0.94,"",-6,-0.6,-258,-2.1,-274,-2.3,-28,-0.2,2335111,2.4,-84776,-0.6,-45236,-13.8,25,4.0
"21037","0","10","70","0","2017","4","",2231,30584,30364,30380,359376884,26545965,565771,908,"",1.00,1.00,1.00,1.00,1.00,1.00,1.00,1.00,"",19,0.9,287,0.9,145,0.5,215,0.7,38001281,11.8,159776,0.6,-93417,-14.2,90,11.0
"21037","1","10","71","0","2017","4","",10,285,283,290,5308029,0,0,1428,"",0.75,0.48,0.49,0.50,0.54,0.00,0.00,1.10,"",0,0.0,-6,-2.1,-6,-2.1,-5,-1.7,-42708,-0.8,0,0.0,0,0.0,17,1.2
"21037","2","10","71","0","2017","4","",22,2434,2429,2429,33283580,0,0,1053,"",1.41,2.48,2.50,2.51,2.84,0.00,0.00,1.14,"",0,0.0,-38,-1.5,-43,-1.7,-24,-1.0,798066,2.5,0,0.0,0,0.0,40,3.9
"21037","3","10","71","0","2017","4","",42,3044,3052,3025,32398216,31146,302,820,"",1.11,1.00,1.01,1.01,1.05,0.06,0.10,1.04,"",0,0.0,44,1.5,-31,-1.0,25,0.8,566302,1.8,-13580,-30.4,-200,-39.8,11,1.4
"21037","5","10","71","0","2017","4","",2157,24821,24600,24636,288387059,26514819,565469,899,"",1.00,0.96,0.95,0.95,0.94,1.03,1.01,0.98,"",19,0.9,287,1.2,225,0.9,219,0.9,36679621,14.6,173356,0.7,-93217,-14.2,107,13.5
"21039","0","10","70","0","2017","4","",131,1075,1080,1091,8774630,971614,24835,624,"",1.00,1.00,1.00,1.00,1.00,1.00,1.00,1.00,"",-7,-5.1,-134,-11.1,-9,-0.8,38,3.6,-1391544,-13.7,-126835,-11.5,-4714,-16.0,-76,-10.9
"21039","1","10","71","0","2017","4","",4,14,13,13,136166,0,0,786,"",5.09,0.68,0.63,0.62,0.56,0.00,0.00,0.88,"",0,0.0,0,0.0,0,0.0,-3,-18.8,-4947,-3.5,0,0.0,0,0.0,29,3.8
"21039","2","10","71","0","2017","4","N",7,0,0,0,0,0,0,0,"N",7.63,0,0,0,0,0,0,0,"N",-1,-12.5,0,0,0,0,0,0,0,0,0,0,0,0,0,0
"21039","3","10","71","0","2017","4","N",10,0,0,0,0,0,0,0,"N",4.49,0,0,0,0,0,0,0,"N",0,0.0,0,0,0,0,0,0,0,0,0,0,0,0,0,0
"21039","5","10","71","0","2017","4","",110,802,810,822,6848667,971614,24835,649,"",0.87,0.88,0.88,0.89,0.91,1.03,1.01,1.03,"",-6,-5.2,-148,-15.6,-21,-2.5,35,4.4,-1461023,-17.6,-126835,-11.5,-4714,-16.0,-98,-13.1
"21041","0","10","70","0","2017","4","",304,6652,6730,6738,90241797,7050853,208274,1035,"",1.00,1.00,1.00,1.00,1.00,1.00,1.00,1.00,"",-5,-1.6,-302,-4.3,-269,-3.8,-115,-1.7,-9668103,-9.7,-513259,-6.8,-37736,-15.3,-73,-6.6
"21041","1","10","71","0","2017","4","",5,31,32,31,663767,0,0,1630,"",2.74,0.24,0.25,0.24,0.27,0.00,0.00,1.10,"",0,0.0,-6,-16.2,-6,-15.8,-6,-16.2,20188,3.1,0,0.0,0,0.0,304,22.9
"21041","2","10","71","0","2017","4","",17,128,130,129,1105743,0,0,659,"",7.98,0.60,0.60,0.60,0.38,0.00,0.00,0.62,"",1,6.2,-1,-0.8,-1,-0.8,-2,-1.5,35508,3.3,0,0.0,0,0.0,27,4.3
"21041","3","10","71","0","2017","4","",13,589,594,625,5112590,69610,825,653,"",2.52,0.89,0.89,0.94,0.66,0.50,0.75,0.73,"",0,0.0,19,3.3,1,0.2,16,2.6,122445,2.5,58051,502.2,676,453.7,3,0.5
"21041","5","10","71","0","2017","4","",269,5904,5974,5953,83359697,6981243,207449,1079,"",0.91,1.04,1.04,1.04,1.08,1.02,1.00,1.04,"",-6,-2.2,-314,-5.0,-263,-4.2,-123,-2.0,-9846244,-10.6,-571310,-7.6,-38412,-15.6,-82,-7.1
"21043","0","10","70","0","2017","4","",534,5606,5653,5590,45047418,5049599,125450,617,"",1.00,1.00,1.00,1.00,1.00,1.00,1.00,1.00,"",-3,-0.6,-9,-0.2,-39,-0.7,-49,-0.9,645835,1.5,630584,14.3,4206,3.5,12,2.0
"21043","1","10","71","0","2017","4","",9,60,58,59,801294,0,0,1045,"",2.81,0.56,0.54,0.55,0.65,0.00,0.00,1.18,"",0,0.0,3,5.3,0,0.0,-4,-6.3,39830,5.2,0,0.0,0,0.0,58,5.9
"21043","2","10","71","0","2017","4","",18,202,200,185,1652152,0,0,650,"",4.81,1.12,1.10,1.04,1.12,0.00,0.00,1.03,"",0,0.0,-2,-1.0,-3,-1.5,0,0.0,88526,5.7,0,0.0,0,0.0,40,6.6
"21043","3","10","71","0","2017","4","",12,1168,1184,1189,8593170,32922,326,560,"",1.32,2.10,2.11,2.15,2.22,0.33,0.49,1.05,"",0,0.0,-22,-1.8,-19,-1.6,-5,-0.4,69093,0.8,-23352,-41.5,-627,-65.8,12,2.2
"21043","5","10","71","0","2017","4","",495,4176,4211,4157,34000802,5016677,125124,626,"",0.96,0.88,0.88,0.88,0.88,1.03,1.00,1.01,"",-3,-0.6,12,0.3,-17,-0.4,-40,-1.0,448386,1.3,653936,15.0,4833,4.0,11,1.8
"21045","0","10","70","0","2017","4","",289,3865,3849,3926,30374222,3036414,79442,602,"",1.00,1.00,1.00,1.00,1.00,1.00,1.00,1.00,"",-12,-4.0,-80,-2.0,-94,-2.4,-7,-0.2,-1015942,-3.2,-104747,-3.3,-9981,-11.2,-11,-1.8
"21045","1","10","71","0","2017","4","",5,29,25,25,301490,0,0,881,"",2.88,0.39,0.34,0.33,0.36,0.00,0.00,1.02,"",0,0.0,2,7.4,-2,-7.4,3,13.6,8852,3.0,0,0.0,0,0.0,-8,-0.9
"21045","2","10","71","0","2017","4","",13,67,66,67,638856,0,0,737,"",6.42,0.54,0.54,0.54,0.64,0.00,0.00,1.20,"",1,8.3,7,11.7,5,8.2,4,6.3,75209,13.3,0,0.0,0,0.0,30,4.2
"21045","3","10","71","0","2017","4","",11,650,653,657,4666927,7250,54,549,"",2.24,1.70,1.71,1.69,1.79,0.12,0.13,1.05,"",0,0.0,4,0.6,-4,-0.6,-2,-0.3,82370,1.8,554,8.3,-19,-26.0,10,1.9
"21045","5","10","71","0","2017","4","",260,3119,3105,3177,24766949,3029164,79388,608,"",0.93,0.95,0.95,0.95,0.95,1.03,1.01,1.00,"",-13,-4.8,-93,-2.9,-93,-2.9,-12,-0.4,-1182373,-4.6,-105301,-3.4,-9962,-11.1,-16,-2.6
"21047","0","10","70","0","2017","4","",1668,31534,31875,31709,330410048,29796140,864669,802,"",1.00,1.00,1.00,1.00,1.00,1.00,1.00,1.00,"",-33,-1.9,147,0.5,332,1.1,105,0.3,4275389,1.3,95319,0.3,-156570,-15.3,6,0.8
"21047","1","10","71","0","2017","4","",42,4077,4092,4103,52100998,0,0,980,"",4.20,6.72,6.71,6.72,5.74,0.00,0.00,0.85,"",0,0.0,113,2.9,124,3.1,89,2.2,3787321,7.8,0,0.0,0,0.0,47,5.0
"21047","2","10","71","0","2017","4","",37,961,963,947,7963672,0,0,640,"",3.17,0.95,0.94,0.94,0.74,0.00,0.00,0.78,"",1,2.8,-44,-4.4,-46,-4.6,-55,-5.5,-121126,-1.5,0,0.0,0,0.0,21,3.4
"21047","3","10","71","0","2017","4","",31,2206,2203,2202,16577430,233622,6260,579,"",1.09,0.71,0.70,0.70,0.58,0.40,1.38,0.83,"",0,0.0,-190,-7.9,-156,-6.6,-149,-6.3,-6253460,-27.4,5034,2.2,-93,-1.5,-162,-21.9
"21047","5","10","71","0","2017","4","",1558,24290,24617,24457,253767948,29562518,858409,798,"",0.96,0.91,0.91,0.91,0.90,1.03,1.00,0.99,"",-34,-2.1,268,1.1,410,1.7,220,0.9,6862654,2.8,90285,0.3,-156477,-15.4,12,1.5
"21049","0","10","70","0","2017","4","",851,15015,15174,14909,160051326,16855644,448482,819,"",1.00,1.00,1.00,1.00,1.00,1.00,1.00,1.00,"",-12,-1.4,-22,-0.1,-262,-1.7,-531,-3.4,3996283,2.6,-676211,-3.9,-94617,-17.4,35,4.5
"21049","1","10","71","0","2017","4","",5,106,99,97,1689697,0,0,1291,"",0.98,0.37,0.34,0.34,0.38,0.00,0.00,1.10,"",0,0.0,-2,-1.9,-9,-8.3,-11,-10.2,-361870,-17.6,0,0.0,0,0.0,-170,-11.6
"21049","2","10","71","0","2017","4","",17,110,110,110,1115719,0,0,780,"",2.85,0.23,0.23,0.23,0.21,0.00,0.00,0.93,"",-1,-5.6,-3,-2.7,-4,-3.5,-5,-4.3,-3921,-0.4,0,0.0,0,0.0,25,3.3
"21049","3","10","71","0","2017","4","",21,1480,1470,1476,13041439,5557,67,680,"",1.45,0.99,0.98,1.00,0.95,0.02,0.03,0.96,"",0,0.0,145,10.9,117,8.6,107,7.8,551473,4.4,5557,100.0,67,100.0,-30,-4.2
"21049","5","10","71","0","2017","4","",808,13319,13495,13226,144204471,16850087,448415,831,"",0.98,1.04,1.05,1.04,1.06,1.03,1.01,1.01,"",-11,-1.3,-162,-1.2,-366,-2.6,-622,-4.5,3810601,2.7,-681768,-3.9,-94684,-17.4,44,5.6
"21051","0","10","70","0","2017","4","",376,3988,3988,3974,35645750,1990450,43932,688,"",1.00,1.00,1.00,1.00,1.00,1.00,1.00,1.00,"",14,3.9,-265,-6.2,-240,-5.7,-265,-6.3,-479823,-1.3,-1129950,-36.2,-32570,-42.6,33,5.0
"21051","1","10","71","0","2017","4","",10,346,340,342,5322562,0,0,1195,"",4.43,4.51,4.45,4.47,5.43,0.00,0.00,1.21,"",0,0.0,-11,-3.1,-12,-3.4,-10,-2.8,-7003,-0.1,0,0.0,0,0.0,36,3.1
"21051","2","10","71","0","2017","4","",20,243,242,240,2510064,0,0,799,"",7.59,1.90,1.89,1.89,2.16,0.00,0.00,1.14,"",3,17.6,4,1.7,-1,-0.4,-3,-1.2,86711,3.6,0,0.0,0,0.0,28,3.6
"21051","3","10","71","0","2017","4","",12,917,926,923,6926664,32247,903,578,"",1.88,2.32,2.34,2.35,2.26,0.82,3.91,0.97,"",0,0.0,-12,-1.3,12,1.3,9,1.0,23715,0.3,13410,71.2,300,49.8,0,0.0
"21051","5","10","71","0","2017","4","",334,2482,2480,2469,20886460,1958203,43029,649,"",0.92,0.73,0.73,0.73,0.69,1.02,0.99,0.94,"",11,3.4,-246,-9.0,-239,-8.8,-261,-9.6,-583246,-2.7,-1143360,-36.9,-32870,-43.3,43,7.1
"21053","0","10","70","0","2017","4","",254,3779,3765,3791,29205549,3459189,92819,595,"",1.00,1.00,1.00,1.00,1.00,1.00,1.00,1.00,"",0,0.0,14,0.4,14,0.4,19,0.5,339310,1.2,15606,0.5,3582,4.0,5,0.8
"21053","1","10","71","0","2017","4","",5,52,47,47,645807,0,0,1021,"",3.28,0.71,0.65,0.64,0.80,0.00,0.00,1.20,"",0,0.0,-2,-3.7,-7,-13.0,-7,-13.0,3026,0.5,0,0.0,0,0.0,105,11.5
"21053","2","10","71","0","2017","4","",15,73,71,72,700939,0,0,749,"",8.43,0.60,0.59,0.60,0.74,0.00,0.00,1.23,"",-1,-6.2,3,4.3,2,2.9,3,4.3,82489,13.3,0,0.0,0,0.0,63,9.2
"21053","3","10","71","0","2017","4","",12,532,518,521,3679574,7082,59,541,"",2.78,1.42,1.39,1.39,1.47,0.10,0.12,1.05,"",0,0.0,5,0.9,8,1.6,-6,-1.1,-31935,-0.9,1047,17.3,-6,-9.2,-7,-1.3
"21053","5","10","71","0","2017","4","",222,3122,3129,3151,24179229,3452107,92760,593,"",0.90,0.97,0.98,0.98,0.97,1.03,1.01,0.99,"",1,0.5,8,0.3,11,0.4,29,0.9,285730,1.2,14559,0.4,3588,4.0,4,0.7
"21055","0","10","70","0","2017","4","",173,2142,2146,2135,17097396,1854442,36794,614,"",1.00,1.00,1.00,1.00,1.00,1.00,1.00,1.00,"",-8,-4.4,-66,-3.0,-82,-3.7,-105,-4.7,-1808878,-9.6,261927,16.4,3813,11.6,-40,-6.1
"21055","1","10","71","0","2017","4","",2,19,19,17,164533,0,0,690,"",1.93,0.46,0.46,0.41,0.35,0.00,0.00,0.79,"",0,0.0,-1,-5.0,-1,-5.0,-3,-15.0,-36320,-18.1,0,0.0,0,0.0,-83,-10.7
"21055","2","10","71","0","2017","4","",10,45,45,45,412571,0,0,705,"",8.25,0.65,0.65,0.66,0.74,0.00,0.00,1.13,"",0,0.0,1,2.3,1,2.3,1,2.3,30749,8.1,0,0.0,0,0.0,37,5.5
"21055","3","10","71","0","2017","4","",10,384,397,400,2709541,30679,685,529,"",3.40,1.81,1.86,1.89,1.84,0.84,3.54,0.99,"",0,0.0,-17,-4.2,-3,-0.8,-2,-0.5,104694,4.0,14067,84.7,266,63.5,29,5.8
"21055","5","10","71","0","2017","4","",151,1694,1685,1673,13810751,1823763,36109,631,"",0.90,0.93,0.92,0.92,0.95,1.02,0.99,1.02,"",-8,-5.0,-49,-2.8,-79,-4.5,-101,-5.7,-1908001,-12.1,247860,15.7,3547,10.9,-56,-8.2
"21057","0","10","70","0","2017","4","",145,1719,1758,1810,17951543,1370636,41874,784,"",1.00,1.00,1.00,1.00,1.00,1.00,1.00,1.00,"",2,1.4,6,0.4,44,2.6,126,7.5,1534068,9.3,117920,9.4,3128,8.1,43,5.8
"21057","1","10","71","0","2017","4","",2,10,10,10,122677,0,0,944,"",2.30,0.30,0.30,0.29,0.25,0.00,0.00,0.84,"",0,0.0,0,0.0,0,0.0,0,0.0,3821,3.2,0,0.0,0,0.0,30,3.3
"21057","2","10","71","0","2017","4","",10,94,94,90,694084,0,0,576,"",9.84,1.70,1.67,1.56,1.18,0.00,0.00,0.72,"",0,0.0,9,10.6,10,11.9,8,9.8,53968,8.4,0,0.0,0,0.0,-13,-2.2
"21057","3","10","71","0","2017","4","",12,258,249,254,1972087,14193,170,598,"",4.87,1.51,1.43,1.42,1.28,0.52,0.77,0.88,"",0,0.0,6,2.4,-1,-0.4,0,0.0,8203,0.4,-10380,-42.2,-117,-40.8,-1,-0.2
"21057","5","10","71","0","2017","4","",121,1357,1405,1456,15162695,1356443,41704,830,"",0.86,0.93,0.94,0.95,0.99,1.02,1.00,1.05,"",2,1.7,-9,-0.7,35,2.6,118,8.8,1468076,10.7,128300,10.4,3245,8.4,54,7.0
"21059","0","10","70","0","2017","4","",2980,47049,47012,47263,492820949,41996118,956181,805,"",1.00,1.00,1.00,1.00,1.00,1.00,1.00,1.00,"",-125,-4.0,1291,2.8,1019,2.2,1063,2.3,19437970,4.1,1387352,3.4,-95527,-9.1,13,1.6
"21059","1","10","71","0","2017","4","",17,253,258,254,4109655,0,0,1240,"",0.95,0.28,0.29,0.28,0.30,0.00,0.00,1.08,"",0,0.0,8,3.3,6,2.4,-4,-1.6,177243,4.5,0,0.0,0,0.0,38,3.2
"21059","2","10","71","0","2017","4","",40,956,968,962,7276041,0,0,582,"",1.92,0.63,0.64,0.64,0.45,0.00,0.00,0.71,"",-2,-4.8,29,3.1,14,1.5,5,0.5,253476,3.6,0,0.0,0,0.0,11,1.9
"21059","3","10","71","0","2017","4","",28,4417,4424,4455,44200115,24172,564,767,"",0.55,0.95,0.95,0.95,1.04,0.03,0.11,1.10,"",0,0.0,-29,-0.7,1,0.0,-37,-0.8,1190694,2.8,6325,35.4,6,1.1,24,3.2
"21059","5","10","71","0","2017","4","",2895,41423,41362,41592,437235138,41971946,955617,811,"",1.00,1.04,1.04,1.04,1.04,1.03,1.01,1.00,"",-123,-4.1,1283,3.2,998,2.5,1099,2.7,17816557,4.2,1381027,3.4,-95533,-9.1,11,1.4
"21061","0","10","70","0","2017","4","",153,1637,1581,1552,13427216,1073481,24067,650,"",1.00,1.00,1.00,1.00,1.00,1.00,1.00,1.00,"",-2,-1.3,80,5.1,62,4.1,28,1.8,628036,4.9,236533,28.3,2307,10.6,8,1.2
"21061","1","10","71","0","2017","4","",8,226,203,213,2335210,0,0,839,"",8.72,7.17,6.71,7.12,6.33,0.00,0.00,0.90,"",-1,-11.1,9,4.1,-2,-1.0,-4,-1.8,45009,2.0,0,0.0,0,0.0,12,1.5
"21061","2","10","71","0","2017","4","",9,46,46,45,396844,0,0,668,"",8.40,0.88,0.91,0.91,0.91,0.00,0.00,1.01,"",2,28.6,2,4.5,2,4.5,1,2.3,46683,13.3,-1991,-100.0,-54,-100.0,56,9.2
"21061","3","10","71","0","2017","4","",9,463,483,473,3410181,33570,359,555,"",3.46,2.85,3.08,3.08,2.95,1.58,2.83,0.98,"",0,0.0,-12,-2.5,0,0.0,0,0.0,-74098,-2.1,17927,114.6,177,97.3,-7,-1.2
"21061","5","10","71","0","2017","4","",127,902,849,821,7284981,1039911,23708,654,"",0.86,0.65,0.63,0.62,0.64,1.00,0.99,1.00,"",-3,-2.3,81,9.9,62,7.9,31,3.9,610442,9.1,220597,26.9,2184,10.1,12,1.9
"21063","0","10","70","0","2017","4","",94,980,966,980,7557814,401797,8881,596,"",1.00,1.00,1.00,1.00,1.00,1.00,1.00,1.00,"",8,9.3,27,2.8,31,3.3,11,1.1,173235,2.3,-57090,-12.4,-3247,-26.8,0,0.0
"21063","1","10","71","0","2017","4","",2,8,8,9,84693,0,0,782,"",3.55,0.42,0.43,0.48,0.41,0.00,0.00,0.92,"",0,0.0,-1,-11.1,0,0.0,0,0.0,1589,1.9,0,0.0,0,0.0,44,6.0
"21063","2","10","71","0","2017","4","",17,308,316,315,3077989,0,0,756,"",25.81,9.79,10.21,10.08,12.47,0.00,0.00,1.24,"",0,0.0,0,0.0,7,2.3,-25,-7.4,-31848,-1.0,0,0.0,0,0.0,6,0.8
"21063","3","10","71","0","2017","4","",8,279,269,280,2007504,17453,216,560,"",5.01,2.87,2.80,2.89,3.09,2.19,4.62,1.08,"",0,0.0,6,2.2,1,0.4,13,4.9,-17210,-0.8,-49656,-74.0,-623,-74.3,-18,-3.1
"21063","5","10","71","0","2017","4","",67,385,373,376,2387628,384344,8665,486,"",0.73,0.46,0.45,0.45,0.37,0.99,0.98,0.81,"",8,13.6,22,6.1,23,6.6,23,6.5,220704,10.2,-7434,-1.9,-2624,-23.2,17,3.6
"21065","0","10","70","0","2017","4","",231,2585,2600,2535,22239944,2118928,55218,665,"",1.00,1.00,1.00,1.00,1.00,1.00,1.00,1.00,"",1,0.4,202,8.5,228,9.6,170,7.2,3427659,18.2,479761,29.3,4658,9.2,55,9.0
"21065","1","10","71","0","2017","4","",1,21,22,21,259754,0,0,937,"",0.72,0.42,0.44,0.43,0.42,0.00,0.00,0.99,"",0,0.0,1,5.0,2,10.0,1,5.0,7346,2.9,0,0.0,0,0.0,-34,-3.5
"21065","2","10","71","0","2017","4","",12,72,71,71,667022,0,0,719,"",7.41,0.87,0.85,0.88,0.92,0.00,0.00,1.06,"",0,0.0,2,2.9,2,2.9,2,2.9,56964,9.3,0,0.0,0,0.0,42,6.2
"21065","3","10","71","0","2017","4","",13,620,634,647,4746963,34838,391,576,"",3.31,2.42,2.46,2.58,2.48,0.83,1.35,1.00,"",-1,-7.1,-19,-3.0,-5,-0.8,2,0.3,-83606,-1.7,475,1.4,18,4.8,-4,-0.7
"21065","5","10","71","0","2017","4","",205,1872,1873,1796,16566205,2084090,54827,690,"",0.91,0.85,0.85,0.83,0.87,1.02,1.00,1.03,"",2,1.0,218,13.2,229,13.9,165,10.1,3446955,26.3,479286,29.9,4640,9.2,76,12.4
"21067","0","10","70","0","2017","4","",10984,197575,200088,199897,2519517115,197052336,4696608,973,"",1.00,1.00,1.00,1.00,1.00,1.00,1.00,1.00,"",22,0.2,1587,0.8,2482,1.3,3247,1.7,44168239,1.8,3766589,1.9,-869566,-15.6,5,0.5
"21067","1","10","71","0","2017","4","",48,4142,4158,4192,79984518,0,0,1478,"",0.73,1.09,1.09,1.09,1.15,0.00,0.00,1.06,"",0,0.0,-39,-0.9,-30,-0.7,-35,-0.8,924290,1.2,0,0.0,0,0.0,30,2.1
"21067","2","10","71","0","2017","4","",70,23632,23776,23825,380702383,35034,555,1233,"",0.91,3.73,3.71,3.74,4.63,0.01,0.09,1.24,"",1,1.4,566,2.5,579,2.5,585,2.5,20758661,5.8,30946,757.0,476,602.5,38,3.2
"21067","3","10","71","0","2017","4","",34,11842,11919,11999,146398492,171848,1862,945,"",0.18,0.60,0.60,0.61,0.68,0.04,0.08,1.12,"",-1,-2.9,265,2.3,269,2.3,806,7.2,4281830,3.0,9438,5.8,-752,-28.8,-8,-0.8
"21067","5","10","71","0","2017","4","",10832,157959,160235,159881,1912431722,196845454,4694191,923,"",1.02,0.94,0.94,0.94,0.89,1.03,1.01,0.94,"",22,0.2,795,0.5,1664,1.0,1891,1.2,18203458,1.0,3726205,1.9,-869290,-15.6,0,0.0
"21069","0","10","70","0","2017","4","",317,3108,3084,3077,26422718,2577731,63995,658,"",1.00,1.00,1.00,1.00,1.00,1.00,1.00,1.00,"",2,0.6,153,5.2,176,6.1,146,5.0,2007065,8.2,165423,6.9,-4999,-7.2,17,2.7
"21069","1","10","71","0","2017","4","",7,45,44,43,545430,0,0,954,"",3.68,0.75,0.75,0.73,0.75,0.00,0.00,1.01,"",0,0.0,-5,-10.0,-7,-13.7,-9,-17.3,3549,0.7,0,0.0,0,0.0,137,16.8
"21069","2","10","71","0","2017","4","",16,169,167,165,1810164,0,0,834,"",7.20,1.69,1.69,1.68,2.10,0.00,0.00,1.24,"",-1,-5.9,8,5.0,6,3.7,4,2.5,74713,4.3,0,0.0,0,0.0,5,0.6
"21069","3","10","71","0","2017","4","",15,553,545,543,4279799,15058,134,602,"",2.78,1.80,1.78,1.78,1.88,0.30,0.40,1.05,"",0,0.0,12,2.2,-19,-3.4,-1,-0.2,255911,6.4,5391,55.8,-1,-0.7,39,6.9
"21069","5","10","71","0","2017","4","",279,2341,2328,2326,19787325,2562673,63861,653,"",0.91,0.89,0.89,0.89,0.88,1.03,1.00,0.99,"",3,1.1,138,6.3,196,9.2,152,7.0,1672892,9.2,160032,6.7,-4998,-7.3,11,1.7
"21071","0","10","70","0","2017","4","",1019,10802,10867,10707,105836455,12354319,623446,754,"",1.00,1.00,1.00,1.00,1.00,1.00,1.00,1.00,"",-26,-2.5,140,1.3,85,0.8,-117,-1.1,1064998,1.0,2760871,28.8,306740,96.9,5,0.7
"21071","1","10","71","0","2017","4","",32,119,122,123,2152511,0,0,1365,"",5.24,0.57,0.59,0.60,0.74,0.00,0.00,1.27,"",0,0.0,3,2.6,4,3.4,6,5.1,174121,8.8,0,0.0,0,0.0,64,4.9
"21071","2","10","71","0","2017","4","",37,599,606,587,5561403,5228,63,716,"",5.18,1.73,1.74,1.72,1.61,0.03,0.08,0.93,"",-1,-2.6,-9,-1.5,-11,-1.8,-8,-1.3,-44320,-0.8,-10878,-67.5,-222,-77.9,5,0.7
"21071","3","10","71","0","2017","4","",21,1610,1623,1641,12892075,75906,949,610,"",1.21,1.50,1.50,1.55,1.42,0.31,0.29,0.93,"",0,0.0,-56,-3.4,-53,-3.2,-57,-3.4,-251431,-1.9,-26469,-25.9,-943,-49.8,8,1.3
"21071","5","10","71","0","2017","4","",929,8474,8516,8356,85230466,12273185,622434,776,"",0.94,0.92,0.92,0.92,0.94,1.03,1.00,1.02,"",-25,-2.6,202,2.4,145,1.7,-58,-0.7,1186628,1.4,2798218,29.5,307905,97.9,2,0.3
"21073","0","10","70","0","2017","4","",1915,31232,32870,32753,346372953,23100137,530486,825,"",1.00,1.00,1.00,1.00,1.00,1.00,1.00,1.00,"",5,0.3,-999,-3.1,1125,3.5,77,0.2,-7673829,-2.2,-3872633,-14.4,-224329,-29.7,-20,-2.4
"21073","1","10","71","0","2017","4","",16,441,446,454,7377368,0,0,1270,"",1.39,0.73,0.71,0.72,0.77,0.00,0.00,1.08,"",0,0.0,-51,-10.4,-39,-8.0,-25,-5.2,-254553,-3.3,0,0.0,0,0.0,60,5.0
"21073","2","10","71","0","2017","4","",222,10329,10295,10257,123408304,19359,197,922,"",16.54,10.30,9.78,9.82,10.91,0.07,0.28,1.10,"",0,0.0,-241,-2.3,-342,-3.2,-376,-3.5,-2786341,-2.2,-7885,-28.9,-255,-56.4,7,0.8
"21073","3","10","71","0","2017","4","",19,2288,2271,2276,22285796,14001,249,752,"",0.58,0.74,0.70,0.70,0.75,0.03,0.09,1.05,"",0,0.0,47,2.1,33,1.5,56,2.5,499211,2.3,-8488,-37.7,-264,-51.5,1,0.1
"21073","5","10","71","0","2017","4","",1658,18174,19858,19766,193301485,23066777,530040,772,"",0.89,0.68,0.71,0.71,0.65,1.03,1.01,0.93,"",5,0.3,-754,-4.0,1473,8.0,422,2.2,-5132146,-2.6,-3856260,-14.3,-223810,-29.7,-36,-4.5
"21075","0","10","70","0","2017","4","",195,2058,2074,2110,16911701,1778132,31639,625,"",1.00,1.00,1.00,1.00,1.00,1.00,1.00,1.00,"",3,1.6,-27,-1.3,-3,-0.1,41,2.0,-85768,-0.5,182335,11.4,-4340,-12.1,-5,-0.8
"21075","1","10","71","0","2017","4","",2,28,27,27,315009,0,0,887,"",1.71,0.71,0.68,0.66,0.68,0.00,0.00,0.99,"",0,0.0,0,0.0,0,0.0,2,8.0,-8471,-2.6,0,0.0,0,0.0,-46,-4.9
"21075","2","10","71","0","2017","4","",8,46,48,50,450960,0,0,723,"",5.85,0.70,0.72,0.74,0.82,0.00,0.00,1.13,"",0,0.0,1,2.2,3,6.7,5,11.1,54128,13.6,0,0.0,0,0.0,45,6.6
"21075","3","10","71","0","2017","4","",15,447,442,444,3530144,79989,1624,611,"",4.53,2.19,2.15,2.13,2.43,2.27,9.75,1.13,"",0,0.0,-9,-2.0,-2,-0.5,4,0.9,44619,1.3,-8219,-9.3,-837,-34.0,11,1.8
"21075","5","10","71","0","2017","4","",170,1537,1557,1589,12615588,1698143,30015,622,"",0.90,0.88,0.88,0.89,0.87,0.99,0.95,0.99,"",3,1.8,-19,-1.2,-4,-0.3,30,1.9,-176044,-1.4,190554,12.6,-3503,-10.5,-9,-1.4
"21077","0","10","70","0","2017","4","",141,2486,2508,2510,29517791,1896781,40550,908,"",1.00,1.00,1.00,1.00,1.00,1.00,1.00,1.00,"",-11,-7.2,-85,-3.3,35,1.4,43,1.7,1042180,3.7,-105002,-5.2,-13423,-24.9,33,3.8
"21077","1","10","71","0","2017","4","",4,33,33,35,496406,0,0,1134,"",4.73,0.69,0.69,0.72,0.61,0.00,0.00,0.87,"",-1,-20.0,-2,-5.7,-1,-2.9,2,6.1,6701,1.4,0,0.0,0,0.0,26,2.3
"21077","2","10","71","0","2017","4","",9,35,36,35,311753,0,0,679,"",9.11,0.44,0.45,0.44,0.32,0.00,0.00,0.73,"N",1,12.5,0,0,0,0,0,0,0,0,0,0,0,0,0,0
"21077","3","10","71","0","2017","4","",10,393,407,397,3055108,14168,113,589,"",4.17,1.60,1.63,1.60,1.20,0.38,0.53,0.75,"N",0,0.0,0,0,0,0,0,0,0,0,0,0,0,0,0,0
"21077","5","10","71","0","2017","4","",118,2025,2032,2043,25654524,1882613,40437,971,"",0.86,0.96,0.95,0.96,1.02,1.03,1.00,1.06,"",-11,-8.5,-77,-3.7,32,1.6,48,2.4,1022867,4.2,-94746,-4.8,-13269,-24.7,39,4.2
"21079","0","10","70","0","2017","4","",305,2320,2298,2308,19111390,2295577,69272,637,"",1.00,1.00,1.00,1.00,1.00,1.00,1.00,1.00,"",5,1.7,141,6.5,90,4.1,26,1.1,725571,3.9,308849,15.5,6409,10.2,1,0.2
"21079","1","10","71","0","2017","4","",2,21,23,24,293566,0,0,996,"",1.09,0.47,0.52,0.54,0.56,0.00,0.00,1.09,"",0,0.0,-3,-12.5,-2,-8.0,0,0.0,-14437,-4.7,0,0.0,0,0.0,22,2.3
"21079","2","10","71","0","2017","4","",12,67,66,67,653838,0,0,754,"",5.62,0.90,0.90,0.91,1.05,0.00,0.00,1.16,"",0,0.0,-1,-1.5,-2,-2.9,0,0.0,34069,5.5,0,0.0,0,0.0,49,7.0
"21079","3","10","71","0","2017","4","",10,630,618,626,3924203,50343,582,483,"",1.93,2.74,2.71,2.74,2.39,1.11,1.60,0.87,"",0,0.0,38,6.4,10,1.6,-4,-0.6,138628,3.7,3019,6.4,-202,-25.8,6,1.3
"21079","5","10","71","0","2017","4","",281,1602,1591,1591,14239783,2245234,68690,687,"",0.95,0.81,0.81,0.81,0.87,1.01,1.00,1.07,"",5,1.8,107,7.2,84,5.6,30,1.9,567311,4.1,305830,15.8,6611,10.6,-4,-0.6
"21081","0","10","70","0","2017","4","",489,4942,4933,4985,49288165,4194303,87961,765,"",1.00,1.00,1.00,1.00,1.00,1.00,1.00,1.00,"",-8,-1.6,-136,-2.7,-194,-3.8,-130,-2.5,-2038142,-4.0,-515725,-10.9,-31844,-26.6,-8,-1.0
"21081","1","10","71","0","2017","4","",6,46,43,48,605349,0,0,1020,"",2.05,0.48,0.46,0.50,0.45,0.00,0.00,0.93,"",0,0.0,1,2.2,-3,-6.5,2,4.3,28162,4.9,0,0.0,0,0.0,48,4.9
"21081","2","10","71","0","2017","4","",21,157,158,155,1641890,0,0,806,"",6.13,0.99,1.00,0.98,1.02,0.00,0.00,1.03,"",0,0.0,2,1.3,7,4.6,1,0.6,6318,0.4,0,0.0,0,0.0,-15,-1.8
"21081","3","10","71","0","2017","4","",21,1068,1087,1095,8792425,872,23,624,"",2.53,2.18,2.22,2.22,2.07,0.01,0.05,0.94,"",0,0.0,-8,-0.7,2,0.2,17,1.6,55810,0.6,-9328,-91.5,-303,-92.9,2,0.3
"21081","5","10","71","0","2017","4","",441,3671,3645,3687,38248501,4193431,87938,802,"",0.93,0.87,0.87,0.87,0.91,1.03,1.01,1.04,"",-8,-1.8,-131,-3.4,-200,-5.2,-150,-3.9,-2128432,-5.3,-506397,-10.8,-31541,-26.4,-9,-1.1
"21083","0","10","70","0","2017","4","",865,11138,11069,11261,105557704,9980655,195200,728,"",1.00,1.00,1.00,1.00,1.00,1.00,1.00,1.00,"",-16,-1.8,234,2.1,-143,-1.3,90,0.8,5060567,5.0,-226795,-2.2,-67704,-25.8,31,4.4
"21083","1","10","71","0","2017","4","",19,194,195,194,3986346,0,0,1578,"",3.66,0.90,0.92,0.89,1.37,0.00,0.00,1.52,"",0,0.0,-6,-3.0,-8,-3.9,-16,-7.6,127825,3.3,0,0.0,0,0.0,125,8.6
"21083","2","10","71","0","2017","4","",25,282,278,277,2768460,0,0,763,"",4.12,0.79,0.78,0.77,0.80,0.00,0.00,1.03,"",1,4.2,-16,-5.4,-19,-6.4,-23,-7.7,-105196,-3.7,0,0.0,0,0.0,22,3.0
"21083","3","10","71","0","2017","4","",16,1567,1544,1571,13133489,37529,787,647,"",1.09,1.42,1.40,1.41,1.45,0.19,0.77,1.02,"",0,0.0,4,0.3,5,0.3,19,1.2,291042,2.3,-57,-0.2,-96,-10.9,10,1.6
"21083","5","10","71","0","2017","4","",805,9095,9052,9219,85669409,9943126,194413,722,"",0.96,0.96,0.96,0.96,0.95,1.03,1.00,0.99,"",-17,-2.1,252,2.8,-121,-1.3,110,1.2,4746896,5.9,-226738,-2.2,-67608,-25.8,34,4.9
"21085","0","10","70","0","2017","4","",611,7798,7930,7964,68278340,7367203,216638,665,"",1.00,1.00,1.00,1.00,1.00,1.00,1.00,1.00,"",-37,-5.7,189,2.5,356,4.7,170,2.2,2709531,4.1,1002114,15.7,4466,2.1,6,0.9
"21085","1","10","71","0","2017","4","",9,88,88,86,1384234,0,0,1219,"",2.46,0.59,0.58,0.56,0.74,0.00,0.00,1.28,"",0,0.0,-1,-1.1,-5,-5.4,-11,-11.3,-16965,-1.2,0,0.0,0,0.0,60,5.2
"21085","2","10","71","0","2017","4","",17,145,146,137,1148943,0,0,619,"",3.97,0.58,0.57,0.54,0.52,0.00,0.00,0.91,"",-1,-5.6,-1,-0.7,1,0.7,1,0.7,47268,4.3,0,0.0,0,0.0,24,4.0
"21085","3","10","71","0","2017","4","",18,1485,1504,1498,11923765,32360,261,613,"",1.73,1.92,1.91,1.90,2.03,0.22,0.23,1.06,"",0,0.0,30,2.1,40,2.7,42,2.9,109027,0.9,-4123,-11.3,-139,-34.8,-10,-1.6
"21085","5","10","71","0","2017","4","",567,6080,6192,6243,53821398,7334843,216377,671,"",0.96,0.92,0.92,0.92,0.92,1.03,1.01,1.00,"",-36,-6.0,161,2.7,320,5.4,138,2.3,2570201,5.0,1006237,15.9,4605,2.2,10,1.5
"21087","0","10","70","0","2017","4","",184,1734,1722,1698,12082966,1025663,20904,541,"",1.00,1.00,1.00,1.00,1.00,1.00,1.00,1.00,"",-9,-4.7,23,1.3,29,1.7,-14,-0.8,236992,2.0,-6787,-0.7,-3416,-14.0,7,1.3
"21087","1","10","71","0","2017","4","",2,19,19,19,236502,0,0,957,"",1.81,0.57,0.58,0.58,0.71,0.00,0.00,1.24,"",0,0.0,0,0.0,-1,-5.0,-1,-5.0,2857,1.2,0,0.0,0,0.0,43,4.7
"21087","2","10","71","0","2017","4","",12,53,54,53,519331,0,0,749,"",9.31,0.95,0.98,0.98,1.32,0.00,0.00,1.36,"",-1,-7.7,5,10.4,4,8.0,2,3.9,65003,14.3,0,0.0,0,0.0,45,6.4
"21087","3","10","71","0","2017","4","",12,480,489,493,2470719,17845,107,390,"",3.84,2.79,2.86,2.93,2.38,0.88,0.97,0.83,"",0,0.0,-7,-1.4,12,2.5,4,0.8,82115,3.4,4499,33.7,-98,-47.8,11,2.9
"21087","5","10","71","0","2017","4","",158,1182,1160,1133,8856414,1007818,20797,588,"",0.89,0.80,0.79,0.79,0.86,1.02,1.00,1.08,"",-8,-4.8,25,2.2,14,1.2,-19,-1.6,87017,1.0,-11286,-1.1,-3318,-13.8,2,0.3
"21089","0","10","70","0","2017","4","",587,8050,8100,7993,79724789,6145751,134600,762,"",1.00,1.00,1.00,1.00,1.00,1.00,1.00,1.00,"",-22,-3.6,14,0.2,88,1.1,13,0.2,935195,1.2,-200429,-3.2,-41687,-23.6,5,0.7
"21089","1","10","71","0","2017","4","",8,52,53,53,724025,0,0,1057,"",2.27,0.34,0.34,0.34,0.33,0.00,0.00,0.97,"",0,0.0,-2,-3.7,2,3.9,-1,-1.9,19322,2.7,0,0.0,0,0.0,34,3.3
"21089","2","10","71","0","2017","4","",16,140,139,140,1300087,0,0,716,"",3.89,0.54,0.54,0.55,0.50,0.00,0.00,0.92,"",-1,-5.9,6,4.5,5,3.7,7,5.3,112788,9.5,0,0.0,0,0.0,33,4.8
"21089","3","10","71","0","2017","4","",21,1403,1457,1390,11484446,92165,1017,624,"",2.10,1.76,1.81,1.76,1.68,0.76,1.44,0.94,"",0,0.0,17,1.2,67,4.8,17,1.2,250518,2.2,-316864,-77.5,-3556,-77.8,-1,-0.2
"21089","5","10","71","0","2017","4","",542,6455,6451,6410,66216231,6053586,133583,791,"",0.95,0.94,0.94,0.94,0.97,1.02,1.00,1.03,"",-21,-3.7,-7,-0.1,14,0.2,-10,-0.2,552567,0.8,116435,2.0,-38131,-22.2,7,0.9
"21091","0","10","70","0","2017","4","",187,3866,3841,3886,62034803,1997151,61699,1235,"",1.00,1.00,1.00,1.00,1.00,1.00,1.00,1.00,"",-11,-5.6,-222,-5.4,-255,-6.2,-210,-5.1,-6622852,-9.6,-256525,-11.4,-53989,-46.7,-55,-4.3
"21091","1","10","71","0","2017","4","",3,21,24,21,228530,0,0,799,"",2.67,0.28,0.33,0.28,0.13,0.00,0.00,0.45,"",0,0.0,-1,-4.5,0,0.0,-2,-8.7,-25556,-10.1,0,0.0,0,0.0,-51,-6.0
"21091","2","10","71","0","2017","4","N",7,0,0,0,0,0,0,0,"N",5.34,0,0,0,0,0,0,0,"N",0,0.0,0,0,0,0,0,0,0,0,0,0,0,0,0,0
"21091","3","10","71","0","2017","4","N",8,0,0,0,0,0,0,0,"N",2.52,0,0,0,0,0,0,0,"N",0,0.0,0,0,0,0,0,0,0,0,0,0,0,0,0,0
"21091","5","10","71","0","2017","4","",169,3367,3342,3392,57957002,1976037,61329,1324,"",0.93,1.03,1.02,1.03,1.09,1.02,1.00,1.07,"",-11,-6.1,-237,-6.6,-270,-7.5,-210,-5.8,-6580903,-10.2,-255781,-11.5,-53781,-46.7,-53,-3.8
"21093","0","10","70","0","2017","4","",2955,47774,48357,48729,515045326,41077326,892192,820,"",1.00,1.00,1.00,1.00,1.00,1.00,1.00,1.00,"",-139,-4.5,236,0.5,336,0.7,474,1.0,9337327,1.8,1473634,3.7,-145945,-14.1,9,1.1
"21093","1","10","71","0","2017","4","",48,5610,5631,5606,84813821,0,0,1162,"",2.71,6.10,6.08,5.97,5.99,0.00,0.00,0.99,"",1,2.1,-76,-1.3,-63,-1.1,-55,-1.0,715395,0.9,0,0.0,0,0.0,23,2.0
"21093","2","10","71","0","2017","4","",43,1104,1121,1123,10282145,0,0,709,"",2.08,0.72,0.72,0.72,0.61,0.00,0.00,0.85,"",-2,-4.4,64,6.2,74,7.1,70,6.6,680721,7.1,0,0.0,0,0.0,3,0.4
"21093","3","10","71","0","2017","4","",42,6789,6835,6843,78158048,577122,14942,881,"",0.84,1.43,1.42,1.42,1.76,0.71,3.18,1.24,"",1,2.4,234,3.6,238,3.6,213,3.2,4815958,6.6,386110,202.1,9793,190.2,25,2.9
"21093","5","10","71","0","2017","4","",2822,34271,34770,35157,341791312,40500204,877250,757,"",0.98,0.84,0.85,0.85,0.78,1.02,0.99,0.92,"",-139,-4.7,14,0.0,87,0.3,246,0.7,3125253,0.9,1087524,2.8,-155738,-15.1,4,0.5
"21095","0","10","70","0","2017","4","",503,5927,5900,5889,54439228,11584977,808005,709,"",1.00,1.00,1.00,1.00,1.00,1.00,1.00,1.00,"",-23,-4.4,53,0.9,-15,-0.3,-20,-0.3,2504108,4.8,7937712,217.6,723212,852.9,32,4.7
"21095","1","10","71","0","2017","4","",21,60,61,62,888186,0,0,1120,"",6.96,0.53,0.54,0.55,0.59,0.00,0.00,1.10,"",0,0.0,-5,-7.7,-6,-9.0,-5,-7.5,-12440,-1.4,0,0.0,0,0.0,76,7.3
"21095","2","10","71","0","2017","4","",24,489,492,483,4692465,0,0,740,"",6.81,2.57,2.60,2.57,2.64,0.00,0.00,1.02,"",0,0.0,14,2.9,16,3.4,8,1.7,207110,4.6,0,0.0,0,0.0,14,1.9
"21095","3","10","71","0","2017","4","",24,1225,1226,1243,9060042,264357,5658,566,"",2.81,2.09,2.09,2.13,1.94,1.15,1.33,0.92,"",0,0.0,-6,-0.5,-19,-1.5,-16,-1.3,-239545,-2.6,58511,28.4,69,1.2,-9,-1.6
"21095","5","10","71","0","2017","4","",434,4153,4121,4101,39798535,11320620,802347,742,"",0.89,0.82,0.82,0.82,0.86,1.01,1.00,1.04,"",-23,-5.0,50,1.2,-6,-0.1,-7,-0.2,2548983,6.8,7879201,229.0,723143,913.0,45,6.5
"21097","0","10","70","0","2017","4","",339,4908,4930,4995,51069115,3701225,72707,795,"",1.00,1.00,1.00,1.00,1.00,1.00,1.00,1.00,"",-9,-2.6,-44,-0.9,26,0.5,16,0.3,1096978,2.2,75866,2.1,-30725,-29.7,18,2.3
"21097","1","10","71","0","2017","4","",5,31,35,35,452311,0,0,1033,"",2.46,0.33,0.37,0.36,0.32,0.00,0.00,0.91,"",0,0.0,-1,-3.1,3,9.4,0,0.0,33817,8.1,0,0.0,0,0.0,57,5.8
"21097","2","10","71","0","2017","4","",17,94,93,92,910370,0,0,753,"",7.16,0.60,0.59,0.58,0.55,0.00,0.00,0.93,"",0,0.0,3,3.3,1,1.1,-2,-2.1,23522,2.7,0,0.0,0,0.0,14,1.9
"21097","3","10","71","0","2017","4","",14,706,703,703,6157168,600,4,673,"",2.43,1.45,1.44,1.42,1.40,0.01,0.01,0.98,"",0,0.0,-32,-4.3,-9,-1.3,-47,-6.3,98457,1.6,0,0.0,-3,-42.9,37,5.8
"21097","5","10","71","0","2017","4","",303,4077,4099,4165,43549266,3700625,72703,814,"",0.92,0.98,0.98,0.98,1.00,1.03,1.01,1.02,"",-9,-2.9,-14,-0.3,31,0.8,65,1.6,941182,2.2,75866,2.1,-30722,-29.7,12,1.5
"21099","0","10","70","0","2017","4","",332,5315,5296,5320,46898813,3926327,90511,679,"",1.00,1.00,1.00,1.00,1.00,1.00,1.00,1.00,"",4,1.2,174,3.4,201,3.9,156,3.0,1591473,3.5,7387,0.2,-12024,-11.7,0,0.0
"21099","1","10","71","0","2017","4","",7,42,39,37,490953,0,0,960,"",3.52,0.41,0.38,0.36,0.38,0.00,0.00,0.99,"",0,0.0,-2,-4.5,-1,-2.5,-7,-15.9,17071,3.6,0,0.0,0,0.0,106,12.4
"21099","2","10","71","0","2017","4","",16,65,66,66,578969,0,0,678,"",6.88,0.38,0.39,0.39,0.38,0.00,0.00,0.98,"",3,23.1,10,18.2,9,15.8,9,15.8,95934,19.9,0,0.0,0,0.0,18,2.7
"21099","3","10","71","0","2017","4","",16,758,784,773,6566196,82670,661,655,"",2.84,1.44,1.49,1.47,1.63,1.06,1.39,1.11,"",0,0.0,10,1.3,34,4.5,0,0.0,79499,1.2,4228,5.4,-341,-34.0,-4,-0.6
"21099","5","10","71","0","2017","4","",293,4450,4407,4444,39262695,3843657,89850,681,"",0.91,0.99,0.98,0.98,0.98,1.01,1.00,1.00,"",1,0.3,156,3.6,159,3.7,154,3.6,1398969,3.7,3159,0.1,-11683,-11.5,0,0.0
"21101","0","10","70","0","2017","4","",1185,19728,20033,19934,211741725,21023953,519230,819,"",1.00,1.00,1.00,1.00,1.00,1.00,1.00,1.00,"",-16,-1.3,-122,-0.6,-248,-1.2,-200,-1.0,7371528,3.6,218943,1.1,-56808,-9.9,36,4.6
"21101","1","10","71","0","2017","4","",12,115,116,111,1614479,0,0,1089,"",1.69,0.30,0.30,0.29,0.28,0.00,0.00,0.93,"",0,0.0,-4,-3.4,-8,-6.5,-12,-9.8,58234,3.7,0,0.0,0,0.0,108,11.0
"21101","2","10","71","0","2017","4","",24,463,471,470,4009657,0,0,659,"",2.89,0.73,0.73,0.74,0.58,0.00,0.00,0.79,"",0,0.0,-10,-2.1,-2,-0.4,-1,-0.2,81086,2.1,0,0.0,0,0.0,19,3.0
"21101","3","10","71","0","2017","4","",17,2096,2112,2093,18950602,7045,66,694,"",0.84,1.07,1.06,1.06,1.04,0.02,0.02,0.98,"",0,0.0,-3,-0.1,12,0.6,-22,-1.0,414216,2.2,-6577,-48.3,-120,-64.5,17,2.5
"21101","5","10","71","0","2017","4","",1132,17054,17334,17260,187166987,21016908,519164,836,"",0.98,1.02,1.02,1.02,1.04,1.03,1.01,1.02,"",-16,-1.4,-105,-0.6,-250,-1.4,-165,-0.9,6817992,3.8,225520,1.1,-56688,-9.8,38,4.8
"21103","0","10","70","0","2017","4","",294,2652,2689,2648,25656883,1923658,43199,741,"",1.00,1.00,1.00,1.00,1.00,1.00,1.00,1.00,"",-13,-4.2,34,1.3,86,3.3,-12,-0.5,1469547,6.1,182269,10.5,3585,9.0,33,4.7
"21103","1","10","71","0","2017","4","",12,81,94,88,987602,0,0,867,"",6.81,1.59,1.83,1.73,1.40,0.00,0.00,0.82,"",-1,-7.7,-9,-10.0,6,6.8,-6,-6.4,-20485,-2.0,0,0.0,0,0.0,12,1.4
"21103","2","10","71","0","2017","4","",13,93,95,91,1006724,0,0,833,"",6.31,1.09,1.10,1.08,1.20,0.00,0.00,1.10,"",0,0.0,-18,-16.2,-17,-15.2,-28,-23.5,-242022,-19.4,0,0.0,0,0.0,-10,-1.2
"21103","3","10","71","0","2017","4","",14,625,648,649,5393904,28449,304,648,"",2.80,2.38,2.43,2.48,2.44,0.75,1.34,1.01,"",0,0.0,-6,-1.0,10,1.6,-7,-1.1,266435,5.2,-1255,-4.2,-15,-4.7,33,5.4
"21103","5","10","71","0","2017","4","",255,1853,1852,1820,18268653,1895209,42895,763,"",0.89,0.82,0.81,0.81,0.83,1.02,1.00,1.02,"",-12,-4.5,67,3.8,87,4.9,29,1.6,1465619,8.7,183524,10.7,3600,9.2,37,5.1
"21105","0","10","70","0","2017","4","",97,942,962,943,7108418,785343,13009,576,"",1.00,1.00,1.00,1.00,1.00,1.00,1.00,1.00,"",-4,-4.0,-78,-7.6,-42,-4.2,-53,-5.3,-321483,-4.3,37373,5.0,-1683,-11.5,8,1.4
"21105","1","10","71","0","2017","4","",5,17,18,18,190303,0,0,829,"",8.59,0.94,0.98,0.99,0.97,0.00,0.00,1.01,"",0,0.0,-1,-5.6,-5,-21.7,-7,-28.0,-27526,-12.6,0,0.0,0,0.0,67,8.8
"21105","2","10","71","0","2017","4","N",10,0,0,0,0,0,0,0,"N",14.71,0,0,0,0,0,0,0,"N",0,0.0,0,0,0,0,0,0,0,0,0,0,0,0,0,0
"21105","3","10","71","0","2017","4","N",5,0,0,0,0,0,0,0,"N",3.03,0,0,0,0,0,0,0,"N",0,0.0,0,0,0,0,0,0,0,0,0,0,0,0,0,0
"21105","5","10","71","0","2017","4","",77,675,703,682,5165656,785343,13009,579,"",0.82,0.84,0.86,0.85,0.85,1.03,1.01,1.00,"",-4,-4.9,-74,-9.9,-29,-4.0,-41,-5.7,-221449,-4.1,37373,5.0,-1683,-11.5,15,2.7
"21107","0","10","70","0","2017","4","",1101,17389,17551,17518,186319645,14602980,349699,820,"",1.00,1.00,1.00,1.00,1.00,1.00,1.00,1.00,"",-8,-0.7,-436,-2.4,-415,-2.3,-408,-2.3,-5612824,-2.9,-1880553,-11.4,-152986,-30.4,-5,-0.6
"21107","1","10","71","0","2017","4","",16,167,169,166,2743056,0,0,1261,"",2.42,0.50,0.50,0.49,0.54,0.00,0.00,1.08,"",0,0.0,7,4.4,9,5.6,-2,-1.2,121278,4.6,0,0.0,0,0.0,21,1.7
"21107","2","10","71","0","2017","4","",39,982,995,978,8880159,2052,25,693,"",5.06,1.76,1.77,1.75,1.46,0.01,0.05,0.83,"",-1,-2.5,-11,-1.1,2,0.2,-12,-1.2,127517,1.5,-248,-10.8,-7,-21.9,14,2.1
"21107","3","10","71","0","2017","4","",23,2011,2053,2060,17505294,169204,2956,660,"",1.23,1.17,1.18,1.19,1.09,0.59,1.61,0.93,"",0,0.0,-8,-0.4,0,0.0,28,1.4,-57000,-0.3,24982,17.3,361,13.9,-4,-0.6
"21107","5","10","71","0","2017","4","",1023,14229,14334,14314,157191136,14431724,346718,846,"",0.96,0.96,0.96,0.96,0.99,1.02,1.00,1.03,"",-7,-0.7,-424,-2.9,-426,-2.9,-422,-2.9,-5804619,-3.6,-1905287,-11.7,-153340,-30.7,-6,-0.7
"21109","0","10","70","0","2017","4","",157,1689,1695,1701,13153624,1068013,26362,597,"",1.00,1.00,1.00,1.00,1.00,1.00,1.00,1.00,"",-7,-4.3,-127,-7.0,-120,-6.6,-123,-6.7,-889327,-6.3,-22614,-2.1,-7766,-22.8,3,0.5
"21109","1","10","71","0","2017","4","",6,29,29,31,372047,0,0,965,"",6.37,0.89,0.89,0.95,1.03,0.00,0.00,1.13,"",0,0.0,-2,-6.5,-4,-12.1,0,0.0,-13939,-3.6,0,0.0,0,0.0,27,2.9
"21109","2","10","71","0","2017","4","",16,71,72,71,674510,3773,30,727,"",14.54,1.31,1.33,1.31,1.57,0.28,0.86,1.19,"",0,0.0,1,1.4,0,0.0,-1,-1.4,21535,3.3,3388,880.0,26,650.0,23,3.3
"21109","3","10","71","0","2017","4","",8,663,662,666,4591152,10408,210,532,"",3.00,3.96,3.93,3.96,4.06,0.49,1.51,1.03,"",0,0.0,3,0.5,5,0.8,11,1.7,51474,1.1,5683,120.3,54,34.6,1,0.2
"21109","5","10","71","0","2017","4","",127,926,932,933,7515915,1053832,26122,621,"",0.83,0.65,0.65,0.65,0.67,1.02,1.00,1.03,"",-7,-5.2,-129,-12.2,-121,-11.5,-133,-12.5,-948397,-11.2,-31685,-2.9,-7846,-23.1,6,1.0
"21111","0","10","70","0","2017","4","",25220,468433,473133,473236,6468937779,464232938,11306908,1055,"",1.00,1.00,1.00,1.00,1.00,1.00,1.00,1.00,"",-194,-0.8,5594,1.2,5907,1.3,3555,0.8,252167476,4.1,-2811033,-0.6,-2064228,-15.4,30,2.9
"21111","1","10","71","0","2017","4","",71,6541,6589,6695,126848069,0,0,1477,"",0.47,0.73,0.73,0.73,0.71,0.00,0.00,0.98,"",-1,-1.4,76,1.2,91,1.4,60,0.9,2717120,2.2,0,0.0,0,0.0,15,1.0
"21111","2","10","71","0","2017","4","",79,11612,11563,11535,173088716,184208,4847,1151,"",0.45,0.77,0.76,0.76,0.82,0.03,0.33,1.07,"",-5,-6.0,-564,-4.6,-645,-5.3,-672,-5.5,-4888808,-2.7,15580,9.2,-2144,-30.7,29,2.6
"21111","3","10","71","0","2017","4","",104,28349,28295,28059,374086205,631521,6477,1019,"",0.24,0.61,0.60,0.60,0.67,0.07,0.11,1.11,"",-1,-1.0,1010,3.7,858,3.1,927,3.4,15829088,4.4,25224,4.2,-1411,-17.9,10,1.0
"21111","5","10","71","0","2017","4","",24966,421931,426686,426947,5794914789,463417209,11295584,1048,"",1.02,1.06,1.06,1.06,1.05,1.03,1.01,0.99,"",-187,-0.7,5072,1.2,5603,1.3,3240,0.8,238510076,4.3,-2851837,-0.6,-2060673,-15.4,32,3.1
"21113","0","10","70","0","2017","4","",1307,17397,17491,17116,170987411,16106775,381919,759,"",1.00,1.00,1.00,1.00,1.00,1.00,1.00,1.00,"",-23,-1.7,359,2.1,221,1.3,4,0.0,3799584,2.3,-933547,-5.5,-114259,-23.0,9,1.2
"21113","1","10","71","0","2017","4","",7,78,76,75,1060121,0,0,1068,"",0.89,0.23,0.23,0.23,0.23,0.00,0.00,0.98,"",0,0.0,0,0.0,-3,-3.8,-3,-3.8,-62756,-5.6,0,0.0,0,0.0,-35,-3.2
"21113","2","10","71","0","2017","4","",18,415,427,426,3698214,0,0,673,"",1.97,0.74,0.76,0.78,0.66,0.00,0.00,0.87,"",5,38.5,-4,-1.0,15,3.6,11,2.7,-63020,-1.7,0,0.0,0,0.0,-24,-3.4
"21113","3","10","71","0","2017","4","",14,2166,2175,2169,17601382,80174,816,624,"",0.63,1.26,1.25,1.28,1.20,0.25,0.41,0.95,"",0,0.0,85,4.1,115,5.6,93,4.5,345849,2.0,-1601,-2.0,-361,-30.7,-17,-2.7
"21113","5","10","71","0","2017","4","",1268,14738,14813,14446,148627694,16026601,381103,780,"",1.00,1.00,1.00,0.99,1.02,1.03,1.00,1.02,"",-28,-2.2,278,1.9,94,0.6,-97,-0.7,3579511,2.5,-931946,-5.5,-113898,-23.0,14,1.8
"21115","0","10","70","0","2017","4","",509,5171,5199,5113,43303670,4287420,86940,645,"",1.00,1.00,1.00,1.00,1.00,1.00,1.00,1.00,"",-31,-5.7,-114,-2.2,-105,-2.0,-193,-3.6,-556670,-1.3,321335,8.1,1755,2.1,8,1.3
"21115","1","10","71","0","2017","4","",13,41,40,41,533487,0,0,1009,"",4.26,0.41,0.40,0.42,0.45,0.00,0.00,1.09,"",-1,-7.1,1,2.5,0,0.0,3,7.9,41202,8.4,0,0.0,0,0.0,46,4.8
"21115","2","10","71","0","2017","4","",19,333,336,334,3041821,0,0,700,"",5.33,2.01,2.02,2.05,2.15,0.00,0.00,1.06,"",0,0.0,-8,-2.3,-4,-1.2,-3,-0.9,-77428,-2.5,0,0.0,0,0.0,-7,-1.0
"21115","3","10","71","0","2017","4","",23,1076,1073,1066,8695985,161027,2551,624,"",2.66,2.10,2.08,2.11,2.34,1.90,5.58,1.12,"",0,0.0,5,0.5,-2,-0.2,0,0.0,-55488,-0.6,38581,31.5,-134,-5.0,-5,-0.8
"21115","5","10","71","0","2017","4","",454,3721,3750,3672,31032377,4126393,84389,643,"",0.92,0.85,0.85,0.85,0.84,0.99,0.98,0.99,"",-30,-6.2,-112,-2.9,-99,-2.6,-193,-5.0,-464956,-1.5,282754,7.4,1889,2.3,14,2.2
"21117","0","10","70","0","2017","4","",4191,65384,66096,66105,934005354,54212739,1200156,1091,"",1.00,1.00,1.00,1.00,1.00,1.00,1.00,1.00,"",30,0.7,673,1.0,1248,1.9,621,0.9,55478241,6.3,13453,0.0,-244343,-16.9,52,5.0
"21117","1","10","71","0","2017","4","",21,3175,3380,3538,45783427,0,0,1047,"",0.84,2.52,2.67,2.78,1.78,0.00,0.00,0.67,"",-1,-4.5,-334,-9.5,-5,-0.1,-24,-0.7,-12753,0.0,0,0.0,0,0.0,36,3.6
"21117","2","10","71","0","2017","4","",26,919,929,923,7465292,0,0,622,"",0.89,0.44,0.44,0.44,0.24,0.00,0.00,0.56,"",-1,-3.7,7,0.8,18,2.0,23,2.6,290689,4.1,0,0.0,0,0.0,14,2.3
"21117","3","10","71","0","2017","4","",52,5965,6035,5979,67520625,171298,1777,867,"",0.73,0.92,0.92,0.91,0.84,0.16,0.28,0.92,"",0,0.0,-2,0.0,31,0.5,-23,-0.4,815061,1.2,-33206,-16.2,-976,-35.5,11,1.3
"21117","5","10","71","0","2017","4","",4092,55325,55752,55665,813236010,54041441,1198379,1126,"",1.01,1.00,0.99,0.99,1.02,1.03,1.01,1.03,"",32,0.8,1002,1.8,1204,2.2,645,1.2,54385244,7.2,46659,0.1,-243367,-16.9,57,5.3
"21119","0","10","70","0","2017","4","",266,2278,2249,2295,17455912,1287077,35110,590,"",1.00,1.00,1.00,1.00,1.00,1.00,1.00,1.00,"",-1,-0.4,7,0.3,-33,-1.4,0,0.0,-619809,-3.4,121042,10.4,-3167,-8.3,-19,-3.1
"21119","1","10","71","0","2017","4","",15,34,33,33,375142,0,0,866,"",9.40,0.78,0.77,0.75,0.78,0.00,0.00,1.03,"",-1,-6.2,4,13.3,4,13.8,1,3.1,8026,2.2,0,0.0,0,0.0,-65,-7.0
"21119","2","10","71","0","2017","4","",18,114,111,112,1079444,0,0,739,"",9.66,1.56,1.54,1.53,1.89,0.00,0.00,1.23,"",1,5.9,4,3.6,0,0.0,1,0.9,1342,0.1,0,0.0,0,0.0,-10,-1.3
"21119","3","10","71","0","2017","4","",9,607,590,607,4464806,21289,336,571,"",1.99,2.69,2.64,2.67,2.97,0.84,1.82,1.12,"",0,0.0,-8,-1.3,-23,-3.8,-13,-2.1,-524753,-10.5,12509,142.5,130,63.1,-52,-8.3
"21119","5","10","71","0","2017","4","",224,1523,1515,1543,11536520,1265788,34774,581,"",0.87,0.79,0.79,0.79,0.77,1.02,1.00,0.98,"",-1,-0.4,7,0.5,-14,-0.9,11,0.7,-104424,-0.9,108533,9.4,-3297,-8.7,-6,-1.0
"21121","0","10","70","0","2017","4","",575,7810,7821,7744,64279492,6485110,138263,635,"",1.00,1.00,1.00,1.00,1.00,1.00,1.00,1.00,"",2,0.3,16,0.2,31,0.4,-79,-1.0,1092208,1.7,-823103,-11.3,-43091,-23.8,12,1.9
"21121","1","10","71","0","2017","4","",17,118,120,118,2158086,0,0,1399,"",4.93,0.78,0.80,0.79,1.22,0.00,0.00,1.54,"",0,0.0,-16,-11.9,-18,-13.0,-22,-15.7,-123061,-5.4,0,0.0,0,0.0,121,9.5
"21121","2","10","71","0","2017","4","",23,136,138,136,1312899,0,0,739,"",5.71,0.54,0.55,0.55,0.63,0.00,0.00,1.14,"",1,4.5,-12,-8.1,-10,-6.8,-11,-7.5,-126803,-8.8,0,0.0,0,0.0,-11,-1.5
"21121","3","10","71","0","2017","4","",16,1296,1303,1344,10804521,18317,157,632,"",1.64,1.67,1.68,1.75,1.95,0.14,0.22,1.15,"",0,0.0,2,0.2,9,0.7,66,5.2,345113,3.3,-6820,-27.1,-115,-42.3,8,1.3
"21121","5","10","71","0","2017","4","",519,6260,6260,6146,50003986,6466793,138106,618,"",0.93,0.94,0.94,0.93,0.91,1.03,1.01,0.97,"",1,0.2,42,0.7,50,0.8,-112,-1.8,996959,2.0,-816283,-11.2,-42976,-23.7,13,2.1
"21123","0","10","70","0","2017","4","",273,2698,2681,2655,22208120,2164274,47203,638,"",1.00,1.00,1.00,1.00,1.00,1.00,1.00,1.00,"",-17,-5.9,-29,-1.1,4,0.1,25,1.0,52236,0.2,64963,3.1,-8455,-15.2,2,0.3
"21123","1","10","71","0","2017","4","",4,43,39,38,465361,0,0,895,"",2.44,0.83,0.76,0.74,0.76,0.00,0.00,0.98,"",-2,-33.3,-8,-15.7,-8,-17.0,-6,-13.6,-45606,-8.9,0,0.0,0,0.0,65,7.8
"21123","2","10","71","0","2017","4","",10,44,45,45,405469,0,0,698,"",5.23,0.51,0.52,0.53,0.56,0.00,0.00,1.07,"",0,0.0,2,4.8,4,9.8,3,7.1,43054,11.9,0,0.0,0,0.0,29,4.3
"21123","3","10","71","0","2017","4","",13,569,558,564,4716717,63845,422,644,"",2.80,2.13,2.10,2.15,2.47,1.49,1.70,1.16,"",0,0.0,2,0.4,-3,-0.5,2,0.4,77781,1.7,54266,566.5,309,273.5,11,1.7
"21123","5","10","71","0","2017","4","",246,2042,2039,2008,16620573,2100429,46781,630,"",0.93,0.89,0.90,0.89,0.88,1.00,1.00,0.98,"",-15,-5.7,-25,-1.2,11,0.5,26,1.3,-22993,-0.1,10697,0.5,-8764,-15.8,-2,-0.3
"21125","0","10","70","0","2017","4","",1533,27856,28078,28074,258232255,35857213,1042862,709,"",1.00,1.00,1.00,1.00,1.00,1.00,1.00,1.00,"",52,3.5,1079,4.0,835,3.1,777,2.8,16615180,6.9,6085941,20.4,32191,3.2,23,3.4
"21125","1","10","71","0","2017","4","",17,245,233,235,4176061,0,0,1352,"",1.85,0.46,0.43,0.43,0.59,0.00,0.00,1.33,"",-1,-5.6,-5,-2.0,-17,-6.8,-13,-5.2,14222,0.3,0,0.0,0,0.0,68,5.3
"21125","2","10","71","0","2017","4","",41,490,486,484,5263811,0,0,832,"",3.82,0.55,0.54,0.54,0.62,0.00,0.00,1.15,"",0,0.0,-2,-0.4,2,0.4,24,5.2,217989,4.3,0,0.0,0,0.0,21,2.6
"21125","3","10","71","0","2017","4","",24,2192,2184,2187,18437401,117006,1503,648,"",0.92,0.79,0.78,0.79,0.83,0.16,0.27,1.05,"",0,0.0,62,2.9,-29,-1.3,-20,-0.9,501083,2.8,21960,23.1,103,7.4,16,2.5
"21125","5","10","71","0","2017","4","",1451,24929,25175,25168,230354982,35740207,1041359,706,"",0.98,1.05,1.06,1.05,1.04,1.03,1.01,0.99,"",53,3.8,1024,4.3,879,3.6,786,3.2,15881886,7.4,6063981,20.4,32088,3.2,24,3.5
"21127","0","10","70","0","2017","4","",269,3289,3345,3370,28754584,3003556,69738,663,"",1.00,1.00,1.00,1.00,1.00,1.00,1.00,1.00,"",-8,-2.9,51,1.6,122,3.8,171,5.3,999616,3.6,172768,6.1,-2006,-2.8,0,0.0
"21127","1","10","71","0","2017","4","",5,34,34,34,435138,0,0,984,"",3.10,0.54,0.53,0.52,0.55,0.00,0.00,1.04,"",0,0.0,4,13.3,4,13.3,3,9.7,32354,8.0,0,0.0,0,0.0,-37,-3.6
"21127","2","10","71","0","2017","4","",11,82,82,83,690960,0,0,646,"",5.84,0.78,0.77,0.77,0.74,0.00,0.00,0.96,"",-2,-15.4,0,0.0,0,0.0,0,0.0,12075,1.8,0,0.0,0,0.0,12,1.9
"21127","3","10","71","0","2017","4","",8,604,609,601,4423607,30506,459,563,"",1.75,1.85,1.83,1.80,1.79,0.51,1.25,0.98,"",0,0.0,-6,-1.0,-13,-2.1,-12,-2.0,75510,1.7,376,1.2,-173,-27.4,19,3.5
"21127","5","10","71","0","2017","4","",245,2569,2620,2652,23204879,2973050,69279,683,"",0.94,0.92,0.92,0.93,0.95,1.02,1.00,1.02,"",-6,-2.4,53,2.1,131,5.3,180,7.3,879677,3.9,172392,6.2,-1833,-2.6,-6,-0.9
"21129","0","10","70","0","2017","4","",154,1471,1471,1482,12848195,1334186,33963,670,"",1.00,1.00,1.00,1.00,1.00,1.00,1.00,1.00,"",0,0.0,-44,-2.9,-30,-2.0,-35,-2.3,-504015,-3.8,170195,14.6,1567,4.8,-10,-1.5
"21129","1","10","71","0","2017","4","",4,9,9,10,133741,0,0,1102,"",4.33,0.32,0.32,0.35,0.38,0.00,0.00,1.15,"",0,0.0,-2,-18.2,-2,-18.2,-1,-9.1,-1180,-0.9,0,0.0,0,0.0,158,16.7
"21129","2","10","71","0","2017","4","",12,79,79,78,742303,0,0,726,"",11.12,1.67,1.68,1.65,1.77,0.00,0.00,1.06,"",0,0.0,6,8.2,6,8.2,3,4.0,59672,8.7,0,0.0,0,0.0,13,1.8
"21129","3","10","71","0","2017","4","",10,327,320,329,2264681,6502,59,535,"",3.82,2.24,2.19,2.24,2.05,0.25,0.33,0.92,"",0,0.0,1,0.3,2,0.6,10,3.1,-16179,-0.7,-5895,-47.6,-65,-52.4,-12,-2.2
"21129","5","10","71","0","2017","4","",128,1056,1063,1065,9707470,1327684,33904,704,"",0.86,0.84,0.85,0.85,0.88,1.03,1.00,1.05,"",0,0.0,-49,-4.4,-36,-3.3,-47,-4.2,-546328,-5.3,176090,15.3,1632,5.1,-10,-1.4
"21131","0","10","70","0","2017","4","",164,1603,1611,1587,14957221,2628169,177760,719,"",1.00,1.00,1.00,1.00,1.00,1.00,1.00,1.00,"",-6,-3.5,-70,-4.2,-72,-4.3,-107,-6.3,-422449,-2.7,1534633,140.3,134464,310.6,16,2.3
"21131","1","10","71","0","2017","4","",9,12,13,13,127560,0,0,775,"",9.15,0.39,0.42,0.43,0.31,0.00,0.00,0.75,"",0,0.0,-1,-7.7,0,0.0,0,0.0,25252,24.7,0,0.0,0,0.0,170,28.1
"21131","2","10","71","0","2017","4","",14,75,76,76,727520,0,0,740,"",12.18,1.46,1.47,1.50,1.49,0.00,0.00,1.01,"",-1,-6.7,2,2.7,3,4.1,2,2.7,44272,6.5,0,0.0,0,0.0,23,3.2
"21131","3","10","71","0","2017","4","",10,467,466,467,3550650,1884,11,585,"",3.59,2.94,2.91,2.97,2.76,0.04,0.01,0.94,"",0,0.0,5,1.1,-5,-1.1,-11,-2.3,-25900,-0.7,-2434,-56.4,-117,-91.4,0,0.0
"21131","5","10","71","0","2017","4","",131,1049,1056,1031,10551491,2626285,177749,776,"",0.82,0.77,0.77,0.76,0.83,1.03,1.01,1.07,"",-5,-3.7,-76,-6.8,-70,-6.2,-98,-8.7,-466073,-4.2,1537067,141.1,134581,311.8,24,3.2
"21133","0","10","70","0","2017","4","",438,4386,4401,4415,37398200,4032063,114084,654,"",1.00,1.00,1.00,1.00,1.00,1.00,1.00,1.00,"",-8,-1.8,-62,-1.4,-35,-0.8,-20,-0.5,-787663,-2.1,-412645,-9.3,-22308,-16.4,-8,-1.2
"21133","1","10","71","0","2017","4","",19,45,48,48,623471,0,0,1020,"",7.23,0.53,0.57,0.56,0.61,0.00,0.00,1.09,"",0,0.0,-4,-8.2,-2,-4.0,-1,-2.0,28382,4.8,0,0.0,0,0.0,92,9.9
"21133","2","10","71","0","2017","4","",17,155,156,152,1546189,0,0,771,"",5.54,1.10,1.11,1.08,1.27,0.00,0.00,1.16,"",0,0.0,7,4.7,7,4.7,3,2.0,71960,4.9,0,0.0,0,0.0,8,1.0
"21133","3","10","71","0","2017","4","",16,928,915,936,6544334,30908,371,543,"",2.15,2.14,2.09,2.14,2.04,0.39,0.62,0.96,"",0,0.0,-40,-4.1,-57,-5.9,-36,-3.7,-236615,-3.5,-33855,-52.3,-1150,-75.6,6,1.1
"21133","5","10","71","0","2017","4","",386,3258,3282,3279,28684206,4001155,113713,674,"",0.91,0.87,0.88,0.87,0.90,1.03,1.00,1.03,"",-8,-2.0,-25,-0.8,17,0.5,14,0.4,-651390,-2.2,-378790,-8.6,-21158,-15.7,-16,-2.3
"21135","0","10","70","0","2017","4","",204,1972,1978,1996,15202509,1517119,35164,590,"",1.00,1.00,1.00,1.00,1.00,1.00,1.00,1.00,"",8,4.1,70,3.7,93,4.9,105,5.6,733899,5.1,121641,8.7,-3300,-8.6,2,0.3
"21135","1","10","71","0","2017","4","",6,20,20,20,228954,0,0,881,"",4.90,0.53,0.53,0.52,0.55,0.00,0.00,1.04,"",0,0.0,2,11.1,0,0.0,-3,-13.0,11795,5.4,0,0.0,0,0.0,59,7.2
"21135","2","10","71","0","2017","4","",11,59,57,57,502005,0,0,670,"",7.70,0.93,0.90,0.90,1.01,0.00,0.00,1.11,"",1,10.0,7,13.5,7,14.0,7,14.0,68548,15.8,0,0.0,0,0.0,12,1.8
"21135","3","10","71","0","2017","4","",10,557,555,559,4135864,174284,1446,571,"",2.88,2.85,2.83,2.83,3.16,5.80,7.81,1.12,"",0,0.0,14,2.6,13,2.4,12,2.2,8138,0.2,330,0.2,-486,-25.2,-13,-2.2
"21135","5","10","71","0","2017","4","",177,1336,1346,1360,10335686,1342835,33718,590,"",0.89,0.80,0.80,0.80,0.80,0.91,0.97,0.99,"",7,4.1,47,3.6,73,5.7,89,7.0,645418,6.7,121311,9.9,-2814,-7.7,7,1.2
"21137","0","10","70","0","2017","4","",414,4081,4028,4017,33116601,2979549,71069,630,"",1.00,1.00,1.00,1.00,1.00,1.00,1.00,1.00,"",-11,-2.6,-115,-2.7,-132,-3.2,-122,-2.9,-565689,-1.7,-310597,-9.4,-23997,-25.2,8,1.3
"21137","1","10","71","0","2017","4","",10,62,58,56,704344,0,0,924,"",4.03,0.79,0.75,0.72,0.77,0.00,0.00,1.03,"",0,0.0,3,5.1,6,11.5,-2,-3.4,27743,4.1,0,0.0,0,0.0,0,0.0
"21137","2","10","71","0","2017","4","",15,87,89,89,883862,0,0,770,"",5.17,0.66,0.69,0.69,0.82,0.00,0.00,1.20,"",1,7.1,-1,-1.1,2,2.3,4,4.7,62574,7.6,0,0.0,0,0.0,41,5.6
"21137","3","10","71","0","2017","4","",18,957,961,972,7059751,5722,84,564,"",2.56,2.37,2.40,2.45,2.48,0.10,0.22,1.03,"",0,0.0,18,1.9,12,1.3,0,0.0,56511,0.8,-23557,-80.5,-986,-92.1,-1,-0.2
"21137","5","10","71","0","2017","4","",371,2975,2920,2900,24468644,2973827,70985,642,"",0.92,0.86,0.85,0.85,0.87,1.03,1.01,1.01,"",-12,-3.1,-135,-4.3,-152,-4.9,-124,-4.1,-712517,-2.8,-287040,-8.8,-23011,-24.5,11,1.7
"21139","0","10","70","0","2017","4","",193,2668,2616,2596,29015615,1838032,53503,850,"",1.00,1.00,1.00,1.00,1.00,1.00,1.00,1.00,"",-13,-6.3,-83,-3.0,-116,-4.2,-21,-0.8,-156306,-0.5,-412127,-18.3,-28543,-34.8,19,2.3
"21139","1","10","71","0","2017","4","",10,92,88,87,1402108,0,0,1212,"",8.64,1.79,1.76,1.74,1.76,0.00,0.00,1.00,"",0,0.0,7,8.2,1,1.1,5,6.1,58267,4.3,0,0.0,0,0.0,-9,-0.7
"21139","2","10","71","0","2017","4","",9,53,53,52,497408,0,0,726,"",6.66,0.62,0.63,0.63,0.53,0.00,0.00,0.84,"",0,0.0,2,3.9,3,6.0,1,2.0,49367,11.0,0,0.0,0,0.0,46,6.8
"21139","3","10","71","0","2017","4","",16,427,421,422,3084395,53357,966,560,"",4.88,1.62,1.62,1.64,1.24,1.47,3.43,0.76,"",0,0.0,-12,-2.7,-11,-2.5,-5,-1.2,142349,4.8,25212,89.6,213,28.3,37,7.1
"21139","5","10","71","0","2017","4","",158,2096,2054,2035,24031704,1784675,52537,897,"",0.84,0.92,0.92,0.92,0.97,1.00,0.99,1.05,"",-13,-7.6,-80,-3.7,-109,-5.0,-22,-1.1,-406289,-1.7,-437339,-19.7,-28756,-35.4,15,1.7
"21141","0","10","70","0","2017","4","",585,8693,8777,8722,99389563,7312268,177999,876,"",1.00,1.00,1.00,1.00,1.00,1.00,1.00,1.00,"",-17,-2.8,177,2.1,300,3.5,276,3.3,5594097,6.0,758362,11.6,-3637,-2.0,25,2.9
"21141","1","10","71","0","2017","4","",7,60,59,63,792678,0,0,1005,"",2.00,0.36,0.35,0.37,0.29,0.00,0.00,0.80,"",0,0.0,-5,-7.7,-4,-6.3,-2,-3.1,-2522,-0.3,0,0.0,0,0.0,54,5.7
"21141","2","10","71","0","2017","4","",13,107,110,112,1068029,0,0,749,"",3.17,0.38,0.39,0.40,0.33,0.00,0.00,0.84,"",1,8.3,3,2.9,6,5.8,6,5.7,94257,9.7,0,0.0,0,0.0,33,4.6
"21141","3","10","71","0","2017","4","",18,1100,1156,1155,9058459,36572,506,613,"",1.81,1.28,1.33,1.34,1.06,0.25,0.54,0.81,"",0,0.0,-35,-3.1,-35,-2.9,-31,-2.6,121068,1.4,-5995,-14.1,-121,-19.3,26,4.4
"21141","5","10","71","0","2017","4","",547,7426,7452,7392,88470397,7275696,177493,917,"",0.96,1.01,1.00,1.00,1.04,1.03,1.00,1.04,"",-18,-3.2,214,3.0,333,4.7,303,4.3,5381294,6.5,764357,11.7,-3516,-1.9,22,2.5
"21143","0","10","70","0","2017","4","",219,2345,2356,2350,19321088,1352602,28004,632,"",1.00,1.00,1.00,1.00,1.00,1.00,1.00,1.00,"",2,0.9,-71,-2.9,15,0.6,22,0.9,807988,4.4,-189749,-12.3,-11702,-29.5,29,4.8
"21143","1","10","71","0","2017","4","",3,35,35,35,654262,0,0,1438,"",2.28,0.78,0.78,0.77,1.23,0.00,0.00,1.59,"",0,0.0,-1,-2.8,0,0.0,2,6.1,110687,20.4,0,0.0,0,0.0,232,19.2
"21143","2","10","71","0","2017","4","",21,624,636,635,6418355,0,0,782,"",13.69,8.29,8.43,8.47,10.18,0.00,0.00,1.21,"",0,0.0,-18,-2.8,-9,-1.4,-6,-0.9,144683,2.3,0,0.0,0,0.0,31,4.1
"21143","3","10","71","0","2017","4","",14,291,301,295,2322375,10660,221,604,"",3.76,1.25,1.29,1.27,1.40,0.40,1.50,1.10,"",0,0.0,5,1.7,11,3.8,2,0.7,78911,3.5,2487,30.4,-100,-31.2,8,1.3
"21143","5","10","71","0","2017","4","",181,1395,1384,1385,9926096,1341942,27783,550,"",0.85,0.70,0.69,0.69,0.60,1.03,1.00,0.87,"",2,1.1,-57,-3.9,13,0.9,24,1.8,473707,5.0,-192236,-12.5,-11602,-29.5,29,5.6
"21145","0","10","70","0","2017","4","",2437,39711,39941,39582,435902396,43579065,997404,844,"",1.00,1.00,1.00,1.00,1.00,1.00,1.00,1.00,"",-35,-1.4,33,0.1,97,0.2,-324,-0.8,1438618,0.3,6362172,17.1,-5831,-0.6,4,0.5
"21145","1","10","71","0","2017","4","",21,550,547,549,15052318,0,0,2110,"",1.44,0.72,0.72,0.72,1.26,0.00,0.00,1.75,"",1,5.0,-17,-3.0,-23,-4.0,-14,-2.5,280946,1.9,0,0.0,0,0.0,105,5.2
"21145","2","10","71","0","2017","4","",46,1006,1017,1015,8076208,0,0,613,"",2.69,0.79,0.79,0.80,0.57,0.00,0.00,0.71,"",0,0.0,-7,-0.7,5,0.5,17,1.7,265222,3.4,0,0.0,0,0.0,17,2.9
"21145","3","10","71","0","2017","4","",23,2598,2600,2586,26403924,7653,56,783,"",0.56,0.66,0.66,0.66,0.70,0.01,0.01,1.07,"",0,0.0,18,0.7,35,1.4,7,0.3,581000,2.2,-3050,-28.5,-57,-50.4,11,1.4
"21145","5","10","71","0","2017","4","",2347,35557,35777,35432,386369946,43571412,997348,835,"",0.99,1.05,1.05,1.05,1.04,1.03,1.01,0.98,"",-36,-1.5,39,0.1,80,0.2,-334,-0.9,311450,0.1,6365222,17.1,-5774,-0.6,2,0.2
"21147","0","10","70","0","2017","4","",259,2771,2770,2736,23302275,1682000,43340,650,"",1.00,1.00,1.00,1.00,1.00,1.00,1.00,1.00,"",10,4.0,110,4.1,114,4.3,68,2.5,208133,0.9,138210,9.0,-3527,-7.5,-17,-2.5
"21147","1","10","71","0","2017","4","",11,484,476,478,7319945,0,0,1175,"",7.08,9.07,8.98,9.07,11.43,0.00,0.00,1.26,"",0,0.0,-10,-2.0,-30,-5.9,-29,-5.7,14042,0.2,0,0.0,0,0.0,56,5.0
"21147","2","10","71","0","2017","4","",9,61,61,59,543251,0,0,693,"",4.96,0.69,0.69,0.68,0.71,0.00,0.00,1.05,"",2,28.6,3,5.2,4,7.0,1,1.7,28493,5.5,0,0.0,0,0.0,6,0.9
"21147","3","10","71","0","2017","4","",12,707,711,711,5142146,33780,425,557,"",2.73,2.57,2.58,2.63,2.57,1.01,1.86,0.99,"",1,9.1,-13,-1.8,-3,-0.4,-7,-1.0,-153187,-2.9,11305,50.3,65,18.1,-11,-1.9
"21147","5","10","71","0","2017","4","",227,1519,1522,1488,10296933,1648220,42915,525,"",0.90,0.65,0.65,0.64,0.52,1.01,1.00,0.80,"",7,3.2,130,9.4,143,10.4,103,7.4,318785,3.2,126905,8.3,-3592,-7.7,-29,-5.2
"21149","0","10","70","0","2017","4","",215,2078,2016,2018,19889284,1630887,38915,751,"",1.00,1.00,1.00,1.00,1.00,1.00,1.00,1.00,"",3,1.4,-1,0.0,-6,-0.3,51,2.6,1034475,5.5,125165,8.3,449,1.2,34,4.7
"21149","1","10","71","0","2017","4","",8,32,36,31,389017,0,0,907,"",6.20,0.80,0.93,0.80,0.71,0.00,0.00,0.84,"",0,0.0,-2,-5.9,2,5.9,-4,-11.4,9067,2.4,0,0.0,0,0.0,56,6.6
"21149","2","10","71","0","2017","4","",11,73,73,73,425536,2473,15,448,"",7.30,1.09,1.13,1.13,0.66,0.12,0.29,0.58,"",0,0.0,-3,-3.9,-3,-3.9,-3,-3.9,-20758,-4.7,0,0.0,-11,-42.3,-4,-0.9
"21149","3","10","71","0","2017","4","",11,437,431,423,3028387,11727,123,541,"",3.01,2.12,2.15,2.12,1.77,0.36,0.60,0.83,"",0,0.0,12,2.8,-5,-1.1,-10,-2.3,8150,0.3,-469,-3.8,-4,-3.1,2,0.4
"21149","5","10","71","0","2017","4","",185,1536,1476,1491,16046344,1616687,38777,822,"",0.89,0.87,0.86,0.87,0.94,1.02,1.00,1.09,"",3,1.6,-8,-0.5,0,0.0,68,4.8,1038016,6.9,125634,8.4,464,1.2,42,5.4
"21151","0","10","70","0","2017","4","",2000,34087,34322,34250,342748436,28936730,696763,770,"",1.00,1.00,1.00,1.00,1.00,1.00,1.00,1.00,"",-18,-0.9,285,0.8,396,1.2,271,0.8,8389962,2.5,29943,0.1,-93283,-11.8,11,1.4
"21151","1","10","71","0","2017","4","",16,1097,1099,1104,17549447,0,0,1227,"",1.33,1.67,1.67,1.67,1.86,0.00,0.00,1.11,"",0,0.0,13,1.2,13,1.2,6,0.5,13995,0.1,0,0.0,0,0.0,-11,-0.9
"21151","2","10","71","0","2017","4","",41,3386,3372,3339,38707324,920,6,885,"",2.93,3.09,3.07,3.06,3.46,0.00,0.01,1.13,"",3,7.9,-249,-6.9,-228,-6.3,-260,-7.2,-1476916,-3.7,-30,-3.2,-4,-40.0,29,3.4
"21151","3","10","71","0","2017","4","",21,3177,3218,3223,26642624,13002,78,639,"",0.62,0.94,0.94,0.95,0.90,0.02,0.02,0.96,"",0,0.0,5,0.2,80,2.5,65,2.1,556173,2.1,7132,121.5,19,32.2,3,0.5
"21151","5","10","71","0","2017","4","",1922,26427,26633,26584,259849041,28922808,696679,753,"",0.99,0.91,0.91,0.91,0.89,1.03,1.01,0.97,"",-21,-1.1,516,2.0,531,2.0,460,1.8,9296710,3.7,22841,0.1,-93298,-11.8,13,1.8
"21153","0","10","70","0","2017","4","",202,1627,1623,1616,11955068,1014515,22314,567,"",1.00,1.00,1.00,1.00,1.00,1.00,1.00,1.00,"",-15,-6.9,0,0.0,1,0.1,-2,-0.1,226543,1.9,-83867,-7.6,-8428,-27.4,11,2.0
"21153","1","10","71","0","2017","4","",2,14,13,12,148987,0,0,882,"",1.65,0.45,0.42,0.39,0.45,0.00,0.00,1.09,"",0,0.0,1,7.7,0,0.0,-1,-7.7,6425,4.5,0,0.0,0,0.0,38,4.5
"21153","2","10","71","0","2017","4","",13,72,72,71,633538,0,0,680,"",9.18,1.38,1.38,1.38,1.62,0.00,0.00,1.18,"",1,8.3,12,20.0,10,16.1,8,12.7,110309,21.1,0,0.0,0,0.0,27,4.1
"21153","3","10","71","0","2017","4","",13,541,536,533,3947510,10803,95,566,"",3.79,3.36,3.33,3.33,3.84,0.54,0.81,1.15,"",0,0.0,-21,-3.7,-16,-2.9,-16,-2.9,-89644,-2.2,2005,22.8,-14,-12.8,6,1.1
"21153","5","10","71","0","2017","4","",174,1000,1002,1000,7225033,1003712,22219,555,"",0.89,0.72,0.73,0.73,0.71,1.02,1.00,0.97,"",-16,-8.4,8,0.8,7,0.7,7,0.7,199453,2.8,-85872,-7.9,-8414,-27.5,11,2.0
"21155","0","10","70","0","2017","4","",472,8635,8646,8775,90790003,8839723,237292,804,"",1.00,1.00,1.00,1.00,1.00,1.00,1.00,1.00,"",2,0.4,197,2.3,229,2.7,353,4.2,5700749,6.7,-26442,-0.3,-61720,-20.6,27,3.5
"21155","1","10","71","0","2017","4","",9,45,39,40,525696,0,0,978,"",3.18,0.27,0.24,0.24,0.21,0.00,0.00,0.85,"",0,0.0,4,9.8,-2,-4.9,-4,-9.1,59438,12.7,0,0.0,0,0.0,124,14.5
"21155","2","10","71","0","2017","4","",12,72,72,73,679012,0,0,722,"",3.63,0.26,0.26,0.26,0.23,0.00,0.00,0.88,"",-1,-7.7,0,0.0,-2,-2.7,-2,-2.7,10958,1.6,0,0.0,0,0.0,24,3.4
"21155","3","10","71","0","2017","4","",11,903,916,915,7398626,82548,532,624,"",1.37,1.06,1.07,1.05,0.95,0.47,0.43,0.89,"",0,0.0,91,11.2,129,16.4,133,17.0,375775,5.4,70416,580.4,381,252.3,-57,-8.4
"21155","5","10","71","0","2017","4","",440,7615,7619,7747,82186669,8757175,236760,825,"",0.96,1.04,1.04,1.04,1.06,1.02,1.00,1.02,"",3,0.7,102,1.4,104,1.4,226,3.0,5254578,6.8,-96858,-1.1,-62101,-20.8,38,4.8
"21157","0","10","70","0","2017","4","",790,10870,10837,10803,137334651,8394583,263287,975,"",1.00,1.00,1.00,1.00,1.00,1.00,1.00,1.00,"",-14,-1.7,-384,-3.4,-429,-3.8,-327,-2.9,-4189924,-3.0,-1318995,-13.6,-115351,-30.5,4,0.4
"21157","1","10","71","0","2017","4","",9,86,84,85,1398908,0,0,1266,"",1.90,0.41,0.41,0.41,0.37,0.00,0.00,0.91,"",0,0.0,-1,-1.1,-1,-1.2,0,0.0,85423,6.5,0,0.0,0,0.0,87,7.4
"21157","2","10","71","0","2017","4","",22,190,189,185,1505615,0,0,616,"",3.97,0.54,0.54,0.54,0.34,0.00,0.00,0.62,"",0,0.0,-9,-4.5,-9,-4.5,-8,-4.1,-35835,-2.3,0,0.0,0,0.0,13,2.2
"21157","3","10","71","0","2017","4","",17,1447,1441,1455,13145662,92320,856,699,"",1.27,1.34,1.34,1.36,1.11,0.56,0.62,0.83,"",-1,-5.6,-1,-0.1,-13,-0.9,-28,-1.9,346929,2.7,18606,25.2,-47,-5.2,25,3.7
"21157","5","10","71","0","2017","4","",742,9147,9123,9078,121284466,8302263,262431,1023,"",0.97,0.99,0.99,0.99,1.03,1.02,1.00,1.04,"",-13,-1.7,-373,-3.9,-406,-4.3,-291,-3.1,-4586441,-3.6,-1337601,-13.9,-115304,-30.5,1,0.1
"21159","0","10","70","0","2017","4","",211,2587,2485,2461,25866544,1775243,42116,792,"",1.00,1.00,1.00,1.00,1.00,1.00,1.00,1.00,"",-6,-2.8,67,2.7,-23,-0.9,-52,-2.1,1565529,6.4,176451,11.0,11846,39.1,48,6.5
"21159","1","10","71","0","2017","4","",6,422,409,407,6473837,0,0,1207,"",4.74,8.47,8.60,8.58,9.11,0.00,0.00,1.07,"",0,0.0,6,1.4,-1,-0.2,-2,-0.5,303813,4.9,0,0.0,0,0.0,54,4.7
"21159","2","10","71","0","2017","4","",7,53,53,53,510449,0,0,741,"",4.73,0.64,0.67,0.68,0.60,0.00,0.00,0.92,"",1,16.7,-5,-8.6,-4,-7.0,-5,-8.6,5320,1.1,0,0.0,0,0.0,67,9.9
"21159","3","10","71","0","2017","4","",13,502,513,521,3500794,30817,348,526,"",3.62,1.96,2.08,2.14,1.57,0.88,1.57,0.77,"",0,0.0,-13,-2.5,-14,-2.7,-18,-3.3,-25573,-0.7,5952,23.9,26,8.1,11,2.1
"21159","5","10","71","0","2017","4","",185,1610,1510,1480,15381464,1744426,41768,772,"",0.90,0.73,0.72,0.71,0.70,1.02,1.00,0.97,"",-7,-3.6,79,5.2,-4,-0.3,-27,-1.8,1281969,9.1,170499,10.8,11820,39.5,57,8.0
"21161","0","10","70","0","2017","4","",525,8599,8713,8728,88309489,8284047,199413,783,"",1.00,1.00,1.00,1.00,1.00,1.00,1.00,1.00,"",-11,-2.1,-23,-0.3,13,0.1,-8,-0.1,399771,0.5,-119510,-1.4,-12312,-5.8,4,0.5
"21161","1","10","71","0","2017","4","",7,50,42,42,640780,0,0,1104,"",2.22,0.30,0.25,0.25,0.26,0.00,0.00,0.99,"",0,0.0,4,8.7,-11,-20.8,-8,-16.0,-8067,-1.2,0,0.0,0,0.0,99,9.9
"21161","2","10","71","0","2017","4","",16,479,495,491,3015766,0,0,475,"",4.35,1.74,1.77,1.76,1.05,0.00,0.00,0.59,"",0,0.0,-17,-3.4,-2,-0.4,3,0.6,43495,1.5,0,0.0,0,0.0,12,2.6
"21161","3","10","71","0","2017","4","",13,792,796,790,6899478,12239,147,670,"",1.46,0.93,0.92,0.91,0.91,0.07,0.14,0.99,"",0,0.0,-12,-1.5,6,0.8,-9,-1.1,190913,2.8,10922,829.3,117,390.0,23,3.6
"21161","5","10","71","0","2017","4","",489,7278,7380,7405,77753465,8271808,199266,813,"",0.96,1.00,1.00,1.00,1.03,1.03,1.01,1.03,"",-11,-2.2,2,0.0,20,0.3,6,0.1,173430,0.2,-130432,-1.6,-12429,-5.9,1,0.1
"21163","0","10","70","0","2017","4","",414,4263,4249,4275,40856172,3319351,76512,737,"",1.00,1.00,1.00,1.00,1.00,1.00,1.00,1.00,"",-13,-3.0,87,2.1,46,1.1,52,1.2,1250093,3.2,-129896,-3.8,-17935,-19.0,12,1.7
"21163","1","10","71","0","2017","4","",8,36,36,32,421164,0,0,935,"",3.22,0.44,0.44,0.39,0.38,0.00,0.00,0.89,"",0,0.0,0,0.0,-2,-5.3,-4,-11.1,21187,5.3,0,0.0,0,0.0,96,11.4
"21163","2","10","71","0","2017","4","",14,99,97,90,834786,0,0,674,"",4.83,0.72,0.71,0.66,0.63,0.00,0.00,0.90,"",1,7.7,11,12.5,8,9.0,3,3.4,56651,7.3,0,0.0,0,0.0,-6,-0.9
"21163","3","10","71","0","2017","4","",9,1015,1016,1016,8230860,50768,596,623,"",1.28,2.40,2.41,2.40,2.34,0.77,1.48,0.97,"",0,0.0,12,1.2,1,0.1,-1,-0.1,74315,0.9,-8080,-13.7,-255,-30.0,3,0.5
"21163","5","10","71","0","2017","4","",383,3113,3100,3137,31369362,3268583,75916,774,"",0.95,0.86,0.86,0.86,0.90,1.02,1.00,1.04,"",-14,-3.5,64,2.1,39,1.3,54,1.8,1097940,3.6,-121816,-3.6,-17680,-18.9,14,1.8
"21165","0","10","70","0","2017","4","",106,968,969,953,7746364,626170,22226,619,"",1.00,1.00,1.00,1.00,1.00,1.00,1.00,1.00,"",8,8.2,53,5.8,52,5.7,59,6.6,550004,7.6,215165,52.4,5379,31.9,10,1.6
"21165","1","10","71","0","2017","4","",4,45,45,44,538222,0,0,927,"",6.29,2.42,2.43,2.40,2.53,0.00,0.00,1.05,"",0,0.0,-2,-4.3,-4,-8.2,-5,-10.2,-82969,-13.4,0,0.0,0,0.0,-62,-6.3
"21165","2","10","71","0","2017","4","",9,45,44,44,401322,0,0,696,"",12.12,1.45,1.42,1.45,1.59,0.00,0.00,1.10,"",-2,-18.2,1,2.3,0,0.0,-1,-2.2,24806,6.6,0,0.0,0,0.0,43,6.6
"21165","3","10","71","0","2017","4","",10,287,291,291,1963792,3500,25,521,"",5.55,2.99,3.02,3.09,2.95,0.28,0.21,0.97,"",0,0.0,7,2.5,1,0.3,8,2.8,31386,1.6,-6246,-64.1,-140,-84.8,-2,-0.4
"21165","5","10","71","0","2017","4","",83,591,589,574,4843028,622670,22201,637,"",0.81,0.72,0.72,0.71,0.73,1.03,1.01,1.02,"",10,13.7,47,8.6,55,10.3,57,11.0,576781,13.5,221411,55.2,5519,33.1,20,3.2
"21167","0","10","70","0","2017","4","",472,6452,6436,6236,77934113,5876387,119290,940,"",1.00,1.00,1.00,1.00,1.00,1.00,1.00,1.00,"",-5,-1.0,-145,-2.2,-78,-1.2,-198,-3.1,-2242089,-2.8,1047868,21.7,-46376,-28.0,-7,-0.7
"21167","1","10","71","0","2017","4","",5,45,46,40,595923,0,0,1050,"",1.77,0.36,0.37,0.33,0.28,0.00,0.00,0.78,"",0,0.0,-1,-2.2,-1,-2.1,-7,-14.9,3228,0.5,0,0.0,0,0.0,73,7.5
"21167","2","10","71","0","2017","4","",16,86,89,74,764645,0,0,709,"",4.84,0.42,0.43,0.37,0.30,0.00,0.00,0.74,"",1,6.7,-6,-6.5,-5,-5.3,-4,-5.1,-17360,-2.2,0,0.0,0,0.0,25,3.7
"21167","3","10","71","0","2017","4","",15,803,794,794,6777701,2792,51,654,"",1.87,1.26,1.24,1.29,1.01,0.02,0.08,0.80,"",0,0.0,1,0.1,-9,-1.1,-2,-0.3,98778,1.5,-358,-11.4,-108,-67.9,12,1.9
"21167","5","10","71","0","2017","4","",436,5518,5507,5328,69795844,5873595,119239,985,"",0.95,1.01,1.01,1.01,1.05,1.03,1.01,1.04,"",-6,-1.4,-139,-2.5,-63,-1.1,-185,-3.4,-2326735,-3.2,1048226,21.7,-46268,-28.0,-9,-0.9
"21169","0","10","70","0","2017","4","",182,1851,1838,1865,16131854,904888,26653,670,"",1.00,1.00,1.00,1.00,1.00,1.00,1.00,1.00,"",-4,-2.2,-56,-2.9,-39,-2.1,-14,-0.7,341615,2.2,-270968,-23.0,-19327,-42.0,27,4.2
"21169","1","10","71","0","2017","4","",4,22,22,21,218818,0,0,777,"",3.66,0.62,0.63,0.58,0.49,0.00,0.00,0.81,"",0,0.0,2,10.0,2,10.0,-1,-4.5,-5402,-2.4,0,0.0,0,0.0,-58,-6.9
"21169","2","10","71","0","2017","4","",8,40,40,41,364836,0,0,696,"",6.27,0.67,0.68,0.69,0.69,0.00,0.00,1.02,"",0,0.0,2,5.3,1,2.6,1,2.5,23674,6.9,0,0.0,0,0.0,23,3.4
"21169","3","10","71","0","2017","4","",12,441,443,445,3476606,10563,93,604,"",3.88,2.40,2.43,2.41,2.51,0.59,0.66,1.04,"",-1,-7.7,-14,-3.1,-10,-2.2,-6,-1.3,16671,0.5,4987,89.4,32,52.5,16,2.7
"21169","5","10","71","0","2017","4","",158,1348,1333,1358,12071594,894325,26560,690,"",0.89,0.86,0.85,0.86,0.88,1.02,1.00,1.02,"",-3,-1.9,-46,-3.3,-32,-2.3,-8,-0.6,306672,2.6,-275955,-23.6,-19359,-42.2,32,4.9
"21171","0","10","70","0","2017","4","",273,3361,3381,3398,27612599,2770705,66073,628,"",1.00,1.00,1.00,1.00,1.00,1.00,1.00,1.00,"",4,1.5,117,3.6,113,3.5,122,3.7,1743090,6.7,252246,10.0,-11103,-14.4,18,3.0
"21171","1","10","71","0","2017","4","",5,22,25,20,274771,0,0,946,"",3.05,0.34,0.39,0.31,0.36,0.00,0.00,1.05,"",0,0.0,-5,-18.5,-1,-3.8,-6,-23.1,-19919,-6.8,0,0.0,0,0.0,85,9.9
"21171","2","10","71","0","2017","4","",15,80,80,76,765975,0,0,749,"",7.84,0.74,0.74,0.70,0.85,0.00,0.00,1.17,"",0,0.0,2,2.6,3,3.9,-2,-2.6,51392,7.2,0,0.0,0,0.0,41,5.8
"21171","3","10","71","0","2017","4","",15,581,589,589,3808389,57336,1229,500,"",3.23,1.74,1.75,1.75,1.60,1.05,3.53,0.92,"",0,0.0,20,3.6,27,4.8,22,3.9,46826,1.2,-30752,-34.9,-1565,-56.0,-14,-2.7
"21171","5","10","71","0","2017","4","",238,2678,2687,2713,22763464,2713369,64844,650,"",0.90,0.94,0.94,0.94,0.97,1.01,0.99,1.03,"",4,1.7,100,3.9,84,3.2,108,4.1,1664791,7.9,282998,11.6,-9538,-12.8,25,4.0
"21173","0","10","70","0","2017","4","",683,10485,10545,10502,102833315,8292718,240597,753,"",1.00,1.00,1.00,1.00,1.00,1.00,1.00,1.00,"",-15,-2.1,-625,-5.6,-518,-4.7,-410,-3.8,-561882,-0.5,113469,1.4,12567,5.5,32,4.4
"21173","1","10","71","0","2017","4","",6,69,67,74,1031872,0,0,1134,"",1.46,0.34,0.33,0.37,0.37,0.00,0.00,1.05,"",0,0.0,-2,-2.8,-5,-6.9,0,0.0,7041,0.7,0,0.0,0,0.0,44,4.0
"21173","2","10","71","0","2017","4","",18,112,110,107,1048870,0,0,736,"",3.76,0.33,0.33,0.32,0.31,0.00,0.00,0.96,"",-1,-5.3,6,5.7,6,5.8,4,3.9,79754,8.2,0,0.0,0,0.0,21,2.9
"21173","3","10","71","0","2017","4","",24,1127,1144,1143,9881955,24493,251,668,"",2.07,1.08,1.09,1.10,1.12,0.15,0.20,1.02,"",0,0.0,-6,-0.5,-6,-0.5,-23,-2.0,18321,0.2,-11468,-31.9,-157,-38.5,8,1.2
"21173","5","10","71","0","2017","4","",635,9177,9224,9178,90870618,8268225,240346,760,"",0.96,1.03,1.03,1.03,1.03,1.03,1.01,1.00,"",-14,-2.2,-623,-6.4,-513,-5.3,-391,-4.1,-666998,-0.7,124937,1.5,12724,5.6,34,4.7
"21175","0","10","70","0","2017","4","",220,2910,2909,2906,24990880,1552863,52391,661,"",1.00,1.00,1.00,1.00,1.00,1.00,1.00,1.00,"",0,0.0,-101,-3.4,-75,-2.5,-77,-2.6,-792069,-3.1,-240870,-13.4,-6043,-10.3,-2,-0.3
"21175","1","10","71","0","2017","4","",9,32,32,28,323245,0,0,811,"",6.82,0.57,0.57,0.50,0.47,0.00,0.00,0.86,"",0,0.0,5,18.5,6,23.1,-4,-12.5,12902,4.2,0,0.0,0,0.0,-32,-3.8
"21175","2","10","71","0","2017","4","",19,503,516,509,5151809,0,0,778,"",12.33,5.38,5.54,5.49,6.31,0.00,0.00,1.15,"",-3,-13.6,-5,-1.0,14,2.8,5,1.0,192918,3.9,0,0.0,0,0.0,22,2.9
"21175","3","10","71","0","2017","4","",14,507,510,508,3753319,5482,91,568,"",3.74,1.76,1.77,1.77,1.75,0.18,0.33,0.99,"",0,0.0,5,1.0,3,0.6,3,0.6,11728,0.3,1369,33.3,17,23.0,-2,-0.4
"21175","5","10","71","0","2017","4","",178,1868,1851,1861,15762507,1547381,52300,652,"",0.83,0.76,0.75,0.75,0.74,1.03,1.00,0.98,"",3,1.7,-106,-5.4,-98,-5.0,-81,-4.2,-1009617,-6.0,-242239,-13.5,-6060,-10.4,-8,-1.2
"21177","0","10","70","0","2017","4","",624,9041,9116,8785,105547796,8762486,402883,904,"",1.00,1.00,1.00,1.00,1.00,1.00,1.00,1.00,"",-11,-1.7,137,1.5,244,2.8,56,0.6,7294565,7.4,1711286,24.3,154050,61.9,49,5.7
"21177","1","10","71","0","2017","4","",15,394,390,390,12530853,0,0,2463,"",4.01,2.26,2.24,2.30,4.32,0.00,0.00,1.91,"",0,0.0,-67,-14.5,-65,-14.3,-61,-13.5,-990034,-7.3,0,0.0,0,0.0,180,7.9
"21177","2","10","71","0","2017","4","",26,399,396,394,3836139,0,0,745,"",5.95,1.37,1.36,1.41,1.11,0.00,0.00,0.81,"",1,4.0,-11,-2.7,-8,-2.0,-15,-3.7,81022,2.2,0,0.0,0,0.0,36,5.1
"21177","3","10","71","0","2017","4","",18,1313,1341,1324,10307320,45686,1137,598,"",1.70,1.47,1.48,1.52,1.14,0.26,0.54,0.76,"",0,0.0,4,0.3,16,1.2,-1,-0.1,304274,3.0,15981,53.8,297,35.4,15,2.6
"21177","5","10","71","0","2017","4","",565,6935,6989,6677,78873484,8716800,401746,884,"",0.93,0.90,0.90,0.89,0.88,1.03,1.00,0.97,"",-12,-2.1,211,3.1,301,4.5,133,2.0,7899303,11.1,1695305,24.1,153753,62.0,63,7.7
"21179","0","10","70","0","2017","4","",1187,16001,16159,16214,170103124,16896429,423494,811,"",1.00,1.00,1.00,1.00,1.00,1.00,1.00,1.00,"",-11,-0.9,347,2.2,257,1.6,299,1.9,11407079,7.2,1142841,7.3,-39816,-8.6,40,5.2
"21179","1","10","71","0","2017","4","",13,85,82,85,1056238,0,0,967,"",1.83,0.28,0.27,0.27,0.23,0.00,0.00,0.83,"",-1,-7.1,2,2.4,2,2.5,3,3.7,50365,5.0,0,0.0,0,0.0,20,2.1
"21179","2","10","71","0","2017","4","",24,155,152,152,1328788,0,0,668,"",2.89,0.30,0.29,0.29,0.24,0.00,0.00,0.81,"",3,14.3,5,3.3,4,2.7,5,3.4,64609,5.1,0,0.0,0,0.0,12,1.8
"21179","3","10","71","0","2017","4","",18,1696,1761,1702,15022437,58457,1245,672,"",0.89,1.07,1.10,1.06,1.03,0.17,0.56,0.96,"",0,0.0,13,0.8,29,1.7,-67,-3.8,-323084,-2.1,22661,63.3,279,28.9,-11,-1.6
"21179","5","10","71","0","2017","4","",1132,14065,14164,14275,152695661,16837972,422249,829,"",0.98,1.03,1.03,1.04,1.05,1.03,1.00,1.02,"",-13,-1.1,327,2.4,222,1.6,358,2.6,11615189,8.2,1120180,7.1,-40095,-8.7,46,5.9
"21181","0","10","70","0","2017","4","",98,819,842,874,6287884,660665,18320,572,"",1.00,1.00,1.00,1.00,1.00,1.00,1.00,1.00,"",-7,-6.7,-8,-1.0,21,2.6,37,4.4,147967,2.4,146142,28.4,-1388,-7.0,2,0.4
"21181","1","10","71","0","2017","4","",1,14,15,12,174286,0,0,981,"",1.70,0.89,0.93,0.71,1.01,0.00,0.00,1.20,"",0,0.0,-1,-6.7,1,7.1,-4,-25.0,-9338,-5.1,0,0.0,0,0.0,39,4.1
"21181","2","10","71","0","2017","4","",8,37,38,38,340814,0,0,696,"",11.65,1.41,1.41,1.36,1.66,0.00,0.00,1.19,"",0,0.0,-4,-9.8,-4,-9.5,-4,-9.5,-6228,-1.8,0,0.0,0,0.0,55,8.6
"21181","3","10","71","0","2017","4","",7,277,284,297,2127796,0,0,572,"",4.20,3.41,3.40,3.43,3.94,0.00,0.00,1.15,"",0,0.0,-2,-0.7,-5,-1.7,10,3.5,-14732,-0.7,-2541,-100.0,-25,-100.0,-6,-1.0
"21181","5","10","71","0","2017","4","",82,491,505,527,3644988,660665,18320,552,"",0.86,0.71,0.71,0.71,0.68,1.03,1.01,0.96,"",-7,-7.9,-1,-0.2,29,6.1,35,7.1,178265,5.1,148683,29.0,-1363,-6.9,4,0.7
"21183","0","10","70","0","2017","4","",420,7537,7490,7518,64466801,6122941,143965,660,"",1.00,1.00,1.00,1.00,1.00,1.00,1.00,1.00,"",-3,-0.7,27,0.4,-31,-0.4,47,0.6,187763,0.3,-320861,-5.0,-22743,-13.6,1,0.2
"21183","1","10","71","0","2017","4","",13,85,83,86,1132717,0,0,1029,"",5.16,0.59,0.58,0.59,0.64,0.00,0.00,1.09,"",0,0.0,3,3.7,-1,-1.2,1,1.2,-6719,-0.6,0,0.0,0,0.0,-19,-1.8
"21183","2","10","71","0","2017","4","",11,84,87,90,816365,0,0,722,"",3.74,0.35,0.36,0.38,0.39,0.00,0.00,1.07,"",0,0.0,-3,-3.4,-1,-1.1,1,1.1,12965,1.6,0,0.0,0,0.0,20,2.8
"21183","3","10","71","0","2017","4","",15,1416,1435,1430,13033218,47007,1114,703,"",2.10,1.90,1.93,1.92,2.35,0.39,1.47,1.23,"",0,0.0,1,0.1,8,0.6,17,1.2,-178693,-1.4,-15825,-25.2,157,16.4,-14,-2.0
"21183","5","10","71","0","2017","4","",381,5952,5885,5912,49484501,6075934,142851,643,"",0.94,0.93,0.92,0.93,0.90,1.03,1.00,0.97,"",-3,-0.8,26,0.4,-37,-0.6,28,0.5,360210,0.7,-305036,-4.8,-22900,-13.8,4,0.6
"21185","0","10","70","0","2017","4","",1590,15982,16072,16034,184316903,12537615,281447,885,"",1.00,1.00,1.00,1.00,1.00,1.00,1.00,1.00,"",-20,-1.2,-69,-0.4,17,0.1,-91,-0.6,9050862,5.2,-1241546,-9.0,-126839,-31.1,46,5.5
"21185","1","10","71","0","2017","4","",6,70,73,70,1058097,0,0,1146,"",0.63,0.23,0.24,0.23,0.21,0.00,0.00,0.91,"",0,0.0,1,1.4,-1,-1.4,-1,-1.4,-39159,-3.6,0,0.0,0,0.0,-37,-3.1
"21185","2","10","71","0","2017","4","",28,970,973,957,10880878,0,0,866,"",2.51,1.89,1.89,1.87,1.81,0.00,0.00,0.96,"",1,3.7,-25,-2.5,-47,-4.6,-38,-3.8,-214373,-1.9,0,0.0,0,0.0,15,1.8
"21185","3","10","71","0","2017","4","",18,2431,2504,2472,23903389,137413,1216,745,"",0.67,1.54,1.57,1.56,1.51,0.55,0.82,0.97,"",-1,-5.3,35,1.5,75,3.1,82,3.4,769189,3.3,-18036,-11.6,-474,-28.0,5,0.7
"21185","5","10","71","0","2017","4","",1538,12511,12522,12535,148474539,12400202,280231,912,"",1.00,0.92,0.92,0.92,0.94,1.02,1.00,1.02,"",-20,-1.3,-80,-0.6,-10,-0.1,-134,-1.1,8535205,6.1,-1223510,-9.0,-126365,-31.1,57,6.7
"21187","0","10","70","0","2017","4","",127,1680,1642,1577,15492934,1078367,24403,730,"",1.00,1.00,1.00,1.00,1.00,1.00,1.00,1.00,"",-1,-0.8,-106,-5.9,-76,-4.4,-74,-4.5,147768,1.0,146102,15.7,862,3.7,43,6.3
"21187","1","10","71","0","2017","4","",5,23,21,21,265987,0,0,944,"",6.56,0.71,0.67,0.69,0.62,0.00,0.00,0.90,"",0,0.0,4,21.1,0,0.0,0,0.0,31884,13.6,0,0.0,0,0.0,58,6.5
"21187","2","10","71","0","2017","4","",7,52,53,52,526069,0,0,773,"",7.87,0.96,1.01,1.03,1.04,0.00,0.00,1.04,"",0,0.0,-1,-1.9,0,0.0,-1,-1.9,32210,6.5,0,0.0,0,0.0,56,7.8
"21187","3","10","71","0","2017","4","",10,434,435,434,3503276,12535,189,620,"",4.63,2.61,2.67,2.78,2.63,0.59,1.47,0.98,"",0,0.0,11,2.6,7,1.6,11,2.6,516794,17.3,7145,132.6,135,250.0,79,14.6
"21187","5","10","71","0","2017","4","",105,1171,1133,1070,11197602,1065832,24214,766,"",0.85,0.82,0.81,0.80,0.85,1.02,1.00,1.04,"",-1,-0.9,-120,-9.3,-83,-6.8,-84,-7.3,-433120,-3.7,138957,15.0,727,3.1,33,4.5
"21189","0","10","70","0","2017","4","",93,686,680,674,4900125,550883,18385,554,"",1.00,1.00,1.00,1.00,1.00,1.00,1.00,1.00,"",6,6.9,9,1.3,8,1.2,12,1.8,439934,9.9,226940,70.1,10986,148.5,42,8.2
"21189","1","10","71","0","2017","4","",2,9,9,9,107700,0,0,921,"",3.59,0.68,0.69,0.69,0.80,0.00,0.00,1.16,"",0,0.0,0,0.0,0,0.0,0,0.0,2886,2.8,0,0.0,0,0.0,25,2.8
"21189","2","10","71","0","2017","4","",9,40,40,41,373291,0,0,712,"",13.81,1.82,1.84,1.91,2.33,0.00,0.00,1.26,"",1,12.5,8,25.0,7,21.2,6,17.1,66104,21.5,0,0.0,0,0.0,3,0.4
"21189","3","10","71","0","2017","4","",8,260,259,256,1730366,9554,73,515,"",5.06,3.83,3.84,3.84,4.11,0.88,0.75,1.07,"",0,0.0,5,2.0,6,2.4,3,1.2,26236,1.5,-3190,-25.0,-99,-57.6,-2,-0.4
"21189","5","10","71","0","2017","4","",74,377,372,368,2688768,541329,18312,555,"",0.82,0.65,0.64,0.64,0.64,1.02,1.00,1.00,"",5,7.2,-4,-1.0,-5,-1.3,3,0.8,344708,14.7,230130,73.9,11085,153.4,73,15.1
"21191","0","10","70","0","2017","4","",221,2472,2447,2413,23865925,1738581,36643,751,"",1.00,1.00,1.00,1.00,1.00,1.00,1.00,1.00,"",5,2.3,135,5.8,145,6.3,97,4.2,1134490,5.0,212242,13.9,-4547,-11.0,-3,-0.4
"21191","1","10","71","0","2017","4","",4,28,29,27,349057,0,0,959,"",3.02,0.59,0.62,0.58,0.53,0.00,0.00,0.89,"",0,0.0,2,7.7,3,11.5,-3,-10.0,6625,1.9,0,0.0,0,0.0,-5,-0.5
"21191","2","10","71","0","2017","4","",14,77,74,68,685054,2245,18,722,"",9.04,0.97,0.94,0.88,0.88,0.10,0.37,0.94,"",0,0.0,13,20.3,12,19.4,7,11.5,114949,20.2,0,0.0,-6,-25.0,18,2.6
"21191","3","10","71","0","2017","4","",12,561,581,571,4446365,21070,567,599,"",3.19,2.29,2.39,2.39,2.17,0.61,2.94,0.92,"",0,0.0,-16,-2.8,1,0.2,-16,-2.7,17692,0.4,-9948,-32.1,-457,-44.6,13,2.2
"21191","5","10","71","0","2017","4","",191,1806,1763,1747,18385449,1715266,36058,798,"",0.89,0.86,0.85,0.85,0.90,1.02,0.99,1.06,"",5,2.7,136,8.1,129,7.9,109,6.7,995224,5.7,222190,14.9,-4084,-10.2,-14,-1.7
"21193","0","10","70","0","2017","4","",835,11407,11556,11372,111999579,8168568,235261,753,"",1.00,1.00,1.00,1.00,1.00,1.00,1.00,1.00,"",-22,-2.6,300,2.7,341,3.0,1,0.0,2055508,1.9,-584261,-6.7,-72589,-23.6,0,0.0
"21193","1","10","71","0","2017","4","",25,141,141,139,2237559,0,0,1227,"",4.99,0.64,0.64,0.63,0.73,0.00,0.00,1.14,"",0,0.0,13,10.2,11,8.5,8,6.1,269108,13.7,0,0.0,0,0.0,59,5.1
"21193","2","10","71","0","2017","4","",45,974,981,979,7646039,12773,204,601,"",7.69,2.66,2.65,2.70,2.09,0.12,0.66,0.78,"",0,0.0,-4,-0.4,2,0.2,-29,-2.9,-152456,-2.0,3465,37.2,-10,-4.7,-6,-1.0
"21193","3","10","71","0","2017","4","",15,1302,1307,1335,10696506,32334,791,626,"",1.06,1.15,1.14,1.19,1.11,0.20,0.64,0.96,"",0,0.0,-61,-4.5,-50,-3.7,-54,-3.9,214429,2.0,-22985,-41.5,-924,-53.9,37,6.3
"21193","5","10","71","0","2017","4","",750,8990,9127,8919,91419475,8123461,234266,780,"",0.93,0.93,0.93,0.92,0.96,1.03,1.00,1.03,"",-22,-2.8,352,4.1,378,4.3,76,0.9,1724427,1.9,-564741,-6.5,-71655,-23.4,-9,-1.1
"21195","0","10","70","0","2017","4","",1541,21171,21190,20916,233276251,16202688,426825,851,"",1.00,1.00,1.00,1.00,1.00,1.00,1.00,1.00,"",-78,-4.8,418,2.0,187,0.9,32,0.2,2655504,1.2,-28142,-0.2,-96141,-18.4,1,0.1
"21195","1","10","71","0","2017","4","",38,201,201,200,3297192,0,0,1264,"",4.11,0.49,0.50,0.50,0.51,0.00,0.00,1.04,"",-1,-2.6,-3,-1.5,-2,-1.0,-1,-0.5,-39103,-1.2,0,0.0,0,0.0,-2,-0.2
"21195","2","10","71","0","2017","4","",35,538,538,535,5839908,0,0,837,"",3.24,0.79,0.79,0.80,0.77,0.00,0.00,0.96,"",-1,-2.8,-8,-1.5,-9,-1.6,-12,-2.2,93307,1.6,0,0.0,0,0.0,28,3.5
"21195","3","10","71","0","2017","4","",17,2435,2415,2424,19890086,57670,1005,631,"",0.65,1.16,1.15,1.17,0.99,0.18,0.45,0.85,"",0,0.0,-34,-1.4,-50,-2.0,-2,-0.1,-1658346,-7.7,-18142,-23.9,-1432,-58.8,-45,-6.7
"21195","5","10","71","0","2017","4","",1451,17997,18036,17757,204249065,16145018,425820,876,"",0.97,1.00,1.00,1.00,1.03,1.03,1.00,1.02,"",-76,-5.0,463,2.6,248,1.4,47,0.3,4259646,2.1,-10000,-0.1,-94709,-18.2,6,0.7
"21197","0","10","70","0","2017","4","",237,2639,2608,2558,20426698,2307589,50184,604,"",1.00,1.00,1.00,1.00,1.00,1.00,1.00,1.00,"",-1,-0.4,27,1.0,3,0.1,-41,-1.6,719421,3.7,312023,15.6,-4005,-7.4,22,3.8
"21197","1","10","71","0","2017","4","",3,36,33,33,431071,0,0,975,"",2.11,0.71,0.66,0.67,0.77,0.00,0.00,1.13,"",0,0.0,1,2.9,0,0.0,4,13.8,30269,7.6,0,0.0,0,0.0,21,2.2
"21197","2","10","71","0","2017","4","",16,126,121,122,1032907,0,0,646,"",9.63,1.49,1.45,1.50,1.55,0.00,0.00,1.05,"",0,0.0,1,0.8,-3,-2.4,0,0.0,-73596,-6.7,0,0.0,0,0.0,-42,-6.1
"21197","3","10","71","0","2017","4","",10,629,630,631,4502595,75975,880,550,"",2.48,2.41,2.43,2.49,2.56,1.66,3.33,1.05,"",0,0.0,-37,-5.6,-39,-5.8,-32,-4.8,-17148,-0.4,56888,298.0,639,265.1,28,5.4
"21197","5","10","71","0","2017","4","",208,1848,1824,1772,14460125,2231614,49304,613,"",0.90,0.82,0.82,0.82,0.83,1.00,0.99,1.01,"",-1,-0.5,62,3.5,45,2.5,-13,-0.7,779896,5.7,255135,12.9,-4644,-8.6,23,3.9
"21199","0","10","70","0","2017","4","",1687,25609,25496,25175,231284448,25880988,601078,700,"",1.00,1.00,1.00,1.00,1.00,1.00,1.00,1.00,"",-23,-1.3,-449,-1.7,-443,-1.7,-330,-1.3,-2271055,-1.0,2427902,10.4,-21801,-3.5,5,0.7
"21199","1","10","71","0","2017","4","",14,193,193,188,2954070,0,0,1188,"",1.38,0.39,0.40,0.39,0.46,0.00,0.00,1.19,"",0,0.0,4,2.1,5,2.7,-2,-1.1,42081,1.4,0,0.0,0,0.0,3,0.3
"21199","2","10","71","0","2017","4","",47,958,965,958,8694963,0,0,696,"",3.98,1.17,1.18,1.19,1.15,0.00,0.00,0.97,"",-1,-2.1,6,0.6,5,0.5,9,0.9,296894,3.5,0,0.0,0,0.0,19,2.8
"21199","3","10","71","0","2017","4","",32,2670,2722,2669,21525127,91981,1274,616,"",1.12,1.05,1.08,1.07,1.08,0.18,0.40,1.01,"",0,0.0,-49,-1.8,-63,-2.3,39,1.5,866442,4.2,41935,83.8,-95,-6.9,30,5.1
"21199","5","10","71","0","2017","4","",1594,21788,21616,21360,198110288,25789007,599804,706,"",0.97,1.00,1.00,1.00,1.00,1.03,1.00,1.00,"",-22,-1.4,-410,-1.8,-390,-1.8,-376,-1.7,-3476472,-1.7,2385967,10.2,-21706,-3.5,1,0.1
"21201","0","10","70","0","2017","4","",54,322,321,317,2117585,204120,5590,509,"",1.00,1.00,1.00,1.00,1.00,1.00,1.00,1.00,"",0,0.0,1,0.3,-1,-0.3,2,0.6,153433,7.8,-131975,-39.3,-1188,-17.5,36,7.6
"21201","1","10","71","0","2017","4","",1,1,1,1,15607,0,0,1201,"",3.09,0.16,0.16,0.16,0.27,0.00,0.00,1.65,"",0,0.0,0,0.0,0,0.0,0,0.0,1538,10.9,0,0.0,0,0.0,119,11.0
"21201","2","10","71","0","2017","4","",10,46,46,46,341728,0,0,571,"",26.43,4.45,4.47,4.55,4.94,0.00,0.00,1.10,"",1,11.1,-5,-9.8,-6,-11.5,-4,-8.0,-15021,-4.2,0,0.0,0,0.0,33,6.1
"21201","3","10","71","0","2017","4","N",5,0,0,0,0,0,0,0,"N",5.45,0,0,0,0,0,0,0,"N",0,0.0,0,0,0,0,0,0,0,0,0,0,0,0,0,0
"21201","5","10","71","0","2017","4","N",38,0,0,0,0,0,0,0,"N",0.73,0,0,0,0,0,0,0,"N",-1,-2.6,0,0,0,0,0,0,0,0,0,0,0,0,0,0
"21203","0","10","70","0","2017","4","",250,3909,3935,3911,34824028,3562921,113223,684,"",1.00,1.00,1.00,1.00,1.00,1.00,1.00,1.00,"",7,2.9,163,4.4,226,6.1,203,5.5,2441922,7.5,-832556,-18.9,-71275,-38.6,15,2.2
"21203","1","10","71","0","2017","4","",7,35,29,30,368763,0,0,905,"",4.67,0.47,0.39,0.40,0.39,0.00,0.00,0.93,"",0,0.0,2,6.1,-6,-17.1,-3,-9.1,15494,4.4,0,0.0,0,0.0,98,12.1
"21203","2","10","71","0","2017","4","",14,87,88,88,757884,6906,127,665,"",7.99,0.69,0.70,0.71,0.67,0.15,0.85,0.95,"",0,0.0,7,8.8,7,8.6,3,3.5,79946,11.8,-2307,-25.0,-67,-34.5,29,4.6
"21203","3","10","71","0","2017","4","",11,742,756,745,5554095,3365,30,571,"",2.59,1.92,1.93,1.92,1.85,0.05,0.05,0.96,"",0,0.0,-15,-2.0,7,0.9,7,0.9,91348,1.7,-4875,-59.2,-61,-67.0,9,1.6
"21203","5","10","71","0","2017","4","",218,3045,3062,3048,28143286,3552650,113066,709,"",0.90,0.92,0.92,0.92,0.95,1.03,1.01,1.03,"",7,3.3,169,5.9,218,7.7,196,6.9,2255134,8.7,-825374,-18.9,-71147,-38.6,12,1.7
"21205","0","10","70","0","2017","4","",583,10434,10451,10369,87860246,7029282,147372,649,"",1.00,1.00,1.00,1.00,1.00,1.00,1.00,1.00,"",-21,-3.5,118,1.1,-49,-0.5,-39,-0.4,1132045,1.3,-197925,-2.7,-53542,-26.6,8,1.2
"21205","1","10","71","0","2017","4","",9,87,88,86,1381990,0,0,1222,"",2.57,0.43,0.44,0.43,0.57,0.00,0.00,1.32,"",0,0.0,3,3.6,4,4.8,0,0.0,51859,3.9,0,0.0,0,0.0,14,1.2
"21205","2","10","71","0","2017","4","",35,1787,1790,1762,17422423,0,0,753,"",8.57,5.34,5.35,5.33,6.07,0.00,0.00,1.14,"",0,0.0,122,7.3,-13,-0.7,-36,-2.0,-12020,-0.1,0,0.0,0,0.0,-11,-1.4
"21205","3","10","71","0","2017","4","",18,967,973,966,7427022,52505,593,590,"",1.82,0.94,0.94,0.94,0.98,0.38,0.76,1.05,"",0,0.0,-20,-2.0,-8,-0.8,-17,-1.7,285724,4.0,-17061,-24.5,-427,-41.9,32,5.7
"21205","5","10","71","0","2017","4","",521,7593,7600,7555,61628811,6976777,146779,625,"",0.92,0.86,0.86,0.86,0.82,1.03,1.00,0.96,"",-21,-3.9,13,0.2,-32,-0.4,14,0.2,806482,1.3,-180864,-2.5,-53115,-26.6,8,1.3
"21207","0","10","70","0","2017","4","",410,5723,5735,5693,45471603,5463387,165622,612,"",1.00,1.00,1.00,1.00,1.00,1.00,1.00,1.00,"",-2,-0.5,66,1.2,90,1.6,88,1.6,2745787,6.4,316066,6.1,6805,4.3,29,5.0
"21207","1","10","71","0","2017","4","",4,61,62,64,1044539,0,0,1289,"",1.63,0.55,0.56,0.58,0.84,0.00,0.00,1.47,"",0,0.0,-3,-4.7,-2,-3.1,1,1.6,82350,8.6,0,0.0,0,0.0,126,10.8
"21207","2","10","71","0","2017","4","",16,143,137,136,1208467,0,0,670,"",5.57,0.78,0.75,0.75,0.81,0.00,0.00,1.07,"",0,0.0,4,2.9,-3,-2.1,-4,-2.9,59521,5.2,0,0.0,0,0.0,37,5.8
"21207","3","10","71","0","2017","4","",11,897,922,897,6756949,117531,1180,574,"",1.58,1.58,1.62,1.59,1.73,1.09,1.35,1.08,"",0,0.0,-5,-0.6,-4,-0.4,-16,-1.8,717095,11.9,53293,83.0,381,47.7,65,12.8
"21207","5","10","71","0","2017","4","",379,4622,4614,4596,36461648,5345856,164442,608,"",0.95,0.95,0.95,0.95,0.94,1.01,1.00,0.99,"",-2,-0.5,70,1.5,99,2.2,107,2.4,1886821,5.5,262773,5.2,6424,4.1,19,3.2
"21209","0","10","70","0","2017","4","",1214,26794,26870,26688,366558788,24201669,679431,1053,"",1.00,1.00,1.00,1.00,1.00,1.00,1.00,1.00,"",-1,-0.1,366,1.4,248,0.9,31,0.1,19263400,5.5,-3142422,-11.5,-139512,-17.0,48,4.8
"21209","1","10","71","0","2017","4","",4,59,58,60,1015439,0,0,1324,"",0.55,0.11,0.11,0.12,0.10,0.00,0.00,0.88,"",0,0.0,3,5.4,-2,-3.3,2,3.4,28936,2.9,0,0.0,0,0.0,16,1.2
"21209","2","10","71","0","2017","4","",19,141,140,139,1328688,0,0,730,"",2.23,0.16,0.16,0.16,0.11,0.00,0.00,0.68,"",1,5.6,6,4.4,6,4.5,7,5.3,44070,3.4,0,0.0,0,0.0,-9,-1.2
"21209","3","10","71","0","2017","4","",19,2154,2185,2129,19556403,131740,1186,698,"",0.92,0.81,0.82,0.81,0.62,0.27,0.33,0.76,"",0,0.0,63,3.0,86,4.1,5,0.2,666957,3.5,-2482,-1.8,-290,-19.6,8,1.2
"21209","5","10","71","0","2017","4","",1172,24440,24487,24360,344658258,24069929,678245,1085,"",1.00,1.07,1.07,1.07,1.10,1.03,1.00,1.02,"",-2,-0.2,294,1.2,158,0.6,17,0.1,18523437,5.7,-3139940,-11.5,-139222,-17.0,51,4.9
"21211","0","10","70","0","2017","4","",1161,17248,17312,17363,171344444,17105329,425759,762,"",1.00,1.00,1.00,1.00,1.00,1.00,1.00,1.00,"",11,1.0,794,4.8,844,5.1,870,5.3,9198570,5.7,-239781,-1.4,-80936,-16.0,5,0.7
"21211","1","10","71","0","2017","4","",8,74,74,74,1145549,0,0,1191,"",1.15,0.22,0.22,0.22,0.24,0.00,0.00,1.09,"",-1,-11.1,6,8.8,4,5.7,-3,-3.9,61017,5.6,0,0.0,0,0.0,27,2.3
"21211","2","10","71","0","2017","4","",32,410,419,417,3810682,0,0,706,"",3.93,0.74,0.76,0.75,0.68,0.00,0.00,0.91,"",0,0.0,29,7.6,40,10.6,39,10.3,204663,5.7,0,0.0,0,0.0,-25,-3.4
"21211","3","10","71","0","2017","4","",15,1945,1938,2009,16364158,323828,3303,641,"",0.76,1.14,1.13,1.17,1.11,0.96,1.47,0.97,"",0,0.0,31,1.6,8,0.4,43,2.2,120279,0.7,-40644,-11.2,-4669,-58.6,-4,-0.6
"21211","5","10","71","0","2017","4","",1106,14819,14881,14863,150024055,16781501,422456,777,"",0.98,1.01,1.01,1.01,1.03,1.01,1.00,1.01,"",12,1.1,728,5.2,792,5.6,791,5.6,8812611,6.2,-199137,-1.2,-76267,-15.3,6,0.8
"21213","0","10","70","0","2017","4","",483,8892,9043,9079,90764361,10065203,248468,775,"",1.00,1.00,1.00,1.00,1.00,1.00,1.00,1.00,"",-8,-1.6,169,1.9,374,4.3,360,4.1,7264983,8.7,1771466,21.4,8648,3.6,37,5.0
"21213","1","10","71","0","2017","4","",2,33,34,35,467794,0,0,1058,"",0.69,0.19,0.20,0.20,0.19,0.00,0.00,0.95,"",0,0.0,0,0.0,2,6.2,-3,-7.9,19981,4.5,0,0.0,0,0.0,55,5.5
"21213","2","10","71","0","2017","4","",14,78,76,76,663703,0,0,666,"",4.14,0.27,0.26,0.26,0.22,0.00,0.00,0.84,"",-1,-6.7,2,2.6,1,1.3,2,2.7,22797,3.6,0,0.0,0,0.0,9,1.4
"21213","3","10","71","0","2017","4","",14,790,807,800,6882888,1377,43,663,"",1.71,0.90,0.90,0.89,0.88,0.01,0.03,0.99,"",0,0.0,-17,-2.1,-14,-1.7,-22,-2.7,30943,0.5,-3132,-69.5,-247,-85.2,18,2.8
"21213","5","10","71","0","2017","4","",453,7991,8126,8168,82749976,10063826,248425,786,"",0.97,1.06,1.06,1.06,1.07,1.03,1.01,1.01,"",-7,-1.5,184,2.4,385,5.0,383,4.9,7191262,9.5,1774598,21.4,8895,3.7,39,5.2
"21215","0","10","70","0","2017","4","",299,1992,1996,2011,18420306,1844397,43162,709,"",1.00,1.00,1.00,1.00,1.00,1.00,1.00,1.00,"",5,1.7,84,4.4,102,5.4,64,3.3,658404,3.7,243039,15.2,11,0.0,-4,-0.6
"21215","1","10","71","0","2017","4","",2,25,21,21,346280,0,0,1193,"",1.12,0.65,0.55,0.54,0.68,0.00,0.00,1.18,"",0,0.0,1,4.2,-2,-8.7,-2,-8.7,-15450,-4.3,0,0.0,0,0.0,0,0.0
"21215","2","10","71","0","2017","4","",15,50,49,48,482769,0,0,758,"",7.16,0.78,0.77,0.75,0.80,0.00,0.00,1.05,"",2,15.4,0,0.0,0,0.0,-2,-4.0,42343,9.6,0,0.0,0,0.0,76,11.1
"21215","3","10","71","0","2017","4","",9,634,631,634,5159541,8963,142,627,"",1.77,3.21,3.18,3.19,3.26,0.25,0.63,1.02,"",0,0.0,43,7.3,52,9.0,29,4.8,162334,3.2,3883,76.4,69,94.5,-23,-3.5
"21215","5","10","71","0","2017","4","",273,1283,1295,1308,12431716,1835434,43020,738,"",0.94,0.76,0.76,0.77,0.79,1.03,1.00,1.04,"",3,1.1,40,3.2,52,4.2,39,3.1,469177,3.9,239156,15.0,-58,-0.1,3,0.4
"21217","0","10","70","0","2017","4","",734,12914,13184,13385,118687949,16508761,428192,694,"",1.00,1.00,1.00,1.00,1.00,1.00,1.00,1.00,"",-18,-2.4,874,7.3,928,7.6,1052,8.5,10516143,9.7,2485803,17.7,-9719,-2.2,12,1.8
"21217","1","10","71","0","2017","4","",7,81,80,77,1162275,0,0,1127,"",1.59,0.33,0.32,0.30,0.36,0.00,0.00,1.14,"",0,0.0,-1,-1.2,-5,-5.9,-7,-8.3,40862,3.6,0,0.0,0,0.0,96,9.3
"21217","2","10","71","0","2017","4","",25,160,163,163,1335840,0,0,634,"",4.86,0.39,0.39,0.38,0.34,0.00,0.00,0.90,"",1,4.2,1,0.6,3,1.9,2,1.2,-19297,-1.4,-2326,-100.0,-23,-100.0,-18,-2.8
"21217","3","10","71","0","2017","4","",12,1716,1719,1717,18095094,961,8,811,"",0.96,1.34,1.31,1.30,1.77,0.00,0.00,1.35,"",0,0.0,95,5.9,110,6.8,73,4.4,696673,4.0,-1043,-52.0,-39,-83.0,-13,-1.6
"21217","5","10","71","0","2017","4","",690,10957,11222,11428,98094740,16507800,428184,674,"",0.97,1.00,1.00,1.00,0.97,1.03,1.01,0.97,"",-19,-2.7,779,7.7,820,7.9,984,9.4,9797905,11.1,2489172,17.8,-9657,-2.2,17,2.6
"21219","0","10","70","0","2017","4","",245,2262,2271,2266,18610764,1794970,46875,632,"",1.00,1.00,1.00,1.00,1.00,1.00,1.00,1.00,"",-2,-0.8,-1,0.0,-35,-1.5,-49,-2.1,589995,3.3,-136099,-7.0,-1279,-2.7,28,4.6
"21219","1","10","71","0","2017","4","",8,34,34,32,395713,0,0,913,"",5.44,0.78,0.78,0.73,0.77,0.00,0.00,1.01,"",0,0.0,1,3.0,0,0.0,-2,-5.9,16352,4.3,0,0.0,0,0.0,46,5.3
"21219","2","10","71","0","2017","4","",8,41,41,40,386640,0,0,731,"",4.66,0.56,0.56,0.55,0.64,0.00,0.00,1.13,"",0,0.0,3,7.9,1,2.5,0,0.0,45018,13.2,0,0.0,0,0.0,63,9.4
"21219","3","10","71","0","2017","4","",14,586,627,597,3818828,23750,587,487,"",3.36,2.61,2.78,2.66,2.39,0.67,2.38,0.89,"",0,0.0,1,0.2,38,6.5,-1,-0.2,-204485,-5.1,-42003,-63.9,-1213,-67.4,-37,-7.1
"21219","5","10","71","0","2017","4","",215,1601,1569,1597,14009583,1771220,46288,678,"",0.90,0.83,0.81,0.83,0.88,1.02,0.99,1.07,"",-2,-0.9,-6,-0.4,-74,-4.5,-46,-2.8,733110,5.5,-94096,-5.0,-66,-0.1,52,8.3
"21221","0","10","70","0","2017","4","",274,3165,3106,3086,26044943,3046411,82583,642,"",1.00,1.00,1.00,1.00,1.00,1.00,1.00,1.00,"",-12,-4.2,81,2.6,38,1.2,81,2.7,-41202,-0.2,567372,22.9,-7815,-8.6,-15,-2.3
"21221","1","10","71","0","2017","4","",3,77,77,75,1222095,0,0,1232,"",1.83,1.26,1.30,1.26,1.71,0.00,0.00,1.34,"",0,0.0,-3,-3.8,-5,-6.1,-7,-8.5,-19014,-1.5,0,0.0,0,0.0,58,4.9
"21221","2","10","71","0","2017","4","",13,111,110,107,898769,0,0,632,"",6.77,1.09,1.11,1.09,1.06,0.00,0.00,0.97,"",-1,-7.1,3,2.8,-1,-0.9,-3,-2.7,61105,7.3,0,0.0,0,0.0,44,7.5
"21221","3","10","71","0","2017","4","",11,505,500,493,4227369,15937,293,651,"",2.36,1.61,1.62,1.61,1.89,0.26,0.67,1.17,"",0,0.0,1,0.2,-1,-0.2,-4,-0.8,57117,1.4,1920,13.7,-65,-18.2,10,1.6
"21221","5","10","71","0","2017","4","",247,2472,2419,2411,19696710,3030474,82290,622,"",0.93,0.92,0.92,0.92,0.89,1.03,1.00,0.96,"",-11,-4.3,80,3.3,45,1.9,95,4.1,-140410,-0.7,565452,22.9,-7750,-8.6,-24,-3.7
"21223","0","10","70","0","2017","4","",117,1026,1023,1009,11712995,1011936,45225,884,"",1.00,1.00,1.00,1.00,1.00,1.00,1.00,1.00,"",2,1.7,-83,-7.5,-64,-5.9,-67,-6.2,355182,3.1,-314036,-23.7,-13431,-22.9,83,10.4
"21223","1","10","71","0","2017","4","",2,18,17,17,216099,0,0,959,"",2.85,0.91,0.87,0.87,0.67,0.00,0.00,0.76,"",0,0.0,-2,-10.0,-3,-15.0,-3,-15.0,-25643,-10.6,0,0.0,0,0.0,29,3.1
"21223","2","10","71","0","2017","4","",7,34,35,35,333228,0,0,739,"",8.54,1.03,1.07,1.09,0.87,0.00,0.00,0.82,"",1,16.7,0,0.0,1,2.9,0,0.0,12898,4.0,0,0.0,0,0.0,21,2.9
"21223","3","10","71","0","2017","4","",10,313,322,322,2498188,16803,210,602,"",5.03,3.08,3.17,3.22,2.48,0.84,0.88,0.79,"",0,0.0,5,1.6,-2,-0.6,4,1.3,56932,2.3,5314,46.3,84,66.7,9,1.5
"21223","5","10","71","0","2017","4","",98,661,649,635,8665480,995133,45015,1028,"",0.86,0.76,0.75,0.74,0.87,1.02,1.00,1.16,"",1,1.0,-86,-11.5,-60,-8.5,-68,-9.7,310995,3.7,-319350,-24.3,-13515,-23.1,135,15.1
"21225","0","10","70","0","2017","4","",334,4898,4921,4887,56811713,3777404,94895,891,"",1.00,1.00,1.00,1.00,1.00,1.00,1.00,1.00,"",-24,-6.7,-72,-1.4,-35,-0.7,-125,-2.5,2130101,3.9,291791,8.4,4691,5.2,46,5.4
"21225","1","10","71","0","2017","4","",9,55,50,50,686769,0,0,1022,"",4.49,0.58,0.53,0.53,0.44,0.00,0.00,0.80,"",0,0.0,-3,-5.2,-8,-13.8,-8,-13.8,-557,-0.1,0,0.0,0,0.0,110,12.1
"21225","2","10","71","0","2017","4","",10,60,60,58,537372,0,0,697,"",4.27,0.38,0.38,0.37,0.29,0.00,0.00,0.77,"",0,0.0,1,1.7,-3,-4.8,-4,-6.5,20606,4.0,0,0.0,0,0.0,49,7.6
"21225","3","10","71","0","2017","4","",17,642,667,645,4952216,49884,337,585,"",2.99,1.32,1.36,1.33,1.01,0.67,0.67,0.76,"",0,0.0,-16,-2.4,24,3.7,-30,-4.4,-107502,-2.1,34256,219.2,160,90.4,-6,-1.0
"21225","5","10","71","0","2017","4","",298,4141,4144,4134,50635356,3727520,94558,941,"",0.92,1.00,0.99,1.00,1.04,1.02,1.00,1.05,"",-24,-7.5,-54,-1.3,-48,-1.1,-83,-2.0,2217554,4.6,257535,7.4,4531,5.0,55,6.2
"21227","0","10","70","0","2017","4","",3781,64654,65482,65047,704853221,65595532,1506047,833,"",1.00,1.00,1.00,1.00,1.00,1.00,1.00,1.00,"",-39,-1.0,395,0.6,583,0.9,520,0.8,32931240,4.9,-590073,-0.9,-455914,-23.2,32,4.0
"21227","1","10","71","0","2017","4","",25,376,372,371,7072814,0,0,1459,"",1.10,0.30,0.30,0.30,0.37,0.00,0.00,1.22,"",0,0.0,15,4.2,10,2.8,11,3.1,523590,8.0,0,0.0,0,0.0,63,4.5
"21227","2","10","71","0","2017","4","",52,4060,4135,4157,42217043,0,0,789,"",1.96,1.96,1.97,2.00,1.83,0.00,0.00,0.93,"",-1,-1.9,8,0.2,23,0.6,27,0.7,1547815,3.8,0,0.0,0,0.0,26,3.4
"21227","3","10","71","0","2017","4","",30,4769,4817,4841,44892473,49215,871,718,"",0.47,0.74,0.74,0.75,0.74,0.04,0.11,0.99,"",1,3.4,96,2.1,110,2.3,152,3.2,1572899,3.6,-5683,-10.4,217,33.2,7,1.0
"21227","5","10","71","0","2017","4","",3674,55449,56158,55678,610670891,65546317,1505176,842,"",1.00,1.01,1.01,1.01,1.01,1.03,1.01,1.01,"",-39,-1.1,276,0.5,440,0.8,330,0.6,29286936,5.0,-584390,-0.9,-456131,-23.3,35,4.3
"21229","0","10","70","0","2017","4","",307,3381,3410,3402,36203500,3243936,83444,820,"",1.00,1.00,1.00,1.00,1.00,1.00,1.00,1.00,"",-9,-2.8,90,2.7,52,1.5,42,1.2,1813408,5.3,15816,0.5,-18547,-18.2,27,3.4
"21229","1","10","71","0","2017","4","",6,35,29,30,369183,0,0,906,"",3.26,0.54,0.44,0.46,0.37,0.00,0.00,0.77,"",0,0.0,2,6.1,-3,-9.4,-3,-9.1,16825,4.8,0,0.0,0,0.0,76,9.2
"21229","2","10","71","0","2017","4","",13,59,56,48,491839,0,0,696,"",6.04,0.54,0.51,0.44,0.42,0.00,0.00,0.83,"",0,0.0,-8,-11.9,-11,-16.4,-13,-21.3,-125775,-20.4,0,0.0,0,0.0,-35,-4.8
"21229","3","10","71","0","2017","4","",13,465,498,477,3644064,22387,352,584,"",2.49,1.39,1.47,1.42,1.17,0.35,0.80,0.82,"",0,0.0,8,1.8,35,7.6,27,6.0,84626,2.4,-7218,-24.4,-18,-4.9,-16,-2.7
"21229","5","10","71","0","2017","4","",275,2822,2827,2847,31698414,3221549,83092,861,"",0.92,0.98,0.98,0.98,1.03,1.03,1.00,1.04,"",-9,-3.2,88,3.2,31,1.1,31,1.1,1837732,6.2,23034,0.7,-18529,-18.2,35,4.2
"21231","0","10","70","0","2017","4","",343,5602,5708,5808,44557043,5625394,181323,601,"",1.00,1.00,1.00,1.00,1.00,1.00,1.00,1.00,"",-22,-6.0,215,4.0,245,4.5,330,6.0,2235814,5.3,1928546,52.2,31206,20.8,3,0.5
"21231","1","10","71","0","2017","4","",4,30,31,31,453827,0,0,1138,"",1.94,0.28,0.28,0.28,0.37,0.00,0.00,1.32,"",0,0.0,-11,-26.8,-10,-24.4,-9,-22.5,-44934,-9.0,0,0.0,0,0.0,195,20.7
"21231","2","10","71","0","2017","4","",25,160,158,158,1559435,0,0,756,"",10.40,0.89,0.86,0.85,1.07,0.00,0.00,1.23,"",1,4.2,0,0.0,-3,-1.9,-3,-1.9,34342,2.3,0,0.0,0,0.0,26,3.6
"21231","3","10","71","0","2017","4","",16,839,861,863,5496914,4007,119,495,"",2.74,1.51,1.52,1.50,1.43,0.04,0.12,0.95,"",-1,-5.9,-18,-2.1,-22,-2.5,-36,-4.0,399402,7.8,-1447,-26.5,-331,-73.6,49,11.0
"21231","5","10","71","0","2017","4","",298,4573,4658,4756,37046867,5621387,181204,611,"",0.90,0.96,0.96,0.96,0.97,1.03,1.01,1.01,"",-22,-6.9,244,5.6,280,6.4,378,8.6,1847004,5.2,1929993,52.3,31537,21.1,-10,-1.6
"21233","0","10","70","0","2017","4","",249,3144,3148,3148,38458624,2638232,83627,940,"",1.00,1.00,1.00,1.00,1.00,1.00,1.00,1.00,"",-2,-0.8,41,1.3,24,0.8,93,3.0,168205,0.4,266054,11.2,11024,15.2,-12,-1.3
"21233","1","10","71","0","2017","4","",9,38,40,39,473277,0,0,933,"",6.03,0.63,0.66,0.64,0.45,0.00,0.00,0.69,"",0,0.0,1,2.7,3,8.1,2,5.4,30449,6.9,0,0.0,0,0.0,12,1.3
"21233","2","10","71","0","2017","4","",10,58,58,58,554127,3328,20,735,"",5.73,0.57,0.58,0.58,0.44,0.10,0.18,0.77,"",0,0.0,4,7.4,4,7.4,4,7.4,87623,18.8,3328,100.0,20,100.0,70,10.5
"21233","3","10","71","0","2017","4","",12,616,616,613,4709812,15302,125,589,"",2.84,1.98,1.97,1.97,1.42,0.29,0.28,0.72,"",-1,-7.7,-3,-0.5,-8,-1.3,-1,-0.2,19545,0.4,3122,25.6,-36,-22.4,6,1.0
"21233","5","10","71","0","2017","4","",218,2432,2434,2438,32721408,2619602,83482,1034,"",0.90,0.91,0.91,0.91,1.00,1.03,1.00,1.09,"",-1,-0.5,39,1.6,25,1.0,88,3.7,30588,0.1,259604,11.0,11040,15.2,-21,-2.0
"21235","0","10","70","0","2017","4","",839,11564,11547,11359,112232491,8347427,232629,751,"",1.00,1.00,1.00,1.00,1.00,1.00,1.00,1.00,"",-25,-2.9,-183,-1.6,-121,-1.0,-208,-1.8,-709351,-0.6,-232815,-2.7,-17524,-7.0,6,0.8
"21235","1","10","71","0","2017","4","",9,99,99,97,1326815,0,0,1038,"",1.79,0.44,0.45,0.44,0.43,0.00,0.00,0.97,"",1,12.5,20,25.3,17,20.7,15,18.3,257381,24.1,0,0.0,0,0.0,22,2.2
"21235","2","10","71","0","2017","4","",24,213,215,211,1818558,0,0,657,"",4.08,0.57,0.58,0.58,0.50,0.00,0.00,0.86,"",0,0.0,-2,-0.9,-2,-0.9,-7,-3.2,-45057,-2.4,0,0.0,0,0.0,-5,-0.8
"21235","3","10","71","0","2017","4","",20,1968,1995,2038,16229471,26860,823,624,"",1.40,1.72,1.74,1.81,1.68,0.16,0.67,0.96,"",0,0.0,1,0.1,34,1.7,23,1.1,290368,1.8,-3253,-10.8,369,81.3,5,0.8
"21235","5","10","71","0","2017","4","",786,9284,9238,9013,92857647,8320567,231806,778,"",0.97,0.94,0.94,0.93,0.97,1.03,1.00,1.03,"",-26,-3.2,-202,-2.1,-170,-1.8,-239,-2.6,-1212043,-1.3,-229562,-2.7,-17893,-7.2,7,0.9
"21237","0","10","70","0","2017","4","",123,1260,1230,1219,9222102,1137707,20146,574,"",1.00,1.00,1.00,1.00,1.00,1.00,1.00,1.00,"",-5,-3.9,29,2.4,1,0.1,19,1.6,549044,6.3,215825,23.4,994,5.2,27,4.9
"21237","1","10","71","0","2017","4","",3,19,19,20,257776,0,0,1026,"",4.07,0.78,0.81,0.85,1.02,0.00,0.00,1.25,"",0,0.0,-3,-13.6,-3,-13.6,-1,-4.8,-13397,-4.9,0,0.0,0,0.0,63,6.5
"21237","2","10","71","0","2017","4","",12,57,56,57,518853,0,0,704,"",13.92,1.41,1.42,1.47,1.72,0.00,0.00,1.20,"",1,9.1,4,7.5,4,7.7,6,11.8,64471,14.2,0,0.0,0,0.0,32,4.8
"21237","3","10","71","0","2017","4","",7,363,363,373,2769097,102326,742,581,"",3.35,2.91,2.97,3.09,3.49,4.54,7.00,1.17,"",0,0.0,-6,-1.6,-6,-1.6,1,0.3,-78,0.0,86815,559.7,471,173.8,5,0.9
"21237","5","10","71","0","2017","4","",101,821,792,769,5676376,1035381,19404,550,"",0.85,0.77,0.76,0.74,0.72,0.94,0.97,0.95,"",-6,-5.6,34,4.3,6,0.8,13,1.7,498048,9.6,129010,14.2,523,2.8,37,7.2
"21239","0","10","70","0","2017","4","",765,9222,9185,9240,104989029,7972440,170047,876,"",1.00,1.00,1.00,1.00,1.00,1.00,1.00,1.00,"",9,1.2,12,0.1,-13,-0.1,178,2.0,5128656,5.1,831315,11.6,-15252,-8.2,37,4.4
"21239","1","10","71","0","2017","4","",3,39,38,36,660344,0,0,1349,"",0.65,0.22,0.22,0.20,0.23,0.00,0.00,1.08,"",0,0.0,0,0.0,-2,-5.0,-7,-16.3,23644,3.7,0,0.0,0,0.0,145,12.0
"21239","2","10","71","0","2017","4","",17,369,378,373,4906153,0,0,1011,"",3.17,1.25,1.28,1.27,1.43,0.00,0.00,1.13,"",2,13.3,-9,-2.4,1,0.3,2,0.5,134564,2.8,0,0.0,0,0.0,33,3.4
"21239","3","10","71","0","2017","4","",13,1103,1165,1200,9240620,42020,308,615,"",1.00,1.21,1.28,1.31,1.02,0.27,0.34,0.81,"",0,0.0,-4,-0.4,22,1.9,19,1.6,233565,2.6,-5956,-12.4,-172,-35.8,9,1.5
"21239","5","10","71","0","2017","4","",732,7711,7604,7631,90181912,7930420,169739,907,"",0.99,0.98,0.97,0.97,1.01,1.03,1.00,1.03,"",7,1.0,25,0.3,-34,-0.4,164,2.2,4736883,5.5,837271,11.8,-15080,-8.2,42,4.9
"21999","0","10","70","0","2017","4","",5645,26476,26629,25998,441124752,41973522,1522444,1287,"",1.00,1.00,1.00,1.00,1.00,1.00,1.00,1.00,"",-494,-8.0,-3439,-11.5,-2914,-9.9,-3043,-10.5,-12167532,-2.7,-6268123,-13.0,-334419,-18.0,105,8.9
"21999","1","10","71","0","2017","4","",41,532,549,531,7961649,0,0,1140,"",1.21,1.04,1.08,1.06,0.66,0.00,0.00,0.62,"",0,0.0,38,7.7,66,13.7,34,6.8,1117690,16.3,0,0.0,0,0.0,69,6.4
"21999","3","10","71","0","2017","4","N",4,0,0,0,0,0,0,0,"N",0.04,0,0,0,0,0,0,0,"N",0,0.0,0,0,0,0,0,0,0,0,0,0,0,0,0,0
"21999","5","10","71","0","2017","4","N",5600,0,0,0,0,0,0,0,"N",1.02,0,0,0,0,0,0,0,"N",-494,-8.1,0,0,0,0,0,0,0,0,0,0,0,0,0,0
"22000","0","10","50","0","2017","4","",131790,1919363,1926287,1921507,23322824951,1460003558,24280814,933,"",1.00,1.00,1.00,1.00,1.00,1.00,1.00,1.00,"",2105,1.6,3671,0.2,8345,0.4,10921,0.6,578282463,2.5,13157598,0.9,-109829,-0.5,19,2.1
"22000","1","10","51","0","2017","4","",1024,31260,31232,31769,573556988,0,0,1404,"",1.30,0.85,0.85,0.86,0.89,0.00,0.00,1.05,"",-1,-0.1,425,1.4,373,1.2,160,0.5,28529201,5.2,0,0.0,0,0.0,56,4.2
"22000","2","10","51","0","2017","4","",1358,74687,74778,74936,892666461,184991,1412,918,"",1.47,1.21,1.21,1.22,1.17,0.01,0.04,0.96,"",-17,-1.2,-564,-0.7,-700,-0.9,-635,-0.8,21354553,2.5,-27303,-12.9,-1094,-43.7,29,3.3
"22000","3","10","51","0","2017","4","",3456,207514,207867,205725,2081614269,4760537,52798,773,"",1.54,1.09,1.09,1.08,1.04,0.16,0.41,0.96,"",10,0.3,156,0.1,204,0.1,584,0.3,53091354,2.6,571221,13.6,4271,8.8,18,2.4
"22000","5","10","51","0","2017","4","",125952,1605902,1612410,1609077,19774987233,1455058030,24226604,945,"",0.99,0.98,0.99,0.99,0.99,1.03,1.00,1.01,"",2113,1.7,3654,0.2,8468,0.5,10812,0.7,475307355,2.5,12613680,0.9,-113006,-0.5,18,1.9
"22000","8","10","96","0","2017","4","",5838,313461,313877,312430,3547837718,4945528,54210,871,"",1.48,1.09,1.08,1.08,1.04,0.10,0.34,0.96,"",-8,-0.1,17,0.0,-123,0.0,109,0.0,102975108,3.0,543918,12.4,3177,6.2,25,3.0
"22001","0","10","70","0","2017","4","",1297,14386,14377,14329,128606346,9684528,143797,689,"",1.00,1.00,1.00,1.00,1.00,1.00,1.00,1.00,"",16,1.2,250,1.8,257,1.8,73,0.5,3592617,2.9,-626855,-6.1,-27088,-15.9,10,1.5
"22001","1","10","71","0","2017","4","",12,88,91,93,1210524,0,0,1027,"",1.54,0.32,0.33,0.34,0.34,0.00,0.00,1.04,"",0,0.0,-3,-3.3,4,4.6,0,0.0,-38457,-3.1,0,0.0,0,0.0,-37,-3.5
"22001","2","10","71","0","2017","4","",14,380,380,386,3687950,0,0,743,"",1.54,0.82,0.83,0.84,0.88,0.00,0.00,1.06,"",0,0.0,69,22.2,67,21.4,80,26.1,700039,23.4,0,0.0,0,0.0,2,0.3
"22001","3","10","71","0","2017","4","",64,2235,2228,2231,18644138,5850,28,643,"",2.90,1.57,1.56,1.57,1.69,0.03,0.04,1.08,"",0,0.0,-22,-1.0,-30,-1.3,-17,-0.8,-214595,-1.1,-16281,-73.6,-33,-54.1,-1,-0.2
"22001","5","10","71","0","2017","4","",1207,11683,11678,11619,105063734,9678678,143769,693,"",0.96,0.96,0.96,0.95,0.96,1.03,1.01,1.00,"",16,1.3,206,1.8,216,1.9,10,0.1,3145630,3.1,-610574,-5.9,-27055,-15.8,12,1.8
"22003","0","10","70","0","2017","4","",430,7912,7964,7748,70827866,2503622,33807,692,"",1.00,1.00,1.00,1.00,1.00,1.00,1.00,1.00,"",-5,-1.1,-62,-0.8,9,0.1,-35,-0.4,3035949,4.5,-362087,-12.6,-6288,-15.7,32,4.8
"22003","1","10","71","0","2017","4","",13,576,573,582,9878632,0,0,1317,"",5.04,3.78,3.76,3.90,5.07,0.00,0.00,1.33,"",0,0.0,-16,-2.7,-11,-1.9,-19,-3.2,221282,2.3,0,0.0,0,0.0,63,5.0
"22003","2","10","71","0","2017","4","",17,228,226,229,2005960,0,0,678,"",5.64,0.90,0.89,0.93,0.87,0.00,0.00,0.96,"",-1,-5.6,154,208.1,151,201.3,151,193.6,1287111,179.1,0,0.0,0,0.0,-53,-7.3
"22003","3","10","71","0","2017","4","",52,3642,3648,3445,27462604,24186,36,590,"",7.11,4.65,4.61,4.49,4.51,0.49,0.20,0.98,"",2,4.0,-82,-2.2,-60,-1.6,-131,-3.7,-21945,-0.1,-9505,-28.2,-95,-72.5,14,2.4
"22003","5","10","71","0","2017","4","",348,3466,3517,3492,31480670,2479436,33771,694,"",0.83,0.52,0.52,0.53,0.52,1.02,1.01,1.00,"",-6,-1.7,-118,-3.3,-71,-2.0,-36,-1.0,1549501,5.2,-352582,-12.4,-6193,-15.5,48,7.4
"22005","0","10","70","0","2017","4","",2893,45291,45542,45175,625881757,46194891,872136,1062,"",1.00,1.00,1.00,1.00,1.00,1.00,1.00,1.00,"",123,4.4,824,1.9,1169,2.6,1622,3.7,-1152054,-0.2,-1047347,-2.2,-76444,-8.1,-31,-2.8
"22005","1","10","71","0","2017","4","",12,152,136,141,2152009,0,0,1158,"",0.69,0.17,0.16,0.16,0.13,0.00,0.00,0.76,"",0,0.0,19,14.3,5,3.8,-6,-4.1,72432,3.5,0,0.0,0,0.0,-10,-0.9
"22005","2","10","71","0","2017","4","",13,268,268,270,2550212,0,0,730,"",0.64,0.18,0.18,0.19,0.12,0.00,0.00,0.67,"",0,0.0,27,11.2,25,10.3,24,9.8,255449,11.1,0,0.0,0,0.0,5,0.7
"22005","3","10","71","0","2017","4","",67,4601,4622,4599,48835243,52446,157,815,"",1.36,1.03,1.02,1.03,0.91,0.06,0.03,0.88,"",-1,-1.5,-97,-2.1,-86,-1.8,-120,-2.5,-3103585,-6.0,17152,48.6,49,45.4,-34,-4.0
"22005","5","10","71","0","2017","4","",2801,40270,40516,40165,572344293,46142445,871979,1092,"",1.00,1.05,1.05,1.05,1.07,1.03,1.01,1.02,"",124,4.6,875,2.2,1225,3.1,1724,4.5,1623650,0.3,-1064499,-2.3,-76493,-8.1,-32,-2.8
"22007","0","10","70","0","2017","4","",311,3821,3844,3875,43476533,3630105,71255,869,"",1.00,1.00,1.00,1.00,1.00,1.00,1.00,1.00,"",-15,-4.6,-201,-5.0,-97,-2.5,-42,-1.1,-1578929,-3.5,237528,7.0,5742,8.8,-6,-0.7
"22007","1","10","71","0","2017","4","",6,33,32,33,405986,0,0,956,"",3.22,0.45,0.43,0.44,0.34,0.00,0.00,0.77,"",0,0.0,-2,-5.7,0,0.0,0,0.0,9509,2.4,0,0.0,0,0.0,41,4.5
"22007","2","10","71","0","2017","4","",6,26,26,27,246678,0,0,721,"",2.75,0.21,0.21,0.22,0.17,0.00,0.00,0.81,"",0,0.0,-3,-10.3,-3,-10.3,-2,-6.9,-29594,-10.7,0,0.0,0,0.0,-12,-1.6
"22007","3","10","71","0","2017","4","",19,893,898,907,7573662,0,0,648,"",3.59,2.36,2.35,2.37,2.03,0.00,0.00,0.86,"",0,0.0,-70,-7.3,-63,-6.6,-66,-6.8,-436349,-5.4,0,0.0,0,0.0,10,1.6
"22007","5","10","71","0","2017","4","",280,2869,2888,2908,35250207,3630105,71255,939,"",0.93,0.88,0.88,0.88,0.95,1.03,1.01,1.07,"",-15,-5.1,-126,-4.2,-31,-1.1,26,0.9,-1122495,-3.1,237528,7.0,5742,8.8,-15,-1.6
"22009","0","10","70","0","2017","4","",862,10546,10487,10467,84042343,6490409,97471,616,"",1.00,1.00,1.00,1.00,1.00,1.00,1.00,1.00,"",10,1.2,-93,-0.9,-95,-0.9,-29,-0.3,2727274,3.4,379317,6.2,5065,5.5,24,4.1
"22009","1","10","71","0","2017","4","",17,79,79,80,1097576,0,0,1064,"",3.29,0.39,0.39,0.40,0.48,0.00,0.00,1.21,"",0,0.0,-2,-2.5,0,0.0,-3,-3.6,34662,3.3,0,0.0,0,0.0,55,5.5
"22009","2","10","71","0","2017","4","",22,472,470,470,4875451,1200,22,797,"",3.64,1.39,1.40,1.41,1.78,0.01,0.17,1.27,"",0,0.0,-11,-2.3,-13,-2.7,-24,-4.9,-111041,-2.2,1200,100.0,22,100.0,9,1.1
"22009","3","10","71","0","2017","4","",69,2740,2732,2717,20118793,65818,631,567,"",4.71,2.62,2.62,2.62,2.78,0.51,1.23,1.06,"",1,1.5,-235,-7.9,-229,-7.7,-237,-8.0,-616040,-3.0,3254,5.2,-19,-2.9,29,5.4
"22009","5","10","71","0","2017","4","",754,7255,7206,7200,57950523,6423391,96818,617,"",0.90,0.81,0.81,0.81,0.81,1.02,1.00,1.00,"",9,1.2,155,2.2,147,2.1,235,3.4,3419693,6.3,374863,6.2,5062,5.5,21,3.5
"22011","0","10","70","0","2017","4","",720,8230,8221,7839,81123254,4675932,63821,771,"",1.00,1.00,1.00,1.00,1.00,1.00,1.00,1.00,"",-6,-0.8,-532,-6.1,-530,-6.1,-571,-6.8,-1291527,-1.6,-525222,-10.1,-8451,-11.7,37,5.0
"22011","1","10","71","0","2017","4","",10,70,68,69,948193,0,0,1057,"",2.32,0.44,0.43,0.46,0.43,0.00,0.00,0.96,"",0,0.0,1,1.4,-4,-5.6,-3,-4.2,18071,1.9,0,0.0,0,0.0,49,4.9
"22011","2","10","71","0","2017","4","",11,76,77,80,763361,0,0,756,"",2.18,0.29,0.29,0.32,0.29,0.00,0.00,0.96,"",0,0.0,1,1.3,0,0.0,3,3.9,21863,2.9,0,0.0,0,0.0,9,1.2
"22011","3","10","71","0","2017","4","",47,1840,1852,1448,12828652,100535,1380,576,"",3.84,2.26,2.27,1.87,1.84,1.09,4.11,0.86,"",1,2.2,22,1.2,18,1.0,-42,-2.8,-217967,-1.7,4847,5.1,776,128.5,-10,-1.7
"22011","5","10","71","0","2017","4","",652,6244,6224,6242,66583048,4575397,62441,821,"",0.93,0.89,0.89,0.94,0.96,1.01,0.98,1.06,"",-7,-1.1,-556,-8.2,-544,-8.0,-529,-7.8,-1113494,-1.6,-530069,-10.4,-9227,-12.9,53,6.9
"22013","0","10","70","0","2017","4","",307,4311,4379,4414,41918679,3237478,57234,738,"",1.00,1.00,1.00,1.00,1.00,1.00,1.00,1.00,"",2,0.7,97,2.3,99,2.3,192,4.5,991086,2.4,709946,28.1,12522,28.0,-5,-0.7
"22013","1","10","71","0","2017","4","",9,42,42,43,517821,0,0,941,"",4.89,0.51,0.50,0.51,0.45,0.00,0.00,0.89,"",0,0.0,0,0.0,-3,-6.7,-2,-4.4,-34606,-6.3,0,0.0,0,0.0,-25,-2.6
"22013","2","10","71","0","2017","4","",7,104,105,105,1236760,0,0,909,"",3.25,0.75,0.75,0.75,0.90,0.00,0.00,1.21,"",-1,-12.5,-8,-7.1,-7,-6.2,-7,-6.2,-41492,-3.2,0,0.0,0,0.0,31,3.5
"22013","3","10","71","0","2017","4","",28,737,741,745,7222202,48941,704,750,"",5.37,1.73,1.70,1.71,2.00,0.76,2.34,1.17,"",0,0.0,23,3.2,9,1.2,22,3.0,386211,5.6,-14105,-22.4,-360,-33.8,23,3.2
"22013","5","10","71","0","2017","4","",263,3428,3491,3521,32941896,3188537,56530,728,"",0.88,0.94,0.94,0.94,0.92,1.02,0.99,0.98,"",3,1.2,82,2.5,100,2.9,179,5.4,680973,2.1,724051,29.4,12882,29.5,-11,-1.5
"22015","0","10","70","0","2017","4","",2914,43169,43418,43340,439191519,31894352,500076,780,"",1.00,1.00,1.00,1.00,1.00,1.00,1.00,1.00,"",66,2.3,-296,-0.7,-659,-1.5,-533,-1.2,23246849,5.6,367904,1.2,22745,4.8,50,6.8
"22015","1","10","71","0","2017","4","",40,1974,1982,1979,31130754,0,0,1210,"",2.29,2.38,2.39,2.37,2.58,0.00,0.00,1.08,"",0,0.0,38,2.0,42,2.2,22,1.1,1882756,6.4,0,0.0,0,0.0,53,4.6
"22015","2","10","71","0","2017","4","",18,994,987,982,10490479,0,0,817,"",0.88,0.72,0.71,0.71,0.73,0.00,0.00,1.03,"",-3,-14.3,-59,-5.6,-61,-5.8,-51,-4.9,-40405,-0.4,0,0.0,0,0.0,42,5.4
"22015","3","10","71","0","2017","4","",58,5443,5492,5285,55796847,45610,483,794,"",1.17,1.27,1.27,1.23,1.48,0.07,0.18,1.17,"",0,0.0,-134,-2.4,-114,-2.0,-61,-1.1,2601939,4.9,-5546,-10.8,-284,-37.0,51,6.9
"22015","5","10","71","0","2017","4","",2798,34758,34957,35094,341773439,31848742,499593,753,"",0.99,0.95,0.95,0.95,0.91,1.03,1.01,0.96,"",69,2.5,-141,-0.4,-526,-1.5,-443,-1.2,18802559,5.8,373450,1.2,23029,4.8,49,7.0
"22017","0","10","70","0","2017","4","",7243,112742,113215,113205,1286028500,82632642,1358646,875,"",1.00,1.00,1.00,1.00,1.00,1.00,1.00,1.00,"",7,0.1,-1318,-1.2,-1556,-1.4,-1715,-1.5,7595173,0.6,3126507,3.9,81528,6.4,17,2.0
"22017","1","10","71","0","2017","4","",43,2722,2714,2833,55592582,0,0,1551,"",0.99,1.25,1.25,1.30,1.57,0.00,0.00,1.24,"",0,0.0,-59,-2.1,-72,-2.6,-49,-1.7,1707356,3.2,0,0.0,0,0.0,79,5.4
"22017","2","10","71","0","2017","4","",46,3938,3922,3925,64749370,0,0,1268,"",0.91,1.09,1.08,1.09,1.54,0.00,0.00,1.42,"",0,0.0,-228,-5.5,-219,-5.3,-195,-4.7,786942,1.2,0,0.0,0,0.0,80,6.7
"22017","3","10","71","0","2017","4","",89,11137,11201,11149,112433056,163312,1072,775,"",0.72,1.00,1.00,1.00,1.02,0.10,0.15,1.02,"",1,1.1,-396,-3.4,-314,-2.7,-234,-2.1,2242062,2.0,3181,2.0,-95,-8.1,36,4.9
"22017","5","10","71","0","2017","4","",7065,94945,95378,95298,1053253492,82469330,1357574,851,"",1.01,0.99,0.99,0.99,0.96,1.03,1.01,0.97,"",6,0.1,-635,-0.7,-951,-1.0,-1237,-1.3,2858813,0.3,3123326,3.9,81623,6.4,11,1.3
"22019","0","10","70","0","2017","4","",5354,100704,100892,100388,1271588986,82195426,1452930,972,"",1.00,1.00,1.00,1.00,1.00,1.00,1.00,1.00,"",128,2.4,5802,6.1,5633,5.9,5462,5.8,131816802,11.6,2590608,3.3,25894,1.8,49,5.3
"22019","1","10","71","0","2017","4","",31,533,532,538,9516021,0,0,1370,"",0.97,0.27,0.28,0.28,0.27,0.00,0.00,0.99,"",0,0.0,-12,-2.2,-15,-2.7,-28,-4.9,-179356,-1.8,0,0.0,0,0.0,21,1.6
"22019","2","10","71","0","2017","4","",41,2030,2048,2050,22841120,7273,7,860,"",1.09,0.63,0.63,0.64,0.55,0.01,0.00,0.87,"",0,0.0,8,0.4,22,1.1,32,1.6,403739,1.8,-3850,-34.6,-4,-36.4,6,0.7
"22019","3","10","71","0","2017","4","",92,11197,11187,10975,119439255,219092,1739,826,"",1.01,1.12,1.12,1.10,1.09,0.13,0.23,0.98,"",2,2.2,70,0.6,-29,-0.3,160,1.5,10008816,9.1,38566,21.4,148,9.3,64,8.4
"22019","5","10","71","0","2017","4","",5190,86944,87125,86825,1119792590,81969061,1451184,990,"",1.00,1.02,1.02,1.02,1.03,1.03,1.01,1.01,"",126,2.5,5736,7.1,5655,6.9,5298,6.5,121583603,12.2,2555892,3.2,25750,1.8,47,5.0
"22021","0","10","70","0","2017","4","",217,2307,2345,2355,19642041,1337629,20812,647,"",1.00,1.00,1.00,1.00,1.00,1.00,1.00,1.00,"",-10,-4.4,-77,-3.2,-22,-0.9,-37,-1.5,-1236210,-5.9,-124805,-8.5,-4583,-18.0,-28,-4.1
"22021","1","10","71","0","2017","4","",6,27,29,29,338006,0,0,918,"",4.61,0.61,0.65,0.64,0.63,0.00,0.00,0.99,"",0,0.0,3,12.5,5,20.8,4,16.0,34287,11.3,0,0.0,0,0.0,-42,-4.4
"22021","2","10","71","0","2017","4","",11,46,46,45,485597,0,0,818,"",7.23,0.62,0.61,0.60,0.76,0.00,0.00,1.24,"",0,0.0,-1,-2.1,-1,-2.1,-2,-4.3,9971,2.1,0,0.0,0,0.0,40,5.1
"22021","3","10","71","0","2017","4","",25,561,570,576,3633104,1500,2,491,"",6.78,2.45,2.45,2.47,2.15,0.06,0.02,0.87,"",0,0.0,26,4.9,36,6.7,38,7.1,96477,2.7,400,36.4,-7,-77.8,-17,-3.3
"22021","5","10","71","0","2017","4","",175,1673,1700,1705,15185334,1336129,20810,690,"",0.83,0.85,0.85,0.85,0.91,1.03,1.01,1.06,"",-10,-5.4,-105,-5.9,-62,-3.5,-77,-4.3,-1376945,-8.3,-125205,-8.6,-4576,-18.0,-28,-3.9
"22023","0","10","70","0","2017","4","",178,13237,12416,12348,284524534,11073971,232833,1728,"",1.00,1.00,1.00,1.00,1.00,1.00,1.00,1.00,"",-17,-8.7,242,1.9,-600,-4.6,-775,-5.9,18977380,7.1,-9497262,-46.2,-240599,-50.8,162,10.3
"22023","1","10","71","0","2017","4","",5,16,16,16,256058,0,0,1231,"",4.68,0.06,0.07,0.07,0.03,0.00,0.00,0.50,"",0,0.0,-1,-5.9,0,0.0,0,0.0,34707,15.7,0,0.0,0,0.0,189,18.1
"22023","2","10","71","0","2017","4","",6,70,72,72,824377,1800,2,889,"",4.81,0.16,0.18,0.18,0.09,0.01,0.01,0.50,"",-2,-25.0,-3,-4.1,-2,-2.7,-5,-6.5,-44589,-5.1,0,0.0,0,0.0,-6,-0.7
"22023","3","10","71","0","2017","4","",18,678,671,670,6205716,15542,129,709,"",5.95,0.52,0.54,0.55,0.25,0.07,0.11,0.47,"",0,0.0,-12,-1.7,-10,-1.5,-4,-0.6,47827,0.8,2904,23.0,67,108.1,14,2.0
"22023","5","10","71","0","2017","4","",149,12473,11657,11590,277238383,11056629,232702,1791,"",0.86,1.11,1.11,1.10,1.14,1.03,1.01,1.03,"",-15,-9.1,258,2.1,-588,-4.8,-766,-6.2,18939435,7.3,-9500166,-46.2,-240666,-50.8,172,10.6
"22025","0","10","70","0","2017","4","",243,2074,2095,2037,17698317,1783486,35304,658,"",1.00,1.00,1.00,1.00,1.00,1.00,1.00,1.00,"",-1,-0.4,80,4.0,95,4.8,66,3.3,981783,5.9,332915,23.0,10728,43.7,11,1.7
"22025","1","10","71","0","2017","4","",9,48,46,44,690978,0,0,1155,"",6.18,1.20,1.15,1.12,1.42,0.00,0.00,1.23,"",0,0.0,2,4.3,0,0.0,-5,-10.2,-7038,-1.0,0,0.0,0,0.0,13,1.1
"22025","2","10","71","0","2017","4","",9,67,67,67,663697,0,0,762,"",5.29,1.01,1.00,1.03,1.15,0.00,0.00,1.14,"",-1,-10.0,-1,-1.5,-1,-1.5,-1,-1.5,20601,3.2,0,0.0,0,0.0,35,4.8
"22025","3","10","71","0","2017","4","",28,423,418,413,3035099,22520,472,559,"",6.78,2.06,2.01,2.05,1.99,0.64,2.54,0.98,"",0,0.0,-49,-10.4,-50,-10.7,-60,-12.7,-513634,-14.5,-3900,-14.8,-13,-2.7,-21,-3.6
"22025","5","10","71","0","2017","4","",197,1536,1564,1513,13308543,1760966,34832,666,"",0.84,0.87,0.88,0.87,0.88,1.02,0.99,1.01,"",0,0.0,128,9.1,146,10.3,132,9.6,1481854,12.5,336815,23.7,10741,44.6,17,2.6
"22027","0","10","70","0","2017","4","",276,3392,3397,3452,32422029,1862622,30013,731,"",1.00,1.00,1.00,1.00,1.00,1.00,1.00,1.00,"",-9,-3.2,49,1.5,65,2.0,127,3.8,1963577,6.4,280964,17.8,6128,25.7,28,4.0
"22027","1","10","71","0","2017","4","",6,45,42,43,568327,0,0,1009,"",3.62,0.69,0.65,0.65,0.64,0.00,0.00,0.97,"",0,0.0,1,2.3,-3,-6.7,-2,-4.4,41625,7.9,0,0.0,0,0.0,102,11.2
"22027","2","10","71","0","2017","4","",12,364,373,381,3702589,0,0,764,"",6.21,3.34,3.43,3.46,3.50,0.00,0.00,1.02,"",-1,-7.7,-41,-10.1,-32,-7.9,-24,-5.9,-222477,-5.7,0,0.0,0,0.0,18,2.4
"22027","3","10","71","0","2017","4","",33,758,767,792,6584550,15881,27,656,"",7.03,2.26,2.27,2.32,2.36,0.43,0.17,1.03,"",1,3.1,7,0.9,11,1.5,37,4.9,228195,3.6,5884,58.9,-41,-60.3,8,1.2
"22027","5","10","71","0","2017","4","",225,2225,2215,2236,21566563,1846741,29986,745,"",0.84,0.77,0.77,0.76,0.78,1.02,1.01,1.01,"",-9,-3.8,82,3.8,89,4.2,116,5.5,1916234,9.8,275080,17.5,6169,25.9,35,4.9
"22029","0","10","70","0","2017","4","",444,5296,5296,5222,44513527,3340151,64316,650,"",1.00,1.00,1.00,1.00,1.00,1.00,1.00,1.00,"",4,0.9,-217,-3.9,-220,-4.0,-220,-4.0,-367472,-0.8,-281500,-7.8,-6299,-8.9,21,3.3
"22029","1","10","71","0","2017","4","",9,58,62,61,966200,0,0,1232,"",3.38,0.57,0.61,0.61,0.79,0.00,0.00,1.33,"",0,0.0,-1,-1.7,4,6.9,4,7.0,74536,8.4,0,0.0,0,0.0,49,4.1
"22029","2","10","71","0","2017","4","",12,70,70,70,671249,0,0,738,"",3.86,0.41,0.41,0.42,0.46,0.00,0.00,1.11,"",-1,-7.7,-4,-5.4,-3,-4.1,-4,-5.4,13444,2.0,0,0.0,0,0.0,51,7.4
"22029","3","10","71","0","2017","4","",42,1342,1362,1346,11800484,82566,1759,672,"",5.57,2.56,2.59,2.60,3.08,1.25,5.20,1.19,"",0,0.0,-16,-1.2,-2,-0.1,-12,-0.9,174473,1.5,-47840,-36.7,-1301,-42.5,14,2.1
"22029","5","10","71","0","2017","4","",381,3826,3802,3745,31075594,3257585,62557,631,"",0.88,0.85,0.85,0.84,0.82,1.01,0.98,0.97,"",5,1.3,-196,-4.9,-219,-5.4,-208,-5.3,-629925,-2.0,-233660,-6.7,-4998,-7.4,21,3.4
"22031","0","10","70","0","2017","4","",535,6693,6784,6849,86637762,4818478,83752,984,"",1.00,1.00,1.00,1.00,1.00,1.00,1.00,1.00,"",9,1.7,238,3.7,327,5.1,404,6.3,7969635,10.1,1046182,27.7,17272,26.0,46,4.9
"22031","1","10","71","0","2017","4","",9,48,50,51,575422,0,0,891,"",2.80,0.37,0.39,0.39,0.24,0.00,0.00,0.63,"",0,0.0,0,0.0,3,6.4,5,10.9,30236,5.5,0,0.0,0,0.0,-1,-0.1
"22031","2","10","71","0","2017","4","",11,76,78,76,738189,0,0,741,"",2.93,0.35,0.36,0.35,0.26,0.00,0.00,0.74,"",1,10.0,-1,-1.3,2,2.6,1,1.3,164,0.0,0,0.0,0,0.0,-6,-0.8
"22031","3","10","71","0","2017","4","",42,1516,1513,1523,15196256,68084,777,770,"",4.62,2.29,2.25,2.25,2.04,0.71,1.76,0.90,"",0,0.0,28,1.9,27,1.8,41,2.8,-43358,-0.3,43335,175.1,528,212.0,-19,-2.4
"22031","5","10","71","0","2017","4","",473,5053,5143,5199,70127895,4750394,82975,1051,"",0.91,0.89,0.89,0.89,0.95,1.02,1.00,1.06,"",8,1.7,211,4.4,295,6.1,357,7.4,7982593,12.8,1002847,26.8,16744,25.3,64,6.5
"22033","0","10","70","0","2017","4","",15697,268388,268943,267003,3517691348,208417307,3713168,1009,"",1.00,1.00,1.00,1.00,1.00,1.00,1.00,1.00,"",287,1.9,-3916,-1.4,-2711,-1.0,-2642,-1.0,-22881842,-0.6,-17232452,-7.6,-553956,-13.0,5,0.5
"22033","1","10","71","0","2017","4","",65,2363,2348,2408,45408001,0,0,1472,"",0.69,0.46,0.46,0.47,0.47,0.00,0.00,1.02,"",0,0.0,29,1.2,7,0.3,-37,-1.5,1003079,2.3,0,0.0,0,0.0,33,2.3
"22033","2","10","71","0","2017","4","",164,27023,27148,27237,339890473,55393,606,963,"",1.49,3.14,3.15,3.20,2.96,0.02,0.12,0.94,"",1,0.6,-464,-1.7,-563,-2.0,-481,-1.7,8662505,2.6,-54424,-49.6,-1365,-69.3,41,4.4
"22033","3","10","71","0","2017","4","",116,16914,16871,16733,186657643,393913,7218,853,"",0.43,0.64,0.63,0.63,0.62,0.10,0.37,0.97,"",0,0.0,234,1.4,193,1.2,109,0.7,3777884,2.1,302958,333.1,6196,606.3,9,1.1
"22033","5","10","71","0","2017","4","",15352,222088,222576,220625,2945735231,207968001,3705344,1022,"",1.01,0.97,0.97,0.97,0.98,1.03,1.00,1.01,"",286,1.9,-3715,-1.6,-2348,-1.0,-2233,-1.0,-36325310,-1.2,-17480986,-7.8,-558787,-13.1,0,0.0
"22035","0","10","70","0","2017","4","",186,1829,1828,1782,13764143,1170149,23970,584,"",1.00,1.00,1.00,1.00,1.00,1.00,1.00,1.00,"",-4,-2.1,-118,-6.1,-71,-3.7,-39,-2.1,-928519,-6.3,-148404,-11.3,-2751,-10.3,-14,-2.3
"22035","1","10","71","0","2017","4","",4,19,18,18,248118,0,0,1041,"",3.59,0.54,0.51,0.52,0.66,0.00,0.00,1.25,"",0,0.0,0,0.0,-1,-5.3,-4,-18.2,14113,6.0,0,0.0,0,0.0,141,15.7
"22035","2","10","71","0","2017","4","",9,41,41,41,409889,0,0,769,"",6.91,0.70,0.70,0.72,0.91,0.00,0.00,1.29,"",0,0.0,2,5.1,1,2.5,1,2.5,-8358,-2.0,0,0.0,0,0.0,-42,-5.2
"22035","3","10","71","0","2017","4","",25,476,464,458,4136354,74467,1162,683,"",7.91,2.63,2.56,2.60,3.49,3.21,9.21,1.35,"",1,4.2,1,0.2,-22,-4.5,-21,-4.4,1779,0.0,570,0.8,-55,-4.5,20,3.0
"22035","5","10","71","0","2017","4","",148,1293,1305,1265,8969782,1095682,22808,536,"",0.82,0.83,0.84,0.84,0.76,0.97,0.96,0.91,"",-5,-3.3,-121,-8.6,-49,-3.6,-15,-1.2,-936053,-9.4,-148974,-12.0,-2696,-10.6,-29,-5.1
"22037","0","10","70","0","2017","4","",345,4866,4881,4920,49761618,2468856,34528,783,"",1.00,1.00,1.00,1.00,1.00,1.00,1.00,1.00,"",4,1.2,16,0.3,32,0.7,25,0.5,1797055,3.7,160757,7.0,3566,11.5,25,3.3
"22037","1","10","71","0","2017","4","",5,24,23,23,322199,0,0,1062,"",2.42,0.26,0.25,0.24,0.24,0.00,0.00,0.95,"",-1,-16.7,-5,-17.2,-1,-4.2,-3,-11.5,-18960,-5.6,0,0.0,0,0.0,65,6.5
"22037","2","10","71","0","2017","4","",23,1819,1853,1905,20204230,0,0,836,"",9.51,11.65,11.85,12.14,12.44,0.00,0.00,1.05,"",0,0.0,-7,-0.4,9,0.5,14,0.7,1175917,6.2,0,0.0,0,0.0,46,5.8
"22037","3","10","71","0","2017","4","",20,568,567,568,4432090,29819,464,601,"",3.41,1.18,1.17,1.17,1.04,0.61,2.55,0.88,"",0,0.0,4,0.7,10,1.8,11,2.0,259018,6.2,-31365,-51.3,-380,-45.0,27,4.7
"22037","5","10","71","0","2017","4","",297,2455,2438,2424,24803099,2439037,34064,782,"",0.89,0.59,0.59,0.58,0.58,1.02,0.99,0.99,"",5,1.7,24,1.0,14,0.6,3,0.1,381080,1.6,192122,8.6,3946,13.1,7,0.9
"22039","0","10","70","0","2017","4","",631,7992,8104,8031,72612523,4765037,66730,695,"",1.00,1.00,1.00,1.00,1.00,1.00,1.00,1.00,"",15,2.4,-20,-0.2,120,1.5,2,0.0,2524350,3.6,39156,0.8,-5734,-7.9,22,3.3
"22039","1","10","71","0","2017","4","",10,48,51,57,720328,0,0,1066,"",2.64,0.31,0.33,0.37,0.36,0.00,0.00,1.07,"",0,0.0,-5,-9.4,-1,-1.9,3,5.6,31828,4.6,0,0.0,0,0.0,67,6.7
"22039","2","10","71","0","2017","4","",15,133,134,131,1329228,0,0,771,"",3.39,0.52,0.52,0.51,0.56,0.00,0.00,1.09,"",-1,-6.2,-8,-5.7,-7,-5.0,-11,-7.7,8932,0.7,0,0.0,0,0.0,52,7.2
"22039","3","10","71","0","2017","4","",52,1449,1465,1472,12075055,108365,1644,635,"",4.85,1.83,1.82,1.85,1.93,1.15,4.68,1.05,"",-1,-1.9,6,0.4,16,1.1,21,1.4,415151,3.6,-36148,-25.0,-588,-26.3,15,2.4
"22039","5","10","71","0","2017","4","",554,6362,6454,6371,58487912,4656672,65086,703,"",0.91,0.94,0.94,0.93,0.94,1.01,0.98,1.01,"",17,3.2,-13,-0.2,112,1.8,-11,-0.2,2068439,3.7,75304,1.6,-5146,-7.3,21,3.1
"22041","0","10","70","0","2017","4","",425,4798,4778,4762,36086433,2845520,43719,581,"",1.00,1.00,1.00,1.00,1.00,1.00,1.00,1.00,"",-9,-2.1,183,4.0,110,2.4,106,2.3,1880566,5.5,-7455,-0.3,-2064,-4.5,15,2.7
"22041","1","10","71","0","2017","4","",11,54,51,53,653263,0,0,954,"",4.32,0.58,0.56,0.58,0.66,0.00,0.00,1.15,"",0,0.0,3,5.9,-2,-3.8,1,1.9,-15532,-2.3,0,0.0,0,0.0,-35,-3.5
"22041","2","10","71","0","2017","4","",13,203,204,203,2001272,0,0,757,"",4.37,1.32,1.33,1.34,1.70,0.00,0.00,1.28,"",1,8.3,18,9.7,20,10.9,19,10.3,111950,5.9,0,0.0,0,0.0,-31,-3.9
"22041","3","10","71","0","2017","4","",31,1233,1213,1228,9572842,12211,28,601,"",4.29,2.59,2.56,2.61,3.09,0.22,0.12,1.19,"",0,0.0,59,5.0,36,3.1,46,3.9,394172,4.3,-3031,-19.9,-37,-56.9,1,0.2
"22041","5","10","71","0","2017","4","",370,3308,3310,3278,23859056,2833309,43691,556,"",0.90,0.81,0.82,0.81,0.77,1.03,1.01,0.95,"",-10,-2.6,103,3.2,56,1.7,40,1.2,1389976,6.2,-4424,-0.2,-2027,-4.4,21,3.9
"22043","0","10","70","0","2017","4","",230,3500,3480,3350,34048651,1767773,34302,761,"",1.00,1.00,1.00,1.00,1.00,1.00,1.00,1.00,"",11,5.0,86,2.5,73,2.1,93,2.9,1302176,4.0,126505,7.7,3457,11.2,11,1.5
"22043","1","10","71","0","2017","4","",10,699,713,707,10957716,0,0,1193,"",7.25,10.38,10.71,10.96,11.71,0.00,0.00,1.10,"",0,0.0,-41,-5.5,-31,-4.2,-32,-4.3,-479650,-4.2,0,0.0,0,0.0,6,0.5
"22043","2","10","71","0","2017","4","",8,46,46,46,467792,0,0,782,"",4.96,0.41,0.41,0.43,0.42,0.00,0.00,1.01,"",-1,-11.1,-1,-2.1,-1,-2.1,-2,-4.2,-15486,-3.2,0,0.0,0,0.0,-3,-0.4
"22043","3","10","71","0","2017","4","",20,822,819,699,6218497,14935,88,613,"",5.12,2.37,2.37,2.11,2.12,0.43,0.49,0.93,"",0,0.0,15,1.9,18,2.2,18,2.6,155726,2.6,-3194,-17.6,-179,-67.0,2,0.3
"22043","5","10","71","0","2017","4","",192,1933,1902,1898,16404646,1752838,34214,660,"",0.86,0.65,0.64,0.67,0.56,1.02,1.00,0.86,"",12,6.7,113,6.2,87,4.8,109,6.1,1641586,11.1,129699,8.0,3636,11.9,32,5.1
"22045","0","10","70","0","2017","4","",1898,26532,26494,26326,318231368,18503144,324987,925,"",1.00,1.00,1.00,1.00,1.00,1.00,1.00,1.00,"",-18,-0.9,-445,-1.6,-383,-1.4,-418,-1.6,1606493,0.5,1125906,6.5,51135,18.7,18,2.0
"22045","1","10","71","0","2017","4","",9,100,100,97,1604029,0,0,1246,"",0.79,0.20,0.20,0.19,0.18,0.00,0.00,0.94,"",0,0.0,4,4.2,8,8.7,-4,-4.0,-30603,-1.9,0,0.0,0,0.0,-59,-4.5
"22045","2","10","71","0","2017","4","",22,281,281,281,2586223,29915,239,708,"",1.65,0.33,0.33,0.33,0.25,0.13,0.56,0.75,"",1,4.8,2,0.7,3,1.1,0,0.0,3366,0.1,7514,33.5,-19,-7.4,-3,-0.4
"22045","3","10","71","0","2017","4","",76,3943,3899,3866,37893627,5215,68,747,"",2.36,1.50,1.48,1.48,1.38,0.01,0.04,0.93,"",-6,-7.3,-12,-0.3,-27,-0.7,-36,-0.9,-254947,-0.7,230,4.6,19,38.8,0,0.0
"22045","5","10","71","0","2017","4","",1791,22208,22214,22082,276147489,18468014,324680,958,"",0.97,0.99,0.99,0.99,1.02,1.03,1.01,1.03,"",-13,-0.7,-439,-1.9,-367,-1.6,-378,-1.7,1888677,0.7,1118162,6.4,51135,18.7,23,2.5
"22047","0","10","70","0","2017","4","",735,17187,17204,17291,305814567,14787360,330798,1366,"",1.00,1.00,1.00,1.00,1.00,1.00,1.00,1.00,"",14,1.9,710,4.3,1172,7.3,1356,8.5,32828725,12.0,-961485,-6.1,-45179,-12.0,66,5.1
"22047","1","10","71","0","2017","4","",12,86,87,85,1307151,0,0,1169,"",2.72,0.26,0.26,0.26,0.16,0.00,0.00,0.60,"",0,0.0,0,0.0,1,1.2,-2,-2.3,45160,3.6,0,0.0,0,0.0,45,4.0
"22047","2","10","71","0","2017","4","",17,1188,1199,1218,13052882,0,0,836,"",3.30,2.15,2.18,2.21,1.31,0.00,0.00,0.60,"",-1,-5.6,-17,-1.4,0,0.0,13,1.1,211278,1.6,0,0.0,0,0.0,15,1.8
"22047","3","10","71","0","2017","4","",55,1585,1594,1584,18845400,138257,2835,913,"",4.40,0.93,0.93,0.93,0.72,0.47,1.63,0.77,"",1,1.9,56,3.7,70,4.6,51,3.3,3480512,22.7,73911,114.9,1861,191.1,140,18.1
"22047","5","10","71","0","2017","4","",651,14328,14324,14404,272609134,14649103,327963,1461,"",0.91,0.98,0.98,0.98,1.04,1.02,1.00,1.06,"",14,2.2,671,4.9,1101,8.3,1294,9.9,29091775,11.9,-1035396,-6.6,-47040,-12.5,56,4.0
"22049","0","10","70","0","2017","4","",292,3463,3519,3457,33987920,1742837,20837,751,"",1.00,1.00,1.00,1.00,1.00,1.00,1.00,1.00,"",-7,-2.3,-22,-0.6,-47,-1.3,-104,-2.9,-2063881,-5.7,-217719,-11.1,-4685,-18.4,-33,-4.2
"22049","1","10","71","0","2017","4","",5,29,28,29,366336,0,0,983,"",2.85,0.44,0.42,0.44,0.39,0.00,0.00,0.92,"",0,0.0,-2,-6.5,-4,-12.5,-3,-9.4,10536,3.0,0,0.0,0,0.0,119,13.8
"22049","2","10","71","0","2017","4","",11,36,38,36,350611,0,0,736,"",5.38,0.32,0.34,0.33,0.32,0.00,0.00,0.96,"",0,0.0,-10,-21.7,-10,-20.8,-12,-25.0,-96533,-21.6,0,0.0,0,0.0,9,1.2
"22049","3","10","71","0","2017","4","",36,1033,1038,1025,8523276,46484,696,635,"",7.25,3.01,2.97,3.00,2.92,1.35,6.35,0.97,"",-2,-5.3,18,1.8,-13,-1.2,-27,-2.6,-510361,-5.6,-32610,-41.2,-567,-44.9,-34,-5.1
"22049","5","10","71","0","2017","4","",240,2365,2415,2367,24747697,1696353,20141,799,"",0.85,0.80,0.81,0.81,0.85,1.01,0.97,1.06,"",-5,-2.0,-28,-1.2,-20,-0.8,-62,-2.6,-1467523,-5.6,-185109,-9.8,-4118,-17.0,-35,-4.2
"22051","0","10","70","0","2017","4","",13994,190368,191977,192174,2428578547,145286105,2243689,975,"",1.00,1.00,1.00,1.00,1.00,1.00,1.00,1.00,"",195,1.4,-2866,-1.5,-2820,-1.4,-2727,-1.4,11332674,0.5,-4388528,-2.9,-70291,-3.0,18,1.9
"22051","1","10","71","0","2017","4","",31,1485,1473,1506,30675224,0,0,1586,"",0.37,0.41,0.40,0.41,0.46,0.00,0.00,1.14,"",-1,-3.1,9,0.6,5,0.3,-14,-0.9,616180,2.0,0,0.0,0,0.0,32,2.1
"22051","2","10","71","0","2017","4","",40,1520,1533,1544,17409014,3600,67,874,"",0.41,0.25,0.25,0.25,0.22,0.00,0.02,0.88,"",0,0.0,8,0.5,4,0.3,4,0.3,160154,0.9,3073,583.1,64,2133.3,5,0.6
"22051","3","10","71","0","2017","4","",107,15444,15581,15538,176247106,43786,493,873,"",0.45,0.82,0.82,0.82,0.84,0.02,0.04,1.03,"",2,1.9,56,0.4,204,1.3,206,1.3,3548877,2.1,19920,83.5,390,378.6,8,0.9
"22051","5","10","71","0","2017","4","",13816,171919,173390,173586,2204247203,145238719,2243129,980,"",1.02,1.06,1.06,1.06,1.06,1.03,1.01,1.00,"",194,1.4,-2939,-1.7,-3033,-1.7,-2923,-1.7,7007463,0.3,-4411521,-2.9,-70745,-3.1,19,2.0
"22053","0","10","70","0","2017","4","",762,8462,8446,8351,78002200,5997790,80715,713,"",1.00,1.00,1.00,1.00,1.00,1.00,1.00,1.00,"",-1,-0.1,-161,-1.9,-94,-1.1,-61,-0.7,-2214,0.0,206748,3.6,7253,9.9,9,1.3
"22053","1","10","71","0","2017","4","",11,87,88,89,1472197,0,0,1287,"",2.41,0.53,0.54,0.55,0.69,0.00,0.00,1.26,"",0,0.0,-8,-8.4,-2,-2.2,-1,-1.1,-38117,-2.5,0,0.0,0,0.0,20,1.6
"22053","2","10","71","0","2017","4","",12,215,219,223,1904408,0,0,669,"",2.25,0.79,0.81,0.84,0.75,0.00,0.00,0.92,"",0,0.0,6,2.9,1,0.5,6,2.8,107909,6.0,0,0.0,0,0.0,25,3.9
"22053","3","10","71","0","2017","4","",69,1793,1731,1569,15072155,163802,1417,683,"",5.33,2.14,2.06,1.90,2.25,1.38,3.34,1.10,"",1,1.5,7,0.4,-3,-0.2,-6,-0.4,-178573,-1.2,52830,47.6,6,0.4,-8,-1.2
"22053","5","10","71","0","2017","4","",670,6367,6408,6470,59553440,5833988,79298,714,"",0.91,0.89,0.89,0.91,0.89,1.01,0.99,1.00,"",-2,-0.3,-166,-2.5,-90,-1.4,-60,-0.9,106567,0.2,153918,2.7,7247,10.1,13,1.9
"22055","0","10","70","0","2017","4","",9675,129124,129561,129543,1591831851,99328892,1501210,946,"",1.00,1.00,1.00,1.00,1.00,1.00,1.00,1.00,"",244,2.6,-210,-0.2,-47,0.0,-466,-0.4,52985941,3.4,6653476,7.2,113213,8.2,33,3.6
"22055","1","10","71","0","2017","4","",41,992,994,1029,18874654,0,0,1445,"",0.71,0.40,0.40,0.41,0.43,0.00,0.00,1.07,"",1,2.5,27,2.8,16,1.6,2,0.2,470552,2.6,0,0.0,0,0.0,15,1.0
"22055","2","10","71","0","2017","4","",45,3519,3482,3521,45157502,0,0,990,"",0.66,0.85,0.84,0.85,0.87,0.00,0.00,1.03,"",-1,-2.2,35,1.0,-9,-0.3,52,1.5,1645579,3.8,0,0.0,0,0.0,29,3.0
"22055","3","10","71","0","2017","4","",56,8765,8707,8629,87480200,167936,1449,773,"",0.34,0.69,0.68,0.67,0.64,0.09,0.18,0.94,"",-1,-1.8,-3,0.0,-126,-1.4,-81,-0.9,1986338,2.3,72236,75.5,611,72.9,23,3.1
"22055","5","10","71","0","2017","4","",9533,115848,116378,116364,1440319495,99160956,1499761,954,"",1.02,1.06,1.06,1.06,1.06,1.03,1.01,1.00,"",245,2.6,-269,-0.2,72,0.1,-439,-0.4,48883472,3.5,6581240,7.1,112602,8.1,35,3.8
"22057","0","10","70","0","2017","4","",2047,33775,34202,34128,424916603,25460757,392152,960,"",1.00,1.00,1.00,1.00,1.00,1.00,1.00,1.00,"",-24,-1.2,-406,-1.2,256,0.8,279,0.8,-2706015,-0.6,4875716,23.7,95795,32.3,-8,-0.8
"22057","1","10","71","0","2017","4","",15,133,133,141,2047209,0,0,1161,"",1.22,0.20,0.20,0.21,0.18,0.00,0.00,0.85,"",0,0.0,6,4.7,3,2.3,7,5.2,-43913,-2.1,0,0.0,0,0.0,-73,-5.9
"22057","2","10","71","0","2017","4","",32,1186,1184,1181,13461323,0,0,875,"",2.23,1.09,1.08,1.09,0.97,0.00,0.00,0.89,"",0,0.0,-59,-4.7,-49,-4.0,-54,-4.4,-869346,-6.1,0,0.0,0,0.0,-16,-1.8
"22057","3","10","71","0","2017","4","",71,5401,5415,5449,57428782,125772,1074,815,"",2.04,1.61,1.59,1.61,1.57,0.25,0.52,0.98,"",-4,-5.3,-98,-1.8,-74,-1.3,-97,-1.7,-1257212,-2.1,13834,12.4,-146,-12.0,-4,-0.5
"22057","5","10","71","0","2017","4","",1929,27055,27470,27357,351979289,25334985,391078,992,"",0.97,0.94,0.95,0.94,0.97,1.03,1.00,1.03,"",-20,-1.0,-255,-0.9,376,1.4,423,1.6,-535544,-0.2,4861882,23.7,95941,32.5,-8,-0.8
"22059","0","10","70","0","2017","4","",418,4278,4332,4276,39143187,2620013,42318,701,"",1.00,1.00,1.00,1.00,1.00,1.00,1.00,1.00,"",-14,-3.2,-17,-0.4,5,0.1,-35,-0.8,-944347,-2.4,22334,0.9,1138,2.8,-14,-2.0
"22059","1","10","71","0","2017","4","",7,40,40,39,653210,0,0,1267,"",2.79,0.49,0.48,0.47,0.61,0.00,0.00,1.26,"",0,0.0,1,2.6,3,8.1,2,5.4,26469,4.2,0,0.0,0,0.0,-13,-1.0
"22059","2","10","71","0","2017","4","",9,58,58,58,595169,0,0,789,"",3.07,0.42,0.42,0.43,0.47,0.00,0.00,1.10,"",-2,-18.2,4,7.4,2,3.6,2,3.6,36061,6.4,0,0.0,0,0.0,12,1.5
"22059","3","10","71","0","2017","4","",38,1310,1329,1322,11339186,93206,847,661,"",5.35,3.09,3.09,3.12,3.37,1.80,3.80,1.09,"",0,0.0,-10,-0.8,5,0.4,-8,-0.6,259659,2.3,-20714,-18.2,150,21.5,18,2.8
"22059","5","10","71","0","2017","4","",364,2870,2905,2857,26555622,2526807,41471,710,"",0.90,0.79,0.79,0.79,0.79,1.00,0.99,1.01,"",-12,-3.2,-12,-0.4,-5,-0.2,-31,-1.1,-1266536,-4.6,43048,1.7,988,2.4,-30,-4.1
"22061","0","10","70","0","2017","4","",1266,19350,19409,19280,180712413,13543071,208822,719,"",1.00,1.00,1.00,1.00,1.00,1.00,1.00,1.00,"",43,3.5,470,2.5,510,2.7,490,2.6,8545328,5.0,894857,7.1,22335,12.0,17,2.4
"22061","1","10","71","0","2017","4","",12,112,120,116,1598086,0,0,1060,"",1.58,0.30,0.32,0.31,0.32,0.00,0.00,1.03,"",1,9.1,1,0.9,13,12.1,7,6.4,-10439,-0.6,0,0.0,0,0.0,-75,-6.6
"22061","2","10","71","0","2017","4","",19,2147,2140,2128,23707650,2032,2,853,"",2.14,3.46,3.44,3.46,4.02,0.01,0.01,1.16,"",2,11.8,34,1.6,35,1.7,32,1.5,1077467,4.8,2032,100.0,2,100.0,26,3.1
"22061","3","10","71","0","2017","4","",52,1806,1829,1854,16859565,14926,202,709,"",2.42,0.94,0.95,0.97,1.08,0.06,0.18,1.14,"",1,2.0,-5,-0.3,16,0.9,-4,-0.2,729006,4.5,-1661,-10.0,-121,-37.5,30,4.4
"22061","5","10","71","0","2017","4","",1183,15285,15320,15182,138547112,13526113,208618,698,"",0.96,0.93,0.93,0.93,0.90,1.03,1.01,0.97,"",39,3.4,440,3.0,446,3.0,455,3.1,6749294,5.1,894486,7.1,22454,12.1,14,2.0
"22063","0","10","70","0","2017","4","",2245,27616,27923,27726,258125873,23678528,374781,715,"",1.00,1.00,1.00,1.00,1.00,1.00,1.00,1.00,"",66,3.0,2164,8.5,2018,7.8,1624,6.2,7595910,3.0,-660720,-2.7,-41631,-10.0,-31,-4.2
"22063","1","10","71","0","2017","4","",15,160,161,167,2566791,0,0,1214,"",1.11,0.30,0.30,0.31,0.36,0.00,0.00,1.19,"",0,0.0,2,1.3,18,12.6,14,9.2,56217,2.2,0,0.0,0,0.0,-62,-4.9
"22063","2","10","71","0","2017","4","",19,192,194,195,1960597,0,0,779,"",1.21,0.22,0.22,0.22,0.23,0.00,0.00,1.07,"",1,5.6,13,7.3,15,8.4,12,6.6,172367,9.6,-1200,-100.0,-1,-100.0,16,2.1
"22063","3","10","71","0","2017","4","",53,5332,5376,5371,44792195,167150,1399,643,"",1.39,1.95,1.94,1.96,2.02,0.36,0.71,1.04,"",0,0.0,157,3.0,99,1.9,113,2.1,-109085,-0.2,42556,34.2,266,23.5,-17,-2.6
"22063","5","10","71","0","2017","4","",2158,21932,22192,21993,208806290,23511378,373382,729,"",0.99,0.93,0.94,0.93,0.95,1.03,1.00,1.01,"",65,3.1,1992,10.0,1886,9.3,1485,7.2,7476411,3.7,-702076,-2.9,-41896,-10.1,-36,-4.7
"22065","0","10","70","0","2017","4","",266,3253,3258,3290,25121901,1924980,37218,592,"",1.00,1.00,1.00,1.00,1.00,1.00,1.00,1.00,"",-11,-4.0,-171,-5.0,-145,-4.3,-78,-2.3,651421,2.7,-417568,-17.8,-7532,-16.8,38,6.9
"22065","1","10","71","0","2017","4","",5,36,40,37,575876,0,0,1176,"",3.13,0.57,0.64,0.58,0.83,0.00,0.00,1.39,"",0,0.0,-1,-2.7,1,2.6,-5,-11.9,36575,6.8,0,0.0,0,0.0,121,11.5
"22065","2","10","71","0","2017","4","",18,128,129,128,1262047,0,0,756,"",9.66,1.23,1.24,1.22,1.54,0.00,0.00,1.25,"",0,0.0,-10,-7.2,-10,-7.2,-10,-7.2,-102942,-7.5,0,0.0,0,0.0,-3,-0.4
"22065","3","10","71","0","2017","4","",28,627,631,631,6377303,49141,582,779,"",6.19,1.95,1.95,1.94,2.95,1.29,2.97,1.52,"",2,7.7,44,7.5,41,6.9,38,6.4,788748,14.1,22454,84.1,381,189.6,49,6.7
"22065","5","10","71","0","2017","4","",215,2462,2458,2494,16906675,1875839,36636,526,"",0.83,0.89,0.89,0.89,0.79,1.01,0.99,0.88,"",-13,-5.7,-204,-7.7,-177,-6.7,-101,-3.9,-70960,-0.4,-440022,-19.0,-7913,-17.8,30,6.0
"22067","0","10","70","0","2017","4","",541,6874,6722,6832,55530014,5387417,107303,627,"",1.00,1.00,1.00,1.00,1.00,1.00,1.00,1.00,"",14,2.7,-39,-0.6,-99,-1.5,-71,-1.0,2111301,4.0,522852,10.7,14643,15.8,30,5.0
"22067","1","10","71","0","2017","4","",9,53,53,54,643637,0,0,928,"",2.77,0.40,0.41,0.41,0.42,0.00,0.00,1.03,"",0,0.0,3,6.0,-1,-1.9,-4,-6.9,-47326,-6.8,0,0.0,0,0.0,-56,-5.7
"22067","2","10","71","0","2017","4","",13,95,96,97,943167,0,0,756,"",3.43,0.43,0.45,0.45,0.52,0.00,0.00,1.18,"",0,0.0,-56,-37.1,-54,-36.0,-53,-35.3,-412860,-30.4,0,0.0,0,0.0,62,8.9
"22067","3","10","71","0","2017","4","",33,1009,1004,1005,7871479,103813,1201,602,"",3.59,1.48,1.50,1.49,1.65,0.97,2.13,1.11,"",0,0.0,-27,-2.6,-42,-4.0,-37,-3.6,13675,0.2,34374,49.5,284,31.0,22,3.8
"22067","5","10","71","0","2017","4","",486,5717,5569,5676,46071731,5283604,106102,627,"",0.93,0.98,0.98,0.98,0.97,1.01,1.00,0.99,"",14,3.0,41,0.7,-2,0.0,23,0.4,2557812,5.9,488478,10.2,14359,15.7,33,5.6
"22069","0","10","70","0","2017","4","",962,12946,12909,13119,115142475,7963204,130275,682,"",1.00,1.00,1.00,1.00,1.00,1.00,1.00,1.00,"",-2,-0.2,-465,-3.5,-407,-3.1,-372,-2.8,-89783,-0.1,229950,3.0,1885,1.5,21,3.2
"22069","1","10","71","0","2017","4","",25,163,157,158,2371895,0,0,1145,"",4.33,0.65,0.64,0.63,0.75,0.00,0.00,1.17,"",0,0.0,-9,-5.2,-12,-7.1,-8,-4.8,-60797,-2.5,0,0.0,0,0.0,38,3.4
"22069","2","10","71","0","2017","4","",26,1238,1235,1281,12645228,5055,5,777,"",3.86,2.98,2.99,3.06,3.36,0.05,0.03,1.12,"",0,0.0,-280,-18.4,-293,-19.2,-258,-16.8,128263,1.0,3405,206.4,3,150.0,147,23.3
"22069","3","10","71","0","2017","4","",54,2452,2425,2491,22467767,56557,224,704,"",3.30,1.91,1.89,1.92,2.27,0.36,0.33,1.19,"",0,0.0,-62,-2.5,-90,-3.6,-39,-1.5,264783,1.2,17964,46.5,-76,-25.3,26,3.8
"22069","5","10","71","0","2017","4","",857,9093,9092,9189,77657585,7901592,130046,655,"",0.92,0.83,0.83,0.82,0.79,1.03,1.00,0.96,"",-2,-0.2,-114,-1.2,-12,-0.1,-67,-0.7,-422032,-0.5,208581,2.7,1958,1.5,1,0.2
"22071","0","10","70","0","2017","4","",12830,195978,197149,196271,2645508572,154844705,2614687,1036,"",1.00,1.00,1.00,1.00,1.00,1.00,1.00,1.00,"",385,3.1,611,0.3,165,0.1,1606,0.8,117353054,4.6,3900221,2.6,56156,2.2,42,4.2
"22071","1","10","71","0","2017","4","",59,9689,9746,9929,199023191,0,0,1564,"",0.77,2.57,2.58,2.63,2.74,0.00,0.00,1.06,"",-1,-1.7,466,5.1,483,5.2,353,3.7,19048873,10.6,0,0.0,0,0.0,84,5.7
"22071","2","10","71","0","2017","4","",64,8669,8696,8728,109363573,6482,6,967,"",0.71,1.38,1.38,1.39,1.27,0.00,0.00,0.92,"",-3,-4.5,154,1.8,105,1.2,143,1.7,4173870,4.0,6482,100.0,6,100.0,22,2.3
"22071","3","10","71","0","2017","4","",312,8507,8496,8237,111925722,264052,2252,1023,"",1.43,0.44,0.43,0.42,0.49,0.09,0.16,1.14,"",2,0.6,100,1.2,160,1.9,93,1.1,10971538,10.9,5869,2.3,-557,-19.8,87,9.3
"22071","5","10","71","0","2017","4","",12395,169113,170211,169377,2225196086,154574171,2612429,1009,"",1.00,1.02,1.02,1.02,0.99,1.03,1.01,0.97,"",387,3.2,-109,-0.1,-583,-0.3,1017,0.6,83158773,3.9,3887870,2.6,56707,2.2,37,3.8
"22073","0","10","70","0","2017","4","",4765,71177,72033,71979,731275322,51910819,824517,784,"",1.00,1.00,1.00,1.00,1.00,1.00,1.00,1.00,"",46,1.0,-744,-1.0,-121,-0.2,126,0.2,12876389,1.8,430239,0.8,-4275,-0.5,16,2.1
"22073","1","10","71","0","2017","4","",26,426,430,439,7239628,0,0,1290,"",0.91,0.31,0.31,0.32,0.36,0.00,0.00,1.15,"",-1,-3.7,-3,-0.7,-4,-0.9,7,1.6,127532,1.8,0,0.0,0,0.0,23,1.8
"22073","2","10","71","0","2017","4","",42,2569,2591,2626,30047290,0,0,891,"",1.26,1.12,1.12,1.14,1.26,0.00,0.00,1.11,"",1,2.4,18,0.7,34,1.3,38,1.5,430860,1.5,0,0.0,0,0.0,3,0.3
"22073","3","10","71","0","2017","4","",98,7780,7832,7803,74805777,95667,1009,737,"",1.21,1.10,1.09,1.10,1.19,0.09,0.23,1.08,"",-1,-1.0,-66,-0.8,-66,-0.8,-7,-0.1,-1242326,-1.6,-3404,-3.4,-98,-8.9,-8,-1.1
"22073","5","10","71","0","2017","4","",4599,60402,61180,61111,619182627,51815152,823508,782,"",1.00,1.00,1.00,1.00,0.99,1.03,1.01,0.99,"",47,1.0,-693,-1.1,-85,-0.1,88,0.1,13560323,2.2,433643,0.8,-4177,-0.5,20,2.6
"22075","0","10","70","0","2017","4","",798,12486,12319,12361,205472123,6226932,106273,1276,"",1.00,1.00,1.00,1.00,1.00,1.00,1.00,1.00,"",-5,-0.6,-822,-6.2,-757,-5.8,-446,-3.5,-7680489,-3.6,-160937,-2.5,-7722,-6.8,21,1.7
"22075","1","10","71","0","2017","4","",9,660,671,668,11998027,0,0,1385,"",1.88,2.75,2.85,2.81,2.12,0.00,0.00,0.76,"",0,0.0,10,1.5,11,1.7,12,1.8,558952,4.9,0,0.0,0,0.0,42,3.1
"22075","2","10","71","0","2017","4","",7,42,43,43,400817,0,0,723,"",1.25,0.10,0.11,0.11,0.06,0.00,0.00,0.56,"",0,0.0,5,13.5,5,13.2,5,13.2,73048,22.3,0,0.0,0,0.0,54,8.1
"22075","3","10","71","0","2017","4","",9,1465,1472,1486,16171025,0,0,844,"",0.66,1.18,1.20,1.21,0.92,0.00,0.00,0.76,"",0,0.0,-114,-7.2,-98,-6.2,-80,-5.1,-759873,-4.5,0,0.0,0,0.0,15,1.8
"22075","5","10","71","0","2017","4","",773,10319,10133,10164,176902254,6226932,106273,1333,"",1.00,0.97,0.97,0.97,1.01,1.03,1.01,1.04,"",-5,-0.6,-723,-6.5,-675,-6.2,-383,-3.6,-7552616,-4.1,-160937,-2.5,-7722,-6.8,19,1.4
"22077","0","10","70","0","2017","4","",457,5128,5087,5106,47243191,4169236,59171,712,"",1.00,1.00,1.00,1.00,1.00,1.00,1.00,1.00,"",7,1.6,13,0.3,-7,-0.1,148,3.0,735155,1.6,403955,10.7,3980,7.2,4,0.6
"22077","1","10","71","0","2017","4","",19,59,55,56,837789,0,0,1137,"",6.93,0.60,0.56,0.57,0.65,0.00,0.00,1.12,"",0,0.0,-2,-3.3,-9,-14.1,-8,-12.5,2221,0.3,0,0.0,0,0.0,117,11.5
"22077","2","10","71","0","2017","4","",9,37,38,36,357471,0,0,743,"",2.81,0.22,0.23,0.22,0.23,0.00,0.00,1.02,"",-2,-18.2,-19,-33.9,-18,-32.1,-20,-35.7,-55328,-13.4,0,0.0,0,0.0,176,31.0
"22077","3","10","71","0","2017","4","",31,1014,1005,1003,8249779,14016,212,630,"",3.99,2.00,1.99,1.98,2.03,0.17,0.68,1.02,"",-2,-6.1,-7,-0.7,3,0.3,126,14.4,235598,2.9,-5546,-28.4,-92,-30.3,-8,-1.3
"22077","5","10","71","0","2017","4","",398,4018,3989,4011,37798152,4155220,58959,726,"",0.90,0.92,0.92,0.92,0.94,1.03,1.00,1.01,"",11,2.8,41,1.0,17,0.4,50,1.3,552664,1.5,409501,10.9,4072,7.4,4,0.6
"22079","0","10","70","0","2017","4","",3686,57041,57247,57470,585475875,37021014,545798,787,"",1.00,1.00,1.00,1.00,1.00,1.00,1.00,1.00,"",24,0.7,-865,-1.5,-524,-0.9,-350,-0.6,-7500666,-1.3,-276220,-0.7,-4819,-0.9,-2,-0.3
"22079","1","10","71","0","2017","4","",40,2115,2105,2114,38989141,0,0,1421,"",1.81,1.93,1.92,1.91,2.42,0.00,0.00,1.26,"",0,0.0,-20,-0.9,-33,-1.5,-19,-0.9,982367,2.6,0,0.0,0,0.0,52,3.8
"22079","2","10","71","0","2017","4","",49,3436,3507,3552,34518372,0,0,759,"",1.90,1.88,1.91,1.94,1.81,0.00,0.00,0.95,"",1,2.1,90,2.7,131,3.9,137,4.0,989402,3.0,0,0.0,0,0.0,-4,-0.5
"22079","3","10","71","0","2017","4","",83,6301,6335,6377,55660472,93937,1485,676,"",1.32,1.11,1.11,1.12,1.11,0.13,0.52,0.99,"",1,1.2,60,1.0,54,0.9,84,1.3,2012628,3.8,-1216,-1.3,-176,-10.6,18,2.7
"22079","5","10","71","0","2017","4","",3514,45189,45300,45427,456307890,36927077,544313,775,"",0.98,0.93,0.93,0.93,0.91,1.03,1.00,0.98,"",22,0.6,-995,-2.2,-676,-1.5,-552,-1.2,-11485063,-2.5,-275004,-0.7,-4643,-0.8,-6,-0.8
"22081","0","10","70","0","2017","4","",187,2626,2609,2608,26476204,1637115,26616,779,"",1.00,1.00,1.00,1.00,1.00,1.00,1.00,1.00,"",5,2.7,90,3.5,78,3.1,93,3.7,1753148,7.1,137098,9.1,1471,5.9,27,3.6
"22081","1","10","71","0","2017","4","",5,24,24,24,269349,0,0,863,"",4.46,0.47,0.48,0.48,0.37,0.00,0.00,0.77,"",0,0.0,-1,-4.0,-1,-4.0,-3,-11.1,-21498,-7.4,0,0.0,0,0.0,-9,-1.0
"22081","2","10","71","0","2017","4","",9,52,52,52,499482,0,0,739,"",6.87,0.62,0.62,0.63,0.58,0.00,0.00,0.93,"",0,0.0,4,8.3,3,6.1,4,8.3,51636,11.5,0,0.0,0,0.0,26,3.6
"22081","3","10","71","0","2017","4","",23,499,482,486,4918135,11625,224,774,"",7.24,1.92,1.86,1.88,2.16,0.36,1.60,1.15,"",0,0.0,18,3.7,7,1.5,8,1.7,283224,6.1,-19247,-62.3,-374,-62.5,28,3.8
"22081","5","10","71","0","2017","4","",150,2051,2051,2046,20789238,1625490,26392,780,"",0.83,0.92,0.93,0.92,0.92,1.03,1.00,1.00,"",5,3.4,69,3.5,69,3.5,84,4.3,1439786,7.4,156345,10.6,1845,7.5,26,3.4
"22083","0","10","70","0","2017","4","",524,6624,6560,6529,57626251,4240650,80855,675,"",1.00,1.00,1.00,1.00,1.00,1.00,1.00,1.00,"",-1,-0.2,61,0.9,15,0.2,26,0.4,1076086,1.9,255022,6.4,7006,9.5,10,1.5
"22083","1","10","71","0","2017","4","",9,102,96,82,1140748,0,0,940,"",2.86,0.80,0.76,0.65,0.72,0.00,0.00,0.97,"",0,0.0,-3,-2.9,-10,-9.4,-2,-2.4,-31915,-2.7,0,0.0,0,0.0,23,2.5
"22083","2","10","71","0","2017","4","",10,66,67,67,614501,0,0,709,"",2.72,0.31,0.32,0.32,0.33,0.00,0.00,1.03,"",-1,-9.1,-10,-13.2,-9,-11.8,-10,-13.0,-68600,-10.0,0,0.0,0,0.0,21,3.1
"22083","3","10","71","0","2017","4","",36,872,877,864,8174802,5321,145,722,"",4.04,1.33,1.35,1.34,1.65,0.06,0.34,1.23,"",-1,-2.7,-19,-2.1,-23,-2.6,-31,-3.5,418405,5.4,309,6.2,57,64.8,56,8.4
"22083","5","10","71","0","2017","4","",469,5584,5520,5516,47696200,4235329,80710,662,"",0.92,0.99,0.99,0.99,0.97,1.03,1.00,0.98,"",1,0.2,93,1.7,57,1.0,69,1.3,758196,1.6,254713,6.4,6949,9.4,2,0.3
"22085","0","10","70","0","2017","4","",553,5131,5112,5184,46640587,3110667,47026,698,"",1.00,1.00,1.00,1.00,1.00,1.00,1.00,1.00,"",-2,-0.4,-47,-0.9,-65,-1.3,-35,-0.7,99895,0.2,239018,8.3,6156,15.1,8,1.2
"22085","1","10","71","0","2017","4","",9,38,38,39,452290,0,0,908,"",2.71,0.38,0.39,0.39,0.35,0.00,0.00,0.91,"",0,0.0,2,5.6,0,0.0,1,2.6,4213,0.9,0,0.0,0,0.0,-15,-1.6
"22085","2","10","71","0","2017","4","",14,148,151,150,1316993,0,0,677,"",3.61,0.90,0.92,0.91,0.86,0.00,0.00,0.95,"",-1,-6.7,-9,-5.7,-5,-3.2,-6,-3.8,-117251,-8.2,0,0.0,0,0.0,-29,-4.1
"22085","3","10","71","0","2017","4","",31,1115,1106,1121,9404722,62003,564,649,"",3.30,2.19,2.18,2.19,2.34,1.01,2.28,1.07,"",0,0.0,10,0.9,19,1.7,9,0.8,378433,4.2,21451,52.9,379,204.9,19,3.0
"22085","5","10","71","0","2017","4","",499,3830,3817,3874,35466582,3048664,46462,710,"",0.93,0.88,0.88,0.88,0.89,1.01,0.99,1.01,"",-1,-0.2,-50,-1.3,-79,-2.0,-39,-1.0,-165500,-0.5,217567,7.7,5777,14.2,7,1.0
"22087","0","10","70","0","2017","4","",803,10018,10041,10140,120580244,6094819,86552,921,"",1.00,1.00,1.00,1.00,1.00,1.00,1.00,1.00,"",-11,-1.4,-365,-3.5,-304,-2.9,-328,-3.1,44754,0.0,-1025250,-14.4,-25228,-22.6,29,3.3
"22087","1","10","71","0","2017","4","",5,45,44,54,750054,0,0,1210,"",1.04,0.23,0.23,0.28,0.23,0.00,0.00,0.92,"",0,0.0,-2,-4.3,-4,-8.3,2,3.8,64352,9.4,0,0.0,0,0.0,134,12.5
"22087","2","10","71","0","2017","4","",9,201,206,223,1869284,3000,41,685,"",1.60,0.63,0.64,0.69,0.47,0.04,0.36,0.73,"",0,0.0,2,1.0,9,4.6,1,0.5,70653,3.9,-333,-10.0,38,1266.7,13,1.9
"22087","3","10","71","0","2017","4","",23,1968,1980,1999,19077669,8992,132,740,"",1.69,1.98,1.99,1.99,1.84,0.07,0.29,0.93,"",-1,-4.2,-83,-4.0,-73,-3.6,-33,-1.6,-302179,-1.6,-3978,-30.7,-241,-64.6,11,1.5
"22087","5","10","71","0","2017","4","",766,7804,7811,7864,98883237,6082827,86379,972,"",0.98,0.92,0.92,0.91,0.96,1.03,1.00,1.05,"",-10,-1.3,-282,-3.5,-236,-2.9,-298,-3.7,211928,0.2,-1020939,-14.4,-25025,-22.5,35,3.7
"22089","0","10","70","0","2017","4","",1222,24141,24140,23986,421311937,14118287,255706,1345,"",1.00,1.00,1.00,1.00,1.00,1.00,1.00,1.00,"",-9,-0.7,-398,-1.6,-259,-1.1,-267,-1.1,18654698,4.6,230819,1.7,1311,0.5,75,5.9
"22089","1","10","71","0","2017","4","",15,148,143,142,2407914,0,0,1283,"",2.05,0.32,0.31,0.31,0.21,0.00,0.00,0.67,"",0,0.0,-4,-2.6,-9,-5.9,-12,-7.8,-58129,-2.4,0,0.0,0,0.0,40,3.2
"22089","2","10","71","0","2017","4","",10,31,31,33,389159,0,0,945,"",1.17,0.04,0.04,0.04,0.03,0.00,0.00,0.69,"",0,0.0,1,3.3,2,6.9,2,6.5,24907,6.8,0,0.0,0,0.0,11,1.2
"22089","3","10","71","0","2017","4","",37,3247,3247,2961,35631394,2277,20,870,"",1.78,1.36,1.35,1.25,0.98,0.01,0.01,0.75,"",-1,-2.6,-35,-1.1,-30,-0.9,11,0.4,-1787434,-4.8,1631,252.5,19,1900.0,-38,-4.2
"22089","5","10","71","0","2017","4","",1160,20715,20719,20850,382883470,14116010,255686,1419,"",0.98,1.01,1.01,1.02,1.06,1.03,1.01,1.05,"",-8,-0.7,-360,-1.7,-222,-1.1,-268,-1.3,20475354,5.6,229188,1.7,1292,0.5,94,7.1
"22091","0","10","70","0","2017","4","",122,1443,1420,1440,12975924,610201,9874,696,"",1.00,1.00,1.00,1.00,1.00,1.00,1.00,1.00,"",6,5.2,-42,-2.8,-59,-4.0,-41,-2.8,-1424124,-9.9,-238682,-28.1,-4516,-31.4,-52,-7.0
"22091","1","10","71","0","2017","4","",2,10,9,9,114034,0,0,940,"",2.73,0.36,0.33,0.32,0.32,0.00,0.00,0.94,"",0,0.0,0,0.0,-1,-10.0,-1,-10.0,-9885,-8.0,0,0.0,0,0.0,-13,-1.4
"22091","2","10","71","0","2017","4","",7,63,62,61,623826,0,0,774,"",8.19,1.36,1.36,1.33,1.47,0.00,0.00,1.09,"",0,0.0,0,0.0,-1,-1.6,-3,-4.7,-7515,-1.2,0,0.0,0,0.0,7,0.9
"22091","3","10","71","0","2017","4","",17,547,549,555,4181451,4586,5,584,"",8.20,3.83,3.89,3.89,3.75,0.38,0.10,0.97,"",1,6.2,-11,-2.0,-2,-0.4,3,0.5,118029,2.9,-1291,-22.0,-1,-16.7,19,3.4
"22091","5","10","71","0","2017","4","",96,823,800,815,8056613,605615,9869,763,"",0.81,0.67,0.66,0.67,0.73,1.03,1.01,1.09,"",5,5.5,-31,-3.6,-55,-6.4,-40,-4.7,-1524753,-15.9,-237391,-28.2,-4515,-31.4,-99,-11.5
"22093","0","10","70","0","2017","4","",413,8001,8049,8075,142239923,4983705,83119,1361,"",1.00,1.00,1.00,1.00,1.00,1.00,1.00,1.00,"",4,1.0,150,1.9,281,3.6,337,4.4,4817211,3.5,355068,7.7,5853,7.6,3,0.2
"22093","1","10","71","0","2017","4","",8,35,33,33,437558,0,0,1000,"",3.23,0.23,0.21,0.21,0.11,0.00,0.00,0.51,"",0,0.0,0,0.0,-2,-5.7,-2,-5.7,25003,6.1,0,0.0,0,0.0,93,10.3
"22093","2","10","71","0","2017","4","",8,28,28,28,333810,0,0,917,"",2.76,0.11,0.11,0.11,0.07,0.00,0.00,0.66,"",0,0.0,0,0.0,1,3.7,1,3.7,17657,5.6,0,0.0,0,0.0,27,3.0
"22093","3","10","71","0","2017","4","",30,1412,1418,1441,16026583,0,0,866,"",4.27,1.78,1.77,1.80,1.31,0.00,0.00,0.73,"",1,3.4,14,1.0,9,0.6,16,1.1,346979,2.2,0,0.0,0,0.0,11,1.3
"22093","5","10","71","0","2017","4","",367,6526,6570,6573,125441972,4983705,83119,1472,"",0.92,0.96,0.96,0.96,1.03,1.03,1.01,1.08,"",3,0.8,136,2.1,273,4.3,322,5.2,4427572,3.7,355068,7.7,5853,7.6,-3,-0.2
"22095","0","10","70","0","2017","4","",932,14853,14873,14759,208269938,12481747,252084,1080,"",1.00,1.00,1.00,1.00,1.00,1.00,1.00,1.00,"",2,0.2,-56,-0.4,92,0.6,89,0.6,639506,0.3,555034,4.7,23298,10.2,0,0.0
"22095","1","10","71","0","2017","4","",6,101,94,101,1706497,0,0,1330,"",1.07,0.35,0.33,0.36,0.30,0.00,0.00,0.86,"",0,0.0,-1,-1.0,-2,-2.1,-3,-2.9,-56539,-3.2,0,0.0,0,0.0,-17,-1.3
"22095","2","10","71","0","2017","4","",13,321,317,320,3042953,2175,12,733,"",1.99,0.67,0.67,0.68,0.45,0.01,0.04,0.67,"",0,0.0,-8,-2.4,-5,-1.6,3,0.9,-9633,-0.3,2175,100.0,12,100.0,5,0.7
"22095","3","10","71","0","2017","4","",30,1725,1712,1681,18558367,20075,355,837,"",1.89,1.17,1.16,1.15,1.04,0.08,0.27,0.89,"",0,0.0,21,1.2,-1,-0.1,-5,-0.3,542745,3.0,11619,137.4,191,116.5,22,2.7
"22095","5","10","71","0","2017","4","",883,12706,12750,12657,184962121,12459497,251717,1120,"",0.98,1.01,1.01,1.01,1.04,1.03,1.01,1.03,"",2,0.2,-68,-0.5,100,0.8,94,0.7,162933,0.1,541240,4.5,23095,10.1,-3,-0.3
"22097","0","10","70","0","2017","4","",1893,23442,23458,23512,222708825,15663397,234244,730,"",1.00,1.00,1.00,1.00,1.00,1.00,1.00,1.00,"",-1,-0.1,-47,-0.2,-130,-0.6,17,0.1,4425572,2.0,-306566,-1.9,13659,6.2,16,2.2
"22097","1","10","71","0","2017","4","",21,169,163,168,2453753,0,0,1133,"",1.85,0.37,0.36,0.37,0.40,0.00,0.00,1.09,"",0,0.0,1,0.6,3,1.9,4,2.4,60886,2.5,0,0.0,0,0.0,11,1.0
"22097","2","10","71","0","2017","4","",22,260,253,259,2325213,0,0,695,"",1.66,0.35,0.34,0.35,0.32,0.00,0.00,0.93,"",-1,-4.3,-5,-1.9,-9,-3.4,-4,-1.5,-5942,-0.3,-4282,-100.0,-10,-100.0,14,2.1
"22097","3","10","71","0","2017","4","",90,4542,4552,4532,41636949,41900,392,705,"",2.80,1.96,1.95,1.95,2.17,0.14,0.32,1.11,"",0,0.0,-42,-0.9,-50,-1.1,-26,-0.6,193385,0.5,-59146,-58.5,-942,-70.6,9,1.3
"22097","5","10","71","0","2017","4","",1760,18471,18490,18553,176292910,15621497,233852,733,"",0.96,0.93,0.93,0.93,0.93,1.03,1.00,1.00,"",0,0.0,-1,0.0,-74,-0.4,43,0.2,4177243,2.4,-243138,-1.5,14611,6.7,18,2.5
"22099","0","10","70","0","2017","4","",1013,11984,11954,11853,122993983,8768704,132318,793,"",1.00,1.00,1.00,1.00,1.00,1.00,1.00,1.00,"",-27,-2.6,-200,-1.6,-158,-1.3,-230,-1.9,944933,0.8,220928,2.6,12452,10.4,19,2.5
"22099","1","10","71","0","2017","4","",6,66,62,65,906012,0,0,1083,"",0.99,0.29,0.27,0.28,0.27,0.00,0.00,0.95,"",0,0.0,4,6.5,0,0.0,2,3.2,-4937,-0.5,0,0.0,0,0.0,-41,-3.6
"22099","2","10","71","0","2017","4","",15,86,85,86,741995,0,0,666,"",2.11,0.22,0.22,0.23,0.18,0.00,0.00,0.82,"",0,0.0,-1,-1.1,-2,-2.3,-2,-2.3,-21757,-2.8,0,0.0,0,0.0,-7,-1.0
"22099","3","10","71","0","2017","4","",53,1713,1713,1707,14942948,11625,24,672,"",3.08,1.44,1.44,1.46,1.41,0.07,0.03,0.98,"",-2,-3.6,-22,-1.3,-11,-0.6,-20,-1.2,64964,0.4,5945,104.7,7,41.2,10,1.5
"22099","5","10","71","0","2017","4","",939,10119,10094,9995,106403028,8757079,132294,813,"",0.96,0.99,0.99,0.99,1.01,1.03,1.01,1.02,"",-25,-2.6,-181,-1.8,-145,-1.4,-210,-2.1,906663,0.9,214983,2.5,12445,10.4,21,2.7
"22101","0","10","70","0","2017","4","",1463,21166,21182,21290,254759664,14140663,236309,924,"",1.00,1.00,1.00,1.00,1.00,1.00,1.00,1.00,"",-39,-2.6,-809,-3.7,-512,-2.4,-399,-1.8,-12222059,-4.6,767451,5.7,3366,1.4,-19,-2.0
"22101","1","10","71","0","2017","4","",15,132,132,135,2209581,0,0,1278,"",1.71,0.32,0.33,0.33,0.32,0.00,0.00,0.97,"",0,0.0,-1,-0.8,-2,-1.5,-3,-2.2,94356,4.5,0,0.0,0,0.0,73,6.1
"22101","2","10","71","0","2017","4","",21,185,183,185,1767346,0,0,738,"",2.05,0.27,0.27,0.27,0.21,0.00,0.00,0.78,"",2,10.5,1,0.5,0,0.0,1,0.5,-42566,-2.4,0,0.0,0,0.0,-20,-2.6
"22101","3","10","71","0","2017","4","",114,4078,4069,4071,36783797,548714,4580,695,"",4.58,1.94,1.93,1.93,1.68,1.96,3.68,0.87,"",2,1.8,-86,-2.1,-90,-2.2,-101,-2.4,-733734,-2.0,-1231,-0.2,-1381,-23.2,2,0.3
"22101","5","10","71","0","2017","4","",1313,16771,16798,16899,213998940,13591949,231729,979,"",0.93,0.93,0.93,0.93,0.98,0.99,0.99,1.05,"",-43,-3.2,-723,-4.1,-420,-2.4,-296,-1.7,-11540115,-5.1,768682,6.0,4747,2.1,-24,-2.4
"22103","0","10","70","0","2017","4","",8386,88302,89323,89811,1061141543,70719526,1014143,916,"",1.00,1.00,1.00,1.00,1.00,1.00,1.00,1.00,"",276,3.4,17,0.0,682,0.8,712,0.8,16035978,1.5,189522,0.3,-14637,-1.4,9,1.0
"22103","1","10","71","0","2017","4","",27,520,504,526,9381527,0,0,1397,"",0.54,0.31,0.29,0.30,0.32,0.00,0.00,1.07,"",0,0.0,26,5.3,13,2.6,6,1.2,188570,2.1,0,0.0,0,0.0,-13,-0.9
"22103","2","10","71","0","2017","4","",33,727,727,734,8662466,2390,19,914,"",0.56,0.26,0.25,0.26,0.25,0.00,0.01,0.98,"",-4,-10.8,-13,-1.8,-19,-2.5,-17,-2.3,204862,2.4,-12047,-83.4,-94,-83.2,42,4.8
"22103","3","10","71","0","2017","4","",107,13391,13389,13392,152312893,306547,2566,875,"",0.75,1.53,1.51,1.51,1.67,0.22,0.48,1.10,"",0,0.0,255,1.9,252,1.9,325,2.5,1734813,1.2,85445,38.6,600,30.5,-8,-0.9
"22103","5","10","71","0","2017","4","",8219,73664,74703,75159,890784657,70410589,1011558,920,"",1.01,0.98,0.98,0.98,0.98,1.03,1.00,1.00,"",280,3.5,-251,-0.3,436,0.6,398,0.5,13907733,1.6,116124,0.2,-15143,-1.5,12,1.3
"22105","0","10","70","0","2017","4","",2964,44339,44961,44847,414376983,33188973,506793,713,"",1.00,1.00,1.00,1.00,1.00,1.00,1.00,1.00,"",112,3.9,1201,2.8,1652,3.8,1535,3.5,15187568,3.8,-174809,-0.5,-15194,-2.9,3,0.4
"22105","1","10","71","0","2017","4","",23,370,351,366,6215913,0,0,1320,"",1.29,0.43,0.41,0.42,0.55,0.00,0.00,1.29,"",0,0.0,-2,-0.5,-15,-4.1,-9,-2.4,-86627,-1.4,0,0.0,0,0.0,13,1.0
"22105","2","10","71","0","2017","4","",31,2744,2761,2734,28803422,25540,59,807,"",1.49,1.93,1.92,1.91,2.13,0.06,0.09,1.11,"",0,0.0,44,1.6,57,2.1,26,1.0,1035852,3.7,-2504,-8.9,-32,-35.2,17,2.2
"22105","3","10","71","0","2017","4","",97,7865,7893,7862,87019876,70251,873,850,"",1.93,1.79,1.77,1.77,2.44,0.11,0.33,1.37,"",3,3.2,599,8.2,587,8.0,578,7.9,13788815,18.8,-16571,-19.1,-263,-23.2,77,10.0
"22105","5","10","71","0","2017","4","",2813,33360,33956,33885,292337772,33093182,505861,667,"",0.98,0.89,0.89,0.89,0.83,1.03,1.00,0.93,"",109,4.0,560,1.7,1023,3.1,940,2.9,449528,0.2,-155734,-0.5,-14899,-2.9,-16,-2.3
"22107","0","10","70","0","2017","4","",146,1036,1000,977,9632680,894072,20037,738,"",1.00,1.00,1.00,1.00,1.00,1.00,1.00,1.00,"",8,5.8,-21,-2.0,14,1.4,47,5.1,960337,11.1,101402,12.8,3425,20.6,65,9.7
"22107","1","10","71","0","2017","4","",6,20,20,20,309185,0,0,1189,"",6.85,1.00,1.05,1.06,1.17,0.00,0.00,1.13,"",0,0.0,0,0.0,-2,-9.1,1,5.3,-8489,-2.7,0,0.0,0,0.0,-13,-1.1
"22107","2","10","71","0","2017","4","N",7,0,0,0,0,0,0,0,"N",6.84,0,0,0,0,0,0,0,"N",0,0.0,0,0,0,0,0,0,0,0,0,0,0,0,0,0
"22107","3","10","71","0","2017","4","N",15,0,0,0,0,0,0,0,"N",6.04,0,0,0,0,0,0,0,"N",1,7.1,0,0,0,0,0,0,0,0,0,0,0,0,0,0
"22107","5","10","71","0","2017","4","N",118,0,0,0,0,0,0,0,"N",0.83,0,0,0,0,0,0,0,"N",7,6.3,0,0,0,0,0,0,0,0,0,0,0,0,0,0
"22109","0","10","70","0","2017","4","",3272,49886,50146,50247,629393216,34811150,518184,966,"",1.00,1.00,1.00,1.00,1.00,1.00,1.00,1.00,"",-20,-0.6,-656,-1.3,-255,-0.5,-162,-0.3,6268046,1.0,3424668,10.9,83927,19.3,16,1.7
"22109","1","10","71","0","2017","4","",18,283,283,289,4740498,0,0,1279,"",0.92,0.29,0.29,0.30,0.27,0.00,0.00,0.93,"",0,0.0,-2,-0.7,3,1.1,0,0.0,20186,0.4,0,0.0,0,0.0,3,0.2
"22109","2","10","71","0","2017","4","",24,589,594,596,6718195,22762,277,871,"",1.05,0.37,0.37,0.37,0.33,0.05,0.41,0.88,"",1,4.3,61,11.6,61,11.4,61,11.4,668696,11.1,17461,329.4,251,965.4,-4,-0.5
"22109","3","10","71","0","2017","4","",84,4443,4505,4466,39459020,55988,399,679,"",1.51,0.90,0.90,0.90,0.73,0.08,0.15,0.81,"",8,10.5,-76,-1.7,-53,-1.2,-57,-1.3,152496,0.4,8641,18.3,-76,-16.0,12,1.8
"22109","5","10","71","0","2017","4","",3146,44571,44764,44896,578475503,34732400,517508,995,"",0.99,1.05,1.05,1.05,1.08,1.03,1.01,1.02,"",-29,-0.9,-639,-1.4,-266,-0.6,-166,-0.4,5426668,0.9,3398566,10.8,83752,19.3,18,1.8
"22111","0","10","70","0","2017","4","",396,4984,5018,5112,39990411,3674155,65201,611,"",1.00,1.00,1.00,1.00,1.00,1.00,1.00,1.00,"",9,2.3,106,2.2,154,3.2,293,6.1,3188096,8.7,531652,16.9,9503,17.1,28,4.8
"22111","1","10","71","0","2017","4","",10,97,95,94,1369334,0,0,1105,"",4.21,1.01,0.99,0.95,1.25,0.00,0.00,1.26,"",0,0.0,2,2.1,1,1.1,0,0.0,35919,2.7,0,0.0,0,0.0,18,1.7
"22111","2","10","71","0","2017","4","",7,36,36,39,320839,0,0,667,"",2.52,0.23,0.22,0.24,0.25,0.00,0.00,1.07,"",-2,-22.2,-14,-28.0,-15,-29.4,-12,-23.5,-99045,-23.6,-3830,-100.0,-10,-100.0,30,4.7
"22111","3","10","71","0","2017","4","",24,767,769,773,6480518,8148,13,648,"",3.57,1.55,1.54,1.53,1.88,0.11,0.04,1.22,"",-2,-7.7,62,8.8,72,10.3,70,10.0,1067102,19.7,-823,-9.2,-3,-18.8,55,9.3
"22111","5","10","71","0","2017","4","",355,4084,4118,4206,31819720,3666007,65188,592,"",0.92,0.96,0.97,0.97,0.93,1.03,1.01,0.96,"",13,3.8,56,1.4,96,2.4,235,5.9,2184120,7.4,536305,17.1,9516,17.1,23,4.0
"22113","0","10","70","0","2017","4","",1208,12959,12971,12871,134309517,8646014,128305,799,"",1.00,1.00,1.00,1.00,1.00,1.00,1.00,1.00,"",13,1.1,352,2.8,266,2.1,318,2.5,7465538,5.9,1037786,13.6,26312,25.8,26,3.4
"22113","1","10","71","0","2017","4","",13,149,147,144,2047249,0,0,1074,"",1.79,0.60,0.59,0.58,0.55,0.00,0.00,0.94,"",0,0.0,-4,-2.6,-7,-4.5,-11,-7.1,2283,0.1,0,0.0,0,0.0,53,5.2
"22113","2","10","71","0","2017","4","",14,136,133,134,1276476,2425,8,731,"",1.65,0.33,0.32,0.33,0.29,0.02,0.05,0.90,"",1,7.7,10,7.9,6,4.7,6,4.7,67828,5.6,1825,304.2,7,700.0,-1,-0.1
"22113","3","10","71","0","2017","4","",86,2913,2926,2938,27261664,38624,284,717,"",4.19,2.27,2.27,2.31,2.36,0.23,0.42,1.03,"",4,4.9,70,2.5,60,2.1,65,2.3,1397396,5.4,-1411,-3.5,91,47.2,22,3.2
"22113","5","10","71","0","2017","4","",1095,9761,9765,9655,103724128,8604965,128013,820,"",0.93,0.89,0.89,0.88,0.90,1.03,1.00,1.02,"",8,0.7,276,2.9,207,2.2,258,2.7,5998031,6.1,1037372,13.7,26214,25.8,27,3.4
"22115","0","10","70","0","2017","4","",939,12775,12740,12853,122568498,7406866,120083,737,"",1.00,1.00,1.00,1.00,1.00,1.00,1.00,1.00,"",-1,-0.1,-448,-3.4,-280,-2.2,121,1.0,2795556,2.3,-78329,-1.0,1063,0.9,28,3.9
"22115","1","10","71","0","2017","4","",37,1990,1991,1996,25832369,0,0,997,"",6.57,8.09,8.17,8.06,7.67,0.00,0.00,0.95,"",0,0.0,-109,-5.2,-119,-5.6,-89,-4.3,-242824,-0.9,0,0.0,0,0.0,41,4.3
"22115","2","10","71","0","2017","4","",16,170,173,176,1631643,0,0,725,"",2.43,0.41,0.42,0.43,0.41,0.00,0.00,0.96,"",1,6.7,3,1.8,3,1.8,6,3.5,70147,4.5,0,0.0,0,0.0,14,2.0
"22115","3","10","71","0","2017","4","",50,2116,2135,2135,14998871,16566,86,542,"",3.13,1.67,1.69,1.68,1.42,0.11,0.14,0.85,"",1,2.0,-60,-2.8,-54,-2.5,-69,-3.1,-405582,-2.6,-1512,-8.4,-8,-8.5,1,0.2
"22115","5","10","71","0","2017","4","",836,8499,8441,8546,80105615,7390300,119997,725,"",0.92,0.78,0.78,0.78,0.77,1.03,1.01,0.98,"",-3,-0.4,-282,-3.2,-110,-1.3,273,3.3,3373815,4.4,-76817,-1.0,1071,0.9,33,4.8
"22117","0","10","70","0","2017","4","",798,10553,10753,10612,95076747,7859041,132034,687,"",1.00,1.00,1.00,1.00,1.00,1.00,1.00,1.00,"",30,3.9,53,0.5,13,0.1,-93,-0.9,792526,0.8,694408,9.7,1666,1.3,6,0.9
"22117","1","10","71","0","2017","4","",9,101,105,106,1486787,0,0,1100,"",1.88,0.50,0.51,0.52,0.57,0.00,0.00,1.12,"",0,0.0,0,0.0,7,7.1,6,6.0,71200,5.0,0,0.0,0,0.0,7,0.6
"22117","2","10","71","0","2017","4","",15,491,484,485,4762923,0,0,753,"",2.68,1.45,1.41,1.43,1.53,0.00,0.00,1.07,"",1,7.1,-27,-5.2,-36,-6.9,-35,-6.7,-442321,-8.5,0,0.0,0,0.0,-18,-2.3
"22117","3","10","71","0","2017","4","",49,2016,2017,2022,18140173,79513,691,691,"",3.61,1.93,1.89,1.93,2.22,0.51,0.99,1.16,"",0,0.0,1,0.0,30,1.5,24,1.2,252918,1.4,28715,56.5,174,33.7,3,0.4
"22117","5","10","71","0","2017","4","",725,7945,8147,7999,70686864,7779528,131343,677,"",0.94,0.89,0.89,0.89,0.87,1.02,1.00,0.98,"",29,4.2,79,1.0,12,0.1,-88,-1.1,910729,1.3,665693,9.4,1492,1.1,9,1.3
"22119","0","10","70","0","2017","4","",928,11307,11255,11431,109345821,7906094,139198,742,"",1.00,1.00,1.00,1.00,1.00,1.00,1.00,1.00,"",7,0.8,-261,-2.3,-377,-3.2,-290,-2.5,-3988842,-3.5,-102073,-1.3,-1364,-1.0,-7,-0.9
"22119","1","10","71","0","2017","4","",15,101,100,98,1439083,0,0,1111,"",2.69,0.46,0.46,0.45,0.48,0.00,0.00,1.05,"",0,0.0,1,1.0,-5,-4.8,-11,-10.1,-6132,-0.4,0,0.0,0,0.0,49,4.6
"22119","2","10","71","0","2017","4","",17,329,333,338,3020009,0,0,697,"",2.61,0.91,0.92,0.93,0.85,0.00,0.00,0.92,"",0,0.0,2,0.6,2,0.6,3,0.9,-93514,-3.0,0,0.0,0,0.0,-27,-3.7
"22119","3","10","71","0","2017","4","",53,1692,1682,1666,12719969,65736,2016,582,"",3.36,1.51,1.50,1.47,1.35,0.42,2.75,0.90,"",0,0.0,45,2.7,38,2.3,1,0.1,-377269,-2.9,-12307,-15.8,-175,-8.0,-28,-4.6
"22119","5","10","71","0","2017","4","",843,9185,9140,9329,92166760,7840358,137182,769,"",0.94,0.96,0.96,0.96,0.99,1.02,0.99,1.03,"",7,0.8,-309,-3.3,-412,-4.3,-283,-2.9,-3511927,-3.7,-89766,-1.1,-1189,-0.9,-1,-0.1
"22121","0","10","70","0","2017","4","",722,12544,12505,12481,163548625,10497203,209781,1006,"",1.00,1.00,1.00,1.00,1.00,1.00,1.00,1.00,"",14,2.0,-968,-7.2,-659,-5.0,-462,-3.6,-16871808,-9.4,-2177739,-17.2,-57041,-21.4,-45,-4.3
"22121","1","10","71","0","2017","4","",8,89,89,96,1434861,0,0,1208,"",1.85,0.37,0.37,0.40,0.32,0.00,0.00,0.84,"",0,0.0,-8,-8.2,-3,-3.3,0,0.0,71643,5.3,0,0.0,0,0.0,104,9.4
"22121","2","10","71","0","2017","4","",9,74,76,74,786710,0,0,810,"",1.78,0.18,0.19,0.19,0.15,0.00,0.00,0.79,"",0,0.0,2,2.8,2,2.7,0,0.0,53292,7.3,0,0.0,0,0.0,41,5.3
"22121","3","10","71","0","2017","4","",47,1457,1457,1460,15078971,4859,25,796,"",3.83,1.17,1.17,1.18,1.07,0.02,0.02,0.91,"",0,0.0,-19,-1.3,-17,-1.2,-19,-1.3,312759,2.1,-965,-16.6,6,31.6,27,3.5
"22121","5","10","71","0","2017","4","",658,10924,10883,10851,146248083,10492344,209756,1033,"",0.94,1.03,1.02,1.02,1.05,1.03,1.01,1.02,"",14,2.2,-943,-7.9,-641,-5.6,-443,-3.9,-17309502,-10.6,-2176774,-17.2,-57047,-21.4,-55,-5.1
"22123","0","10","70","0","2017","4","",218,2450,2406,2256,22793034,1448579,27971,740,"",1.00,1.00,1.00,1.00,1.00,1.00,1.00,1.00,"",0,0.0,-124,-4.8,-106,-4.2,-76,-3.3,-301729,-1.3,-616469,-29.9,-10674,-27.6,22,3.1
"22123","1","10","71","0","2017","4","",8,30,30,30,424722,0,0,1089,"",6.12,0.64,0.65,0.69,0.68,0.00,0.00,1.03,"",1,14.3,-2,-6.2,-1,-3.2,-3,-9.1,8648,2.1,0,0.0,0,0.0,89,8.9
"22123","2","10","71","0","2017","4","",9,53,53,53,485275,0,0,704,"",5.89,0.67,0.69,0.74,0.65,0.00,0.00,0.93,"",0,0.0,1,1.9,1,1.9,0,0.0,-24154,-4.7,0,0.0,0,0.0,-45,-6.0
"22123","3","10","71","0","2017","4","",20,672,675,678,6720916,77978,582,766,"",5.40,2.77,2.83,3.04,3.43,2.72,3.95,1.19,"",0,0.0,5,0.7,9,1.4,7,1.0,-803543,-10.7,-9572,-10.9,-204,-26.0,-100,-11.5
"22123","5","10","71","0","2017","4","",181,1695,1648,1495,15162121,1370601,27389,723,"",0.86,0.81,0.81,0.78,0.78,0.98,0.99,0.97,"",-1,-0.5,-128,-7.0,-115,-6.5,-80,-5.1,517320,3.5,-606897,-30.7,-10470,-27.7,68,10.4
"22125","0","10","70","0","2017","4","",258,5335,5274,5352,66936508,2748176,38186,968,"",1.00,1.00,1.00,1.00,1.00,1.00,1.00,1.00,"",-3,-1.1,-54,-1.0,-78,-1.5,-57,-1.1,-2691769,-3.9,-464763,-14.5,-23820,-38.4,-27,-2.7
"22125","1","10","71","0","2017","4","",6,15,15,15,210958,0,0,1082,"",3.88,0.15,0.15,0.15,0.11,0.00,0.00,0.78,"",0,0.0,0,0.0,-1,-6.2,-2,-11.8,24028,12.9,0,0.0,0,0.0,183,20.4
"22125","2","10","71","0","2017","4","N",12,0,0,0,0,0,0,0,"N",6.64,0,0,0,0,0,0,0,"N",0,0.0,0,0,0,0,0,0,0,0,0,0,0,0,0,0
"22125","3","10","71","0","2017","4","N",13,0,0,0,0,0,0,0,"N",2.96,0,0,0,0,0,0,0,"N",-1,-7.1,0,0,0,0,0,0,0,0,0,0,0,0,0,0
"22125","5","10","71","0","2017","4","",227,3062,2990,3102,43520716,2690107,37770,1097,"",0.91,0.68,0.67,0.68,0.76,1.01,1.00,1.13,"",-2,-0.9,-5,-0.2,-19,-0.6,29,0.9,-1745559,-3.9,-454677,-14.5,-23757,-38.6,-45,-3.9
"22127","0","10","70","0","2017","4","",342,4618,4618,4616,41528744,3183785,52251,692,"",1.00,1.00,1.00,1.00,1.00,1.00,1.00,1.00,"",-14,-3.9,-82,-1.7,-23,-0.5,-37,-0.8,243968,0.6,-209656,-6.2,-7428,-12.4,11,1.6
"22127","1","10","71","0","2017","4","",6,57,57,56,725540,0,0,985,"",2.93,0.64,0.64,0.63,0.64,0.00,0.00,1.00,"",-1,-14.3,0,0.0,1,1.8,1,1.8,31260,4.5,0,0.0,0,0.0,31,3.2
"22127","2","10","71","0","2017","4","",12,72,69,69,629704,0,0,692,"",5.01,0.49,0.47,0.47,0.46,0.00,0.00,0.98,"",-2,-14.3,3,4.3,-2,-2.8,-4,-5.5,-1377,-0.2,0,0.0,0,0.0,8,1.2
"22127","3","10","71","0","2017","4","",29,669,669,658,4482968,38736,615,518,"",4.99,1.46,1.46,1.44,1.26,0.61,2.24,0.86,"",-4,-12.1,-2,-0.3,10,1.5,7,1.1,511683,12.9,7328,23.3,103,20.1,55,11.9
"22127","5","10","71","0","2017","4","",295,3820,3823,3833,35690532,3145049,51636,718,"",0.89,0.97,0.97,0.98,1.01,1.02,0.99,1.03,"",-7,-2.3,-83,-2.1,-32,-0.8,-41,-1.1,-297598,-0.8,-216984,-6.5,-7531,-12.7,4,0.6
"22999","0","10","70","0","2017","4","",2713,28324,27442,26794,423396433,41982801,883773,1183,"",1.00,1.00,1.00,1.00,1.00,1.00,1.00,1.00,"",185,7.3,8467,42.6,8260,43.1,7775,40.9,121788663,40.4,18084081,75.7,407816,85.7,-16,-1.3
"22999","1","10","71","0","2017","4","",45,425,428,427,8092387,0,0,1459,"",2.77,0.78,0.81,0.83,0.70,0.00,0.00,0.86,"",1,2.3,95,28.8,106,32.9,106,33.0,2166310,36.6,0,0.0,0,0.0,53,3.8
"22999","2","10","71","0","2017","4","N",72,0,0,0,0,0,0,0,"N",3.79,0,0,0,0,0,0,0,"N",0,0.0,0,0,0,0,0,0,0,0,0,0,0,0,0,0
"22999","5","10","71","0","2017","4","N",2596,0,0,0,0,0,0,0,"N",0.99,0,0,0,0,0,0,0,"N",184,7.6,0,0,0,0,0,0,0,0,0,0,0,0,0,0
"23000","0","10","50","0","2017","4","",54333,617586,610245,610730,7043255241,569577477,10688884,884,"",1.00,1.00,1.00,1.00,1.00,1.00,1.00,1.00,"",200,0.4,4513,0.7,5927,1.0,7742,1.3,298303510,4.4,19249080,3.5,-916559,-7.9,29,3.4
"23000","1","10","51","0","2017","4","",667,15289,15248,15273,301592204,0,0,1519,"",2.05,1.29,1.31,1.30,1.56,0.00,0.00,1.20,"",1,0.2,142,0.9,136,0.9,112,0.7,13338439,4.6,0,0.0,0,0.0,54,3.7
"23000","2","10","51","0","2017","4","",228,22237,22232,22139,252075584,903618,26365,873,"",0.60,1.12,1.14,1.14,1.10,0.12,1.87,0.97,"",-6,-2.6,-174,-0.8,-87,-0.4,-146,-0.7,514904,0.2,39342,4.6,-229,-0.9,7,0.8
"23000","3","10","51","0","2017","4","",2166,60166,60571,60415,592412314,2473566,38456,755,"",2.35,0.98,1.00,1.00,0.98,0.22,0.68,0.98,"",-12,-0.6,242,0.4,-501,-0.8,393,0.7,18107186,3.2,18633,0.8,-3815,-9.0,23,3.1
"23000","5","10","51","0","2017","4","",51272,519894,512194,512903,5897175139,566200293,10624063,881,"",0.97,0.99,0.99,0.99,0.98,1.03,1.00,0.99,"",217,0.4,4303,0.8,6379,1.3,7383,1.5,266342981,4.7,19191105,3.5,-912515,-7.9,30,3.5
"23000","8","10","96","0","2017","4","",3061,97692,98051,97827,1146080102,3377184,64821,901,"",1.88,1.05,1.07,1.07,1.11,0.18,0.92,1.05,"",-17,-0.6,210,0.2,-452,-0.5,359,0.4,31960529,2.9,57975,1.7,-4044,-5.9,25,2.9
"23001","0","10","70","0","2017","4","",3194,49564,49199,49413,536435490,44541730,803287,835,"",1.00,1.00,1.00,1.00,1.00,1.00,1.00,1.00,"",32,1.0,-637,-1.3,-634,-1.3,-601,-1.2,12854851,2.5,-175362,-0.4,-109838,-12.0,30,3.7
"23001","1","10","71","0","2017","4","",28,273,260,268,3956674,0,0,1140,"",1.46,0.29,0.28,0.28,0.27,0.00,0.00,0.95,"",0,0.0,3,1.1,-13,-4.8,-6,-2.2,25545,0.6,0,0.0,0,0.0,30,2.7
"23001","2","10","71","0","2017","4","",11,619,626,618,5894456,25832,245,730,"",0.49,0.39,0.40,0.39,0.34,0.05,0.23,0.86,"",0,0.0,-24,-3.7,-18,-2.8,-23,-3.6,-83385,-1.4,72,0.3,-92,-27.3,14,2.0
"23001","3","10","71","0","2017","4","",110,4650,4584,4705,48302965,74620,620,800,"",2.03,0.95,0.94,0.96,1.05,0.08,0.15,1.10,"",0,0.0,247,5.6,61,1.3,214,4.8,3256854,7.2,25194,51.0,29,4.9,25,3.2
"23001","5","10","71","0","2017","4","",3045,44022,43729,43822,478281395,44441278,802422,839,"",0.98,1.05,1.05,1.04,1.04,1.03,1.01,1.00,"",32,1.1,-863,-1.9,-664,-1.5,-786,-1.8,9655837,2.1,-200628,-0.4,-109775,-12.0,31,3.8
"23003","0","10","70","0","2017","4","",2567,28010,27115,26995,260064965,24069104,474884,731,"",1.00,1.00,1.00,1.00,1.00,1.00,1.00,1.00,"",-51,-1.9,-1,0.0,-88,-0.3,-53,-0.2,10812084,4.3,3272917,15.7,23790,5.3,32,4.6
"23003","1","10","71","0","2017","4","",65,1178,1175,1178,20255823,0,0,1324,"",4.22,2.18,2.26,2.27,2.83,0.00,0.00,1.27,"",0,0.0,-4,-0.3,-7,-0.6,-4,-0.3,774777,4.0,0,0.0,0,0.0,56,4.4
"23003","2","10","71","0","2017","4","",23,970,973,988,9674341,78341,3891,762,"",1.28,1.08,1.12,1.15,1.14,0.26,6.22,1.02,"",-2,-8.0,-33,-3.3,1,0.1,32,3.3,13082,0.1,47096,150.7,2922,301.5,1,0.1
"23003","3","10","71","0","2017","4","",215,3712,3756,3772,32593613,350027,8076,669,"",4.93,1.34,1.39,1.41,1.46,0.73,3.23,1.06,"",-2,-0.9,-27,-0.7,-55,-1.4,3,0.1,489347,1.5,118569,51.2,1251,18.3,14,2.1
"23003","5","10","71","0","2017","4","",2264,22150,21211,21057,197541188,23640736,462917,708,"",0.91,0.93,0.92,0.92,0.89,1.02,0.98,0.96,"",-47,-2.0,63,0.3,-27,-0.1,-84,-0.4,9534878,5.1,3107252,15.1,19617,4.4,35,5.2
"23005","0","10","70","0","2017","4","",14099,184696,184883,185863,2426334010,179540177,3152794,1008,"",1.00,1.00,1.00,1.00,1.00,1.00,1.00,1.00,"",111,0.8,3855,2.1,5256,2.9,5263,2.9,125302520,5.4,6303868,3.6,-291917,-8.5,27,2.8
"23005","1","10","71","0","2017","4","",85,1924,1923,1938,37066494,0,0,1479,"",1.01,0.54,0.54,0.54,0.56,0.00,0.00,1.03,"",1,1.2,14,0.7,-13,-0.7,-41,-2.1,805640,2.2,0,0.0,0,0.0,42,2.9
"23005","2","10","71","0","2017","4","",23,3866,3896,3999,41962017,57379,679,823,"",0.23,0.65,0.66,0.67,0.53,0.03,0.16,0.80,"",0,0.0,-7,-0.2,28,0.7,37,0.9,4158,0.0,-6526,-10.2,-567,-45.5,-4,-0.5
"23005","3","10","71","0","2017","4","",243,13629,13692,13382,156366976,293469,5076,887,"",1.01,0.74,0.75,0.73,0.75,0.08,0.31,1.01,"",-3,-1.2,4,0.0,-271,-1.9,81,0.6,6602727,4.4,-23853,-7.5,-267,-5.0,42,5.0
"23005","5","10","71","0","2017","4","",13748,165277,165372,166544,2190938523,179189329,3147039,1017,"",1.01,1.05,1.05,1.05,1.06,1.03,1.00,1.00,"",113,0.8,3844,2.4,5512,3.4,5186,3.2,117889995,5.7,6334247,3.7,-291083,-8.5,26,2.6
"23007","0","10","70","0","2017","4","",973,10254,10239,10834,91450421,8968492,177506,674,"",1.00,1.00,1.00,1.00,1.00,1.00,1.00,1.00,"",0,0.0,-182,-1.7,-340,-3.2,-166,-1.5,32034,0.0,132403,1.5,-24238,-12.0,15,2.3
"23007","1","10","71","0","2017","4","",23,116,119,118,1913335,0,0,1251,"",3.94,0.59,0.61,0.57,0.76,0.00,0.00,1.30,"",0,0.0,9,8.4,8,7.2,4,3.5,131044,7.4,0,0.0,0,0.0,12,1.0
"23007","2","10","71","0","2017","4","N",3,0,0,0,0,0,0,0,"N",0.44,0,0,0,0,0,0,0,"N",0,0.0,0,0,0,0,0,0,0,0,0,0,0,0,0,0
"23007","3","10","71","0","2017","4","N",67,0,0,0,0,0,0,0,"N",4.05,0,0,0,0,0,0,0,"N",0,0.0,0,0,0,0,0,0,0,0,0,0,0,0,0,0
"23007","5","10","71","0","2017","4","",880,8306,8242,8866,72407366,8917459,177055,657,"",0.93,0.95,0.95,0.96,0.93,1.03,1.00,0.97,"",0,0.0,-195,-2.3,-378,-4.4,-163,-1.8,-949237,-1.3,127220,1.4,-24083,-12.0,10,1.5
"23009","0","10","70","0","2017","4","",2638,23879,21306,20734,215480066,21507451,505282,754,"",1.00,1.00,1.00,1.00,1.00,1.00,1.00,1.00,"",-27,-1.0,287,1.2,-45,-0.2,219,1.1,4210847,2.0,149556,0.7,-42721,-7.8,9,1.2
"23009","1","10","71","0","2017","4","",51,359,282,284,3878017,0,0,967,"",3.22,0.78,0.69,0.71,0.65,0.00,0.00,0.90,"",0,0.0,16,4.7,-1,-0.4,7,2.5,137576,3.7,0,0.0,0,0.0,11,1.2
"23009","2","10","71","0","2017","4","N",5,0,0,0,0,0,0,0,"N",0.27,0,0,0,0,0,0,0,"N",-1,-16.7,0,0,0,0,0,0,0,0,0,0,0,0,0,0
"23009","3","10","71","0","2017","4","N",102,0,0,0,0,0,0,0,"N",2.27,0,0,0,0,0,0,0,"N",0,0.0,0,0,0,0,0,0,0,0,0,0,0,0,0,0
"23009","5","10","71","0","2017","4","",2480,20471,17868,17482,185743632,21341573,503118,768,"",0.97,1.01,0.99,0.99,1.01,1.03,1.00,1.01,"",-26,-1.0,65,0.3,-191,-1.1,96,0.6,3030110,1.7,108712,0.5,-43453,-8.0,13,1.7
"23011","0","10","70","0","2017","4","",3988,60008,59961,60007,657943810,42620016,757552,844,"",1.00,1.00,1.00,1.00,1.00,1.00,1.00,1.00,"",-4,-0.1,-263,-0.4,-191,-0.3,186,0.3,23538321,3.7,-1688940,-3.8,-150019,-16.5,32,3.9
"23011","1","10","71","0","2017","4","",49,2122,2108,2127,42816719,0,0,1554,"",2.05,1.84,1.84,1.84,2.37,0.00,0.00,1.29,"",-1,-2.0,1,0.0,18,0.9,42,2.0,2149451,5.3,0,0.0,0,0.0,63,4.2
"23011","2","10","71","0","2017","4","",79,8798,8701,8628,109410269,266193,6821,966,"",2.83,4.57,4.53,4.51,5.09,0.49,6.83,1.12,"",-2,-2.5,-159,-1.8,-107,-1.2,-128,-1.5,759387,0.7,-13295,-4.8,-627,-8.4,21,2.2
"23011","3","10","71","0","2017","4","",189,5127,5220,5176,46691820,87924,1021,694,"",2.79,0.86,0.88,0.87,0.83,0.10,0.26,0.95,"",2,1.1,62,1.2,8,0.2,23,0.4,1499016,3.3,-103338,-54.0,-987,-49.2,18,2.7
"23011","5","10","71","0","2017","4","",3671,43961,43932,44076,459025002,42265899,749710,803,"",0.95,0.86,0.86,0.86,0.82,1.02,1.00,0.95,"",-3,-0.1,-167,-0.4,-110,-0.2,249,0.6,19130467,4.3,-1572307,-3.6,-148405,-16.5,34,4.4
"23013","0","10","70","0","2017","4","",2031,17837,17421,17567,181245504,18232046,339634,792,"",1.00,1.00,1.00,1.00,1.00,1.00,1.00,1.00,"",-33,-1.6,-143,-0.8,-228,-1.3,-97,-0.5,7975280,4.6,687713,3.9,-46599,-12.1,42,5.6
"23013","1","10","71","0","2017","4","",25,112,110,112,1531496,0,0,1058,"",2.05,0.33,0.33,0.33,0.31,0.00,0.00,0.93,"",0,0.0,0,0.0,-5,-4.3,-5,-4.3,77561,5.3,0,0.0,0,0.0,83,8.5
"23013","2","10","71","0","2017","4","",8,610,605,608,6202751,29145,277,785,"",0.56,1.07,1.08,1.09,1.05,0.13,0.62,0.97,"",-1,-11.1,-74,-10.8,-74,-10.9,-72,-10.6,-623641,-9.1,-2708,-8.5,-140,-33.6,14,1.8
"23013","3","10","71","0","2017","4","",85,1836,1840,1919,16875774,150124,1493,696,"",2.46,1.04,1.06,1.10,1.08,0.42,0.84,1.01,"",-1,-1.2,45,2.5,-43,-2.3,21,1.1,328800,2.0,-2330,-1.5,-35,-2.3,11,1.6
"23013","5","10","71","0","2017","4","",1913,15279,14866,14928,156635483,18052777,337864,802,"",0.97,1.01,1.00,1.00,1.01,1.02,1.00,1.01,"",-31,-1.6,-114,-0.7,-106,-0.7,-41,-0.3,8192560,5.5,692751,4.0,-46424,-12.1,46,6.1
"23015","0","10","70","0","2017","4","",1607,11324,10496,10534,99758223,10554947,195969,712,"",1.00,1.00,1.00,1.00,1.00,1.00,1.00,1.00,"",-16,-1.0,-84,-0.7,-292,-2.7,-129,-1.2,510507,0.5,-367025,-3.4,-32812,-14.3,15,2.2
"23015","1","10","71","0","2017","4","",25,79,78,78,964522,0,0,947,"",2.59,0.36,0.39,0.38,0.35,0.00,0.00,0.93,"",0,0.0,4,5.3,2,2.6,1,1.3,44888,4.9,0,0.0,0,0.0,16,1.7
"23015","2","10","71","0","2017","4","",3,114,113,115,1330682,34048,477,898,"",0.27,0.31,0.34,0.34,0.41,0.25,1.85,1.24,"",0,0.0,3,2.7,3,2.7,2,1.8,103679,8.4,677,2.0,-134,-21.9,50,5.9
"23015","3","10","71","0","2017","4","",73,1479,1496,1469,12617717,47445,636,655,"",2.67,1.32,1.44,1.41,1.47,0.23,0.62,1.06,"",0,0.0,-36,-2.4,-47,-3.0,12,0.8,89217,0.7,9089,23.7,226,55.1,15,2.3
"23015","5","10","71","0","2017","4","",1506,9652,8809,8872,84845302,10473454,194856,716,"",0.97,1.00,0.99,0.99,1.00,1.03,1.00,1.00,"",-16,-1.1,-55,-0.6,-250,-2.8,-144,-1.6,272723,0.3,-376791,-3.5,-32904,-14.4,14,2.0
"23017","0","10","70","0","2017","4","",1632,16787,16607,17065,158022299,14997419,286841,723,"",1.00,1.00,1.00,1.00,1.00,1.00,1.00,1.00,"",20,1.2,-262,-1.5,248,1.5,146,0.9,4126005,2.7,56796,0.4,-51690,-15.3,17,2.4
"23017","1","10","71","0","2017","4","",37,139,133,133,1756051,0,0,1001,"",3.78,0.43,0.42,0.40,0.40,0.00,0.00,0.97,"",-1,-2.6,11,8.6,5,3.9,2,1.5,80045,4.8,0,0.0,0,0.0,2,0.2
"23017","2","10","71","0","2017","4","",10,359,351,348,2760971,12542,119,602,"",0.87,0.67,0.66,0.64,0.54,0.07,0.31,0.82,"",-1,-9.1,-12,-3.2,-17,-4.6,-19,-5.2,41259,1.5,-931,-6.9,-57,-32.4,35,6.2
"23017","3","10","71","0","2017","4","",119,2667,2744,2787,21887673,34269,352,616,"",4.29,1.60,1.66,1.65,1.61,0.12,0.23,0.98,"",0,0.0,-49,-1.8,-17,-0.6,8,0.3,265867,1.2,-10764,-23.9,-154,-30.4,12,2.0
"23017","5","10","71","0","2017","4","",1466,13622,13379,13797,131617604,14950608,286370,744,"",0.93,0.96,0.95,0.95,0.98,1.03,1.00,1.02,"",22,1.5,-212,-1.5,277,2.1,155,1.1,3738834,2.9,68491,0.5,-51479,-15.2,17,2.3
"23019","0","10","70","0","2017","4","",4858,70226,70574,70219,739697699,61773766,1176058,809,"",1.00,1.00,1.00,1.00,1.00,1.00,1.00,1.00,"",-38,-0.8,-256,-0.4,83,0.1,122,0.2,23598445,3.3,2752954,4.7,-18705,-1.6,26,3.3
"23019","1","10","71","0","2017","4","",77,1143,1158,1172,18677208,0,0,1241,"",2.64,0.85,0.86,0.87,0.92,0.00,0.00,1.07,"",-2,-2.5,-27,-2.3,-13,-1.1,-17,-1.4,-257226,-1.4,0,0.0,0,0.0,3,0.2
"23019","2","10","71","0","2017","4","",22,4679,4696,4593,54219993,357122,13447,896,"",0.65,2.08,2.08,2.05,2.25,0.46,8.67,1.09,"",0,0.0,6,0.1,52,1.1,-4,-0.1,719194,1.3,15497,4.5,-1372,-9.3,9,1.0
"23019","3","10","71","0","2017","4","",279,6573,6585,6590,60424099,130953,1735,706,"",3.38,0.94,0.94,0.95,0.95,0.11,0.28,1.01,"",5,1.8,57,0.9,-26,-0.4,15,0.2,915472,1.5,-702,-0.5,-386,-18.2,9,1.3
"23019","5","10","71","0","2017","4","",4480,57831,58135,57864,606376399,61285691,1160876,805,"",0.95,0.97,0.97,0.97,0.96,1.03,0.99,0.99,"",-41,-0.9,-292,-0.5,70,0.1,128,0.2,22221005,3.8,2738159,4.7,-16947,-1.4,30,3.9
"23021","0","10","70","0","2017","4","",577,5698,5564,5597,48783673,4991242,89095,668,"",1.00,1.00,1.00,1.00,1.00,1.00,1.00,1.00,"",2,0.3,24,0.4,-11,-0.2,82,1.5,2998002,6.5,-1032032,-17.1,-48499,-35.2,38,6.0
"23021","1","10","71","0","2017","4","",15,50,49,51,616871,0,0,949,"",4.33,0.46,0.46,0.47,0.46,0.00,0.00,0.99,"",0,0.0,0,0.0,0,0.0,-3,-5.6,-5589,-0.9,0,0.0,0,0.0,10,1.1
"23021","2","10","71","0","2017","4","",3,6,6,6,85552,0,0,1097,"",0.74,0.03,0.03,0.03,0.05,0.00,0.00,1.61,"",0,0.0,0,0.0,0,0.0,0,0.0,20741,32.0,0,0.0,0,0.0,266,32.0
"23021","3","10","71","0","2017","4","",60,1313,1296,1321,13096351,68239,558,769,"",6.12,2.33,2.35,2.38,3.12,0.69,1.19,1.33,"",0,0.0,-37,-2.7,-63,-4.6,-36,-2.7,-220746,-1.7,-17435,-20.4,-251,-31.0,13,1.7
"23021","5","10","71","0","2017","4","",499,4329,4213,4219,34984899,4923003,88537,633,"",0.89,0.89,0.89,0.89,0.84,1.02,1.00,0.94,"",2,0.4,61,1.4,52,1.2,121,3.0,3203596,10.1,-1014597,-17.1,-48248,-35.3,48,8.2
"23023","0","10","70","0","2017","4","",1160,15707,15541,15714,201164025,12040092,205968,989,"",1.00,1.00,1.00,1.00,1.00,1.00,1.00,1.00,"",-6,-0.5,-209,-1.3,-148,-0.9,80,0.5,-1614539,-0.8,1162819,10.7,-15706,-7.1,-2,-0.2
"23023","1","10","71","0","2017","4","",11,364,366,364,8682376,0,0,1831,"",1.58,1.20,1.23,1.20,1.57,0.00,0.00,1.29,"",0,0.0,-3,-0.8,5,1.4,-5,-1.4,184135,2.2,0,0.0,0,0.0,43,2.4
"23023","2","10","71","0","2017","4","",3,18,21,20,218757,0,0,856,"",0.37,0.04,0.04,0.04,0.03,0.00,0.00,0.85,"",0,0.0,-3,-14.3,0,0.0,-1,-4.8,-16963,-7.2,0,0.0,0,0.0,-7,-0.8
"23023","3","10","71","0","2017","4","",65,1574,1529,1598,15489410,16351,140,760,"",3.30,1.01,0.99,1.03,0.90,0.07,0.13,0.89,"",-1,-1.5,-4,-0.3,-41,-2.6,18,1.1,247418,1.6,-2617,-13.8,-173,-55.3,16,2.2
"23023","5","10","71","0","2017","4","",1081,13751,13625,13732,176773482,12023741,205828,992,"",0.96,1.03,1.03,1.03,1.03,1.03,1.01,1.00,"",-5,-0.5,-199,-1.4,-112,-0.8,68,0.5,-2029129,-1.1,1165436,10.7,-15533,-7.0,-6,-0.6
"23025","0","10","70","0","2017","4","",1479,16664,16485,16330,177767801,14289388,323744,829,"",1.00,1.00,1.00,1.00,1.00,1.00,1.00,1.00,"",8,0.5,-253,-1.5,-172,-1.0,-141,-0.9,11608221,7.0,1246959,9.6,20521,6.8,63,8.2
"23025","1","10","71","0","2017","4","",30,197,198,196,3172023,0,0,1239,"",3.38,0.61,0.63,0.62,0.65,0.00,0.00,1.05,"",0,0.0,14,7.7,8,4.2,7,3.7,179307,6.0,0,0.0,0,0.0,10,0.8
"23025","2","10","71","0","2017","4","",5,263,270,267,2677286,0,0,772,"",0.48,0.49,0.51,0.51,0.46,0.00,0.00,0.91,"",0,0.0,-17,-6.1,-13,-4.6,-14,-5.0,-162919,-5.7,0,0.0,0,0.0,-5,-0.6
"23025","3","10","71","0","2017","4","",113,2095,2060,2092,18694125,232273,2792,691,"",4.50,1.27,1.26,1.29,1.22,0.82,1.64,0.96,"",-1,-0.9,3,0.1,-33,-1.6,-16,-0.8,-152424,-0.8,78905,51.4,154,5.8,0,0.0
"23025","5","10","71","0","2017","4","",1331,14109,13957,13775,153224367,14057115,320952,845,"",0.93,1.00,1.00,0.99,1.01,1.02,1.00,1.01,"",9,0.7,-253,-1.8,-134,-1.0,-118,-0.8,11744257,8.3,1168054,9.1,20367,6.8,74,9.6
"23027","0","10","70","0","2017","4","",1237,12003,11778,11636,116260359,11024619,223195,758,"",1.00,1.00,1.00,1.00,1.00,1.00,1.00,1.00,"",-13,-1.0,132,1.1,152,1.3,270,2.4,6594167,6.0,-22363,-0.2,-32358,-12.7,32,4.4
"23027","1","10","71","0","2017","4","",23,90,91,89,1094426,0,0,935,"",3.10,0.39,0.40,0.40,0.34,0.00,0.00,0.86,"",0,0.0,4,4.7,2,2.2,4,4.7,94555,9.5,0,0.0,0,0.0,48,5.4
"23027","2","10","71","0","2017","4","N",1,0,0,0,0,0,0,0,"N",0.12,0,0,0,0,0,0,0,"N",0,0.0,0,0,0,0,0,0,0,0,0,0,0,0,0,0
"23027","3","10","71","0","2017","4","N",92,0,0,0,0,0,0,0,"N",4.38,0,0,0,0,0,0,0,"N",-6,-6.1,0,0,0,0,0,0,0,0,0,0,0,0,0,0
"23027","5","10","71","0","2017","4","",1121,10406,10150,10002,100893428,10876336,221696,762,"",0.93,1.02,1.01,1.01,1.02,1.02,1.00,1.00,"",-7,-0.6,193,1.9,202,2.0,304,3.1,6264671,6.6,1872,0.0,-31781,-12.5,31,4.2
"23029","0","10","70","0","2017","4","",1194,10210,10726,10407,96668636,11286748,279880,712,"",1.00,1.00,1.00,1.00,1.00,1.00,1.00,1.00,"",-12,-1.0,-159,-1.5,-146,-1.3,-152,-1.4,2417299,2.6,-117031,-1.0,-47696,-14.6,28,4.1
"23029","1","10","71","0","2017","4","",41,339,339,339,6205763,0,0,1408,"",5.73,1.72,1.65,1.69,2.34,0.00,0.00,1.38,"",-1,-2.4,-4,-1.2,-1,-0.3,1,0.3,-95533,-1.5,0,0.0,0,0.0,-16,-1.1
"23029","2","10","71","0","2017","4","",14,406,415,402,3634168,17110,163,686,"",1.67,1.24,1.21,1.21,1.15,0.12,0.44,0.94,"",1,7.7,-15,-3.6,-14,-3.3,-24,-5.6,-225879,-5.9,112,0.7,-60,-26.9,-12,-1.7
"23029","3","10","71","0","2017","4","",118,1866,1887,1858,14242939,431018,9757,586,"",5.81,1.84,1.77,1.80,1.71,1.93,6.62,0.95,"",-2,-1.7,7,0.4,38,2.1,-1,-0.1,155672,1.1,-32528,-7.0,-2578,-20.9,2,0.3
"23029","5","10","71","0","2017","4","",1021,7599,8085,7808,72585766,10838620,269960,713,"",0.88,0.88,0.89,0.88,0.88,0.99,0.97,1.00,"",-10,-1.0,-147,-1.9,-169,-2.0,-128,-1.6,2583039,3.7,-84615,-0.8,-45058,-14.3,38,5.6
"23031","0","10","70","0","2017","4","",6914,73071,70684,70251,833137199,65453657,1208536,898,"",1.00,1.00,1.00,1.00,1.00,1.00,1.00,1.00,"",3,0.0,1546,2.2,1161,1.7,1478,2.1,44846726,5.7,803071,1.2,-116417,-8.8,31,3.6
"23031","1","10","71","0","2017","4","",52,6528,6555,6530,142511607,0,0,1677,"",1.25,4.64,4.85,4.83,6.22,0.00,0.00,1.31,"",0,0.0,100,1.6,106,1.6,99,1.5,8388440,6.3,0,0.0,0,0.0,74,4.6
"23031","2","10","71","0","2017","4","",14,456,464,461,4227999,25906,246,707,"",0.29,0.19,0.20,0.21,0.16,0.03,0.15,0.77,"",0,0.0,-29,-6.0,-19,-3.9,-27,-5.5,-141477,-3.2,-652,-2.5,-102,-29.3,14,2.0
"23031","3","10","71","0","2017","4","",233,8279,8355,8419,87340629,191660,2086,805,"",1.98,1.14,1.19,1.21,1.22,0.15,0.33,1.03,"",-3,-1.3,4,0.0,-55,-0.7,66,0.8,2552608,3.0,-41349,-17.7,-644,-23.6,24,3.1
"23031","5","10","71","0","2017","4","",6615,57808,55310,54841,599056964,65236091,1206204,823,"",0.99,0.93,0.92,0.92,0.84,1.03,1.00,0.91,"",6,0.1,1471,2.6,1129,2.1,1340,2.5,34047155,6.0,845072,1.3,-115671,-8.8,28,3.5
"23999","0","10","70","0","2017","4","",4185,11648,11666,11564,203041061,23686583,488659,1343,"",1.00,1.00,1.00,1.00,1.00,1.00,1.00,1.00,"",224,5.7,1118,10.6,1322,12.8,1235,12.0,18492740,10.0,6082777,34.6,68345,16.3,-22,-1.6
"23999","1","10","71","0","2017","4","",30,276,304,296,6492799,0,0,1710,"",1.20,1.23,1.36,1.33,1.16,0.00,0.00,0.89,"",5,20.0,4,1.5,35,13.0,26,9.6,623823,10.6,0,0.0,0,0.0,40,2.4
"23999","2","10","71","0","2017","4","N",1,0,0,0,0,0,0,0,"N",0.03,0,0,0,0,0,0,0,"N",0,0.0,0,0,0,0,0,0,0,0,0,0,0,0,0,0
"23999","3","10","71","0","2017","4","N",3,0,0,0,0,0,0,0,"N",0.04,0,0,0,0,0,0,0,"N",0,0.0,0,0,0,0,0,0,0,0,0,0,0,0,0,0
"23999","5","10","71","0","2017","4","",4151,11321,11311,11218,196244339,23686583,488659,1338,"",1.02,1.14,1.14,1.14,1.13,1.03,1.01,0.99,"",219,5.6,1103,10.8,1278,12.7,1200,12.0,17812220,10.0,6082777,34.6,68345,16.3,-22,-1.6
"24000","0","10","50","0","2017","4","",172614,2676209,2689019,2681652,42081133882,2047024389,44755453,1207,"",1.00,1.00,1.00,1.00,1.00,1.00,1.00,1.00,"",801,0.5,21716,0.8,20989,0.8,11903,0.4,1620035322,4.0,-34675241,-1.7,-5454836,-10.9,39,3.3
"24000","1","10","51","0","2017","4","",1010,146182,146266,146740,3812645300,0,0,2003,"",0.98,2.84,2.84,2.84,3.30,0.00,0.00,1.16,"",-2,-0.2,-55,0.0,-225,-0.2,-898,-0.6,120683019,3.3,0,0.0,0,0.0,68,3.5
"24000","2","10","51","0","2017","4","",439,97639,99540,98319,1528983480,136988006,0,1194,"",0.36,1.14,1.16,1.15,1.11,5.27,0.00,0.97,"",-4,-0.9,-754,-0.8,-6,0.0,-81,-0.1,21323190,1.4,-646447,-0.5,0,0.0,20,1.7
"24000","3","10","51","0","2017","4","",2081,252463,253971,251184,3595990886,1129793,19501,1095,"",0.71,0.95,0.95,0.95,0.99,0.03,0.08,1.05,"",-8,-0.4,846,0.3,1154,0.5,-1910,-0.8,100831055,2.9,75434,7.2,269,1.4,30,2.8
"24000","5","10","51","0","2017","4","",169084,2179925,2189242,2185409,33143514216,1908906590,44735952,1167,"",1.01,0.96,0.96,0.96,0.92,0.96,1.01,0.96,"",815,0.5,21679,1.0,20066,0.9,14792,0.7,1377198058,4.3,-34104228,-1.8,-5455105,-10.9,39,3.5
"24000","8","10","96","0","2017","4","",3530,496284,499777,496243,8937619666,138117799,19501,1382,"",0.68,1.23,1.24,1.23,1.45,2.08,0.07,1.18,"",-14,-0.4,37,0.0,923,0.2,-2889,-0.6,242837264,2.8,-571013,-0.4,269,1.4,39,2.9
"24001","0","10","70","0","2017","4","",1575,29621,29641,29528,299959922,26748492,466418,780,"",1.00,1.00,1.00,1.00,1.00,1.00,1.00,1.00,"",-18,-1.1,-438,-1.5,-342,-1.1,17,0.1,7340919,2.5,1066302,4.2,-22141,-4.5,26,3.4
"24001","1","10","71","0","2017","4","",26,484,478,490,7741606,0,0,1230,"",2.75,0.85,0.84,0.86,0.94,0.00,0.00,1.10,"",-1,-3.7,-10,-2.0,-15,-3.0,-13,-2.6,-11420,-0.1,0,0.0,0,0.0,29,2.4
"24001","2","10","71","0","2017","4","",13,2714,2706,2704,34438495,7486242,0,978,"",1.18,2.85,2.85,2.87,3.52,22.04,0.00,1.23,"",0,0.0,-6,-0.2,-15,-0.6,156,6.1,244017,0.7,267536,3.7,0,0.0,-10,-1.0
"24001","3","10","71","0","2017","4","",43,2982,2994,2980,36482456,4266,12,940,"",1.61,1.02,1.02,1.02,1.41,0.01,0.00,1.39,"",0,0.0,-109,-3.5,-111,-3.6,-58,-1.9,1223304,3.5,-35739,-89.3,-109,-90.1,59,6.7
"24001","5","10","71","0","2017","4","",1493,23441,23463,23354,221297365,19257984,466406,727,"",0.98,0.93,0.93,0.93,0.86,0.74,1.01,0.93,"",-17,-1.1,-313,-1.3,-201,-0.8,-68,-0.3,5885018,2.7,834505,4.5,-22032,-4.5,25,3.6
"24003","0","10","70","0","2017","4","",15358,272325,273282,273781,4179038951,227710589,4605497,1177,"",1.00,1.00,1.00,1.00,1.00,1.00,1.00,1.00,"",132,0.9,1817,0.7,2013,0.7,1645,0.6,90029892,2.2,-1644750,-0.7,-460504,-9.1,18,1.6
"24003","1","10","71","0","2017","4","",104,13243,13244,13293,308452568,0,0,1789,"",1.13,2.53,2.53,2.52,2.69,0.00,0.00,1.06,"",2,2.0,51,0.4,-9,-0.1,-137,-1.0,11086962,3.7,0,0.0,0,0.0,68,4.0
"24003","2","10","71","0","2017","4","",76,12111,11908,11836,184439731,24309749,0,1187,"",0.71,1.39,1.36,1.36,1.35,8.41,0.00,0.99,"",0,0.0,359,3.1,256,2.2,192,1.6,7555531,4.3,3218555,15.3,0,0.0,22,1.9
"24003","3","10","71","0","2017","4","",161,21825,22128,22141,261282971,24281,559,912,"",0.62,0.81,0.82,0.82,0.73,0.01,0.02,0.89,"",0,0.0,-99,-0.5,-67,-0.3,-157,-0.7,5838152,2.3,-15174,-38.5,-580,-50.9,24,2.7
"24003","5","10","71","0","2017","4","",15017,225146,226002,226511,3424863681,203376559,4604938,1166,"",1.01,0.97,0.97,0.97,0.96,0.92,1.01,0.99,"",130,0.9,1506,0.7,1833,0.8,1747,0.8,65549247,2.0,-4848131,-2.3,-459924,-9.1,13,1.1
"24005","0","10","70","0","2017","4","",21375,377876,380851,381695,5525448951,274839771,6530413,1118,"",1.00,1.00,1.00,1.00,1.00,1.00,1.00,1.00,"",-69,-0.3,44,0.0,338,0.1,-205,-0.1,166569590,3.1,-7579140,-2.7,-812142,-11.1,33,3.0
"24005","1","10","71","0","2017","4","",71,14502,14533,14549,356824743,0,0,1889,"",0.55,1.99,1.99,1.98,2.35,0.00,0.00,1.18,"",0,0.0,-575,-3.8,-498,-3.3,-496,-3.3,2788919,0.8,0,0.0,0,0.0,80,4.4
"24005","2","10","71","0","2017","4","",25,11232,11221,11219,184223615,2115945,0,1263,"",0.17,0.93,0.92,0.92,1.02,0.61,0.00,1.11,"",0,0.0,-40,-0.4,-45,-0.4,-128,-1.1,3809148,2.1,27786,1.3,0,0.0,34,2.8
"24005","3","10","71","0","2017","4","",235,31039,31390,31644,443530787,0,0,1088,"",0.65,0.83,0.83,0.84,0.93,0.00,0.00,1.12,"",-1,-0.4,-187,-0.6,-64,-0.2,-680,-2.1,13969250,3.3,-847,-100.0,-3,-100.0,45,4.3
"24005","5","10","71","0","2017","4","",21044,321103,323707,324283,4540869806,272723826,6530413,1081,"",1.01,1.00,1.00,1.00,0.96,1.03,1.01,0.96,"",-68,-0.3,846,0.3,945,0.3,1099,0.3,146002273,3.3,-7606079,-2.7,-812139,-11.1,31,3.0
"24009","0","10","70","0","2017","4","",1877,23552,23012,22596,308154405,16100046,307292,1028,"",1.00,1.00,1.00,1.00,1.00,1.00,1.00,1.00,"",16,0.9,-959,-3.9,-1332,-5.5,-2981,-11.7,-45675706,-12.9,-13218166,-45.1,-974830,-76.0,-69,-6.3
"24009","1","10","71","0","2017","4","",19,134,133,133,2547461,0,0,1470,"",1.69,0.30,0.30,0.31,0.30,0.00,0.00,1.00,"",0,0.0,4,3.1,5,3.9,5,3.9,-51595,-2.0,0,0.0,0,0.0,-84,-5.4
"24009","2","10","71","0","2017","4","",9,276,275,277,3218365,174703,0,897,"",0.68,0.37,0.37,0.38,0.32,0.85,0.00,0.86,"",0,0.0,-2,-0.7,-1,-0.4,1,0.4,33776,1.1,9360,5.7,0,0.0,12,1.4
"24009","3","10","71","0","2017","4","",30,3906,3996,3961,50251887,2816,59,978,"",0.94,1.67,1.75,1.77,1.90,0.01,0.04,1.10,"",0,0.0,73,1.9,114,2.9,107,2.8,1893025,3.9,-14554,-83.8,-306,-83.8,13,1.3
"24009","5","10","71","0","2017","4","",1819,19236,18608,18225,252136692,15922527,307233,1038,"",1.00,0.96,0.95,0.95,0.96,1.02,1.01,1.00,"",16,0.9,-1034,-5.1,-1450,-7.2,-3094,-14.5,-47550912,-15.9,-13212972,-45.4,-974524,-76.0,-84,-7.5
"24011","0","10","70","0","2017","4","",691,9603,9693,9687,101679559,6556226,156961,810,"",1.00,1.00,1.00,1.00,1.00,1.00,1.00,1.00,"",10,1.5,229,2.4,197,2.1,203,2.1,4323225,4.4,647765,11.0,-5938,-3.6,18,2.3
"24011","1","10","71","0","2017","4","",14,73,74,72,940871,0,0,991,"",3.38,0.39,0.40,0.39,0.34,0.00,0.00,0.86,"",0,0.0,2,2.8,4,5.7,-1,-1.4,-18937,-2.0,0,0.0,0,0.0,-44,-4.3
"24011","2","10","71","0","2017","4","",6,191,194,199,2029410,75270,0,802,"",1.24,0.62,0.62,0.64,0.61,0.90,0.00,0.97,"",0,0.0,-1,-0.5,1,0.5,5,2.6,-25739,-1.3,-16212,-17.7,0,0.0,-17,-2.1
"24011","3","10","71","0","2017","4","",27,1568,1573,1577,16922108,47767,475,828,"",2.30,1.65,1.63,1.64,1.94,0.37,0.58,1.18,"",0,0.0,36,2.3,-77,-4.7,28,1.8,392078,2.4,28377,146.3,89,23.1,22,2.7
"24011","5","10","71","0","2017","4","",644,7771,7852,7839,81787170,6433189,156486,804,"",0.96,0.95,0.95,0.95,0.94,1.01,1.00,0.99,"",10,1.6,192,2.5,269,3.5,171,2.2,3975823,5.1,635600,11.0,-6027,-3.7,17,2.2
"24013","0","10","70","0","2017","4","",4569,59123,59439,59094,683671799,45015019,834152,888,"",1.00,1.00,1.00,1.00,1.00,1.00,1.00,1.00,"",0,0.0,929,1.6,1161,2.0,761,1.3,39893502,6.2,1317011,3.0,-34114,-3.9,38,4.5
"24013","1","10","71","0","2017","4","",20,332,333,345,5818289,0,0,1329,"",0.73,0.29,0.29,0.30,0.31,0.00,0.00,1.05,"",1,5.3,34,11.4,28,9.2,24,7.5,936385,19.2,0,0.0,0,0.0,110,9.0
"24013","2","10","71","0","2017","4","",11,1254,1263,1261,17130950,1341960,0,1046,"",0.34,0.66,0.66,0.67,0.77,2.35,0.00,1.16,"",0,0.0,42,3.5,40,3.3,44,3.6,619448,3.8,354290,35.9,0,0.0,3,0.3
"24013","3","10","71","0","2017","4","",62,6669,6812,6733,73929488,0,0,844,"",0.80,1.14,1.15,1.15,1.26,0.00,0.00,1.10,"",-3,-4.6,8,0.1,73,1.1,104,1.6,2887265,4.1,0,0.0,0,0.0,25,3.1
"24013","5","10","71","0","2017","4","",4476,50868,51031,50755,586793072,43673059,834152,887,"",1.01,1.01,1.01,1.01,1.01,1.00,1.01,0.99,"",2,0.0,845,1.7,1020,2.0,589,1.2,35450404,6.4,962721,2.3,-34114,-3.9,40,4.7
"24015","0","10","70","0","2017","4","",1939,32079,32256,31943,380183070,21667518,462419,911,"",1.00,1.00,1.00,1.00,1.00,1.00,1.00,1.00,"",-28,-1.4,-10,0.0,307,1.0,255,0.8,3011770,0.8,-2252089,-9.4,-198106,-30.0,2,0.2
"24015","1","10","71","0","2017","4","",31,1880,1888,1921,41061470,0,0,1666,"",2.67,3.04,3.06,3.12,3.93,0.00,0.00,1.28,"",-1,-3.1,24,1.3,25,1.3,56,3.0,3731673,10.0,0,0.0,0,0.0,123,8.0
"24015","2","10","71","0","2017","4","",10,515,514,514,6936767,203979,0,1037,"",0.74,0.50,0.50,0.50,0.56,0.74,0.00,1.12,"",0,0.0,-41,-7.4,-33,-6.0,-31,-5.7,-192371,-2.7,-72157,-26.1,0,0.0,39,3.9
"24015","3","10","71","0","2017","4","",45,4135,4197,4146,50969647,60573,1081,943,"",1.37,1.30,1.31,1.31,1.56,0.14,0.44,1.19,"",-1,-2.2,-43,-1.0,-27,-0.6,-36,-0.9,2567405,5.3,439,0.7,-559,-34.1,55,6.2
"24015","5","10","71","0","2017","4","",1853,25549,25657,25362,281215186,21402966,461338,848,"",0.99,0.94,0.94,0.93,0.87,1.02,1.00,0.93,"",-26,-1.4,50,0.2,342,1.4,266,1.1,-3094937,-1.1,-2180371,-9.2,-197547,-30.0,-16,-1.9
"24017","0","10","70","0","2017","4","",2872,41906,42090,42199,499713142,32466200,727749,914,"",1.00,1.00,1.00,1.00,1.00,1.00,1.00,1.00,"",-62,-2.1,-1160,-2.7,-1495,-3.4,-1339,-3.1,-2155363,-0.4,-2185398,-6.3,-94653,-11.5,24,2.7
"24017","1","10","71","0","2017","4","",30,2312,2317,2324,61225670,0,0,2032,"",1.74,2.87,2.88,2.86,4.46,0.00,0.00,1.55,"",1,3.4,48,2.1,37,1.6,54,2.4,3534582,6.1,0,0.0,0,0.0,78,4.0
"24017","2","10","71","0","2017","4","",9,542,538,537,5853797,227009,0,835,"",0.45,0.40,0.40,0.40,0.36,0.55,0.00,0.90,"",0,0.0,-22,-3.9,-32,-5.6,-32,-5.6,-214638,-3.5,-20899,-8.4,0,0.0,13,1.6
"24017","3","10","71","0","2017","4","",68,7307,7100,7078,85580819,60264,678,919,"",1.39,1.76,1.70,1.69,1.99,0.09,0.18,1.16,"",1,1.5,119,1.7,65,0.9,30,0.4,1845976,2.2,14084,30.5,-1337,-66.4,11,1.2
"24017","5","10","71","0","2017","4","",2765,31745,32135,32260,347052856,32178927,727071,833,"",0.99,0.89,0.90,0.90,0.81,1.02,1.01,0.91,"",-64,-2.3,-1305,-3.9,-1565,-4.6,-1391,-4.1,-7321283,-2.1,-2178583,-6.3,-93316,-11.4,18,2.2
"24019","0","10","70","0","2017","4","",726,11042,11020,10685,113314577,13100086,194997,799,"",1.00,1.00,1.00,1.00,1.00,1.00,1.00,1.00,"",1,0.1,-384,-3.4,-338,-3.0,-303,-2.8,-377478,-0.3,275100,2.1,-25163,-11.4,22,2.8
"24019","1","10","71","0","2017","4","",19,171,172,173,3177443,0,0,1421,"",4.36,0.80,0.82,0.84,1.02,0.00,0.00,1.24,"",0,0.0,-6,-3.4,-3,-1.7,-4,-2.3,1490,0.0,0,0.0,0,0.0,36,2.6
"24019","2","10","71","0","2017","4","",8,793,791,784,11382598,5866707,0,1109,"",1.57,2.24,2.24,2.30,3.08,35.27,0.00,1.36,"",0,0.0,17,2.2,17,2.2,20,2.6,643192,6.0,284050,5.1,0,0.0,38,3.5
"24019","3","10","71","0","2017","4","",23,1369,1381,1409,16373644,8901,78,909,"",1.86,1.25,1.26,1.33,1.68,0.03,0.08,1.31,"",0,0.0,-18,-1.3,1,0.1,3,0.2,593903,3.8,-12831,-59.0,-373,-82.7,36,4.1
"24019","5","10","71","0","2017","4","",676,8709,8676,8319,82380892,7224478,194919,740,"",0.96,0.93,0.93,0.92,0.85,0.57,1.01,0.92,"",1,0.1,-377,-4.1,-353,-3.9,-322,-3.7,-1616063,-1.9,3881,0.1,-24790,-11.3,16,2.2
"24021","0","10","70","0","2017","4","",6481,102441,102948,102488,1319880416,73338765,1563533,989,"",1.00,1.00,1.00,1.00,1.00,1.00,1.00,1.00,"",63,1.0,1168,1.2,1927,1.9,1533,1.5,43324975,3.4,-2158744,-2.9,-236613,-13.1,18,1.9
"24021","1","10","71","0","2017","4","",62,3616,3626,3646,83517085,0,0,1770,"",1.59,1.83,1.84,1.85,2.30,0.00,0.00,1.25,"",0,0.0,-38,-1.0,-29,-0.8,-18,-0.5,3055967,3.8,0,0.0,0,0.0,78,4.6
"24021","2","10","71","0","2017","4","",12,1206,1197,1204,16207417,198428,0,1037,"",0.26,0.37,0.36,0.37,0.38,0.21,0.00,1.03,"",0,0.0,25,2.1,-2,-0.2,-10,-0.8,52798,0.3,-119658,-37.6,0,0.0,0,0.0
"24021","3","10","71","0","2017","4","",84,11472,11519,11513,151075654,77290,1455,1010,"",0.76,1.13,1.13,1.14,1.33,0.05,0.18,1.18,"",2,2.4,250,2.2,374,3.4,376,3.4,7797576,5.4,-4667,-5.7,-493,-25.3,23,2.3
"24021","5","10","71","0","2017","4","",6323,86147,86606,86125,1069080260,73063047,1562078,953,"",1.01,0.99,0.99,0.99,0.95,1.03,1.01,0.96,"",61,1.0,931,1.1,1584,1.9,1185,1.4,32418634,3.1,-2034419,-2.7,-236120,-13.1,15,1.6
"24023","0","10","70","0","2017","4","",908,11682,11538,11771,105057609,8191017,210020,693,"",1.00,1.00,1.00,1.00,1.00,1.00,1.00,1.00,"",-8,-0.9,-39,-0.3,-8,-0.1,3,0.0,5627961,5.7,134110,1.7,-927,-0.4,38,5.8
"24023","1","10","71","0","2017","4","",13,67,64,64,958708,0,0,1135,"",2.39,0.30,0.29,0.28,0.33,0.00,0.00,1.15,"",-1,-7.1,4,6.3,-2,-3.0,-9,-12.3,1859,0.2,0,0.0,0,0.0,42,3.8
"24023","2","10","71","0","2017","4","",6,259,261,261,2784765,109242,0,823,"",0.94,0.69,0.71,0.70,0.81,1.05,0.00,1.16,"",0,0.0,9,3.6,9,3.6,12,4.8,12835,0.5,7342,7.2,0,0.0,-29,-3.4
"24023","3","10","71","0","2017","4","",46,1407,1430,1436,14776602,12880,38,798,"",2.98,1.22,1.25,1.23,1.64,0.08,0.03,1.33,"",0,0.0,-5,-0.4,18,1.3,-12,-0.8,-297292,-2.0,2676,26.2,-172,-81.9,-16,-2.0
"24023","5","10","71","0","2017","4","",843,9949,9783,10010,86537534,8068895,209982,671,"",0.96,1.00,1.00,1.00,0.96,1.02,1.01,0.96,"",-7,-0.8,-47,-0.5,-33,-0.3,12,0.1,5910559,7.3,124092,1.6,-755,-0.4,47,7.5
"24025","0","10","70","0","2017","4","",5859,95664,97053,95872,1261597914,80787499,2120148,1009,"",1.00,1.00,1.00,1.00,1.00,1.00,1.00,1.00,"",-10,-0.2,1674,1.8,1758,1.8,2198,2.3,57171428,4.7,5384797,7.1,166902,8.5,27,2.7
"24025","1","10","71","0","2017","4","",49,10772,10818,10862,255733761,0,0,1819,"",1.39,5.85,5.82,5.88,7.37,0.00,0.00,1.26,"",-2,-3.9,-214,-1.9,-179,-1.6,-183,-1.7,4333666,1.7,0,0.0,0,0.0,62,3.5
"24025","2","10","71","0","2017","4","",10,555,552,547,6766913,369304,0,944,"",0.24,0.18,0.18,0.18,0.16,0.36,0.00,0.92,"",0,0.0,9,1.6,4,0.7,-9,-1.6,91658,1.4,-6304,-1.7,0,0.0,10,1.1
"24025","3","10","71","0","2017","4","",64,9316,9419,9321,121124387,0,0,996,"",0.64,0.98,0.98,0.98,1.12,0.00,0.00,1.14,"",0,0.0,-31,-0.3,-47,-0.5,-44,-0.5,5320938,4.6,-2763,-100.0,-8,-100.0,48,5.1
"24025","5","10","71","0","2017","4","",5736,75021,76264,75142,877972853,80418195,2120148,895,"",1.01,0.92,0.92,0.92,0.82,1.03,1.01,0.88,"",-8,-0.1,1910,2.6,1980,2.7,2434,3.3,47425166,5.7,5393864,7.2,166910,8.5,24,2.8
"24027","0","10","70","0","2017","4","",10096,171276,171940,171558,2965832377,130718833,3182716,1330,"",1.00,1.00,1.00,1.00,1.00,1.00,1.00,1.00,"",19,0.2,2502,1.5,2796,1.7,2030,1.2,116129363,4.1,450093,0.3,-338355,-9.6,34,2.6
"24027","1","10","71","0","2017","4","",26,667,664,671,14470022,0,0,1668,"",0.43,0.20,0.20,0.20,0.18,0.00,0.00,0.88,"",0,0.0,36,5.7,30,4.7,42,6.7,923142,6.8,0,0.0,0,0.0,17,1.0
"24027","2","10","71","0","2017","4","",14,1693,1692,1687,26852933,441921,0,1222,"",0.20,0.31,0.31,0.31,0.28,0.27,0.00,0.90,"",0,0.0,-90,-5.0,-87,-4.9,-96,-5.4,584896,2.2,-468805,-51.5,0,0.0,88,7.8
"24027","3","10","71","0","2017","4","",97,14957,14974,14688,228219452,17830,369,1180,"",0.57,0.88,0.88,0.87,0.89,0.01,0.02,1.02,"",0,0.0,160,1.1,99,0.7,-125,-0.8,10120395,4.6,16055,904.5,323,702.2,49,4.3
"24027","5","10","71","0","2017","4","",9959,153959,154610,154512,2696289970,130259082,3182347,1344,"",1.02,1.06,1.06,1.06,1.06,1.03,1.01,1.01,"",19,0.2,2396,1.6,2754,1.8,2209,1.5,104500930,4.0,902843,0.7,-338678,-9.6,32,2.4
"24029","0","10","70","0","2017","4","",727,8008,7948,7773,86136236,5280205,106071,838,"",1.00,1.00,1.00,1.00,1.00,1.00,1.00,1.00,"",-3,-0.4,73,0.9,4,0.1,-88,-1.1,3315093,4.0,429311,8.9,3442,3.4,33,4.1
"24029","1","10","71","0","2017","4","",12,64,61,61,832027,0,0,1032,"",2.75,0.42,0.40,0.41,0.35,0.00,0.00,0.86,"",0,0.0,-2,-3.0,-1,-1.6,-5,-7.6,70840,9.3,0,0.0,0,0.0,127,14.0
"24029","2","10","71","0","2017","4","",7,244,243,242,2729537,60932,0,864,"",1.37,0.95,0.95,0.98,0.97,0.91,0.00,1.01,"",0,0.0,3,1.2,-1,-0.4,-2,-0.8,70880,2.7,-14192,-18.9,0,0.0,22,2.6
"24029","3","10","71","0","2017","4","",18,729,743,738,8260759,12841,97,863,"",1.46,0.92,0.94,0.96,1.12,0.12,0.17,1.19,"",0,0.0,-54,-6.9,-34,-4.4,-44,-5.6,782096,10.5,-4156,-24.5,37,61.7,126,17.1
"24029","5","10","71","0","2017","4","",690,6971,6901,6732,74313913,5206432,105974,832,"",0.98,1.02,1.02,1.02,1.01,1.02,1.01,0.99,"",-3,-0.4,126,1.8,40,0.6,-37,-0.5,2391277,3.3,447659,9.4,3405,3.3,21,2.6
"24031","0","10","70","0","2017","4","",33078,472467,474241,474409,9120852651,318419611,6439291,1481,"",1.00,1.00,1.00,1.00,1.00,1.00,1.00,1.00,"",-63,-0.2,3985,0.9,3509,0.7,2051,0.4,423436856,4.9,-6107475,-1.9,-792037,-11.0,59,4.1
"24031","1","10","71","0","2017","4","",109,48274,48228,48264,1434198583,0,0,2286,"",0.55,5.31,5.31,5.28,5.72,0.00,0.00,1.08,"",0,0.0,-61,-0.1,-313,-0.6,-454,-0.9,42717980,3.1,0,0.0,0,0.0,80,3.6
"24031","2","10","71","0","2017","4","",12,1213,1215,1216,15586729,1766977,0,987,"",0.05,0.08,0.08,0.08,0.05,0.44,0.00,0.65,"",0,0.0,11,0.9,13,1.1,13,1.1,226368,1.5,-17538,-1.0,0,0.0,4,0.4
"24031","3","10","71","0","2017","4","",243,44012,44100,43915,710929021,183131,5684,1243,"",0.43,0.94,0.94,0.94,0.91,0.03,0.17,0.97,"",1,0.4,680,1.6,699,1.6,635,1.5,25479075,3.7,29244,19.0,1209,27.0,26,2.1
"24031","5","10","71","0","2017","4","",32714,378968,380698,381014,6960138318,316469503,6433607,1408,"",1.02,0.94,0.94,0.94,0.89,1.03,1.01,0.95,"",-64,-0.2,3355,0.9,3110,0.8,1857,0.5,355013433,5.4,-6119181,-1.9,-793246,-11.0,62,4.6
"24033","0","10","70","0","2017","4","",16171,320362,324678,321716,4714732812,276359455,5283186,1125,"",1.00,1.00,1.00,1.00,1.00,1.00,1.00,1.00,"",90,0.6,4275,1.4,3208,1.0,-300,-0.1,170308140,3.7,-6385047,-2.3,-435441,-7.6,32,2.9
"24033","1","10","71","0","2017","4","",115,27445,27474,27535,692459964,0,0,1938,"",1.19,4.45,4.42,4.44,5.34,0.00,0.00,1.20,"",-1,-0.9,624,2.3,594,2.2,398,1.5,28561747,4.3,0,0.0,0,0.0,43,2.3
"24033","2","10","71","0","2017","4","",15,20706,22590,21770,313832147,52305140,0,1113,"",0.13,2.01,2.17,2.12,2.04,14.91,0.00,0.97,"",-2,-11.8,-353,-1.7,194,0.9,-337,-1.5,4081913,1.3,-721145,-1.4,0,0.0,23,2.1
"24033","3","10","71","0","2017","4","",299,41692,41906,39879,656529863,230741,5916,1227,"",1.09,1.31,1.30,1.25,1.62,0.04,0.21,1.26,"",-1,-0.3,-142,-0.3,-40,-0.1,-1932,-4.6,4539494,0.7,46743,25.4,2569,76.8,29,2.4
"24033","5","10","71","0","2017","4","",15742,230519,232708,232532,3051910838,223823574,5277270,1012,"",1.00,0.85,0.84,0.85,0.76,0.84,1.01,0.89,"",94,0.6,4146,1.8,2460,1.1,1571,0.7,133124986,4.6,-5710645,-2.5,-438010,-7.7,32,3.3
"24035","0","10","70","0","2017","4","",1473,14709,14731,14648,159573969,12318913,240942,835,"",1.00,1.00,1.00,1.00,1.00,1.00,1.00,1.00,"",5,0.3,-12,-0.1,-54,-0.4,-70,-0.5,13450182,9.2,591220,5.0,-9390,-3.8,72,9.4
"24035","1","10","71","0","2017","4","",15,96,101,99,1446005,0,0,1127,"",1.70,0.34,0.36,0.35,0.33,0.00,0.00,0.94,"",0,0.0,4,4.3,13,14.8,8,8.8,111099,8.3,0,0.0,0,0.0,-10,-0.9
"24035","2","10","71","0","2017","4","",8,223,223,224,2665981,115003,0,918,"",0.78,0.47,0.47,0.48,0.51,0.74,0.00,1.08,"",0,0.0,-10,-4.3,-7,-3.0,-6,-2.6,-10188,-0.4,14165,14.0,0,0.0,27,3.0
"24035","3","10","71","0","2017","4","",32,2226,2365,2342,28283457,14562,766,941,"",1.28,1.53,1.62,1.62,2.06,0.06,0.60,1.30,"",0,0.0,-143,-6.0,-48,-2.0,-87,-3.6,2733425,10.7,11186,331.3,756,7560.0,123,15.0
"24035","5","10","71","0","2017","4","",1418,12164,12042,11983,127178526,12189348,240176,811,"",0.99,0.97,0.96,0.96,0.93,1.02,1.00,0.97,"",5,0.4,137,1.1,-12,-0.1,15,0.1,10615846,9.1,565869,4.9,-10146,-4.1,65,8.7
"24037","0","10","70","0","2017","4","",2162,44266,44380,44477,778032780,23970609,468454,1349,"",1.00,1.00,1.00,1.00,1.00,1.00,1.00,1.00,"",12,0.6,748,1.7,584,1.3,714,1.6,36843391,5.0,160518,0.7,-35078,-7.0,44,3.4
"24037","1","10","71","0","2017","4","",39,9618,9641,9708,280141921,0,0,2232,"",3.01,11.29,11.35,11.33,13.10,0.00,0.00,1.16,"",-2,-4.9,98,1.0,92,1.0,137,1.4,10719550,4.0,0,0.0,0,0.0,61,2.8
"24037","2","10","71","0","2017","4","",11,929,932,897,11917183,139312,0,997,"",0.73,0.65,0.66,0.63,0.47,0.46,0.00,0.72,"",0,0.0,-8,-0.9,-7,-0.7,21,2.4,153422,1.3,-10464,-7.0,0,0.0,11,1.1
"24037","3","10","71","0","2017","4","",59,3866,3795,3846,50287071,33658,102,1008,"",1.61,0.88,0.86,0.87,0.75,0.07,0.04,0.86,"",0,0.0,-7,-0.2,-129,-3.3,-72,-1.8,-160026,-0.3,19074,130.8,58,131.8,14,1.4
"24037","5","10","71","0","2017","4","",2053,29853,30012,30026,435686605,23797639,468352,1118,"",0.98,0.79,0.80,0.79,0.66,1.03,1.01,0.82,"",14,0.7,665,2.3,628,2.1,628,2.1,26130445,6.4,151908,0.6,-35136,-7.0,44,4.1
"24039","0","10","70","0","2017","4","",466,6823,6739,6822,76551169,3418050,78670,867,"",1.00,1.00,1.00,1.00,1.00,1.00,1.00,1.00,"",8,1.7,-1,0.0,-17,-0.3,136,2.0,636737,0.8,-77697,-2.2,-9221,-10.5,3,0.3
"24039","1","10","71","0","2017","4","",12,50,47,48,631273,0,0,1005,"",4.29,0.38,0.36,0.37,0.30,0.00,0.00,0.81,"",0,0.0,-1,-2.0,-1,-2.1,-1,-2.0,20816,3.4,0,0.0,0,0.0,53,5.6
"24039","2","10","71","0","2017","4","",10,1844,1832,1821,25957778,83188,0,1090,"",3.06,8.42,8.49,8.37,10.39,1.92,0.00,1.23,"",0,0.0,-132,-6.7,-124,-6.3,-29,-1.6,-1468197,-5.4,-5463,-6.2,0,0.0,-5,-0.5
"24039","3","10","71","0","2017","4","",20,995,1002,1009,12021574,39873,80,923,"",2.53,1.47,1.50,1.49,1.83,0.59,0.19,1.23,"",0,0.0,13,1.3,16,1.6,23,2.3,606536,5.3,8748,28.1,52,185.7,31,3.5
"24039","5","10","71","0","2017","4","",424,3934,3858,3944,37940544,3294989,78590,746,"",0.94,0.68,0.67,0.68,0.58,1.00,1.01,0.86,"",8,1.9,119,3.1,92,2.4,143,3.8,1477582,4.1,-80982,-2.4,-9273,-10.6,7,0.9
"24041","0","10","70","0","2017","4","",1565,19476,19453,19313,216000636,15390855,355660,856,"",1.00,1.00,1.00,1.00,1.00,1.00,1.00,1.00,"",-4,-0.3,143,0.7,291,1.5,122,0.6,7743728,3.7,490057,3.3,11738,3.4,23,2.8
"24041","1","10","71","0","2017","4","",18,194,201,208,3462395,0,0,1325,"",1.92,0.52,0.54,0.56,0.58,0.00,0.00,1.08,"",-1,-5.3,-14,-6.7,-4,-2.0,-7,-3.3,-90468,-2.5,0,0.0,0,0.0,19,1.5
"24041","2","10","71","0","2017","4","",8,224,223,221,2734602,127988,0,945,"",0.73,0.36,0.36,0.36,0.39,0.65,0.00,1.08,"",0,0.0,-2,-0.9,-5,-2.2,-4,-1.8,9868,0.4,3641,2.9,0,0.0,19,2.1
"24041","3","10","71","0","2017","4","",18,1430,1457,1435,18118348,24603,711,967,"",0.68,0.74,0.75,0.75,0.98,0.08,0.38,1.30,"",-1,-5.3,13,0.9,34,2.4,13,0.9,124511,0.7,719,3.0,-175,-19.8,-7,-0.7
"24041","5","10","71","0","2017","4","",1521,17628,17572,17449,191685291,15238264,354949,840,"",1.00,1.07,1.06,1.06,1.04,1.02,1.00,0.98,"",-2,-0.1,146,0.8,266,1.5,120,0.7,7699817,4.2,485697,3.3,11913,3.5,25,3.1
"24043","0","10","70","0","2017","4","",3499,66513,67129,67100,735661109,49809037,1101764,846,"",1.00,1.00,1.00,1.00,1.00,1.00,1.00,1.00,"",-27,-0.8,-490,-0.7,-529,-0.8,-1091,-1.6,29054858,4.1,-1984679,-3.8,-160395,-12.7,42,5.2
"24043","1","10","71","0","2017","4","",33,570,565,569,8020847,0,0,1086,"",1.57,0.45,0.44,0.44,0.40,0.00,0.00,0.90,"",1,3.1,-24,-4.0,-26,-4.4,-34,-5.6,-54508,-0.7,0,0.0,0,0.0,44,4.2
"24043","2","10","71","0","2017","4","",12,1982,1991,1983,28720253,235405,0,1113,"",0.49,0.93,0.93,0.93,1.20,0.37,0.00,1.29,"",-1,-7.7,-156,-7.3,-133,-6.3,-142,-6.7,-1165025,-3.9,-52589,-18.3,0,0.0,33,3.1
"24043","3","10","71","0","2017","4","",65,6163,6182,6179,72312513,50293,1285,901,"",1.09,0.94,0.93,0.93,1.14,0.05,0.22,1.23,"",0,0.0,92,1.5,29,0.5,-5,-0.1,2006727,2.9,-16118,-24.3,-529,-29.2,20,2.3
"24043","5","10","71","0","2017","4","",3389,57798,58391,58369,626607496,49523339,1100479,828,"",1.00,1.02,1.02,1.02,1.00,1.03,1.01,0.97,"",-27,-0.8,-402,-0.7,-399,-0.7,-910,-1.5,28267664,4.7,-1915972,-3.7,-159866,-12.7,45,5.7
"24045","0","10","70","0","2017","4","",2594,45319,45658,45830,508706313,32424303,716475,858,"",1.00,1.00,1.00,1.00,1.00,1.00,1.00,1.00,"",13,0.5,-91,-0.2,142,0.3,-27,-0.1,17546050,3.6,-508757,-1.5,-61585,-7.9,29,3.5
"24045","1","10","71","0","2017","4","",27,283,289,291,4690147,0,0,1254,"",1.74,0.32,0.33,0.33,0.34,0.00,0.00,1.02,"",0,0.0,5,1.8,8,2.8,6,2.1,87982,1.9,0,0.0,0,0.0,-4,-0.3
"24045","2","10","71","0","2017","4","",13,2796,2792,2812,32554727,2494800,0,894,"",0.72,1.92,1.91,1.92,1.96,6.06,0.00,1.02,"",0,0.0,-10,-0.4,70,2.6,89,3.3,1041593,3.3,-33326,-1.3,0,0.0,13,1.5
"24045","3","10","71","0","2017","4","",48,5202,5260,5200,58026178,7592,23,855,"",1.09,1.16,1.16,1.15,1.33,0.01,0.01,1.15,"",0,0.0,-66,-1.3,-98,-1.8,-232,-4.3,1653947,2.9,-20495,-73.0,-50,-68.5,45,5.6
"24045","5","10","71","0","2017","4","",2506,37038,37317,37527,413435261,29921911,716452,853,"",1.00,0.96,0.96,0.96,0.95,0.95,1.01,0.99,"",13,0.5,-20,-0.1,162,0.4,110,0.3,14762528,3.7,-454936,-1.5,-61535,-7.9,29,3.5
"24047","0","10","70","0","2017","4","",2215,24195,22096,21306,204582015,18735156,545816,698,"",1.00,1.00,1.00,1.00,1.00,1.00,1.00,1.00,"",23,1.0,419,1.8,335,1.5,456,2.2,6146490,3.1,272642,1.5,-36284,-6.2,8,1.2
"24047","1","10","71","0","2017","4","",14,181,171,172,2560641,0,0,1128,"",1.05,0.39,0.40,0.42,0.46,0.00,0.00,1.13,"",0,0.0,-1,-0.5,-3,-1.7,-3,-1.7,-38451,-1.5,0,0.0,0,0.0,-2,-0.2
"24047","2","10","71","0","2017","4","",6,162,161,158,1835254,303659,0,880,"",0.39,0.21,0.23,0.23,0.27,1.28,0.00,1.24,"",0,0.0,-1,-0.6,-1,-0.6,1,0.6,80234,4.6,47916,18.7,0,0.0,40,4.8
"24047","3","10","71","0","2017","4","",45,3108,3089,3056,38936091,0,0,971,"",1.20,1.30,1.41,1.45,2.21,0.00,0.00,1.60,"",0,0.0,1,0.0,21,0.7,30,1.0,1084610,2.9,0,0.0,0,0.0,22,2.3
"24047","5","10","71","0","2017","4","",2150,20744,18675,17920,161250029,18431497,545816,649,"",1.00,1.01,0.99,0.99,0.92,1.02,1.01,0.92,"",23,1.1,420,2.1,318,1.7,428,2.4,5020097,3.2,224726,1.2,-36284,-6.2,7,1.1
"24510","0","10","70","0","2017","4","",13805,345494,346105,345236,6131774873,237926442,5175082,1365,"",1.00,1.00,1.00,1.00,1.00,1.00,1.00,1.00,"",-13,-0.1,4773,1.4,3873,1.1,3778,1.1,337341337,5.8,2367879,1.0,-608156,-10.5,60,4.6
"24510","1","10","71","0","2017","4","",78,10610,10627,10751,226193373,0,0,1632,"",0.94,1.60,1.60,1.62,1.34,0.00,0.00,0.84,"",0,0.0,-92,-0.9,5,0.0,-259,-2.4,7253605,3.3,0,0.0,0,0.0,69,4.4
"24510","2","10","71","0","2017","4","",123,33946,34197,33916,587574050,36435143,0,1329,"",1.27,3.06,3.08,3.08,2.94,12.06,0.00,0.95,"",-1,-0.8,-357,-1.0,-120,-0.3,191,0.6,5026446,0.9,-3322336,-8.4,0,0.0,15,1.1
"24510","3","10","71","0","2017","4","",220,24974,25032,24832,389606804,152511,12,1201,"",0.94,0.73,0.73,0.73,0.74,0.03,0.00,1.01,"",-1,-0.5,285,1.2,323,1.3,190,0.8,7179112,1.9,-4212,-2.7,12,100.0,9,0.8
"24510","5","10","71","0","2017","4","",13384,275964,276249,275737,4928400646,201338788,5175070,1374,"",1.00,0.94,0.94,0.94,0.94,0.87,1.01,1.00,"",-11,-0.1,4937,1.8,3665,1.3,3656,1.3,317882174,6.9,5694427,2.9,-608168,-10.5,70,5.4
"24999","0","10","70","0","2017","4","",20533,70387,71098,70125,1604996627,95731692,2881727,1750,"",1.00,1.00,1.00,1.00,1.00,1.00,1.00,1.00,"",714,3.6,2521,3.7,2661,3.9,2405,3.6,88998382,5.9,-4160104,-4.2,-285845,-9.0,35,2.0
"24999","1","10","71","0","2017","4","",54,544,517,491,15538427,0,0,2310,"",0.44,0.40,0.38,0.36,0.35,0.00,0.00,0.92,"",2,3.8,49,9.9,17,3.4,-4,-0.8,1010134,7.0,0,0.0,0,0.0,60,2.7
"24999","2","10","71","0","2017","4","",5,29,29,29,609483,0,0,1617,"",0.03,0.01,0.01,0.01,0.01,0.00,0.00,0.91,"",0,0.0,2,7.4,3,11.5,0,0.0,61325,11.2,0,0.0,0,0.0,74,4.8
"24999","3","10","71","0","2017","4","",29,114,127,126,2159305,63120,21,1358,"",0.08,0.02,0.02,0.02,0.02,0.03,0.00,0.89,"",-4,-12.1,20,21.3,30,30.9,35,38.5,649573,43.0,29645,88.6,-142,-87.1,123,10.0
"24999","5","10","71","0","2017","4","",20445,69700,70425,69479,1586689412,95668572,2881706,1747,"",1.03,1.17,1.17,1.17,1.16,1.03,1.01,0.99,"",716,3.6,2450,3.6,2611,3.9,2374,3.5,87277350,5.8,-4189749,-4.2,-285703,-9.0,35,2.0
"25000","0","10","50","0","2017","4","",254281,3582637,3585075,3584284,65694211423,6383719757,131221783,1410,"",1.00,1.00,1.00,1.00,1.00,1.00,1.00,1.00,"",4472,1.8,47519,1.3,45783,1.3,46574,1.3,3533368148,5.7,132853936,2.1,109228,0.1,58,4.3
"25000","1","10","51","0","2017","4","",977,45850,45732,46111,942517770,0,0,1580,"",0.64,0.66,0.67,0.67,0.52,0.00,0.00,0.78,"",5,0.5,105,0.2,-112,-0.2,-485,-1.0,20708789,2.2,0,0.0,0,0.0,41,2.7
"25000","2","10","51","0","2017","4","",2217,115184,115331,115248,2132292164,1893788312,3948770,1423,"",1.24,1.00,1.00,1.01,0.99,23.36,22.83,0.99,"",294,15.3,-2526,-2.1,-2469,-2.1,-1992,-1.7,21825023,1.0,10584894,0.6,-1855854,-32.0,42,3.0
"25000","3","10","51","0","2017","4","",4297,277087,280512,280031,4232628760,348340854,1228851,1166,"",0.99,0.78,0.79,0.79,0.75,2.76,1.78,0.95,"",16,0.4,1187,0.4,-2266,-0.8,1018,0.4,163807971,4.0,17392843,5.3,-95179,-7.2,45,4.0
"25000","5","10","51","0","2017","4","",246790,3144516,3143500,3142894,58386772729,4141590591,126044162,1429,"",1.00,1.03,1.03,1.03,1.04,0.67,0.97,1.01,"",4157,1.7,48753,1.6,50630,1.6,48033,1.6,3327026365,6.0,104876199,2.6,2060261,1.7,60,4.4
"25000","8","10","96","0","2017","4","",7491,438121,441575,441390,7307438694,2242129166,5177621,1276,"",0.98,0.81,0.82,0.82,0.76,10.81,6.00,0.93,"",315,4.4,-1234,-0.3,-4847,-1.1,-1459,-0.3,206341783,2.9,27977737,1.3,-1951033,-27.4,43,3.5
"25001","0","10","70","0","2017","4","",9504,97599,93120,91852,1177500761,169728948,3900750,962,"",1.00,1.00,1.00,1.00,1.00,1.00,1.00,1.00,"",58,0.6,695,0.7,608,0.7,856,0.9,32349487,2.8,985208,0.6,-169918,-4.2,20,2.1
"25001","1","10","71","0","2017","4","",87,1629,1580,1595,29299910,0,0,1407,"",1.53,0.87,0.89,0.90,0.91,0.00,0.00,1.02,"",1,1.2,-4,-0.2,-66,-4.0,-45,-2.7,152008,0.5,0,0.0,0,0.0,40,2.9
"25001","2","10","71","0","2017","4","",85,2905,2911,2872,45144822,45144822,229595,1199,"",1.28,0.93,0.98,0.98,1.17,20.95,44.65,1.22,"",9,11.8,12,0.4,6,0.2,-21,-0.7,219380,0.5,219380,0.5,-47748,-17.2,6,0.5
"25001","3","10","71","0","2017","4","",202,10343,10344,10101,148900158,12716195,30147,1116,"",1.25,1.07,1.12,1.11,1.47,3.78,1.47,1.34,"",2,1.0,184,1.8,158,1.6,116,1.2,4120857,2.8,995075,8.5,-5574,-15.6,14,1.3
"25001","5","10","71","0","2017","4","",9130,82722,78285,77284,954155871,111867931,3641008,924,"",0.99,1.00,0.99,0.99,0.95,0.68,0.94,0.96,"",46,0.5,503,0.6,510,0.7,806,1.1,27857242,3.0,-229247,-0.2,-116596,-3.1,20,2.2
"25003","0","10","70","0","2017","4","",5179,61921,61547,61932,737394532,100709762,1923432,918,"",1.00,1.00,1.00,1.00,1.00,1.00,1.00,1.00,"",4,0.1,49,0.1,-6,0.0,132,0.2,17709389,2.5,-393933,-0.4,-72170,-3.6,21,2.3
"25003","1","10","71","0","2017","4","",35,381,387,393,6433290,0,0,1279,"",1.13,0.32,0.33,0.33,0.32,0.00,0.00,0.97,"",0,0.0,-10,-2.6,0,0.0,6,1.6,38146,0.6,0,0.0,0,0.0,12,0.9
"25003","2","10","71","0","2017","4","",80,2226,2194,2173,31021421,31021421,62044,1086,"",2.20,1.12,1.11,1.10,1.29,24.26,24.47,1.16,"",8,11.1,18,0.8,16,0.7,-5,-0.2,767165,2.5,767165,2.5,-28716,-31.6,22,2.1
"25003","3","10","71","0","2017","4","",168,5848,5893,6011,64582272,6112507,27314,840,"",1.91,0.95,0.96,0.98,1.02,3.07,2.70,1.05,"",0,0.0,19,0.3,-156,-2.6,25,0.4,1374135,2.2,310987,5.4,-6162,-18.4,23,2.8
"25003","5","10","71","0","2017","4","",4896,53466,53073,53355,635357549,63575834,1834074,917,"",0.97,1.02,1.02,1.01,1.01,0.65,0.96,0.99,"",-4,-0.1,22,0.0,134,0.3,106,0.2,15529943,2.5,-1472085,-2.3,-37292,-2.0,21,2.3
"25005","0","10","70","0","2017","4","",17625,229228,230055,229623,2922017252,416263723,9017507,979,"",1.00,1.00,1.00,1.00,1.00,1.00,1.00,1.00,"",108,0.6,2399,1.1,1895,0.8,1093,0.5,133850551,4.8,-4275721,-1.0,-130593,-1.4,38,4.0
"25005","1","10","71","0","2017","4","",57,1138,1147,1143,20538423,0,0,1383,"",0.54,0.26,0.26,0.26,0.26,0.00,0.00,0.99,"",0,0.0,-25,-2.1,-10,-0.9,-21,-1.8,307258,1.5,0,0.0,0,0.0,43,3.2
"25005","2","10","71","0","2017","4","",160,6560,6553,6539,108886111,108886111,217767,1279,"",1.30,0.89,0.89,0.89,1.14,20.60,18.32,1.28,"",29,22.1,-350,-5.1,-369,-5.3,-407,-5.9,-4273918,-3.8,-4273918,-3.8,-121709,-35.9,22,1.8
"25005","3","10","71","0","2017","4","",397,21456,21362,21261,313450697,24143697,81023,1129,"",1.33,0.94,0.94,0.94,1.25,2.93,1.71,1.33,"",2,0.5,408,1.9,-78,-0.4,165,0.8,36022381,13.0,1483167,6.5,-6287,-7.2,122,12.1
"25005","5","10","71","0","2017","4","",17011,200074,200993,200680,2479142021,283233915,8718717,951,"",1.00,1.03,1.03,1.03,0.99,0.70,0.97,0.97,"",77,0.5,2366,1.2,2352,1.2,1356,0.7,101794830,4.3,-1484970,-0.5,-2597,0.0,30,3.3
"25007","0","10","70","0","2017","4","",1297,8746,7758,7713,113513116,23708438,388370,1082,"",1.00,1.00,1.00,1.00,1.00,1.00,1.00,1.00,"",35,2.8,73,0.8,-10,-0.1,15,0.2,4196036,3.8,868167,3.8,-11987,-3.0,37,3.5
"25007","1","10","71","0","2017","4","",8,48,46,47,764480,0,0,1251,"",1.03,0.29,0.31,0.32,0.25,0.00,0.00,0.81,"",0,0.0,2,4.3,-1,-2.1,1,2.2,-16130,-2.1,0,0.0,0,0.0,-45,-3.5
"25007","2","10","71","0","2017","4","N",10,0,0,0,0,0,0,0,"N",1.10,0,0,0,0,0,0,0,"N",-1,-9.1,0,0,0,0,0,0,0,0,0,0,0,0,0,0
"25007","3","10","71","0","2017","4","N",72,0,0,0,0,0,0,0,"N",3.27,0,0,0,0,0,0,0,"N",0,0.0,0,0,0,0,0,0,0,0,0,0,0,0,0,0
"25007","5","10","71","0","2017","4","",1207,7205,6194,6060,91305406,9883691,356233,1083,"",0.96,0.97,0.94,0.92,0.94,0.43,0.92,1.00,"",36,3.1,55,0.8,-10,-0.2,-1,0.0,2683113,3.0,68644,0.7,-8332,-2.3,30,2.8
"25009","0","10","70","0","2017","4","",25879,329960,329326,329529,4979178817,533747053,11782709,1162,"",1.00,1.00,1.00,1.00,1.00,1.00,1.00,1.00,"",998,4.0,4110,1.3,4106,1.3,4457,1.4,227591747,4.8,7353161,1.4,-76313,-0.6,39,3.5
"25009","1","10","71","0","2017","4","",62,3302,3382,3323,57926779,0,0,1336,"",0.40,0.52,0.54,0.52,0.42,0.00,0.00,0.80,"",3,5.1,-63,-1.9,-5,-0.1,-272,-7.6,1007834,1.8,0,0.0,0,0.0,67,5.3
"25009","2","10","71","0","2017","4","",225,7880,7867,7888,121676268,121547816,243855,1188,"",1.24,0.74,0.75,0.75,0.75,17.94,15.70,1.00,"",59,35.5,-459,-5.5,-460,-5.5,-479,-5.7,-3721714,-3.0,-3850166,-3.1,-134562,-35.6,32,2.8
"25009","3","10","71","0","2017","4","",430,31060,31179,31150,454735821,24963919,113481,1124,"",0.98,0.95,0.95,0.96,1.06,2.36,1.83,1.12,"",4,0.9,-98,-0.3,-473,-1.5,-57,-0.2,7824989,1.8,1458544,6.2,-12593,-10.0,27,2.5
"25009","5","10","71","0","2017","4","",25162,287718,286898,287168,4344839949,387235318,11425373,1163,"",1.00,1.03,1.03,1.03,1.02,0.75,0.98,1.00,"",932,3.8,4730,1.7,5044,1.8,5265,1.9,222480638,5.4,9744783,2.6,70842,0.6,40,3.6
"25011","0","10","70","0","2017","4","",2479,27366,27234,27211,288790276,60516571,910752,815,"",1.00,1.00,1.00,1.00,1.00,1.00,1.00,1.00,"",30,1.2,77,0.3,-88,-0.3,57,0.2,6855539,2.4,3030229,5.3,65508,7.8,19,2.4
"25011","1","10","71","0","2017","4","",31,208,204,207,3155666,0,0,1176,"",2.08,0.39,0.39,0.39,0.40,0.00,0.00,1.01,"",0,0.0,4,2.0,5,2.5,3,1.5,249182,8.6,0,0.0,0,0.0,71,6.4
"25011","2","10","71","0","2017","4","",43,992,999,984,14963186,14963186,29927,1161,"",2.48,1.13,1.15,1.13,1.59,19.47,24.93,1.40,"",4,10.3,61,6.6,55,5.8,38,4.0,589337,4.1,589337,4.1,-13193,-30.6,-15,-1.3
"25011","3","10","71","0","2017","4","",168,4036,4118,4186,40916977,16336653,59890,765,"",3.99,1.49,1.52,1.55,1.65,13.64,12.49,1.08,"",-1,-0.6,-57,-1.4,-166,-3.9,-88,-2.1,724776,1.8,374646,2.3,4464,8.1,32,4.4
"25011","5","10","71","0","2017","4","",2237,22130,21913,21834,229754447,29216732,820935,805,"",0.93,0.95,0.95,0.94,0.93,0.50,0.91,0.98,"",27,1.2,69,0.3,18,0.1,104,0.5,5292244,2.4,2066246,7.6,74237,9.9,16,2.0
"25013","0","10","70","0","2017","4","",18275,211832,211625,211777,2665187478,387729690,7899967,968,"",1.00,1.00,1.00,1.00,1.00,1.00,1.00,1.00,"",116,0.6,1358,0.6,968,0.5,1480,0.7,60915827,2.3,-2269949,-0.6,371532,4.9,16,1.7
"25013","1","10","71","0","2017","4","",69,3778,3772,4107,71983158,0,0,1425,"",0.63,0.93,0.93,1.01,0.98,0.00,0.00,1.03,"",0,0.0,-24,-0.6,-38,-1.0,-27,-0.7,714893,1.0,0,0.0,0,0.0,25,1.8
"25013","2","10","71","0","2017","4","",175,8143,8242,8178,121395707,121395707,242789,1141,"",1.37,1.20,1.22,1.21,1.40,24.66,23.31,1.16,"",13,8.0,-1303,-13.8,-1290,-13.5,-1281,-13.5,-14214828,-10.5,-14214828,-10.5,-164039,-40.3,41,3.7
"25013","3","10","71","0","2017","4","",259,21196,21654,21341,285217930,21308923,91595,1025,"",0.83,1.01,1.03,1.02,1.24,2.78,2.20,1.22,"",0,0.0,-268,-1.2,-457,-2.1,-385,-1.8,5539634,2.0,1224073,6.1,9649,11.8,37,3.7
"25013","5","10","71","0","2017","4","",17772,178715,177957,178151,2186590683,245025060,7565583,943,"",1.00,0.99,0.99,0.99,0.96,0.65,0.96,0.97,"",103,0.6,2953,1.7,2753,1.6,3173,1.8,68876128,3.3,10720806,4.6,525922,7.5,14,1.5
"25015","0","10","70","0","2017","4","",4880,66491,66443,66117,823461576,240768789,2157068,955,"",1.00,1.00,1.00,1.00,1.00,1.00,1.00,1.00,"",28,0.6,1346,2.1,1298,2.0,1138,1.8,53122118,6.9,8847785,3.8,-179128,-7.7,45,4.9
"25015","1","10","71","0","2017","4","",42,1455,1446,1444,27878934,0,0,1481,"",1.43,1.14,1.14,1.13,1.23,0.00,0.00,1.08,"",-2,-4.5,75,5.4,41,2.9,24,1.7,1593944,6.1,0,0.0,0,0.0,38,2.6
"25015","2","10","71","0","2017","4","",94,8723,8706,8714,157396371,157390161,314762,1389,"",2.75,4.09,4.09,4.13,5.85,51.48,110.70,1.43,"",24,34.3,476,5.8,444,5.4,477,5.8,8184346,5.5,8178136,5.5,-132987,-29.7,-2,-0.1
"25015","3","10","71","0","2017","4","",170,6729,6726,6761,78038454,20776645,68321,891,"",2.05,1.02,1.02,1.03,1.10,4.36,6.02,1.08,"",-2,-1.2,138,2.1,-35,-0.5,46,0.7,2014878,2.7,532259,2.6,-22890,-25.1,17,1.9
"25015","5","10","71","0","2017","4","",4574,49584,49565,49198,560147817,62601983,1773985,871,"",0.97,0.88,0.88,0.88,0.80,0.27,0.83,0.91,"",8,0.2,657,1.3,848,1.7,591,1.2,41328950,8.0,137390,0.2,-23251,-1.3,52,6.3
"25017","0","10","70","0","2017","4","",55207,910700,914408,915359,19145770307,1413403653,32999135,1612,"",1.00,1.00,1.00,1.00,1.00,1.00,1.00,1.00,"",743,1.4,13470,1.5,12387,1.4,12475,1.4,1226955663,6.8,46703987,3.4,793710,2.5,82,5.4
"25017","1","10","71","0","2017","4","",189,11525,11506,11488,246079301,0,0,1645,"",0.57,0.66,0.66,0.65,0.47,0.00,0.00,0.71,"",2,1.1,12,0.1,-11,-0.1,-85,-0.7,3938769,1.6,0,0.0,0,0.0,30,1.9
"25017","2","10","71","0","2017","4","",318,14444,14446,14380,283849942,283366991,566749,1514,"",0.82,0.49,0.49,0.49,0.45,15.79,13.03,0.92,"",39,14.0,30,0.2,84,0.6,183,1.3,10011303,3.7,9708574,3.5,-253692,-30.9,43,2.9
"25017","3","10","71","0","2017","4","",764,64365,65535,65302,1007001087,68683553,222935,1190,"",0.81,0.71,0.72,0.72,0.61,2.45,1.28,0.85,"",-2,-0.3,552,0.9,27,0.0,519,0.8,31770746,3.3,2476774,3.7,16774,8.1,31,2.7
"25017","5","10","71","0","2017","4","",53936,820366,822921,824189,17608839977,1061353109,32209451,1647,"",1.01,1.06,1.06,1.06,1.08,0.78,0.98,1.02,"",704,1.3,12876,1.6,12287,1.5,11858,1.5,1181234845,7.2,34518639,3.4,1030628,3.3,87,5.6
"25019","0","10","70","0","2017","4","",1131,7605,6472,6123,110270945,23721149,371928,1260,"",1.00,1.00,1.00,1.00,1.00,1.00,1.00,1.00,"",22,2.0,13,0.2,10,0.2,33,0.5,2228179,2.1,698032,3.0,-37068,-9.1,22,1.8
"25019","1","10","71","0","2017","4","",3,54,45,44,927836,0,0,1497,"",0.44,0.37,0.36,0.37,0.31,0.00,0.00,0.83,"",0,0.0,2,3.8,-12,-21.1,-10,-18.5,-115374,-11.1,0,0.0,0,0.0,20,1.4
"25019","2","10","71","0","2017","4","N",9,0,0,0,0,0,0,0,"N",1.14,0,0,0,0,0,0,0,"N",-1,-10.0,0,0,0,0,0,0,0,0,0,0,0,0,0,0
"25019","3","10","71","0","2017","4","N",12,0,0,0,0,0,0,0,"N",0.62,0,0,0,0,0,0,0,"N",1,9.1,0,0,0,0,0,0,0,0,0,0,0,0,0,0
"25019","5","10","71","0","2017","4","N",1107,0,0,0,0,0,0,0,"N",1.01,0,0,0,0,0,0,0,"N",22,2.0,0,0,0,0,0,0,0,0,0,0,0,0,0,0
"25021","0","10","70","0","2017","4","",25293,354476,356803,357242,6280394079,567772323,13593446,1356,"",1.00,1.00,1.00,1.00,1.00,1.00,1.00,1.00,"",56,0.2,2611,0.7,3322,0.9,2851,0.8,283694834,4.7,17622542,3.2,67780,0.5,50,3.8
"25021","1","10","71","0","2017","4","",60,1585,1548,1547,30519467,0,0,1505,"",0.40,0.23,0.23,0.22,0.18,0.00,0.00,0.78,"",-1,-1.6,33,2.1,-22,-1.4,-8,-0.5,-306882,-1.0,0,0.0,0,0.0,-16,-1.1
"25021","2","10","71","0","2017","4","",122,5546,5545,5551,105967550,105967550,211938,1469,"",0.69,0.49,0.49,0.49,0.52,14.70,11.83,1.06,"",12,10.9,114,2.1,118,2.2,127,2.3,4357079,4.3,4357079,4.3,-92896,-30.5,29,2.0
"25021","3","10","71","0","2017","4","",389,28853,29467,29594,454172313,16308066,83593,1192,"",0.90,0.82,0.83,0.84,0.84,1.45,1.17,1.01,"",-8,-2.0,-313,-1.1,-388,-1.3,115,0.4,19841540,4.6,-458289,-2.7,-5874,-6.6,59,5.2
"25021","5","10","71","0","2017","4","",24722,318492,320243,320550,5689734749,445496707,13297915,1369,"",1.01,1.06,1.06,1.06,1.06,0.81,0.98,1.00,"",53,0.2,2777,0.9,3614,1.1,2617,0.8,259803097,4.8,13723752,3.2,166550,1.3,50,3.8
"25023","0","10","70","0","2017","4","",16010,196056,195846,195637,2628671110,369615492,7528468,1032,"",1.00,1.00,1.00,1.00,1.00,1.00,1.00,1.00,"",292,1.9,3946,2.1,3379,1.8,3958,2.1,97696304,3.9,7709580,2.1,82638,1.1,18,1.8
"25023","1","10","71","0","2017","4","",64,2884,2893,2952,55605087,0,0,1470,"",0.67,0.76,0.77,0.78,0.77,0.00,0.00,1.00,"",1,1.6,21,0.7,18,0.6,33,1.1,1762200,3.3,0,0.0,0,0.0,35,2.4
"25023","2","10","71","0","2017","4","",139,6361,6342,6359,113626109,113626109,227717,1376,"",1.24,1.01,1.01,1.02,1.32,24.21,22.95,1.31,"",24,20.9,-12,-0.2,1,0.0,5,0.1,2197604,2.0,2197604,2.0,-106562,-31.9,27,2.0
"25023","3","10","71","0","2017","4","",407,21142,21617,21475,318444301,18715736,53018,1144,"",1.50,1.09,1.11,1.11,1.41,2.56,1.34,1.28,"",0,0.0,-113,-0.5,-266,-1.2,-109,-0.5,10460326,3.4,1143677,6.5,-9450,-15.1,46,4.2
"25023","5","10","71","0","2017","4","",15400,165669,164994,164851,2140995613,237273647,7247733,997,"",0.99,0.99,0.99,0.99,0.95,0.66,0.97,0.96,"",267,1.8,4050,2.5,3626,2.2,4029,2.5,83276174,4.0,4368299,1.9,198650,2.8,16,1.6
"25025","0","10","70","0","2017","4","",29968,678270,680693,680483,17557932622,1238627648,21550867,1987,"",1.00,1.00,1.00,1.00,1.00,1.00,1.00,1.00,"",975,3.4,10111,1.5,10714,1.6,9092,1.4,1132511925,6.9,5791212,0.5,-423019,-1.9,101,5.4
"25025","1","10","71","0","2017","4","",137,14341,14235,14278,326915872,0,0,1760,"",0.76,1.10,1.09,1.09,0.68,0.00,0.00,0.62,"",0,0.0,-2,0.0,-124,-0.9,-127,-0.9,9345835,2.9,0,0.0,0,0.0,60,3.5
"25025","2","10","71","0","2017","4","",444,35432,35506,35518,750159216,512620915,1038022,1626,"",2.11,1.63,1.63,1.64,1.31,32.59,36.54,0.80,"",23,5.5,-1932,-5.2,-1901,-5.1,-1593,-4.3,1352826,0.2,-9417656,-1.8,-531503,-33.9,82,5.3
"25025","3","10","71","0","2017","4","",132,26684,26664,26668,574956861,38293578,149379,1658,"",0.26,0.40,0.39,0.40,0.38,1.56,1.32,0.96,"",3,2.3,191,0.7,123,0.5,55,0.2,26224492,4.8,3173233,9.0,-12382,-7.7,68,4.3
"25025","5","10","71","0","2017","4","",29255,601813,604288,604019,15905900673,687713155,20363466,2028,"",1.01,1.04,1.04,1.04,1.06,0.57,0.95,1.02,"",949,3.4,11854,2.0,12616,2.1,10757,1.8,1095588772,7.4,12035635,1.8,120866,0.6,102,5.3
"25027","0","10","70","0","2017","4","",25490,351667,352978,353855,4935573978,725687811,12820901,1076,"",1.00,1.00,1.00,1.00,1.00,1.00,1.00,1.00,"",655,2.6,6507,1.9,5881,1.7,7580,2.2,225512486,4.8,34193227,4.9,-251674,-1.9,29,2.8
"25027","1","10","71","0","2017","4","",120,3039,3028,3027,51751531,0,0,1313,"",0.78,0.45,0.45,0.44,0.38,0.00,0.00,0.85,"",0,0.0,52,1.7,48,1.6,-16,-0.5,453358,0.9,0,0.0,0,0.0,-1,-0.1
"25027","2","10","71","0","2017","4","",308,15786,15831,15903,273817530,273480805,554858,1330,"",1.72,1.40,1.40,1.41,1.70,29.68,32.83,1.21,"",50,19.4,812,5.4,820,5.5,952,6.4,15777822,6.1,15756779,6.1,-225567,-28.9,5,0.4
"25027","3","10","71","0","2017","4","",727,33235,33822,33953,459365188,54753164,193419,1049,"",1.68,0.95,0.96,0.97,1.08,3.81,2.87,1.12,"",17,2.4,464,1.4,-587,-1.7,580,1.7,15395327,3.5,2914337,5.6,-33011,-14.6,30,2.9
"25027","5","10","71","0","2017","4","",24335,299607,300297,300972,4150639729,397453842,12072624,1063,"",0.98,1.00,1.00,1.00,0.98,0.57,0.95,0.98,"",588,2.5,5179,1.8,5600,1.9,6064,2.1,193885979,4.9,15522111,4.1,6904,0.1,30,2.9
"25999","0","10","70","0","2017","4","",16064,50720,50767,49831,1328554574,111718707,4376483,2026,"",1.00,1.00,1.00,1.00,1.00,1.00,1.00,1.00,"",352,2.2,754,1.5,1319,2.7,1357,2.8,28178063,2.2,5990409,5.7,79930,1.9,-3,-0.1
"25999","1","10","71","0","2017","4","",13,483,513,516,12738036,0,0,1944,"",0.13,0.49,0.53,0.54,0.35,0.00,0.00,0.67,"",1,8.3,32,7.1,65,14.5,59,12.9,1583748,14.2,0,0.0,0,0.0,46,2.4
"25999","2","10","71","0","2017","4","N",5,0,0,0,0,0,0,0,"N",0.04,0,0,0,0,0,0,0,"N",2,66.7,0,0,0,0,0,0,0,0,0,0,0,0,0,0
"25999","5","10","71","0","2017","4","N",16046,0,0,0,0,0,0,0,"N",1.03,0,0,0,0,0,0,0,"N",349,2.2,0,0,0,0,0,0,0,0,0,0,0,0,0,0
"26000","0","10","50","0","2017","4","",247385,4339538,4340774,4321713,59882230928,3307721169,101011442,1063,"",1.00,1.00,1.00,1.00,1.00,1.00,1.00,1.00,"",5403,2.2,39295,0.9,33865,0.8,38216,0.9,2541124561,4.4,32827819,1.0,-7849118,-7.2,36,3.5
"26000","1","10","51","0","2017","4","",1522,52375,52146,53098,1018096183,0,0,1491,"",1.03,0.63,0.63,0.64,0.62,0.00,0.00,0.98,"",-15,-1.0,409,0.8,21,0.0,-367,-0.7,18338889,1.8,0,0.0,0,0.0,27,1.8
"26000","2","10","51","0","2017","4","",1116,162428,162806,161283,2565075269,0,0,1217,"",0.64,1.17,1.17,1.17,1.31,0.00,0.00,1.12,"",-1,-0.1,986,0.6,1213,0.8,745,0.5,71096597,2.9,-9000,-100.0,-252,-100.0,27,2.3
"26000","3","10","51","0","2017","4","",4872,359782,361188,358303,4285514759,8319460,207977,916,"",1.16,0.84,0.84,0.84,0.83,0.13,0.39,0.99,"",-5,-0.1,2536,0.7,-500,-0.1,1746,0.5,105938447,2.5,988947,13.5,610,0.3,19,2.1
"26000","5","10","51","0","2017","4","",239875,3764953,3764634,3749029,52013544717,3299401709,100803465,1064,"",1.00,1.02,1.02,1.02,1.02,1.03,1.00,1.00,"",5424,2.3,35364,0.9,33131,0.9,36092,1.0,2345750628,4.7,31847872,1.0,-7849476,-7.2,38,3.7
"26000","8","10","96","0","2017","4","",7510,574585,576140,572684,7868686211,8319460,207977,1054,"",1.01,0.88,0.88,0.88,0.90,0.08,0.31,1.02,"",-21,-0.3,3931,0.7,734,0.1,2124,0.4,195373933,2.5,979947,13.4,358,0.2,22,2.1
"26001","0","10","70","0","2017","4","",180,1810,1768,1731,17134214,1144405,39203,745,"",1.00,1.00,1.00,1.00,1.00,1.00,1.00,1.00,"",-4,-2.2,62,3.5,73,4.3,73,4.4,1109856,6.9,-22178,-1.9,-6330,-13.9,20,2.8
"26001","1","10","71","0","2017","4","",7,19,18,20,213105,0,0,863,"",6.48,0.55,0.53,0.60,0.45,0.00,0.00,0.81,"",0,0.0,0,0.0,1,5.9,0,0.0,2189,1.0,0,0.0,0,0.0,-6,-0.7
"26001","2","10","71","0","2017","4","N",2,0,0,0,0,0,0,0,"N",1.59,0,0,0,0,0,0,0,"N",0,0.0,0,0,0,0,0,0,0,0,0,0,0,0,0,0
"26001","3","10","71","0","2017","4","N",15,0,0,0,0,0,0,0,"N",4.90,0,0,0,0,0,0,0,"N",0,0.0,0,0,0,0,0,0,0,0,0,0,0,0,0,0
"26001","5","10","71","0","2017","4","",156,1505,1459,1420,14569308,1140425,38994,767,"",0.89,0.98,0.97,0.97,1.00,1.03,1.00,1.02,"",-4,-2.5,42,2.9,45,3.2,39,2.8,1074783,8.0,-16723,-1.4,-6038,-13.4,36,4.9
"26003","0","10","70","0","2017","4","",219,2651,2368,2356,26222248,1501072,53706,821,"",1.00,1.00,1.00,1.00,1.00,1.00,1.00,1.00,"",-3,-1.4,70,2.7,-60,-2.5,22,0.9,916199,3.6,21485,1.5,1603,3.1,26,3.3
"26003","1","10","71","0","2017","4","",12,83,64,72,852356,0,0,898,"",9.14,1.63,1.41,1.59,1.18,0.00,0.00,0.76,"",0,0.0,-5,-5.7,-6,-8.6,3,4.3,-48886,-5.4,0,0.0,0,0.0,-18,-2.0
"26003","2","10","71","0","2017","4","N",6,0,0,0,0,0,0,0,"N",3.91,0,0,0,0,0,0,0,"N",0,0.0,0,0,0,0,0,0,0,0,0,0,0,0,0,0
"26003","3","10","71","0","2017","4","N",18,0,0,0,0,0,0,0,"N",4.84,0,0,0,0,0,0,0,"N",0,0.0,0,0,0,0,0,0,0,0,0,0,0,0,0,0
"26003","5","10","71","0","2017","4","",183,1795,1545,1545,16733849,1428898,52374,791,"",0.86,0.80,0.77,0.77,0.75,0.98,0.98,0.96,"",-3,-1.6,56,3.2,-63,-3.9,34,2.3,989088,6.3,12168,0.9,1363,2.7,43,5.7
"26005","0","10","70","0","2017","4","",2182,38858,38406,38010,470780079,27844180,823516,942,"",1.00,1.00,1.00,1.00,1.00,1.00,1.00,1.00,"",33,1.5,160,0.4,328,0.9,633,1.7,28345479,6.4,2961168,11.9,44110,5.7,48,5.4
"26005","1","10","71","0","2017","4","",21,174,176,177,2436569,0,0,1067,"",1.60,0.23,0.24,0.24,0.19,0.00,0.00,0.79,"",0,0.0,-2,-1.1,0,0.0,-5,-2.7,44330,1.9,0,0.0,0,0.0,33,3.2
"26005","2","10","71","0","2017","4","",10,313,301,298,4384068,0,0,1109,"",0.65,0.25,0.24,0.25,0.29,0.00,0.00,1.15,"",0,0.0,2,0.6,1,0.3,0,0.0,-30245,-0.7,0,0.0,0,0.0,-12,-1.1
"26005","3","10","71","0","2017","4","",91,4611,4632,4644,47672870,241554,6043,792,"",2.45,1.20,1.21,1.23,1.18,0.44,1.39,0.97,"",2,2.2,231,5.3,231,5.2,262,6.0,3300067,7.4,169775,236.5,4180,224.4,14,1.8
"26005","5","10","71","0","2017","4","",2060,33760,33297,32891,416286572,27602626,817473,961,"",0.97,1.02,1.02,1.02,1.04,1.02,1.00,1.01,"",31,1.5,-71,-0.2,96,0.3,376,1.2,25031327,6.4,2791393,11.3,39930,5.1,54,6.0
"26007","0","10","70","0","2017","4","",789,11710,11607,11519,113536672,8378926,297336,752,"",1.00,1.00,1.00,1.00,1.00,1.00,1.00,1.00,"",-2,-0.3,-310,-2.6,-384,-3.2,-308,-2.6,2854621,2.6,116063,1.4,-26994,-8.3,39,5.5
"26007","1","10","71","0","2017","4","",14,134,141,139,2230677,0,0,1243,"",2.96,0.59,0.63,0.63,0.71,0.00,0.00,1.16,"",0,0.0,0,0.0,5,3.7,-1,-0.7,244539,12.3,0,0.0,0,0.0,125,11.2
"26007","2","10","71","0","2017","4","",10,186,179,180,3136327,0,0,1328,"",1.81,0.49,0.48,0.49,0.85,0.00,0.00,1.73,"",0,0.0,0,0.0,-1,-0.6,2,1.1,-16486,-0.5,0,0.0,0,0.0,-9,-0.7
"26007","3","10","71","0","2017","4","",16,2460,2441,2440,26846117,12478,190,844,"",1.19,2.12,2.12,2.14,2.75,0.08,0.12,1.29,"",0,0.0,-33,-1.3,-39,-1.6,-18,-0.7,886249,3.4,-2487,-16.6,-95,-33.3,38,4.7
"26007","5","10","71","0","2017","4","",749,8930,8846,8760,81323551,8366448,297146,707,"",0.98,0.90,0.90,0.89,0.84,1.03,1.01,0.94,"",-2,-0.3,-277,-3.0,-349,-3.8,-291,-3.2,1740319,2.2,118550,1.4,-26899,-8.3,38,5.7
"26009","0","10","70","0","2017","4","",518,5305,4876,4877,42507935,3515808,155285,651,"",1.00,1.00,1.00,1.00,1.00,1.00,1.00,1.00,"",-1,-0.2,70,1.3,-129,-2.6,-95,-1.9,876278,2.1,-144370,-3.9,-21494,-12.2,19,3.0
"26009","1","10","71","0","2017","4","",14,57,57,58,828611,0,0,1112,"",4.51,0.56,0.61,0.62,0.71,0.00,0.00,1.19,"",-1,-6.7,-2,-3.4,0,0.0,-5,-7.9,41669,5.3,0,0.0,0,0.0,97,9.6
"26009","2","10","71","0","2017","4","",4,34,33,33,532796,0,0,1230,"",1.10,0.20,0.21,0.21,0.38,0.00,0.00,1.85,"",0,0.0,-1,-2.9,-1,-2.9,-1,-2.9,-7557,-1.4,0,0.0,0,0.0,19,1.6
"26009","3","10","71","0","2017","4","",34,987,984,972,8890805,26099,352,697,"",3.86,1.88,2.03,2.01,2.43,0.37,0.43,1.23,"",1,3.0,1,0.1,-5,-0.5,6,0.6,292779,3.4,11894,83.7,146,70.9,22,3.3
"26009","5","10","71","0","2017","4","",466,4227,3802,3814,32255723,3489709,154933,629,"",0.93,0.94,0.92,0.92,0.89,1.03,1.00,0.96,"",-1,-0.2,72,1.7,-123,-3.1,-95,-2.4,549387,1.7,-156264,-4.3,-21640,-12.3,19,3.1
"26011","0","10","70","0","2017","4","",305,4542,4382,4359,42135120,4006228,165143,732,"",1.00,1.00,1.00,1.00,1.00,1.00,1.00,1.00,"",-5,-1.6,49,1.1,-47,-1.1,19,0.4,195422,0.5,660429,19.7,35063,27.0,2,0.3
"26011","1","10","71","0","2017","4","",7,39,40,41,509834,0,0,980,"",3.83,0.45,0.48,0.49,0.44,0.00,0.00,0.94,"",0,0.0,-6,-13.3,-8,-16.7,-7,-14.6,-2251,-0.4,0,0.0,0,0.0,142,16.9
"26011","2","10","71","0","2017","4","",4,35,35,35,571327,0,0,1256,"",1.87,0.24,0.25,0.25,0.42,0.00,0.00,1.68,"",0,0.0,-1,-2.8,-1,-2.8,-1,-2.8,-9325,-1.6,0,0.0,0,0.0,15,1.2
"26011","3","10","71","0","2017","4","",17,439,421,436,4054098,0,0,722,"",3.28,0.98,0.97,1.01,1.12,0.00,0.00,1.14,"",0,0.0,-10,-2.2,-32,-7.1,-15,-3.3,-59067,-1.4,0,0.0,0,0.0,20,2.8
"26011","5","10","71","0","2017","4","",277,4029,3886,3847,36999861,4006228,165143,726,"",0.94,1.04,1.04,1.04,1.03,1.03,1.01,0.99,"",-5,-1.8,66,1.7,-6,-0.2,42,1.1,266065,0.7,660429,19.7,35063,27.0,-1,-0.1
"26013","0","10","70","0","2017","4","",211,2908,2871,2862,30562040,1449103,62219,816,"",1.00,1.00,1.00,1.00,1.00,1.00,1.00,1.00,"",1,0.5,37,1.3,44,1.6,48,1.7,1158722,3.9,191460,15.2,7919,14.6,19,2.4
"26013","1","10","71","0","2017","4","",9,27,26,27,290305,0,0,837,"",7.11,0.48,0.47,0.49,0.35,0.00,0.00,0.72,"",0,0.0,1,3.8,-1,-3.7,-2,-6.9,17510,6.4,0,0.0,0,0.0,69,9.0
"26013","2","10","71","0","2017","4","",7,367,356,358,6057812,0,0,1293,"",4.73,3.93,3.87,3.92,6.07,0.00,0.00,1.55,"",0,0.0,-1,-0.3,2,0.6,4,1.1,-227880,-3.6,0,0.0,0,0.0,-55,-4.1
"26013","3","10","71","0","2017","4","",24,1204,1218,1217,10940403,455490,14347,694,"",6.69,4.18,4.27,4.30,4.16,15.88,43.81,0.98,"",0,0.0,-5,-0.4,14,1.2,13,1.1,149791,1.4,41913,10.1,-115,-0.8,6,0.9
"26013","5","10","71","0","2017","4","",171,1310,1271,1260,13273520,993613,47872,797,"",0.84,0.53,0.52,0.52,0.51,0.71,0.77,0.97,"",1,0.6,42,3.3,29,2.3,33,2.7,1219301,10.1,149547,17.7,8034,20.2,53,7.1
"26015","0","10","70","0","2017","4","",868,12246,12314,12258,128367545,7370100,156699,805,"",1.00,1.00,1.00,1.00,1.00,1.00,1.00,1.00,"",11,1.3,-23,-0.2,28,0.2,67,0.5,4795846,3.9,-216000,-2.8,-39326,-20.1,29,3.7
"26015","1","10","71","0","2017","4","",10,86,76,82,1095038,0,0,1036,"",1.92,0.36,0.32,0.35,0.31,0.00,0.00,0.90,"",-1,-9.1,10,13.2,0,0.0,1,1.2,20545,1.9,0,0.0,0,0.0,-28,-2.6
"26015","2","10","71","0","2017","4","",6,93,90,90,1343135,0,0,1135,"",0.99,0.24,0.23,0.23,0.32,0.00,0.00,1.38,"",0,0.0,-2,-2.1,-2,-2.2,-2,-2.2,-15989,-1.2,0,0.0,0,0.0,11,1.0
"26015","3","10","71","0","2017","4","",49,2016,2047,2038,19320918,10161,18,731,"",3.32,1.66,1.67,1.68,1.75,0.07,0.02,1.05,"",-1,-2.0,21,1.1,21,1.0,19,0.9,332569,1.8,4780,88.8,-4,-18.2,6,0.8
"26015","5","10","71","0","2017","4","",803,10051,10101,10048,106608454,7359939,156681,815,"",0.95,0.97,0.97,0.96,0.97,1.03,1.01,1.01,"",13,1.6,-52,-0.5,9,0.1,49,0.5,4458721,4.4,-220780,-2.9,-39322,-20.1,34,4.4
"26017","0","10","70","0","2017","4","",2083,34241,34144,33869,382323743,24814637,815048,863,"",1.00,1.00,1.00,1.00,1.00,1.00,1.00,1.00,"",-21,-1.0,-988,-2.8,-1211,-3.4,-838,-2.4,-5830395,-1.5,1365578,5.8,29232,3.7,12,1.4
"26017","1","10","71","0","2017","4","",18,243,239,247,3982174,0,0,1261,"",1.44,0.37,0.37,0.38,0.38,0.00,0.00,1.02,"",-1,-5.3,2,0.8,-11,-4.4,-4,-1.6,154334,4.0,0,0.0,0,0.0,71,6.0
"26017","2","10","71","0","2017","4","",13,415,399,399,5558457,0,0,1057,"",0.89,0.38,0.36,0.37,0.45,0.00,0.00,1.20,"",0,0.0,-4,-1.0,-7,-1.7,-4,-1.0,-736316,-11.7,0,0.0,0,0.0,-126,-10.7
"26017","3","10","71","0","2017","4","",76,4647,4640,4595,51855510,115815,659,862,"",2.15,1.37,1.37,1.37,1.58,0.24,0.15,1.15,"",-1,-1.3,-224,-4.6,-199,-4.1,-169,-3.5,1055306,2.1,-4431,-3.7,-311,-32.1,52,6.4
"26017","5","10","71","0","2017","4","",1976,28936,28866,28628,320927602,24698822,814389,857,"",0.98,0.99,1.00,0.99,0.98,1.03,1.01,0.99,"",-19,-1.0,-762,-2.6,-994,-3.3,-661,-2.3,-6303719,-1.9,1370009,5.9,29543,3.8,7,0.8
"26019","0","10","70","0","2017","4","",435,4238,3905,4029,36153327,3237485,125456,685,"",1.00,1.00,1.00,1.00,1.00,1.00,1.00,1.00,"",-2,-0.5,28,0.7,10,0.3,53,1.3,1429456,4.1,-152991,-4.5,-19358,-13.4,22,3.3
"26019","1","10","71","0","2017","4","",7,37,37,37,419602,0,0,872,"",2.68,0.45,0.50,0.48,0.42,0.00,0.00,0.89,"",0,0.0,5,15.6,2,5.7,1,2.8,-19067,-4.3,0,0.0,0,0.0,-111,-11.3
"26019","2","10","71","0","2017","4","",4,46,41,40,597402,0,0,1086,"",1.31,0.34,0.33,0.31,0.51,0.00,0.00,1.55,"",0,0.0,1,2.2,-1,-2.4,-1,-2.4,-5945,-1.0,0,0.0,0,0.0,-2,-0.2
"26019","3","10","71","0","2017","4","",20,593,591,591,5872972,158794,4686,764,"",2.71,1.41,1.52,1.48,1.89,2.48,7.10,1.29,"",0,0.0,8,1.4,6,1.0,19,3.3,322594,5.8,70849,80.6,1232,35.7,29,3.9
"26019","5","10","71","0","2017","4","",404,3562,3236,3361,29263351,3078691,120770,665,"",0.96,0.99,0.98,0.98,0.95,0.98,0.97,0.97,"",-2,-0.5,14,0.4,3,0.1,34,1.0,1131874,4.0,-223840,-6.8,-20590,-14.6,23,3.6
"26021","0","10","70","0","2017","4","",3433,62410,61364,60682,733947443,49258967,1370576,918,"",1.00,1.00,1.00,1.00,1.00,1.00,1.00,1.00,"",-9,-0.3,262,0.4,104,0.2,217,0.4,9455608,1.3,2768992,6.0,-78564,-5.4,9,1.0
"26021","1","10","71","0","2017","4","",28,320,319,326,5025264,0,0,1202,"",1.36,0.27,0.27,0.28,0.25,0.00,0.00,0.92,"",0,0.0,8,2.6,-1,-0.3,-3,-0.9,-43817,-0.9,0,0.0,0,0.0,-15,-1.2
"26021","2","10","71","0","2017","4","",14,398,397,397,6401112,0,0,1239,"",0.58,0.20,0.20,0.21,0.27,0.00,0.00,1.32,"",0,0.0,-14,-3.4,-10,-2.5,-13,-3.2,-59528,-0.9,0,0.0,0,0.0,26,2.1
"26021","3","10","71","0","2017","4","",120,7857,8010,7897,85308855,2257633,52632,828,"",2.06,1.27,1.31,1.31,1.35,2.32,7.30,1.04,"",-4,-3.2,61,0.8,17,0.2,112,1.4,3557998,4.4,567170,33.6,6875,15.0,28,3.5
"26021","5","10","71","0","2017","4","",3271,53835,52638,52062,637212212,47001334,1317944,928,"",0.98,1.02,1.01,1.01,1.02,0.99,0.97,1.01,"",-5,-0.2,207,0.4,98,0.2,121,0.2,6000955,1.0,2201822,4.9,-85439,-6.1,7,0.8
"26023","0","10","70","0","2017","4","",797,14360,14419,14343,153069882,14996980,401474,819,"",1.00,1.00,1.00,1.00,1.00,1.00,1.00,1.00,"",20,2.6,1181,9.0,1194,9.0,1284,9.8,17693797,13.1,3069548,25.7,74819,22.9,27,3.4
"26023","1","10","71","0","2017","4","",8,81,82,84,1182977,0,0,1105,"",1.67,0.29,0.30,0.30,0.28,0.00,0.00,0.94,"",0,0.0,-4,-4.7,3,3.8,-1,-1.2,76533,6.9,0,0.0,0,0.0,80,7.8
"26023","2","10","71","0","2017","4","N",6,0,0,0,0,0,0,0,"N",1.07,0,0,0,0,0,0,0,"N",0,0.0,0,0,0,0,0,0,0,0,0,0,0,0,0,0
"26023","3","10","71","0","2017","4","N",36,0,0,0,0,0,0,0,"N",2.66,0,0,0,0,0,0,0,"N",-2,-5.3,0,0,0,0,0,0,0,0,0,0,0,0,0,0
"26023","5","10","71","0","2017","4","",747,11527,11580,11520,118859991,14996980,401474,792,"",0.97,0.94,0.95,0.95,0.91,1.03,1.01,0.96,"",22,3.0,1145,11.0,1161,11.1,1248,12.1,17030549,16.7,3069548,25.7,74819,22.9,36,4.8
"26025","0","10","70","0","2017","4","",2248,55319,55575,55388,713218291,30637356,873072,990,"",1.00,1.00,1.00,1.00,1.00,1.00,1.00,1.00,"",-14,-0.6,-1909,-3.3,-2035,-3.5,-1663,-2.9,-14141107,-1.9,-4626759,-13.1,-214875,-19.8,13,1.3
"26025","1","10","71","0","2017","4","",22,2945,2947,2975,57297198,0,0,1491,"",1.63,2.77,2.77,2.79,2.92,0.00,0.00,1.05,"",-1,-4.3,-81,-2.7,-95,-3.1,-89,-2.9,-437436,-0.8,0,0.0,0,0.0,32,2.2
"26025","2","10","71","0","2017","4","",12,492,487,489,7837374,0,0,1232,"",0.76,0.28,0.27,0.28,0.34,0.00,0.00,1.22,"",0,0.0,-14,-2.8,-13,-2.6,-8,-1.6,-121068,-1.5,0,0.0,0,0.0,10,0.8
"26025","3","10","71","0","2017","4","",86,7111,7292,7233,83572960,16218,74,891,"",2.25,1.30,1.32,1.32,1.36,0.03,0.02,1.04,"",3,3.6,11,0.2,-57,-0.8,132,1.9,2241199,2.8,-489,-2.9,-115,-60.8,20,2.3
"26025","5","10","71","0","2017","4","",2128,44771,44849,44691,564510759,30621138,872998,970,"",0.98,0.95,0.95,0.95,0.93,1.03,1.01,0.97,"",-16,-0.7,-1825,-3.9,-1870,-4.0,-1698,-3.7,-15823802,-2.7,-4626270,-13.1,-214760,-19.7,11,1.1
"26027","0","10","70","0","2017","4","",736,9592,9370,9411,96253115,7460910,220699,783,"",1.00,1.00,1.00,1.00,1.00,1.00,1.00,1.00,"",1,0.1,85,0.9,157,1.7,260,2.8,4921812,5.4,454755,6.5,-10380,-4.5,27,3.6
"26027","1","10","71","0","2017","4","",7,76,71,74,946688,0,0,989,"",1.59,0.41,0.40,0.41,0.36,0.00,0.00,0.88,"",0,0.0,4,5.6,0,0.0,-4,-5.1,-4252,-0.4,0,0.0,0,0.0,-4,-0.4
"26027","2","10","71","0","2017","4","",5,84,82,81,1280355,0,0,1196,"",0.97,0.27,0.27,0.27,0.41,0.00,0.00,1.50,"",0,0.0,-4,-4.5,-3,-3.5,-4,-4.7,-16617,-1.3,0,0.0,0,0.0,36,3.1
"26027","3","10","71","0","2017","4","",55,1837,1791,1785,18085215,34831,1688,771,"",4.40,1.93,1.92,1.92,2.19,0.24,1.45,1.14,"",1,1.9,24,1.3,-13,-0.7,-3,-0.2,477563,2.7,-5667,-14.0,1152,214.9,19,2.5
"26027","5","10","71","0","2017","4","",669,7595,7426,7471,75940857,7426079,219011,779,"",0.94,0.93,0.93,0.93,0.92,1.03,1.00,0.99,"",0,0.0,61,0.8,173,2.4,271,3.8,4465118,6.2,460422,6.6,-11532,-5.0,29,3.9
"26029","0","10","70","0","2017","4","",768,10498,10036,10028,113864155,7232454,239008,860,"",1.00,1.00,1.00,1.00,1.00,1.00,1.00,1.00,"",-9,-1.2,157,1.5,182,1.8,97,1.0,3213196,2.9,853009,13.4,-11092,-4.4,12,1.4
"26029","1","10","71","0","2017","4","",6,53,53,53,715326,0,0,1038,"",1.30,0.26,0.28,0.27,0.23,0.00,0.00,0.84,"",0,0.0,-2,-3.6,0,0.0,-2,-3.6,-437,-0.1,0,0.0,0,0.0,25,2.5
"26029","2","10","71","0","2017","4","",4,40,32,30,695378,0,0,1573,"",0.74,0.12,0.10,0.09,0.19,0.00,0.00,1.79,"",0,0.0,2,5.3,1,3.2,0,0.0,578,0.1,0,0.0,0,0.0,-47,-2.9
"26029","3","10","71","0","2017","4","",36,1561,1542,1547,15704118,43913,304,779,"",2.76,1.50,1.55,1.56,1.60,0.31,0.24,1.04,"",0,0.0,43,2.8,15,1.0,46,3.1,370427,2.4,24878,130.7,47,18.3,1,0.1
"26029","5","10","71","0","2017","4","",722,8844,8409,8398,96749333,7188541,238704,870,"",0.97,0.99,0.99,0.99,1.00,1.03,1.01,1.01,"",-9,-1.2,114,1.3,166,2.0,53,0.6,2842628,3.0,828131,13.0,-11139,-4.5,14,1.6
"26031","0","10","70","0","2017","4","",770,6971,6097,5862,53962943,4891947,242317,658,"",1.00,1.00,1.00,1.00,1.00,1.00,1.00,1.00,"",-1,-0.1,90,1.3,19,0.3,31,0.5,1898580,3.6,-8870,-0.2,-12016,-4.7,19,3.0
"26031","1","10","71","0","2017","4","",11,57,57,56,848424,0,0,1152,"",2.38,0.42,0.49,0.50,0.57,0.00,0.00,1.22,"",0,0.0,8,16.3,8,16.3,4,7.7,89939,11.9,0,0.0,0,0.0,-15,-1.3
"26031","2","10","71","0","2017","4","",12,116,108,108,1896527,0,0,1318,"",2.22,0.52,0.55,0.58,1.08,0.00,0.00,1.96,"",0,0.0,-4,-3.3,-5,-4.4,-3,-2.7,-23746,-1.2,0,0.0,0,0.0,30,2.3
"26031","3","10","71","0","2017","4","",37,807,788,791,8576617,71679,1329,830,"",2.83,1.17,1.30,1.36,1.85,0.74,1.04,1.45,"",0,0.0,-17,-2.1,-15,-1.9,-15,-1.9,265100,3.2,-11474,-13.8,-467,-26.0,42,5.3
"26031","5","10","71","0","2017","4","",710,5991,5144,4907,42641375,4820268,240988,613,"",0.95,1.01,0.99,0.98,0.93,1.02,1.00,0.93,"",-1,-0.1,103,1.7,31,0.6,45,0.9,1567287,3.8,2604,0.1,-11549,-4.6,15,2.5
"26033","0","10","70","0","2017","4","",796,12688,12324,12274,119545715,6231805,256269,740,"",1.00,1.00,1.00,1.00,1.00,1.00,1.00,1.00,"",-18,-2.2,107,0.9,-24,-0.2,-5,0.0,580878,0.5,60223,1.0,5858,2.3,2,0.3
"26033","1","10","71","0","2017","4","",29,447,444,447,8580254,0,0,1480,"",6.07,1.83,1.88,1.89,2.61,0.00,0.00,1.40,"",0,0.0,-12,-2.6,-15,-3.3,-12,-2.6,-1511,0.0,0,0.0,0,0.0,42,2.9
"26033","2","10","71","0","2017","4","",18,1397,1389,1390,20311487,0,0,1122,"",3.23,3.43,3.52,3.55,5.20,0.00,0.00,1.49,"",0,0.0,-43,-3.0,-39,-2.7,-37,-2.6,-977743,-4.6,0,0.0,0,0.0,-22,-1.9
"26033","3","10","71","0","2017","4","",55,4345,4330,4348,41560954,548799,28596,736,"",4.07,3.46,3.54,3.58,4.04,4.45,21.20,1.15,"",1,1.9,58,1.4,-40,-0.9,8,0.2,555752,1.4,53581,10.8,1971,7.4,8,1.1
"26033","5","10","71","0","2017","4","",694,6499,6161,6089,49093020,5683006,227673,604,"",0.90,0.60,0.59,0.58,0.48,0.94,0.89,0.81,"",-19,-2.7,104,1.6,70,1.1,36,0.6,1004380,2.1,6642,0.1,3887,1.7,5,0.8
"26035","0","10","70","0","2017","4","",511,7107,7012,6943,70319918,4684044,150701,770,"",1.00,1.00,1.00,1.00,1.00,1.00,1.00,1.00,"",-9,-1.7,164,2.4,172,2.5,165,2.4,3492381,5.2,-62189,-1.3,-21719,-12.6,20,2.7
"26035","1","10","71","0","2017","4","",6,93,95,94,1403036,0,0,1148,"",1.96,0.68,0.71,0.70,0.73,0.00,0.00,1.04,"",0,0.0,11,13.4,12,14.5,9,10.6,130156,10.2,0,0.0,0,0.0,-27,-2.3
"26035","2","10","71","0","2017","4","",6,70,67,67,895904,0,0,1013,"",1.68,0.31,0.30,0.30,0.39,0.00,0.00,1.29,"",0,0.0,-1,-1.4,-2,-2.9,-1,-1.5,-11131,-1.2,0,0.0,0,0.0,7,0.7
"26035","3","10","71","0","2017","4","",36,1336,1330,1344,13434922,28970,573,773,"",4.14,1.90,1.91,1.96,2.22,0.31,0.72,1.16,"",0,0.0,1,0.1,5,0.4,5,0.4,22865,0.2,8892,44.3,-220,-27.7,-1,-0.1
"26035","5","10","71","0","2017","4","",463,5608,5520,5438,54586056,4655074,150128,760,"",0.93,0.93,0.93,0.92,0.91,1.03,1.00,0.98,"",-9,-1.9,153,2.8,157,2.9,152,2.9,3350491,6.5,-71081,-1.5,-21499,-12.5,26,3.5
"26037","0","10","70","0","2017","4","",1217,16669,16366,16406,189975945,13119371,385982,887,"",1.00,1.00,1.00,1.00,1.00,1.00,1.00,1.00,"",37,3.1,-154,-0.9,-360,-2.2,-132,-0.8,5171924,2.8,-29978,-0.2,-32627,-7.8,36,4.2
"26037","1","10","71","0","2017","4","",26,244,231,239,3989748,0,0,1290,"",3.56,0.76,0.74,0.76,0.76,0.00,0.00,1.02,"",-1,-3.7,10,4.3,-4,-1.7,0,0.0,22783,0.6,0,0.0,0,0.0,-3,-0.2
"26037","2","10","71","0","2017","4","",3,16,16,16,176934,0,0,851,"",0.35,0.03,0.03,0.03,0.03,0.00,0.00,0.94,"",0,0.0,0,0.0,0,0.0,0,0.0,43,0.0,0,0.0,0,0.0,1,0.1
"26037","3","10","71","0","2017","4","",28,1683,1690,1688,18975758,30212,263,865,"",1.35,1.02,1.04,1.04,1.16,0.12,0.13,1.12,"",0,0.0,0,0.0,-24,-1.4,-9,-0.5,484928,2.6,22939,315.4,227,630.6,27,3.2
"26037","5","10","71","0","2017","4","",1160,14726,14429,14463,166833505,13089159,385719,883,"",0.98,1.04,1.04,1.04,1.03,1.03,1.01,0.99,"",38,3.4,-164,-1.1,-332,-2.2,-123,-0.8,4664170,2.9,-52917,-0.4,-32854,-7.8,37,4.4
"26039","0","10","70","0","2017","4","",280,3992,3907,3914,40072004,2336998,75979,783,"",1.00,1.00,1.00,1.00,1.00,1.00,1.00,1.00,"",-1,-0.4,180,4.7,195,5.3,331,9.2,1731406,4.5,55175,2.4,-18825,-19.9,-14,-1.8
"26039","1","10","71","0","2017","4","",4,135,142,139,1738224,0,0,964,"",2.38,1.76,1.90,1.84,1.58,0.00,0.00,0.86,"",0,0.0,9,7.1,8,6.0,4,3.0,127211,7.9,0,0.0,0,0.0,23,2.4
"26039","2","10","71","0","2017","4","",8,226,215,213,3141524,0,0,1109,"",4.08,1.76,1.72,1.71,2.40,0.00,0.00,1.39,"",0,0.0,3,1.3,1,0.5,6,2.9,5459,0.2,0,0.0,0,0.0,-15,-1.3
"26039","3","10","71","0","2017","4","",13,427,415,423,4597760,36608,800,839,"",2.73,1.08,1.07,1.09,1.33,0.79,2.00,1.24,"",0,0.0,39,10.1,44,11.9,39,10.2,135809,3.0,15399,72.6,65,8.8,-62,-6.9
"26039","5","10","71","0","2017","4","",255,3204,3135,3139,30594496,2300390,75179,745,"",0.94,0.94,0.94,0.94,0.89,1.02,1.00,0.95,"",-1,-0.4,129,4.2,142,4.7,282,9.9,1462927,5.0,39776,1.8,-18890,-20.1,-8,-1.1
"26041","0","10","70","0","2017","4","",996,13819,13455,13375,136205782,9341526,345622,773,"",1.00,1.00,1.00,1.00,1.00,1.00,1.00,1.00,"",-18,-1.8,-20,-0.1,-75,-0.6,71,0.5,1134801,0.8,726260,8.4,21585,6.7,7,0.9
"26041","1","10","71","0","2017","4","",19,204,191,186,2802133,0,0,1113,"",3.18,0.77,0.74,0.72,0.75,0.00,0.00,1.01,"",0,0.0,15,7.9,10,5.5,-5,-2.6,161301,6.1,0,0.0,0,0.0,27,2.5
"26041","2","10","71","0","2017","4","",15,227,219,218,3728613,0,0,1296,"",2.15,0.51,0.51,0.51,0.84,0.00,0.00,1.64,"",0,0.0,-1,-0.4,-1,-0.5,-2,-0.9,-52959,-1.4,0,0.0,0,0.0,-10,-0.8
"26041","3","10","71","0","2017","4","",33,1414,1425,1414,15063014,80630,1623,817,"",1.95,1.03,1.07,1.07,1.29,0.44,0.89,1.22,"",0,0.0,26,1.9,-11,-0.8,-5,-0.4,173567,1.2,37053,85.0,538,49.6,7,0.9
"26041","5","10","71","0","2017","4","",929,11974,11620,11557,114612022,9260896,343999,752,"",0.96,1.02,1.02,1.02,0.99,1.02,1.00,0.97,"",-18,-1.9,-60,-0.5,-73,-0.6,83,0.7,852892,0.7,689207,8.0,21047,6.5,6,0.8
"26043","0","10","70","0","2017","4","",833,13925,13786,13863,166991890,9821609,430103,927,"",1.00,1.00,1.00,1.00,1.00,1.00,1.00,1.00,"",-19,-2.2,23,0.2,-107,-0.8,111,0.8,11070247,7.1,957531,10.8,64356,17.6,61,7.0
"26043","1","10","71","0","2017","4","",14,742,740,751,13576026,0,0,1403,"",2.80,2.77,2.80,2.81,2.96,0.00,0.00,1.06,"",0,0.0,-23,-3.0,-36,-4.6,-26,-3.3,-180969,-1.3,0,0.0,0,0.0,33,2.4
"26043","2","10","71","0","2017","4","",9,75,73,72,1261911,0,0,1324,"",1.54,0.17,0.17,0.16,0.23,0.00,0.00,1.40,"",0,0.0,1,1.4,2,2.8,1,1.4,-4500,-0.4,0,0.0,0,0.0,-29,-2.1
"26043","3","10","71","0","2017","4","",34,1821,1875,1896,21579034,135380,4252,891,"",2.40,1.32,1.37,1.38,1.50,0.70,1.88,1.11,"",0,0.0,-82,-4.3,-64,-3.3,-4,-0.2,267805,1.3,-23211,-14.6,-286,-6.3,35,4.1
"26043","5","10","71","0","2017","4","",776,11287,11098,11144,130574919,9686229,425851,899,"",0.96,0.95,0.95,0.95,0.92,1.02,1.00,0.96,"",-19,-2.4,127,1.1,-9,-0.1,140,1.3,10987911,9.2,980742,11.3,64642,17.9,70,8.4
"26045","0","10","70","0","2017","4","",1857,41819,42265,42069,512872635,31431512,850264,938,"",1.00,1.00,1.00,1.00,1.00,1.00,1.00,1.00,"",22,1.2,-992,-2.3,-493,-1.2,-1005,-2.3,5629857,1.1,-3683240,-10.5,-197631,-18.9,28,3.1
"26045","1","10","71","0","2017","4","",16,174,178,183,2644024,0,0,1140,"",1.44,0.22,0.22,0.23,0.19,0.00,0.00,0.85,"",0,0.0,-14,-7.4,-11,-5.8,-11,-5.7,-180620,-6.4,0,0.0,0,0.0,-2,-0.2
"26045","2","10","71","0","2017","4","",23,2308,2306,2314,40553620,0,0,1351,"",1.77,1.72,1.70,1.72,2.42,0.00,0.00,1.41,"",0,0.0,-66,-2.8,-58,-2.5,-59,-2.5,-1662877,-3.9,0,0.0,0,0.0,-19,-1.4
"26045","3","10","71","0","2017","4","",54,3432,3484,3480,36790291,38918,1576,817,"",1.71,0.83,0.83,0.84,0.83,0.06,0.35,1.00,"",0,0.0,-4,-0.1,-15,-0.4,26,0.8,1597530,4.5,-21470,-35.6,-1144,-42.1,35,4.5
"26045","5","10","71","0","2017","4","",1764,35905,36297,36092,432884700,31392594,848688,922,"",0.98,1.01,1.01,1.01,0.99,1.03,1.00,0.98,"",22,1.3,-908,-2.5,-409,-1.1,-961,-2.6,5875824,1.4,-3661770,-10.4,-196487,-18.8,31,3.5
"26047","0","10","70","0","2017","4","",1385,18125,17402,17382,186432346,14545347,506620,813,"",1.00,1.00,1.00,1.00,1.00,1.00,1.00,1.00,"",-6,-0.4,447,2.5,512,3.0,415,2.4,3928266,2.2,483013,3.4,-36763,-6.8,-4,-0.5
"26047","1","10","71","0","2017","4","",14,103,103,103,1414354,0,0,1056,"",1.69,0.30,0.31,0.31,0.28,0.00,0.00,0.91,"",0,0.0,10,10.8,2,2.0,0,0.0,147112,11.6,0,0.0,0,0.0,71,7.2
"26047","2","10","71","0","2017","4","",8,103,97,96,1552856,0,0,1211,"",0.82,0.18,0.17,0.17,0.26,0.00,0.00,1.46,"",0,0.0,-2,-1.9,-3,-3.0,-3,-3.0,-19959,-1.3,0,0.0,0,0.0,17,1.4
"26047","3","10","71","0","2017","4","",41,2123,2109,2090,24504923,69380,1362,894,"",1.74,1.18,1.22,1.21,1.53,0.24,0.51,1.27,"",1,2.5,-42,-1.9,-12,-0.6,13,0.6,860657,3.6,10863,18.6,272,25.0,36,4.2
"26047","5","10","71","0","2017","4","",1322,15796,15093,15093,158960213,14475967,505258,798,"",0.98,1.03,1.02,1.02,1.00,1.03,1.00,0.98,"",-7,-0.5,481,3.1,525,3.6,405,2.8,2940456,1.9,472150,3.4,-37035,-6.8,-10,-1.2
"26049","0","10","70","0","2017","4","",6848,135512,135445,136007,1583385850,102815825,3129992,898,"",1.00,1.00,1.00,1.00,1.00,1.00,1.00,1.00,"",-23,-0.3,362,0.3,-439,-0.3,532,0.4,17117797,1.1,1248233,1.2,-189192,-5.7,9,1.0
"26049","1","10","71","0","2017","4","",40,1077,1054,1076,19216924,0,0,1383,"",0.97,0.41,0.41,0.41,0.44,0.00,0.00,1.08,"",0,0.0,12,1.1,-4,-0.4,-17,-1.6,715708,3.9,0,0.0,0,0.0,55,4.1
"26049","2","10","71","0","2017","4","",20,2851,2877,2854,31607922,0,0,850,"",0.42,0.66,0.66,0.66,0.61,0.00,0.00,0.93,"",0,0.0,-102,-3.5,-99,-3.3,-293,-9.3,-259794,-0.8,0,0.0,0,0.0,40,4.9
"26049","3","10","71","0","2017","4","",145,15094,15207,15160,183499866,403234,14007,931,"",1.25,1.12,1.13,1.13,1.35,0.20,0.85,1.20,"",0,0.0,260,1.8,265,1.8,198,1.3,4657869,2.6,41200,11.4,-574,-3.9,8,0.9
"26049","5","10","71","0","2017","4","",6643,116490,116307,116917,1349061138,102412591,3115985,890,"",1.00,1.01,1.01,1.01,1.00,1.03,1.00,0.99,"",-23,-0.3,192,0.2,-601,-0.5,644,0.6,12004014,0.9,1207033,1.2,-188618,-5.7,7,0.8
"26051","0","10","70","0","2017","4","",382,4157,4047,3961,37875885,3165725,111171,719,"",1.00,1.00,1.00,1.00,1.00,1.00,1.00,1.00,"",-4,-1.0,104,2.6,75,1.9,101,2.6,1729333,4.8,349085,12.4,3072,2.8,17,2.4
"26051","1","10","71","0","2017","4","",5,50,50,51,590962,0,0,903,"",2.18,0.62,0.65,0.67,0.57,0.00,0.00,0.88,"",0,0.0,0,0.0,0,0.0,-2,-3.8,17937,3.1,0,0.0,0,0.0,39,4.5
"26051","2","10","71","0","2017","4","",4,60,56,56,806520,0,0,1082,"",1.49,0.45,0.43,0.44,0.65,0.00,0.00,1.48,"",0,0.0,-1,-1.6,-1,-1.8,0,0.0,-7114,-0.9,0,0.0,0,0.0,3,0.3
"26051","3","10","71","0","2017","4","",30,672,671,661,4665553,152898,2131,537,"",4.62,1.63,1.67,1.69,1.43,2.44,3.64,0.86,"",0,0.0,13,2.0,19,2.9,14,2.2,-904695,-16.2,-19854,-11.5,-546,-20.4,-120,-18.3
"26051","5","10","71","0","2017","4","",343,3375,3270,3193,31812850,3012827,109040,746,"",0.93,0.96,0.95,0.95,0.98,0.98,0.99,1.03,"",-4,-1.2,92,2.8,57,1.8,89,2.9,2623205,9.0,368939,14.0,3618,3.4,44,6.3
"26053","0","10","70","0","2017","4","",388,5405,5367,5523,53157157,3566440,119854,753,"",1.00,1.00,1.00,1.00,1.00,1.00,1.00,1.00,"",-10,-2.5,-1,0.0,5,0.1,28,0.5,1450940,2.8,-204765,-5.4,-23753,-16.5,19,2.6
"26053","1","10","71","0","2017","4","",11,163,150,146,2028972,0,0,1020,"",4.73,1.57,1.46,1.37,1.39,0.00,0.00,0.95,"",0,0.0,22,15.6,8,5.6,11,8.1,181987,9.9,0,0.0,0,0.0,0,0.0
"26053","2","10","71","0","2017","4","",9,271,270,267,4785470,0,0,1367,"",3.31,1.56,1.57,1.52,2.76,0.00,0.00,1.78,"",0,0.0,-9,-3.2,-6,-2.2,-9,-3.3,-84636,-1.7,0,0.0,0,0.0,16,1.2
"26053","3","10","71","0","2017","4","",28,1296,1302,1301,10816851,240078,8236,640,"",4.25,2.42,2.44,2.38,2.37,3.40,13.06,0.98,"",0,0.0,0,0.0,6,0.5,-15,-1.1,420044,4.0,-94594,-28.3,-5485,-40.0,26,4.2
"26053","5","10","71","0","2017","4","",340,3675,3645,3809,35525864,3326362,111618,737,"",0.90,0.80,0.80,0.81,0.78,0.96,0.94,0.97,"",-10,-2.9,-14,-0.4,-3,-0.1,41,1.1,933545,2.7,-110171,-3.2,-18268,-14.1,18,2.5
"26055","0","10","70","0","2017","4","",3309,50581,50004,49603,577224595,33838057,988235,887,"",1.00,1.00,1.00,1.00,1.00,1.00,1.00,1.00,"",61,1.9,75,0.1,-277,-0.6,-180,-0.4,13429970,2.4,-1751300,-4.9,-119199,-10.8,23,2.7
"26055","1","10","71","0","2017","4","",27,478,472,487,7835027,0,0,1258,"",1.36,0.49,0.49,0.51,0.49,0.00,0.00,0.99,"",0,0.0,-16,-3.2,-4,-0.8,-4,-0.8,-157,0.0,0,0.0,0,0.0,20,1.6
"26055","2","10","71","0","2017","4","",19,337,327,325,6098820,0,0,1423,"",0.82,0.21,0.20,0.21,0.32,0.00,0.00,1.57,"",0,0.0,-13,-3.7,-15,-4.4,-13,-3.8,-105108,-1.7,0,0.0,0,0.0,33,2.4
"26055","3","10","71","0","2017","4","",44,4885,4858,4814,53441693,27813,779,847,"",0.78,0.97,0.98,0.98,1.08,0.04,0.15,1.10,"",1,2.3,-34,-0.7,-92,-1.9,-16,-0.3,-358464,-0.7,-14038,-33.5,-841,-51.9,2,0.2
"26055","5","10","71","0","2017","4","",3219,44881,44347,43977,509849055,33810244,987456,883,"",1.00,1.04,1.04,1.04,1.03,1.03,1.01,0.99,"",60,1.9,138,0.3,-166,-0.4,-147,-0.3,13893699,2.8,-1737262,-4.9,-118358,-10.7,25,2.9
"26057","0","10","70","0","2017","4","",701,12569,12533,12486,144366981,6850487,201063,886,"",1.00,1.00,1.00,1.00,1.00,1.00,1.00,1.00,"",-23,-3.2,-535,-4.1,-414,-3.2,-478,-3.7,3573272,2.5,-433598,-6.0,-29859,-12.9,53,6.4
"26057","1","10","71","0","2017","4","",13,70,69,71,883423,0,0,971,"",3.09,0.29,0.29,0.30,0.22,0.00,0.00,0.77,"",0,0.0,1,1.4,-1,-1.4,3,4.4,27808,3.3,0,0.0,0,0.0,17,1.8
"26057","2","10","71","0","2017","4","",7,1010,1006,1006,13847545,0,0,1057,"",1.43,2.50,2.51,2.53,2.94,0.00,0.00,1.17,"",0,0.0,-36,-3.4,-35,-3.4,-35,-3.4,-65433,-0.5,0,0.0,0,0.0,31,3.0
"26057","3","10","71","0","2017","4","",37,1585,1557,1568,16354270,726,0,801,"",3.11,1.27,1.25,1.27,1.32,0.01,0.00,1.04,"",0,0.0,5,0.3,-22,-1.4,-17,-1.1,416359,2.6,726,100.0,0,0.0,26,3.4
"26057","5","10","71","0","2017","4","",644,9904,9901,9841,113281743,6849761,201063,882,"",0.95,0.93,0.93,0.93,0.92,1.03,1.01,0.99,"",-23,-3.4,-505,-4.9,-356,-3.5,-429,-4.2,3194538,2.9,-434324,-6.0,-29859,-12.9,61,7.4
"26059","0","10","70","0","2017","4","",773,12637,12572,12525,140172331,8684817,254692,857,"",1.00,1.00,1.00,1.00,1.00,1.00,1.00,1.00,"",-7,-0.9,-119,-0.9,-361,-2.8,-301,-2.3,758092,0.5,-592064,-6.4,-54967,-17.8,22,2.6
"26059","1","10","71","0","2017","4","",18,80,83,88,1140202,0,0,1048,"",3.88,0.33,0.34,0.36,0.30,0.00,0.00,0.86,"",0,0.0,-10,-11.1,-4,-4.6,-4,-4.3,19550,1.7,0,0.0,0,0.0,87,9.1
"26059","2","10","71","0","2017","4","",4,74,74,73,982951,0,0,1026,"",0.74,0.18,0.18,0.18,0.21,0.00,0.00,1.17,"",0,0.0,-4,-5.1,-3,-3.9,-4,-5.2,-17530,-1.8,0,0.0,0,0.0,31,3.1
"26059","3","10","71","0","2017","4","",53,2041,2048,2051,21047385,5323,31,791,"",4.03,1.63,1.64,1.65,1.75,0.03,0.02,1.06,"",-3,-5.4,-165,-7.5,-185,-8.3,-133,-6.1,-1647478,-7.3,-113,-2.1,-1,-3.1,0,0.0
"26059","5","10","71","0","2017","4","",698,10442,10367,10313,117001793,8679494,254661,868,"",0.93,0.97,0.97,0.97,0.98,1.03,1.01,1.01,"",-4,-0.6,60,0.6,-169,-1.6,-160,-1.5,2403550,2.1,-591951,-6.4,-54966,-17.8,26,3.1
"26061","0","10","70","0","2017","4","",860,11314,11211,11046,119602487,7262545,207059,822,"",1.00,1.00,1.00,1.00,1.00,1.00,1.00,1.00,"",2,0.2,-269,-2.3,-277,-2.4,-344,-3.0,-418375,-0.3,-180439,-2.4,-67083,-24.5,18,2.2
"26061","1","10","71","0","2017","4","",24,159,155,161,2183485,0,0,1061,"",4.65,0.73,0.72,0.76,0.66,0.00,0.00,0.90,"",0,0.0,-6,-3.6,-3,-1.9,7,4.5,18442,0.9,0,0.0,0,0.0,14,1.3
"26061","2","10","71","0","2017","4","N",10,0,0,0,0,0,0,0,"N",1.66,0,0,0,0,0,0,0,"N",0,0.0,0,0,0,0,0,0,0,0,0,0,0,0,0,0
"26061","3","10","71","0","2017","4","N",42,0,0,0,0,0,0,0,"N",2.87,0,0,0,0,0,0,0,"N",-1,-2.3,0,0,0,0,0,0,0,0,0,0,0,0,0,0
"26061","5","10","71","0","2017","4","",784,8337,8219,8022,73637212,7173562,204616,691,"",0.94,0.87,0.86,0.85,0.72,1.02,0.99,0.84,"",3,0.4,-179,-2.1,-237,-2.8,-297,-3.6,-1761016,-2.3,-164796,-2.2,-66826,-24.6,3,0.4
"26063","0","10","70","0","2017","4","",963,11263,11139,11040,115883070,9005966,366228,800,"",1.00,1.00,1.00,1.00,1.00,1.00,1.00,1.00,"",6,0.6,-55,-0.5,-87,-0.8,69,0.6,5005379,4.5,1744939,24.0,114626,45.6,37,4.8
"26063","1","10","71","0","2017","4","",14,93,97,99,1134621,0,0,906,"",2.42,0.43,0.46,0.47,0.36,0.00,0.00,0.79,"",0,0.0,-12,-11.4,-5,-4.9,0,0.0,-23926,-2.1,0,0.0,0,0.0,32,3.7
"26063","2","10","71","0","2017","4","",5,47,45,45,743034,0,0,1252,"",0.74,0.13,0.13,0.13,0.20,0.00,0.00,1.53,"",0,0.0,-3,-6.0,-3,-6.2,-2,-4.3,-8859,-1.2,0,0.0,0,0.0,55,4.6
"26063","3","10","71","0","2017","4","",59,1526,1511,1525,15050006,28474,135,761,"",3.60,1.37,1.37,1.40,1.51,0.16,0.07,1.10,"",-1,-1.7,6,0.4,-9,-0.6,-10,-0.7,473024,3.2,-7074,-19.9,-42,-23.7,26,3.5
"26063","5","10","71","0","2017","4","",885,9597,9486,9371,98955409,8977492,366093,803,"",0.95,1.00,1.00,1.00,1.00,1.03,1.01,1.00,"",7,0.8,-46,-0.5,-70,-0.7,81,0.9,4565140,4.8,1752013,24.2,114668,45.6,38,5.0
"26065","0","10","70","0","2017","4","",6027,153850,154210,152995,2082306228,90964993,2531802,1042,"",1.00,1.00,1.00,1.00,1.00,1.00,1.00,1.00,"",26,0.4,1607,1.1,1184,0.8,1245,0.8,37803969,1.8,-200762,-0.2,-225369,-8.2,10,1.0
"26065","1","10","71","0","2017","4","",42,1535,1520,1552,25448659,0,0,1275,"",1.16,0.52,0.52,0.53,0.44,0.00,0.00,0.86,"",0,0.0,65,4.4,4,0.3,-11,-0.7,429871,1.7,0,0.0,0,0.0,6,0.5
"26065","2","10","71","0","2017","4","",157,29449,29518,28814,527230192,0,0,1386,"",3.72,5.96,5.98,5.91,7.76,0.00,0.00,1.30,"",0,0.0,195,0.7,366,1.3,527,1.9,11094889,2.1,0,0.0,0,0.0,12,0.9
"26065","3","10","71","0","2017","4","",158,12899,12917,12790,166408705,127599,2153,995,"",1.54,0.85,0.84,0.84,0.93,0.07,0.16,1.10,"",1,0.6,-88,-0.7,-235,-1.8,-156,-1.2,-408853,-0.2,-27116,-17.5,-754,-25.9,10,1.0
"26065","5","10","71","0","2017","4","",5670,109967,110255,109839,1363218672,90837394,2529649,953,"",0.97,0.84,0.84,0.84,0.77,1.03,1.01,0.91,"",25,0.4,1435,1.3,1049,1.0,885,0.8,26688062,2.0,-173646,-0.2,-224615,-8.2,9,1.0
"26067","0","10","70","0","2017","4","",997,20725,20877,21165,183423334,18975700,430983,674,"",1.00,1.00,1.00,1.00,1.00,1.00,1.00,1.00,"",65,7.0,444,2.2,201,1.0,388,1.9,12501840,7.3,234228,1.2,-40671,-8.6,35,5.5
"26067","1","10","71","0","2017","4","",14,115,114,110,1578400,0,0,1074,"",2.34,0.29,0.29,0.27,0.31,0.00,0.00,1.11,"",0,0.0,3,2.7,-2,-1.7,-10,-8.3,15113,1.0,0,0.0,0,0.0,37,3.6
"26067","2","10","71","0","2017","4","",15,1178,1162,1153,19435056,0,0,1284,"",2.15,1.77,1.74,1.71,3.25,0.00,0.00,1.87,"",0,0.0,-31,-2.6,-78,-6.3,-85,-6.9,-1094072,-5.3,0,0.0,0,0.0,-1,-0.1
"26067","3","10","71","0","2017","4","",40,2005,1985,2015,20745437,17266,167,797,"",2.36,0.98,0.96,0.96,1.32,0.05,0.07,1.36,"",-1,-2.4,-12,-0.6,-53,-2.6,-6,-0.3,-95817,-0.5,9208,114.3,81,94.2,5,0.6
"26067","5","10","71","0","2017","4","",928,17427,17616,17887,141664441,18958434,430816,618,"",0.96,0.99,0.99,0.99,0.90,1.03,1.01,0.91,"",66,7.7,484,2.9,334,1.9,489,2.8,13676616,10.7,225020,1.2,-40752,-8.6,46,8.0
"26069","0","10","70","0","2017","4","",560,7674,7575,7408,74399630,5283810,168928,758,"",1.00,1.00,1.00,1.00,1.00,1.00,1.00,1.00,"",-3,-0.5,87,1.1,17,0.2,-5,-0.1,6415298,9.4,214817,4.2,-6619,-3.8,63,9.1
"26069","1","10","71","0","2017","4","",10,114,106,105,1496607,0,0,1063,"",2.98,0.77,0.73,0.74,0.73,0.00,0.00,0.98,"",0,0.0,3,2.7,0,0.0,2,1.9,95447,6.8,0,0.0,0,0.0,53,5.2
"26069","2","10","71","0","2017","4","",4,46,44,44,830406,0,0,1430,"",1.02,0.19,0.18,0.19,0.34,0.00,0.00,1.85,"",0,0.0,-2,-4.2,-3,-6.4,-2,-4.3,-10600,-1.3,0,0.0,0,0.0,54,3.9
"26069","3","10","71","0","2017","4","",28,1303,1339,1302,11057862,3787,61,647,"",2.94,1.71,1.78,1.78,1.73,0.04,0.07,0.98,"",-1,-3.4,0,0.0,-4,-0.3,-2,-0.2,268161,2.5,1229,48.0,-1,-1.6,17,2.7
"26069","5","10","71","0","2017","4","",518,6211,6086,5957,61014755,5280023,168867,771,"",0.95,0.95,0.95,0.95,0.96,1.03,1.01,1.01,"",-2,-0.4,86,1.4,24,0.4,-3,-0.1,6062290,11.0,213588,4.2,-6618,-3.8,72,10.3
"26071","0","10","70","0","2017","4","",361,3777,3736,3716,35417618,2352533,67244,728,"",1.00,1.00,1.00,1.00,1.00,1.00,1.00,1.00,"",-6,-1.6,-114,-2.9,-66,-1.7,-156,-4.0,269202,0.8,-251727,-9.7,-9784,-12.7,27,3.9
"26071","1","10","71","0","2017","4","",7,30,28,28,358065,0,0,961,"",3.23,0.41,0.39,0.39,0.37,0.00,0.00,0.92,"",-1,-12.5,-4,-11.8,-3,-9.7,-2,-6.7,-11820,-3.2,0,0.0,0,0.0,62,6.9
"26071","2","10","71","0","2017","4","",8,66,60,60,1037774,0,0,1288,"",3.16,0.54,0.50,0.51,0.90,0.00,0.00,1.73,"",0,0.0,1,1.5,0,0.0,0,0.0,-37501,-3.5,0,0.0,0,0.0,-53,-4.0
"26071","3","10","71","0","2017","4","",29,805,808,804,7558667,1751,35,722,"",4.73,2.15,2.18,2.19,2.48,0.04,0.10,1.14,"",-1,-3.3,-2,-0.2,-14,-1.7,-17,-2.1,245578,3.4,1237,240.7,24,218.2,33,4.8
"26071","5","10","71","0","2017","4","",317,2876,2840,2824,26463112,2350782,67209,715,"",0.91,0.90,0.89,0.89,0.88,1.03,1.01,0.98,"",-4,-1.2,-109,-3.7,-49,-1.7,-137,-4.6,72945,0.3,-252964,-9.7,-9808,-12.7,26,3.8
"26073","0","10","70","0","2017","4","",1290,29636,29537,29142,295813928,18212350,518834,773,"",1.00,1.00,1.00,1.00,1.00,1.00,1.00,1.00,"",-28,-2.1,-333,-1.1,-349,-1.2,-731,-2.4,5205292,1.8,-233925,-1.3,-47456,-8.4,26,3.5
"26073","1","10","71","0","2017","4","",13,156,152,156,2511362,0,0,1249,"",1.68,0.27,0.27,0.28,0.31,0.00,0.00,1.13,"",0,0.0,-3,-1.9,-7,-4.4,-8,-4.9,8843,0.4,0,0.0,0,0.0,51,4.3
"26073","2","10","71","0","2017","4","N",11,0,0,0,0,0,0,0,"N",1.22,0,0,0,0,0,0,0,"N",0,0.0,0,0,0,0,0,0,0,0,0,0,0,0,0,0
"26073","3","10","71","0","2017","4","N",46,0,0,0,0,0,0,0,"N",2.10,0,0,0,0,0,0,0,"N",-1,-2.1,0,0,0,0,0,0,0,0,0,0,0,0,0,0
"26073","5","10","71","0","2017","4","",1220,20408,20297,19903,188602805,18174284,517974,718,"",0.97,0.81,0.81,0.80,0.75,1.03,1.00,0.92,"",-27,-2.2,-19,-0.1,-59,-0.3,-445,-2.2,5327839,2.9,-218020,-1.2,-47256,-8.4,26,3.8
"26075","0","10","70","0","2017","4","",2656,57319,57507,57117,715622027,43147866,1354730,960,"",1.00,1.00,1.00,1.00,1.00,1.00,1.00,1.00,"",-17,-0.6,-573,-1.0,-490,-0.8,-372,-0.6,16471207,2.4,614850,1.4,-91794,-6.3,29,3.1
"26075","1","10","71","0","2017","4","",22,325,324,329,5258712,0,0,1241,"",1.38,0.29,0.29,0.30,0.27,0.00,0.00,0.90,"",0,0.0,5,1.6,-2,-0.6,-1,-0.3,159893,3.1,0,0.0,0,0.0,35,2.9
"26075","2","10","71","0","2017","4","",28,2188,2211,2162,37325040,0,0,1313,"",1.50,1.19,1.20,1.19,1.60,0.00,0.00,1.34,"",0,0.0,-58,-2.6,-67,-2.9,-58,-2.6,471430,1.3,0,0.0,0,0.0,52,4.1
"26075","3","10","71","0","2017","4","",74,5344,5390,5148,60035730,22631,344,872,"",1.64,0.94,0.94,0.91,0.98,0.03,0.05,1.05,"",-1,-1.3,-75,-1.4,-133,-2.4,-212,-4.0,-200225,-0.3,10225,82.4,54,18.6,19,2.2
"26075","5","10","71","0","2017","4","",2532,49462,49582,49478,613002545,43125235,1354386,952,"",0.98,1.02,1.01,1.02,1.00,1.03,1.01,0.99,"",-16,-0.6,-445,-0.9,-288,-0.6,-101,-0.2,16040109,2.7,604625,1.4,-91848,-6.4,30,3.3
"26077","0","10","70","0","2017","4","",5043,119289,119750,119436,1556631048,90351823,2389933,1002,"",1.00,1.00,1.00,1.00,1.00,1.00,1.00,1.00,"",40,0.8,814,0.7,631,0.5,1199,1.0,38476040,2.5,2308301,2.6,-202494,-7.8,17,1.7
"26077","1","10","71","0","2017","4","",30,672,673,676,10968982,0,0,1253,"",0.99,0.29,0.29,0.29,0.26,0.00,0.00,0.87,"",-1,-3.2,18,2.8,0,0.0,-1,-0.1,-95860,-0.9,0,0.0,0,0.0,-21,-1.6
"26077","2","10","71","0","2017","4","",22,4131,4177,4246,85901017,0,0,1579,"",0.62,1.08,1.09,1.11,1.69,0.00,0.00,1.55,"",0,0.0,-97,-2.3,-134,-3.1,-47,-1.1,287802,0.3,0,0.0,0,0.0,39,2.5
"26077","3","10","71","0","2017","4","",70,8421,8635,8420,99058917,6050,81,897,"",0.82,0.71,0.73,0.71,0.74,0.00,0.01,1.03,"",-1,-1.4,141,1.7,-11,-0.1,146,1.8,2174750,2.2,-17766,-74.6,-437,-84.4,10,1.1
"26077","5","10","71","0","2017","4","",4921,106065,106265,106094,1360702132,90345773,2389852,986,"",1.01,1.05,1.04,1.05,1.02,1.03,1.01,0.98,"",42,0.9,752,0.7,776,0.7,1101,1.0,36109348,2.7,2326067,2.6,-202057,-7.8,18,1.9
"26079","0","10","70","0","2017","4","",313,4222,4136,4073,54533580,2837180,127370,1012,"",1.00,1.00,1.00,1.00,1.00,1.00,1.00,1.00,"",-8,-2.5,238,6.0,227,5.8,230,6.0,5538566,11.3,13948,0.5,-15707,-11.0,49,5.1
"26079","1","10","71","0","2017","4","",3,26,26,25,335173,0,0,1005,"",1.60,0.32,0.33,0.32,0.22,0.00,0.00,0.69,"",0,0.0,1,4.0,0,0.0,-2,-7.4,23595,7.6,0,0.0,0,0.0,83,9.0
"26079","2","10","71","0","2017","4","",6,62,59,59,819812,0,0,1051,"",2.74,0.46,0.45,0.45,0.46,0.00,0.00,1.02,"",0,0.0,2,3.3,1,1.7,1,1.7,-9967,-1.2,0,0.0,0,0.0,-37,-3.4
"26079","3","10","71","0","2017","4","",14,917,906,917,8969703,133948,2365,755,"",2.63,2.19,2.21,2.27,1.91,2.38,3.53,0.86,"",-1,-6.7,48,5.5,27,3.1,36,4.1,548805,6.5,23335,21.1,370,18.5,16,2.2
"26079","5","10","71","0","2017","4","",290,3217,3145,3072,44408892,2703232,125005,1086,"",0.96,0.90,0.90,0.89,0.95,0.98,0.99,1.07,"",-7,-2.4,187,6.2,199,6.8,195,6.8,4976133,12.6,-9387,-0.3,-16077,-11.4,58,5.6
"26081","0","10","70","0","2017","4","",14619,402106,404008,402382,5020526103,347088701,8889212,959,"",1.00,1.00,1.00,1.00,1.00,1.00,1.00,1.00,"",334,2.3,5865,1.5,6525,1.6,4279,1.1,178702878,3.7,4458016,1.3,-752757,-7.8,21,2.2
"26081","1","10","71","0","2017","4","",63,2834,2813,2866,52327851,0,0,1418,"",0.72,0.37,0.36,0.37,0.38,0.00,0.00,1.03,"",-4,-6.0,40,1.4,-4,-0.1,-52,-1.8,203453,0.4,0,0.0,0,0.0,8,0.6
"26081","2","10","71","0","2017","4","",42,1586,1589,1578,22295855,0,0,1083,"",0.41,0.12,0.12,0.12,0.14,0.00,0.00,1.11,"",0,0.0,-88,-5.3,-67,-4.0,-100,-6.0,-1006810,-4.3,0,0.0,0,0.0,9,0.8
"26081","3","10","71","0","2017","4","",129,20711,20665,20708,257267934,53271,1213,956,"",0.52,0.52,0.52,0.52,0.60,0.01,0.03,1.15,"",-2,-1.5,170,0.8,116,0.6,115,0.6,10057847,4.1,-16283,-23.4,-468,-27.8,31,3.4
"26081","5","10","71","0","2017","4","",14385,376975,378941,377230,4688634463,347035430,8887999,955,"",1.01,1.10,1.10,1.10,1.09,1.03,1.01,0.99,"",340,2.4,5743,1.5,6480,1.7,4316,1.2,169448388,3.7,4474299,1.3,-752289,-7.8,21,2.2
"26083","0","10","70","0","2017","4","",70,469,316,310,2445805,412439,24689,515,"",1.00,1.00,1.00,1.00,1.00,1.00,1.00,1.00,"",-1,-1.4,-8,-1.7,-19,-5.7,-43,-12.2,-25146,-1.0,31357,8.2,-1014,-3.9,26,5.3
"26083","1","10","71","0","2017","4","",3,21,11,15,149154,0,0,732,"",7.15,2.33,1.82,2.51,2.22,0.00,0.00,0.99,"",0,0.0,6,40.0,3,37.5,4,36.4,41014,37.9,0,0.0,0,0.0,-2,-0.3
"26083","2","10","71","0","2017","4","N",1,0,0,0,0,0,0,0,"N",2.04,0,0,0,0,0,0,0,"N",0,0.0,0,0,0,0,0,0,0,0,0,0,0,0,0,0
"26083","3","10","71","0","2017","4","N",9,0,0,0,0,0,0,0,"N",7.56,0,0,0,0,0,0,0,"N",0,0.0,0,0,0,0,0,0,0,0,0,0,0,0,0,0
"26083","5","10","71","0","2017","4","",57,342,203,195,1546476,369409,23011,482,"",0.84,0.86,0.76,0.74,0.74,0.93,0.94,0.93,"",-1,-1.7,-20,-5.5,-25,-11.0,-47,-19.4,-106642,-6.5,32221,9.6,-867,-3.6,23,5.0
"26085","0","10","70","0","2017","4","",153,1595,1559,1529,13703921,1120587,31952,675,"",1.00,1.00,1.00,1.00,1.00,1.00,1.00,1.00,"",3,2.0,-81,-4.8,-55,-3.4,-62,-3.9,168658,1.2,1469,0.1,-2453,-7.1,35,5.5
"26085","1","10","71","0","2017","4","",7,54,49,43,632475,0,0,1000,"",7.63,1.76,1.64,1.46,1.68,0.00,0.00,1.04,"",0,0.0,-2,-3.6,1,2.1,0,0.0,46779,8.0,0,0.0,0,0.0,81,8.8
"26085","2","10","71","0","2017","4","",3,79,72,70,861986,0,0,900,"",2.80,1.54,1.44,1.44,1.93,0.00,0.00,1.31,"",0,0.0,1,1.3,0,0.0,-1,-1.4,2350,0.3,0,0.0,0,0.0,2,0.2
"26085","3","10","71","0","2017","4","",17,326,333,327,3129323,23187,400,732,"",6.54,2.06,2.15,2.16,2.66,1.05,2.38,1.25,"",0,0.0,-16,-4.7,-5,-1.5,-8,-2.4,-49897,-1.6,1428,6.6,-50,-11.1,9,1.2
"26085","5","10","71","0","2017","4","",126,1136,1105,1089,9080137,1097400,31552,629,"",0.85,0.84,0.83,0.84,0.78,1.01,0.99,0.93,"",3,2.4,-64,-5.3,-51,-4.4,-53,-4.6,169426,1.9,41,0.0,-2403,-7.1,41,7.0
"26087","0","10","70","0","2017","4","",1517,21325,21080,20637,221998718,16611068,579105,813,"",1.00,1.00,1.00,1.00,1.00,1.00,1.00,1.00,"",11,0.7,-116,-0.5,-232,-1.1,-77,-0.4,9320363,4.4,211898,1.3,9628,1.7,40,5.2
"26087","1","10","71","0","2017","4","",15,134,134,131,1910908,0,0,1105,"",1.65,0.33,0.33,0.33,0.31,0.00,0.00,0.95,"",0,0.0,-7,-5.0,9,7.2,-11,-7.7,-10892,-0.6,0,0.0,0,0.0,18,1.7
"26087","2","10","71","0","2017","4","",12,450,443,447,7798592,0,0,1343,"",1.13,0.66,0.66,0.68,1.08,0.00,0.00,1.62,"",0,0.0,-12,-2.6,-11,-2.4,-2,-0.4,-54940,-0.7,0,0.0,0,0.0,15,1.1
"26087","3","10","71","0","2017","4","",45,3417,3455,3468,37370928,45659,571,834,"",1.75,1.62,1.65,1.70,1.96,0.14,0.19,1.18,"",0,0.0,-185,-5.1,-184,-5.1,-116,-3.2,1110421,3.1,9050,24.7,391,217.2,61,7.9
"26087","5","10","71","0","2017","4","",1445,17324,17048,16591,174918290,16565409,578534,792,"",0.98,0.96,0.95,0.95,0.92,1.03,1.01,0.97,"",11,0.8,88,0.5,-46,-0.3,52,0.3,8275774,5.0,202848,1.2,9237,1.6,36,4.8
"26089","0","10","70","0","2017","4","",685,6687,6212,5960,61110899,4528934,166030,748,"",1.00,1.00,1.00,1.00,1.00,1.00,1.00,1.00,"",14,2.1,91,1.4,28,0.5,97,1.7,1764299,3.0,-196083,-4.1,-22677,-12.0,13,1.8
"26089","1","10","71","0","2017","4","",10,124,99,115,1353335,0,0,924,"",2.43,0.96,0.83,1.00,0.81,0.00,0.00,0.86,"",0,0.0,1,0.8,-6,-5.7,2,1.8,81936,6.4,0,0.0,0,0.0,64,7.4
"26089","2","10","71","0","2017","4","N",2,0,0,0,0,0,0,0,"N",0.42,0,0,0,0,0,0,0,"N",0,0.0,0,0,0,0,0,0,0,0,0,0,0,0,0,0
"26089","3","10","71","0","2017","4","N",24,0,0,0,0,0,0,0,"N",2.06,0,0,0,0,0,0,0,"N",0,0.0,0,0,0,0,0,0,0,0,0,0,0,0,0,0
"26089","5","10","71","0","2017","4","",649,4964,4509,4232,43709135,4485168,165280,736,"",0.98,0.87,0.85,0.84,0.84,1.02,1.00,0.98,"",14,2.2,92,1.9,34,0.8,81,2.0,1059491,2.5,-232006,-4.9,-23328,-12.4,7,1.0
"26091","0","10","70","0","2017","4","",1746,26986,26873,26711,288525914,16724699,474354,826,"",1.00,1.00,1.00,1.00,1.00,1.00,1.00,1.00,"",12,0.7,-593,-2.2,-583,-2.1,-429,-1.6,-2234506,-0.8,-1376268,-7.6,-117546,-19.9,9,1.1
"26091","1","10","71","0","2017","4","",24,188,185,200,2731230,0,0,1100,"",2.29,0.36,0.36,0.39,0.34,0.00,0.00,0.93,"",0,0.0,1,0.5,3,1.6,12,6.4,153066,5.9,0,0.0,0,0.0,32,3.0
"26091","2","10","71","0","2017","4","",9,643,637,636,10700254,0,0,1289,"",0.74,0.74,0.74,0.75,1.14,0.00,0.00,1.53,"",0,0.0,-19,-2.9,-36,-5.3,-36,-5.4,-779790,-6.8,0,0.0,0,0.0,-31,-2.3
"26091","3","10","71","0","2017","4","",94,3603,3611,3571,38982060,15780,81,834,"",3.17,1.35,1.35,1.35,1.57,0.05,0.03,1.16,"",2,2.2,-103,-2.8,-106,-2.9,-126,-3.4,-274912,-0.7,4609,41.3,-12,-12.9,19,2.3
"26091","5","10","71","0","2017","4","",1619,22552,22440,22304,236112370,16708919,474273,810,"",0.96,0.98,0.98,0.98,0.96,1.03,1.01,0.98,"",10,0.6,-472,-2.1,-444,-1.9,-279,-1.2,-1332870,-0.6,-1380877,-7.6,-117534,-19.9,10,1.2
"26093","0","10","70","0","2017","4","",4786,61851,61925,61723,819866898,58456963,1884249,1020,"",1.00,1.00,1.00,1.00,1.00,1.00,1.00,1.00,"",-37,-0.8,2218,3.7,2352,3.9,2211,3.7,147185192,21.9,4075153,7.5,160705,9.3,151,17.4
"26093","1","10","71","0","2017","4","",10,253,257,252,3902375,0,0,1182,"",0.35,0.21,0.22,0.21,0.17,0.00,0.00,0.81,"",0,0.0,6,2.4,10,4.0,-9,-3.4,-22123,-0.6,0,0.0,0,0.0,-18,-1.5
"26093","2","10","71","0","2017","4","",12,819,812,813,11865453,0,0,1120,"",0.36,0.41,0.41,0.41,0.44,0.00,0.00,1.08,"",0,0.0,-35,-4.1,-37,-4.4,-35,-4.1,190267,1.6,0,0.0,0,0.0,64,6.1
"26093","3","10","71","0","2017","4","",81,5655,5468,5410,61077125,5120,112,853,"",1.00,0.92,0.89,0.89,0.87,0.00,0.01,0.96,"",0,0.0,81,1.5,33,0.6,51,1.0,923789,1.5,4772,1371.3,106,1766.7,5,0.6
"26093","5","10","71","0","2017","4","",4683,55124,55388,55248,743021945,58451843,1884137,1034,"",1.01,1.05,1.05,1.05,1.06,1.03,1.01,1.01,"",-37,-0.8,2166,4.1,2346,4.4,2204,4.2,146093259,24.5,4070381,7.5,160599,9.3,168,19.4
"26095","0","10","70","0","2017","4","",186,1924,1890,1882,17680491,1177032,42424,716,"",1.00,1.00,1.00,1.00,1.00,1.00,1.00,1.00,"",-1,-0.5,25,1.3,46,2.5,66,3.6,489786,2.8,204539,21.0,11757,38.3,2,0.3
"26095","1","10","71","0","2017","4","",2,14,15,16,175411,0,0,900,"",1.79,0.38,0.41,0.44,0.36,0.00,0.00,0.88,"",0,0.0,-1,-6.7,0,0.0,2,14.3,13041,8.0,0,0.0,0,0.0,48,5.6
"26095","2","10","71","0","2017","4","",12,301,287,283,4651394,0,0,1232,"",9.21,4.87,4.74,4.72,8.06,0.00,0.00,1.69,"",0,0.0,-8,-2.6,-11,-3.7,-14,-4.7,-289032,-5.9,0,0.0,0,0.0,-29,-2.3
"26095","3","10","71","0","2017","4","",17,515,522,526,5293143,36309,898,782,"",5.38,2.70,2.78,2.82,3.48,1.56,4.02,1.26,"",0,0.0,-5,-1.0,-7,-1.3,-6,-1.1,13850,0.3,-25038,-40.8,-1018,-53.1,11,1.4
"26095","5","10","71","0","2017","4","",155,1094,1066,1057,7560543,1140723,41526,542,"",0.86,0.67,0.66,0.66,0.50,1.00,0.99,0.75,"",-1,-0.6,39,3.7,64,6.4,84,8.6,751927,11.0,229577,25.2,12775,44.4,23,4.4
"26097","0","10","70","0","2017","4","",449,4741,3511,3137,37018844,2415253,154807,750,"",1.00,1.00,1.00,1.00,1.00,1.00,1.00,1.00,"",-3,-0.7,-61,-1.3,25,0.7,7,0.2,1839184,5.2,61386,2.6,3256,2.1,39,5.5
"26097","1","10","71","0","2017","4","",13,64,58,55,737518,0,0,962,"",4.83,0.70,0.86,0.91,0.72,0.00,0.00,0.90,"",0,0.0,5,8.5,-3,-4.9,-3,-5.2,14327,2.0,0,0.0,0,0.0,24,2.6
"26097","2","10","71","0","2017","4","",14,194,190,191,2965051,0,0,1190,"",4.45,1.27,1.69,1.91,2.45,0.00,0.00,1.56,"",0,0.0,-1,-0.5,0,0.0,-1,-0.5,-37066,-1.2,0,0.0,0,0.0,-11,-0.9
"26097","3","10","71","0","2017","4","",25,731,735,735,5818836,35223,1762,610,"",3.28,1.56,2.11,2.37,1.83,0.74,2.16,0.94,"",0,0.0,4,0.6,-1,-0.1,17,2.4,412268,7.6,15683,80.3,641,57.2,38,6.6
"26097","5","10","71","0","2017","4","",397,3752,2528,2156,27497439,2380030,153045,752,"",0.91,0.93,0.85,0.81,0.87,1.02,1.00,1.00,"",-3,-0.8,-69,-1.8,29,1.2,-6,-0.3,1449655,5.6,45703,2.0,2615,1.7,43,6.1
"26099","0","10","70","0","2017","4","",17695,329106,330581,328566,4677737854,241144889,7815210,1092,"",1.00,1.00,1.00,1.00,1.00,1.00,1.00,1.00,"",141,0.8,4534,1.4,3794,1.2,5842,1.8,164380995,3.6,-1402291,-0.6,-639117,-7.6,23,2.2
"26099","1","10","71","0","2017","4","",40,7969,8016,8099,175036610,0,0,1677,"",0.38,1.26,1.27,1.28,1.36,0.00,0.00,1.07,"",-1,-2.4,2,0.0,-20,-0.2,16,0.2,3947535,2.3,0,0.0,0,0.0,38,2.3
"26099","2","10","71","0","2017","4","",29,1579,1563,1564,23777903,0,0,1166,"",0.23,0.15,0.15,0.15,0.16,0.00,0.00,1.05,"",0,0.0,-44,-2.7,-49,-3.0,-52,-3.2,-306591,-1.3,0,0.0,0,0.0,20,1.7
"26099","3","10","71","0","2017","4","",228,24895,25257,24913,324472166,120770,1587,998,"",0.76,0.76,0.77,0.77,0.81,0.03,0.04,1.05,"",1,0.4,-144,-0.6,-576,-2.2,17,0.1,3764140,1.2,-18393,-13.2,-1035,-39.5,21,2.1
"26099","5","10","71","0","2017","4","",17398,294663,295745,293990,4154451175,241024119,7813623,1084,"",1.01,1.05,1.05,1.05,1.04,1.03,1.01,0.99,"",141,0.8,4720,1.6,4439,1.5,5861,2.0,156975911,3.9,-1383898,-0.6,-638082,-7.5,23,2.2
"26101","0","10","70","0","2017","4","",535,7233,7050,6967,74633187,3950314,124709,810,"",1.00,1.00,1.00,1.00,1.00,1.00,1.00,1.00,"",6,1.1,-71,-1.0,-4,-0.1,17,0.2,2225941,3.1,33141,0.8,-22622,-15.4,26,3.3
"26101","1","10","71","0","2017","4","",12,102,98,103,1372207,0,0,1045,"",3.74,0.73,0.73,0.77,0.67,0.00,0.00,0.90,"",0,0.0,16,18.6,9,10.1,23,28.8,303954,28.5,0,0.0,0,0.0,78,8.1
"26101","2","10","71","0","2017","4","N",9,0,0,0,0,0,0,0,"N",2.40,0,0,0,0,0,0,0,"N",0,0.0,0,0,0,0,0,0,0,0,0,0,0,0,0,0
"26101","3","10","71","0","2017","4","N",29,0,0,0,0,0,0,0,"N",3.19,0,0,0,0,0,0,0,"N",0,0.0,0,0,0,0,0,0,0,0,0,0,0,0,0,0
"26101","5","10","71","0","2017","4","",485,4547,4392,4269,41968455,3940452,124108,733,"",0.93,0.74,0.73,0.72,0.66,1.03,1.00,0.90,"",6,1.3,-92,-2.0,-24,-0.5,-25,-0.6,-453142,-1.1,32429,0.8,-23136,-15.7,0,0.0
"26103","0","10","70","0","2017","4","",1587,27032,26943,26817,285405542,18907077,570607,815,"",1.00,1.00,1.00,1.00,1.00,1.00,1.00,1.00,"",-7,-0.4,-444,-1.6,-142,-0.5,181,0.7,4760628,1.7,-396179,-2.1,-42316,-6.9,17,2.1
"26103","1","10","71","0","2017","4","",28,268,256,270,4177102,0,0,1214,"",2.94,0.52,0.50,0.52,0.53,0.00,0.00,1.04,"",0,0.0,-8,-2.9,5,2.0,7,2.7,183149,4.6,0,0.0,0,0.0,47,4.0
"26103","2","10","71","0","2017","4","",34,2005,2024,1970,31928744,0,0,1228,"",3.06,2.31,2.35,2.30,3.43,0.00,0.00,1.48,"",0,0.0,-51,-2.5,-8,-0.4,-58,-2.9,189759,0.6,0,0.0,0,0.0,30,2.5
"26103","3","10","71","0","2017","4","",71,3042,3094,3105,29673690,117010,1873,741,"",2.63,1.14,1.16,1.17,1.21,0.31,0.62,1.05,"",1,1.4,-54,-1.7,-75,-2.4,-53,-1.7,48292,0.2,6923,6.3,-936,-33.3,15,2.1
"26103","5","10","71","0","2017","4","",1454,21717,21569,21472,219626006,18790067,568734,783,"",0.94,0.95,0.94,0.94,0.90,1.03,1.00,0.96,"",-8,-0.5,-331,-1.5,-64,-0.3,285,1.3,4339428,2.0,-403102,-2.1,-41380,-6.8,17,2.2
"26105","0","10","70","0","2017","4","",687,10676,10200,10041,103940929,7826893,323272,776,"",1.00,1.00,1.00,1.00,1.00,1.00,1.00,1.00,"",-16,-2.3,-202,-1.9,-330,-3.1,-200,-2.0,2107834,2.1,-508638,-6.1,-55513,-14.7,33,4.4
"26105","1","10","71","0","2017","4","",11,67,68,67,890241,0,0,1017,"",2.67,0.33,0.35,0.35,0.31,0.00,0.00,0.92,"",-1,-8.3,-37,-35.6,-13,-16.0,-29,-30.2,-240777,-21.3,0,0.0,0,0.0,88,9.5
"26105","2","10","71","0","2017","4","",4,50,48,48,925895,0,0,1463,"",0.83,0.15,0.15,0.15,0.27,0.00,0.00,1.85,"",0,0.0,-2,-3.8,-2,-4.0,-1,-2.0,-8795,-0.9,0,0.0,0,0.0,35,2.5
"26105","3","10","71","0","2017","4","",23,1587,1545,1540,15503935,35872,347,766,"",1.97,1.50,1.53,1.55,1.73,0.23,0.20,1.14,"",-1,-4.2,-105,-6.2,-139,-8.3,-123,-7.4,-64166,-0.4,11975,50.1,180,107.8,53,7.4
"26105","5","10","71","0","2017","4","",649,8972,8539,8386,86620858,7791021,322925,772,"",0.97,0.99,0.99,0.98,0.98,1.03,1.01,0.99,"",-14,-2.1,-58,-0.6,-176,-2.0,-47,-0.6,2421572,2.9,-520613,-6.3,-55693,-14.7,30,4.0
"26107","0","10","70","0","2017","4","",650,14434,14177,13842,149929456,8158954,241759,815,"",1.00,1.00,1.00,1.00,1.00,1.00,1.00,1.00,"",-12,-1.8,-166,-1.1,-504,-3.4,-341,-2.4,-1955755,-1.3,-648876,-7.4,-63773,-20.9,9,1.1
"26107","1","10","71","0","2017","4","",14,94,95,100,1272893,0,0,1016,"",3.59,0.34,0.35,0.38,0.31,0.00,0.00,0.87,"",0,0.0,3,3.3,2,2.2,-1,-1.0,64782,5.4,0,0.0,0,0.0,38,3.9
"26107","2","10","71","0","2017","4","N",7,0,0,0,0,0,0,0,"N",1.54,0,0,0,0,0,0,0,"N",0,0.0,0,0,0,0,0,0,0,0,0,0,0,0,0,0
"26107","3","10","71","0","2017","4","N",30,0,0,0,0,0,0,0,"N",2.72,0,0,0,0,0,0,0,"N",-2,-6.2,0,0,0,0,0,0,0,0,0,0,0,0,0,0
"26107","5","10","71","0","2017","4","",599,9311,9024,8809,104932161,8130096,241363,892,"",0.95,0.76,0.75,0.75,0.82,1.03,1.00,1.09,"",-10,-1.6,-201,-2.1,-454,-4.8,-258,-2.8,-3469930,-3.2,-649079,-7.4,-63758,-20.9,0,0.0
"26109","0","10","70","0","2017","4","",455,7198,7213,7254,67525502,3743073,131447,719,"",1.00,1.00,1.00,1.00,1.00,1.00,1.00,1.00,"",-9,-1.9,111,1.6,153,2.2,222,3.2,3170823,4.9,698540,22.9,24088,22.4,18,2.6
"26109","1","10","71","0","2017","4","",15,53,54,54,689488,0,0,988,"",5.50,0.38,0.39,0.39,0.37,0.00,0.00,0.96,"",0,0.0,-4,-7.0,-4,-6.9,-10,-15.6,17875,2.7,0,0.0,0,0.0,122,14.1
"26109","2","10","71","0","2017","4","",6,37,34,34,540566,0,0,1188,"",1.88,0.16,0.15,0.15,0.25,0.00,0.00,1.62,"",0,0.0,-1,-2.6,-2,-5.6,-2,-5.6,-7873,-1.4,0,0.0,0,0.0,37,3.2
"26109","3","10","71","0","2017","4","",32,2127,2165,2166,17474619,5163,51,624,"",4.14,2.98,3.02,3.02,3.01,0.07,0.07,1.00,"",0,0.0,-32,-1.5,-5,-0.2,37,1.7,-149195,-0.8,4387,565.3,44,628.6,-6,-1.0
"26109","5","10","71","0","2017","4","",402,4981,4960,5000,48820829,3737910,131396,754,"",0.91,0.81,0.81,0.81,0.85,1.03,1.01,1.04,"",-9,-2.2,148,3.1,164,3.4,197,4.1,3310016,7.3,694153,22.8,24044,22.4,26,3.6
"26111","0","10","70","0","2017","4","",3155,36846,37076,36712,863004301,25248673,772638,1800,"",1.00,1.00,1.00,1.00,1.00,1.00,1.00,1.00,"",298,10.4,-95,-0.3,-68,-0.2,-145,-0.4,358338389,71.0,841665,3.4,-63855,-7.6,750,71.4
"26111","1","10","71","0","2017","4","",8,155,157,165,2253394,0,0,1090,"",0.42,0.22,0.22,0.23,0.09,0.00,0.00,0.42,"",-1,-11.1,13,9.2,12,8.3,17,11.5,130828,6.2,0,0.0,0,0.0,-36,-3.2
"26111","2","10","71","0","2017","4","",7,112,111,111,1803629,0,0,1246,"",0.32,0.09,0.09,0.09,0.06,0.00,0.00,0.68,"",0,0.0,-4,-3.4,-4,-3.5,-4,-3.5,-23570,-1.3,0,0.0,0,0.0,27,2.2
"26111","3","10","71","0","2017","4","",44,2642,2613,2649,29671969,133300,4665,866,"",0.82,0.72,0.71,0.73,0.40,0.27,1.15,0.55,"",-1,-2.2,-28,-1.0,-46,-1.7,-8,-0.3,562806,1.9,17265,14.9,296,6.8,25,3.0
"26111","5","10","71","0","2017","4","",3096,33937,34195,33787,829275309,25115373,767973,1878,"",1.01,1.08,1.09,1.08,1.13,1.03,1.00,1.04,"",300,10.7,-76,-0.2,-30,-0.1,-150,-0.4,357668325,75.8,824400,3.4,-64151,-7.7,813,76.3
"26113","0","10","70","0","2017","4","",345,3378,3361,3275,30628380,3104232,136900,706,"",1.00,1.00,1.00,1.00,1.00,1.00,1.00,1.00,"",2,0.6,38,1.1,-25,-0.7,69,2.2,2150361,7.6,434020,16.3,26990,24.6,44,6.6
"26113","1","10","71","0","2017","4","",4,25,26,26,298316,0,0,894,"",1.93,0.38,0.40,0.41,0.35,0.00,0.00,0.89,"",0,0.0,-1,-3.8,0,0.0,0,0.0,12534,4.4,0,0.0,0,0.0,48,5.7
"26113","2","10","71","0","2017","4","N",2,0,0,0,0,0,0,0,"N",0.83,0,0,0,0,0,0,0,"N",0,0.0,0,0,0,0,0,0,0,0,0,0,0,0,0,0
"26113","3","10","71","0","2017","4","N",16,0,0,0,0,0,0,0,"N",2.73,0,0,0,0,0,0,0,"N",-1,-5.9,0,0,0,0,0,0,0,0,0,0,0,0,0,0
"26113","5","10","71","0","2017","4","",323,2938,2929,2840,26256983,3070597,136382,696,"",0.97,1.02,1.03,1.02,1.00,1.02,1.00,0.98,"",3,0.9,61,2.1,1,0.0,101,3.7,2152254,8.9,478844,18.5,28182,26.0,45,6.9
"26115","0","10","70","0","2017","4","",2167,41067,40892,40697,496201419,31255231,854777,934,"",1.00,1.00,1.00,1.00,1.00,1.00,1.00,1.00,"",24,1.1,-354,-0.9,-432,-1.0,-238,-0.6,7427992,1.5,-1521692,-4.6,-246918,-22.4,22,2.4
"26115","1","10","71","0","2017","4","",22,236,230,241,3591907,0,0,1172,"",1.69,0.30,0.29,0.31,0.26,0.00,0.00,0.88,"",0,0.0,16,7.3,6,2.7,-7,-2.8,1763,0.0,0,0.0,0,0.0,-25,-2.1
"26115","2","10","71","0","2017","4","",12,235,231,231,3915069,0,0,1296,"",0.79,0.18,0.18,0.18,0.24,0.00,0.00,1.36,"",0,0.0,-10,-4.1,-12,-4.9,-10,-4.1,-25642,-0.7,0,0.0,0,0.0,49,3.9
"26115","3","10","71","0","2017","4","",56,4777,4791,4805,50551064,35531,243,812,"",1.52,1.17,1.18,1.19,1.18,0.06,0.05,1.00,"",0,0.0,-1,0.0,-11,-0.2,38,0.8,386729,0.8,10524,42.1,49,25.3,5,0.6
"26115","5","10","71","0","2017","4","",2077,35819,35640,35420,438143379,31219700,854534,946,"",0.99,1.03,1.03,1.02,1.03,1.03,1.01,1.01,"",24,1.2,-359,-1.0,-415,-1.2,-259,-0.7,7065142,1.6,-1532216,-4.7,-246967,-22.4,24,2.6
"26117","0","10","70","0","2017","4","",989,16308,16225,16123,170731002,11978595,367040,810,"",1.00,1.00,1.00,1.00,1.00,1.00,1.00,1.00,"",-2,-0.2,78,0.5,186,1.2,257,1.6,1502671,0.9,-14094,-0.1,-44420,-10.8,-1,-0.1
"26117","1","10","71","0","2017","4","",20,133,130,129,1606110,0,0,946,"",3.37,0.42,0.42,0.42,0.34,0.00,0.00,0.82,"",0,0.0,15,12.7,5,4.0,1,0.8,85021,5.6,0,0.0,0,0.0,0,0.0
"26117","2","10","71","0","2017","4","N",7,0,0,0,0,0,0,0,"N",1.01,0,0,0,0,0,0,0,"N",0,0.0,0,0,0,0,0,0,0,0,0,0,0,0,0,0
"26117","3","10","71","0","2017","4","N",65,0,0,0,0,0,0,0,"N",3.87,0,0,0,0,0,0,0,"N",0,0.0,0,0,0,0,0,0,0,0,0,0,0,0,0,0
"26117","5","10","71","0","2017","4","",897,13311,13230,13159,136558082,11944304,366927,794,"",0.94,0.96,0.96,0.96,0.94,1.03,1.01,0.97,"",-2,-0.2,48,0.4,164,1.3,268,2.1,1716401,1.3,-4386,0.0,-44215,-10.8,1,0.1
"26119","0","10","70","0","2017","4","",201,1968,1900,1893,16687371,1036833,32099,668,"",1.00,1.00,1.00,1.00,1.00,1.00,1.00,1.00,"",-8,-3.8,-41,-2.0,-54,-2.8,-57,-2.9,378089,2.3,-52200,-4.8,-5716,-15.1,31,4.9
"26119","1","10","71","0","2017","4","",4,17,18,18,238015,0,0,1036,"",3.32,0.45,0.50,0.49,0.52,0.00,0.00,1.08,"",0,0.0,0,0.0,0,0.0,1,5.9,6040,2.6,0,0.0,0,0.0,7,0.7
"26119","2","10","71","0","2017","4","",7,73,67,67,983626,0,0,1097,"",4.97,1.16,1.10,1.11,1.81,0.00,0.00,1.61,"",0,0.0,1,1.4,-1,-1.5,1,1.5,-12054,-1.2,0,0.0,0,0.0,-18,-1.6
"26119","3","10","71","0","2017","4","",16,323,308,326,2098554,10603,483,506,"",4.68,1.66,1.63,1.74,1.46,0.52,2.86,0.87,"",0,0.0,18,5.9,14,4.8,22,7.2,-27065,-1.3,-6720,-38.8,-671,-58.1,-37,-6.8
"26119","5","10","71","0","2017","4","",174,1555,1507,1482,13367176,1026230,31616,679,"",0.89,0.93,0.93,0.92,0.94,1.02,0.99,1.01,"",-8,-4.4,-60,-3.7,-67,-4.3,-81,-5.2,411168,3.2,-45480,-4.2,-5045,-13.8,50,7.9
"26121","0","10","70","0","2017","4","",2824,62741,62858,62658,694460886,45698582,1354763,851,"",1.00,1.00,1.00,1.00,1.00,1.00,1.00,1.00,"",-16,-0.6,80,0.1,246,0.4,447,0.7,7241882,1.1,-663112,-1.4,-159445,-10.5,5,0.6
"26121","1","10","71","0","2017","4","",19,350,355,361,5778439,0,0,1251,"",1.12,0.29,0.30,0.30,0.30,0.00,0.00,1.03,"",0,0.0,5,1.4,9,2.6,12,3.4,291737,5.3,0,0.0,0,0.0,34,2.8
"26121","2","10","71","0","2017","4","",16,980,969,961,14800429,0,0,1174,"",0.81,0.49,0.48,0.48,0.65,0.00,0.00,1.35,"",0,0.0,-33,-3.3,-34,-3.4,-33,-3.3,119479,0.8,0,0.0,0,0.0,48,4.3
"26121","3","10","71","0","2017","4","",109,5885,6016,5884,63831266,4815,470,828,"",2.27,0.95,0.96,0.95,1.07,0.01,0.07,1.12,"",1,0.9,48,0.8,-57,-0.9,211,3.7,2129622,3.5,-845,-14.9,318,209.2,18,2.2
"26121","5","10","71","0","2017","4","",2680,55526,55518,55452,610050752,45693767,1354293,846,"",0.98,1.04,1.04,1.04,1.03,1.03,1.01,0.99,"",-17,-0.6,60,0.1,328,0.6,257,0.5,4701044,0.8,-662267,-1.4,-159763,-10.6,4,0.5
"26123","0","10","70","0","2017","4","",765,12009,11798,11679,124699003,7701370,256143,811,"",1.00,1.00,1.00,1.00,1.00,1.00,1.00,1.00,"",-23,-2.9,-324,-2.6,-434,-3.5,-358,-3.0,4303544,3.6,156989,2.1,-18267,-6.7,52,6.9
"26123","1","10","71","0","2017","4","",8,74,70,75,916064,0,0,965,"",1.74,0.32,0.31,0.33,0.27,0.00,0.00,0.83,"",0,0.0,5,7.2,-2,-2.8,2,2.7,32704,3.7,0,0.0,0,0.0,12,1.3
"26123","2","10","71","0","2017","4","",4,87,87,87,1225412,0,0,1083,"",0.75,0.23,0.23,0.23,0.30,0.00,0.00,1.31,"N",0,0.0,0,0,0,0,0,0,0,0,0,0,0,0,0,0
"26123","3","10","71","0","2017","4","",51,1918,1925,1893,18595416,20546,1131,748,"",3.92,1.61,1.64,1.64,1.73,0.13,0.84,1.06,"N",-1,-1.9,0,0,0,0,0,0,0,0,0,0,0,0,0,0
"26123","5","10","71","0","2017","4","",702,9930,9716,9624,103962111,7680824,255012,820,"",0.95,0.97,0.97,0.97,0.98,1.03,1.00,1.01,"",-22,-3.0,-303,-3.0,-408,-4.0,-338,-3.4,4470418,4.5,169740,2.3,-16504,-6.1,63,8.3
"26125","0","10","70","0","2017","4","",39774,732606,736469,735240,11970273270,634690856,20409303,1253,"",1.00,1.00,1.00,1.00,1.00,1.00,1.00,1.00,"",526,1.3,3405,0.5,2978,0.4,3273,0.4,534651854,4.7,4974387,0.8,-1598932,-7.3,51,4.2
"26125","1","10","71","0","2017","4","",71,4742,4713,4859,89057160,0,0,1436,"",0.30,0.34,0.33,0.34,0.27,0.00,0.00,0.80,"",0,0.0,73,1.6,25,0.5,-89,-1.8,-802234,-0.9,0,0.0,0,0.0,-14,-1.0
"26125","2","10","71","0","2017","4","",43,4125,4109,4098,58113683,0,0,1087,"",0.15,0.18,0.17,0.17,0.15,0.00,0.00,0.85,"",0,0.0,13,0.3,10,0.2,69,1.7,1025058,1.8,0,0.0,0,0.0,11,1.0
"26125","3","10","71","0","2017","4","",334,37409,37952,37198,497947479,470354,6851,1021,"",0.49,0.52,0.52,0.51,0.48,0.04,0.06,0.94,"",-3,-0.9,184,0.5,-343,-0.9,130,0.4,10940207,2.2,136819,41.0,2245,48.7,23,2.3
"26125","5","10","71","0","2017","4","",39326,686330,689695,689085,11325154948,634220502,20402452,1266,"",1.02,1.10,1.10,1.10,1.11,1.03,1.01,1.00,"",529,1.4,3135,0.5,3286,0.5,3163,0.5,523488823,4.8,4837568,0.8,-1601177,-7.3,53,4.4
"26127","0","10","70","0","2017","4","",542,7168,6507,6256,61740594,5940029,262569,715,"",1.00,1.00,1.00,1.00,1.00,1.00,1.00,1.00,"",-3,-0.6,-212,-2.9,-118,-1.8,82,1.3,-888949,-1.4,-819388,-12.1,-87688,-25.0,-1,-0.1
"26127","1","10","71","0","2017","4","",11,170,165,164,2544885,0,0,1177,"",3.38,1.23,1.32,1.36,1.50,0.00,0.00,1.15,"",0,0.0,25,17.2,20,13.8,6,3.8,102398,4.2,0,0.0,0,0.0,-81,-6.4
"26127","2","10","71","0","2017","4","",8,100,96,96,1823544,0,0,1441,"",2.11,0.43,0.46,0.48,0.90,0.00,0.00,1.98,"",0,0.0,-1,-1.0,-2,-2.0,-1,-1.0,-5177,-0.3,0,0.0,0,0.0,15,1.1
"26127","3","10","71","0","2017","4","",31,996,979,973,9544161,31481,453,747,"",3.37,1.40,1.52,1.57,1.80,0.27,0.33,1.20,"",0,0.0,-17,-1.7,-30,-3.0,-37,-3.7,207877,2.2,-10844,-25.6,-351,-43.7,36,5.1
"26127","5","10","71","0","2017","4","",492,5902,5267,5023,47828004,5908548,262116,682,"",0.94,0.97,0.95,0.94,0.91,1.03,1.00,0.95,"",-3,-0.6,-219,-3.6,-106,-2.0,114,2.3,-1194047,-2.4,-808544,-12.0,-87337,-25.0,-8,-1.2
"26129","0","10","70","0","2017","4","",516,5879,5752,5734,56263084,4602151,137123,748,"",1.00,1.00,1.00,1.00,1.00,1.00,1.00,1.00,"",9,1.8,51,0.9,-67,-1.2,61,1.1,7391908,15.1,91966,2.0,865,0.6,97,14.9
"26129","1","10","71","0","2017","4","",8,58,58,59,728763,0,0,961,"",2.58,0.51,0.53,0.53,0.47,0.00,0.00,0.90,"",0,0.0,0,0.0,-1,-1.7,-1,-1.7,49478,7.3,0,0.0,0,0.0,75,8.5
"26129","2","10","71","0","2017","4","",9,101,98,98,1733776,0,0,1347,"",2.49,0.54,0.53,0.54,0.94,0.00,0.00,1.77,"",0,0.0,-2,-1.9,-3,-3.0,-2,-2.0,-9334,-0.5,0,0.0,0,0.0,24,1.8
"26129","3","10","71","0","2017","4","",22,580,573,595,4740218,86920,1716,626,"",2.51,1.00,1.00,1.05,0.98,0.95,2.38,0.96,"",0,0.0,-13,-2.2,-30,-5.0,10,1.7,100727,2.2,-26250,-23.2,-1330,-43.7,25,4.2
"26129","5","10","71","0","2017","4","",477,5140,5023,4982,49060327,4515231,135407,748,"",0.95,1.03,1.03,1.02,1.02,1.01,0.99,0.99,"",9,1.9,66,1.3,-33,-0.7,54,1.1,7251037,17.3,118216,2.7,2195,1.6,107,16.7
"26131","0","10","70","0","2017","4","",165,1231,1190,1194,9561650,717598,19587,610,"",1.00,1.00,1.00,1.00,1.00,1.00,1.00,1.00,"",-8,-4.6,-32,-2.5,-12,-1.0,-14,-1.2,-80827,-0.8,99888,16.2,999,5.4,4,0.7
"26131","1","10","71","0","2017","4","",10,30,30,29,343992,0,0,892,"",10.10,1.27,1.32,1.26,1.31,0.00,0.00,1.02,"",0,0.0,-2,-6.2,0,0.0,-2,-6.5,21954,6.8,0,0.0,0,0.0,93,11.6
"26131","2","10","71","0","2017","4","",5,30,26,25,369631,0,0,1053,"",4.32,0.76,0.68,0.66,1.18,0.00,0.00,1.69,"",0,0.0,1,3.4,0,0.0,0,0.0,-2410,-0.6,0,0.0,0,0.0,-20,-1.9
"26131","3","10","71","0","2017","4","",15,292,288,287,2733535,30617,304,728,"",5.35,2.39,2.44,2.43,3.32,2.16,2.95,1.38,"",-2,-11.8,-1,-0.3,-1,-0.3,-25,-8.0,75317,2.8,-483,-1.6,-220,-42.0,42,6.1
"26131","5","10","71","0","2017","4","",135,879,846,853,6114492,686981,19283,547,"",0.84,0.84,0.84,0.84,0.75,0.99,0.99,0.89,"",-6,-4.3,-30,-3.3,-11,-1.3,13,1.5,-175688,-2.8,100371,17.1,1219,6.7,-10,-1.8
"26133","0","10","70","0","2017","4","",452,6570,6547,6612,75948826,4828473,210924,888,"",1.00,1.00,1.00,1.00,1.00,1.00,1.00,1.00,"",22,5.1,-42,-0.6,-129,-1.9,132,2.0,2721368,3.7,848940,21.3,67282,46.8,33,3.9
"26133","1","10","71","0","2017","4","",8,58,57,56,683546,0,0,922,"",2.95,0.46,0.45,0.44,0.33,0.00,0.00,0.73,"",0,0.0,2,3.6,2,3.6,-2,-3.4,1563,0.2,0,0.0,0,0.0,-9,-1.0
"26133","2","10","71","0","2017","4","",5,32,31,32,351456,0,0,854,"",1.58,0.15,0.15,0.15,0.14,0.00,0.00,0.94,"",0,0.0,1,3.2,1,3.3,1,3.2,-4719,-1.3,0,0.0,0,0.0,-39,-4.4
"26133","3","10","71","0","2017","4","",39,803,787,774,7469664,20921,655,729,"",5.08,1.23,1.21,1.18,1.14,0.22,0.59,0.95,"",0,0.0,20,2.6,-23,-2.8,12,1.6,211354,2.9,5409,34.9,341,108.6,18,2.5
"26133","5","10","71","0","2017","4","",400,5677,5672,5750,67444160,4807552,210269,910,"",0.91,1.02,1.02,1.02,1.04,1.03,1.00,1.02,"",22,5.8,-65,-1.1,-109,-1.9,121,2.1,2513170,3.9,843531,21.3,66941,46.7,36,4.1
"26135","0","10","70","0","2017","4","",191,1562,1440,1382,12370106,1094284,39242,651,"",1.00,1.00,1.00,1.00,1.00,1.00,1.00,1.00,"",4,2.1,-97,-5.8,-131,-8.3,-147,-9.6,-623606,-4.8,-162368,-12.9,-9151,-18.9,21,3.3
"26135","1","10","71","0","2017","4","",6,53,48,44,589995,0,0,939,"",5.24,1.76,1.74,1.65,1.74,0.00,0.00,1.01,"",0,0.0,5,10.4,1,2.1,-1,-2.2,2877,0.5,0,0.0,0,0.0,-29,-3.0
"26135","2","10","71","0","2017","4","",4,28,26,26,407737,0,0,1176,"",2.99,0.56,0.56,0.59,1.01,0.00,0.00,1.77,"",0,0.0,-2,-6.7,-2,-7.1,-1,-3.7,-4859,-1.2,0,0.0,0,0.0,56,5.0
"26135","3","10","71","0","2017","4","",9,248,235,217,2051177,5769,28,676,"",2.77,1.60,1.64,1.59,1.93,0.27,0.14,1.20,"",0,0.0,2,0.8,-5,-2.1,-10,-4.4,-10211,-0.5,2776,92.7,-8,-22.2,9,1.3
"26135","5","10","71","0","2017","4","",172,1233,1131,1095,9321197,1088515,39214,622,"",0.93,0.93,0.92,0.93,0.88,1.03,1.01,0.95,"",4,2.4,-102,-7.6,-125,-10.0,-135,-11.0,-611413,-6.2,-165144,-13.2,-9143,-18.9,22,3.7
"26137","0","10","70","0","2017","4","",709,10312,10053,10053,102576518,7678197,215753,778,"",1.00,1.00,1.00,1.00,1.00,1.00,1.00,1.00,"",-3,-0.4,-41,-0.4,-53,-0.5,48,0.5,3057095,3.1,48685,0.6,-5531,-2.5,24,3.2
"26137","1","10","71","0","2017","4","",8,143,138,144,2356658,0,0,1280,"",1.88,0.72,0.72,0.74,0.84,0.00,0.00,1.15,"",0,0.0,10,7.5,7,5.3,4,2.9,153805,7.0,0,0.0,0,0.0,22,1.7
"26137","2","10","71","0","2017","4","",17,262,246,245,5060105,0,0,1551,"",3.42,0.79,0.76,0.76,1.51,0.00,0.00,1.95,"",0,0.0,8,3.1,6,2.5,7,2.9,-3771,-0.1,0,0.0,0,0.0,-45,-2.8
"26137","3","10","71","0","2017","4","",16,717,712,707,8242233,46326,1011,890,"",1.33,0.70,0.71,0.71,0.93,0.30,0.89,1.32,"",0,0.0,18,2.6,14,2.0,4,0.6,348439,4.4,-2299,-4.7,346,52.0,23,2.7
"26137","5","10","71","0","2017","4","",668,9190,8957,8957,86917522,7631871,214742,740,"",0.97,1.05,1.05,1.05,0.99,1.03,1.00,0.95,"",-3,-0.4,-77,-0.8,-80,-0.9,33,0.4,2558622,3.0,50984,0.7,-5877,-2.7,25,3.5
"26139","0","10","70","0","2017","4","",5685,125422,124381,124185,1584632949,89311804,2478416,978,"",1.00,1.00,1.00,1.00,1.00,1.00,1.00,1.00,"",56,1.0,2082,1.7,1593,1.3,1465,1.2,64519519,4.2,-2095920,-2.3,-360106,-12.7,27,2.8
"26139","1","10","71","0","2017","4","",25,423,411,416,6673959,0,0,1232,"",0.73,0.18,0.17,0.17,0.15,0.00,0.00,0.88,"",0,0.0,21,5.2,12,3.0,4,1.0,90386,1.4,0,0.0,0,0.0,-21,-1.7
"26139","2","10","71","0","2017","4","N",11,0,0,0,0,0,0,0,"N",0.28,0,0,0,0,0,0,0,"N",0,0.0,0,0,0,0,0,0,0,0,0,0,0,0,0,0
"26139","3","10","71","0","2017","4","N",79,0,0,0,0,0,0,0,"N",0.82,0,0,0,0,0,0,0,"N",0,0.0,0,0,0,0,0,0,0,0,0,0,0,0,0,0
"26139","5","10","71","0","2017","4","",5570,110296,109370,109164,1384452651,89226475,2477327,972,"",1.01,1.04,1.04,1.03,1.02,1.03,1.01,0.99,"",56,1.0,1694,1.6,1449,1.3,1222,1.1,49676050,3.7,-2112893,-2.3,-359650,-12.7,23,2.4
"26141","0","10","70","0","2017","4","",335,2912,2831,2746,28185303,1943005,73362,766,"",1.00,1.00,1.00,1.00,1.00,1.00,1.00,1.00,"",-11,-3.2,-63,-2.1,-86,-2.9,-123,-4.3,309985,1.1,117934,6.5,-2715,-3.6,32,4.4
"26141","1","10","71","0","2017","4","",9,54,53,53,672796,0,0,970,"",4.48,0.96,0.98,1.00,0.87,0.00,0.00,0.89,"",-1,-10.0,-1,-1.8,-3,-5.4,-2,-3.6,27319,4.2,0,0.0,0,0.0,73,8.1
"26141","2","10","71","0","2017","4","",6,24,21,21,393369,0,0,1375,"",2.56,0.26,0.23,0.24,0.43,0.00,0.00,1.76,"",0,0.0,-1,-4.0,-1,-4.5,-1,-4.5,-3111,-0.8,0,0.0,0,0.0,49,3.7
"26141","3","10","71","0","2017","4","",22,514,508,488,4197546,84471,2546,641,"",3.86,1.78,1.81,1.80,1.73,2.20,6.59,0.96,"",0,0.0,22,4.5,31,6.5,6,1.2,39108,0.9,53631,173.9,1667,189.6,-20,-3.0
"26141","5","10","71","0","2017","4","",298,2320,2249,2184,22921592,1858534,70816,783,"",0.92,0.94,0.94,0.94,0.95,0.99,0.97,1.02,"",-10,-3.2,-83,-3.5,-113,-4.8,-126,-5.5,246669,1.1,64303,3.6,-4382,-5.8,43,5.8
"26143","0","10","70","0","2017","4","",512,5546,5294,5163,45233919,4146141,164491,652,"",1.00,1.00,1.00,1.00,1.00,1.00,1.00,1.00,"",-11,-2.1,-72,-1.3,-202,-3.7,-162,-3.0,2009018,4.6,112714,2.8,37434,29.5,45,7.4
"26143","1","10","71","0","2017","4","",6,31,27,29,369946,0,0,981,"",1.95,0.29,0.27,0.29,0.30,0.00,0.00,1.05,"",0,0.0,0,0.0,-1,-3.6,1,3.6,8422,2.3,0,0.0,0,0.0,22,2.3
"26143","2","10","71","0","2017","4","",11,196,170,165,2612083,0,0,1135,"",3.07,1.10,1.00,1.00,1.77,0.00,0.00,1.71,"",0,0.0,6,3.2,2,1.2,3,1.9,-4423,-0.2,0,0.0,0,0.0,-26,-2.2
"26143","3","10","71","0","2017","4","",29,1054,1037,1009,8526766,46663,1085,635,"",3.33,1.92,1.97,1.97,2.19,0.57,1.25,1.12,"",0,0.0,3,0.3,-47,-4.3,-39,-3.7,-578775,-6.4,-1610,-3.3,-121,-10.0,-25,-3.8
"26143","5","10","71","0","2017","4","",466,4265,4060,3960,33725124,4099478,163406,634,"",0.94,0.91,0.90,0.90,0.87,1.02,1.00,0.97,"",-11,-2.3,-81,-1.9,-156,-3.7,-127,-3.1,2583794,8.3,114324,2.9,37555,29.8,66,11.6
"26145","0","10","70","0","2017","4","",3909,83994,84590,84551,984154336,59203451,1753041,897,"",1.00,1.00,1.00,1.00,1.00,1.00,1.00,1.00,"",-21,-0.5,-1043,-1.2,-1269,-1.5,-1075,-1.3,22285342,2.3,-219946,-0.4,-137642,-7.3,32,3.7
"26145","1","10","71","0","2017","4","",29,1433,1434,1447,26810869,0,0,1434,"",1.24,0.89,0.89,0.89,0.99,0.00,0.00,1.12,"",0,0.0,-2,-0.1,-18,-1.2,-24,-1.6,232894,0.9,0,0.0,0,0.0,27,1.9
"26145","2","10","71","0","2017","4","",27,2261,2224,2160,31397506,0,0,1090,"",0.99,0.84,0.82,0.80,0.98,0.00,0.00,1.19,"",0,0.0,-57,-2.5,-97,-4.2,-43,-2.0,-283573,-0.9,0,0.0,0,0.0,21,2.0
"26145","3","10","71","0","2017","4","",113,6623,6611,6662,69705229,46773,1150,808,"",1.70,0.80,0.79,0.80,0.82,0.04,0.12,1.04,"",0,0.0,49,0.7,16,0.2,15,0.2,1238528,1.8,12919,38.2,290,33.7,11,1.4
"26145","5","10","71","0","2017","4","",3740,73677,74321,74282,856240732,59156678,1751891,889,"",0.99,1.03,1.03,1.03,1.02,1.03,1.01,0.99,"",-21,-0.6,-1033,-1.4,-1170,-1.5,-1023,-1.4,21097493,2.5,-232865,-0.4,-137932,-7.3,34,4.0
"26147","0","10","70","0","2017","4","",2807,44647,44624,44577,507177524,29188880,891974,874,"",1.00,1.00,1.00,1.00,1.00,1.00,1.00,1.00,"",-18,-0.6,-398,-0.9,-114,-0.3,-92,-0.2,14498158,2.9,-2456763,-7.8,-171031,-16.1,28,3.3
"26147","1","10","71","0","2017","4","",30,714,710,714,15721036,0,0,1697,"",1.78,0.83,0.83,0.83,1.13,0.00,0.00,1.36,"",0,0.0,1,0.1,-2,-0.3,-14,-1.9,480107,3.2,0,0.0,0,0.0,63,3.9
"26147","2","10","71","0","2017","4","",12,339,335,336,5106905,0,0,1167,"",0.61,0.24,0.23,0.24,0.31,0.00,0.00,1.31,"",0,0.0,-14,-4.0,-12,-3.5,-14,-4.0,-80787,-1.6,0,0.0,0,0.0,27,2.4
"26147","3","10","71","0","2017","4","",98,5247,5203,5171,57359227,24216,600,847,"",2.05,1.19,1.17,1.17,1.32,0.04,0.13,1.12,"",0,0.0,16,0.3,-46,-0.9,26,0.5,-71806,-0.1,-2385,-9.0,-31,-4.9,-1,-0.1
"26147","5","10","71","0","2017","4","",2667,38347,38376,38356,428990356,29164664,891374,860,"",0.98,1.01,1.01,1.01,0.99,1.03,1.01,0.98,"",-18,-0.7,-401,-1.0,-54,-0.1,-90,-0.2,14170644,3.4,-2454378,-7.8,-171000,-16.1,32,3.9
"26149","0","10","70","0","2017","4","",4955,24530,24400,24319,239608742,20551871,576805,755,"",1.00,1.00,1.00,1.00,1.00,1.00,1.00,1.00,"",672,15.7,220,0.9,385,1.6,396,1.7,3110795,1.3,1662691,8.8,12637,2.2,0,0.0
"26149","1","10","71","0","2017","4","",15,109,107,106,1536091,0,0,1101,"",0.50,0.23,0.23,0.23,0.23,0.00,0.00,1.02,"",0,0.0,3,2.8,0,0.0,-5,-4.5,31945,2.1,0,0.0,0,0.0,30,2.8
"26149","2","10","71","0","2017","4","",5,103,103,103,1427667,0,0,1066,"",0.14,0.13,0.13,0.13,0.18,0.00,0.00,1.38,"",0,0.0,-5,-4.6,-4,-3.7,-4,-3.7,-16847,-1.2,0,0.0,0,0.0,31,3.0
"26149","3","10","71","0","2017","4","",54,2422,2401,2378,24128089,12820,114,773,"",0.64,1.00,0.99,0.99,1.17,0.03,0.04,1.18,"",-1,-1.8,-24,-1.0,-54,-2.2,-30,-1.2,709675,3.0,10582,472.8,88,338.5,34,4.6
"26149","5","10","71","0","2017","4","",4881,21896,21789,21732,212516895,20539051,576691,750,"",1.02,1.05,1.05,1.05,1.04,1.03,1.01,0.99,"",673,16.0,246,1.1,443,2.1,435,2.0,2386022,1.1,1652109,8.7,12549,2.2,-4,-0.5
"26151","0","10","70","0","2017","4","",839,11147,11131,10996,106262455,8144609,301454,737,"",1.00,1.00,1.00,1.00,1.00,1.00,1.00,1.00,"",-3,-0.4,-2,0.0,-41,-0.4,9,0.1,3635812,3.5,-252630,-3.0,-30804,-9.3,26,3.7
"26151","1","10","71","0","2017","4","",18,99,96,101,1214744,0,0,947,"",3.58,0.46,0.45,0.48,0.42,0.00,0.00,0.90,"",0,0.0,-5,-4.8,-4,-4.0,-3,-2.9,30187,2.5,0,0.0,0,0.0,59,6.6
"26151","2","10","71","0","2017","4","",3,59,58,58,876070,0,0,1155,"",0.51,0.16,0.16,0.17,0.25,0.00,0.00,1.54,"",0,0.0,-2,-3.3,-2,-3.3,-2,-3.3,-14859,-1.7,0,0.0,0,0.0,19,1.7
"26151","3","10","71","0","2017","4","",48,1585,1576,1592,15801280,55840,972,767,"",3.37,1.44,1.43,1.46,1.73,0.35,0.61,1.20,"",-1,-2.0,58,3.8,45,2.9,61,4.0,114010,0.7,-15392,-21.6,-1552,-61.5,-22,-2.8
"26151","5","10","71","0","2017","4","",770,9404,9401,9245,88370361,8088769,300482,727,"",0.95,0.99,0.99,0.99,0.97,1.03,1.00,0.98,"",-2,-0.3,-53,-0.6,-80,-0.8,-47,-0.5,3506474,4.1,-237238,-2.8,-29252,-8.9,33,4.8
"26153","0","10","70","0","2017","4","",237,2733,2691,2664,28710419,1456575,49263,819,"",1.00,1.00,1.00,1.00,1.00,1.00,1.00,1.00,"",8,3.5,62,2.3,35,1.3,48,1.8,2096657,7.9,121766,9.1,1544,3.2,46,6.0
"26153","1","10","71","0","2017","4","",7,37,37,40,418690,0,0,848,"",4.92,0.70,0.72,0.78,0.53,0.00,0.00,0.72,"",0,0.0,-4,-9.8,-1,-2.6,4,11.1,-9288,-2.2,0,0.0,0,0.0,-11,-1.3
"26153","2","10","71","0","2017","4","",5,32,25,23,441837,0,0,1275,"",3.01,0.36,0.29,0.27,0.47,0.00,0.00,1.53,"",0,0.0,2,6.7,1,4.2,1,4.5,834,0.2,0,0.0,0,0.0,-64,-4.8
"26153","3","10","71","0","2017","4","",14,923,935,917,9403186,0,0,782,"",3.48,3.41,3.50,3.48,3.81,0.00,0.00,1.10,"",1,7.7,56,6.5,51,5.8,29,3.3,708101,8.1,0,0.0,0,0.0,22,2.9
"26153","5","10","71","0","2017","4","",211,1741,1694,1684,18446706,1456575,49263,832,"",0.92,0.75,0.74,0.74,0.75,1.03,1.01,1.01,"",7,3.4,8,0.5,-16,-0.9,14,0.8,1397010,8.2,121766,9.1,1544,3.2,62,8.1
"26155","0","10","70","0","2017","4","",1089,16290,16231,16040,161429580,9884506,281453,767,"",1.00,1.00,1.00,1.00,1.00,1.00,1.00,1.00,"",-2,-0.2,-353,-2.1,-169,-1.0,-114,-0.7,4920535,3.1,-344743,-3.4,-37454,-11.7,33,4.5
"26155","1","10","71","0","2017","4","",16,133,135,134,1898781,0,0,1090,"",2.45,0.42,0.43,0.43,0.43,0.00,0.00,0.99,"",0,0.0,6,4.7,14,11.6,1,0.8,5305,0.3,0,0.0,0,0.0,-57,-5.0
"26155","2","10","71","0","2017","4","",6,107,105,105,1598690,0,0,1164,"",0.79,0.20,0.20,0.21,0.30,0.00,0.00,1.49,"",0,0.0,-5,-4.5,-5,-4.5,-4,-3.7,-20765,-1.3,0,0.0,0,0.0,35,3.1
"26155","3","10","71","0","2017","4","",54,2865,2909,2916,26105667,75134,760,693,"",2.92,1.77,1.80,1.84,1.88,0.38,0.51,1.04,"",0,0.0,-38,-1.3,-20,-0.7,-36,-1.2,300650,1.2,-16735,-18.2,-562,-42.5,15,2.2
"26155","5","10","71","0","2017","4","",1013,13185,13082,12885,131826442,9809372,280693,777,"",0.96,0.95,0.95,0.95,0.96,1.03,1.00,1.01,"",-2,-0.2,-316,-2.3,-158,-1.2,-75,-0.6,4635345,3.6,-328008,-3.2,-36892,-11.6,38,5.1
"26157","0","10","70","0","2017","4","",824,11476,11301,11191,120082550,7019218,230939,816,"",1.00,1.00,1.00,1.00,1.00,1.00,1.00,1.00,"",-1,-0.1,30,0.3,-40,-0.4,-31,-0.3,3470883,3.0,-359130,-4.9,-28726,-11.1,25,3.2
"26157","1","10","71","0","2017","4","",19,129,133,130,1549065,0,0,912,"",3.84,0.58,0.61,0.60,0.47,0.00,0.00,0.78,"",0,0.0,8,6.6,10,8.1,0,0.0,31490,2.1,0,0.0,0,0.0,-24,-2.6
"26157","2","10","71","0","2017","4","",9,479,485,483,7941216,0,0,1266,"",1.56,1.30,1.34,1.35,2.03,0.00,0.00,1.52,"",0,0.0,-6,-1.2,2,0.4,-5,-1.0,-66488,-0.8,0,0.0,0,0.0,-3,-0.2
"26157","3","10","71","0","2017","4","",63,2219,2205,2184,21400132,9116,26,747,"",4.50,1.95,1.96,1.97,2.07,0.07,0.02,1.06,"",0,0.0,16,0.7,4,0.2,-38,-1.7,170495,0.8,-15372,-62.8,-173,-86.9,8,1.1
"26157","5","10","71","0","2017","4","",733,8649,8478,8394,89192137,7010102,230913,807,"",0.92,0.89,0.88,0.88,0.87,1.03,1.01,0.98,"",-1,-0.1,12,0.1,-56,-0.7,12,0.1,3335386,3.9,-343758,-4.7,-28553,-11.0,32,4.1
"26159","0","10","70","0","2017","4","",1337,21746,20880,20314,231833649,17218819,472544,850,"",1.00,1.00,1.00,1.00,1.00,1.00,1.00,1.00,"",6,0.5,-448,-2.0,-571,-2.7,-319,-1.5,-2316739,-1.0,-623132,-3.5,-330446,-41.2,9,1.1
"26159","1","10","71","0","2017","4","",19,151,143,149,1899117,0,0,989,"",2.37,0.36,0.36,0.38,0.30,0.00,0.00,0.81,"",0,0.0,9,6.3,4,2.9,3,2.1,-499,0.0,0,0.0,0,0.0,-38,-3.7
"26159","2","10","71","0","2017","4","",11,301,295,293,4380131,0,0,1137,"",1.17,0.43,0.44,0.45,0.58,0.00,0.00,1.31,"",0,0.0,-3,-1.0,-1,-0.3,-3,-1.0,-22090,-0.5,0,0.0,0,0.0,3,0.3
"26159","3","10","71","0","2017","4","",76,4030,4004,4015,46831709,40747,1065,897,"",3.34,1.87,1.93,2.00,2.35,0.12,0.43,1.22,"",1,1.3,-124,-3.0,-191,-4.6,-134,-3.2,159979,0.3,16754,69.8,496,87.2,35,4.1
"26159","5","10","71","0","2017","4","",1231,17264,16438,15857,178722692,17178072,471479,832,"",0.95,0.93,0.93,0.92,0.90,1.03,1.00,0.97,"",5,0.4,-330,-1.9,-383,-2.3,-185,-1.2,-2454129,-1.4,-639886,-3.6,-330942,-41.2,3,0.4
"26161","0","10","70","0","2017","4","",8311,215701,216836,215842,3186240866,116670347,3198009,1134,"",1.00,1.00,1.00,1.00,1.00,1.00,1.00,1.00,"",230,2.8,4705,2.2,4596,2.2,4187,2.0,161788504,5.3,3621318,3.2,50417,1.6,35,3.2
"26161","1","10","71","0","2017","4","",36,4006,3984,3995,85993993,0,0,1656,"",0.72,0.96,0.96,0.96,0.98,0.00,0.00,1.02,"",0,0.0,-23,-0.6,-44,-1.1,-103,-2.5,30181,0.0,0,0.0,0,0.0,24,1.5
"26161","2","10","71","0","2017","4","",19,67207,67799,67332,1013705424,0,0,1156,"",0.33,9.71,9.76,9.78,9.75,0.00,0.00,1.00,"",0,0.0,2101,3.2,2267,3.5,1886,2.9,62034102,6.5,0,0.0,0,0.0,36,3.2
"26161","3","10","71","0","2017","4","",130,12035,12044,11752,151203716,14763,184,974,"",0.92,0.56,0.56,0.55,0.55,0.01,0.01,0.99,"",-2,-1.5,247,2.1,345,2.9,195,1.7,6559461,4.5,9221,166.4,45,32.4,21,2.2
"26161","5","10","71","0","2017","4","",8126,132453,133009,132763,1935337733,116655584,3197825,1122,"",1.01,0.72,0.72,0.72,0.71,1.03,1.01,0.98,"",232,2.9,2380,1.8,2028,1.5,2209,1.7,93164760,5.1,3612097,3.2,50372,1.6,36,3.3
"26163","0","10","70","0","2017","4","",31126,722927,728351,725591,11429910816,499963160,15657106,1212,"",1.00,1.00,1.00,1.00,1.00,1.00,1.00,1.00,"",659,2.2,5145,0.7,4610,0.6,2781,0.4,285873443,2.6,3937570,0.8,-1549665,-9.0,24,2.0
"26163","1","10","71","0","2017","4","",132,13516,13545,13941,289233239,0,0,1628,"",0.71,0.97,0.97,1.00,0.92,0.00,0.00,0.94,"",-2,-1.5,-29,-0.2,-45,-0.3,-108,-0.8,4638918,1.6,0,0.0,0,0.0,33,2.1
"26163","2","10","71","0","2017","4","",91,14668,14677,14670,236335055,0,0,1239,"",0.42,0.63,0.63,0.63,0.63,0.00,0.00,1.00,"",0,0.0,-196,-1.3,-197,-1.3,-230,-1.5,1583398,0.7,0,0.0,0,0.0,25,2.1
"26163","3","10","71","0","2017","4","",397,53994,53989,53517,776764305,205067,5535,1110,"",0.75,0.75,0.75,0.75,0.79,0.02,0.07,1.06,"",0,0.0,1772,3.4,1222,2.3,851,1.6,24413972,3.2,-76307,-27.1,-1970,-26.2,9,0.8
"26163","5","10","71","0","2017","4","",30506,640749,646140,643463,10127578217,499758093,15651571,1211,"",1.01,1.04,1.04,1.04,1.04,1.03,1.01,0.99,"",661,2.2,3598,0.6,3630,0.6,2268,0.4,255237155,2.6,4013877,0.8,-1547695,-9.0,25,2.1
"26165","0","10","70","0","2017","4","",790,13473,13315,13470,139665063,9816276,325460,801,"",1.00,1.00,1.00,1.00,1.00,1.00,1.00,1.00,"",12,1.5,198,1.5,151,1.1,120,0.9,9428268,7.2,574448,6.2,22535,7.4,46,6.1
"26165","1","10","71","0","2017","4","",10,123,120,119,1918305,0,0,1223,"",2.11,0.47,0.47,0.46,0.50,0.00,0.00,1.07,"",-1,-9.1,-1,-0.8,-11,-8.4,-8,-6.3,8297,0.4,0,0.0,0,0.0,69,6.0
"26165","2","10","71","0","2017","4","",13,312,295,294,4908837,0,0,1257,"",2.35,0.72,0.69,0.68,1.08,0.00,0.00,1.54,"",0,0.0,6,2.0,6,2.1,6,2.1,83649,1.7,0,0.0,0,0.0,-4,-0.3
"26165","3","10","71","0","2017","4","",40,1680,1716,1712,17708469,107094,1765,800,"",2.98,1.26,1.30,1.28,1.47,0.55,1.03,1.15,"",0,0.0,57,3.5,85,5.2,69,4.2,352418,2.0,-21460,-16.7,-861,-32.8,-18,-2.2
"26165","5","10","71","0","2017","4","",727,11358,11184,11345,115129452,9709182,323695,784,"",0.95,0.99,0.99,0.99,0.97,1.02,1.00,0.97,"",13,1.8,136,1.2,71,0.6,53,0.5,8983904,8.5,595908,6.5,23396,7.8,56,7.7
"26999","0","10","70","0","2017","4","",30126,128253,128647,127745,2215635548,178791640,6024023,1329,"",1.00,1.00,1.00,1.00,1.00,1.00,1.00,1.00,"",2516,9.1,15208,13.5,14373,12.6,14870,13.2,269060484,13.8,10842857,6.5,-201257,-3.2,9,0.7
"26999","1","10","71","0","2017","4","",55,1218,1208,1198,25847987,0,0,1646,"",0.30,0.49,0.49,0.49,0.42,0.00,0.00,0.87,"",3,5.8,218,21.8,194,19.1,189,18.7,5902302,29.6,0,0.0,0,0.0,123,8.1
"26999","2","10","71","0","2017","4","N",7,0,0,0,0,0,0,0,"N",0.03,0,0,0,0,0,0,0,"N",-1,-12.5,0,0,0,0,0,0,0,0,0,0,0,0,0,0
"26999","3","10","71","0","2017","4","N",57,0,0,0,0,0,0,0,"N",0.11,0,0,0,0,0,0,0,"N",14,32.6,0,0,0,0,0,0,0,0,0,0,0,0,0,0
"26999","5","10","71","0","2017","4","",30007,126527,126924,126043,2181641236,178652545,6020634,1327,"",1.03,1.16,1.16,1.16,1.15,1.03,1.01,0.99,"",2500,9.1,14913,13.4,14111,12.5,14606,13.1,262647583,13.7,10776561,6.4,-202767,-3.3,8,0.6
"27000","0","10","50","0","2017","4","",171335,2893254,2886127,2876130,41273060797,7200569349,90606987,1100,"",1.00,1.00,1.00,1.00,1.00,1.00,1.00,1.00,"",7808,4.8,31778,1.1,33674,1.2,36391,1.3,1852204501,4.7,309242663,4.5,-2707826,-2.9,36,3.4
"27000","1","10","51","0","2017","4","",1369,32293,32109,32244,599391206,0,0,1431,"",1.33,0.58,0.58,0.58,0.53,0.00,0.00,0.91,"",-4,-0.3,261,0.8,-5,0.0,-219,-0.7,19319160,3.3,0,0.0,0,0.0,45,3.2
"27000","2","10","51","0","2017","4","",1472,83774,83422,81739,1120112751,421754,4153,1038,"",1.23,0.90,0.90,0.89,0.83,0.00,0.03,0.93,"",46,3.2,3282,4.1,3466,4.3,3563,4.6,-11274067,-1.0,-2285,-0.5,756,22.3,-56,-5.1
"27000","3","10","51","0","2017","4","",4019,280729,283140,283466,3386649778,17957794,211470,922,"",1.38,0.98,0.99,1.00,0.95,0.13,0.44,0.97,"",39,1.0,3485,1.3,3852,1.4,4033,1.4,115304128,3.5,-1796545,-9.1,-73376,-25.8,19,2.1
"27000","5","10","51","0","2017","4","",164475,2496458,2487456,2478681,36166907062,7182189801,90391364,1118,"",0.99,1.02,1.01,1.01,1.03,1.03,1.00,1.01,"",7727,4.9,24750,1.0,26361,1.1,29014,1.2,1728855280,5.0,311041493,4.5,-2635206,-2.8,41,3.8
"27000","8","10","96","0","2017","4","",6860,396796,398671,397449,5106153735,18379548,215623,988,"",1.33,0.91,0.92,0.92,0.85,0.08,0.36,0.92,"",81,1.2,7028,1.8,7313,1.9,7377,1.9,123349221,2.5,-1798830,-8.9,-72620,-25.2,6,0.6
"27001","0","10","70","0","2017","4","",440,4153,4069,3989,36787633,9960880,132916,695,"",1.00,1.00,1.00,1.00,1.00,1.00,1.00,1.00,"",8,1.9,135,3.4,103,2.6,77,2.0,1816439,5.2,582771,6.2,-9386,-6.6,17,2.5
"27001","1","10","71","0","2017","4","",10,44,43,40,495911,0,0,901,"",3.79,0.55,0.55,0.52,0.49,0.00,0.00,0.91,"",-1,-9.1,0,0.0,-4,-8.5,-2,-4.8,14373,3.0,0,0.0,0,0.0,65,7.8
"27001","2","10","71","0","2017","4","",6,47,39,39,554439,0,0,1024,"",1.95,0.35,0.30,0.31,0.46,0.00,0.00,1.44,"",0,0.0,0,0.0,-6,-13.3,-3,-7.1,-41274,-6.9,0,0.0,0,0.0,-2,-0.2
"27001","3","10","71","0","2017","4","",38,837,849,833,7744686,11396,160,710,"",5.08,2.03,2.10,2.11,2.45,0.06,0.23,1.18,"",0,0.0,15,1.8,32,3.9,24,3.0,361907,4.9,10241,886.7,141,742.1,14,2.0
"27001","5","10","71","0","2017","4","",386,3225,3138,3077,27992597,9949484,132756,684,"",0.90,0.91,0.91,0.91,0.89,1.03,1.01,0.98,"",9,2.4,120,3.9,81,2.6,58,1.9,1481433,5.6,572530,6.1,-9527,-6.7,18,2.7
"27003","0","10","70","0","2017","4","",7281,124231,124328,123676,1665939063,320785476,4001315,1033,"",1.00,1.00,1.00,1.00,1.00,1.00,1.00,1.00,"",377,5.5,2257,1.9,1239,1.0,1424,1.2,92765561,5.9,15573612,5.1,-96473,-2.4,45,4.6
"27003","1","10","71","0","2017","4","",17,451,439,444,7851061,0,0,1358,"",0.39,0.19,0.18,0.19,0.17,0.00,0.00,0.92,"",2,13.3,-3,-0.7,-3,-0.7,-7,-1.6,238447,3.1,0,0.0,0,0.0,54,4.1
"27003","2","10","71","0","2017","4","",34,2004,1992,1987,27019424,0,0,1042,"",0.67,0.50,0.50,0.50,0.50,0.00,0.00,0.99,"",2,6.2,-11,-0.5,-18,-0.9,-11,-0.6,554266,2.1,0,0.0,0,0.0,28,2.8
"27003","3","10","71","0","2017","4","",132,13942,13943,13477,180774800,136398,1611,1009,"",1.07,1.13,1.13,1.10,1.26,0.02,0.08,1.13,"",1,0.8,463,3.4,494,3.7,236,1.8,8990209,5.2,35736,35.5,66,4.3,22,2.2
"27003","5","10","71","0","2017","4","",7098,107834,107954,107768,1450293778,320649078,3999704,1034,"",1.01,1.02,1.02,1.03,1.02,1.03,1.01,1.00,"",372,5.5,1808,1.7,766,0.7,1206,1.1,82982639,6.1,15537876,5.1,-96539,-2.4,47,4.8
"27005","0","10","70","0","2017","4","",1017,14524,14374,14396,153115884,40502132,527768,816,"",1.00,1.00,1.00,1.00,1.00,1.00,1.00,1.00,"",28,2.8,224,1.6,174,1.2,330,2.3,10613127,7.4,2886248,7.7,-173,0.0,43,5.6
"27005","1","10","71","0","2017","4","",17,233,227,228,3581324,0,0,1201,"",2.79,0.83,0.83,0.82,0.85,0.00,0.00,1.03,"",0,0.0,14,6.4,7,3.2,0,0.0,303834,9.3,0,0.0,0,0.0,67,5.9
"27005","2","10","71","0","2017","4","",15,354,353,349,5213750,0,0,1139,"",2.10,0.76,0.77,0.76,1.04,0.00,0.00,1.37,"",1,7.1,-8,-2.2,-6,-1.7,-14,-3.9,142859,2.8,0,0.0,0,0.0,59,5.5
"27005","3","10","71","0","2017","4","",39,2689,2784,2854,29715931,5020720,54753,824,"",2.26,1.87,1.95,2.00,2.26,6.26,19.71,1.16,"",-1,-2.5,124,4.8,152,5.8,155,5.7,2649290,9.8,739793,17.3,6170,12.7,33,4.2
"27005","5","10","71","0","2017","4","",946,11248,11010,10965,114604879,35481412,473015,796,"",0.96,0.91,0.90,0.90,0.88,0.91,0.90,0.97,"",28,3.1,94,0.8,21,0.2,189,1.8,7517144,7.0,2146455,6.4,-6343,-1.3,45,6.0
"27007","0","10","70","0","2017","4","",1210,19624,19541,19513,205261648,43062914,631276,807,"",1.00,1.00,1.00,1.00,1.00,1.00,1.00,1.00,"",30,2.5,-90,-0.5,-72,-0.4,49,0.3,8097955,4.1,1408125,3.4,-24923,-3.8,33,4.3
"27007","1","10","71","0","2017","4","",25,383,381,380,6468034,0,0,1305,"",3.44,1.01,1.02,1.01,1.15,0.00,0.00,1.13,"",0,0.0,-24,-5.9,-16,-4.0,-21,-5.2,-185431,-2.8,0,0.0,0,0.0,31,2.4
"27007","2","10","71","0","2017","4","",36,1277,1266,1275,17639075,0,0,1066,"",4.25,2.03,2.02,2.05,2.63,0.00,0.00,1.30,"",-2,-5.3,26,2.1,23,1.9,44,3.6,644401,3.8,0,0.0,0,0.0,13,1.2
"27007","3","10","71","0","2017","4","",67,3559,3584,3526,38981431,589607,15087,843,"",3.26,1.83,1.85,1.83,2.21,0.69,4.54,1.20,"",0,0.0,-98,-2.7,20,0.6,35,1.0,1053119,2.8,-117614,-16.6,-11576,-43.4,26,3.2
"27007","5","10","71","0","2017","4","",1082,14405,14310,14332,142173108,42473307,616189,762,"",0.92,0.86,0.86,0.86,0.81,1.02,0.98,0.94,"",32,3.0,6,0.0,-99,-0.7,-9,-0.1,6585866,4.9,1525739,3.7,-13347,-2.1,37,5.1
"27009","0","10","70","0","2017","4","",953,17644,17509,17260,186274236,51099518,614506,820,"",1.00,1.00,1.00,1.00,1.00,1.00,1.00,1.00,"",32,3.5,146,0.8,-19,-0.1,-52,-0.3,7369492,4.1,3147721,6.6,-114456,-15.7,31,3.9
"27009","1","10","71","0","2017","4","",6,54,55,57,776977,0,0,1080,"",1.05,0.16,0.16,0.17,0.15,0.00,0.00,0.92,"",-1,-14.3,-4,-6.9,2,3.8,-2,-3.4,22075,2.9,0,0.0,0,0.0,55,5.4
"27009","2","10","71","0","2017","4","",5,58,56,52,685878,0,0,953,"",0.75,0.10,0.10,0.09,0.11,0.00,0.00,1.14,"",0,0.0,-3,-4.9,0,0.0,-1,-1.9,-82234,-10.7,0,0.0,0,0.0,-90,-8.6
"27009","3","10","71","0","2017","4","",25,1734,1755,1780,19506806,1160,104,854,"",1.54,0.99,1.01,1.04,1.22,0.00,0.03,1.20,"",0,0.0,39,2.3,36,2.1,41,2.4,1032312,5.6,-1030,-47.0,-93,-47.2,27,3.3
"27009","5","10","71","0","2017","4","",917,15798,15643,15371,165304575,51098358,614402,815,"",0.99,1.05,1.05,1.05,1.04,1.03,1.01,0.99,"",33,3.7,114,0.7,-57,-0.4,-90,-0.6,6397339,4.0,3148751,6.6,-114363,-15.7,32,4.1
"27011","0","10","70","0","2017","4","",205,1795,1747,1685,19284581,2759298,39666,851,"",1.00,1.00,1.00,1.00,1.00,1.00,1.00,1.00,"",-5,-2.4,-51,-2.8,-50,-2.8,-81,-4.6,-1270955,-6.2,-165424,-5.7,-10064,-20.2,-26,-3.0
"27011","1","10","71","0","2017","4","",8,33,30,30,348253,0,0,864,"",6.51,0.96,0.90,0.92,0.66,0.00,0.00,0.71,"",-1,-11.1,2,6.5,-2,-6.2,-5,-14.3,-23560,-6.3,0,0.0,0,0.0,-12,-1.4
"27011","2","10","71","0","2017","4","N",3,0,0,0,0,0,0,0,"N",2.09,0,0,0,0,0,0,0,"N",0,0.0,0,0,0,0,0,0,0,0,0,0,0,0,0,0
"27011","3","10","71","0","2017","4","N",16,0,0,0,0,0,0,0,"N",4.59,0,0,0,0,0,0,0,"N",0,0.0,0,0,0,0,0,0,0,0,0,0,0,0,0,0
"27011","5","10","71","0","2017","4","",178,1163,1120,1060,13195695,2754566,39661,911,"",0.90,0.76,0.75,0.74,0.80,1.03,1.01,1.06,"",-4,-2.2,-26,-2.2,-39,-3.4,-68,-6.0,-1202767,-8.4,-166922,-5.7,-10066,-20.2,-45,-4.7
"27013","0","10","70","0","2017","4","",2033,41284,41131,40760,446020133,97265323,987474,836,"",1.00,1.00,1.00,1.00,1.00,1.00,1.00,1.00,"",93,4.8,1235,3.1,1097,2.7,1029,2.6,26359602,6.3,7989552,8.9,10709,1.1,28,3.5
"27013","1","10","71","0","2017","4","",20,257,260,262,4171701,0,0,1236,"",1.64,0.32,0.33,0.33,0.34,0.00,0.00,1.03,"",0,0.0,6,2.4,3,1.2,-1,-0.4,109924,2.7,0,0.0,0,0.0,20,1.6
"27013","2","10","71","0","2017","4","",28,1880,1879,1876,26371744,0,0,1080,"",1.97,1.42,1.43,1.44,1.81,0.00,0.00,1.27,"",0,0.0,-20,-1.1,-12,-0.6,-5,-0.3,-1068857,-3.9,0,0.0,0,0.0,-36,-3.2
"27013","3","10","71","0","2017","4","",52,3144,3105,3154,34422029,0,0,845,"",1.50,0.77,0.76,0.78,0.90,0.00,0.00,1.17,"",0,0.0,22,0.7,27,0.9,-19,-0.6,1406225,4.3,0,0.0,0,0.0,32,3.9
"27013","5","10","71","0","2017","4","",1933,36003,35887,35468,381054659,97265323,987474,819,"",0.98,1.03,1.03,1.02,1.00,1.03,1.01,0.97,"",93,5.1,1227,3.5,1079,3.1,1054,3.1,25912310,7.3,7989552,8.9,10709,1.1,31,3.9
"27015","0","10","70","0","2017","4","",822,13976,13870,13820,155414229,34058415,432752,861,"",1.00,1.00,1.00,1.00,1.00,1.00,1.00,1.00,"",23,2.9,-148,-1.0,-237,-1.7,-38,-0.3,7958555,5.4,2871081,9.2,65822,17.9,53,6.6
"27015","1","10","71","0","2017","4","",8,77,74,74,967227,0,0,992,"",1.62,0.29,0.28,0.28,0.23,0.00,0.00,0.81,"",-1,-11.1,6,8.5,2,2.8,1,1.4,21809,2.3,0,0.0,0,0.0,-18,-1.8
"27015","2","10","71","0","2017","4","",10,123,117,117,1854320,0,0,1199,"",1.74,0.27,0.26,0.27,0.37,0.00,0.00,1.37,"",0,0.0,-6,-4.7,-4,-3.3,-10,-7.9,-136536,-6.9,0,0.0,0,0.0,-20,-1.6
"27015","3","10","71","0","2017","4","",32,1570,1578,1582,16075593,0,0,784,"",2.29,1.13,1.15,1.16,1.20,0.00,0.00,1.05,"",-1,-3.0,43,2.8,-84,-5.1,42,2.7,751606,4.9,0,0.0,0,0.0,36,4.8
"27015","5","10","71","0","2017","4","",772,12206,12101,12047,136517089,34058415,432752,867,"",0.97,1.03,1.03,1.03,1.03,1.03,1.01,1.00,"",25,3.3,-191,-1.5,-151,-1.2,-71,-0.6,7321676,5.7,2871081,9.2,65822,17.9,56,6.9
"27017","0","10","70","0","2017","4","",730,13844,13592,13379,148180485,23696903,416482,838,"",1.00,1.00,1.00,1.00,1.00,1.00,1.00,1.00,"",12,1.7,66,0.5,-98,-0.7,-238,-1.7,3296408,2.3,-304110,-1.3,-14796,-3.4,24,2.9
"27017","1","10","71","0","2017","4","",9,64,68,66,854202,0,0,996,"",2.06,0.24,0.26,0.26,0.21,0.00,0.00,0.83,"",-1,-10.0,1,1.6,1,1.5,-1,-1.5,33790,4.1,0,0.0,0,0.0,35,3.6
"27017","2","10","71","0","2017","4","",20,1176,1151,1157,14480707,0,0,959,"",3.91,2.65,2.64,2.71,2.99,0.00,0.00,1.12,"",3,17.6,-27,-2.2,-35,-3.0,-21,-1.8,-161651,-1.1,0,0.0,0,0.0,12,1.3
"27017","3","10","71","0","2017","4","",55,4022,4087,4053,38517375,0,0,731,"",4.43,2.93,3.03,3.06,3.02,0.00,0.00,1.01,"",0,0.0,51,1.3,13,0.3,48,1.2,1875156,5.1,0,0.0,0,0.0,29,4.1
"27017","5","10","71","0","2017","4","",646,8582,8286,8103,94328201,23696903,416482,872,"",0.91,0.73,0.72,0.71,0.75,1.03,1.01,1.03,"",10,1.6,41,0.5,-77,-0.9,-264,-3.2,1549113,1.7,-304110,-1.3,-14796,-3.4,25,3.0
"27019","0","10","70","0","2017","4","",2459,39909,40086,40009,600171242,99676010,1161127,1154,"",1.00,1.00,1.00,1.00,1.00,1.00,1.00,1.00,"",168,7.3,2053,5.4,2379,6.3,2403,6.4,88400293,17.3,14996338,17.7,170308,17.2,110,10.5
"27019","1","10","71","0","2017","4","",18,216,206,204,3758354,0,0,1385,"",1.22,0.28,0.27,0.26,0.23,0.00,0.00,0.84,"",1,5.9,7,3.3,-1,-0.5,-8,-3.8,106336,2.9,0,0.0,0,0.0,43,3.2
"27019","2","10","71","0","2017","4","N",8,0,0,0,0,0,0,0,"N",0.46,0,0,0,0,0,0,0,"N",0,0.0,0,0,0,0,0,0,0,0,0,0,0,0,0,0
"27019","3","10","71","0","2017","4","N",65,0,0,0,0,0,0,0,"N",1.56,0,0,0,0,0,0,0,"N",1,1.6,0,0,0,0,0,0,0,0,0,0,0,0,0,0
"27019","5","10","71","0","2017","4","",2368,34721,34891,34956,536118962,99670612,1161122,1183,"",0.99,1.02,1.02,1.03,1.05,1.03,1.01,1.02,"",166,7.5,1934,5.9,2248,6.9,2330,7.1,83924315,18.6,14993482,17.7,170306,17.2,119,11.2
"27021","0","10","70","0","2017","4","",872,10566,10067,9855,82477624,22922384,485345,624,"",1.00,1.00,1.00,1.00,1.00,1.00,1.00,1.00,"",43,5.2,341,3.3,358,3.7,381,4.0,3736770,4.7,941918,4.3,7403,1.5,6,1.0
"27021","1","10","71","0","2017","4","",15,247,240,240,3949403,0,0,1254,"",2.87,1.21,1.25,1.26,1.74,0.00,0.00,1.41,"",0,0.0,1,0.4,-3,-1.2,-7,-2.8,191274,5.1,0,0.0,0,0.0,76,6.5
"27021","2","10","71","0","2017","4","",16,103,101,97,1133468,0,0,869,"",2.62,0.30,0.31,0.31,0.42,0.00,0.00,1.37,"",0,0.0,7,7.3,5,5.2,3,3.2,4284,0.4,0,0.0,0,0.0,-42,-4.6
"27021","3","10","71","0","2017","4","",58,3600,3682,3699,32292546,128449,2310,679,"",3.91,3.44,3.68,3.79,4.55,0.28,0.90,1.25,"",3,5.5,234,7.0,341,10.2,351,10.5,1034285,3.3,7833,6.5,941,68.7,-38,-5.3
"27021","5","10","71","0","2017","4","",783,6616,6044,5819,45102207,22793935,483035,563,"",0.93,0.74,0.71,0.69,0.64,1.03,1.00,0.90,"",40,5.4,99,1.5,15,0.2,34,0.6,2506927,5.9,934085,4.3,6462,1.4,27,5.0
"27023","0","10","70","0","2017","4","",438,5736,5776,5772,61484477,16942169,231883,821,"",1.00,1.00,1.00,1.00,1.00,1.00,1.00,1.00,"",13,3.1,-112,-1.9,-90,-1.5,-68,-1.2,2042754,3.4,486497,3.0,-20024,-7.9,40,5.1
"27023","1","10","71","0","2017","4","",10,66,65,63,974839,0,0,1160,"",3.81,0.60,0.59,0.57,0.58,0.00,0.00,0.99,"",0,0.0,2,3.1,-1,-1.5,-1,-1.6,65481,7.2,0,0.0,0,0.0,78,7.2
"27023","2","10","71","0","2017","4","",10,57,56,59,625110,0,0,839,"",3.26,0.31,0.30,0.32,0.31,0.00,0.00,1.00,"",0,0.0,-2,-3.4,3,5.7,6,11.3,26207,4.4,0,0.0,0,0.0,1,0.1
"27023","3","10","71","0","2017","4","",18,1122,1147,1191,12305678,0,0,821,"",2.42,1.97,2.00,2.08,2.33,0.00,0.00,1.15,"",0,0.0,22,2.0,26,2.3,48,4.2,633016,5.4,0,0.0,0,0.0,20,2.5
"27023","5","10","71","0","2017","4","",400,4491,4508,4459,47578850,16942169,231883,816,"",0.94,0.92,0.92,0.91,0.91,1.03,1.01,0.99,"",13,3.4,-134,-2.9,-118,-2.6,-121,-2.6,1318050,2.8,486497,3.0,-20024,-7.9,44,5.7
"27025","0","10","70","0","2017","4","",1150,15822,15323,15310,172015377,34627469,495663,855,"",1.00,1.00,1.00,1.00,1.00,1.00,1.00,1.00,"",64,5.9,50,0.3,-121,-0.8,63,0.4,7101508,4.3,1166611,3.5,-56283,-10.2,36,4.4
"27025","1","10","71","0","2017","4","",12,95,93,90,1321246,0,0,1097,"",1.74,0.31,0.32,0.31,0.28,0.00,0.00,0.90,"",-1,-7.7,-8,-7.8,-9,-8.8,-8,-8.2,-1958,-0.1,0,0.0,0,0.0,89,8.8
"27025","2","10","71","0","2017","4","",15,444,436,436,5522916,0,0,968,"",1.86,0.87,0.89,0.89,0.98,0.00,0.00,1.11,"",0,0.0,23,5.5,24,5.8,21,5.1,230437,4.4,0,0.0,0,0.0,-11,-1.1
"27025","3","10","71","0","2017","4","",47,2017,2024,2168,21076792,6355,141,783,"",2.40,1.29,1.33,1.43,1.42,0.01,0.05,1.06,"",-1,-2.1,-63,-3.0,-47,-2.3,-49,-2.2,-361761,-1.7,1635,34.6,47,50.0,6,0.8
"27025","5","10","71","0","2017","4","",1076,13266,12770,12616,144094423,34621114,495522,860,"",0.96,0.99,0.98,0.97,0.98,1.03,1.01,1.00,"",66,6.5,98,0.7,-89,-0.7,99,0.8,7234790,5.3,1164976,3.5,-56330,-10.2,41,5.0
"27027","0","10","70","0","2017","4","",1365,19635,19418,19080,198155710,45014942,710088,787,"",1.00,1.00,1.00,1.00,1.00,1.00,1.00,1.00,"",55,4.2,545,2.9,640,3.4,615,3.3,8923914,4.7,-75796,-0.2,-90430,-11.3,12,1.5
"27027","1","10","71","0","2017","4","",17,106,102,108,1552034,0,0,1133,"",2.08,0.28,0.27,0.29,0.28,0.00,0.00,1.01,"",0,0.0,0,0.0,-8,-7.3,-5,-4.4,66005,4.4,0,0.0,0,0.0,91,8.7
"27027","2","10","71","0","2017","4","",20,1046,1059,1051,13773564,0,0,1007,"",2.09,1.66,1.70,1.73,2.13,0.00,0.00,1.25,"",0,0.0,-5,-0.5,7,0.7,11,1.1,265131,2.0,0,0.0,0,0.0,15,1.5
"27027","3","10","71","0","2017","4","",53,3111,3138,3165,35314518,29863,30,866,"",2.28,1.60,1.63,1.68,2.07,0.03,0.01,1.27,"",2,3.9,144,4.9,152,5.1,166,5.5,2457465,7.5,-4590,-13.3,-4,-11.8,19,2.2
"27027","5","10","71","0","2017","4","",1275,15372,15119,14756,147515594,44985079,710058,752,"",0.96,0.92,0.92,0.91,0.87,1.03,1.01,0.95,"",53,4.3,406,2.7,489,3.3,443,3.1,6135313,4.3,-71206,-0.2,-90426,-11.3,9,1.2
"27029","0","10","70","0","2017","4","",223,2846,2747,2686,30594090,8145081,223177,853,"",1.00,1.00,1.00,1.00,1.00,1.00,1.00,1.00,"",7,3.2,-19,-0.7,49,1.8,-23,-0.8,505393,1.7,556802,7.3,7835,3.6,14,1.7
"27029","1","10","71","0","2017","4","",7,37,35,38,381671,0,0,801,"",5.23,0.68,0.67,0.73,0.45,0.00,0.00,0.66,"",0,0.0,-2,-5.1,0,0.0,-3,-7.3,-9557,-2.4,0,0.0,0,0.0,16,2.0
"27029","2","10","71","0","2017","4","",5,30,26,22,344841,0,0,1020,"",3.20,0.33,0.30,0.26,0.35,0.00,0.00,1.17,"",0,0.0,1,3.4,3,13.0,1,4.8,42024,13.9,0,0.0,0,0.0,63,6.6
"27029","3","10","71","0","2017","4","",16,487,486,540,4454597,0,0,679,"",4.22,1.73,1.78,2.03,1.69,0.00,0.00,0.92,"",0,0.0,-9,-1.8,-10,-2.0,-19,-3.4,143632,3.3,0,0.0,0,0.0,38,5.9
"27029","5","10","71","0","2017","4","",195,2292,2200,2086,25412981,8145081,223177,892,"",0.90,0.95,0.94,0.91,0.97,1.03,1.01,1.04,"",7,3.7,-9,-0.4,56,2.6,-2,-0.1,329294,1.3,556802,7.3,7835,3.6,6,0.7
"27031","0","10","70","0","2017","4","",307,2904,2693,2652,22064521,8711555,118737,617,"",1.00,1.00,1.00,1.00,1.00,1.00,1.00,1.00,"",18,6.2,35,1.2,14,0.5,-13,-0.5,341510,1.6,396697,4.8,-11759,-9.0,7,1.1
"27031","1","10","71","0","2017","4","",11,125,110,106,1903562,0,0,1288,"",5.97,2.24,2.13,2.07,3.14,0.00,0.00,1.46,"",0,0.0,-9,-6.7,-16,-12.7,-7,-6.2,-47111,-2.4,0,0.0,0,0.0,81,6.7
"27031","2","10","71","0","2017","4","",9,41,38,33,384714,0,0,793,"",4.18,0.44,0.44,0.39,0.53,0.00,0.00,1.26,"",0,0.0,5,13.9,9,31.0,5,17.9,46769,13.8,0,0.0,0,0.0,-46,-5.5
"27031","3","10","71","0","2017","4","",21,754,747,702,6663013,1417395,26649,698,"",4.02,2.62,2.79,2.67,3.51,8.22,42.65,1.30,"",2,10.5,-6,-0.8,-25,-3.2,-30,-4.1,213649,3.3,11768,0.8,-4000,-13.1,41,6.2
"27031","5","10","71","0","2017","4","",266,1984,1798,1811,13113232,7294160,92088,541,"",0.89,0.80,0.79,0.80,0.70,0.87,0.78,0.87,"",16,6.4,45,2.3,46,2.6,19,1.1,128203,1.0,384929,5.6,-7759,-7.8,-6,-1.1
"27033","0","10","70","0","2017","4","",393,4977,5132,5177,50489688,14011282,307121,762,"",1.00,1.00,1.00,1.00,1.00,1.00,1.00,1.00,"",9,2.3,827,19.9,552,12.1,538,11.6,7602431,17.7,3914253,38.8,79359,34.8,22,3.0
"27033","1","10","71","0","2017","4","",10,60,56,60,800918,0,0,1050,"",4.24,0.63,0.57,0.60,0.58,0.00,0.00,0.96,"",0,0.0,9,17.6,6,12.0,5,9.1,156918,24.4,0,0.0,0,0.0,97,10.2
"27033","2","10","71","0","2017","4","",7,86,83,81,1161705,0,0,1072,"",2.54,0.54,0.50,0.49,0.70,0.00,0.00,1.38,"",0,0.0,3,3.6,2,2.5,1,1.2,27735,2.4,0,0.0,0,0.0,0,0.0
"27033","3","10","71","0","2017","4","",26,840,916,870,8110691,14385,14,713,"",3.89,1.70,1.80,1.70,1.87,0.05,0.01,1.08,"",0,0.0,1,0.1,4,0.4,-6,-0.7,202960,2.6,-12650,-46.8,-13,-48.1,18,2.6
"27033","5","10","71","0","2017","4","",350,3991,4077,4166,40416374,13996897,307107,762,"",0.92,0.94,0.94,0.95,0.94,1.03,1.01,0.99,"",9,2.6,814,25.6,540,15.3,538,14.8,7214818,21.7,3926903,39.0,79372,34.9,21,2.8
"27035","0","10","70","0","2017","4","",2145,30192,29356,28992,301198107,81561613,1203988,785,"",1.00,1.00,1.00,1.00,1.00,1.00,1.00,1.00,"",77,3.7,723,2.5,608,2.1,718,2.5,14156809,4.9,-3679304,-4.3,-25302,-2.1,19,2.5
"27035","1","10","71","0","2017","4","",22,201,201,198,3254557,0,0,1252,"",1.71,0.35,0.36,0.35,0.39,0.00,0.00,1.12,"",0,0.0,-7,-3.4,-3,-1.5,-4,-2.0,43541,1.4,0,0.0,0,0.0,45,3.7
"27035","2","10","71","0","2017","4","",40,1003,974,979,13300978,0,0,1038,"",2.66,1.03,1.04,1.06,1.35,0.00,0.00,1.30,"",4,11.1,2,0.2,5,0.5,16,1.7,89189,0.7,0,0.0,0,0.0,-2,-0.2
"27035","3","10","71","0","2017","4","",56,2624,2726,2723,27298583,0,0,780,"",1.54,0.88,0.94,0.95,1.05,0.00,0.00,1.15,"",0,0.0,18,0.7,17,0.6,42,1.6,555701,2.1,0,0.0,0,0.0,8,1.0
"27035","5","10","71","0","2017","4","",2027,26364,25455,25092,257343989,81561613,1203988,772,"",0.97,1.03,1.02,1.02,1.00,1.03,1.01,0.98,"",73,3.7,710,2.8,589,2.4,664,2.7,13468378,5.5,-3679304,-4.3,-25302,-2.1,21,2.8
"27037","0","10","70","0","2017","4","",10076,189971,189529,189024,2573084107,497330524,6107596,1044,"",1.00,1.00,1.00,1.00,1.00,1.00,1.00,1.00,"",441,4.6,2,0.0,-94,0.0,160,0.1,82751874,3.3,15836154,3.3,-420073,-6.4,33,3.3
"27037","1","10","71","0","2017","4","",33,3335,3348,3370,68627902,0,0,1575,"",0.55,0.91,0.92,0.93,0.97,0.00,0.00,1.05,"",0,0.0,5,0.2,10,0.3,-13,-0.4,509494,0.7,0,0.0,0,0.0,11,0.7
"27037","2","10","71","0","2017","4","",36,1539,1527,1521,19175645,0,0,965,"",0.51,0.25,0.25,0.25,0.23,0.00,0.00,0.91,"",1,2.9,7,0.5,16,1.1,6,0.4,179372,0.9,0,0.0,0,0.0,3,0.3
"27037","3","10","71","0","2017","4","",145,18104,17969,18184,233133976,316877,11408,992,"",0.85,0.96,0.95,0.97,1.05,0.03,0.35,1.10,"",1,0.7,292,1.6,306,1.7,399,2.2,7571255,3.4,-13021,-3.9,-7891,-40.9,15,1.5
"27037","5","10","71","0","2017","4","",9862,166993,166685,165949,2252146584,497013647,6096188,1040,"",1.01,1.03,1.04,1.03,1.03,1.03,1.00,0.99,"",439,4.7,-302,-0.2,-426,-0.3,-232,-0.1,74491753,3.4,15849175,3.3,-412182,-6.3,36,3.6
"27039","0","10","70","0","2017","4","",454,5953,5992,6004,71806088,14964833,219836,923,"",1.00,1.00,1.00,1.00,1.00,1.00,1.00,1.00,"",21,4.8,64,1.1,86,1.5,176,3.0,5495556,8.3,633979,4.4,5932,2.8,55,6.3
"27039","1","10","71","0","2017","4","",8,41,42,40,535500,0,0,1005,"",2.94,0.36,0.37,0.35,0.27,0.00,0.00,0.76,"",0,0.0,2,5.1,2,5.0,-2,-4.8,-9310,-1.7,0,0.0,0,0.0,-34,-3.3
"27039","2","10","71","0","2017","4","",6,61,58,58,654067,0,0,853,"",1.89,0.32,0.30,0.30,0.28,0.00,0.00,0.91,"",0,0.0,6,10.9,1,1.8,0,0.0,37883,6.1,0,0.0,0,0.0,17,2.0
"27039","3","10","71","0","2017","4","",29,1144,1189,1179,11719880,0,0,770,"",3.76,1.94,2.00,1.98,1.90,0.00,0.00,0.96,"",0,0.0,3,0.3,13,1.1,2,0.2,6439,0.1,-659469,-100.0,-10485,-100.0,-4,-0.5
"27039","5","10","71","0","2017","4","",411,4707,4703,4727,58896641,14964833,219836,961,"",0.93,0.93,0.92,0.93,0.96,1.03,1.01,1.04,"",21,5.4,53,1.1,70,1.5,176,3.9,5460544,10.2,1293448,9.5,16417,8.1,70,7.9
"27041","0","10","70","0","2017","4","",1396,18797,18563,18427,205832280,44168918,506479,851,"",1.00,1.00,1.00,1.00,1.00,1.00,1.00,1.00,"",59,4.4,321,1.7,280,1.5,242,1.3,9921762,5.1,1333906,3.1,-49118,-8.8,28,3.4
"27041","1","10","71","0","2017","4","",18,140,140,136,2073976,0,0,1151,"",2.15,0.39,0.39,0.38,0.37,0.00,0.00,0.95,"",0,0.0,3,2.2,4,2.9,-5,-3.5,40776,2.0,0,0.0,0,0.0,18,1.6
"27041","2","10","71","0","2017","4","",16,460,439,433,5996996,0,0,1039,"",1.64,0.76,0.74,0.74,0.89,0.00,0.00,1.20,"",0,0.0,28,6.5,21,5.0,6,1.4,231650,4.0,0,0.0,0,0.0,-3,-0.3
"27041","3","10","71","0","2017","4","",48,2898,2928,2924,34374061,14441,15,907,"",2.02,1.56,1.59,1.60,1.94,0.02,0.01,1.23,"",1,2.1,64,2.3,75,2.6,88,3.1,1434217,4.4,-1339,-8.5,0,0.0,15,1.7
"27041","5","10","71","0","2017","4","",1314,15299,15056,14934,163387247,44154477,506464,833,"",0.97,0.96,0.95,0.95,0.93,1.03,1.01,0.97,"",58,4.6,226,1.5,180,1.2,153,1.0,8215119,5.3,1335245,3.1,-49118,-8.8,32,4.0
"27043","0","10","70","0","2017","4","",450,4682,4494,4505,43777041,11312427,197649,738,"",1.00,1.00,1.00,1.00,1.00,1.00,1.00,1.00,"",18,4.2,-101,-2.1,-73,-1.6,-110,-2.4,172685,0.4,826517,7.9,33047,20.1,17,2.4
"27043","1","10","71","0","2017","4","",12,53,51,51,581744,0,0,866,"",4.45,0.59,0.59,0.59,0.48,0.00,0.00,0.82,"",0,0.0,-5,-8.6,-9,-15.0,-8,-13.6,-8469,-1.4,0,0.0,0,0.0,96,12.5
"27043","2","10","71","0","2017","4","",6,32,31,33,414344,0,0,996,"",1.90,0.21,0.22,0.23,0.29,0.00,0.00,1.32,"",0,0.0,0,0.0,-1,-3.1,0,0.0,63809,18.2,0,0.0,0,0.0,162,19.4
"27043","3","10","71","0","2017","4","",26,796,842,870,6868881,0,0,632,"",3.40,1.72,1.89,1.95,1.82,0.00,0.00,0.99,"",0,0.0,-10,-1.2,-1,-0.1,-14,-1.6,132266,2.0,0,0.0,0,0.0,18,2.9
"27043","5","10","71","0","2017","4","",406,3801,3570,3551,35912072,11312427,197649,759,"",0.93,0.96,0.94,0.93,0.96,1.03,1.01,1.02,"",18,4.6,-86,-2.2,-62,-1.7,-88,-2.4,-14921,0.0,826517,7.9,33047,20.1,16,2.2
"27045","0","10","70","0","2017","4","",650,6044,6051,6043,51568450,13558460,192251,656,"",1.00,1.00,1.00,1.00,1.00,1.00,1.00,1.00,"",11,1.7,-214,-3.4,-220,-3.5,-112,-1.8,-1169584,-2.2,-1025863,-7.0,-37811,-16.4,5,0.8
"27045","1","10","71","0","2017","4","",14,66,69,70,744786,0,0,838,"",3.59,0.57,0.60,0.60,0.53,0.00,0.00,0.89,"",-1,-6.7,-13,-16.5,-9,-11.5,-13,-15.7,-137296,-15.6,0,0.0,0,0.0,-10,-1.2
"27045","2","10","71","0","2017","4","",12,76,68,65,860272,0,0,950,"",2.63,0.39,0.35,0.34,0.51,0.00,0.00,1.42,"",0,0.0,-7,-8.4,-6,-8.1,-1,-1.5,-39101,-4.3,0,0.0,0,0.0,19,2.0
"27045","3","10","71","0","2017","4","",41,1106,1191,1268,9681749,5786,6,627,"",3.71,1.85,1.98,2.12,2.18,0.02,0.01,1.10,"",0,0.0,13,1.2,-10,-0.8,37,3.0,454255,4.9,-444,-7.1,0,0.0,23,3.8
"27045","5","10","71","0","2017","4","",583,4796,4723,4640,40281643,13552674,192245,657,"",0.92,0.93,0.92,0.90,0.91,1.03,1.01,1.00,"",12,2.1,-207,-4.1,-195,-4.0,-135,-2.8,-1447442,-3.5,-1025419,-7.0,-37811,-16.4,2,0.3
"27047","0","10","70","0","2017","4","",808,12014,11899,11951,125565557,30049659,286965,808,"",1.00,1.00,1.00,1.00,1.00,1.00,1.00,1.00,"",34,4.4,-191,-1.6,-243,-2.0,-115,-1.0,2612390,2.1,689214,2.3,-36403,-11.3,29,3.7
"27047","1","10","71","0","2017","4","",15,73,73,77,1007413,0,0,1043,"",3.10,0.32,0.32,0.33,0.29,0.00,0.00,0.90,"",1,7.1,-1,-1.4,2,2.8,2,2.7,52555,5.5,0,0.0,0,0.0,41,4.1
"27047","2","10","71","0","2017","4","",11,85,79,81,1077079,0,0,1015,"",1.94,0.22,0.21,0.21,0.26,0.00,0.00,1.23,"",1,10.0,-3,-3.4,-6,-7.1,-3,-3.6,-58171,-5.1,0,0.0,0,0.0,-4,-0.4
"27047","3","10","71","0","2017","4","",30,1411,1413,1427,14563416,0,0,791,"",2.18,1.19,1.20,1.21,1.35,0.00,0.00,1.13,"",0,0.0,31,2.2,11,0.8,8,0.6,796715,5.8,0,0.0,0,0.0,35,4.6
"27047","5","10","71","0","2017","4","",752,10445,10334,10366,108917649,30049659,286965,807,"",0.96,1.02,1.02,1.02,1.02,1.03,1.01,0.99,"",32,4.4,-218,-2.0,-250,-2.4,-122,-1.2,1821291,1.7,689214,2.3,-36403,-11.3,28,3.6
"27049","0","10","70","0","2017","4","",1333,21608,21804,21850,258313772,51823873,635737,913,"",1.00,1.00,1.00,1.00,1.00,1.00,1.00,1.00,"",49,3.8,14,0.1,210,1.0,353,1.6,15251329,6.3,4760611,10.1,35802,6.0,46,5.3
"27049","1","10","71","0","2017","4","",16,121,120,116,1751640,0,0,1132,"",2.00,0.29,0.29,0.28,0.25,0.00,0.00,0.87,"",0,0.0,-5,-4.0,-4,-3.2,8,7.4,88318,5.3,0,0.0,0,0.0,60,5.6
"27049","2","10","71","0","2017","4","",12,302,304,304,3880413,0,0,984,"",1.28,0.44,0.44,0.44,0.46,0.00,0.00,1.06,"",1,9.1,-3,-1.0,4,1.3,9,3.1,63523,1.7,0,0.0,0,0.0,5,0.5
"27049","3","10","71","0","2017","4","",39,3811,3980,3833,43048959,0,0,855,"",1.72,1.78,1.84,1.77,1.94,0.00,0.00,1.08,"",0,0.0,64,1.7,68,1.7,137,3.7,2177233,5.3,-16468,-100.0,-16,-100.0,24,2.9
"27049","5","10","71","0","2017","4","",1266,17374,17400,17597,209632760,51823873,635737,924,"",0.98,0.95,0.94,0.95,0.95,1.03,1.01,1.01,"",48,3.9,-42,-0.2,142,0.8,199,1.1,12922255,6.6,4777079,10.2,35818,6.0,52,6.0
"27051","0","10","70","0","2017","4","",262,2058,2020,1951,20843235,4900293,116231,798,"",1.00,1.00,1.00,1.00,1.00,1.00,1.00,1.00,"",6,2.3,83,4.2,107,5.6,56,3.0,2500181,13.6,799232,19.5,37090,46.9,66,9.0
"27051","1","10","71","0","2017","4","",9,25,25,19,252674,0,0,845,"",5.73,0.63,0.65,0.51,0.44,0.00,0.00,0.74,"",0,0.0,1,4.2,2,8.7,-8,-29.6,-24471,-8.8,0,0.0,0,0.0,-19,-2.2
"27051","2","10","71","0","2017","4","",4,28,28,30,416459,7140,7,1118,"",2.18,0.42,0.43,0.48,0.61,0.11,0.05,1.37,"",0,0.0,2,7.7,2,7.7,4,15.4,57743,16.1,-9745,-57.7,-12,-63.2,57,5.4
"27051","3","10","71","0","2017","4","",21,353,364,400,3828392,0,0,791,"",4.72,1.73,1.81,2.07,2.14,0.00,0.00,1.14,"",0,0.0,31,9.6,26,7.7,24,6.4,611906,19.0,0,0.0,0,0.0,75,10.5
"27051","5","10","71","0","2017","4","",228,1652,1603,1502,16345710,4893153,116224,793,"",0.90,0.94,0.93,0.91,0.92,1.03,1.01,0.99,"",6,2.7,49,3.1,77,5.0,36,2.5,1855003,12.8,808977,19.8,37102,46.9,65,8.9
"27053","0","10","70","0","2017","4","",39489,923585,926813,924899,16072996893,2397331223,26451638,1336,"",1.00,1.00,1.00,1.00,1.00,1.00,1.00,1.00,"",2043,5.5,10423,1.1,10460,1.1,9805,1.1,689460453,4.5,88368960,3.8,-1384565,-5.0,43,3.3
"27053","1","10","71","0","2017","4","",135,13374,13341,13435,275012859,0,0,1581,"",0.57,0.75,0.75,0.75,0.62,0.00,0.00,0.83,"",4,3.1,219,1.7,85,0.6,67,0.5,9617880,3.6,0,0.0,0,0.0,41,2.7
"27053","2","10","71","0","2017","4","",94,24818,24932,23769,332336144,0,0,1043,"",0.34,0.84,0.84,0.81,0.63,0.00,0.00,0.77,"",6,6.8,2200,9.7,2129,9.3,2476,11.6,-11861466,-3.4,0,0.0,0,0.0,-148,-12.4
"27053","3","10","71","0","2017","4","",369,55415,55550,55490,792240656,287109,6262,1098,"",0.55,0.61,0.60,0.61,0.57,0.01,0.04,0.95,"",3,0.8,526,1.0,550,1.0,580,1.1,27554033,3.6,-123739,-30.1,-7125,-53.2,27,2.5
"27053","5","10","71","0","2017","4","",38891,829978,832990,832205,14673407234,2397044114,26445376,1357,"",1.02,1.06,1.06,1.06,1.07,1.03,1.01,1.01,"",2030,5.5,7478,0.9,7696,0.9,6682,0.8,664150006,4.7,88492699,3.8,-1377440,-5.0,50,3.8
"27055","0","10","70","0","2017","4","",441,5205,5180,5207,45650433,12103518,156629,676,"",1.00,1.00,1.00,1.00,1.00,1.00,1.00,1.00,"",9,2.1,-33,-0.6,-9,-0.2,17,0.3,1754454,4.0,658830,5.8,-10920,-6.5,27,4.2
"27055","1","10","71","0","2017","4","",10,68,68,66,944002,0,0,1078,"",3.78,0.68,0.69,0.66,0.75,0.00,0.00,1.12,"",0,0.0,1,1.5,0,0.0,0,0.0,54354,6.1,0,0.0,0,0.0,57,5.6
"27055","2","10","71","0","2017","4","",5,17,16,15,201744,0,0,970,"",1.62,0.10,0.10,0.09,0.14,0.00,0.00,1.41,"",0,0.0,-1,-5.6,0,0.0,0,0.0,-4820,-2.3,0,0.0,0,0.0,-3,-0.3
"27055","3","10","71","0","2017","4","",32,1129,1125,1171,9913598,30565,1978,668,"",4.27,2.19,2.19,2.27,2.53,0.13,2.40,1.14,"",1,3.2,4,0.4,-24,-2.1,-8,-0.7,255182,2.6,5454,21.7,491,33.0,23,3.6
"27055","5","10","71","0","2017","4","",394,3991,3971,3955,34591089,12072953,154651,670,"",0.92,0.90,0.90,0.89,0.89,1.03,0.99,0.99,"",8,2.1,-37,-0.9,15,0.4,25,0.6,1449738,4.4,653376,5.7,-11411,-6.9,28,4.4
"27057","0","10","70","0","2017","4","",612,6251,5877,5806,57144615,15870466,282648,735,"",1.00,1.00,1.00,1.00,1.00,1.00,1.00,1.00,"",25,4.3,263,4.4,146,2.5,76,1.3,3039427,5.6,1223316,8.4,12328,4.6,19,2.7
"27057","1","10","71","0","2017","4","",7,43,42,39,467030,0,0,869,"",1.91,0.36,0.37,0.35,0.30,0.00,0.00,0.83,"",0,0.0,4,10.3,0,0.0,-2,-4.9,23927,5.4,0,0.0,0,0.0,31,3.7
"27057","2","10","71","0","2017","4","",17,214,139,137,1718727,0,0,809,"",3.96,1.07,0.74,0.74,0.92,0.00,0.00,1.08,"",2,13.3,1,0.5,-1,-0.7,1,0.7,64128,3.9,0,0.0,0,0.0,28,3.6
"27057","3","10","71","0","2017","4","",16,968,956,985,9008174,0,0,715,"",1.54,1.56,1.64,1.71,1.83,0.00,0.00,1.12,"",0,0.0,68,7.6,27,2.9,52,5.6,614235,7.3,0,0.0,0,0.0,14,2.0
"27057","5","10","71","0","2017","4","",572,5026,4740,4645,45950684,15870466,282648,736,"",0.96,0.95,0.95,0.94,0.94,1.03,1.01,1.00,"",23,4.2,190,3.9,120,2.6,25,0.5,2337137,5.4,1223316,8.4,12328,4.6,21,2.9
"27059","0","10","70","0","2017","4","",803,10902,10963,11008,111556096,27531407,334204,783,"",1.00,1.00,1.00,1.00,1.00,1.00,1.00,1.00,"",39,5.1,-45,-0.4,-106,-1.0,-32,-0.3,5540987,5.2,2211590,8.7,32005,10.6,43,5.8
"27059","1","10","71","0","2017","4","",10,75,74,70,1022630,0,0,1078,"",2.08,0.36,0.35,0.33,0.33,0.00,0.00,0.96,"",0,0.0,2,2.7,-6,-7.5,-8,-10.3,43714,4.5,0,0.0,0,0.0,100,10.2
"27059","2","10","71","0","2017","4","",16,247,239,243,2934182,0,0,929,"",2.84,0.71,0.68,0.69,0.81,0.00,0.00,1.16,"",0,0.0,-13,-5.0,-20,-7.7,-13,-5.1,-85443,-2.8,0,0.0,0,0.0,30,3.3
"27059","3","10","71","0","2017","4","",32,1760,1811,1835,18061541,0,0,771,"",2.34,1.63,1.66,1.68,1.88,0.00,0.00,1.14,"",0,0.0,-17,-1.0,6,0.3,32,1.8,561800,3.2,0,0.0,0,0.0,21,2.8
"27059","5","10","71","0","2017","4","",745,8820,8839,8860,89537743,27531407,334204,779,"",0.96,0.95,0.95,0.95,0.94,1.03,1.01,0.99,"",39,5.5,-17,-0.2,-86,-1.0,-43,-0.5,5020916,5.9,2211590,8.7,32005,10.6,48,6.6
"27061","0","10","70","0","2017","4","",1219,16042,15803,15762,165223598,36799669,678545,801,"",1.00,1.00,1.00,1.00,1.00,1.00,1.00,1.00,"",42,3.6,129,0.8,275,1.8,321,2.1,7041604,4.5,3025192,9.0,87001,14.7,22,2.8
"27061","1","10","71","0","2017","4","",25,168,161,151,2291616,0,0,1102,"",3.42,0.54,0.53,0.50,0.50,0.00,0.00,0.96,"",0,0.0,3,1.8,3,1.9,-4,-2.6,83354,3.8,0,0.0,0,0.0,36,3.4
"27061","2","10","71","0","2017","4","",23,511,505,492,6597973,0,0,1010,"",2.69,0.99,1.00,0.98,1.22,0.00,0.00,1.24,"",0,0.0,-37,-6.8,-29,-5.4,-35,-6.6,59440,0.9,0,0.0,0,0.0,72,7.7
"27061","3","10","71","0","2017","4","",83,2888,2898,2957,28148507,16332,36,743,"",4.01,1.82,1.85,1.90,1.98,0.02,0.01,1.07,"",0,0.0,71,2.5,32,1.1,102,3.6,842027,3.1,-263,-1.6,-179,-83.3,5,0.7
"27061","5","10","71","0","2017","4","",1088,12475,12239,12162,128185502,36783337,678509,802,"",0.92,0.92,0.91,0.91,0.91,1.03,1.01,1.00,"",42,4.0,92,0.7,269,2.2,258,2.2,6056783,5.0,3025455,9.0,87180,14.7,25,3.2
"27063","0","10","70","0","2017","4","",340,5028,5061,5101,51856523,15055631,256529,788,"",1.00,1.00,1.00,1.00,1.00,1.00,1.00,1.00,"",-2,-0.6,-395,-7.3,-346,-6.4,-346,-6.4,-620904,-1.2,-224804,-1.5,63907,33.2,44,5.9
"27063","1","10","71","0","2017","4","",6,25,25,27,322765,0,0,967,"",2.94,0.26,0.26,0.27,0.23,0.00,0.00,0.86,"",0,0.0,0,0.0,-1,-3.8,1,3.8,12534,4.0,0,0.0,0,0.0,37,4.0
"27063","2","10","71","0","2017","4","",6,50,51,50,609523,0,0,932,"",2.52,0.31,0.31,0.31,0.36,0.00,0.00,1.16,"",0,0.0,-2,-3.8,-3,-5.6,-6,-10.7,-20851,-3.3,0,0.0,0,0.0,34,3.8
"27063","3","10","71","0","2017","4","",21,576,613,676,4788091,0,0,592,"",3.63,1.16,1.22,1.34,1.07,0.00,0.00,0.87,"",0,0.0,-32,-5.3,5,0.8,12,1.8,-11960,-0.2,0,0.0,0,0.0,3,0.5
"27063","5","10","71","0","2017","4","",307,4377,4372,4348,46136144,15055631,256529,813,"",0.93,1.02,1.02,1.00,1.04,1.03,1.01,1.03,"",-2,-0.6,-361,-7.6,-347,-7.4,-353,-7.5,-600627,-1.3,-224804,-1.5,63907,33.2,51,6.7
"27065","0","10","70","0","2017","4","",317,3973,3921,3908,38850967,7079122,142099,760,"",1.00,1.00,1.00,1.00,1.00,1.00,1.00,1.00,"",18,6.0,-3,-0.1,-5,-0.1,73,1.9,1705930,4.6,248343,3.6,6032,4.4,30,4.1
"27065","1","10","71","0","2017","4","",6,32,32,34,452942,0,0,1067,"",3.16,0.42,0.43,0.45,0.42,0.00,0.00,0.98,"",0,0.0,-7,-17.9,-7,-17.9,-6,-15.0,-35824,-7.3,0,0.0,0,0.0,111,11.6
"27065","2","10","71","0","2017","4","",7,27,26,25,322500,0,0,954,"",3.15,0.21,0.21,0.20,0.25,0.00,0.00,1.23,"",1,16.7,3,12.5,3,13.0,2,8.7,28183,9.6,0,0.0,0,0.0,-16,-1.6
"27065","3","10","71","0","2017","4","",22,1275,1289,1340,14590960,20825,229,862,"",4.08,3.24,3.31,3.46,4.37,0.15,0.31,1.31,"",1,4.8,59,4.9,40,3.2,85,6.8,1065556,7.9,2122,11.3,210,1105.3,23,2.7
"27065","5","10","71","0","2017","4","",282,2639,2574,2509,23484565,7058297,141870,702,"",0.92,0.78,0.77,0.76,0.71,1.03,1.01,0.92,"",16,6.0,-58,-2.2,-41,-1.6,-8,-0.3,648015,2.8,246221,3.6,5822,4.3,29,4.3
"27067","0","10","70","0","2017","4","",1383,24685,24578,24724,256338409,73882321,776319,800,"",1.00,1.00,1.00,1.00,1.00,1.00,1.00,1.00,"",52,3.9,948,4.0,955,4.0,1073,4.5,12339140,5.1,5496500,8.0,-73009,-8.6,7,0.9
"27067","1","10","71","0","2017","4","",17,135,132,131,1801660,0,0,1045,"",2.05,0.28,0.28,0.28,0.26,0.00,0.00,0.91,"",0,0.0,-1,-0.7,-6,-4.3,-13,-9.0,-116857,-6.1,0,0.0,0,0.0,-14,-1.3
"27067","2","10","71","0","2017","4","",35,653,646,638,8271281,0,0,985,"",3.61,0.82,0.82,0.81,0.99,0.00,0.00,1.21,"",3,9.4,-8,-1.2,-9,-1.4,-15,-2.3,-13470,-0.2,0,0.0,0,0.0,14,1.4
"27067","3","10","71","0","2017","4","",46,3223,3289,3380,37086385,38503,785,865,"",1.96,1.32,1.35,1.38,1.68,0.03,0.19,1.25,"",2,4.5,81,2.6,104,3.3,152,4.7,2680194,7.8,-38179,-49.8,-355,-31.1,34,4.1
"27067","5","10","71","0","2017","4","",1285,20674,20511,20575,209179083,73843818,775534,782,"",0.96,0.99,0.98,0.98,0.96,1.03,1.01,0.97,"",47,3.8,876,4.4,866,4.4,949,4.8,9789273,4.9,5534679,8.1,-72654,-8.6,3,0.4
"27069","0","10","70","0","2017","4","",186,1610,1543,1535,15794849,3092071,30324,778,"",1.00,1.00,1.00,1.00,1.00,1.00,1.00,1.00,"",3,1.6,76,5.0,43,2.9,57,3.9,741162,4.9,79386,2.6,-7548,-19.9,8,1.0
"27069","1","10","71","0","2017","4","",10,39,42,43,543106,0,0,1011,"",8.96,1.26,1.42,1.45,1.25,0.00,0.00,0.91,"",-2,-16.7,-8,-17.0,-5,-10.6,-4,-8.5,-164872,-23.3,0,0.0,0,0.0,-148,-12.8
"27069","2","10","71","0","2017","4","",4,16,14,16,168344,0,0,845,"",3.07,0.31,0.28,0.33,0.33,0.00,0.00,1.06,"",0,0.0,3,23.1,0,0.0,2,14.3,7718,4.8,0,0.0,0,0.0,-59,-6.5
"27069","3","10","71","0","2017","4","",15,284,288,288,2799506,0,0,751,"",4.74,1.78,1.88,1.90,2.06,0.00,0.00,1.11,"",-1,-6.2,4,1.4,-8,-2.7,-16,-5.3,6183,0.2,0,0.0,0,0.0,18,2.5
"27069","5","10","71","0","2017","4","",157,1271,1199,1188,12283893,3092071,30324,775,"",0.87,0.93,0.91,0.91,0.91,1.03,1.01,0.99,"",6,4.0,77,6.4,56,4.9,75,6.7,892133,7.8,79386,2.6,-7548,-19.9,13,1.7
"27071","0","10","70","0","2017","4","",417,4491,4397,4439,45082842,8764962,229017,781,"",1.00,1.00,1.00,1.00,1.00,1.00,1.00,1.00,"",3,0.7,-34,-0.8,-35,-0.8,-17,-0.4,1796600,4.2,744036,9.3,43447,23.4,36,4.8
"27071","1","10","71","0","2017","4","",10,170,165,169,2928826,0,0,1341,"",4.00,1.97,1.96,1.98,2.36,0.00,0.00,1.20,"",-2,-16.7,11,6.9,8,5.1,4,2.4,101969,3.6,0,0.0,0,0.0,-15,-1.1
"27071","2","10","71","0","2017","4","",12,91,93,93,939665,0,0,783,"",4.11,0.63,0.66,0.66,0.64,0.00,0.00,0.98,"",0,0.0,-5,-5.2,-3,-3.1,-2,-2.1,-76876,-7.6,0,0.0,0,0.0,-34,-4.2
"27071","3","10","71","0","2017","4","",24,692,691,705,6193977,0,0,685,"",3.39,1.56,1.58,1.60,1.60,0.00,0.00,1.01,"",0,0.0,-1,-0.1,-23,-3.2,-18,-2.5,44218,0.7,0,0.0,0,0.0,19,2.9
"27071","5","10","71","0","2017","4","",371,3538,3448,3472,35020374,8764962,229017,773,"",0.92,0.93,0.92,0.92,0.91,1.03,1.01,0.98,"",5,1.4,-39,-1.1,-17,-0.5,-1,0.0,1727289,5.2,744036,9.3,43447,23.4,42,5.7
"27073","0","10","70","0","2017","4","",229,2242,2276,2195,19506497,4045484,57360,671,"",1.00,1.00,1.00,1.00,1.00,1.00,1.00,1.00,"",4,1.8,11,0.5,20,0.9,-35,-1.6,529997,2.8,274547,7.3,-1469,-2.5,19,2.9
"27073","1","10","71","0","2017","4","",8,38,34,32,366088,0,0,812,"",5.82,0.88,0.78,0.76,0.68,0.00,0.00,0.85,"",1,14.3,1,2.7,-1,-2.9,-6,-15.8,-30897,-7.8,0,0.0,0,0.0,-21,-2.5
"27073","2","10","71","0","2017","4","N",2,0,0,0,0,0,0,0,"N",1.25,0,0,0,0,0,0,0,"N",0,0.0,0,0,0,0,0,0,0,0,0,0,0,0,0,0
"27073","3","10","71","0","2017","4","N",22,0,0,0,0,0,0,0,"N",5.65,0,0,0,0,0,0,0,"N",0,0.0,0,0,0,0,0,0,0,0,0,0,0,0,0,0
"27073","5","10","71","0","2017","4","",197,1443,1436,1385,12618039,4045484,57360,683,"",0.89,0.76,0.74,0.74,0.76,1.03,1.01,1.01,"",3,1.5,-6,-0.4,-8,-0.6,-32,-2.3,365697,3.0,274547,7.3,-1469,-2.5,27,4.1
"27075","0","10","70","0","2017","4","",320,4208,4026,4005,43745366,8139114,135639,825,"",1.00,1.00,1.00,1.00,1.00,1.00,1.00,1.00,"",10,3.2,129,3.2,94,2.4,126,3.2,2710169,6.6,-212135,-2.5,20192,17.5,29,3.6
"27075","1","10","71","0","2017","4","",5,23,23,20,275137,0,0,962,"",2.61,0.28,0.30,0.26,0.23,0.00,0.00,0.82,"",-1,-16.7,2,9.5,1,4.5,-3,-13.0,-36204,-11.6,0,0.0,0,0.0,-127,-11.7
"27075","2","10","71","0","2017","4","",9,231,216,216,2486144,0,0,865,"",4.01,1.71,1.67,1.69,1.74,0.00,0.00,1.03,"",1,12.5,0,0.0,0,0.0,2,0.9,-70598,-2.8,0,0.0,0,0.0,-28,-3.1
"27075","3","10","71","0","2017","4","",19,703,696,694,6674976,7566,8,736,"",3.49,1.69,1.74,1.75,1.77,0.05,0.01,1.03,"",1,5.6,83,13.4,76,12.3,76,12.3,767454,13.0,-3707,-32.9,-3,-27.3,2,0.3
"27075","5","10","71","0","2017","4","",287,3251,3091,3075,34309109,8131548,135631,841,"",0.92,0.91,0.90,0.90,0.92,1.03,1.01,1.01,"",9,3.2,44,1.4,17,0.6,51,1.7,2049517,6.4,-208428,-2.5,20195,17.5,41,5.1
"27077","0","10","70","0","2017","4","",166,1562,1537,1674,13768606,4240453,62215,666,"",1.00,1.00,1.00,1.00,1.00,1.00,1.00,1.00,"",2,1.2,25,1.6,63,4.3,60,3.7,878697,6.8,483779,12.9,11298,22.2,23,3.6
"27077","1","10","71","0","2017","4","",5,29,28,28,568096,0,0,1542,"",5.02,0.96,0.95,0.87,1.50,0.00,0.00,1.62,"",0,0.0,0,0.0,-2,-6.7,-1,-3.4,-29159,-4.9,0,0.0,0,0.0,-24,-1.5
"27077","2","10","71","0","2017","4","",4,24,25,24,290957,0,0,920,"",3.44,0.48,0.51,0.45,0.65,0.00,0.00,1.35,"",0,0.0,-5,-17.2,-4,-13.8,-2,-7.7,-50876,-14.9,0,0.0,0,0.0,-19,-2.0
"27077","3","10","71","0","2017","4","",9,259,258,257,2099583,13213,13,626,"",3.19,1.67,1.69,1.55,1.77,0.16,0.04,1.08,"",0,0.0,2,0.8,-3,-1.1,-12,-4.5,56017,2.7,-1303,-9.0,-2,-13.3,27,4.5
"27077","5","10","71","0","2017","4","",148,1250,1226,1365,10809970,4227240,62202,649,"",0.92,0.94,0.94,0.96,0.92,1.03,1.01,0.97,"",2,1.4,28,2.3,72,6.2,75,5.8,902715,9.1,485082,13.0,11300,22.2,25,4.0
"27079","0","10","70","0","2017","4","",731,9159,8715,8585,96831591,22142237,398778,845,"",1.00,1.00,1.00,1.00,1.00,1.00,1.00,1.00,"",25,3.5,-547,-5.6,-551,-5.9,-452,-5.0,-137117,-0.1,-2589005,-10.5,-19135,-4.6,46,5.8
"27079","1","10","71","0","2017","4","",11,70,72,74,954796,0,0,1020,"",2.51,0.40,0.43,0.45,0.36,0.00,0.00,0.84,"",0,0.0,-10,-12.5,-9,-11.1,-9,-10.8,577,0.1,0,0.0,0,0.0,118,13.1
"27079","2","10","71","0","2017","4","",9,45,39,40,513872,0,0,956,"",1.76,0.15,0.14,0.15,0.16,0.00,0.00,1.11,"",0,0.0,3,7.1,2,5.4,-2,-4.8,-6893,-1.3,0,0.0,0,0.0,-37,-3.7
"27079","3","10","71","0","2017","4","",33,1307,1357,1374,11428050,0,0,653,"",2.66,1.44,1.57,1.62,1.37,0.00,0.00,0.89,"",0,0.0,0,0.0,-39,-2.8,-31,-2.2,377449,3.4,0,0.0,0,0.0,32,5.2
"27079","5","10","71","0","2017","4","",678,7737,7247,7097,83934873,22142237,398778,877,"",0.96,0.99,0.98,0.97,1.02,1.03,1.01,1.03,"",25,3.8,-540,-6.5,-505,-6.5,-410,-5.5,-508250,-0.6,-2589005,-10.5,-19135,-4.6,49,5.9
"27081","0","10","70","0","2017","4","",221,1724,1683,1685,14535155,3171422,40977,659,"",1.00,1.00,1.00,1.00,1.00,1.00,1.00,1.00,"",-1,-0.5,11,0.6,-19,-1.1,-4,-0.2,-65893,-0.5,193765,6.5,1505,3.8,-1,-0.2
"27081","1","10","71","0","2017","4","",7,33,30,29,353201,0,0,886,"",5.28,0.99,0.93,0.89,0.88,0.00,0.00,0.94,"",0,0.0,1,3.1,0,0.0,-6,-17.1,8135,2.4,0,0.0,0,0.0,65,7.9
"27081","2","10","71","0","2017","4","N",3,0,0,0,0,0,0,0,"N",1.94,0,0,0,0,0,0,0,"N",0,0.0,0,0,0,0,0,0,0,0,0,0,0,0,0,0
"27081","3","10","71","0","2017","4","N",17,0,0,0,0,0,0,0,"N",4.53,0,0,0,0,0,0,0,"N",0,0.0,0,0,0,0,0,0,0,0,0,0,0,0,0,0
"27081","5","10","71","0","2017","4","",194,1379,1351,1338,11747343,3171422,40977,666,"",0.90,0.94,0.94,0.93,0.95,1.03,1.01,1.01,"",-1,-0.5,-15,-1.1,-21,-1.5,-17,-1.3,-127172,-1.1,193765,6.5,1505,3.8,1,0.2
"27083","0","10","70","0","2017","4","",819,14645,14597,14566,148633567,34178979,321322,783,"",1.00,1.00,1.00,1.00,1.00,1.00,1.00,1.00,"",15,1.9,-368,-2.5,-239,-1.6,-156,-1.1,723987,0.5,-148668,-0.4,-76475,-19.2,17,2.2
"27083","1","10","71","0","2017","4","",14,115,118,116,1522035,0,0,1006,"",2.85,0.41,0.42,0.41,0.37,0.00,0.00,0.90,"",0,0.0,-1,-0.9,-3,-2.5,-3,-2.5,6193,0.4,0,0.0,0,0.0,23,2.3
"27083","2","10","71","0","2017","4","",20,714,708,712,9031889,51467,51,977,"",3.49,1.52,1.51,1.53,1.86,0.12,0.12,1.22,"",0,0.0,-10,-1.4,-9,-1.3,-14,-1.9,61,0.0,1135,2.3,-175,-77.4,15,1.6
"27083","3","10","71","0","2017","4","",32,2121,2152,2207,23972102,0,0,854,"",2.30,1.46,1.48,1.53,1.88,0.00,0.00,1.26,"",-1,-3.0,39,1.9,121,6.0,72,3.4,1250746,5.5,0,0.0,0,0.0,15,1.8
"27083","5","10","71","0","2017","4","",753,11695,11619,11531,114107541,34127512,321271,756,"",0.95,0.94,0.94,0.93,0.90,1.03,1.01,0.96,"",16,2.2,-396,-3.3,-348,-2.9,-211,-1.8,-533013,-0.5,-149803,-0.4,-76300,-19.2,17,2.3
"27085","0","10","70","0","2017","4","",926,16373,16329,16276,197725653,37238349,423350,932,"",1.00,1.00,1.00,1.00,1.00,1.00,1.00,1.00,"",25,2.8,-207,-1.2,-233,-1.4,-197,-1.2,7206836,3.8,2757136,8.0,-14314,-3.3,46,5.2
"27085","1","10","71","0","2017","4","",10,76,75,75,1033195,0,0,1055,"",1.80,0.24,0.24,0.24,0.19,0.00,0.00,0.79,"",-1,-9.1,2,2.7,3,4.2,-6,-7.4,32416,3.2,0,0.0,0,0.0,38,3.7
"27085","2","10","71","0","2017","4","",13,276,257,263,2685194,300662,2556,778,"",2.00,0.53,0.49,0.51,0.42,0.64,4.58,0.82,"",0,0.0,17,6.6,8,3.2,19,7.8,123563,4.8,-11142,-3.6,529,26.1,-8,-1.0
"27085","3","10","71","0","2017","4","",26,1501,1505,1490,16451200,0,0,844,"",1.65,0.93,0.93,0.93,0.97,0.00,0.00,1.04,"",0,0.0,-2,-0.1,-22,-1.4,7,0.5,272885,1.7,0,0.0,0,0.0,17,2.1
"27085","5","10","71","0","2017","4","",877,14520,14492,14448,177556064,36937687,420794,943,"",0.98,1.04,1.04,1.04,1.05,1.03,1.00,1.01,"",26,3.1,-224,-1.5,-222,-1.5,-217,-1.5,6777972,4.0,2768278,8.1,-14843,-3.4,50,5.6
"27087","0","10","70","0","2017","4","",116,1931,1910,1943,16803054,4146468,52821,670,"",1.00,1.00,1.00,1.00,1.00,1.00,1.00,1.00,"",1,0.9,3,0.2,-24,-1.2,-26,-1.3,125889,0.8,31564,0.8,-8655,-14.1,10,1.5
"27087","1","10","71","0","2017","4","",7,24,21,23,253810,0,0,861,"",10.06,0.65,0.57,0.61,0.55,0.00,0.00,0.90,"",-1,-12.5,-1,-4.0,-9,-30.0,-8,-25.8,-23973,-8.6,0,0.0,0,0.0,116,15.6
"27087","2","10","71","0","2017","4","N",3,0,0,0,0,0,0,0,"N",3.69,0,0,0,0,0,0,0,"N",0,0.0,0,0,0,0,0,0,0,0,0,0,0,0,0,0
"27087","3","10","71","0","2017","4","N",11,0,0,0,0,0,0,0,"N",5.58,0,0,0,0,0,0,0,"N",0,0.0,0,0,0,0,0,0,0,0,0,0,0,0,0,0
"27087","5","10","71","0","2017","4","",95,578,560,552,5434147,1462697,25715,742,"",0.84,0.35,0.35,0.33,0.38,0.36,0.49,1.10,"",2,2.2,15,2.7,-4,-0.7,-18,-3.2,-97123,-1.8,36203,2.5,-6995,-21.4,-10,-1.3
"27089","0","10","70","0","2017","4","",309,2397,2254,2145,25594526,4931022,104423,869,"",1.00,1.00,1.00,1.00,1.00,1.00,1.00,1.00,"",12,4.0,17,0.7,-32,-1.4,-70,-3.2,328697,1.3,127930,2.7,-11093,-9.6,22,2.6
"27089","1","10","71","0","2017","4","",13,50,47,46,565503,0,0,913,"",7.01,1.08,1.09,1.11,0.80,0.00,0.00,0.73,"",0,0.0,-1,-2.0,-4,-7.8,-9,-16.4,-8176,-1.4,0,0.0,0,0.0,70,8.3
"27089","2","10","71","0","2017","4","",6,21,21,20,230752,0,0,859,"",2.77,0.27,0.29,0.29,0.28,0.00,0.00,0.97,"",0,0.0,2,10.5,1,5.0,-1,-4.8,22601,10.9,0,0.0,0,0.0,58,7.2
"27089","3","10","71","0","2017","4","",25,613,623,618,6154493,12339,12,766,"",4.76,2.58,2.78,2.91,2.80,0.13,0.02,1.02,"",0,0.0,23,3.9,15,2.5,-14,-2.2,252649,4.3,653,5.6,0,0.0,22,3.0
"27089","5","10","71","0","2017","4","",265,1713,1563,1461,18643778,4918683,104411,908,"",0.88,0.84,0.82,0.80,0.85,1.03,1.01,1.04,"",12,4.7,-7,-0.4,-44,-2.7,-46,-3.1,61623,0.3,127277,2.7,-11093,-9.6,21,2.4
"27091","0","10","70","0","2017","4","",673,8824,8901,8918,96566344,20249868,170760,836,"",1.00,1.00,1.00,1.00,1.00,1.00,1.00,1.00,"",18,2.7,27,0.3,62,0.7,113,1.3,8149628,9.2,234228,1.2,-37854,-18.1,64,8.3
"27091","1","10","71","0","2017","4","",11,57,57,53,738251,0,0,1020,"",2.73,0.34,0.33,0.31,0.28,0.00,0.00,0.85,"",0,0.0,-1,-1.7,1,1.8,-5,-8.6,9381,1.3,0,0.0,0,0.0,42,4.3
"27091","2","10","71","0","2017","4","",8,37,38,39,480731,0,0,973,"",1.70,0.13,0.13,0.14,0.15,0.00,0.00,1.14,"",0,0.0,-1,-2.6,-1,-2.6,-2,-4.9,5039,1.1,0,0.0,0,0.0,43,4.6
"27091","3","10","71","0","2017","4","",46,1294,1328,1328,11856812,21166,21,693,"",4.02,1.48,1.50,1.50,1.43,0.05,0.02,0.96,"",0,0.0,-3,-0.2,29,2.2,10,0.8,331720,2.9,-3400,-13.8,-247,-92.2,13,1.9
"27091","5","10","71","0","2017","4","",608,7436,7478,7498,83490550,20228702,170739,860,"",0.93,0.99,0.99,0.99,1.01,1.03,1.01,1.02,"",18,3.1,32,0.4,33,0.4,110,1.5,7803488,10.3,237628,1.2,-37607,-18.1,75,9.6
"27093","0","10","70","0","2017","4","",603,7395,7371,7294,73520988,20353698,226071,769,"",1.00,1.00,1.00,1.00,1.00,1.00,1.00,1.00,"",27,4.7,67,0.9,54,0.7,19,0.3,5545726,8.2,2695905,15.3,4003,1.8,53,7.4
"27093","1","10","71","0","2017","4","",11,76,74,79,975343,0,0,983,"",3.04,0.53,0.52,0.56,0.48,0.00,0.00,0.89,"",0,0.0,5,7.0,-1,-1.3,-1,-1.2,71827,7.9,0,0.0,0,0.0,60,6.5
"27093","2","10","71","0","2017","4","",4,18,17,17,224450,0,0,996,"",0.95,0.08,0.07,0.07,0.09,0.00,0.00,1.27,"",0,0.0,0,0.0,-1,-5.6,-1,-5.6,-2843,-1.3,0,0.0,0,0.0,25,2.6
"27093","3","10","71","0","2017","4","",28,1220,1236,1269,12385800,0,0,767,"",2.73,1.67,1.69,1.76,1.96,0.00,0.00,1.15,"",0,0.0,37,3.1,24,2.0,49,4.0,471980,4.0,0,0.0,0,0.0,6,0.8
"27093","5","10","71","0","2017","4","",560,6081,6044,5929,59935395,20353698,226071,766,"",0.96,0.97,0.97,0.96,0.95,1.03,1.01,0.99,"",27,5.1,25,0.4,32,0.5,-28,-0.5,5004762,9.1,2695905,15.3,4003,1.8,63,9.0
"27095","0","10","70","0","2017","4","",699,9708,9642,9512,87008114,17598676,282683,696,"",1.00,1.00,1.00,1.00,1.00,1.00,1.00,1.00,"",23,3.4,204,2.1,239,2.5,143,1.5,4024241,4.8,1432308,8.9,37867,15.5,19,2.8
"27095","1","10","71","0","2017","4","",7,63,59,63,798533,0,0,996,"",1.67,0.34,0.32,0.34,0.33,0.00,0.00,1.00,"",0,0.0,2,3.3,-2,-3.3,-1,-1.6,52922,7.1,0,0.0,0,0.0,71,7.7
"27095","2","10","71","0","2017","4","",9,60,54,51,642741,0,0,899,"",1.84,0.19,0.17,0.17,0.23,0.00,0.00,1.27,"",0,0.0,-2,-3.2,-1,-1.8,0,0.0,-21034,-3.2,0,0.0,0,0.0,-13,-1.4
"27095","3","10","71","0","2017","4","",45,3296,3326,3248,32630377,0,0,763,"",3.79,3.43,3.47,3.45,4.36,0.00,0.00,1.26,"",0,0.0,-28,-0.8,-14,-0.4,-130,-3.8,568911,1.8,0,0.0,0,0.0,26,3.5
"27095","5","10","71","0","2017","4","",638,6289,6203,6150,52936463,17598676,282683,655,"",0.94,0.76,0.76,0.76,0.71,1.03,1.01,0.94,"",23,3.7,232,3.8,256,4.3,274,4.7,3423442,6.9,1432308,8.9,37867,15.5,16,2.5
"27097","0","10","70","0","2017","4","",955,11019,10744,10670,98838786,25708556,344529,703,"",1.00,1.00,1.00,1.00,1.00,1.00,1.00,1.00,"",36,3.9,-150,-1.3,-240,-2.2,-160,-1.5,2797334,2.9,1207058,4.9,-8530,-2.4,31,4.6
"27097","1","10","71","0","2017","4","",15,400,398,396,5477422,0,0,1059,"",2.62,1.89,1.94,1.93,2.02,0.00,0.00,1.05,"",0,0.0,-11,-2.7,-11,-2.7,-11,-2.7,-76722,-1.4,0,0.0,0,0.0,14,1.3
"27097","2","10","71","0","2017","4","",15,335,329,326,4073182,0,0,949,"",2.24,0.95,0.96,0.96,1.26,0.00,0.00,1.32,"",0,0.0,1,0.3,-5,-1.5,-3,-0.9,-39912,-1.0,0,0.0,0,0.0,-3,-0.3
"27097","3","10","71","0","2017","4","",46,1624,1627,1609,15487429,3675,4,735,"",2.83,1.49,1.52,1.52,1.82,0.01,0.00,1.21,"",1,2.2,-45,-2.7,-65,-3.8,-47,-2.8,97650,0.6,0,0.0,-11,-73.3,27,3.8
"27097","5","10","71","0","2017","4","",879,8660,8390,8339,73800753,25704881,344525,671,"",0.95,0.93,0.92,0.92,0.87,1.03,1.01,0.95,"",35,4.1,-95,-1.1,-159,-1.9,-99,-1.2,2816318,4.0,1207058,4.9,-8519,-2.4,35,5.5
"27099","0","10","70","0","2017","4","",843,16699,16863,16553,221038598,39643174,320738,1018,"",1.00,1.00,1.00,1.00,1.00,1.00,1.00,1.00,"",14,1.7,101,0.6,98,0.6,-35,-0.2,-37789089,-14.6,-544189,-1.4,-23236,-6.8,-178,-14.9
"27099","1","10","71","0","2017","4","",18,136,139,137,2250019,0,0,1260,"",3.56,0.42,0.43,0.43,0.37,0.00,0.00,0.87,"",0,0.0,5,3.8,3,2.2,-2,-1.4,87914,4.1,0,0.0,0,0.0,31,2.5
"27099","2","10","71","0","2017","4","",14,471,446,451,5439644,0,0,918,"",2.37,0.88,0.83,0.85,0.75,0.00,0.00,0.88,"",0,0.0,21,4.7,0,0.0,14,3.2,316210,6.2,0,0.0,0,0.0,31,3.5
"27099","3","10","71","0","2017","4","",34,2014,2093,2009,23187998,0,0,875,"",2.37,1.22,1.25,1.23,1.22,0.00,0.00,0.99,"",1,3.0,-6,-0.3,7,0.3,-106,-5.0,1251681,5.7,0,0.0,0,0.0,61,7.5
"27099","5","10","71","0","2017","4","",777,14078,14185,13956,190160937,39643174,320738,1039,"",0.95,0.99,0.99,0.99,1.01,1.03,1.01,1.02,"",13,1.7,81,0.6,88,0.6,59,0.4,-39444894,-17.2,-544189,-1.4,-23236,-6.8,-223,-17.7
"27101","0","10","70","0","2017","4","",326,3066,3041,3003,29965695,8473215,137982,759,"",1.00,1.00,1.00,1.00,1.00,1.00,1.00,1.00,"",2,0.6,67,2.2,53,1.8,95,3.3,2037917,7.3,604800,7.7,4100,3.1,34,4.7
"27101","1","10","71","0","2017","4","",10,43,44,42,502658,0,0,899,"",5.11,0.73,0.76,0.73,0.61,0.00,0.00,0.83,"",0,0.0,0,0.0,-1,-2.2,-3,-6.7,26229,5.5,0,0.0,0,0.0,72,8.7
"27101","2","10","71","0","2017","4","",6,34,31,32,389593,0,0,927,"",2.63,0.35,0.32,0.33,0.40,0.00,0.00,1.20,"",0,0.0,1,3.0,1,3.3,3,10.3,22970,6.3,0,0.0,0,0.0,7,0.8
"27101","3","10","71","0","2017","4","",21,573,581,621,5645146,1685,2,734,"",3.79,1.89,1.92,2.09,2.19,0.01,0.00,1.11,"",0,0.0,38,7.1,44,8.2,48,8.4,157617,2.9,-18915,-91.8,-29,-93.5,-36,-4.7
"27101","5","10","71","0","2017","4","",289,2416,2385,2308,23428298,8471530,137980,761,"",0.91,0.93,0.92,0.90,0.92,1.03,1.01,1.00,"",2,0.7,28,1.2,9,0.4,47,2.1,1831101,8.5,623715,7.9,4129,3.1,52,7.3
"27103","0","10","70","0","2017","4","",750,15807,15119,15111,166186128,37501173,350612,833,"",1.00,1.00,1.00,1.00,1.00,1.00,1.00,1.00,"",44,6.2,218,1.4,308,2.1,379,2.6,11023699,7.1,2461481,7.0,45171,14.8,40,5.0
"27103","1","10","71","0","2017","4","",8,33,32,31,390398,0,0,938,"",1.78,0.11,0.11,0.11,0.09,0.00,0.00,0.79,"",0,0.0,3,10.0,0,0.0,-1,-3.1,-4438,-1.1,0,0.0,0,0.0,-31,-3.2
"27103","2","10","71","0","2017","4","",16,1582,1598,1593,21320318,0,0,1031,"",3.04,3.12,3.30,3.31,3.93,0.00,0.00,1.21,"",2,14.3,12,0.8,32,2.0,47,3.0,298481,1.4,0,0.0,0,0.0,-5,-0.5
"27103","3","10","71","0","2017","4","",34,1282,1309,1295,14374895,1106,84,854,"",2.67,0.82,0.87,0.87,1.01,0.00,0.05,1.18,"",0,0.0,58,4.7,92,7.6,49,3.9,691442,5.1,4,0.4,-15,-15.2,-2,-0.2
"27103","5","10","71","0","2017","4","",692,12910,12180,12192,130100517,37500067,350528,805,"",0.95,0.96,0.95,0.95,0.92,1.03,1.01,0.96,"",42,6.5,145,1.1,184,1.5,284,2.4,10038214,8.4,2461477,7.0,45186,14.8,49,6.5
"27105","0","10","70","0","2017","4","",623,10462,10570,10520,113174647,27260143,242274,828,"",1.00,1.00,1.00,1.00,1.00,1.00,1.00,1.00,"",17,2.8,-100,-0.9,-25,-0.2,44,0.4,336733,0.3,541200,2.0,28830,13.5,5,0.6
"27105","1","10","71","0","2017","4","",17,82,82,82,1164999,0,0,1093,"",4.55,0.41,0.41,0.40,0.37,0.00,0.00,0.92,"",0,0.0,-2,-2.4,-2,-2.4,-4,-4.7,-49969,-4.1,0,0.0,0,0.0,-11,-1.0
"27105","2","10","71","0","2017","4","",8,127,139,137,1386234,0,0,794,"",1.83,0.38,0.41,0.41,0.38,0.00,0.00,0.94,"",0,0.0,8,6.7,17,13.9,8,6.2,1930,0.1,0,0.0,0,0.0,-69,-8.0
"27105","3","10","71","0","2017","4","",33,1344,1381,1365,13149493,24621,25,742,"",3.12,1.30,1.32,1.31,1.35,0.05,0.02,1.03,"",0,0.0,25,1.9,16,1.2,38,2.9,464426,3.7,2531,11.5,3,13.6,12,1.6
"27105","5","10","71","0","2017","4","",565,8909,8968,8936,97473921,27235522,242249,839,"",0.93,1.00,1.00,1.00,1.01,1.03,1.01,1.01,"",17,3.1,-131,-1.4,-56,-0.6,2,0.0,-79654,-0.1,538669,2.0,28827,13.5,5,0.6
"27107","0","10","70","0","2017","4","",241,1799,1668,1712,17485516,3912522,33011,779,"",1.00,1.00,1.00,1.00,1.00,1.00,1.00,1.00,"",10,4.3,-31,-1.7,-59,-3.4,-58,-3.3,520275,3.1,176342,4.7,-2537,-7.1,44,6.0
"27107","1","10","71","0","2017","4","",10,31,27,27,322460,0,0,875,"",6.92,0.90,0.85,0.82,0.67,0.00,0.00,0.79,"",0,0.0,0,0.0,-5,-15.6,-3,-10.0,-11797,-3.5,0,0.0,0,0.0,46,5.5
"27107","2","10","71","0","2017","4","N",1,0,0,0,0,0,0,0,"N",0.59,0,0,0,0,0,0,0,"N",0,0.0,0,0,0,0,0,0,0,0,0,0,0,0,0,0
"27107","3","10","71","0","2017","4","N",22,0,0,0,0,0,0,0,"N",5.37,0,0,0,0,0,0,0,"N",0,0.0,0,0,0,0,0,0,0,0,0,0,0,0,0,0
"27107","5","10","71","0","2017","4","",208,1323,1183,1179,13428553,3912522,33011,841,"",0.89,0.87,0.83,0.81,0.90,1.03,1.01,1.07,"",10,5.1,-28,-2.1,-41,-3.3,-30,-2.5,432221,3.3,176342,4.7,-2537,-7.1,48,6.1
"27109","0","10","70","0","2017","4","",3490,97883,97895,97803,1422621077,170767552,2059201,1118,"",1.00,1.00,1.00,1.00,1.00,1.00,1.00,1.00,"",180,5.4,1270,1.3,1293,1.3,1515,1.6,75010310,5.6,12284125,7.8,-26413,-1.3,44,4.1
"27109","1","10","71","0","2017","4","",22,785,777,774,13833748,0,0,1367,"",1.05,0.42,0.41,0.41,0.35,0.00,0.00,0.85,"",1,4.8,-13,-1.6,-24,-3.0,-29,-3.6,192288,1.4,0,0.0,0,0.0,56,4.3
"27109","2","10","71","0","2017","4","",33,1185,1192,1176,15196749,7491,115,987,"",1.35,0.38,0.38,0.38,0.33,0.00,0.04,0.87,"",1,3.1,3,0.3,47,4.1,27,2.3,107694,0.7,7491,100.0,115,100.0,-15,-1.5
"27109","3","10","71","0","2017","4","",58,6653,6724,6777,85609888,0,0,980,"",0.98,0.69,0.69,0.70,0.70,0.00,0.00,1.01,"",2,3.6,-88,-1.3,88,1.3,203,3.1,3313288,4.0,0,0.0,0,0.0,28,2.9
"27109","5","10","71","0","2017","4","",3377,89260,89202,89076,1307980692,170760061,2059086,1128,"",1.00,1.07,1.07,1.07,1.08,1.03,1.01,1.00,"",176,5.5,1368,1.6,1182,1.3,1314,1.5,71397040,5.8,12276634,7.7,-26528,-1.3,46,4.3
"27111","0","10","70","0","2017","4","",1772,23181,22670,22583,232917642,59562615,838017,785,"",1.00,1.00,1.00,1.00,1.00,1.00,1.00,1.00,"",65,3.8,401,1.8,114,0.5,140,0.6,8864892,4.0,2810599,5.0,47648,6.0,22,2.9
"27111","1","10","71","0","2017","4","",29,210,204,214,2988392,0,0,1098,"",2.73,0.47,0.47,0.49,0.47,0.00,0.00,0.98,"",0,0.0,-7,-3.2,-18,-8.1,-10,-4.5,48909,1.7,0,0.0,0,0.0,75,7.3
"27111","2","10","71","0","2017","4","",27,548,554,545,6509667,0,0,912,"",2.17,0.74,0.76,0.76,0.86,0.00,0.00,1.14,"",0,0.0,35,6.8,58,11.7,43,8.6,547010,9.2,0,0.0,0,0.0,1,0.1
"27111","3","10","71","0","2017","4","",69,3070,3204,3295,32111146,80555,584,774,"",2.29,1.34,1.42,1.47,1.60,0.07,0.13,1.14,"",0,0.0,106,3.6,144,4.7,73,2.3,1412611,4.6,-5335,-6.2,232,65.9,8,1.0
"27111","5","10","71","0","2017","4","",1647,19353,18708,18529,191308437,59482060,837433,780,"",0.96,0.98,0.97,0.97,0.96,1.03,1.01,0.99,"",65,4.1,267,1.4,-70,-0.4,34,0.2,6856362,3.7,2815934,5.0,47416,6.0,25,3.3
"27113","0","10","70","0","2017","4","",417,10242,10131,10081,111529334,25642845,612537,845,"",1.00,1.00,1.00,1.00,1.00,1.00,1.00,1.00,"",4,1.0,-399,-3.7,-486,-4.6,26,0.3,531570,0.5,617115,2.5,44010,7.7,27,3.3
"27113","1","10","71","0","2017","4","",6,53,52,53,815515,0,0,1191,"",2.40,0.27,0.27,0.27,0.27,0.00,0.00,0.99,"",0,0.0,-3,-5.4,-3,-5.5,-6,-10.2,48509,6.3,0,0.0,0,0.0,150,14.4
"27113","2","10","71","0","2017","4","",10,209,217,213,2650160,0,0,957,"",3.42,0.64,0.67,0.66,0.73,0.00,0.00,1.11,"",0,0.0,1,0.5,1,0.5,5,2.4,-33962,-1.3,0,0.0,0,0.0,-23,-2.3
"27113","3","10","71","0","2017","4","",20,1284,1264,1325,10741234,0,0,640,"",2.82,1.27,1.26,1.33,1.12,0.00,0.00,0.87,"",0,0.0,-26,-2.0,-58,-4.4,18,1.4,75738,0.7,0,0.0,0,0.0,15,2.4
"27113","5","10","71","0","2017","4","",381,8696,8598,8490,97322425,25642845,612537,871,"",0.94,1.00,1.00,0.99,1.02,1.03,1.01,1.03,"",4,1.1,-371,-4.1,-426,-4.7,9,0.1,441285,0.5,617115,2.5,44010,7.7,30,3.6
"27115","0","10","70","0","2017","4","",640,8387,8287,8298,66377528,17687925,308737,613,"",1.00,1.00,1.00,1.00,1.00,1.00,1.00,1.00,"",34,5.6,-125,-1.5,-197,-2.3,-28,-0.3,1065012,1.6,1056005,6.3,-14517,-4.5,18,3.0
"27115","1","10","71","0","2017","4","",14,289,282,287,4425461,0,0,1190,"",3.65,1.79,1.78,1.80,2.43,0.00,0.00,1.36,"",0,0.0,-10,-3.3,-13,-4.4,-13,-4.3,32185,0.7,0,0.0,0,0.0,56,4.9
"27115","2","10","71","0","2017","4","",15,305,300,296,3484510,0,0,892,"",3.34,1.13,1.13,1.12,1.61,0.00,0.00,1.43,"",0,0.0,19,6.6,25,9.1,22,8.0,78984,2.3,0,0.0,0,0.0,-49,-5.2
"27115","3","10","71","0","2017","4","",39,2629,2648,2688,21828121,22996,23,632,"",3.59,3.16,3.22,3.27,3.82,0.07,0.01,1.19,"",0,0.0,-103,-3.8,-126,-4.5,-99,-3.6,-101124,-0.5,-308,-1.3,0,0.0,22,3.6
"27115","5","10","71","0","2017","4","",572,5164,5057,5027,36639436,17664929,308714,555,"",0.92,0.72,0.72,0.71,0.65,1.03,1.01,0.90,"",34,6.3,-31,-0.6,-83,-1.6,62,1.2,1054967,3.0,1056313,6.4,-14517,-4.5,18,3.4
"27117","0","10","70","0","2017","4","",358,4526,4536,4485,44668840,11002568,222596,761,"",1.00,1.00,1.00,1.00,1.00,1.00,1.00,1.00,"",8,2.3,42,0.9,53,1.2,75,1.7,3418639,8.3,929258,9.2,71486,47.3,49,6.9
"27117","1","10","71","0","2017","4","",10,41,46,47,568912,0,0,980,"",4.66,0.47,0.53,0.54,0.46,0.00,0.00,0.90,"",0,0.0,-1,-2.4,6,15.0,8,20.5,75262,15.2,0,0.0,0,0.0,39,4.1
"27117","2","10","71","0","2017","4","",6,79,78,82,909696,0,0,878,"",2.39,0.54,0.54,0.57,0.62,0.00,0.00,1.13,"",0,0.0,0,0.0,2,2.6,4,5.1,33857,3.9,0,0.0,0,0.0,11,1.3
"27117","3","10","71","0","2017","4","",17,801,838,852,7665213,0,0,710,"",2.79,1.79,1.86,1.92,2.00,0.00,0.00,1.08,"",0,0.0,27,3.5,8,1.0,52,6.5,492426,6.9,0,0.0,0,0.0,21,3.0
"27117","5","10","71","0","2017","4","",325,3605,3574,3504,35525019,11002568,222596,767,"",0.94,0.94,0.93,0.92,0.93,1.03,1.01,1.00,"",8,2.5,16,0.4,37,1.0,11,0.3,2817094,8.6,929258,9.2,71486,47.3,56,7.9
"27119","0","10","70","0","2017","4","",982,13011,12479,12423,128906938,27996943,472417,785,"",1.00,1.00,1.00,1.00,1.00,1.00,1.00,1.00,"",35,3.7,-71,-0.5,-92,-0.7,83,0.7,2313253,1.8,-501637,-1.8,-155132,-24.7,16,2.1
"27119","1","10","71","0","2017","4","",20,93,92,95,1126364,0,0,928,"",3.40,0.37,0.39,0.40,0.32,0.00,0.00,0.83,"",0,0.0,-2,-2.1,-4,-4.2,-7,-6.9,-15172,-1.3,0,0.0,0,0.0,29,3.2
"27119","2","10","71","0","2017","4","",14,612,588,567,5693118,0,0,744,"",2.03,1.47,1.47,1.43,1.35,0.00,0.00,0.93,"",0,0.0,-10,-1.6,-8,-1.3,-3,-0.5,-619439,-9.8,0,0.0,0,0.0,-71,-8.7
"27119","3","10","71","0","2017","4","",58,1942,2028,2016,19983018,28397,34,770,"",3.47,1.51,1.64,1.64,1.80,0.05,0.01,1.13,"",0,0.0,-1,-0.1,38,1.9,14,0.7,1123211,6.0,850,3.1,1,3.0,37,5.0
"27119","5","10","71","0","2017","4","",890,10364,9771,9745,102104438,27968546,472383,789,"",0.93,0.94,0.92,0.92,0.93,1.03,1.01,1.00,"",35,4.1,-58,-0.6,-118,-1.2,79,0.8,1824653,1.8,-502487,-1.8,-155133,-24.7,17,2.2
"27121","0","10","70","0","2017","4","",346,4506,4431,4376,49914820,10719539,114715,865,"",1.00,1.00,1.00,1.00,1.00,1.00,1.00,1.00,"",11,3.3,97,2.2,73,1.7,123,2.9,737380,1.5,-477253,-4.3,-18662,-14.0,-7,-0.8
"27121","1","10","71","0","2017","4","",7,39,39,40,430461,0,0,842,"",3.37,0.45,0.46,0.47,0.31,0.00,0.00,0.68,"",0,0.0,0,0.0,1,2.6,1,2.6,30252,7.6,0,0.0,0,0.0,46,5.8
"27121","2","10","71","0","2017","4","",4,30,28,28,381820,0,0,1025,"",1.65,0.21,0.20,0.20,0.23,0.00,0.00,1.16,"",0,0.0,-2,-6.2,-4,-12.5,-1,-3.4,-7484,-1.9,0,0.0,0,0.0,59,6.1
"27121","3","10","71","0","2017","4","",15,822,824,853,9873250,0,0,912,"",2.55,1.84,1.87,1.97,2.30,0.00,0.00,1.22,"",1,7.1,30,3.8,16,2.0,40,4.9,566153,6.1,0,0.0,0,0.0,22,2.5
"27121","5","10","71","0","2017","4","",320,3615,3540,3455,39229289,10719539,114715,853,"",0.95,0.94,0.94,0.93,0.92,1.03,1.01,0.98,"",10,3.2,69,1.9,60,1.7,83,2.5,148459,0.4,-477253,-4.3,-18662,-14.0,-14,-1.6
"27123","0","10","70","0","2017","4","",13551,335253,335339,334891,5236447605,726968594,8424087,1202,"",1.00,1.00,1.00,1.00,1.00,1.00,1.00,1.00,"",651,5.0,5455,1.7,5447,1.7,4668,1.4,237324093,4.7,42894776,6.3,-360930,-4.1,37,3.2
"27123","1","10","71","0","2017","4","",60,2312,2284,2284,45359221,0,0,1521,"",0.74,0.36,0.36,0.35,0.32,0.00,0.00,0.88,"",-1,-1.6,-50,-2.1,-68,-2.9,-77,-3.3,1887329,4.3,0,0.0,0,0.0,103,7.3
"27123","2","10","71","0","2017","4","",261,24687,24681,24477,360228673,0,0,1126,"",2.75,2.29,2.30,2.29,2.11,0.00,0.00,0.92,"",1,0.4,855,3.6,1044,4.4,973,4.1,5713933,1.6,0,0.0,0,0.0,-27,-2.3
"27123","3","10","71","0","2017","4","",248,25271,25282,24716,377802146,1044663,9857,1158,"",1.08,0.76,0.76,0.75,0.84,0.07,0.22,1.11,"",-4,-1.6,156,0.6,211,0.8,2,0.0,7888019,2.1,69481,7.1,-3442,-25.9,18,1.6
"27123","5","10","71","0","2017","4","",12982,282983,283092,283414,4453057565,725923931,8414230,1210,"",0.99,0.99,0.99,1.00,1.00,1.03,1.01,1.00,"",655,5.3,4494,1.6,4260,1.5,3770,1.3,221834812,5.2,42825295,6.3,-357488,-4.1,43,3.7
"27125","0","10","70","0","2017","4","",125,1061,1054,1015,9707809,2207997,83173,716,"",1.00,1.00,1.00,1.00,1.00,1.00,1.00,1.00,"",4,3.3,15,1.4,20,1.9,-10,-1.0,533401,5.8,137349,6.6,19644,30.9,34,5.0
"27125","1","10","71","0","2017","4","",6,17,16,17,209120,0,0,965,"",8.00,0.83,0.79,0.87,0.78,0.00,0.00,0.94,"",0,0.0,0,0.0,-3,-15.8,-6,-26.1,8408,4.2,0,0.0,0,0.0,180,22.9
"27125","2","10","71","0","2017","4","N",1,0,0,0,0,0,0,0,"N",1.14,0,0,0,0,0,0,0,"N",0,0.0,0,0,0,0,0,0,0,0,0,0,0,0,0,0
"27125","3","10","71","0","2017","4","N",12,0,0,0,0,0,0,0,"N",5.65,0,0,0,0,0,0,0,"N",0,0.0,0,0,0,0,0,0,0,0,0,0,0,0,0,0
"27125","5","10","71","0","2017","4","",106,779,770,721,7030709,2207997,83173,715,"",0.87,0.86,0.86,0.84,0.85,1.03,1.01,0.99,"",4,3.9,15,2.0,17,2.3,-12,-1.6,466685,7.1,137349,6.6,19644,30.9,42,6.2
"27127","0","10","70","0","2017","4","",560,6017,6018,6130,58985600,15518897,188371,749,"",1.00,1.00,1.00,1.00,1.00,1.00,1.00,1.00,"",26,4.9,-573,-8.7,-661,-9.9,-649,-9.6,-3384989,-5.4,-861679,-5.3,-4601,-2.4,31,4.3
"27127","1","10","71","0","2017","4","",14,48,51,53,626640,0,0,951,"",4.17,0.41,0.44,0.45,0.39,0.00,0.00,0.89,"",0,0.0,-7,-12.7,0,0.0,-4,-7.0,23072,3.8,0,0.0,0,0.0,96,11.2
"27127","2","10","71","0","2017","4","",9,120,114,114,1308814,0,0,868,"",2.29,0.62,0.59,0.58,0.68,0.00,0.00,1.14,"",0,0.0,6,5.3,3,2.7,2,1.8,49242,3.9,0,0.0,0,0.0,5,0.6
"27127","3","10","71","0","2017","4","",34,1215,1255,1418,11374752,1088,1,675,"",3.57,2.04,2.10,2.34,2.24,0.00,0.00,1.04,"",0,0.0,-550,-31.2,-590,-32.0,-505,-26.3,-3714680,-24.6,-2485188,-100.0,-26841,-100.0,46,7.3
"27127","5","10","71","0","2017","4","",503,4634,4598,4545,45675394,15517809,188370,765,"",0.93,0.91,0.90,0.87,0.91,1.03,1.01,1.02,"",26,5.5,-22,-0.5,-74,-1.6,-142,-3.0,257377,0.6,1623509,11.7,22240,13.4,17,2.3
"27129","0","10","70","0","2017","4","",587,6541,6412,5922,69005039,18798608,465798,844,"",1.00,1.00,1.00,1.00,1.00,1.00,1.00,1.00,"",16,2.8,491,8.1,742,13.1,529,9.8,7523034,12.2,2996401,19.0,5159,1.1,15,1.8
"27129","1","10","71","0","2017","4","",13,58,57,58,675086,0,0,901,"",3.69,0.46,0.46,0.51,0.36,0.00,0.00,0.75,"",0,0.0,-2,-3.3,-2,-3.4,-5,-7.9,-5976,-0.9,0,0.0,0,0.0,37,4.3
"27129","2","10","71","0","2017","4","",3,11,11,12,142899,0,0,970,"",0.73,0.05,0.05,0.06,0.06,0.00,0.00,1.13,"",0,0.0,-1,-8.3,-1,-8.3,-1,-7.7,-15934,-10.0,0,0.0,0,0.0,-21,-2.1
"27129","3","10","71","0","2017","4","",36,1682,1721,1721,14874078,2386501,23388,670,"",3.61,2.60,2.70,2.94,2.51,6.41,9.54,0.92,"",1,2.9,583,53.0,616,55.7,582,51.1,4538618,43.9,2386501,100.0,23388,100.0,-43,-6.0
"27129","5","10","71","0","2017","4","",535,4790,4623,4131,53312976,16412107,442410,908,"",0.94,0.86,0.85,0.82,0.90,0.90,0.96,1.07,"",15,2.9,-89,-1.8,129,2.9,-47,-1.1,3006326,6.0,609900,3.9,-18229,-4.0,51,6.0
"27131","0","10","70","0","2017","4","",1583,25218,25091,24987,298374742,56716149,624982,914,"",1.00,1.00,1.00,1.00,1.00,1.00,1.00,1.00,"",70,4.6,288,1.2,150,0.6,307,1.2,9664318,3.3,2381091,4.4,-59910,-8.7,20,2.2
"27131","1","10","71","0","2017","4","",16,134,134,144,1938280,0,0,1086,"",1.69,0.28,0.28,0.30,0.24,0.00,0.00,0.83,"",0,0.0,3,2.3,3,2.3,9,6.7,102003,5.6,0,0.0,0,0.0,19,1.8
"27131","2","10","71","0","2017","4","",35,1132,1124,1139,13671441,0,0,929,"",3.16,1.40,1.40,1.43,1.40,0.00,0.00,1.00,"",3,9.4,14,1.3,-2,-0.2,4,0.4,42718,0.3,0,0.0,0,0.0,-2,-0.2
"27131","3","10","71","0","2017","4","",42,2334,2382,2433,26548549,26730,27,857,"",1.56,0.93,0.96,0.98,1.03,0.02,0.01,1.08,"",-1,-2.3,-25,-1.1,-30,-1.2,-48,-1.9,451058,1.7,70,0.3,0,0.0,27,3.3
"27131","5","10","71","0","2017","4","",1490,21618,21451,21271,256216472,56689419,624955,919,"",0.97,1.01,1.01,1.00,1.01,1.03,1.01,1.00,"",68,4.8,296,1.4,179,0.8,342,1.6,9068539,3.7,2381021,4.4,-59910,-8.7,21,2.3
"27133","0","10","70","0","2017","4","",303,3615,3601,3659,36677537,6957728,41301,778,"",1.00,1.00,1.00,1.00,1.00,1.00,1.00,1.00,"",15,5.2,40,1.1,-9,-0.2,23,0.6,3395810,10.2,533732,8.3,8358,25.4,68,9.6
"27133","1","10","71","0","2017","4","",7,24,25,25,284728,0,0,888,"",3.85,0.34,0.36,0.35,0.28,0.00,0.00,0.80,"",0,0.0,-4,-14.3,-3,-10.7,-5,-16.7,-32142,-10.1,0,0.0,0,0.0,38,4.5
"27133","2","10","71","0","2017","4","",6,229,216,213,1899478,0,0,666,"",2.83,1.97,1.87,1.83,1.59,0.00,0.00,0.84,"N",0,0.0,0,0,0,0,0,0,0,0,0,0,0,0,0,0
"27133","3","10","71","0","2017","4","",18,521,524,573,4816772,0,0,687,"",3.50,1.45,1.47,1.58,1.53,0.00,0.00,1.02,"N",0,0.0,0,0,0,0,0,0,0,0,0,0,0,0,0,0
"27133","5","10","71","0","2017","4","",272,2841,2836,2848,29676559,6957728,41301,803,"",0.93,0.93,0.93,0.92,0.95,1.03,1.01,1.03,"",15,5.8,27,1.0,20,0.7,30,1.1,3169689,12.0,533732,8.3,8358,25.4,79,10.9
"27135","0","10","70","0","2017","4","",461,8119,8138,8187,99217725,16947286,185358,937,"",1.00,1.00,1.00,1.00,1.00,1.00,1.00,1.00,"",11,2.4,56,0.7,79,1.0,94,1.2,12472972,14.4,-1193535,-6.6,10621,6.1,110,13.3
"27135","1","10","71","0","2017","4","",11,93,89,91,1684432,0,0,1424,"",3.98,0.60,0.57,0.58,0.62,0.00,0.00,1.06,"",0,0.0,1,1.1,-1,-1.1,-3,-3.2,64038,4.0,0,0.0,0,0.0,69,5.1
"27135","2","10","71","0","2017","4","",10,58,55,49,665546,0,0,948,"",3.10,0.22,0.21,0.19,0.21,0.00,0.00,0.99,"",0,0.0,-1,-1.7,-4,-6.8,-6,-10.9,2395,0.4,0,0.0,0,0.0,63,7.1
"27135","3","10","71","0","2017","4","",25,968,1000,983,9309947,0,0,728,"",3.19,1.20,1.24,1.21,1.09,0.00,0.00,0.90,"",0,0.0,8,0.8,1,0.1,22,2.3,9496,0.1,0,0.0,0,0.0,-7,-1.0
"27135","5","10","71","0","2017","4","",415,7000,6994,7064,87557800,16947286,185358,960,"",0.93,1.01,1.01,1.02,1.03,1.03,1.01,1.02,"",11,2.7,48,0.7,83,1.2,81,1.2,12397043,16.5,-1193535,-6.6,10621,6.1,128,15.4
"27137","0","10","70","0","2017","4","",5330,99113,98452,98137,1146832872,219370012,3264263,895,"",1.00,1.00,1.00,1.00,1.00,1.00,1.00,1.00,"",149,2.9,544,0.6,820,0.8,1023,1.1,40012800,3.6,11379331,5.5,171728,5.6,24,2.8
"27137","1","10","71","0","2017","4","",75,1396,1372,1369,23194663,0,0,1294,"",2.35,0.73,0.73,0.72,0.74,0.00,0.00,1.01,"",0,0.0,22,1.6,7,0.5,6,0.4,550200,2.4,0,0.0,0,0.0,20,1.6
"27137","2","10","71","0","2017","4","",89,4036,3987,3853,45020488,0,0,875,"",2.38,1.27,1.26,1.23,1.20,0.00,0.00,0.96,"",3,3.5,127,3.2,151,3.9,27,0.7,-5229366,-10.4,0,0.0,0,0.0,-127,-12.7
"27137","3","10","71","0","2017","4","",191,10548,10668,10663,120622761,667129,6718,873,"",2.11,1.07,1.09,1.10,1.22,0.15,0.39,1.12,"",4,2.1,120,1.2,69,0.7,189,1.8,2719864,2.3,-16390,-2.4,-1477,-18.0,9,1.0
"27137","5","10","71","0","2017","4","",4975,83133,82425,82252,957994960,218702883,3257545,892,"",0.96,0.99,0.99,0.99,0.98,1.03,1.00,0.99,"",142,2.9,275,0.3,593,0.7,801,1.0,41972102,4.6,11395721,5.5,173205,5.6,33,3.8
"27139","0","10","70","0","2017","4","",3184,54409,54112,53745,684030677,155902422,2261837,973,"",1.00,1.00,1.00,1.00,1.00,1.00,1.00,1.00,"",199,6.7,3822,7.6,3904,7.8,2878,5.7,61194470,9.8,24359073,18.5,47763,2.2,25,2.6
"27139","1","10","71","0","2017","4","",7,126,127,126,1894755,0,0,1154,"",0.37,0.12,0.12,0.12,0.10,0.00,0.00,0.83,"",0,0.0,5,4.1,-2,-1.6,-3,-2.3,79686,4.4,0,0.0,0,0.0,49,4.4
"27139","2","10","71","0","2017","4","",11,360,359,359,4676106,0,0,1001,"",0.49,0.21,0.21,0.21,0.21,0.00,0.00,1.01,"",0,0.0,12,3.4,11,3.2,10,2.9,128659,2.8,0,0.0,0,0.0,-3,-0.3
"27139","3","10","71","0","2017","4","",65,9374,9360,9421,116028104,2344743,18111,951,"",1.20,1.74,1.74,1.77,1.97,0.76,1.52,1.13,"",6,10.2,-53,-0.6,-3,0.0,-7,-0.1,3304861,2.9,-66106,-2.7,-1880,-9.4,29,3.1
"27139","5","10","71","0","2017","4","",3101,44549,44266,43839,561431712,153557679,2243726,977,"",1.00,0.96,0.96,0.96,0.96,1.02,1.00,1.00,"",193,6.6,3858,9.5,3898,9.7,2878,7.0,57681264,11.5,24425179,18.9,49643,2.3,24,2.5
"27141","0","10","70","0","2017","4","",1978,26114,25696,25551,291406958,62535149,1016495,869,"",1.00,1.00,1.00,1.00,1.00,1.00,1.00,1.00,"",98,5.2,-30,-0.1,-149,-0.6,66,0.3,6259140,2.2,977031,1.6,-117372,-10.4,20,2.4
"27141","1","10","71","0","2017","4","",12,125,130,131,1894861,0,0,1133,"",1.01,0.25,0.26,0.27,0.24,0.00,0.00,0.91,"",1,9.1,-2,-1.6,9,7.4,-1,-0.8,93388,5.2,0,0.0,0,0.0,39,3.6
"27141","2","10","71","0","2017","4","",9,467,471,475,6322846,0,0,1033,"",0.65,0.56,0.57,0.58,0.66,0.00,0.00,1.17,"",0,0.0,-2,-0.4,5,1.1,7,1.5,202202,3.3,0,0.0,0,0.0,26,2.6
"27141","3","10","71","0","2017","4","",56,3847,3862,3887,47292334,14599,15,941,"",1.67,1.49,1.51,1.54,1.89,0.01,0.00,1.25,"",0,0.0,-125,-3.1,-73,-1.9,-48,-1.2,950666,2.1,-474,-3.1,-18,-54.5,38,4.2
"27141","5","10","71","0","2017","4","",1901,21675,21233,21058,235896917,62520550,1016480,851,"",0.99,0.98,0.97,0.97,0.95,1.03,1.01,0.97,"",97,5.4,99,0.5,-90,-0.4,108,0.5,5012884,2.2,977505,1.6,-117354,-10.4,17,2.0
"27143","0","10","70","0","2017","4","",399,4875,4851,4254,46961430,14074047,388281,775,"",1.00,1.00,1.00,1.00,1.00,1.00,1.00,1.00,"",10,2.6,310,6.8,321,7.1,136,3.3,325227,0.7,1882073,15.4,84495,27.8,-40,-4.9
"27143","1","10","71","0","2017","4","",10,40,38,38,478017,0,0,951,"",4.18,0.43,0.41,0.46,0.37,0.00,0.00,0.86,"",0,0.0,-1,-2.4,1,2.7,-1,-2.6,-5983,-1.2,0,0.0,0,0.0,-4,-0.4
"27143","2","10","71","0","2017","4","",4,11,11,11,143989,0,0,1007,"",1.43,0.07,0.07,0.08,0.09,0.00,0.00,1.27,"",0,0.0,-2,-15.4,-2,-15.4,-2,-15.4,-1247,-0.9,0,0.0,0,0.0,148,17.2
"27143","3","10","71","0","2017","4","",28,788,806,826,6996796,0,0,667,"",4.13,1.63,1.67,1.96,1.73,0.00,0.00,0.99,"",1,3.7,58,7.9,13,1.6,46,5.9,326091,4.9,0,0.0,0,0.0,-1,-0.1
"27143","5","10","71","0","2017","4","",357,4036,3996,3379,39342628,14074047,388281,796,"",0.92,0.97,0.97,0.93,0.98,1.03,1.01,1.02,"",9,2.6,255,6.7,309,8.4,93,2.8,6366,0.0,1882073,15.4,84495,27.8,-48,-5.7
"27145","0","10","70","0","2017","4","",4351,87577,87302,87049,1031075576,205742303,2433537,908,"",1.00,1.00,1.00,1.00,1.00,1.00,1.00,1.00,"",154,3.7,493,0.6,545,0.6,680,0.8,50996626,5.2,4430282,2.2,-190295,-7.3,39,4.5
"27145","1","10","71","0","2017","4","",36,2335,2334,2378,40994249,0,0,1342,"",1.38,1.39,1.40,1.42,1.45,0.00,0.00,1.03,"",1,2.9,108,4.8,107,4.8,130,5.8,2288345,5.9,0,0.0,0,0.0,9,0.7
"27145","2","10","71","0","2017","4","",27,2218,2205,2178,31095814,0,0,1087,"",0.89,0.79,0.79,0.78,0.92,0.00,0.00,1.17,"",-1,-3.6,-54,-2.4,-76,-3.3,-87,-3.8,-1913163,-5.8,0,0.0,0,0.0,-30,-2.7
"27145","3","10","71","0","2017","4","",108,6666,6682,6779,76202171,48758,75,874,"",1.46,0.77,0.77,0.79,0.86,0.01,0.01,1.11,"",1,0.9,-47,-0.7,-35,-0.5,-17,-0.3,3424254,4.7,-14216,-22.6,-18,-19.4,44,5.3
"27145","5","10","71","0","2017","4","",4180,76358,76081,75714,882783342,205693545,2433462,893,"",0.99,1.03,1.03,1.02,1.00,1.03,1.01,0.98,"",153,3.8,486,0.6,549,0.7,654,0.9,47197190,5.6,4444498,2.2,-190277,-7.3,42,4.9
"27147","0","10","70","0","2017","4","",973,21114,21145,21199,237597543,60475944,950092,864,"",1.00,1.00,1.00,1.00,1.00,1.00,1.00,1.00,"",25,2.6,-1387,-6.2,-1095,-4.9,-1145,-5.1,11173060,4.9,3053324,5.3,188823,24.8,85,10.9
"27147","1","10","71","0","2017","4","",7,75,76,77,1081227,0,0,1094,"",1.20,0.18,0.19,0.19,0.17,0.00,0.00,0.89,"",0,0.0,2,2.7,2,2.7,0,0.0,29716,2.8,0,0.0,0,0.0,11,1.0
"27147","2","10","71","0","2017","4","",11,141,140,141,1790042,0,0,979,"",1.61,0.21,0.21,0.21,0.23,0.00,0.00,1.11,"",2,22.2,5,3.7,6,4.5,4,2.9,128628,7.7,0,0.0,0,0.0,37,3.9
"27147","3","10","71","0","2017","4","",33,1962,1936,1915,23867214,2350,2,948,"",2.00,0.94,0.92,0.91,1.17,0.00,0.00,1.26,"",1,3.1,105,5.7,90,4.9,68,3.7,951553,4.2,-920187,-99.7,-14595,-100.0,-5,-0.5
"27147","5","10","71","0","2017","4","",922,18936,18993,19066,210859060,60473594,950090,854,"",0.98,1.06,1.06,1.06,1.04,1.03,1.01,0.98,"",22,2.4,-1499,-7.3,-1193,-5.9,-1217,-6.0,10063163,5.0,3973511,7.0,203418,27.2,93,12.2
"27149","0","10","70","0","2017","4","",340,5791,5734,5581,70149029,11562021,171872,946,"",1.00,1.00,1.00,1.00,1.00,1.00,1.00,1.00,"",3,0.9,133,2.4,150,2.7,68,1.2,10182100,17.0,1400509,13.8,-3289,-1.9,120,14.5
"27149","1","10","71","0","2017","4","",9,72,75,70,1056493,0,0,1124,"",4.41,0.65,0.68,0.65,0.55,0.00,0.00,0.83,"",0,0.0,0,0.0,0,0.0,-4,-5.4,48446,4.8,0,0.0,0,0.0,71,6.7
"27149","2","10","71","0","2017","4","N",5,0,0,0,0,0,0,0,"N",2.10,0,0,0,0,0,0,0,"N",0,0.0,0,0,0,0,0,0,0,0,0,0,0,0,0,0
"27149","3","10","71","0","2017","4","N",19,0,0,0,0,0,0,0,"N",3.29,0,0,0,0,0,0,0,"N",0,0.0,0,0,0,0,0,0,0,0,0,0,0,0,0,0
"27149","5","10","71","0","2017","4","",307,4485,4425,4275,59239359,11562021,171872,1037,"",0.93,0.91,0.91,0.90,0.99,1.03,1.01,1.09,"",3,1.0,132,3.0,151,3.5,94,2.2,10830123,22.4,1400509,13.8,-3289,-1.9,165,18.9
"27151","0","10","70","0","2017","4","",333,3714,3723,3705,39434403,8258520,130755,817,"",1.00,1.00,1.00,1.00,1.00,1.00,1.00,1.00,"",7,2.1,123,3.4,59,1.6,117,3.3,3744871,10.5,304780,3.8,15946,13.9,57,7.5
"27151","1","10","71","0","2017","4","",10,52,49,50,536409,0,0,820,"",5.01,0.73,0.69,0.70,0.49,0.00,0.00,0.70,"",0,0.0,3,6.1,1,2.1,1,2.0,25181,4.9,0,0.0,0,0.0,12,1.5
"27151","2","10","71","0","2017","4","",4,9,11,10,110820,0,0,852,"",1.71,0.08,0.09,0.08,0.09,0.00,0.00,1.02,"",0,0.0,0,0.0,1,10.0,0,0.0,4451,4.2,0,0.0,0,0.0,6,0.7
"27151","3","10","71","0","2017","4","",21,920,965,956,8486248,0,0,689,"",3.71,2.50,2.61,2.61,2.50,0.00,0.00,0.97,"",-1,-4.5,58,6.7,31,3.3,57,6.3,468046,5.8,0,0.0,0,0.0,2,0.3
"27151","5","10","71","0","2017","4","",298,2733,2698,2689,30300926,8258520,130755,861,"",0.92,0.87,0.85,0.85,0.90,1.03,1.01,1.05,"",8,2.8,62,2.3,26,1.0,59,2.2,3247193,12.0,304780,3.8,15946,13.9,78,10.0
"27153","0","10","70","0","2017","4","",569,6679,6506,6483,67633177,15475567,133042,794,"",1.00,1.00,1.00,1.00,1.00,1.00,1.00,1.00,"",28,5.2,637,10.5,509,8.5,475,7.9,9872378,17.1,421156,2.8,8149,6.5,55,7.4
"27153","1","10","71","0","2017","4","",13,86,81,81,1061886,0,0,988,"",3.81,0.67,0.65,0.65,0.57,0.00,0.00,0.87,"",-1,-7.1,6,7.5,1,1.2,3,3.8,80950,8.3,0,0.0,0,0.0,37,3.9
"27153","2","10","71","0","2017","4","",4,19,18,17,179910,0,0,769,"",1.00,0.09,0.09,0.08,0.08,0.00,0.00,0.95,"",0,0.0,3,18.8,5,38.5,2,13.3,18155,11.2,0,0.0,0,0.0,-79,-9.3
"27153","3","10","71","0","2017","4","",40,1322,1353,1368,11914503,3786,4,680,"",4.14,2.00,2.09,2.13,2.05,0.01,0.01,0.99,"",-1,-2.4,45,3.5,44,3.4,46,3.5,675281,6.0,1851,95.7,2,100.0,16,2.4
"27153","5","10","71","0","2017","4","",512,5252,5054,5017,54476878,15471781,133038,820,"",0.93,0.93,0.91,0.91,0.94,1.03,1.01,1.03,"",30,6.2,583,12.5,459,10.0,424,9.2,9097992,20.0,419305,2.8,8147,6.5,64,8.5
"27155","0","10","70","0","2017","4","",144,1205,1199,1146,10802829,2683913,37293,702,"",1.00,1.00,1.00,1.00,1.00,1.00,1.00,1.00,"",2,1.4,69,6.1,77,6.9,79,7.4,912741,9.2,121511,4.7,2590,7.5,16,2.3
"27155","1","10","71","0","2017","4","",6,28,27,27,313949,0,0,884,"",6.95,1.21,1.18,1.22,1.06,0.00,0.00,0.88,"",0,0.0,1,3.7,-1,-3.6,2,8.0,24018,8.3,0,0.0,0,0.0,48,5.7
"27155","2","10","71","0","2017","4","N",2,0,0,0,0,0,0,0,"N",1.98,0,0,0,0,0,0,0,"N",0,0.0,0,0,0,0,0,0,0,0,0,0,0,0,0,0
"27155","3","10","71","0","2017","4","N",8,0,0,0,0,0,0,0,"N",3.27,0,0,0,0,0,0,0,"N",0,0.0,0,0,0,0,0,0,0,0,0,0,0,0,0,0
"27155","5","10","71","0","2017","4","",128,913,893,868,8028312,2683913,37293,693,"",0.92,0.89,0.88,0.89,0.87,1.03,1.01,0.98,"",2,1.6,57,6.7,80,9.8,83,10.6,764379,10.5,121511,4.7,2590,7.5,10,1.5
"27157","0","10","70","0","2017","4","",571,6920,6685,6631,64368493,16865797,274622,734,"",1.00,1.00,1.00,1.00,1.00,1.00,1.00,1.00,"",14,2.5,-118,-1.7,22,0.3,56,0.9,3843546,6.4,1732289,11.4,55287,25.2,45,6.5
"27157","1","10","71","0","2017","4","",11,52,50,50,688953,0,0,1046,"",3.21,0.39,0.39,0.39,0.39,0.00,0.00,1.00,"",0,0.0,-2,-3.7,-4,-7.4,-8,-13.8,23714,3.6,0,0.0,0,0.0,121,13.1
"27157","2","10","71","0","2017","4","",6,55,48,48,679757,0,0,1039,"",1.50,0.25,0.22,0.23,0.32,0.00,0.00,1.39,"N",0,0.0,0,0,0,0,0,0,0,0,0,0,0,0,0,0
"27157","3","10","71","0","2017","4","",22,1015,1024,1049,9939331,0,0,743,"",2.27,1.48,1.54,1.60,1.80,0.00,0.00,1.17,"N",0,0.0,0,0,0,0,0,0,0,0,0,0,0,0,0,0
"27157","5","10","71","0","2017","4","",532,5798,5563,5484,53060452,16865797,274622,727,"",0.96,0.99,0.98,0.97,0.97,1.03,1.01,0.99,"",14,2.7,-132,-2.2,33,0.6,45,0.8,3467008,7.0,1732289,11.4,55287,25.2,50,7.4
"27159","0","10","70","0","2017","4","",413,5397,5493,5447,53576453,11821352,138620,757,"",1.00,1.00,1.00,1.00,1.00,1.00,1.00,1.00,"",11,2.7,-473,-8.1,-408,-6.9,-391,-6.7,-5008739,-8.5,810057,7.4,6060,4.6,-11,-1.4
"27159","1","10","71","0","2017","4","",9,51,54,50,670014,0,0,998,"",3.63,0.49,0.51,0.48,0.45,0.00,0.00,0.92,"",0,0.0,-3,-5.6,1,1.9,-3,-5.7,10870,1.6,0,0.0,0,0.0,47,4.9
"27159","2","10","71","0","2017","4","",10,155,153,149,1867382,0,0,943,"",3.46,0.89,0.87,0.86,1.07,0.00,0.00,1.22,"",1,11.1,-1,-0.6,-1,-0.6,-3,-2.0,-59218,-3.1,0,0.0,0,0.0,-19,-2.0
"27159","3","10","71","0","2017","4","",22,1258,1324,1317,11019093,0,0,652,"",3.13,2.35,2.43,2.44,2.39,0.00,0.00,0.99,"",1,4.8,38,3.1,51,4.0,20,1.5,584770,5.6,0,0.0,0,0.0,17,2.7
"27159","5","10","71","0","2017","4","",372,3933,3962,3931,40019964,11821352,138620,781,"",0.93,0.86,0.85,0.85,0.87,1.03,1.01,1.03,"",9,2.5,-507,-11.4,-459,-10.4,-405,-9.3,-5545161,-12.2,810057,7.4,6060,4.6,-16,-2.0
"27161","0","10","70","0","2017","4","",514,6557,6323,6194,67121064,17012136,347690,812,"",1.00,1.00,1.00,1.00,1.00,1.00,1.00,1.00,"",21,4.3,54,0.8,-69,-1.1,-139,-2.2,3110669,4.9,908901,5.6,90818,35.4,44,5.7
"27161","1","10","71","0","2017","4","",6,256,256,262,4065529,0,0,1212,"",1.95,2.03,2.12,2.20,2.20,0.00,0.00,1.04,"",1,20.0,5,2.0,3,1.2,-2,-0.8,181187,4.7,0,0.0,0,0.0,45,3.9
"27161","2","10","71","0","2017","4","N",5,0,0,0,0,0,0,0,"N",1.39,0,0,0,0,0,0,0,"N",1,25.0,0,0,0,0,0,0,0,0,0,0,0,0,0,0
"27161","3","10","71","0","2017","4","N",36,0,0,0,0,0,0,0,"N",4.12,0,0,0,0,0,0,0,"N",0,0.0,0,0,0,0,0,0,0,0,0,0,0,0,0,0
"27161","5","10","71","0","2017","4","",467,5199,4946,4855,52411450,17012136,347690,806,"",0.94,0.93,0.92,0.92,0.91,1.03,1.01,0.99,"",19,4.2,18,0.3,-100,-2.0,-140,-2.8,2698415,5.4,1404757,9.0,98702,39.6,52,6.9
"27163","0","10","70","0","2017","4","",5624,86049,85831,86368,1055341200,232958015,2501566,943,"",1.00,1.00,1.00,1.00,1.00,1.00,1.00,1.00,"",293,5.5,2896,3.5,3200,3.9,3843,4.7,88044063,9.1,17970504,8.4,-43617,-1.7,44,4.9
"27163","1","10","71","0","2017","4","",24,388,390,387,6395070,0,0,1267,"",0.71,0.23,0.24,0.23,0.22,0.00,0.00,0.94,"",0,0.0,-6,-1.5,-5,-1.3,-18,-4.4,146258,2.3,0,0.0,0,0.0,59,4.9
"27163","2","10","71","0","2017","4","",19,1490,1491,1487,19580096,0,0,1011,"",0.48,0.54,0.54,0.54,0.57,0.00,0.00,1.05,"",0,0.0,-12,-0.8,-12,-0.8,-10,-0.7,-340177,-1.7,0,0.0,0,0.0,-10,-1.0
"27163","3","10","71","0","2017","4","",124,9844,9776,9705,118347445,381908,2704,931,"",1.30,1.15,1.15,1.14,1.30,0.08,0.21,1.14,"",5,4.2,83,0.9,82,0.8,140,1.5,-1798708,-1.5,-48528,-11.3,-4750,-63.7,-24,-2.5
"27163","5","10","71","0","2017","4","",5457,74327,74174,74789,911018589,232576107,2498862,942,"",1.00,1.02,1.02,1.02,1.01,1.03,1.01,0.99,"",288,5.6,2831,4.0,3135,4.4,3731,5.3,90036690,11.0,18019032,8.4,-38867,-1.5,55,6.2
"27165","0","10","70","0","2017","4","",322,4385,4431,4447,39463759,12873949,132941,687,"",1.00,1.00,1.00,1.00,1.00,1.00,1.00,1.00,"",15,4.9,171,4.1,220,5.2,155,3.6,1873797,5.0,1109694,9.4,18504,16.2,5,0.7
"27165","1","10","71","0","2017","4","",11,49,51,50,615487,0,0,947,"",5.70,0.58,0.60,0.58,0.57,0.00,0.00,0.96,"",0,0.0,-1,-2.0,-6,-10.5,-3,-5.7,11872,2.0,0,0.0,0,0.0,76,8.7
"27165","2","10","71","0","2017","4","",5,33,31,31,409510,0,0,995,"",2.22,0.23,0.22,0.22,0.32,0.00,0.00,1.42,"",1,25.0,3,10.0,1,3.3,1,3.3,30349,8.0,0,0.0,0,0.0,23,2.4
"27165","3","10","71","0","2017","4","",26,774,812,846,6509901,36353,1062,618,"",4.75,1.78,1.85,1.92,1.92,0.14,1.52,1.04,"",0,0.0,61,8.6,79,10.8,46,5.8,158893,2.5,4524,14.2,-326,-23.5,-35,-5.4
"27165","5","10","71","0","2017","4","",280,3529,3537,3520,31928861,12837596,131879,696,"",0.90,0.95,0.94,0.93,0.95,1.03,1.00,1.01,"",14,5.3,108,3.2,146,4.3,111,3.3,1672683,5.5,1105170,9.4,18830,16.7,13,1.9
"27167","0","10","70","0","2017","4","",207,2072,1911,1810,19934032,4781809,52207,794,"",1.00,1.00,1.00,1.00,1.00,1.00,1.00,1.00,"",2,1.0,-194,-8.6,-199,-9.4,-164,-8.3,-3091215,-13.4,-1038761,-17.8,-17341,-24.9,-43,-5.1
"27167","1","10","71","0","2017","4","",8,20,20,20,176009,0,0,677,"",6.44,0.50,0.55,0.57,0.32,0.00,0.00,0.60,"",0,0.0,3,17.6,4,25.0,0,0.0,9461,5.7,0,0.0,0,0.0,-48,-6.6
"27167","2","10","71","0","2017","4","N",2,0,0,0,0,0,0,0,"N",1.38,0,0,0,0,0,0,0,"N",0,0.0,0,0,0,0,0,0,0,0,0,0,0,0,0,0
"27167","3","10","71","0","2017","4","N",16,0,0,0,0,0,0,0,"N",4.55,0,0,0,0,0,0,0,"N",0,0.0,0,0,0,0,0,0,0,0,0,0,0,0,0,0
"27167","5","10","71","0","2017","4","",181,1646,1473,1383,15701577,4781809,52207,805,"",0.90,0.94,0.91,0.90,0.92,1.03,1.01,1.01,"",2,1.1,-196,-10.6,-208,-12.4,-157,-10.2,-3294151,-17.3,-1038761,-17.8,-17341,-24.9,-61,-7.0
"27169","0","10","70","0","2017","4","",1168,24895,24994,24811,267488411,58156830,620209,826,"",1.00,1.00,1.00,1.00,1.00,1.00,1.00,1.00,"",34,3.0,-131,-0.5,1,0.0,70,0.3,15751016,6.3,2614611,4.7,9537,1.6,49,6.3
"27169","1","10","71","0","2017","4","",15,131,127,133,1966559,0,0,1161,"",2.14,0.27,0.27,0.28,0.27,0.00,0.00,0.98,"",-1,-6.2,-11,-7.7,-13,-9.3,-6,-4.3,-133599,-6.4,0,0.0,0,0.0,10,0.9
"27169","2","10","71","0","2017","4","",21,1265,1257,1268,17049090,54994,1424,1038,"",2.57,1.58,1.57,1.60,1.95,0.07,1.74,1.23,"",0,0.0,-47,-3.6,-49,-3.8,-27,-2.1,-643861,-3.6,9976,22.2,299,26.6,-5,-0.5
"27169","3","10","71","0","2017","4","",24,1798,1840,1873,18371002,0,0,769,"",1.21,0.73,0.74,0.76,0.80,0.00,0.00,1.07,"",0,0.0,-1,-0.1,35,1.9,9,0.5,529985,3.0,0,0.0,0,0.0,16,2.1
"27169","5","10","71","0","2017","4","",1108,21701,21770,21537,230101760,58101836,618785,817,"",0.98,1.03,1.03,1.02,1.01,1.03,1.00,0.98,"",35,3.3,-72,-0.3,28,0.1,94,0.4,15998491,7.5,2604635,4.7,9238,1.5,56,7.4
"27171","0","10","70","0","2017","4","",3204,44238,43858,43862,476251838,113940344,1627959,833,"",1.00,1.00,1.00,1.00,1.00,1.00,1.00,1.00,"",183,6.1,965,2.2,957,2.2,1519,3.6,24313578,5.4,5496469,5.1,62073,4.0,21,2.6
"27171","1","10","71","0","2017","4","",24,194,196,191,2618496,0,0,1040,"",1.25,0.23,0.23,0.23,0.20,0.00,0.00,0.87,"",-1,-4.0,-4,-2.0,4,2.1,-7,-3.5,-10099,-0.4,0,0.0,0,0.0,8,0.8
"27171","2","10","71","0","2017","4","",15,180,179,182,2270895,0,0,969,"",0.67,0.13,0.13,0.13,0.15,0.00,0.00,1.14,"",2,15.4,39,27.7,42,30.7,30,19.7,474882,26.4,0,0.0,0,0.0,5,0.5
"27171","3","10","71","0","2017","4","",94,6301,6351,6376,66065961,1800,2,801,"",1.73,1.44,1.46,1.47,1.61,0.00,0.00,1.11,"",5,5.6,378,6.4,380,6.4,330,5.5,3615787,5.8,0,0.0,0,0.0,-2,-0.2
"27171","5","10","71","0","2017","4","",3071,37563,37132,37113,405296486,113938544,1627957,837,"",0.99,1.00,1.00,1.00,1.00,1.03,1.01,1.00,"",177,6.1,552,1.5,531,1.5,1166,3.2,20233008,5.3,5496469,5.1,62073,4.0,26,3.2
"27173","0","10","70","0","2017","4","",354,4115,4137,4155,39357193,8222827,109763,732,"",1.00,1.00,1.00,1.00,1.00,1.00,1.00,1.00,"",9,2.6,5,0.1,-7,-0.2,-32,-0.8,2342728,6.3,809119,10.9,27947,34.2,45,6.6
"27173","1","10","71","0","2017","4","",10,40,37,38,449871,0,0,903,"",4.71,0.50,0.47,0.47,0.42,0.00,0.00,0.86,"",0,0.0,1,2.6,-1,-2.6,0,0.0,2460,0.5,0,0.0,0,0.0,5,0.6
"27173","2","10","71","0","2017","4","",5,80,81,81,876097,0,0,835,"",2.02,0.61,0.61,0.61,0.68,0.00,0.00,1.12,"",0,0.0,3,3.9,2,2.5,-6,-6.9,-56520,-6.1,0,0.0,0,0.0,-51,-5.8
"27173","3","10","71","0","2017","4","",30,1369,1413,1425,12161894,0,0,667,"",4.99,3.36,3.44,3.47,3.59,0.00,0.00,1.05,"",2,7.1,12,0.9,26,1.9,-12,-0.8,483890,4.1,0,0.0,0,0.0,22,3.4
"27173","5","10","71","0","2017","4","",309,2626,2606,2611,25869331,8222827,109763,761,"",0.90,0.75,0.74,0.74,0.77,1.03,1.01,1.03,"",7,2.3,-11,-0.4,-34,-1.3,-14,-0.5,1912898,8.0,809119,10.9,27947,34.2,61,8.7
"27999","0","10","70","0","2017","4","",21953,64894,65169,64193,1471738310,257003852,5345128,1748,"",1.00,1.00,1.00,1.00,1.00,1.00,1.00,1.00,"",1214,5.9,-2099,-3.1,764,1.2,1624,2.6,27781612,1.9,-21212374,-7.6,-846572,-13.7,30,1.7
"27999","1","10","71","0","2017","4","",41,470,476,449,10986060,0,0,1817,"",0.31,0.38,0.38,0.36,0.27,0.00,0.00,0.73,"",1,2.5,34,7.8,34,7.7,4,0.9,2141899,24.2,0,0.0,0,0.0,274,17.8
"27999","2","10","71","0","2017","4","N",25,0,0,0,0,0,0,0,"N",0.16,0,0,0,0,0,0,0,"N",6,31.6,0,0,0,0,0,0,0,0,0,0,0,0,0,0
"27999","3","10","71","0","2017","4","N",7,0,0,0,0,0,0,0,"N",0.02,0,0,0,0,0,0,0,"N",0,0.0,0,0,0,0,0,0,0,0,0,0,0,0,0,0
"27999","5","10","71","0","2017","4","",21880,64279,64546,63605,1459133226,257003852,5345128,1750,"",1.03,1.17,1.17,1.17,1.16,1.03,1.01,1.00,"",1207,5.8,-2196,-3.3,661,1.0,1593,2.6,24766342,1.7,-21203786,-7.6,-846435,-13.7,29,1.7
"28000","0","10","50","0","2017","4","",73965,1133499,1140658,1141553,11449579837,1407161766,10243144,774,"",1.00,1.00,1.00,1.00,1.00,1.00,1.00,1.00,"",-144,-0.2,3308,0.3,6181,0.5,6881,0.6,309643389,2.8,13971004,1.0,-1591766,-13.4,18,2.4
"28000","1","10","51","0","2017","4","",998,25401,25305,25463,450126551,0,0,1364,"",2.25,1.16,1.16,1.16,1.43,0.00,0.00,1.23,"",0,0.0,-67,-0.3,-255,-1.0,-245,-1.0,6747678,1.5,0,0.0,0,0.0,31,2.3
"28000","2","10","51","0","2017","4","",1110,56260,56201,56199,653801388,0,0,895,"",2.14,1.55,1.54,1.54,1.75,0.00,0.00,1.13,"",11,1.0,-90,-0.2,-309,-0.5,-15,0.0,-10403357,-1.6,0,0.0,0,0.0,-12,-1.3
"28000","3","10","51","0","2017","4","",1809,153777,153649,154454,1395514155,19439548,117356,697,"",1.44,1.37,1.36,1.37,1.42,0.70,2.18,1.04,"",-11,-0.6,-944,-0.6,-610,-0.4,-571,-0.4,30528375,2.2,2976982,18.1,11322,10.7,18,2.7
"28000","5","10","51","0","2017","4","",70048,898061,905503,905437,8950137743,1387722218,10125788,762,"",0.98,0.93,0.93,0.93,0.92,1.02,1.00,0.98,"",-144,-0.2,4409,0.5,7355,0.8,7712,0.9,282770693,3.3,10994022,0.8,-1603088,-13.7,18,2.4
"28000","8","10","96","0","2017","4","",3917,235438,235155,236116,2499442094,19439548,117356,816,"",1.77,1.38,1.37,1.38,1.49,0.43,1.74,1.08,"",0,0.0,-1101,-0.5,-1174,-0.5,-831,-0.4,26872696,1.1,2976982,18.1,11322,10.7,12,1.5
"28001","0","10","70","0","2017","4","",853,10563,10660,10597,91683475,14740525,128626,665,"",1.00,1.00,1.00,1.00,1.00,1.00,1.00,1.00,"",-14,-1.6,11,0.1,85,0.8,145,1.4,2403796,2.7,261199,1.8,17232,15.5,13,2.0
"28001","1","10","71","0","2017","4","",13,103,98,99,1601541,0,0,1232,"",2.54,0.51,0.48,0.48,0.64,0.00,0.00,1.30,"",0,0.0,-3,-2.8,-5,-4.9,-8,-7.5,103592,6.9,0,0.0,0,0.0,138,12.6
"28001","2","10","71","0","2017","4","",15,132,133,134,935710,0,0,541,"",2.51,0.39,0.39,0.40,0.31,0.00,0.00,0.80,"",0,0.0,3,2.3,4,3.1,5,3.9,-13943,-1.5,0,0.0,0,0.0,-25,-4.4
"28001","3","10","71","0","2017","4","",17,1328,1320,1315,10760367,4047,40,627,"",1.17,1.27,1.25,1.25,1.36,0.01,0.06,1.09,"",-1,-5.6,-3,-0.2,-16,-1.2,-30,-2.2,247325,2.4,2889,249.5,29,263.6,22,3.6
"28001","5","10","71","0","2017","4","",808,9000,9109,9049,78385857,14736478,128586,666,"",0.98,1.00,1.01,1.00,1.00,1.03,1.01,1.00,"",-13,-1.6,14,0.2,102,1.1,178,2.0,2066822,2.7,258310,1.8,17203,15.4,10,1.5
"28003","0","10","70","0","2017","4","",791,13843,13892,14425,126675792,17491643,126511,693,"",1.00,1.00,1.00,1.00,1.00,1.00,1.00,1.00,"",-12,-1.5,24,0.2,37,0.3,309,2.2,10093734,8.7,215140,1.2,-51735,-29.0,49,7.6
"28003","1","10","71","0","2017","4","",9,104,107,108,2072262,0,0,1499,"",1.90,0.39,0.40,0.39,0.60,0.00,0.00,1.51,"",-1,-10.0,0,0.0,-2,-1.8,-4,-3.6,55668,2.8,0,0.0,0,0.0,67,4.7
"28003","2","10","71","0","2017","4","",19,270,270,270,1857504,0,0,529,"",3.43,0.61,0.61,0.59,0.45,0.00,0.00,0.75,"",0,0.0,11,4.2,9,3.4,8,3.1,-73835,-3.8,0,0.0,0,0.0,-41,-7.2
"28003","3","10","71","0","2017","4","",25,2667,2671,2647,22612483,57628,574,654,"",1.86,1.94,1.94,1.85,2.08,0.17,0.86,1.09,"",-1,-3.8,-119,-4.3,-51,-1.9,-60,-2.2,3606989,19.0,-15038,-20.7,-149,-20.6,120,22.5
"28003","5","10","71","0","2017","4","",738,10802,10844,11400,100133543,17434015,125937,699,"",0.96,0.92,0.92,0.93,0.93,1.03,1.00,1.00,"",-10,-1.3,132,1.2,81,0.8,365,3.3,6504912,6.9,230178,1.3,-51586,-29.1,34,5.1
"28005","0","10","70","0","2017","4","",193,1824,1816,1790,15697933,2495367,18223,667,"",1.00,1.00,1.00,1.00,1.00,1.00,1.00,1.00,"",-5,-2.5,4,0.2,0,0.0,-26,-1.4,706373,4.7,37235,1.5,-1689,-8.5,32,5.0
"28005","1","10","71","0","2017","4","",6,28,27,32,345110,0,0,915,"",5.18,0.80,0.78,0.93,0.80,0.00,0.00,0.96,"",0,0.0,-3,-9.7,1,3.8,3,10.3,2968,0.9,0,0.0,0,0.0,-3,-0.3
"28005","2","10","71","0","2017","4","",9,32,32,32,224810,0,0,540,"",6.66,0.55,0.55,0.56,0.44,0.00,0.00,0.79,"",0,0.0,1,3.2,1,3.2,0,0.0,-12150,-5.1,0,0.0,0,0.0,-42,-7.2
"28005","3","10","71","0","2017","4","",15,364,367,371,2625028,0,0,550,"",4.57,2.01,2.04,2.09,1.94,0.00,0.00,0.95,"",0,0.0,1,0.3,3,0.8,9,2.5,85341,3.4,0,0.0,0,0.0,12,2.2
"28005","5","10","71","0","2017","4","",163,1400,1390,1355,12502985,2495367,18223,696,"",0.87,0.90,0.90,0.89,0.93,1.03,1.01,1.04,"",-5,-3.0,5,0.4,-5,-0.4,-38,-2.7,630214,5.3,37235,1.5,-1689,-8.5,41,6.3
"28007","0","10","70","0","2017","4","",394,4571,4556,4581,37414774,5018736,34049,630,"",1.00,1.00,1.00,1.00,1.00,1.00,1.00,1.00,"",10,2.6,-78,-1.7,-93,-2.0,-113,-2.4,194736,0.5,-376359,-7.0,-11101,-24.6,16,2.6
"28007","1","10","71","0","2017","4","",10,57,55,54,749897,0,0,1042,"",4.23,0.65,0.63,0.61,0.73,0.00,0.00,1.16,"",0,0.0,0,0.0,-2,-3.5,-2,-3.6,30833,4.3,0,0.0,0,0.0,66,6.8
"28007","2","10","71","0","2017","4","",15,232,236,233,1671979,0,0,550,"",5.43,1.58,1.62,1.59,1.37,0.00,0.00,0.86,"",1,7.1,5,2.2,11,4.9,8,3.6,21923,1.3,0,0.0,0,0.0,-12,-2.1
"28007","3","10","71","0","2017","4","",33,791,793,789,6208880,4850,48,604,"",4.93,1.75,1.75,1.74,1.93,0.05,0.27,1.11,"",0,0.0,2,0.3,6,0.8,-6,-0.8,183458,3.0,-177,-3.5,-2,-4.0,18,3.1
"28007","5","10","71","0","2017","4","",336,3491,3472,3505,28784018,5013886,34001,635,"",0.88,0.90,0.90,0.90,0.90,1.03,1.01,1.00,"",9,2.8,-85,-2.4,-108,-3.0,-113,-3.1,-41478,-0.1,-376182,-7.0,-11099,-24.6,18,2.9
"28009","0","10","70","0","2017","4","",91,1008,1000,1011,9779504,1110208,13482,748,"",1.00,1.00,1.00,1.00,1.00,1.00,1.00,1.00,"",-1,-1.1,4,0.4,4,0.4,20,2.0,665305,7.3,-28083,-2.5,-1958,-12.7,45,6.4
"28009","1","10","71","0","2017","4","",6,48,49,49,1914675,0,0,3026,"",10.99,2.47,2.56,2.52,7.12,0.00,0.00,2.83,"",0,0.0,5,11.6,5,11.4,4,8.9,285643,17.5,0,0.0,0,0.0,178,6.2
"28009","2","10","71","0","2017","4","",8,21,21,21,139729,0,0,512,"",12.55,0.65,0.66,0.65,0.44,0.00,0.00,0.67,"",0,0.0,-2,-8.7,-2,-8.7,-2,-8.7,-5630,-3.9,0,0.0,0,0.0,26,5.3
"28009","3","10","71","0","2017","4","",13,325,324,322,2292301,106440,1061,545,"",8.40,3.25,3.26,3.22,2.73,4.84,14.95,0.84,"",0,0.0,4,1.2,7,2.2,4,1.3,32379,1.4,-26029,-19.6,-261,-19.7,-1,-0.2
"28009","5","10","71","0","2017","4","",64,614,606,619,5432799,1003768,12421,682,"",0.73,0.72,0.71,0.72,0.65,0.93,0.93,0.91,"",-1,-1.5,-3,-0.5,-6,-1.0,14,2.3,352913,6.9,-2054,-0.2,-1697,-12.0,43,6.7
"28011","0","10","70","0","2017","4","",836,11461,11418,11417,104130791,13941387,141683,701,"",1.00,1.00,1.00,1.00,1.00,1.00,1.00,1.00,"",-13,-1.5,-407,-3.4,-423,-3.6,-378,-3.2,-7402871,-6.6,449678,3.3,-55836,-28.3,-24,-3.3
"28011","1","10","71","0","2017","4","",17,75,74,79,1020886,0,0,1033,"",3.39,0.34,0.34,0.36,0.36,0.00,0.00,1.03,"",0,0.0,2,2.7,-1,-1.3,-2,-2.5,-12449,-1.2,0,0.0,0,0.0,-8,-0.8
"28011","2","10","71","0","2017","4","",18,730,730,736,7379317,0,0,775,"",3.07,1.98,2.00,2.02,2.17,0.00,0.00,1.08,"",0,0.0,-31,-4.1,-30,-3.9,-28,-3.7,140231,1.9,0,0.0,0,0.0,44,6.0
"28011","3","10","71","0","2017","4","",31,1596,1575,1583,12011211,497990,2365,583,"",2.18,1.41,1.39,1.40,1.34,1.80,3.17,0.96,"",1,3.3,5,0.3,-19,-1.2,-20,-1.2,180005,1.5,68834,16.0,141,6.3,13,2.3
"28011","5","10","71","0","2017","4","",770,9060,9039,9019,83719377,13443397,139318,712,"",0.95,0.93,0.93,0.93,0.94,1.00,0.99,1.01,"",-14,-1.8,-383,-4.1,-373,-4.0,-328,-3.5,-7710658,-8.4,380844,2.9,-55977,-28.7,-36,-4.8
"28013","0","10","70","0","2017","4","",300,3355,3292,3303,25213478,4198398,39490,585,"",1.00,1.00,1.00,1.00,1.00,1.00,1.00,1.00,"",-6,-2.0,-117,-3.4,-87,-2.6,-35,-1.0,-232020,-0.9,145354,3.6,-8893,-18.4,9,1.6
"28013","1","10","71","0","2017","4","",9,30,31,29,339820,0,0,871,"",5.00,0.46,0.49,0.46,0.49,0.00,0.00,1.04,"",0,0.0,0,0.0,0,0.0,-7,-19.4,-21989,-6.1,0,0.0,0,0.0,10,1.2
"28013","2","10","71","0","2017","4","",8,31,31,31,220771,0,0,548,"",3.81,0.29,0.29,0.29,0.27,0.00,0.00,0.92,"",0,0.0,-1,-3.1,-1,-3.1,-1,-3.1,-15656,-6.6,0,0.0,0,0.0,-20,-3.5
"28013","3","10","71","0","2017","4","",18,540,551,560,4082748,106225,1062,571,"",3.53,1.62,1.69,1.71,1.88,1.28,5.11,1.13,"",-2,-10.0,-237,-30.5,-229,-29.4,-214,-27.6,-1444169,-26.1,35290,49.7,354,50.0,24,4.4
"28013","5","10","71","0","2017","4","",265,2754,2679,2683,20570139,4092173,38428,585,"",0.91,0.97,0.96,0.96,0.96,1.01,0.98,0.99,"",-4,-1.5,121,4.6,143,5.6,187,7.5,1249794,6.5,110064,2.8,-9247,-19.4,3,0.5
"28015","0","10","70","0","2017","4","",146,1145,1170,1156,9506583,1344596,8735,632,"",1.00,1.00,1.00,1.00,1.00,1.00,1.00,1.00,"",-1,-0.7,-17,-1.5,7,0.6,-8,-0.7,571986,6.4,48208,3.7,-1361,-13.5,41,6.9
"28015","1","10","71","0","2017","4","",7,19,19,20,263384,0,0,1048,"",7.99,0.86,0.85,0.90,1.01,0.00,0.00,1.16,"",0,0.0,-1,-5.0,-2,-9.5,-3,-13.0,1016,0.4,0,0.0,0,0.0,102,10.8
"28015","2","10","71","0","2017","4","",8,26,26,24,165904,0,0,504,"",7.82,0.71,0.69,0.65,0.53,0.00,0.00,0.78,"",0,0.0,-1,-3.7,0,0.0,-3,-11.1,-7571,-4.4,0,0.0,0,0.0,4,0.8
"28015","3","10","71","0","2017","4","",9,338,339,338,2360187,45666,282,537,"",3.63,2.98,2.92,2.95,2.89,1.72,6.13,0.98,"",-1,-10.0,-23,-6.4,-24,-6.6,-23,-6.4,105390,4.7,-6529,-12.5,-5,-1.7,57,11.9
"28015","5","10","71","0","2017","4","",122,762,786,774,6717108,1298930,8453,668,"",0.86,0.78,0.79,0.79,0.83,1.00,0.97,1.05,"",0,0.0,8,1.1,33,4.4,21,2.8,473151,7.6,54737,4.4,-1356,-13.8,30,4.7
"28017","0","10","70","0","2017","4","",356,5478,5530,5536,47061447,6006050,47916,656,"",1.00,1.00,1.00,1.00,1.00,1.00,1.00,1.00,"",3,0.8,142,2.7,191,3.6,196,3.7,3437215,7.9,-239978,-3.8,-7588,-13.7,27,4.3
"28017","1","10","71","0","2017","4","",8,49,47,47,585418,0,0,945,"",3.75,0.46,0.44,0.44,0.45,0.00,0.00,1.01,"",0,0.0,1,2.1,-1,-2.1,-6,-11.3,16194,2.8,0,0.0,0,0.0,63,7.1
"28017","2","10","71","0","2017","4","",11,47,47,47,358039,0,0,586,"",4.41,0.27,0.27,0.27,0.23,0.00,0.00,0.88,"",0,0.0,2,4.4,2,4.4,1,2.2,-11264,-3.1,0,0.0,0,0.0,-41,-6.5
"28017","3","10","71","0","2017","4","",12,826,823,819,6186965,6101,60,579,"",1.98,1.52,1.50,1.49,1.53,0.05,0.24,1.02,"",0,0.0,0,0.0,-7,-0.8,1,0.1,47511,0.8,-1098,-15.3,-11,-15.5,6,1.0
"28017","5","10","71","0","2017","4","",325,4556,4613,4623,39931025,5999949,47856,668,"",0.94,0.98,0.98,0.98,0.99,1.03,1.01,1.01,"",3,0.9,139,3.1,197,4.5,200,4.5,3384774,9.3,-238880,-3.8,-7577,-13.7,32,5.0
"28019","0","10","70","0","2017","4","",152,2152,2151,2114,22776402,2290711,11740,819,"",1.00,1.00,1.00,1.00,1.00,1.00,1.00,1.00,"",-1,-0.7,-58,-2.6,-80,-3.6,-24,-1.1,-552830,-2.4,315275,16.0,317,2.8,1,0.1
"28019","1","10","71","0","2017","4","",7,57,55,54,1827778,0,0,2541,"",7.68,1.38,1.34,1.33,2.92,0.00,0.00,2.17,"",0,0.0,0,0.0,-3,-5.2,-2,-3.6,159843,9.6,0,0.0,0,0.0,290,12.9
"28019","2","10","71","0","2017","4","",8,30,30,30,201828,0,0,518,"",7.51,0.43,0.44,0.45,0.27,0.00,0.00,0.62,"",0,0.0,0,0.0,0,0.0,0,0.0,-8648,-4.1,0,0.0,0,0.0,-22,-4.1
"28019","3","10","71","0","2017","4","",13,672,677,677,6261505,81052,810,713,"",5.03,3.15,3.17,3.24,3.20,1.79,13.11,1.00,"",-1,-7.1,22,3.4,22,3.4,18,2.7,170169,2.8,27160,50.4,272,50.6,-3,-0.4
"28019","5","10","71","0","2017","4","",124,1393,1389,1353,14485291,2209659,10930,808,"",0.84,0.76,0.76,0.75,0.74,1.00,0.94,0.98,"",0,0.0,-80,-5.4,-99,-6.7,-40,-2.9,-874194,-5.7,288115,15.0,45,0.4,-6,-0.7
"28021","0","10","70","0","2017","4","",136,3530,3542,3571,47260817,4039192,61741,1025,"",1.00,1.00,1.00,1.00,1.00,1.00,1.00,1.00,"",5,3.8,265,8.1,237,7.2,174,5.1,4383126,10.2,949819,30.7,10128,19.6,32,3.2
"28021","1","10","71","0","2017","4","",6,24,24,24,310500,0,0,995,"",7.36,0.35,0.35,0.35,0.24,0.00,0.00,0.68,"",0,0.0,1,4.3,0,0.0,-3,-11.1,-2513,-0.8,0,0.0,0,0.0,19,1.9
"28021","2","10","71","0","2017","4","N",10,0,0,0,0,0,0,0,"N",10.49,0,0,0,0,0,0,0,"N",0,0.0,0,0,0,0,0,0,0,0,0,0,0,0,0,0
"28021","3","10","71","0","2017","4","N",7,0,0,0,0,0,0,0,"N",3.03,0,0,0,0,0,0,0,"N",0,0.0,0,0,0,0,0,0,0,0,0,0,0,0,0,0
"28021","5","10","71","0","2017","4","",113,2369,2382,2421,34277589,3925907,60609,1103,"",0.86,0.79,0.79,0.80,0.85,1.00,0.99,1.07,"",5,4.6,415,21.2,403,20.4,399,19.7,6274627,22.4,969080,32.8,10320,20.5,18,1.7
"28023","0","10","70","0","2017","4","",230,2892,2893,2884,22666211,2795944,27039,603,"",1.00,1.00,1.00,1.00,1.00,1.00,1.00,1.00,"",-4,-1.7,83,3.0,70,2.5,41,1.4,-836339,-3.6,-82346,-2.9,-4788,-15.0,-37,-5.8
"28023","1","10","71","0","2017","4","",8,33,32,31,358494,0,0,862,"",5.80,0.59,0.58,0.56,0.58,0.00,0.00,1.00,"",0,0.0,2,6.5,1,3.2,-4,-11.4,-4003,-1.1,0,0.0,0,0.0,0,0.0
"28023","2","10","71","0","2017","4","",9,43,41,41,254367,0,0,470,"",5.58,0.46,0.44,0.45,0.34,0.00,0.00,0.76,"",0,0.0,0,0.0,-2,-4.7,-2,-4.7,-29504,-10.4,0,0.0,0,0.0,-38,-7.5
"28023","3","10","71","0","2017","4","",16,709,703,706,5234686,33070,229,570,"",4.09,2.47,2.45,2.47,2.69,0.60,1.61,1.09,"",0,0.0,-6,-0.8,-18,-2.5,-9,-1.3,193863,3.8,5576,20.3,86,60.1,29,5.4
"28023","5","10","71","0","2017","4","",197,2107,2117,2106,16818664,2762874,26810,613,"",0.88,0.86,0.86,0.86,0.87,1.02,1.00,1.01,"",-4,-2.0,87,4.3,89,4.4,56,2.7,-996695,-5.6,-87922,-3.1,-4874,-15.4,-61,-9.1
"28025","0","10","70","0","2017","4","",383,5253,5298,5342,49354768,5993934,38980,717,"",1.00,1.00,1.00,1.00,1.00,1.00,1.00,1.00,"",-5,-1.3,-48,-0.9,0,0.0,81,1.5,2551273,5.5,-330394,-5.2,-9869,-20.2,36,5.3
"28025","1","10","71","0","2017","4","",8,55,58,54,826931,0,0,1143,"",3.48,0.54,0.57,0.52,0.61,0.00,0.00,1.11,"",0,0.0,-3,-5.2,-3,-4.9,-7,-11.5,6460,0.8,0,0.0,0,0.0,91,8.7
"28025","2","10","71","0","2017","4","",9,39,40,40,298166,0,0,578,"",3.35,0.23,0.24,0.23,0.19,0.00,0.00,0.79,"",0,0.0,-1,-2.5,0,0.0,0,0.0,-9131,-3.0,0,0.0,0,0.0,-13,-2.2
"28025","3","10","71","0","2017","4","",21,810,820,809,6224940,0,0,589,"",3.23,1.56,1.56,1.53,1.47,0.00,0.00,0.95,"",-1,-4.5,0,0.0,11,1.4,3,0.4,80647,1.3,0,0.0,0,0.0,4,0.7
"28025","5","10","71","0","2017","4","",345,4349,4380,4439,42004731,5993934,38980,736,"",0.93,0.97,0.97,0.98,1.00,1.03,1.01,1.02,"",-4,-1.1,-44,-1.0,-8,-0.2,85,2.0,2473297,6.3,-330394,-5.2,-9869,-20.2,41,5.9
"28027","0","10","70","0","2017","4","",628,8039,8006,7922,73112574,11198902,163999,704,"",1.00,1.00,1.00,1.00,1.00,1.00,1.00,1.00,"",-15,-2.3,-73,-0.9,-27,-0.3,27,0.3,-2149012,-2.9,909065,8.8,3283,2.0,-18,-2.5
"28027","1","10","71","0","2017","4","",11,59,59,57,814628,0,0,1074,"",2.92,0.38,0.39,0.37,0.41,0.00,0.00,1.07,"",0,0.0,0,0.0,-2,-3.3,-6,-9.5,-2047,-0.3,0,0.0,0,0.0,44,4.3
"28027","2","10","71","0","2017","4","",17,132,133,134,1109347,0,0,642,"",3.86,0.51,0.52,0.53,0.46,0.00,0.00,0.89,"",0,0.0,-4,-2.9,-1,-0.7,-2,-1.5,-1163,-0.1,0,0.0,0,0.0,11,1.7
"28027","3","10","71","0","2017","4","",20,1650,1641,1640,13729132,774908,5959,643,"",1.87,2.07,2.06,2.09,2.18,3.50,6.90,1.05,"",0,0.0,85,5.4,67,4.3,39,2.4,-3022112,-18.0,44803,6.1,578,10.7,-173,-21.2
"28027","5","10","71","0","2017","4","",580,6198,6173,6091,57459467,10423994,158040,718,"",0.95,0.91,0.91,0.90,0.92,0.96,0.97,1.01,"",-15,-2.5,-154,-2.4,-91,-1.5,-4,-0.1,876310,1.5,864262,9.0,2705,1.7,20,2.9
"28029","0","10","70","0","2017","4","",473,7234,7178,7186,69998512,8844676,53822,748,"",1.00,1.00,1.00,1.00,1.00,1.00,1.00,1.00,"",6,1.3,153,2.2,104,1.5,112,1.6,5094012,7.8,433194,5.2,-5198,-8.8,42,5.9
"28029","1","10","71","0","2017","4","",10,67,68,68,898117,0,0,1021,"",3.52,0.48,0.50,0.49,0.47,0.00,0.00,0.95,"",0,0.0,0,0.0,5,7.9,-4,-5.6,21401,2.4,0,0.0,0,0.0,19,1.9
"28029","2","10","71","0","2017","4","",9,60,60,60,454679,0,0,583,"",2.72,0.26,0.26,0.26,0.20,0.00,0.00,0.76,"",0,0.0,-5,-7.7,-5,-7.7,-5,-7.7,-59274,-11.5,0,0.0,0,0.0,-25,-4.1
"28029","3","10","71","0","2017","4","",27,1537,1531,1563,11648316,121399,1212,580,"",3.36,2.14,2.15,2.20,1.94,0.69,4.28,0.89,"",0,0.0,13,0.9,8,0.5,17,1.1,288604,2.5,10354,9.3,156,14.8,9,1.6
"28029","5","10","71","0","2017","4","",427,5570,5519,5495,56997400,8723277,52610,793,"",0.93,0.91,0.91,0.90,0.95,1.02,0.98,1.05,"",6,1.4,145,2.7,96,1.8,104,1.9,4843281,9.3,422840,5.1,-5354,-9.2,52,7.0
"28031","0","10","70","0","2017","4","",358,5467,5472,5445,49743718,6327328,25281,701,"",1.00,1.00,1.00,1.00,1.00,1.00,1.00,1.00,"",-4,-1.1,87,1.6,91,1.7,43,0.8,5487937,12.4,-163275,-2.5,-16164,-39.0,69,10.9
"28031","1","10","71","0","2017","4","",7,67,66,64,833075,0,0,976,"",3.26,0.64,0.63,0.61,0.61,0.00,0.00,0.97,"",0,0.0,2,3.1,-1,-1.5,-5,-7.2,-11206,-1.3,0,0.0,0,0.0,7,0.7
"28031","2","10","71","0","2017","4","",10,187,190,188,1187087,0,0,485,"",3.99,1.07,1.08,1.08,0.73,0.00,0.00,0.68,"",0,0.0,-7,-3.6,-2,-1.0,-4,-2.1,-21479,-1.8,0,0.0,0,0.0,2,0.4
"28031","3","10","71","0","2017","4","",18,1022,1027,1012,7902415,38915,389,596,"",2.96,1.89,1.89,1.88,1.85,0.31,2.92,0.98,"",0,0.0,43,4.4,53,5.4,39,4.0,426940,5.7,23725,156.2,237,155.9,6,1.0
"28031","5","10","71","0","2017","4","",323,4191,4189,4181,39821141,6288413,24892,732,"",0.93,0.90,0.90,0.90,0.94,1.03,0.99,1.04,"",-4,-1.2,49,1.2,41,1.0,13,0.3,5093682,14.7,-187000,-2.9,-16401,-39.7,89,13.8
"28033","0","10","70","0","2017","4","",3012,61594,63908,63880,553017966,106781692,588447,674,"",1.00,1.00,1.00,1.00,1.00,1.00,1.00,1.00,"",73,2.5,2008,3.4,2841,4.7,2374,3.9,36260498,7.0,5438221,5.4,-116778,-16.6,19,2.9
"28033","1","10","71","0","2017","4","",14,238,240,236,4573773,0,0,1478,"",0.77,0.20,0.20,0.19,0.30,0.00,0.00,1.53,"",1,7.7,18,8.2,15,6.7,8,3.5,138679,3.1,0,0.0,0,0.0,-43,-2.8
"28033","2","10","71","0","2017","4","",15,158,159,157,1306635,0,0,636,"",0.71,0.08,0.08,0.08,0.07,0.00,0.00,0.93,"",0,0.0,4,2.6,6,3.9,2,1.3,-157,0.0,0,0.0,0,0.0,-17,-2.6
"28033","3","10","71","0","2017","4","",16,6689,6699,6722,64328671,447946,3789,738,"",0.31,1.10,1.06,1.06,1.35,0.21,1.22,1.26,"",0,0.0,37,0.6,91,1.4,3,0.0,3366215,5.5,100763,29.0,875,30.0,34,4.8
"28033","5","10","71","0","2017","4","",2967,54509,56810,56765,482808887,106333746,584658,663,"",1.02,1.04,1.05,1.05,1.02,1.03,1.00,0.98,"",72,2.5,1949,3.7,2729,5.0,2361,4.3,32755761,7.3,5337458,5.3,-117653,-16.8,18,2.8
"28035","0","10","70","0","2017","4","",1896,40951,41353,41230,435609527,50481107,343517,814,"",1.00,1.00,1.00,1.00,1.00,1.00,1.00,1.00,"",-14,-0.7,1221,3.1,1305,3.3,1265,3.2,20870942,5.0,4895700,10.7,87,0.0,15,1.9
"28035","1","10","71","0","2017","4","",22,746,741,741,11731622,0,0,1215,"",1.93,0.95,0.94,0.93,0.98,0.00,0.00,1.04,"",0,0.0,7,0.9,-4,-0.5,-16,-2.1,-248592,-2.1,0,0.0,0,0.0,-19,-1.5
"28035","2","10","71","0","2017","4","",21,3093,3102,3087,36765455,0,0,914,"",1.58,2.35,2.34,2.35,2.59,0.00,0.00,1.10,"",0,0.0,35,1.1,12,0.4,18,0.6,-55315,-0.2,0,0.0,0,0.0,-8,-0.9
"28035","3","10","71","0","2017","4","",41,7011,7094,7049,71143293,488117,4651,776,"",1.27,1.73,1.73,1.73,1.90,0.49,2.57,1.10,"",0,0.0,82,1.2,116,1.7,85,1.2,5698733,8.7,117318,31.6,1296,38.6,52,7.2
"28035","5","10","71","0","2017","4","",1812,30101,30416,30353,315969157,49992990,338866,802,"",0.99,0.87,0.87,0.87,0.85,1.02,0.99,0.98,"",-14,-0.8,1097,3.8,1181,4.0,1178,4.0,15476116,5.2,4778382,10.6,-1209,-0.4,9,1.1
"28037","0","10","70","0","2017","4","",137,1588,1581,1564,15325260,1050853,7261,747,"",1.00,1.00,1.00,1.00,1.00,1.00,1.00,1.00,"",0,0.0,-22,-1.4,-39,-2.4,-77,-4.7,183765,1.2,-149088,-12.4,-1781,-19.7,30,4.2
"28037","1","10","71","0","2017","4","",6,49,49,47,663213,0,0,1056,"",7.30,1.60,1.62,1.56,1.57,0.00,0.00,0.99,"",0,0.0,-2,-3.9,-2,-3.9,-4,-7.8,-13973,-2.1,0,0.0,0,0.0,35,3.4
"28037","2","10","71","0","2017","4","",7,26,27,27,178327,0,0,514,"",7.29,0.51,0.53,0.54,0.36,0.00,0.00,0.67,"",0,0.0,-1,-3.7,0,0.0,0,0.0,-7264,-3.9,0,0.0,0,0.0,-15,-2.8
"28037","3","10","71","0","2017","4","",11,583,583,577,5550501,35597,355,735,"",4.72,3.71,3.71,3.73,4.21,1.71,9.29,1.13,"",-1,-8.3,-7,-1.2,0,0.0,-8,-1.4,210233,3.9,1315,3.8,13,3.8,34,4.9
"28037","5","10","71","0","2017","4","",113,930,922,913,8933219,1015256,6906,746,"",0.85,0.69,0.69,0.69,0.68,1.00,0.96,0.99,"",1,0.9,-12,-1.3,-37,-3.9,-65,-6.6,-5231,-0.1,-150403,-12.9,-1794,-20.6,30,4.2
"28039","0","10","70","0","2017","4","",377,4791,4898,4936,40130471,5614288,35784,633,"",1.00,1.00,1.00,1.00,1.00,1.00,1.00,1.00,"",11,3.0,-98,-2.0,-28,-0.6,27,0.6,903453,2.3,-8266,-0.1,375,1.1,18,2.9
"28039","1","10","71","0","2017","4","",4,46,42,42,581132,0,0,1032,"",1.77,0.50,0.45,0.44,0.53,0.00,0.00,1.14,"",0,0.0,1,2.2,-2,-4.5,-5,-10.6,-503,-0.1,0,0.0,0,0.0,45,4.6
"28039","2","10","71","0","2017","4","",9,49,49,49,325043,0,0,510,"",3.41,0.32,0.31,0.31,0.25,0.00,0.00,0.79,"",0,0.0,0,0.0,1,2.1,0,0.0,-14917,-4.4,0,0.0,0,0.0,-27,-5.0
"28039","3","10","71","0","2017","4","",14,1401,1413,1410,12584254,42276,389,688,"",2.18,2.95,2.91,2.89,3.65,0.38,2.07,1.25,"",0,0.0,11,0.8,27,1.9,26,1.9,38879,0.3,-4174,-9.0,-49,-11.2,-8,-1.1
"28039","5","10","71","0","2017","4","",350,3295,3394,3435,26640042,5572012,35395,607,"",0.96,0.81,0.82,0.82,0.78,1.03,1.00,0.95,"",11,3.2,-110,-3.2,-54,-1.6,6,0.2,879994,3.4,-4092,-0.1,424,1.2,29,5.0
"28041","0","10","70","0","2017","4","",150,1904,1951,1934,15932557,2034264,12543,635,"",1.00,1.00,1.00,1.00,1.00,1.00,1.00,1.00,"",4,2.7,-27,-1.4,28,1.5,1,0.1,613262,4.0,230961,12.8,-3828,-23.4,24,3.9
"28041","1","10","71","0","2017","4","",4,12,12,12,131147,0,0,841,"",4.45,0.33,0.32,0.32,0.30,0.00,0.00,0.93,"",0,0.0,-2,-14.3,-2,-14.3,-2,-14.3,-30417,-18.8,0,0.0,0,0.0,-47,-5.3
"28041","2","10","71","0","2017","4","N",8,0,0,0,0,0,0,0,"N",7.61,0,0,0,0,0,0,0,"N",0,0.0,0,0,0,0,0,0,0,0,0,0,0,0,0,0
"28041","3","10","71","0","2017","4","N",16,0,0,0,0,0,0,0,"N",6.28,0,0,0,0,0,0,0,"N",0,0.0,0,0,0,0,0,0,0,0,0,0,0,0,0,0
"28041","5","10","71","0","2017","4","",122,887,935,909,8482058,1833568,11077,717,"",0.84,0.55,0.56,0.55,0.62,0.93,0.89,1.12,"",4,3.4,8,0.9,60,6.9,29,3.3,721703,9.3,232718,14.5,-3682,-24.9,37,5.4
"28043","0","10","70","0","2017","4","",567,10616,10582,10659,91947276,16264341,88527,666,"",1.00,1.00,1.00,1.00,1.00,1.00,1.00,1.00,"",9,1.6,-30,-0.3,116,1.1,149,1.4,-528462,-0.6,2282143,16.3,-24843,-21.9,-9,-1.3
"28043","1","10","71","0","2017","4","",11,232,229,233,3346276,0,0,1113,"",3.23,1.14,1.13,1.13,1.32,0.00,0.00,1.17,"",0,0.0,1,0.4,-3,-1.3,-2,-0.9,-137828,-4.0,0,0.0,0,0.0,-39,-3.4
"28043","2","10","71","0","2017","4","",12,454,450,452,6337169,0,0,1078,"",3.02,1.33,1.33,1.33,2.11,0.00,0.00,1.59,"",0,0.0,-45,-9.0,-48,-9.6,-25,-5.2,-557471,-8.1,0,0.0,0,0.0,-1,-0.1
"28043","3","10","71","0","2017","4","",7,1112,1108,1111,8587582,108804,1085,595,"",0.73,1.06,1.05,1.05,1.09,0.34,2.33,1.03,"",0,0.0,-42,-3.6,-51,-4.4,-48,-4.1,-322805,-3.6,-89615,-45.2,-898,-45.3,3,0.5
"28043","5","10","71","0","2017","4","",537,8818,8795,8863,73676249,16155537,87442,642,"",0.98,0.98,0.98,0.98,0.94,1.03,0.99,0.96,"",9,1.7,56,0.6,218,2.5,224,2.6,489642,0.7,2371758,17.2,-23945,-21.5,-8,-1.2
"28045","0","10","70","0","2017","4","",882,13137,13115,13088,161339621,14841386,99736,946,"",1.00,1.00,1.00,1.00,1.00,1.00,1.00,1.00,"",11,1.3,63,0.5,-40,-0.3,7,0.1,4424078,2.8,-119009,-0.8,-32305,-24.5,25,2.7
"28045","1","10","71","0","2017","4","",18,1928,1924,1939,44865768,0,0,1788,"",3.40,7.62,7.67,7.69,10.12,0.00,0.00,1.32,"",0,0.0,-49,-2.5,-73,-3.7,-61,-3.0,482457,1.1,0,0.0,0,0.0,74,4.3
"28045","2","10","71","0","2017","4","",10,51,51,50,370317,0,0,562,"",1.62,0.12,0.12,0.12,0.07,0.00,0.00,0.58,"",0,0.0,2,4.1,2,4.1,0,0.0,-6530,-1.7,0,0.0,0,0.0,-26,-4.4
"28045","3","10","71","0","2017","4","",30,1958,1961,1964,18068226,343219,1713,709,"",2.00,1.50,1.51,1.52,1.30,1.17,3.26,0.86,"",0,0.0,-12,-0.6,-13,-0.7,-12,-0.6,509990,2.9,-85177,-19.9,-679,-28.4,25,3.7
"28045","5","10","71","0","2017","4","",824,9200,9179,9135,98035310,14498167,98023,822,"",0.96,0.82,0.82,0.82,0.71,1.01,0.99,0.86,"",11,1.4,122,1.3,44,0.5,80,0.9,3438161,3.6,-33832,-0.2,-31626,-24.4,21,2.6
"28047","0","10","70","0","2017","4","",4585,84613,85016,85516,829759639,104892757,617846,750,"",1.00,1.00,1.00,1.00,1.00,1.00,1.00,1.00,"",19,0.4,-194,-0.2,-59,-0.1,487,0.6,22418538,2.8,-863958,-0.8,-130927,-17.5,19,2.6
"28047","1","10","71","0","2017","4","",66,5630,5608,5645,91341960,0,0,1249,"",2.40,3.46,3.45,3.43,4.00,0.00,0.00,1.16,"",-1,-1.5,46,0.8,13,0.2,21,0.4,3576414,4.1,0,0.0,0,0.0,44,3.7
"28047","2","10","71","0","2017","4","",31,1792,1775,1783,17048027,0,0,735,"",0.96,0.66,0.65,0.65,0.63,0.00,0.00,0.96,"",1,3.3,-3,-0.2,-30,-1.7,-80,-4.3,-504074,-2.9,0,0.0,0,0.0,-6,-0.8
"28047","3","10","71","0","2017","4","",64,11490,11472,11561,135518555,441703,2401,906,"",0.82,1.37,1.36,1.37,1.90,0.21,0.74,1.39,"",0,0.0,21,0.2,-39,-0.3,42,0.4,1779336,1.3,103256,30.5,648,37.0,11,1.2
"28047","5","10","71","0","2017","4","",4424,65701,66161,66527,585851097,104451054,615445,681,"",0.99,0.91,0.92,0.92,0.83,1.03,1.00,0.90,"",19,0.4,-258,-0.4,-3,0.0,504,0.8,17566862,3.1,-967214,-0.9,-131575,-17.6,19,2.9
"28049","0","10","70","0","2017","4","",5832,121664,121499,122300,1397774115,113183012,738037,883,"",1.00,1.00,1.00,1.00,1.00,1.00,1.00,1.00,"",-40,-0.7,33,0.0,-83,-0.1,313,0.3,22010990,1.6,795887,0.7,-100867,-12.0,14,1.6
"28049","1","10","71","0","2017","4","",68,4486,4483,4529,88650845,0,0,1516,"",1.94,1.92,1.93,1.92,2.31,0.00,0.00,1.20,"",-1,-1.4,-79,-1.7,-90,-2.0,-93,-2.0,452884,0.5,0,0.0,0,0.0,37,2.5
"28049","2","10","71","0","2017","4","",145,20335,20302,20173,280078171,0,0,1063,"",3.55,5.21,5.22,5.17,6.14,0.00,0.00,1.18,"",5,3.6,283,1.4,151,0.7,280,1.4,1453554,0.5,0,0.0,0,0.0,-7,-0.7
"28049","3","10","71","0","2017","4","",78,10763,10513,11040,92511064,2304552,11693,661,"",0.79,0.89,0.87,0.91,0.77,1.03,3.01,0.86,"",0,0.0,-53,-0.5,-53,-0.5,69,0.6,-1524789,-1.6,717963,45.3,2759,30.9,-10,-1.5
"28049","5","10","71","0","2017","4","",5541,86080,86201,86558,936534035,110878460,726344,835,"",0.98,0.83,0.84,0.83,0.78,1.01,0.99,0.94,"",-44,-0.8,-118,-0.1,-91,-0.1,57,0.1,21629341,2.4,77924,0.1,-103626,-12.5,20,2.5
"28051","0","10","70","0","2017","4","",306,3623,3634,3589,29480064,3515428,55140,627,"",1.00,1.00,1.00,1.00,1.00,1.00,1.00,1.00,"",4,1.3,-99,-2.7,-64,-1.7,-41,-1.1,354289,1.2,-537409,-13.3,-15308,-21.7,19,3.1
"28051","1","10","71","0","2017","4","",11,52,50,51,639057,0,0,964,"",5.99,0.75,0.72,0.74,0.79,0.00,0.00,1.08,"",0,0.0,-2,-3.7,-5,-9.1,-7,-12.1,-1943,-0.3,0,0.0,0,0.0,78,8.8
"28051","2","10","71","0","2017","4","",10,168,169,166,2032224,0,0,932,"",4.66,1.44,1.45,1.45,2.11,0.00,0.00,1.46,"",0,0.0,0,0.0,7,4.3,1,0.6,13622,0.7,0,0.0,0,0.0,-9,-1.0
"28051","3","10","71","0","2017","4","",25,1177,1173,1170,8462377,60635,559,555,"",4.81,3.28,3.25,3.29,3.34,0.87,1.93,1.02,"",0,0.0,24,2.1,-4,-0.3,7,0.6,-117256,-1.4,5152,9.3,50,9.8,-12,-2.1
"28051","5","10","71","0","2017","4","",260,2226,2242,2202,18346406,3454793,54581,635,"",0.88,0.72,0.73,0.72,0.73,1.02,1.00,1.01,"",4,1.6,-121,-5.2,-62,-2.7,-42,-1.9,459866,2.6,-542561,-13.6,-15358,-22.0,36,6.0
"28053","0","10","70","0","2017","4","",188,2297,2300,2269,16626867,2962447,40145,559,"",1.00,1.00,1.00,1.00,1.00,1.00,1.00,1.00,"",-3,-1.6,48,2.1,39,1.7,34,1.5,747573,4.7,113127,4.0,-2814,-6.6,16,2.9
"28053","1","10","71","0","2017","4","",6,22,22,21,252718,0,0,897,"",5.32,0.50,0.50,0.48,0.55,0.00,0.00,1.12,"",0,0.0,3,15.8,1,4.8,0,0.0,7134,2.9,0,0.0,0,0.0,-32,-3.4
"28053","2","10","71","0","2017","4","",7,34,33,33,216462,0,0,500,"",5.31,0.46,0.45,0.46,0.40,0.00,0.00,0.88,"",0,0.0,1,3.0,0,0.0,0,0.0,-9356,-4.1,0,0.0,0,0.0,-26,-4.9
"28053","3","10","71","0","2017","4","",7,449,450,451,2913881,180970,1808,498,"",2.19,1.97,1.97,2.01,2.04,3.09,8.56,1.03,"",0,0.0,-6,-1.3,-13,-2.8,-7,-1.5,-25514,-0.9,14824,8.9,149,9.0,5,1.0
"28053","5","10","71","0","2017","4","",168,1792,1795,1764,13243806,2781477,38337,571,"",0.92,0.92,0.92,0.91,0.93,0.97,0.96,1.02,"",-3,-1.8,50,2.9,51,2.9,41,2.4,775309,6.2,98303,3.7,-2963,-7.2,19,3.4
"28055","0","10","70","0","2017","4","",33,207,191,187,1340841,161125,5301,529,"",1.00,1.00,1.00,1.00,1.00,1.00,1.00,1.00,"",1,3.1,-4,-1.9,-7,-3.5,-18,-8.8,-80258,-5.6,-39890,-19.8,-1005,-15.9,-5,-0.9
"28055","1","10","71","0","2017","4","",2,2,1,2,11844,0,0,547,"",10.10,0.50,0.27,0.56,0.32,0.00,0.00,0.72,"",0,0.0,1,100.0,0,0.0,1,100.0,9356,376.0,0,0.0,0,0.0,356,186.4
"28055","2","10","71","0","2017","4","N",7,0,0,0,0,0,0,0,"N",30.27,0,0,0,0,0,0,0,"N",0,0.0,0,0,0,0,0,0,0,0,0,0,0,0,0,0
"28055","3","10","71","0","2017","4","N",2,0,0,0,0,0,0,0,"N",3.57,0,0,0,0,0,0,0,"N",0,0.0,0,0,0,0,0,0,0,0,0,0,0,0,0,0
"28055","5","10","71","0","2017","4","",22,116,103,100,811206,157664,5293,587,"",0.69,0.66,0.63,0.63,0.71,1.01,1.01,1.10,"",1,4.8,-7,-5.7,-6,-5.5,-15,-13.0,-44984,-5.3,-39493,-20.0,-1004,-15.9,18,3.2
"28057","0","10","70","0","2017","4","",349,6190,6175,6178,54433377,7444890,38489,677,"",1.00,1.00,1.00,1.00,1.00,1.00,1.00,1.00,"",-1,-0.3,-13,-0.2,-35,-0.6,-32,-0.5,1395753,2.6,327966,4.6,-13619,-26.1,20,3.0
"28057","1","10","71","0","2017","4","",5,49,47,51,686283,0,0,1077,"",2.39,0.41,0.40,0.43,0.46,0.00,0.00,1.11,"",0,0.0,2,4.3,0,0.0,5,10.9,2616,0.4,0,0.0,0,0.0,-50,-4.4
"28057","2","10","71","0","2017","4","",8,28,27,28,200808,0,0,558,"",3.27,0.14,0.14,0.14,0.11,0.00,0.00,0.81,"",0,0.0,-1,-3.4,-2,-6.9,0,0.0,-14503,-6.7,0,0.0,0,0.0,-20,-3.5
"28057","3","10","71","0","2017","4","",9,1046,1050,1067,9284323,21958,218,677,"",1.52,1.71,1.71,1.75,1.98,0.15,1.08,1.15,"",0,0.0,-4,-0.4,6,0.6,41,4.0,-87268,-0.9,12306,127.5,122,127.1,-16,-2.3
"28057","5","10","71","0","2017","4","",327,5067,5051,5032,44261963,7422932,38271,674,"",0.97,0.96,0.96,0.96,0.95,1.03,1.00,0.99,"",-1,-0.3,-10,-0.2,-39,-0.8,-78,-1.5,1494908,3.5,315660,4.4,-13741,-26.4,28,4.3
"28059","0","10","70","0","2017","4","",2445,48599,48654,48645,628527863,49487388,425541,994,"",1.00,1.00,1.00,1.00,1.00,1.00,1.00,1.00,"",5,0.2,-255,-0.5,-136,-0.3,-20,0.0,23618588,3.9,-396316,-0.8,-32379,-7.1,40,4.2
"28059","1","10","71","0","2017","4","",24,1159,1154,1147,24591737,0,0,1640,"",1.64,1.24,1.24,1.22,1.42,0.00,0.00,1.15,"",0,0.0,31,2.7,26,2.3,27,2.4,1049578,4.5,0,0.0,0,0.0,31,1.9
"28059","2","10","71","0","2017","4","",18,401,400,394,3498483,0,0,676,"",1.05,0.26,0.26,0.25,0.17,0.00,0.00,0.67,"",0,0.0,41,11.4,40,11.1,35,9.7,247973,7.6,0,0.0,0,0.0,-19,-2.7
"28059","3","10","71","0","2017","4","",78,8343,8336,8331,92944611,222162,1626,858,"",1.88,1.73,1.73,1.73,1.72,0.23,0.73,1.00,"",1,1.3,-25,-0.3,-37,-0.4,-7,-0.1,3179801,3.5,-13043,-5.5,-215,-11.7,32,3.9
"28059","5","10","71","0","2017","4","",2325,38696,38764,38773,507493032,49265226,423915,1008,"",0.98,0.94,0.94,0.94,0.95,1.03,1.00,1.01,"",4,0.2,-302,-0.8,-165,-0.4,-75,-0.2,19141236,3.9,-383273,-0.8,-32164,-7.1,43,4.5
"28061","0","10","70","0","2017","4","",222,3866,3899,3859,38226098,4000241,31251,759,"",1.00,1.00,1.00,1.00,1.00,1.00,1.00,1.00,"",-7,-3.1,35,0.9,112,3.0,72,1.9,3376891,9.7,617065,18.2,8079,34.9,54,7.7
"28061","1","10","71","0","2017","4","",11,48,47,47,624731,0,0,1015,"",8.26,0.65,0.63,0.63,0.59,0.00,0.00,0.94,"",0,0.0,0,0.0,-2,-4.1,-3,-6.0,12576,2.1,0,0.0,0,0.0,54,5.6
"28061","2","10","71","0","2017","4","",8,39,39,39,337653,0,0,666,"",5.14,0.31,0.31,0.32,0.27,0.00,0.00,0.86,"",0,0.0,-5,-11.4,-3,-7.1,-3,-7.1,-31267,-8.5,0,0.0,0,0.0,1,0.2
"28061","3","10","71","0","2017","4","",14,876,864,862,6773164,36711,367,601,"",3.71,2.29,2.23,2.26,2.06,0.46,2.23,0.91,"",0,0.0,15,1.7,1,0.1,10,1.2,142853,2.2,4765,14.9,48,15.0,7,1.2
"28061","5","10","71","0","2017","4","",189,2903,2949,2911,30490550,3963530,30884,803,"",0.88,0.88,0.89,0.89,0.93,1.02,0.99,1.05,"",-7,-3.6,25,0.9,116,4.1,68,2.4,3252729,11.9,612300,18.3,8031,35.1,68,9.3
"28063","0","10","70","0","2017","4","",74,1049,1065,1056,8681492,711064,7880,632,"",1.00,1.00,1.00,1.00,1.00,1.00,1.00,1.00,"",-7,-8.6,-179,-14.6,-152,-12.5,-151,-12.5,-366658,-4.1,-126849,-15.1,-6619,-45.7,60,10.5
"28063","1","10","71","0","2017","4","",5,19,20,20,239892,0,0,938,"",11.27,0.94,0.98,0.98,1.01,0.00,0.00,1.04,"",0,0.0,0,0.0,1,5.3,1,5.3,9697,4.2,0,0.0,0,0.0,6,0.6
"28063","2","10","71","0","2017","4","",8,34,34,34,231382,0,0,523,"",15.43,1.01,1.00,1.01,0.82,0.00,0.00,0.81,"",0,0.0,-2,-5.6,-2,-5.6,-2,-5.6,-13929,-5.7,0,0.0,0,0.0,-1,-0.2
"28063","3","10","71","0","2017","4","",7,537,550,546,3872820,150651,1506,547,"",5.57,5.17,5.20,5.22,5.19,10.70,36.31,1.00,"",-1,-12.5,-75,-12.3,-55,-9.1,-58,-9.6,-212707,-5.2,13966,10.2,140,10.2,29,5.6
"28063","5","10","71","0","2017","4","",54,459,461,456,4337398,560413,6374,727,"",0.75,0.52,0.51,0.51,0.59,0.81,0.81,1.14,"",-6,-10.0,-102,-18.2,-96,-17.2,-92,-16.8,-149719,-3.3,-140815,-20.1,-6759,-51.5,105,16.9
"28065","0","10","70","0","2017","4","",164,1713,1752,1727,16171248,2301156,39698,719,"",1.00,1.00,1.00,1.00,1.00,1.00,1.00,1.00,"",-5,-3.0,26,1.5,38,2.2,65,3.9,1864048,13.0,102204,4.6,1579,4.1,67,10.3
"28065","1","10","71","0","2017","4","",5,23,23,23,293586,0,0,982,"",5.08,0.70,0.69,0.69,0.66,0.00,0.00,0.96,"",0,0.0,-1,-4.2,-6,-20.7,-5,-17.9,-3023,-1.0,0,0.0,0,0.0,137,16.2
"28065","2","10","71","0","2017","4","",8,31,31,31,236684,0,0,587,"",6.96,0.56,0.55,0.56,0.45,0.00,0.00,0.80,"",0,0.0,0,0.0,0,0.0,0,0.0,-11150,-4.5,0,0.0,0,0.0,-28,-4.6
"28065","3","10","71","0","2017","4","",6,557,568,555,4107316,19895,199,564,"",2.15,3.28,3.26,3.25,2.95,0.44,0.95,0.90,"",0,0.0,-36,-6.1,-23,-3.9,-63,-10.2,41502,1.0,8042,67.8,80,67.2,43,8.3
"28065","5","10","71","0","2017","4","",145,1102,1130,1118,11533662,2281261,39499,795,"",0.91,0.76,0.76,0.76,0.84,1.02,1.00,1.10,"",-5,-3.3,63,6.1,67,6.3,133,13.5,1836719,18.9,94162,4.3,1499,3.9,70,9.7
"28067","0","10","70","0","2017","4","",1393,26956,27118,27251,309129905,29106486,153311,877,"",1.00,1.00,1.00,1.00,1.00,1.00,1.00,1.00,"",24,1.8,71,0.3,222,0.8,208,0.8,31948927,11.5,597445,2.1,-40091,-20.7,86,10.9
"28067","1","10","71","0","2017","4","",19,217,216,214,2975509,0,0,1061,"",2.27,0.42,0.42,0.41,0.35,0.00,0.00,0.85,"",0,0.0,7,3.3,2,0.9,3,1.4,-125645,-4.1,0,0.0,0,0.0,-66,-5.9
"28067","2","10","71","0","2017","4","",19,1490,1464,1474,9179296,0,0,478,"",1.95,1.72,1.69,1.70,0.91,0.00,0.00,0.53,"",0,0.0,14,0.9,-5,-0.3,10,0.7,-756630,-7.6,0,0.0,0,0.0,-42,-8.1
"28067","3","10","71","0","2017","4","",58,5440,5582,5613,49121711,389570,2305,681,"",2.45,2.04,2.07,2.08,1.85,0.68,2.86,0.90,"",1,1.8,3,0.1,123,2.3,129,2.4,3794888,8.4,80811,26.2,442,23.7,42,6.6
"28067","5","10","71","0","2017","4","",1297,19809,19856,19950,247853389,28716916,151006,959,"",0.96,0.86,0.86,0.86,0.94,1.02,0.99,1.09,"",23,1.8,47,0.2,102,0.5,66,0.3,29036314,13.3,516634,1.8,-40533,-21.2,109,12.8
"28069","0","10","70","0","2017","4","",140,2165,2111,2051,24092708,2160071,51479,879,"",1.00,1.00,1.00,1.00,1.00,1.00,1.00,1.00,"",-5,-3.4,-346,-13.8,-431,-17.0,-456,-18.2,-10491845,-30.3,-974961,-31.1,2250,4.6,-177,-16.8
"28069","1","10","71","0","2017","4","",7,30,30,29,554859,0,0,1439,"",8.34,0.72,0.74,0.73,0.84,0.00,0.00,1.14,"",0,0.0,-1,-3.2,-6,-16.7,-5,-14.7,-58938,-9.6,0,0.0,0,0.0,37,2.6
"28069","2","10","71","0","2017","4","",7,28,28,28,187297,0,0,515,"",7.14,0.40,0.41,0.43,0.24,0.00,0.00,0.57,"",0,0.0,-1,-3.4,-1,-3.4,-1,-3.4,-26420,-12.4,0,0.0,0,0.0,-52,-9.2
"28069","3","10","71","0","2017","4","",8,622,625,626,5179028,140806,1408,638,"",3.36,2.90,2.98,3.08,2.50,3.29,5.20,0.84,"",0,0.0,10,1.6,-3,-0.5,-5,-0.8,93604,1.8,4023,2.9,40,2.9,11,1.8
"28069","5","10","71","0","2017","4","",118,1485,1428,1368,18171524,2019265,50071,980,"",0.87,0.81,0.80,0.78,0.88,0.97,0.98,1.11,"",-5,-4.1,-354,-19.2,-421,-22.8,-445,-24.5,-10500091,-36.6,-978984,-32.7,2210,4.6,-223,-18.5
"28071","0","10","70","0","2017","4","",1317,24505,24768,24072,237019408,25769409,219274,746,"",1.00,1.00,1.00,1.00,1.00,1.00,1.00,1.00,"",42,3.3,685,2.9,758,3.2,719,3.1,4034596,1.7,410677,1.6,-23493,-9.7,-9,-1.2
"28071","1","10","71","0","2017","4","",18,333,328,326,6513352,0,0,1523,"",2.28,0.71,0.69,0.70,1.00,0.00,0.00,1.43,"",0,0.0,2,0.6,2,0.6,-2,-0.6,159615,2.5,0,0.0,0,0.0,34,2.3
"28071","2","10","71","0","2017","4","N",16,0,0,0,0,0,0,0,"N",1.73,0,0,0,0,0,0,0,"N",0,0.0,0,0,0,0,0,0,0,0,0,0,0,0,0,0
"28071","3","10","71","0","2017","4","N",23,0,0,0,0,0,0,0,"N",1.03,0,0,0,0,0,0,0,"N",0,0.0,0,0,0,0,0,0,0,0,0,0,0,0,0,0
"28071","5","10","71","0","2017","4","",1260,17492,17708,17020,148340775,25385954,215444,656,"",0.99,0.84,0.84,0.83,0.73,1.02,0.99,0.87,"",42,3.4,569,3.4,626,3.7,607,3.7,2391298,1.6,233334,0.9,-25266,-10.5,-12,-1.8
"28073","0","10","70","0","2017","4","",1446,19060,19416,19245,155098686,29138230,142892,620,"",1.00,1.00,1.00,1.00,1.00,1.00,1.00,1.00,"",13,0.9,-9,0.0,2,0.0,-60,-0.3,8315914,5.7,111444,0.4,-70875,-33.2,34,5.8
"28073","1","10","71","0","2017","4","",4,57,52,51,700746,0,0,1011,"",0.46,0.16,0.14,0.14,0.16,0.00,0.00,1.14,"",0,0.0,6,11.8,1,2.0,-1,-1.9,48129,7.4,0,0.0,0,0.0,33,3.4
"28073","2","10","71","0","2017","4","",13,159,157,155,1460984,0,0,716,"",1.28,0.26,0.25,0.25,0.29,0.00,0.00,1.13,"",1,8.3,-13,-7.6,-16,-9.2,-20,-11.4,67955,4.9,0,0.0,0,0.0,98,15.9
"28073","3","10","71","0","2017","4","",21,2211,2180,2179,18251202,469473,4694,641,"",0.85,1.17,1.13,1.14,1.37,0.81,6.24,1.19,"",0,0.0,-10,-0.5,-17,-0.8,-1,0.0,826809,4.7,85346,22.2,855,22.3,32,5.3
"28073","5","10","71","0","2017","4","",1408,16633,17027,16860,134685754,28668757,138198,615,"",1.00,1.03,1.03,1.03,1.02,1.02,0.97,0.99,"",12,0.9,8,0.0,34,0.2,-38,-0.2,7373021,5.8,26098,0.1,-71730,-34.2,33,5.7
"28075","0","10","70","0","2017","4","",1939,33110,33188,33624,304338850,38060631,287797,703,"",1.00,1.00,1.00,1.00,1.00,1.00,1.00,1.00,"",-32,-1.6,-393,-1.2,-626,-1.9,-703,-2.0,767099,0.3,-1459897,-3.7,-55799,-16.2,14,2.0
"28075","1","10","71","0","2017","4","",24,811,800,805,12473317,0,0,1191,"",2.06,1.27,1.26,1.24,1.49,0.00,0.00,1.18,"",0,0.0,15,1.9,-8,-1.0,-13,-1.6,223842,1.8,0,0.0,0,0.0,24,2.1
"28075","2","10","71","0","2017","4","",22,1267,1240,1241,10148374,0,0,625,"",1.62,1.19,1.17,1.16,1.02,0.00,0.00,0.87,"",0,0.0,9,0.7,-20,-1.6,-19,-1.5,-812946,-7.4,0,0.0,0,0.0,-45,-6.7
"28075","3","10","71","0","2017","4","",16,3700,3721,3720,30889366,948453,5974,640,"",0.49,1.13,1.13,1.12,1.18,1.26,3.94,1.05,"",0,0.0,-120,-3.1,-107,-2.8,-137,-3.6,-22157,-0.1,181209,23.6,2401,67.2,20,3.2
"28075","5","10","71","0","2017","4","",1877,27332,27427,27858,250827793,37112178,281823,701,"",1.00,0.97,0.97,0.97,0.97,1.01,0.99,0.99,"",-32,-1.7,-297,-1.1,-491,-1.8,-534,-1.9,1378360,0.6,-1641106,-4.2,-58200,-17.1,15,2.2
"28077","0","10","70","0","2017","4","",178,2428,2498,2447,26329989,2870942,15696,824,"",1.00,1.00,1.00,1.00,1.00,1.00,1.00,1.00,"",-7,-3.8,-41,-1.7,37,1.5,-6,-0.2,1036892,4.1,1022033,55.3,3884,32.9,33,4.2
"28077","1","10","71","0","2017","4","",8,37,38,39,452428,0,0,916,"",7.49,0.79,0.79,0.83,0.63,0.00,0.00,0.78,"",0,0.0,-2,-5.1,-2,-5.0,-2,-4.9,-27058,-5.6,0,0.0,0,0.0,-6,-0.7
"28077","2","10","71","0","2017","4","",7,28,28,29,184842,0,0,502,"",5.61,0.36,0.35,0.37,0.22,0.00,0.00,0.60,"",0,0.0,-1,-3.4,0,0.0,1,3.6,-9446,-4.9,0,0.0,0,0.0,-25,-4.7
"28077","3","10","71","0","2017","4","",10,646,651,651,4659197,26880,268,552,"",3.31,2.69,2.62,2.69,2.06,0.47,3.24,0.77,"",0,0.0,-17,-2.6,-12,-1.8,-17,-2.5,-87200,-1.8,6303,30.6,63,30.7,3,0.5
"28077","5","10","71","0","2017","4","",153,1717,1781,1728,21033522,2844062,15428,929,"",0.89,0.83,0.84,0.83,0.94,1.02,0.99,1.12,"",-7,-4.4,-21,-1.2,51,2.9,12,0.7,1160596,5.8,1015730,55.6,3821,32.9,44,5.0
"28079","0","10","70","0","2017","4","",315,4783,4759,4919,38303336,5593784,71310,611,"",1.00,1.00,1.00,1.00,1.00,1.00,1.00,1.00,"",2,0.6,-60,-1.2,4,0.1,65,1.3,422680,1.1,-53945,-1.0,-4515,-6.0,6,1.0
"28079","1","10","71","0","2017","4","",7,61,60,61,846064,0,0,1073,"",3.71,0.66,0.66,0.64,0.80,0.00,0.00,1.23,"",0,0.0,-2,-3.2,-3,-4.8,-5,-7.6,-31857,-3.6,0,0.0,0,0.0,18,1.7
"28079","2","10","71","0","2017","4","",10,43,43,43,322553,0,0,577,"",4.53,0.28,0.28,0.27,0.26,0.00,0.00,0.93,"",1,11.1,2,4.9,2,4.9,2,4.9,7116,2.3,0,0.0,0,0.0,-15,-2.5
"28079","3","10","71","0","2017","4","",16,652,654,654,4968579,134113,1340,585,"",2.99,1.38,1.38,1.34,1.51,1.21,3.57,1.10,"",0,0.0,-44,-6.3,-34,-4.9,-37,-5.4,-60868,-1.2,-14890,-10.0,-147,-9.9,26,4.7
"28079","5","10","71","0","2017","4","",282,4027,4002,4161,32166140,5459671,69970,609,"",0.92,0.99,0.99,1.00,0.98,1.01,0.99,0.99,"",1,0.4,-16,-0.4,39,1.0,105,2.6,508289,1.6,-39055,-0.7,-4368,-5.9,3,0.5
"28081","0","10","70","0","2017","4","",2513,53779,54272,54507,533670579,70462996,450873,758,"",1.00,1.00,1.00,1.00,1.00,1.00,1.00,1.00,"",7,0.3,21,0.0,146,0.3,53,0.1,6820409,1.3,-1606367,-2.2,-134733,-23.0,9,1.2
"28081","1","10","71","0","2017","4","",22,463,450,454,7791853,0,0,1315,"",1.46,0.45,0.43,0.43,0.53,0.00,0.00,1.21,"",-1,-4.3,8,1.8,-6,-1.3,-11,-2.4,103209,1.3,0,0.0,0,0.0,26,2.0
"28081","2","10","71","0","2017","4","",19,760,759,760,6492235,0,0,657,"",1.08,0.44,0.44,0.44,0.37,0.00,0.00,0.85,"",0,0.0,-10,-1.3,-13,-1.7,-12,-1.6,-297482,-4.4,0,0.0,0,0.0,-20,-3.0
"28081","3","10","71","0","2017","4","",43,3996,3996,4174,37077849,246854,1131,703,"",1.01,0.75,0.74,0.77,0.81,0.18,0.48,1.07,"",1,2.4,-135,-3.3,-73,-1.8,-77,-1.8,1351692,3.8,42135,20.6,132,13.2,41,6.2
"28081","5","10","71","0","2017","4","",2429,48560,49067,49119,482308642,70216142,449742,758,"",1.00,1.06,1.06,1.06,1.06,1.03,1.00,0.99,"",7,0.3,158,0.3,238,0.5,153,0.3,5662990,1.2,-1648502,-2.3,-134865,-23.1,6,0.8
"28083","0","10","70","0","2017","4","",829,14892,14849,14692,126721280,16883142,182727,658,"",1.00,1.00,1.00,1.00,1.00,1.00,1.00,1.00,"",-13,-1.5,557,3.9,527,3.7,140,1.0,2466990,2.0,-26732,-0.2,-17427,-8.7,-6,-0.9
"28083","1","10","71","0","2017","4","",14,107,108,107,1639110,0,0,1175,"",2.82,0.37,0.38,0.38,0.47,0.00,0.00,1.25,"",0,0.0,-3,-2.7,-1,-0.9,-8,-7.0,-56954,-3.4,0,0.0,0,0.0,3,0.3
"28083","2","10","71","0","2017","4","",18,812,813,828,7836507,0,0,737,"",3.10,1.70,1.71,1.77,1.89,0.00,0.00,1.10,"",0,0.0,-9,-1.1,-5,-0.6,-18,-2.1,-371529,-4.5,0,0.0,0,0.0,-25,-3.3
"28083","3","10","71","0","2017","4","",46,2871,2850,2844,29723529,692395,5773,801,"",3.26,1.95,1.93,1.96,2.73,2.07,6.00,1.40,"",0,0.0,-15,-0.5,-37,-1.3,-25,-0.9,440715,1.5,-113412,-14.1,-1135,-16.4,19,2.4
"28083","5","10","71","0","2017","4","",751,11102,11078,10913,87522134,16190747,176954,610,"",0.93,0.88,0.88,0.87,0.81,0.99,0.97,0.92,"",-13,-1.7,584,5.6,570,5.4,191,1.8,2454758,2.9,86680,0.5,-16292,-8.4,-8,-1.3
"28085","0","10","70","0","2017","4","",818,12243,12226,12236,112097284,16091688,71246,705,"",1.00,1.00,1.00,1.00,1.00,1.00,1.00,1.00,"",-6,-0.7,352,3.0,279,2.3,263,2.2,4585712,4.3,339161,2.2,-18876,-20.9,12,1.7
"28085","1","10","71","0","2017","4","",10,104,106,108,1474748,0,0,1070,"",2.04,0.44,0.45,0.46,0.48,0.00,0.00,1.06,"",0,0.0,7,7.2,5,5.0,9,9.1,139028,10.4,0,0.0,0,0.0,32,3.1
"28085","2","10","71","0","2017","4","",13,306,308,310,2305035,0,0,576,"",2.27,0.78,0.79,0.79,0.63,0.00,0.00,0.80,"",0,0.0,58,23.4,62,25.2,62,25.0,-37067,-1.6,0,0.0,0,0.0,-152,-20.9
"28085","3","10","71","0","2017","4","",18,1457,1457,1463,11224177,83049,829,592,"",1.29,1.20,1.20,1.21,1.16,0.26,2.21,0.97,"",0,0.0,12,0.8,6,0.4,3,0.2,558030,5.2,-11551,-12.2,-117,-12.4,27,4.8
"28085","5","10","71","0","2017","4","",777,10376,10355,10355,97093324,16008639,70417,721,"",0.98,1.00,1.00,1.00,1.01,1.03,0.99,1.02,"",-6,-0.8,275,2.7,206,2.0,189,1.9,3925721,4.2,350712,2.2,-18759,-21.0,14,2.0
"28087","0","10","70","0","2017","4","",1565,25006,25018,25001,262052559,27327095,197710,806,"",1.00,1.00,1.00,1.00,1.00,1.00,1.00,1.00,"",-26,-1.6,-726,-2.8,-843,-3.3,-446,-1.8,90229,0.0,-3429819,-11.2,-96475,-32.8,21,2.7
"28087","1","10","71","0","2017","4","",37,831,833,843,11402168,0,0,1050,"",3.94,1.73,1.74,1.75,1.58,0.00,0.00,0.91,"",1,2.8,2,0.2,-4,-0.5,2,0.2,432307,3.9,0,0.0,0,0.0,40,4.0
"28087","2","10","71","0","2017","4","",18,815,825,807,6092437,0,0,575,"",1.64,1.02,1.03,1.01,0.71,0.00,0.00,0.70,"",0,0.0,-11,-1.3,-35,-4.1,-23,-2.8,-134338,-2.2,0,0.0,0,0.0,4,0.7
"28087","3","10","71","0","2017","4","",35,2528,2524,2517,23014458,25676,148,702,"",1.32,1.02,1.02,1.02,1.02,0.05,0.14,1.00,"",0,0.0,13,0.5,-1,0.0,20,0.8,833006,3.8,-10460,-28.9,-18,-10.8,23,3.4
"28087","5","10","71","0","2017","4","",1475,20832,20836,20834,221543496,27301419,197562,818,"",0.97,0.98,0.98,0.98,0.99,1.03,1.01,1.01,"",-27,-1.8,-730,-3.4,-803,-3.7,-445,-2.1,-1040746,-0.5,-3419359,-11.1,-96457,-32.8,21,2.6
"28089","0","10","70","0","2017","4","",3404,55411,56363,56719,615085162,73272348,479767,842,"",1.00,1.00,1.00,1.00,1.00,1.00,1.00,1.00,"",44,1.3,42,0.1,422,0.8,424,0.8,-2179980,-0.4,-5329674,-6.8,-129986,-21.3,-8,-0.9
"28089","1","10","71","0","2017","4","",14,221,223,227,3556971,0,0,1223,"",0.69,0.21,0.21,0.21,0.21,0.00,0.00,1.02,"",0,0.0,12,5.7,11,5.2,-1,-0.4,60964,1.7,0,0.0,0,0.0,-20,-1.6
"28089","2","10","71","0","2017","4","",14,649,647,650,6318116,0,0,749,"",0.59,0.36,0.36,0.36,0.31,0.00,0.00,0.87,"",0,0.0,-36,-5.3,-37,-5.4,-32,-4.7,-266085,-4.0,0,0.0,0,0.0,8,1.1
"28089","3","10","71","0","2017","4","",26,3830,3844,3919,37340525,902392,3401,743,"",0.45,0.70,0.69,0.70,0.71,0.62,1.35,1.02,"",0,0.0,-68,-1.7,-66,-1.7,18,0.5,1126849,3.1,98145,12.2,285,9.1,29,4.1
"28089","5","10","71","0","2017","4","",3350,50711,51649,51923,567869550,72369956,476366,849,"",1.01,1.08,1.08,1.08,1.08,1.02,1.00,1.00,"",44,1.3,134,0.3,514,1.0,439,0.9,-3101708,-0.5,-5427819,-7.0,-130271,-21.5,-11,-1.3
"28091","0","10","70","0","2017","4","",564,7977,8151,8167,75528331,10814237,72455,717,"",1.00,1.00,1.00,1.00,1.00,1.00,1.00,1.00,"",-11,-1.9,-35,-0.4,41,0.5,-23,-0.3,2505451,3.4,362489,3.5,-8064,-10.0,24,3.5
"28091","1","10","71","0","2017","4","",7,48,43,43,572516,0,0,986,"",2.07,0.31,0.28,0.27,0.28,0.00,0.00,0.96,"",-1,-12.5,-2,-4.0,-1,-2.3,-8,-15.7,-6892,-1.2,0,0.0,0,0.0,64,6.9
"28091","2","10","71","0","2017","4","",12,195,195,196,1527551,0,0,602,"",3.04,0.76,0.75,0.75,0.62,0.00,0.00,0.82,"",0,0.0,5,2.6,5,2.6,5,2.6,47683,3.2,0,0.0,0,0.0,4,0.7
"28091","3","10","71","0","2017","4","",9,1052,1068,1074,8457435,36963,370,611,"",0.94,1.33,1.32,1.33,1.30,0.17,0.97,0.98,"",0,0.0,-48,-4.4,-43,-3.9,-38,-3.4,-90167,-1.1,14942,67.9,150,68.2,17,2.9
"28091","5","10","71","0","2017","4","",536,6682,6845,6854,64970829,10777274,72085,736,"",0.98,0.99,0.99,0.99,1.01,1.03,1.00,1.02,"",-10,-1.8,10,0.1,80,1.2,18,0.3,2554827,4.1,347547,3.3,-8214,-10.2,26,3.7
"28093","0","10","70","0","2017","4","",445,6955,7008,6968,70267935,9683047,97568,775,"",1.00,1.00,1.00,1.00,1.00,1.00,1.00,1.00,"",6,1.4,621,9.8,687,10.9,720,11.5,8002359,12.9,1806962,22.9,7699,8.6,15,2.0
"28093","1","10","71","0","2017","4","",9,75,78,78,995918,0,0,995,"",3.37,0.56,0.58,0.58,0.52,0.00,0.00,0.90,"",0,0.0,-2,-2.6,4,5.4,-1,-1.3,-6715,-0.7,0,0.0,0,0.0,-11,-1.1
"28093","2","10","71","0","2017","4","",11,78,78,78,595325,0,0,587,"",3.53,0.35,0.35,0.35,0.26,0.00,0.00,0.74,"",0,0.0,-1,-1.3,-1,-1.3,-2,-2.5,-40135,-6.3,0,0.0,0,0.0,-29,-4.7
"28093","3","10","71","0","2017","4","",25,1049,1058,1063,8855322,107881,562,645,"",3.31,1.52,1.52,1.54,1.47,0.56,1.09,0.96,"",0,0.0,20,1.9,21,2.0,31,3.0,269135,3.1,71256,194.6,196,53.6,5,0.8
"28093","5","10","71","0","2017","4","",400,5753,5794,5749,59821370,9575166,97006,798,"",0.93,0.97,0.97,0.97,1.00,1.02,1.00,1.02,"",6,1.5,604,11.7,663,12.9,692,13.7,7780074,14.9,1735706,22.1,7503,8.4,15,1.9
"28095","0","10","70","0","2017","4","",643,9755,9816,9785,102555499,14433039,128460,806,"",1.00,1.00,1.00,1.00,1.00,1.00,1.00,1.00,"",-22,-3.3,-68,-0.7,-2,0.0,67,0.7,4726084,4.8,2695647,23.0,-5143,-3.8,37,4.8
"28095","1","10","71","0","2017","4","",12,121,123,120,2107139,0,0,1336,"",3.11,0.64,0.65,0.64,0.75,0.00,0.00,1.16,"",0,0.0,-9,-6.9,-5,-3.9,-12,-9.1,-91877,-4.2,0,0.0,0,0.0,35,2.7
"28095","2","10","71","0","2017","4","",11,72,72,72,522231,0,0,558,"",2.44,0.23,0.23,0.23,0.16,0.00,0.00,0.68,"",0,0.0,-5,-6.5,-4,-5.3,-6,-7.7,-67723,-11.5,0,0.0,0,0.0,-31,-5.3
"28095","3","10","71","0","2017","4","",29,1303,1304,1294,10083227,2222,21,596,"",2.65,1.35,1.34,1.34,1.14,0.01,0.03,0.85,"",0,0.0,-43,-3.2,-40,-3.0,-55,-4.1,-216991,-2.1,-2328,-51.2,-24,-53.3,7,1.2
"28095","5","10","71","0","2017","4","",591,8259,8317,8299,89842902,14430817,128439,833,"",0.95,1.00,1.00,1.00,1.03,1.03,1.01,1.03,"",-22,-3.6,-11,-0.1,47,0.6,140,1.7,5102675,6.0,2697975,23.0,-5119,-3.8,41,5.2
"28097","0","10","70","0","2017","4","",237,2437,2445,2450,18926906,2729590,17922,596,"",1.00,1.00,1.00,1.00,1.00,1.00,1.00,1.00,"",0,0.0,-156,-6.0,-165,-6.3,-152,-5.8,-946926,-4.8,-114250,-4.0,-3570,-16.6,8,1.4
"28097","1","10","71","0","2017","4","",6,28,27,27,346009,0,0,974,"",4.22,0.60,0.58,0.57,0.67,0.00,0.00,1.14,"",0,0.0,4,16.7,2,8.0,-1,-3.6,31116,9.9,0,0.0,0,0.0,30,3.2
"28097","2","10","71","0","2017","4","",6,33,33,33,271088,0,0,632,"",3.61,0.42,0.42,0.42,0.44,0.00,0.00,1.04,"",0,0.0,1,3.1,1,3.1,0,0.0,-15515,-5.4,0,0.0,0,0.0,-50,-7.3
"28097","3","10","71","0","2017","4","",16,551,548,544,4866037,0,0,683,"",3.97,2.28,2.26,2.24,2.99,0.00,0.00,1.32,"",0,0.0,9,1.7,11,2.0,7,1.3,128099,2.7,0,0.0,0,0.0,6,0.9
"28097","5","10","71","0","2017","4","",209,1825,1837,1846,13443772,2729590,17922,563,"",0.91,0.88,0.88,0.89,0.83,1.03,1.01,0.94,"",0,0.0,-170,-8.5,-179,-8.9,-158,-7.9,-1090626,-7.5,-114250,-4.0,-3570,-16.6,5,0.9
"28099","0","10","70","0","2017","4","",558,12068,12092,12141,107698170,12439881,59184,685,"",1.00,1.00,1.00,1.00,1.00,1.00,1.00,1.00,"",2,0.4,14,0.1,86,0.7,81,0.7,1610691,1.5,1469349,13.4,-14636,-19.8,7,1.0
"28099","1","10","71","0","2017","4","",10,67,69,66,1279779,0,0,1462,"",2.99,0.29,0.30,0.28,0.43,0.00,0.00,1.49,"",0,0.0,-15,-18.3,-17,-19.8,-19,-22.4,-24422,-1.9,0,0.0,0,0.0,272,22.9
"28099","2","10","71","0","2017","4","",14,91,91,91,762671,0,0,645,"",3.58,0.23,0.23,0.24,0.22,0.00,0.00,0.92,"",0,0.0,-2,-2.2,-1,-1.1,-1,-1.1,-24588,-3.1,0,0.0,0,0.0,-11,-1.7
"28099","3","10","71","0","2017","4","",28,5914,5907,5922,51302882,3807950,8674,667,"",2.95,4.95,4.92,4.93,5.54,15.46,27.85,1.12,"",-1,-3.4,129,2.2,130,2.3,163,2.8,1156561,2.3,919044,31.8,-775,-8.2,-1,-0.1
"28099","5","10","71","0","2017","4","",506,5996,6025,6062,54352838,8631931,50510,694,"",0.93,0.58,0.59,0.59,0.59,0.72,0.86,1.01,"",3,0.6,-98,-1.6,-26,-0.4,-62,-1.0,503140,0.9,550305,6.8,-13861,-21.5,14,2.1
"28101","0","10","70","0","2017","4","",346,5396,5392,5563,44223058,4732262,24762,624,"",1.00,1.00,1.00,1.00,1.00,1.00,1.00,1.00,"",-6,-1.7,-228,-4.1,-270,-4.8,-272,-4.7,-495397,-1.1,-679767,-12.6,-6544,-20.9,21,3.5
"28101","1","10","71","0","2017","4","",15,81,82,83,1022854,0,0,960,"",7.23,0.78,0.79,0.77,0.84,0.00,0.00,1.08,"",0,0.0,2,2.5,-2,-2.4,-2,-2.4,130944,14.7,0,0.0,0,0.0,130,15.7
"28101","2","10","71","0","2017","4","",13,587,588,597,4459263,0,0,581,"",5.36,3.39,3.40,3.37,3.09,0.00,0.00,0.91,"",0,0.0,-43,-6.8,-42,-6.7,-31,-4.9,-750982,-14.4,0,0.0,0,0.0,-56,-8.8
"28101","3","10","71","0","2017","4","",16,1313,1303,1312,10002296,238077,1506,588,"",2.72,2.46,2.43,2.38,2.63,2.54,11.56,1.09,"",1,6.7,47,3.7,35,2.8,37,2.9,263352,2.7,80636,51.2,594,65.1,-2,-0.3
"28101","5","10","71","0","2017","4","",302,3415,3419,3571,28738645,4494185,23256,637,"",0.90,0.74,0.75,0.76,0.76,0.98,0.95,1.02,"",-7,-2.3,-234,-6.4,-261,-7.1,-276,-7.2,-138711,-0.5,-760403,-14.5,-7138,-23.5,41,6.9
"28103","0","10","70","0","2017","4","",217,2547,2542,2554,20385119,2578728,22151,615,"",1.00,1.00,1.00,1.00,1.00,1.00,1.00,1.00,"",-5,-2.3,2,0.1,-42,-1.6,-42,-1.6,345570,1.7,52882,2.1,1292,6.2,16,2.7
"28103","1","10","71","0","2017","4","",7,38,37,39,557872,0,0,1129,"",5.38,0.78,0.76,0.79,1.00,0.00,0.00,1.28,"",0,0.0,-3,-7.3,-5,-11.9,-6,-13.3,-33087,-5.6,0,0.0,0,0.0,64,6.0
"28103","2","10","71","0","2017","4","",8,41,41,42,340846,0,0,634,"",5.26,0.50,0.50,0.52,0.51,0.00,0.00,1.01,"",0,0.0,-2,-4.7,-2,-4.7,-1,-2.3,-13132,-3.7,0,0.0,0,0.0,1,0.2
"28103","3","10","71","0","2017","4","",17,691,693,708,5806995,34406,109,641,"",4.61,2.74,2.75,2.80,3.31,0.67,0.93,1.20,"",0,0.0,6,0.9,25,3.7,29,4.3,82597,1.4,2526,7.9,6,5.8,-9,-1.4
"28103","5","10","71","0","2017","4","",185,1777,1771,1765,13679406,2544322,22042,594,"",0.88,0.82,0.82,0.81,0.79,1.02,1.00,0.96,"",-5,-2.6,1,0.1,-60,-3.3,-64,-3.5,309192,2.3,50356,2.0,1286,6.2,26,4.6
"28105","0","10","70","0","2017","4","",944,20373,20267,19881,187765580,20359816,166152,716,"",1.00,1.00,1.00,1.00,1.00,1.00,1.00,1.00,"",-3,-0.3,-133,-0.6,-127,-0.6,-58,-0.3,2054290,1.1,-662692,-3.2,-53452,-24.3,12,1.7
"28105","1","10","71","0","2017","4","",15,232,230,237,4395831,0,0,1451,"",2.65,0.59,0.59,0.62,0.85,0.00,0.00,1.42,"",0,0.0,-5,-2.1,-4,-1.7,-1,-0.4,118403,2.8,0,0.0,0,0.0,59,4.2
"28105","2","10","71","0","2017","4","N",16,0,0,0,0,0,0,0,"N",2.42,0,0,0,0,0,0,0,"N",-2,-11.1,0,0,0,0,0,0,0,0,0,0,0,0,0,0
"28105","3","10","71","0","2017","4","N",19,0,0,0,0,0,0,0,"N",1.18,0,0,0,0,0,0,0,"N",0,0.0,0,0,0,0,0,0,0,0,0,0,0,0,0,0
"28105","5","10","71","0","2017","4","",894,12987,12881,12438,91557508,20348326,166038,552,"",0.98,0.75,0.75,0.74,0.57,1.03,1.01,0.77,"",-1,-0.1,16,0.1,41,0.3,-58,-0.5,2249545,2.5,-671436,-3.2,-53539,-24.4,14,2.6
"28107","0","10","70","0","2017","4","",655,10471,10787,10864,97858659,14446516,107010,703,"",1.00,1.00,1.00,1.00,1.00,1.00,1.00,1.00,"",-4,-0.6,-139,-1.3,-43,-0.4,10,0.1,-608599,-0.6,1560057,12.1,-36580,-25.5,-1,-0.1
"28107","1","10","71","0","2017","4","",11,106,107,105,1542680,0,0,1120,"",2.80,0.53,0.52,0.50,0.57,0.00,0.00,1.11,"",0,0.0,2,1.9,-2,-1.8,-3,-2.8,7379,0.5,0,0.0,0,0.0,16,1.4
"28107","2","10","71","0","2017","4","",14,577,577,578,5310722,0,0,708,"",3.05,1.72,1.67,1.67,1.66,0.00,0.00,0.99,"",0,0.0,5,0.9,5,0.9,1,0.2,-77194,-1.4,0,0.0,0,0.0,-14,-1.9
"28107","3","10","71","0","2017","4","",27,1477,1465,1455,11887866,83743,589,624,"",2.43,1.42,1.37,1.35,1.41,0.29,1.05,1.02,"",0,0.0,-43,-2.8,-53,-3.5,-64,-4.2,-91733,-0.8,11012,15.1,67,12.8,17,2.8
"28107","5","10","71","0","2017","4","",603,8311,8638,8726,79117391,14362773,106421,711,"",0.95,0.93,0.94,0.95,0.95,1.03,1.00,1.01,"",-4,-0.7,-103,-1.2,7,0.1,76,0.9,-447051,-0.6,1549045,12.1,-36647,-25.6,-4,-0.6
"28109","0","10","70","0","2017","4","",829,10240,10263,10287,86789845,11855101,70383,650,"",1.00,1.00,1.00,1.00,1.00,1.00,1.00,1.00,"",-18,-2.1,-141,-1.4,-33,-0.3,24,0.2,1301224,1.5,3906,0.0,-9611,-12.0,12,1.9
"28109","1","10","71","0","2017","4","",12,113,119,113,1591353,0,0,1064,"",2.41,0.57,0.61,0.57,0.67,0.00,0.00,1.14,"",0,0.0,-12,-9.6,-3,-2.5,-15,-11.7,3993,0.3,0,0.0,0,0.0,87,8.9
"28109","2","10","71","0","2017","4","",14,138,138,142,1159399,0,0,640,"",2.41,0.42,0.42,0.43,0.41,0.00,0.00,0.97,"",1,7.7,18,15.0,18,15.0,23,19.3,115946,11.1,0,0.0,0,0.0,-31,-4.6
"28109","3","10","71","0","2017","4","",22,2958,2939,2909,25260454,329020,2559,662,"",1.56,2.92,2.88,2.86,3.38,1.40,6.91,1.17,"",0,0.0,-27,-0.9,-54,-1.8,-90,-3.0,295850,1.2,-72108,-18.0,-769,-23.1,20,3.1
"28109","5","10","71","0","2017","4","",781,7031,7067,7123,58778639,11526081,67824,639,"",0.97,0.81,0.81,0.81,0.79,1.00,0.97,0.98,"",-19,-2.4,-120,-1.7,6,0.1,106,1.5,885435,1.5,76014,0.7,-8842,-11.5,10,1.6
"28111","0","10","70","0","2017","4","",164,2050,2093,2095,23320526,2236924,11540,863,"",1.00,1.00,1.00,1.00,1.00,1.00,1.00,1.00,"",-1,-0.6,-10,-0.5,31,1.5,27,1.3,1665816,7.7,190639,9.3,-61,-0.5,56,6.9
"28111","1","10","71","0","2017","4","",3,20,19,20,250743,0,0,981,"",3.05,0.51,0.47,0.50,0.39,0.00,0.00,0.79,"",0,0.0,0,0.0,-1,-5.0,1,5.3,3093,1.2,0,0.0,0,0.0,12,1.2
"28111","2","10","71","0","2017","4","",7,30,29,29,207751,0,0,545,"",6.09,0.46,0.43,0.43,0.27,0.00,0.00,0.62,"",0,0.0,0,0.0,-1,-3.3,-2,-6.5,-15128,-6.8,0,0.0,0,0.0,-20,-3.5
"28111","3","10","71","0","2017","4","",16,513,513,512,3373566,156666,1566,506,"",5.74,2.53,2.47,2.47,1.68,3.54,25.78,0.68,"",-2,-11.1,-14,-2.7,-9,-1.7,-16,-3.0,47164,1.4,25099,19.1,252,19.2,19,3.9
"28111","5","10","71","0","2017","4","",138,1487,1532,1534,19488466,2080258,9974,988,"",0.87,0.85,0.86,0.86,0.98,0.96,0.87,1.14,"",1,0.7,4,0.3,42,2.8,44,3.0,1630687,9.1,165540,8.6,-313,-3.0,65,7.0
"28113","0","10","70","0","2017","4","",1019,14899,14899,14992,124661572,18907942,113294,642,"",1.00,1.00,1.00,1.00,1.00,1.00,1.00,1.00,"",-2,-0.2,200,1.4,-28,-0.2,42,0.3,7124008,6.1,1626022,9.4,21166,23.0,34,5.6
"28113","1","10","71","0","2017","4","",13,106,108,110,1525953,0,0,1087,"",2.13,0.37,0.38,0.38,0.45,0.00,0.00,1.18,"",0,0.0,-11,-9.4,-3,-2.7,-1,-0.9,46073,3.1,0,0.0,0,0.0,80,7.9
"28113","2","10","71","0","2017","4","",19,496,496,498,4066471,0,0,630,"",2.66,1.04,1.04,1.04,1.00,0.00,0.00,0.96,"",0,0.0,11,2.3,10,2.1,10,2.0,-88441,-2.1,0,0.0,0,0.0,-27,-4.1
"28113","3","10","71","0","2017","4","",50,2848,2850,2862,26622058,29520,293,718,"",2.89,1.93,1.93,1.93,2.48,0.08,0.49,1.29,"",0,0.0,-15,-0.5,-20,-0.7,1,0.0,272579,1.0,9971,51.0,99,51.0,10,1.4
"28113","5","10","71","0","2017","4","",937,11449,11445,11522,92447090,18878422,113001,620,"",0.95,0.90,0.90,0.90,0.87,1.03,1.00,0.96,"",-2,-0.2,215,1.9,-15,-0.1,32,0.3,6893797,8.1,1616051,9.4,21067,22.9,42,7.3
"28115","0","10","70","0","2017","4","",513,12504,12573,12566,108064772,16129131,71006,662,"",1.00,1.00,1.00,1.00,1.00,1.00,1.00,1.00,"",-3,-0.6,-72,-0.6,29,0.2,-124,-1.0,-55594,-0.1,53990,0.3,-28070,-28.3,2,0.3
"28115","1","10","71","0","2017","4","",8,47,50,50,679534,0,0,1067,"",2.60,0.20,0.21,0.21,0.23,0.00,0.00,1.13,"",0,0.0,-2,-4.1,0,0.0,-2,-3.8,43315,6.8,0,0.0,0,0.0,95,9.8
"28115","2","10","71","0","2017","4","",10,77,76,76,681784,0,0,687,"",2.78,0.19,0.19,0.19,0.19,0.00,0.00,1.02,"",0,0.0,-1,-1.3,-1,-1.3,-1,-1.3,-22396,-3.2,0,0.0,0,0.0,-13,-1.9
"28115","3","10","71","0","2017","4","",21,1125,1129,1120,9609350,51362,511,657,"",2.41,0.91,0.90,0.90,1.03,0.16,1.37,1.14,"",1,5.0,29,2.6,26,2.4,22,2.0,347047,3.7,11238,28.0,111,27.8,9,1.4
"28115","5","10","71","0","2017","4","",474,11255,11318,11320,97094104,16077769,70495,661,"",0.95,1.06,1.06,1.06,1.05,1.03,1.00,0.99,"",-4,-0.8,-98,-0.9,4,0.0,-143,-1.2,-423560,-0.4,42752,0.3,-28181,-28.6,2,0.3
"28117","0","10","70","0","2017","4","",500,7413,7455,7476,63243989,8547955,52952,653,"",1.00,1.00,1.00,1.00,1.00,1.00,1.00,1.00,"",7,1.4,75,1.0,122,1.7,153,2.1,2445957,4.0,812396,10.5,-5216,-9.0,15,2.4
"28117","1","10","71","0","2017","4","",7,41,42,43,558545,0,0,1023,"",2.33,0.29,0.29,0.30,0.32,0.00,0.00,1.10,"",0,0.0,0,0.0,0,0.0,-2,-4.4,26972,5.1,0,0.0,0,0.0,65,6.8
"28117","2","10","71","0","2017","4","",13,110,111,114,1018419,0,0,702,"",3.71,0.46,0.46,0.48,0.49,0.00,0.00,1.05,"",0,0.0,-2,-1.8,-2,-1.8,0,0.0,19726,2.0,0,0.0,0,0.0,22,3.2
"28117","3","10","71","0","2017","4","",18,1383,1408,1371,11462747,178409,1782,636,"",2.12,1.88,1.90,1.85,2.11,1.05,6.39,1.12,"",0,0.0,-52,-3.6,-24,-1.7,-39,-2.8,42489,0.4,56973,46.9,569,46.9,20,3.2
"28117","5","10","71","0","2017","4","",462,5879,5894,5948,50204278,8369546,51170,654,"",0.95,0.93,0.93,0.94,0.93,1.01,0.97,1.00,"",7,1.5,129,2.2,148,2.6,194,3.4,2356770,4.9,755423,9.9,-5785,-10.2,14,2.2
"28119","0","10","70","0","2017","4","",138,1005,1000,974,9507905,1244155,28945,737,"",1.00,1.00,1.00,1.00,1.00,1.00,1.00,1.00,"",-9,-6.1,-84,-7.7,-70,-6.5,-33,-3.3,396670,4.4,-97653,-7.3,-4425,-13.3,73,11.0
"28119","1","10","71","0","2017","4","",8,19,18,21,198997,0,0,792,"",9.67,0.98,0.94,1.12,0.76,0.00,0.00,0.75,"",0,0.0,-2,-9.5,-6,-25.0,-4,-16.0,-200,-0.1,0,0.0,0,0.0,135,20.5
"28119","2","10","71","0","2017","4","",8,40,40,39,303835,0,0,589,"",8.27,1.24,1.25,1.26,0.98,0.00,0.00,0.78,"",0,0.0,1,2.6,2,5.3,1,2.6,-6669,-2.1,0,0.0,0,0.0,-34,-5.5
"28119","3","10","71","0","2017","4","",12,292,292,291,3807957,29563,295,1004,"",5.12,2.93,2.94,3.02,4.66,1.20,1.94,1.57,"",0,0.0,8,2.8,6,2.1,1,0.3,646488,20.4,8976,43.6,90,43.9,156,18.4
"28119","5","10","71","0","2017","4","",110,654,650,623,5197116,1214592,28650,622,"",0.82,0.77,0.77,0.75,0.64,1.01,1.00,0.84,"",-9,-7.6,-91,-12.2,-72,-10.0,-31,-4.7,-242949,-4.5,-106629,-8.1,-4515,-13.6,30,5.1
"28121","0","10","70","0","2017","4","",3991,62009,62498,62624,648907383,82139042,425042,800,"",1.00,1.00,1.00,1.00,1.00,1.00,1.00,1.00,"",21,0.5,402,0.7,523,0.8,764,1.2,15979589,2.5,1251730,1.5,-43848,-9.4,12,1.5
"28121","1","10","71","0","2017","4","",24,614,615,631,10441901,0,0,1296,"",1.00,0.51,0.51,0.52,0.59,0.00,0.00,1.13,"",1,4.3,-26,-4.1,-31,-4.8,-31,-4.7,-744359,-6.7,0,0.0,0,0.0,-29,-2.2
"28121","2","10","71","0","2017","4","",24,3363,3369,3402,28639744,0,0,652,"",0.86,1.69,1.68,1.70,1.35,0.00,0.00,0.80,"",1,4.3,39,1.2,46,1.4,120,3.7,-1307237,-4.4,0,0.0,0,0.0,-44,-6.3
"28121","3","10","71","0","2017","4","",63,5218,5146,5176,47973518,250596,2081,712,"",0.93,0.85,0.83,0.84,0.86,0.15,0.93,1.03,"",0,0.0,-203,-3.7,-174,-3.3,-221,-4.1,1432063,3.1,-16590,-6.2,-267,-11.4,46,6.9
"28121","5","10","71","0","2017","4","",3880,52814,53368,53415,561852220,81888446,422961,812,"",1.00,1.00,1.01,1.00,1.01,1.03,1.00,1.01,"",19,0.5,592,1.1,682,1.3,896,1.7,16599122,3.0,1268320,1.6,-43581,-9.3,13,1.6
"28123","0","10","70","0","2017","4","",528,13964,13872,13913,118212246,18350150,125179,653,"",1.00,1.00,1.00,1.00,1.00,1.00,1.00,1.00,"",9,1.7,95,0.7,284,2.1,86,0.6,4491265,3.9,1608343,9.6,-3085,-2.4,17,2.7
"28123","1","10","71","0","2017","4","",16,204,203,200,2944114,0,0,1119,"",5.05,0.76,0.76,0.75,0.91,0.00,0.00,1.20,"",0,0.0,0,0.0,-3,-1.5,-8,-3.8,-38402,-1.3,0,0.0,0,0.0,5,0.4
"28123","2","10","71","0","2017","4","",10,72,71,70,565047,0,0,612,"",2.70,0.16,0.16,0.16,0.15,0.00,0.00,0.92,"",0,0.0,0,0.0,0,0.0,-2,-2.8,-19504,-3.3,0,0.0,0,0.0,-15,-2.4
"28123","3","10","71","0","2017","4","",14,1189,1160,1161,9306331,113063,431,612,"",1.56,0.86,0.84,0.84,0.92,0.31,0.65,1.08,"",0,0.0,-8,-0.7,-10,-0.9,-17,-1.4,334963,3.7,17554,18.4,127,41.8,28,4.8
"28123","5","10","71","0","2017","4","",488,12499,12438,12482,105396754,18237087,124748,650,"",0.95,1.05,1.06,1.06,1.04,1.03,1.00,0.99,"",9,1.9,103,0.8,297,2.4,113,0.9,4214208,4.2,1590789,9.6,-3212,-2.5,17,2.7
"28125","0","10","70","0","2017","4","",163,1208,1215,1217,9422521,1274751,18912,597,"",1.00,1.00,1.00,1.00,1.00,1.00,1.00,1.00,"",-4,-2.4,-29,-2.3,-9,-0.7,65,5.6,320403,3.5,42606,3.5,1264,7.2,16,2.8
"28125","1","10","71","0","2017","4","",5,21,21,21,254298,0,0,931,"",5.11,0.90,0.90,0.90,0.98,0.00,0.00,1.09,"",0,0.0,-6,-22.2,0,0.0,0,0.0,15825,6.6,0,0.0,0,0.0,133,16.7
"28125","2","10","71","0","2017","4","",8,23,24,23,156466,0,0,516,"",7.00,0.59,0.62,0.59,0.51,0.00,0.00,0.85,"",0,0.0,0,0.0,1,4.3,1,4.5,-939,-0.6,0,0.0,0,0.0,-18,-3.4
"28125","3","10","71","0","2017","4","",11,425,422,424,3208992,7843,77,583,"",3.97,3.55,3.50,3.52,3.96,0.31,0.77,1.13,"",0,0.0,9,2.2,-3,-0.7,4,1.0,73207,2.3,-126,-1.6,-2,-2.5,9,1.6
"28125","5","10","71","0","2017","4","",139,739,748,749,5802765,1266908,18835,599,"",0.88,0.72,0.72,0.72,0.72,1.03,1.00,1.00,"",-4,-2.8,-32,-4.2,-7,-0.9,60,8.7,232310,4.2,42732,3.5,1266,7.2,19,3.3
"28127","0","10","70","0","2017","4","",460,7169,7190,7117,48837351,7230468,43307,525,"",1.00,1.00,1.00,1.00,1.00,1.00,1.00,1.00,"",11,2.4,381,5.6,419,6.2,325,4.8,-1477075,-2.9,166404,2.4,-2842,-6.2,-46,-8.1
"28127","1","10","71","0","2017","4","",8,42,44,44,533172,0,0,946,"",2.90,0.30,0.32,0.32,0.40,0.00,0.00,1.26,"",0,0.0,-2,-4.5,3,7.3,-3,-6.4,8886,1.7,0,0.0,0,0.0,29,3.2
"28127","2","10","71","0","2017","4","N",12,0,0,0,0,0,0,0,"N",3.72,0,0,0,0,0,0,0,"N",0,0.0,0,0,0,0,0,0,0,0,0,0,0,0,0,0
"28127","3","10","71","0","2017","4","N",27,0,0,0,0,0,0,0,"N",3.45,0,0,0,0,0,0,0,"N",0,0.0,0,0,0,0,0,0,0,0,0,0,0,0,0,0
"28127","5","10","71","0","2017","4","",413,5273,5286,5178,35827488,7163831,42642,525,"",0.93,0.87,0.87,0.86,0.86,1.02,0.99,0.99,"",11,2.7,89,1.7,118,2.3,-2,0.0,-1473205,-3.9,185268,2.7,-2653,-5.9,-29,-5.2
"28129","0","10","70","0","2017","4","",191,2653,2708,2703,26179539,2604319,17261,749,"",1.00,1.00,1.00,1.00,1.00,1.00,1.00,1.00,"",-1,-0.5,-28,-1.0,28,1.0,-4,-0.1,442249,1.7,240093,10.2,-2566,-12.9,13,1.8
"28129","1","10","71","0","2017","4","",5,26,27,26,354752,0,0,1036,"",4.36,0.51,0.52,0.50,0.49,0.00,0.00,0.97,"",0,0.0,0,0.0,2,8.0,1,4.0,20081,6.0,0,0.0,0,0.0,20,2.0
"28129","2","10","71","0","2017","4","",8,28,27,30,200517,0,0,544,"",5.98,0.33,0.31,0.35,0.23,0.00,0.00,0.71,"",0,0.0,1,3.7,0,0.0,3,11.1,-15024,-7.0,0,0.0,0,0.0,-70,-11.4
"28129","3","10","71","0","2017","4","",18,515,525,521,3794787,156902,1566,561,"",5.54,1.96,1.95,1.95,1.69,3.04,17.24,0.86,"",0,0.0,-12,-2.3,7,1.4,-9,-1.7,-27630,-0.7,31329,24.9,313,25.0,1,0.2
"28129","5","10","71","0","2017","4","",160,2084,2129,2126,21829483,2447417,15695,795,"",0.86,0.92,0.93,0.93,0.98,0.97,0.92,1.06,"",-1,-0.6,-17,-0.8,19,0.9,1,0.0,464822,2.2,208764,9.3,-2879,-15.5,17,2.2
"28131","0","10","70","0","2017","4","",295,4378,4366,4366,37354540,4643410,24244,658,"",1.00,1.00,1.00,1.00,1.00,1.00,1.00,1.00,"",-7,-2.3,214,5.1,182,4.3,255,6.2,2521349,7.2,431276,10.2,-183,-0.7,13,2.0
"28131","1","10","71","0","2017","4","",8,63,64,66,915984,0,0,1095,"",4.52,0.75,0.77,0.78,0.89,0.00,0.00,1.16,"",0,0.0,1,1.6,1,1.6,3,4.8,14154,1.6,0,0.0,0,0.0,-12,-1.1
"28131","2","10","71","0","2017","4","",10,87,85,83,502704,0,0,455,"",4.84,0.62,0.61,0.60,0.41,0.00,0.00,0.68,"",0,0.0,-2,-2.2,-6,-6.6,-4,-4.6,-63217,-11.2,0,0.0,0,0.0,-34,-7.0
"28131","3","10","71","0","2017","4","",7,1179,1168,1189,9835887,6300,63,642,"",1.40,2.72,2.69,2.75,3.06,0.07,0.49,1.12,"",0,0.0,183,18.4,157,15.5,181,18.0,1426029,17.0,2700,75.0,27,75.0,-2,-0.3
"28131","5","10","71","0","2017","4","",270,3049,3049,3028,26099965,4637110,24181,660,"",0.94,0.82,0.82,0.82,0.82,1.03,1.00,1.00,"",-7,-2.5,32,1.1,30,1.0,75,2.5,1144383,4.6,428576,10.2,-210,-0.9,19,3.0
"28133","0","10","70","0","2017","4","",549,8370,8307,8234,71047239,9875831,118575,658,"",1.00,1.00,1.00,1.00,1.00,1.00,1.00,1.00,"",-2,-0.4,-179,-2.1,-233,-2.7,-200,-2.4,109732,0.2,333611,3.5,-3744,-3.1,17,2.7
"28133","1","10","71","0","2017","4","",12,47,46,47,664123,0,0,1095,"",3.64,0.29,0.29,0.30,0.34,0.00,0.00,1.16,"",0,0.0,-4,-7.8,-4,-8.0,-8,-14.5,-47358,-6.7,0,0.0,0,0.0,43,4.1
"28133","2","10","71","0","2017","4","N",9,0,0,0,0,0,0,0,"N",2.34,0,0,0,0,0,0,0,"N",0,0.0,0,0,0,0,0,0,0,0,0,0,0,0,0,0
"28133","3","10","71","0","2017","4","N",37,0,0,0,0,0,0,0,"N",3.97,0,0,0,0,0,0,0,"N",0,0.0,0,0,0,0,0,0,0,0,0,0,0,0,0,0
"28133","5","10","71","0","2017","4","",491,4987,4949,4874,40956954,9749247,118066,638,"",0.92,0.70,0.70,0.70,0.68,1.02,1.00,0.96,"",-2,-0.4,-167,-3.2,-190,-3.7,-163,-3.2,1216841,3.1,378980,4.0,-3610,-3.0,40,6.7
"28135","0","10","70","0","2017","4","",221,3003,3007,2954,26515891,3049944,45129,683,"",1.00,1.00,1.00,1.00,1.00,1.00,1.00,1.00,"",2,0.9,-87,-2.8,-42,-1.4,-44,-1.5,-695477,-2.6,-321001,-9.5,-11319,-20.1,-4,-0.6
"28135","1","10","71","0","2017","4","",13,43,42,43,451764,0,0,814,"",9.81,0.74,0.73,0.76,0.62,0.00,0.00,0.83,"",0,0.0,1,2.4,-1,-2.3,-4,-8.5,-33939,-7.0,0,0.0,0,0.0,-35,-4.1
"28135","2","10","71","0","2017","4","",8,48,48,48,383723,0,0,615,"",5.17,0.50,0.50,0.51,0.44,0.00,0.00,0.88,"",0,0.0,-1,-2.0,-1,-2.0,-1,-2.0,-13583,-3.4,0,0.0,0,0.0,-9,-1.4
"28135","3","10","71","0","2017","4","",13,945,939,927,8573042,286165,2136,704,"",3.46,3.18,3.14,3.17,3.76,4.74,8.99,1.19,"",0,0.0,4,0.4,-22,-2.3,-40,-4.1,-156322,-1.8,34304,13.6,-78,-3.5,2,0.3
"28135","5","10","71","0","2017","4","",187,1967,1978,1936,17107362,2763779,42993,671,"",0.87,0.77,0.77,0.77,0.76,0.94,0.96,0.98,"",2,1.1,-91,-4.4,-18,-0.9,1,0.1,-491633,-2.8,-355305,-11.4,-11241,-20.7,-7,-1.0
"28137","0","10","70","0","2017","4","",372,5537,5512,5513,47613335,5610918,28544,663,"",1.00,1.00,1.00,1.00,1.00,1.00,1.00,1.00,"",3,0.8,-3,-0.1,-50,-0.9,-69,-1.2,-284518,-0.6,-193066,-3.3,-11970,-29.5,0,0.0
"28137","1","10","71","0","2017","4","",10,81,79,82,1063206,0,0,1014,"",4.48,0.76,0.75,0.77,0.81,0.00,0.00,1.07,"",0,0.0,-3,-3.6,-8,-9.2,-9,-9.9,-53663,-4.8,0,0.0,0,0.0,30,3.0
"28137","2","10","71","0","2017","4","",11,79,80,80,627461,0,0,606,"",4.22,0.44,0.45,0.46,0.40,0.00,0.00,0.90,"",1,10.0,32,68.1,34,73.9,33,70.2,240879,62.3,0,0.0,0,0.0,-31,-4.9
"28137","3","10","71","0","2017","4","",14,1513,1499,1490,13063302,173335,695,670,"",2.21,2.76,2.74,2.73,3.19,1.56,4.63,1.16,"",-2,-12.5,-19,-1.2,-30,-2.0,-15,-1.0,235268,1.8,15868,10.1,104,17.6,22,3.4
"28137","5","10","71","0","2017","4","",337,3864,3854,3861,32859366,5437583,27849,655,"",0.93,0.82,0.82,0.82,0.81,1.00,0.98,0.98,"",4,1.2,-13,-0.3,-46,-1.2,-78,-2.0,-707002,-2.1,-208934,-3.7,-12074,-30.2,-6,-0.9
"28139","0","10","70","0","2017","4","",373,6486,6545,6472,55710852,7202715,56908,659,"",1.00,1.00,1.00,1.00,1.00,1.00,1.00,1.00,"",1,0.3,-129,-2.0,-56,-0.8,-73,-1.1,1419611,2.6,-523258,-6.8,-6509,-10.3,25,3.9
"28139","1","10","71","0","2017","4","",11,52,51,51,735111,0,0,1102,"",4.92,0.42,0.41,0.41,0.48,0.00,0.00,1.17,"",0,0.0,-5,-8.8,-7,-12.1,-10,-16.4,-8090,-1.1,0,0.0,0,0.0,128,13.1
"28139","2","10","71","0","2017","4","",8,58,60,62,432442,0,0,554,"",3.06,0.28,0.29,0.30,0.24,0.00,0.00,0.82,"",0,0.0,3,5.5,6,11.1,9,17.0,22160,5.4,0,0.0,0,0.0,-30,-5.1
"28139","3","10","71","0","2017","4","",12,1147,1166,1148,8699629,18797,187,580,"",1.89,1.78,1.79,1.79,1.82,0.13,0.62,1.01,"",0,0.0,-30,-2.5,-15,-1.3,-25,-2.1,473605,5.8,5077,37.0,51,37.5,42,7.8
"28139","5","10","71","0","2017","4","",342,5229,5268,5211,45843670,7183918,56721,673,"",0.95,0.95,0.95,0.95,0.96,1.03,1.00,1.02,"",1,0.3,-97,-1.8,-40,-0.8,-47,-0.9,931936,2.1,-528335,-6.9,-6560,-10.4,21,3.2
"28141","0","10","70","0","2017","4","",404,6152,6175,6258,52709013,7792358,58972,654,"",1.00,1.00,1.00,1.00,1.00,1.00,1.00,1.00,"",-10,-2.4,66,1.1,75,1.2,143,2.3,2091544,4.1,7571,0.1,-11564,-16.4,16,2.5
"28141","1","10","71","0","2017","4","",7,62,62,63,816855,0,0,1008,"",2.89,0.52,0.52,0.52,0.56,0.00,0.00,1.08,"",0,0.0,4,6.9,3,5.1,2,3.3,30604,3.9,0,0.0,0,0.0,-11,-1.1
"28141","2","10","71","0","2017","4","",11,75,76,78,605977,0,0,611,"",3.89,0.38,0.38,0.39,0.35,0.00,0.00,0.92,"",0,0.0,2,2.7,2,2.7,4,5.4,1921,0.3,0,0.0,0,0.0,-20,-3.2
"28141","3","10","71","0","2017","4","",22,776,789,788,5948159,198081,1978,583,"",3.20,1.27,1.29,1.27,1.31,1.28,6.37,1.03,"",0,0.0,-5,-0.6,-3,-0.4,6,0.8,189352,3.3,20600,11.6,206,11.6,19,3.4
"28141","5","10","71","0","2017","4","",364,5239,5248,5329,45338022,7594277,56994,662,"",0.93,1.00,1.00,1.00,1.01,1.01,0.97,1.01,"",-10,-2.7,65,1.3,73,1.4,131,2.5,1869667,4.3,-13029,-0.2,-11770,-17.1,17,2.6
"28143","0","10","70","0","2017","4","",284,8291,8268,8213,67551356,10045866,115377,629,"",1.00,1.00,1.00,1.00,1.00,1.00,1.00,1.00,"",-9,-3.1,-444,-5.1,-373,-4.3,-329,-3.9,-952057,-1.4,-741847,-6.9,-14331,-11.0,19,3.1
"28143","1","10","71","0","2017","4","",5,22,23,21,296627,0,0,1037,"",2.94,0.14,0.15,0.13,0.16,0.00,0.00,1.15,"",0,0.0,0,0.0,0,0.0,-4,-16.0,10282,3.6,0,0.0,0,0.0,93,9.9
"28143","2","10","71","0","2017","4","",8,25,25,25,182833,0,0,563,"",4.02,0.09,0.09,0.10,0.08,0.00,0.00,0.88,"",0,0.0,0,0.0,0,0.0,0,0.0,7312,4.2,0,0.0,0,0.0,23,4.3
"28143","3","10","71","0","2017","4","",8,730,721,723,6915766,32328,80,734,"",1.66,0.89,0.88,0.89,1.19,0.16,0.13,1.35,"",-1,-11.1,-21,-2.8,-32,-4.2,-28,-3.7,127096,1.9,4422,15.8,11,15.9,39,5.6
"28143","5","10","71","0","2017","4","",263,7514,7499,7444,60156130,10013538,115297,618,"",0.95,1.07,1.07,1.07,1.04,1.03,1.01,0.98,"",-8,-3.0,-423,-5.3,-341,-4.3,-297,-3.8,-1096747,-1.8,-746269,-6.9,-14342,-11.1,17,2.8
"28145","0","10","70","0","2017","4","",532,11122,11199,11203,113951086,13437224,73799,784,"",1.00,1.00,1.00,1.00,1.00,1.00,1.00,1.00,"",1,0.2,479,4.5,559,5.3,446,4.1,6430168,6.0,-31468,-0.2,-8796,-10.6,10,1.3
"28145","1","10","71","0","2017","4","",7,42,41,41,580238,0,0,1080,"",2.19,0.20,0.19,0.19,0.19,0.00,0.00,0.96,"",0,0.0,0,0.0,-3,-6.8,-8,-16.3,22660,4.1,0,0.0,0,0.0,127,13.3
"28145","2","10","71","0","2017","4","",12,120,120,121,1799009,0,0,1150,"",3.22,0.34,0.33,0.34,0.48,0.00,0.00,1.44,"",1,9.1,13,12.1,13,12.1,13,12.0,132263,7.9,0,0.0,0,0.0,-45,-3.8
"28145","3","10","71","0","2017","4","",16,1109,1128,1104,9295830,13121,52,642,"",1.77,1.01,1.01,1.00,0.95,0.05,0.13,0.94,"",0,0.0,-8,-0.7,19,1.7,2,0.2,385672,4.3,-415,-3.1,-3,-5.5,24,3.9
"28145","5","10","71","0","2017","4","",497,9851,9910,9937,102276009,13424103,73747,795,"",0.96,1.04,1.04,1.04,1.05,1.03,1.01,1.01,"",0,0.0,474,5.1,530,5.7,439,4.6,5889573,6.1,-31053,-0.2,-8793,-10.7,8,1.0
"28147","0","10","70","0","2017","4","",227,2411,2446,2489,19252709,3217811,32610,605,"",1.00,1.00,1.00,1.00,1.00,1.00,1.00,1.00,"",-1,-0.4,2,0.1,64,2.7,61,2.5,1411293,7.9,70402,2.2,-3213,-9.0,35,6.1
"28147","1","10","71","0","2017","4","",3,32,31,30,369986,0,0,918,"",2.20,0.69,0.66,0.63,0.70,0.00,0.00,1.06,"",0,0.0,5,18.5,0,0.0,-4,-11.8,12497,3.5,0,0.0,0,0.0,21,2.3
"28147","2","10","71","0","2017","4","",7,28,27,27,227722,0,0,641,"",4.40,0.36,0.34,0.34,0.36,0.00,0.00,1.04,"",0,0.0,1,3.7,0,0.0,0,0.0,-1499,-0.7,0,0.0,0,0.0,-12,-1.8
"28147","3","10","71","0","2017","4","",12,586,608,606,4302954,0,0,552,"",3.11,2.45,2.50,2.46,2.60,0.00,0.00,1.05,"",-1,-7.7,-20,-3.3,9,1.5,-2,-0.3,1827,0.0,0,0.0,0,0.0,5,0.9
"28147","5","10","71","0","2017","4","",205,1765,1780,1826,14352047,3217811,32610,617,"",0.93,0.86,0.86,0.86,0.87,1.03,1.01,1.01,"",0,0.0,16,0.9,55,3.2,67,3.8,1398468,10.8,70402,2.2,-3213,-9.0,46,8.1
"28149","0","10","70","0","2017","4","",1127,19907,19827,19938,222044430,23605796,165716,859,"",1.00,1.00,1.00,1.00,1.00,1.00,1.00,1.00,"",-13,-1.1,-537,-2.6,-462,-2.3,-193,-1.0,2480763,1.1,-1445210,-5.8,-41832,-20.2,27,3.2
"28149","1","10","71","0","2017","4","",12,2447,2448,2475,49066777,0,0,1536,"",1.78,6.39,6.45,6.44,8.04,0.00,0.00,1.25,"",-1,-7.7,29,1.2,29,1.2,195,8.6,-1307539,-2.6,0,0.0,0,0.0,-97,-5.9
"28149","2","10","71","0","2017","4","",13,97,97,96,773639,0,0,616,"",1.65,0.15,0.15,0.15,0.11,0.00,0.00,0.70,"",1,8.3,1,1.0,2,2.1,-2,-2.0,2043,0.3,0,0.0,0,0.0,0,0.0
"28149","3","10","71","0","2017","4","",32,2113,2088,2107,19291444,3060,30,706,"",1.67,1.07,1.06,1.07,1.01,0.01,0.03,0.95,"",0,0.0,-54,-2.5,-9,-0.4,-19,-0.9,283225,1.5,-7913,-72.1,-79,-72.5,20,2.9
"28149","5","10","71","0","2017","4","",1070,15250,15194,15260,152912570,23602736,165686,772,"",0.98,0.90,0.90,0.90,0.81,1.03,1.01,0.89,"",-13,-1.2,-513,-3.3,-484,-3.1,-367,-2.3,3503034,2.3,-1437297,-5.7,-41753,-20.1,39,5.3
"28151","0","10","70","0","2017","4","",1286,16988,16917,16950,151107997,21125059,210080,686,"",1.00,1.00,1.00,1.00,1.00,1.00,1.00,1.00,"",-5,-0.4,-334,-1.9,-288,-1.7,-357,-2.1,857458,0.6,-639637,-2.9,-47517,-18.4,17,2.5
"28151","1","10","71","0","2017","4","",25,407,402,398,6006085,0,0,1148,"",3.24,1.24,1.24,1.22,1.45,0.00,0.00,1.17,"",0,0.0,-6,-1.5,-2,-0.5,-11,-2.7,-58486,-1.0,0,0.0,0,0.0,6,0.5
"28151","2","10","71","0","2017","4","",15,319,320,313,3090154,0,0,749,"",1.66,0.59,0.59,0.58,0.63,0.00,0.00,1.07,"",0,0.0,10,3.2,13,4.2,6,2.0,-46636,-1.5,0,0.0,0,0.0,-35,-4.5
"28151","3","10","71","0","2017","4","",30,3142,3131,3121,29352019,798289,2307,721,"",1.37,1.87,1.86,1.86,2.26,1.91,2.09,1.21,"",0,0.0,-91,-2.8,11,0.4,-43,-1.4,-130150,-0.4,180518,29.2,357,18.3,6,0.8
"28151","5","10","71","0","2017","4","",1216,13120,13064,13118,112659739,20326770,207773,662,"",0.97,0.91,0.91,0.91,0.87,0.99,1.00,0.96,"",-5,-0.4,-247,-1.8,-310,-2.3,-309,-2.3,1092730,1.0,-820155,-3.9,-47874,-18.7,21,3.3
"28153","0","10","70","0","2017","4","",413,4992,4969,4980,43516401,5972813,40668,672,"",1.00,1.00,1.00,1.00,1.00,1.00,1.00,1.00,"",-9,-2.1,101,2.1,92,1.9,79,1.6,1549784,3.7,-47906,-0.8,-3849,-8.6,12,1.8
"28153","1","10","71","0","2017","4","",6,42,39,39,457712,0,0,880,"",2.42,0.44,0.41,0.41,0.38,0.00,0.00,0.92,"",0,0.0,4,10.5,6,18.2,1,2.6,41889,10.1,0,0.0,0,0.0,0,0.0
"28153","2","10","71","0","2017","4","",8,46,46,46,378520,0,0,633,"",2.76,0.29,0.29,0.29,0.27,0.00,0.00,0.92,"",0,0.0,2,4.5,2,4.5,2,4.5,-31051,-7.6,0,0.0,0,0.0,-83,-11.6
"28153","3","10","71","0","2017","4","",18,1270,1270,1260,10785161,232090,2318,655,"",2.56,2.57,2.57,2.56,2.88,1.96,10.83,1.12,"",0,0.0,81,6.8,82,6.9,72,6.1,335078,3.2,13313,6.1,134,6.1,-21,-3.1
"28153","5","10","71","0","2017","4","",381,3634,3614,3635,31895008,5740723,38350,676,"",0.95,0.86,0.86,0.86,0.86,0.99,0.95,1.00,"",-9,-2.3,14,0.4,2,0.1,4,0.1,1203868,3.9,-61219,-1.1,-3983,-9.4,24,3.7
"28155","0","10","70","0","2017","4","",178,1922,1913,1978,15183405,1963651,15119,603,"",1.00,1.00,1.00,1.00,1.00,1.00,1.00,1.00,"",0,0.0,19,1.0,39,2.1,95,5.0,884296,6.2,-241447,-10.9,-4044,-21.1,20,3.4
"28155","1","10","71","0","2017","4","",8,32,34,36,419114,0,0,948,"",7.49,0.86,0.93,0.94,1.00,0.00,0.00,1.10,"",0,0.0,0,0.0,1,3.0,1,2.9,40495,10.7,0,0.0,0,0.0,74,8.5
"28155","2","10","71","0","2017","4","",9,22,21,22,170324,0,0,605,"",7.22,0.36,0.34,0.35,0.34,0.00,0.00,0.98,"",0,0.0,-1,-4.3,-2,-8.7,-1,-4.3,-7464,-4.2,0,0.0,0,0.0,10,1.7
"28155","3","10","71","0","2017","4","",16,399,406,408,2646647,63744,635,504,"",5.29,2.10,2.14,2.08,2.03,1.64,7.98,0.96,"",0,0.0,-16,-3.9,-10,-2.4,-13,-3.1,46552,1.8,17855,38.9,178,38.9,25,5.2
"28155","5","10","71","0","2017","4","",145,1469,1452,1512,11947320,1899907,14484,622,"",0.84,0.90,0.89,0.90,0.92,1.00,0.96,1.03,"",0,0.0,36,2.5,50,3.6,108,7.7,804713,7.2,-259302,-12.0,-4222,-22.6,15,2.5
"28157","0","10","70","0","2017","4","",151,1669,1689,1686,12717257,1751763,10125,582,"",1.00,1.00,1.00,1.00,1.00,1.00,1.00,1.00,"",-9,-5.6,-32,-1.9,-26,-1.5,-27,-1.6,-384874,-2.9,-307215,-14.9,-497,-4.7,-8,-1.4
"28157","1","10","71","0","2017","4","",2,9,9,9,122870,0,0,1050,"",2.21,0.28,0.28,0.28,0.35,0.00,0.00,1.26,"",0,0.0,0,0.0,0,0.0,0,0.0,6643,5.7,0,0.0,0,0.0,57,5.7
"28157","2","10","71","0","2017","4","",8,35,35,34,271927,0,0,603,"",7.56,0.65,0.65,0.63,0.65,0.00,0.00,1.02,"",0,0.0,2,6.1,3,9.4,1,3.0,-9912,-3.5,0,0.0,0,0.0,-61,-9.2
"28157","3","10","71","0","2017","4","",17,514,507,512,4523405,73629,735,681,"",6.62,3.11,3.02,3.07,4.14,2.12,13.79,1.35,"",0,0.0,13,2.6,-4,-0.8,4,0.8,100289,2.3,8545,13.1,85,13.1,9,1.3
"28157","5","10","71","0","2017","4","",124,1111,1138,1131,7799055,1678134,9390,532,"",0.85,0.78,0.79,0.79,0.72,0.99,0.93,0.91,"",-9,-6.8,-47,-4.1,-25,-2.1,-32,-2.8,-481894,-5.8,-315760,-15.8,-582,-5.8,-17,-3.1
"28159","0","10","70","0","2017","4","",348,4790,4797,4788,50997132,5072182,29774,819,"",1.00,1.00,1.00,1.00,1.00,1.00,1.00,1.00,"",-1,-0.3,122,2.6,132,2.8,92,2.0,6525416,14.7,-1164499,-18.7,-28854,-49.2,87,11.9
"28159","1","10","71","0","2017","4","",6,36,41,43,520599,0,0,1001,"",2.87,0.39,0.45,0.47,0.37,0.00,0.00,0.85,"",0,0.0,-1,-2.7,6,17.1,7,19.4,95588,22.5,0,0.0,0,0.0,93,10.2
"28159","2","10","71","0","2017","4","",9,40,40,40,349375,0,0,672,"",3.69,0.26,0.26,0.26,0.21,0.00,0.00,0.80,"",0,0.0,-2,-4.8,-2,-4.8,-3,-7.0,-29720,-7.8,0,0.0,0,0.0,-17,-2.5
"28159","3","10","71","0","2017","4","",16,709,709,706,5429472,5662,56,590,"",2.71,1.49,1.49,1.49,1.24,0.06,0.36,0.83,"",0,0.0,-11,-1.5,-19,-2.6,-8,-1.1,118761,2.2,-1866,-24.8,-19,-25.3,23,4.1
"28159","5","10","71","0","2017","4","",317,4005,4007,3999,44697686,5066520,29718,859,"",0.94,0.98,0.98,0.98,1.03,1.03,1.00,1.04,"",-1,-0.3,136,3.5,147,3.8,96,2.5,6340787,16.5,-1162633,-18.7,-28835,-49.2,98,12.9
"28161","0","10","70","0","2017","4","",195,2876,2891,2906,25786928,3115489,26370,686,"",1.00,1.00,1.00,1.00,1.00,1.00,1.00,1.00,"",-4,-2.0,46,1.6,77,2.7,91,3.2,1287982,5.3,-355467,-10.2,-15040,-36.3,18,2.7
"28161","1","10","71","0","2017","4","",8,63,62,60,853509,0,0,1065,"",6.84,1.14,1.12,1.07,1.20,0.00,0.00,1.09,"",0,0.0,-3,-4.5,-5,-7.5,-6,-9.1,-20969,-2.4,0,0.0,0,0.0,51,5.0
"28161","2","10","71","0","2017","4","",6,25,25,25,191459,0,0,589,"",4.39,0.27,0.27,0.27,0.23,0.00,0.00,0.84,"",0,0.0,-2,-7.4,1,4.2,0,0.0,-358,-0.2,0,0.0,0,0.0,7,1.2
"28161","3","10","71","0","2017","4","",13,772,773,782,6442401,130836,1307,639,"",3.92,2.71,2.69,2.72,2.91,2.12,9.42,1.07,"",0,0.0,15,2.0,5,0.7,14,1.8,131232,2.1,-7347,-5.3,-72,-5.2,4,0.6
"28161","5","10","71","0","2017","4","",168,2016,2031,2039,18299559,2984653,25063,694,"",0.89,0.83,0.83,0.83,0.83,0.99,0.96,1.01,"",-4,-2.3,36,1.8,76,3.9,83,4.2,1178077,6.9,-348120,-10.4,-14968,-37.4,23,3.4
"28163","0","10","70","0","2017","4","",476,6772,6715,6658,65560653,7984024,84082,751,"",1.00,1.00,1.00,1.00,1.00,1.00,1.00,1.00,"",-4,-0.8,401,6.3,409,6.5,369,5.9,5050602,8.3,1637437,25.8,18610,28.4,15,2.0
"28163","1","10","71","0","2017","4","",11,819,806,802,13592026,0,0,1292,"",3.85,6.28,6.27,6.25,7.54,0.00,0.00,1.20,"",0,0.0,-55,-6.3,-65,-7.5,-68,-7.8,978196,7.8,0,0.0,0,0.0,179,16.1
"28163","2","10","71","0","2017","4","",11,324,327,327,2804039,0,0,662,"",3.30,1.49,1.52,1.54,1.31,0.00,0.00,0.86,"",1,10.0,24,8.0,29,9.7,28,9.4,107243,4.0,0,0.0,0,0.0,-32,-4.6
"28163","3","10","71","0","2017","4","",26,1111,1100,1114,8836622,29473,224,613,"",3.21,1.66,1.65,1.69,1.57,0.19,0.51,0.94,"",0,0.0,11,1.0,3,0.3,-16,-1.4,133918,1.5,8541,40.8,42,23.1,9,1.5
"28163","5","10","71","0","2017","4","",428,4518,4482,4415,40327966,7954551,83858,694,"",0.93,0.79,0.79,0.78,0.72,1.03,1.00,0.92,"",-5,-1.2,421,10.3,442,10.9,425,10.7,3831245,10.5,1628896,25.8,18568,28.4,-1,-0.1
"28999","0","10","70","0","2017","4","",10033,34185,34816,33969,498261900,78656000,993025,1117,"",1.00,1.00,1.00,1.00,1.00,1.00,1.00,1.00,"",-90,-0.9,295,0.9,172,0.5,-334,-1.0,19210948,4.0,407989,0.5,3487,0.4,42,3.9
"28999","1","10","71","0","2017","4","",35,165,158,161,2670780,0,0,1273,"",0.58,0.25,0.24,0.25,0.20,0.00,0.00,0.80,"",3,9.4,26,18.7,18,12.9,20,14.2,713423,36.4,0,0.0,0,0.0,198,18.4
"28999","2","10","71","0","2017","4","N",18,0,0,0,0,0,0,0,"N",0.26,0,0,0,0,0,0,0,"N",-2,-10.0,0,0,0,0,0,0,0,0,0,0,0,0,0,0
"28999","3","10","71","0","2017","4","N",2,0,0,0,0,0,0,0,"N",0.01,0,0,0,0,0,0,0,"N",-1,-33.3,0,0,0,0,0,0,0,0,0,0,0,0,0,0
"28999","5","10","71","0","2017","4","",9978,32730,33375,32536,480260997,78644304,992909,1124,"",1.03,1.13,1.13,1.13,1.13,1.03,1.01,1.00,"",-90,-0.9,935,2.9,797,2.4,285,0.9,23614178,5.2,420132,0.5,3609,0.4,33,3.0
"29000","0","10","50","0","2017","4","",208639,2808837,2811711,2807464,34547195264,3114588631,45271681,946,"",1.00,1.00,1.00,1.00,1.00,1.00,1.00,1.00,"",12305,6.3,15450,0.6,20001,0.7,24405,0.9,1252483426,3.8,88271975,2.9,-14856005,-24.7,28,3.1
"29000","1","10","51","0","2017","4","",1651,53650,54068,53890,943813287,0,0,1348,"",1.32,0.99,1.00,1.00,0.99,0.00,0.00,1.00,"",-8,-0.5,-538,-1.0,-331,-0.6,-1320,-2.4,24877905,2.7,0,0.0,0,0.0,53,4.1
"29000","2","10","51","0","2017","4","",1231,88472,88605,88116,964122681,12809,7,839,"",0.84,0.98,0.98,0.98,0.85,0.00,0.00,0.87,"",-25,-2.0,-1303,-1.5,-1616,-1.8,-1499,-1.7,18141083,1.9,6828,114.2,-55,-88.7,29,3.6
"29000","3","10","51","0","2017","4","",6628,284640,284824,284548,2830068578,21438649,158182,765,"",1.87,1.02,1.02,1.02,0.95,0.35,0.66,0.93,"",-19,-0.3,-478,-0.2,121,0.0,602,0.2,62919376,2.3,-162446,-0.8,-83115,-34.4,17,2.3
"29000","5","10","51","0","2017","4","",199129,2382075,2384214,2380910,29809190718,3093137173,45113492,962,"",0.98,1.00,1.00,1.00,1.01,1.03,1.00,1.01,"",12357,6.6,17769,0.8,21827,0.9,26622,1.1,1146545062,4.0,88427593,2.9,-14772835,-24.7,28,3.0
"29000","8","10","96","0","2017","4","",9510,426762,427497,426554,4738004546,21451458,158189,854,"",1.52,1.01,1.01,1.01,0.94,0.21,0.53,0.93,"",-52,-0.5,-2319,-0.5,-1826,-0.4,-2217,-0.5,105938364,2.3,-155618,-0.7,-83170,-34.5,24,2.9
"29001","0","10","70","0","2017","4","",837,10605,10674,10572,86475376,10012607,121781,627,"",1.00,1.00,1.00,1.00,1.00,1.00,1.00,1.00,"",136,19.4,760,7.7,757,7.6,721,7.3,6783516,8.5,1368957,15.8,-22459,-15.6,6,1.0
"29001","1","10","71","0","2017","4","",11,71,78,74,985143,0,0,1019,"",2.19,0.35,0.38,0.36,0.41,0.00,0.00,1.14,"",0,0.0,-4,-5.3,2,2.6,-5,-6.3,-48601,-4.7,0,0.0,0,0.0,-18,-1.7
"29001","2","10","71","0","2017","4","",18,970,973,967,11019292,0,0,874,"",3.07,2.85,2.85,2.87,3.90,0.00,0.00,1.37,"",0,0.0,4,0.4,9,0.9,4,0.4,-97674,-0.9,0,0.0,0,0.0,-13,-1.5
"29001","3","10","71","0","2017","4","",40,1073,1082,1065,8033651,141994,495,576,"",2.81,1.02,1.02,1.02,1.08,0.72,0.77,1.06,"",-1,-2.4,10,0.9,8,0.7,5,0.5,217855,2.8,-22782,-13.8,-530,-51.7,12,2.1
"29001","5","10","71","0","2017","4","",768,8491,8541,8466,66437290,9870613,121286,601,"",0.95,0.94,0.94,0.94,0.90,1.02,1.00,0.95,"",137,21.7,750,9.7,738,9.5,717,9.3,6711936,11.2,1391739,16.4,-21929,-15.3,9,1.5
"29003","0","10","70","0","2017","4","",358,2575,2536,2518,20600381,2656699,44897,623,"",1.00,1.00,1.00,1.00,1.00,1.00,1.00,1.00,"",41,12.9,164,6.8,138,5.8,132,5.5,970698,4.9,157431,6.3,-4428,-9.0,-7,-1.1
"29003","1","10","71","0","2017","4","",9,37,33,35,399141,0,0,877,"",4.19,0.75,0.68,0.72,0.70,0.00,0.00,0.98,"",0,0.0,8,27.6,-1,-2.9,0,0.0,20274,5.4,0,0.0,0,0.0,-15,-1.7
"29003","2","10","71","0","2017","4","",4,24,27,26,207082,0,0,621,"",1.59,0.29,0.33,0.32,0.31,0.00,0.00,0.98,"",-1,-20.0,-1,-4.0,2,8.0,1,4.0,559,0.3,0,0.0,0,0.0,-14,-2.2
"29003","3","10","71","0","2017","4","",39,734,741,734,5083096,102932,566,531,"",6.41,2.88,2.94,2.95,2.87,1.96,2.40,0.98,"",0,0.0,13,1.8,-4,-0.5,-2,-0.3,12446,0.2,-18500,-15.2,-716,-55.9,0,0.0
"29003","5","10","71","0","2017","4","",306,1780,1735,1723,14911062,2553767,44331,657,"",0.88,0.81,0.81,0.81,0.85,0.99,0.99,1.05,"",42,15.9,144,8.8,141,8.8,133,8.4,937419,6.7,175931,7.4,-3712,-7.7,-12,-1.8
"29005","0","10","70","0","2017","4","",246,1688,1677,1669,12542399,1678046,16419,575,"",1.00,1.00,1.00,1.00,1.00,1.00,1.00,1.00,"",11,4.7,9,0.5,-8,-0.5,-29,-1.7,-501521,-3.8,-206043,-10.9,-6901,-29.6,-20,-3.4
"29005","1","10","71","0","2017","4","",6,31,32,26,335275,0,0,869,"",4.07,0.95,1.00,0.81,0.97,0.00,0.00,1.06,"",0,0.0,-2,-6.1,2,6.7,-5,-16.1,2787,0.8,0,0.0,0,0.0,53,6.5
"29005","2","10","71","0","2017","4","",4,25,25,24,203484,0,0,635,"",2.32,0.46,0.47,0.45,0.50,0.00,0.00,1.08,"",0,0.0,0,0.0,0,0.0,-1,-4.0,9855,5.1,0,0.0,0,0.0,39,6.5
"29005","3","10","71","0","2017","4","",18,373,361,367,2406644,67135,169,504,"",4.30,2.23,2.17,2.22,2.23,2.02,1.96,1.01,"",-1,-5.3,35,10.4,20,5.9,5,1.4,-20660,-0.9,-36317,-35.1,-398,-70.2,-34,-6.3
"29005","5","10","71","0","2017","4","",218,1259,1259,1252,9596996,1610911,16250,587,"",0.91,0.88,0.88,0.88,0.90,0.99,1.00,1.02,"",12,5.8,-24,-1.9,-30,-2.3,-28,-2.2,-493503,-4.9,-169726,-9.5,-6503,-28.6,-18,-3.0
"29007","0","10","70","0","2017","4","",653,9199,9296,9342,84757451,9143958,102518,703,"",1.00,1.00,1.00,1.00,1.00,1.00,1.00,1.00,"",13,2.0,-268,-2.8,-329,-3.4,-300,-3.1,98524,0.1,-562166,-5.8,-52124,-33.7,23,3.4
"29007","1","10","71","0","2017","4","",12,80,81,77,1077460,0,0,1045,"",3.06,0.45,0.46,0.43,0.46,0.00,0.00,1.04,"",0,0.0,9,12.7,5,6.6,-4,-4.9,44616,4.3,0,0.0,0,0.0,0,0.0
"29007","2","10","71","0","2017","4","",10,700,705,701,5908406,0,0,647,"",2.19,2.37,2.37,2.35,2.14,0.00,0.00,0.90,"",0,0.0,-44,-5.9,-42,-5.6,-42,-5.7,175460,3.1,0,0.0,0,0.0,55,9.3
"29007","3","10","71","0","2017","4","",60,1521,1508,1520,13652260,47397,864,693,"",5.41,1.67,1.63,1.64,1.87,0.26,1.60,1.14,"",-1,-1.6,-37,-2.4,-55,-3.5,-42,-2.7,-71349,-0.5,3259,7.4,113,15.0,17,2.5
"29007","5","10","71","0","2017","4","",571,6898,7002,7044,64119325,9096561,101654,706,"",0.90,0.88,0.89,0.89,0.89,1.03,1.00,1.00,"",14,2.5,-196,-2.8,-237,-3.3,-212,-2.9,-50203,-0.1,-565425,-5.9,-52237,-33.9,20,2.9
"29009","0","10","70","0","2017","4","",886,14553,14519,14486,137094672,15712359,171891,726,"",1.00,1.00,1.00,1.00,1.00,1.00,1.00,1.00,"",31,3.6,122,0.8,17,0.1,133,0.9,2308812,1.7,262022,1.7,-55667,-24.5,7,1.0
"29009","1","10","71","0","2017","4","",13,101,97,97,1297836,0,0,1015,"",2.45,0.36,0.35,0.35,0.34,0.00,0.00,0.98,"",0,0.0,0,0.0,0,0.0,-2,-2.0,2806,0.2,0,0.0,0,0.0,9,0.9
"29009","2","10","71","0","2017","4","",11,126,126,121,982062,0,0,608,"",1.77,0.27,0.27,0.26,0.22,0.00,0.00,0.82,"",0,0.0,-7,-5.3,-7,-5.3,-9,-6.9,-11571,-1.2,0,0.0,0,0.0,29,5.0
"29009","3","10","71","0","2017","4","",56,1439,1441,1440,10832610,270397,1902,579,"",3.72,1.00,1.00,1.00,0.92,0.87,2.10,0.92,"",-1,-1.8,25,1.8,32,2.3,23,1.6,452298,4.4,-46594,-14.7,-1505,-44.2,14,2.5
"29009","5","10","71","0","2017","4","",806,12887,12855,12828,123982164,15441962,169989,742,"",0.94,1.04,1.04,1.04,1.06,1.02,1.00,1.02,"",32,4.1,104,0.8,-8,-0.1,121,1.0,1865279,1.5,308616,2.0,-54162,-24.2,7,1.0
"29011","0","10","70","0","2017","4","",332,3207,3191,3167,25006406,3368351,37518,603,"",1.00,1.00,1.00,1.00,1.00,1.00,1.00,1.00,"",10,3.1,-5,-0.2,11,0.3,-23,-0.7,826468,3.4,152157,4.7,-6407,-14.6,21,3.6
"29011","1","10","71","0","2017","4","",6,40,40,40,418347,0,0,805,"",3.01,0.65,0.66,0.66,0.61,0.00,0.00,0.93,"",0,0.0,-1,-2.4,5,14.3,-2,-4.8,-14353,-3.3,0,0.0,0,0.0,-41,-4.8
"29011","2","10","71","0","2017","4","",5,44,48,48,339114,0,0,559,"",2.15,0.43,0.47,0.48,0.42,0.00,0.00,0.91,"",0,0.0,1,2.3,5,11.6,6,14.3,5247,1.6,0,0.0,0,0.0,-43,-7.1
"29011","3","10","71","0","2017","4","",33,813,818,799,6793742,163747,669,645,"",5.85,2.56,2.58,2.55,3.16,2.46,3.39,1.23,"",-1,-2.9,0,0.0,25,3.2,10,1.3,355615,5.5,48047,41.5,325,94.5,25,4.0
"29011","5","10","71","0","2017","4","",288,2310,2285,2280,17455203,3204604,36849,586,"",0.89,0.85,0.84,0.85,0.82,0.98,0.99,0.97,"",11,4.0,-5,-0.2,-24,-1.0,-37,-1.6,479959,2.8,104110,3.4,-6732,-15.4,22,3.9
"29013","0","10","70","0","2017","4","",454,3780,3764,3730,30265941,4144093,55665,620,"",1.00,1.00,1.00,1.00,1.00,1.00,1.00,1.00,"",7,1.6,10,0.3,26,0.7,23,0.6,1148098,3.9,181620,4.6,-14603,-20.8,21,3.5
"29013","1","10","71","0","2017","4","",11,54,53,53,681370,0,0,983,"",4.04,0.74,0.74,0.74,0.82,0.00,0.00,1.11,"",0,0.0,-3,-5.3,-6,-10.2,-5,-8.6,18880,2.8,0,0.0,0,0.0,104,11.8
"29013","2","10","71","0","2017","4","",8,75,78,76,626756,0,0,632,"",2.51,0.62,0.65,0.64,0.63,0.00,0.00,1.00,"",0,0.0,-1,-1.3,1,1.3,0,0.0,22689,3.8,0,0.0,0,0.0,23,3.8
"29013","3","10","71","0","2017","4","",52,1081,1086,1076,8529728,218430,696,607,"",6.74,2.89,2.91,2.91,3.28,2.66,2.38,1.13,"",0,0.0,-7,-0.6,-18,-1.6,-17,-1.6,186256,2.2,-16577,-7.1,-560,-44.6,21,3.6
"29013","5","10","71","0","2017","4","",383,2570,2547,2525,20428087,3925663,54969,617,"",0.87,0.80,0.80,0.80,0.79,0.98,0.99,0.99,"",7,1.9,21,0.8,49,2.0,45,1.8,920273,4.7,198197,5.3,-14043,-20.3,19,3.2
"29015","0","10","70","0","2017","4","",551,3656,3620,3571,25430395,3723142,53746,541,"",1.00,1.00,1.00,1.00,1.00,1.00,1.00,1.00,"",42,8.3,9,0.2,-20,-0.5,-68,-1.9,-54822,-0.2,-63928,-1.7,-13980,-20.6,3,0.6
"29015","1","10","71","0","2017","4","",8,97,95,95,1487621,0,0,1196,"",2.42,1.38,1.37,1.38,2.13,0.00,0.00,1.55,"",0,0.0,-6,-5.8,-2,-2.1,-3,-3.1,56386,3.9,0,0.0,0,0.0,88,7.9
"29015","2","10","71","0","2017","4","",7,46,43,44,365095,0,0,633,"",1.81,0.39,0.37,0.39,0.44,0.00,0.00,1.15,"",0,0.0,-5,-9.8,-8,-15.7,-5,-10.2,-18152,-4.7,0,0.0,0,0.0,47,8.0
"29015","3","10","71","0","2017","4","",28,932,933,939,7210695,95301,407,593,"",2.99,2.57,2.60,2.66,3.30,1.29,1.44,1.26,"",0,0.0,-7,-0.7,-14,-1.5,-12,-1.3,281750,4.1,-5515,-5.5,-207,-33.7,29,5.1
"29015","5","10","71","0","2017","4","",508,2581,2549,2493,16366984,3627841,53339,495,"",0.95,0.83,0.83,0.82,0.75,1.01,1.00,0.91,"",42,9.0,27,1.1,4,0.2,-48,-1.9,-374806,-2.2,-58413,-1.6,-13773,-20.5,-11,-2.2
"29017","0","10","70","0","2017","4","",306,1868,1864,1868,14096521,1951232,28361,581,"",1.00,1.00,1.00,1.00,1.00,1.00,1.00,1.00,"",7,2.3,-17,-0.9,-2,-0.1,-10,-0.5,340889,2.5,52508,2.8,-8138,-22.3,17,3.0
"29017","1","10","71","0","2017","4","",10,27,24,23,218477,0,0,681,"",5.45,0.75,0.67,0.64,0.56,0.00,0.00,0.82,"",0,0.0,2,8.0,0,0.0,-1,-4.2,15781,7.8,0,0.0,0,0.0,40,6.2
"29017","2","10","71","0","2017","4","",5,32,33,32,285300,0,0,679,"",2.33,0.53,0.55,0.54,0.62,0.00,0.00,1.15,"",-1,-16.7,3,10.3,4,13.8,3,10.3,54490,23.6,0,0.0,0,0.0,67,10.9
"29017","3","10","71","0","2017","4","",13,454,457,450,2945389,157189,1763,499,"",2.50,2.45,2.47,2.43,2.43,4.07,11.81,0.99,"",0,0.0,-3,-0.7,4,0.9,-10,-2.2,-83759,-2.8,52792,50.6,-264,-13.0,-11,-2.2
"29017","5","10","71","0","2017","4","",278,1355,1350,1363,10647355,1794043,26598,604,"",0.94,0.85,0.85,0.86,0.88,0.95,0.94,1.03,"",8,3.0,-19,-1.4,-10,-0.7,-2,-0.1,354377,3.4,-284,0.0,-7874,-22.8,25,4.3
"29019","0","10","70","0","2017","4","",5029,94805,95271,94454,1043768520,86283823,1112023,847,"",1.00,1.00,1.00,1.00,1.00,1.00,1.00,1.00,"",158,3.2,651,0.7,929,1.0,922,1.0,14754010,1.4,-354158,-0.4,-320394,-22.4,5,0.6
"29019","1","10","71","0","2017","4","",24,2519,2571,2505,47546905,0,0,1445,"",0.80,1.38,1.41,1.38,1.66,0.00,0.00,1.19,"",0,0.0,84,3.4,125,5.1,43,1.7,2370428,5.2,0,0.0,0,0.0,25,1.8
"29019","2","10","71","0","2017","4","",21,17337,17490,17427,260295971,0,0,1150,"",0.60,5.70,5.73,5.79,7.64,0.00,0.00,1.33,"",-2,-8.7,122,0.7,59,0.3,22,0.1,5996487,2.4,0,0.0,0,0.0,23,2.0
"29019","3","10","71","0","2017","4","",113,6885,6892,6793,71475409,31803,123,802,"",1.32,0.73,0.73,0.73,0.80,0.02,0.02,1.09,"",0,0.0,26,0.4,96,1.4,35,0.5,1061638,1.5,-499520,-94.0,-7043,-98.3,6,0.8
"29019","5","10","71","0","2017","4","",4871,68064,68318,67729,664450235,86252020,1111900,751,"",1.00,0.85,0.84,0.84,0.75,1.03,1.01,0.88,"",160,3.4,419,0.6,649,1.0,822,1.2,5325457,0.8,145362,0.2,-313351,-22.0,-1,-0.1
"29021","0","10","70","0","2017","4","",2581,47362,47729,47689,540463234,51713656,639470,874,"",1.00,1.00,1.00,1.00,1.00,1.00,1.00,1.00,"",60,2.4,-914,-1.9,-513,-1.1,-557,-1.2,8354488,1.6,954191,1.9,-233314,-26.7,26,3.1
"29021","1","10","71","0","2017","4","",17,530,540,539,9122650,0,0,1308,"",1.10,0.58,0.59,0.59,0.61,0.00,0.00,1.05,"",-2,-10.5,1,0.2,11,2.1,5,0.9,232488,2.6,0,0.0,0,0.0,19,1.5
"29021","2","10","71","0","2017","4","",27,2388,2405,2374,22260688,0,0,717,"",1.49,1.57,1.57,1.56,1.26,0.00,0.00,0.80,"",-1,-3.6,-82,-3.3,-65,-2.6,-94,-3.8,-17877,-0.1,0,0.0,0,0.0,23,3.3
"29021","3","10","71","0","2017","4","",73,3510,3498,3479,32950944,274671,1144,725,"",1.66,0.75,0.74,0.74,0.71,0.27,0.34,0.96,"",-1,-1.4,-112,-3.1,-131,-3.6,-125,-3.5,-384396,-1.2,19872,7.8,-251,-18.0,16,2.3
"29021","5","10","71","0","2017","4","",2464,40934,41286,41297,476128952,51438985,638326,890,"",0.98,1.02,1.02,1.02,1.03,1.03,1.00,1.01,"",64,2.7,-721,-1.7,-328,-0.8,-343,-0.8,8524273,1.8,934319,1.8,-233063,-26.7,26,3.0
"29023","0","10","70","0","2017","4","",1626,18706,18677,18736,164505434,21802799,298282,676,"",1.00,1.00,1.00,1.00,1.00,1.00,1.00,1.00,"",83,5.4,-395,-2.1,-357,-1.9,-403,-2.1,3083720,1.9,336581,1.6,-118185,-28.4,26,4.0
"29023","1","10","71","0","2017","4","",14,735,741,743,12937805,0,0,1345,"",1.44,2.04,2.07,2.06,2.86,0.00,0.00,1.39,"",0,0.0,6,0.8,4,0.5,-4,-0.5,517605,4.2,0,0.0,0,0.0,50,3.9
"29023","2","10","71","0","2017","4","",19,754,750,749,7423074,0,0,760,"",1.67,1.26,1.25,1.25,1.38,0.00,0.00,1.10,"",0,0.0,13,1.8,11,1.5,17,2.3,506668,7.3,0,0.0,0,0.0,38,5.3
"29023","3","10","71","0","2017","4","",59,2094,2106,2124,17109000,684089,3568,624,"",2.13,1.13,1.14,1.15,1.21,1.58,2.27,1.06,"",-2,-3.3,-48,-2.2,-62,-2.9,-56,-2.6,-170671,-1.0,-159728,-18.9,-5989,-62.7,10,1.6
"29023","5","10","71","0","2017","4","",1534,15123,15080,15120,127035555,21118710,294714,647,"",0.97,0.95,0.95,0.95,0.90,1.00,0.99,0.95,"",85,5.9,-366,-2.4,-310,-2.0,-360,-2.3,2230118,1.8,496309,2.4,-112196,-27.6,26,4.2
"29025","0","10","70","0","2017","4","",227,1882,1901,1892,16637924,2110260,33561,677,"",1.00,1.00,1.00,1.00,1.00,1.00,1.00,1.00,"",11,5.1,96,5.4,147,8.4,104,5.8,1927900,13.1,-26497,-1.2,-8269,-19.8,40,6.3
"29025","1","10","71","0","2017","4","",10,42,40,40,487839,0,0,923,"",7.34,1.16,1.10,1.10,1.07,0.00,0.00,0.95,"",0,0.0,2,5.0,-3,-7.0,-6,-13.0,23660,5.1,0,0.0,0,0.0,93,11.2
"29025","2","10","71","0","2017","4","",5,25,25,25,238910,0,0,735,"",3.14,0.41,0.41,0.41,0.44,0.00,0.00,1.06,"",-1,-16.7,-1,-3.8,-1,-3.8,-1,-3.8,4462,1.9,0,0.0,0,0.0,41,5.9
"29025","3","10","71","0","2017","4","",43,597,599,585,3628337,146522,493,470,"",11.14,3.20,3.17,3.12,2.54,3.51,2.79,0.80,"",1,2.4,-17,-2.8,-12,-2.0,-22,-3.6,25046,0.7,-31982,-17.9,-1073,-68.5,16,3.5
"29025","5","10","71","0","2017","4","",169,1218,1237,1242,12282838,1963738,33068,767,"",0.77,0.76,0.77,0.77,0.86,0.96,0.99,1.13,"",11,7.0,112,10.1,163,15.2,133,12.0,1874732,18.0,5485,0.3,-7196,-17.9,37,5.1
"29027","0","10","70","0","2017","4","",850,14812,14535,14386,154015398,17064636,281670,813,"",1.00,1.00,1.00,1.00,1.00,1.00,1.00,1.00,"",8,1.0,-42,-0.3,-80,-0.5,-58,-0.4,10997013,7.7,2502957,17.2,9758,3.6,61,8.1
"29027","1","10","71","0","2017","4","",17,119,115,115,1739202,0,0,1150,"",3.33,0.42,0.41,0.41,0.41,0.00,0.00,0.99,"",0,0.0,1,0.8,2,1.8,-1,-0.9,79859,4.8,0,0.0,0,0.0,46,4.2
"29027","2","10","71","0","2017","4","",14,2265,2245,2231,18115960,0,0,620,"",2.35,4.76,4.82,4.86,3.60,0.00,0.00,0.75,"",-2,-12.5,-7,-0.3,-7,-0.3,-13,-0.6,-481200,-2.6,0,0.0,0,0.0,-14,-2.2
"29027","3","10","71","0","2017","4","",57,1594,1567,1564,12154588,268536,758,594,"",3.95,1.09,1.09,1.10,0.92,0.79,0.51,0.84,"",0,0.0,16,1.0,-38,-2.4,-35,-2.2,440431,3.8,56890,26.9,24,3.3,29,5.1
"29027","5","10","71","0","2017","4","",762,10834,10608,10476,122005648,16796100,280912,882,"",0.92,0.86,0.86,0.86,0.93,1.02,1.00,1.08,"",10,1.3,-52,-0.5,-37,-0.3,-9,-0.1,10957923,9.9,2446067,17.0,9734,3.6,82,10.2
"29029","0","10","70","0","2017","4","",1708,16390,15820,15548,132081246,19671600,315241,638,"",1.00,1.00,1.00,1.00,1.00,1.00,1.00,1.00,"",53,3.2,-37,-0.2,-150,-0.9,-142,-0.9,6370017,5.1,559708,2.9,-112738,-26.3,35,5.8
"29029","1","10","71","0","2017","4","",11,75,73,71,912537,0,0,962,"",1.07,0.24,0.24,0.24,0.25,0.00,0.00,1.05,"",-1,-8.3,5,7.1,2,2.8,0,0.0,59632,7.0,0,0.0,0,0.0,34,3.7
"29029","2","10","71","0","2017","4","",12,153,144,140,1134092,0,0,599,"",1.00,0.29,0.28,0.28,0.26,0.00,0.00,0.92,"",-1,-7.7,0,0.0,-9,-5.9,-9,-6.0,-34973,-3.0,0,0.0,0,0.0,6,1.0
"29029","3","10","71","0","2017","4","",32,1761,1742,1749,13380122,178718,1559,588,"",1.10,1.08,1.11,1.14,1.18,0.46,0.94,1.06,"",0,0.0,6,0.3,-17,-1.0,-2,-0.1,82048,0.6,18936,11.9,-324,-17.2,5,0.9
"29029","5","10","71","0","2017","4","",1653,14401,13861,13588,116654495,19492882,313682,643,"",1.00,1.03,1.03,1.03,1.03,1.02,1.00,1.00,"",55,3.4,-48,-0.3,-126,-0.9,-131,-1.0,6263310,5.7,540772,2.9,-112414,-26.4,39,6.5
"29031","0","10","70","0","2017","4","",2795,41026,41265,41473,430317474,42724375,539472,802,"",1.00,1.00,1.00,1.00,1.00,1.00,1.00,1.00,"",156,5.9,194,0.5,133,0.3,234,0.6,12880540,3.1,2440164,6.1,-132179,-19.7,20,2.6
"29031","1","10","71","0","2017","4","",25,366,363,365,6301609,0,0,1329,"",1.49,0.46,0.46,0.46,0.53,0.00,0.00,1.16,"",-2,-7.4,-130,-26.2,-142,-28.1,-143,-28.1,227144,3.7,0,0.0,0,0.0,400,43.1
"29031","2","10","71","0","2017","4","",25,2224,2219,2265,23258324,0,0,800,"",1.28,1.69,1.68,1.71,1.66,0.00,0.00,0.98,"",-1,-3.8,-39,-1.7,-80,-3.5,-52,-2.2,237028,1.0,0,0.0,0,0.0,28,3.6
"29031","3","10","71","0","2017","4","",63,3178,3199,3130,23515007,42189,502,571,"",1.33,0.78,0.78,0.76,0.64,0.05,0.18,0.82,"",1,1.6,86,2.8,73,2.3,63,2.1,711462,3.1,-11164,-20.9,-658,-56.7,4,0.7
"29031","5","10","71","0","2017","4","",2682,35258,35484,35713,377242534,42682186,538970,818,"",0.99,1.01,1.01,1.01,1.03,1.03,1.01,1.01,"",158,6.3,277,0.8,282,0.8,366,1.0,11704906,3.2,2451328,6.1,-131521,-19.6,19,2.4
"29033","0","10","70","0","2017","4","",326,2468,2475,2497,20660489,2275478,36209,641,"",1.00,1.00,1.00,1.00,1.00,1.00,1.00,1.00,"",10,3.2,36,1.5,29,1.2,87,3.6,820998,4.1,-13931,-0.6,-7904,-17.9,13,2.1
"29033","1","10","71","0","2017","4","",10,41,41,41,492326,0,0,924,"",5.11,0.86,0.87,0.85,0.87,0.00,0.00,1.01,"",0,0.0,3,7.9,-2,-4.7,-5,-10.9,6627,1.4,0,0.0,0,0.0,41,4.6
"29033","2","10","71","0","2017","4","",4,30,28,28,242283,0,0,650,"",1.75,0.38,0.35,0.35,0.36,0.00,0.00,0.99,"",0,0.0,-1,-3.2,-4,-12.5,-3,-9.7,-7822,-3.1,0,0.0,0,0.0,36,5.9
"29033","3","10","71","0","2017","4","",58,575,584,586,4025928,94828,619,532,"",10.47,2.35,2.38,2.37,2.27,2.11,3.25,0.96,"",0,0.0,3,0.5,-8,-1.4,3,0.5,-31067,-0.8,-22540,-19.2,-451,-42.1,-4,-0.7
"29033","5","10","71","0","2017","4","",254,1822,1822,1842,15899952,2180650,35590,669,"",0.80,0.87,0.87,0.87,0.90,0.99,0.99,1.04,"",10,4.1,31,1.7,43,2.4,92,5.3,853260,5.7,8609,0.4,-7453,-17.3,16,2.5
"29035","0","10","70","0","2017","4","",240,1467,1460,1459,9917850,1580167,28248,522,"",1.00,1.00,1.00,1.00,1.00,1.00,1.00,1.00,"",20,9.1,18,1.2,9,0.6,-20,-1.4,437000,4.6,15227,1.0,-9736,-25.6,22,4.4
"29035","1","10","71","0","2017","4","",6,79,73,77,1053408,0,0,1062,"",4.17,2.80,2.61,2.74,3.86,0.00,0.00,1.42,"",0,0.0,9,12.9,8,12.3,4,5.5,97642,10.2,0,0.0,0,0.0,2,0.2
"29035","2","10","71","0","2017","4","",5,31,34,31,288664,0,0,694,"",2.97,0.66,0.73,0.67,0.89,0.00,0.00,1.30,"",0,0.0,-2,-6.1,0,0.0,-2,-6.1,-7102,-2.4,0,0.0,0,0.0,11,1.6
"29035","3","10","71","0","2017","4","",12,331,339,330,2078337,99730,783,480,"",2.94,2.28,2.34,2.29,2.44,3.19,5.27,1.06,"",0,0.0,-32,-8.8,-26,-7.1,-26,-7.3,89824,4.5,-9147,-8.4,-588,-42.9,57,13.5
"29035","5","10","71","0","2017","4","",217,1026,1014,1021,6497441,1480437,27465,490,"",0.93,0.82,0.82,0.82,0.77,0.97,0.98,0.93,"",20,10.2,43,4.4,27,2.7,4,0.4,256636,4.1,24374,1.7,-9148,-25.0,8,1.7
"29037","0","10","70","0","2017","4","",2175,26309,26212,25926,238679414,33139164,488615,702,"",1.00,1.00,1.00,1.00,1.00,1.00,1.00,1.00,"",73,3.5,199,0.8,163,0.6,52,0.2,9784586,4.3,-274892,-0.8,-114151,-18.9,25,3.7
"29037","1","10","71","0","2017","4","",23,281,272,269,4334999,0,0,1217,"",1.76,0.55,0.54,0.54,0.66,0.00,0.00,1.21,"",1,4.5,18,6.8,7,2.6,-3,-1.1,207732,5.0,0,0.0,0,0.0,26,2.2
"29037","2","10","71","0","2017","4","",11,163,163,160,1286704,0,0,611,"",0.72,0.19,0.19,0.19,0.17,0.00,0.00,0.85,"",0,0.0,-9,-5.2,-10,-5.8,-11,-6.4,33385,2.7,0,0.0,0,0.0,50,8.9
"29037","3","10","71","0","2017","4","",120,4645,4633,4605,43619428,529229,3591,725,"",3.25,1.78,1.78,1.79,2.13,0.81,1.40,1.19,"",-1,-0.8,-5,-0.1,-33,-0.7,-19,-0.4,1451602,3.4,-10795,-2.0,-1030,-22.3,27,3.9
"29037","5","10","71","0","2017","4","",2021,21220,21144,20892,189438283,32609935,485024,691,"",0.96,0.95,0.95,0.95,0.93,1.02,1.00,0.98,"",73,3.7,195,0.9,199,1.0,85,0.4,8091867,4.5,-264097,-0.8,-113121,-18.9,24,3.6
"29039","0","10","70","0","2017","4","",370,3083,3060,3093,21908755,2685552,39096,547,"",1.00,1.00,1.00,1.00,1.00,1.00,1.00,1.00,"",15,4.2,-89,-2.8,-62,-2.0,-36,-1.2,644043,3.0,-86757,-3.1,-9489,-19.5,26,5.0
"29039","1","10","71","0","2017","4","",8,66,67,64,869337,0,0,1018,"",3.60,1.11,1.14,1.07,1.44,0.00,0.00,1.30,"",0,0.0,-3,-4.3,0,0.0,-3,-4.5,33070,4.0,0,0.0,0,0.0,67,7.0
"29039","2","10","71","0","2017","4","",7,263,258,244,1955180,0,0,590,"",2.70,2.66,2.63,2.47,2.73,0.00,0.00,1.06,"",-2,-22.2,-4,-1.5,-8,-3.0,-24,-9.0,-52798,-2.6,0,0.0,0,0.0,11,1.9
"29039","3","10","71","0","2017","4","",28,661,675,685,5131577,110044,989,586,"",4.45,2.16,2.22,2.24,2.72,2.07,4.81,1.23,"",2,7.7,-18,-2.7,1,0.1,5,0.7,153309,3.1,21421,24.2,-220,-18.2,21,3.7
"29039","5","10","71","0","2017","4","",327,2093,2060,2100,13952661,2575508,38107,515,"",0.91,0.80,0.79,0.80,0.75,0.99,0.98,0.94,"",15,4.8,-64,-3.0,-55,-2.6,-14,-0.7,510462,3.8,-108178,-4.0,-9269,-19.6,29,6.0
"29041","0","10","70","0","2017","4","",277,1939,1948,1971,15558819,1933261,24337,613,"",1.00,1.00,1.00,1.00,1.00,1.00,1.00,1.00,"",-1,-0.4,0,0.0,17,0.9,15,0.8,633234,4.2,3944,0.2,-9109,-27.2,22,3.7
"29041","1","10","71","0","2017","4","",8,37,36,36,436871,0,0,925,"",4.82,0.99,0.97,0.95,1.02,0.00,0.00,1.06,"",-1,-11.1,-3,-7.5,-4,-10.0,-6,-14.3,-11115,-2.5,0,0.0,0,0.0,78,9.2
"29041","2","10","71","0","2017","4","",6,23,25,23,201613,0,0,655,"",3.09,0.37,0.40,0.37,0.40,0.00,0.00,1.05,"",0,0.0,1,4.5,3,13.6,1,4.5,-2388,-1.2,0,0.0,0,0.0,-58,-8.1
"29041","3","10","71","0","2017","4","",31,425,430,463,2702497,82673,282,473,"",6.58,2.21,2.22,2.37,2.02,2.16,2.20,0.89,"",0,0.0,-26,-5.8,-30,-6.5,4,0.9,78053,3.0,6123,8.0,-336,-54.4,31,7.0
"29041","5","10","71","0","2017","4","",232,1454,1457,1449,12217838,1850588,24055,647,"",0.86,0.88,0.88,0.87,0.92,0.99,0.99,1.05,"",0,0.0,28,2.0,48,3.4,16,1.1,568684,4.9,-2179,-0.1,-8773,-26.7,17,2.7
"29043","0","10","70","0","2017","4","",1993,17520,17383,17350,145528409,22619968,332090,643,"",1.00,1.00,1.00,1.00,1.00,1.00,1.00,1.00,"",129,6.9,477,2.8,393,2.3,401,2.4,8610107,6.3,593696,2.7,-81370,-19.7,23,3.7
"29043","1","10","71","0","2017","4","",12,107,111,116,1504040,0,0,1039,"",1.00,0.32,0.33,0.35,0.38,0.00,0.00,1.13,"",-1,-7.7,-1,-0.9,4,3.7,1,0.9,82677,5.8,0,0.0,0,0.0,45,4.5
"29043","2","10","71","0","2017","4","",9,139,120,126,1041338,0,0,624,"",0.64,0.25,0.22,0.23,0.22,0.00,0.00,0.95,"",0,0.0,-3,-2.1,-23,-16.1,-14,-10.0,-53932,-4.9,0,0.0,0,0.0,29,4.9
"29043","3","10","71","0","2017","4","",53,3215,3239,3255,25889204,565113,4201,615,"",1.56,1.85,1.88,1.90,2.07,1.26,2.40,1.10,"",0,0.0,44,1.4,43,1.3,42,1.3,851245,3.4,112035,24.7,977,30.3,12,2.0
"29043","5","10","71","0","2017","4","",1919,14059,13913,13853,117093827,22054855,327889,646,"",0.99,0.94,0.94,0.94,0.94,1.01,0.99,1.00,"",130,7.3,437,3.2,369,2.7,372,2.8,7730117,7.1,481661,2.2,-82347,-20.1,25,4.0
"29045","0","10","70","0","2017","4","",168,1378,1379,1400,9528001,1431756,19885,529,"",1.00,1.00,1.00,1.00,1.00,1.00,1.00,1.00,"",0,0.0,-32,-2.3,-8,-0.6,20,1.4,-60730,-0.6,308024,27.4,1496,8.1,-1,-0.2
"29045","1","10","71","0","2017","4","",9,31,35,33,369879,0,0,862,"",8.93,1.17,1.33,1.22,1.41,0.00,0.00,1.14,"",0,0.0,0,0.0,2,6.1,2,6.5,33367,9.9,0,0.0,0,0.0,45,5.5
"29045","2","10","71","0","2017","4","",6,28,31,33,250000,0,0,627,"",5.10,0.63,0.70,0.74,0.80,0.00,0.00,1.16,"",0,0.0,-5,-15.2,-2,-6.1,1,3.1,-14448,-5.5,0,0.0,0,0.0,4,0.6
"29045","3","10","71","0","2017","4","",18,416,413,419,2708717,87338,337,501,"",6.30,3.05,3.02,3.02,3.31,3.08,3.22,1.09,"",0,0.0,-2,-0.5,-4,-1.0,0,0.0,132926,5.2,10847,14.2,-27,-7.4,27,5.7
"29045","5","10","71","0","2017","4","",135,903,900,915,6199405,1344418,19548,526,"",0.83,0.77,0.77,0.77,0.76,0.97,0.99,0.99,"",0,0.0,-25,-2.7,-4,-0.4,17,1.9,-212575,-3.3,297177,28.4,1523,8.4,-16,-3.0
"29047","0","10","70","0","2017","4","",5761,106328,106402,106593,1310594720,128222501,1778907,947,"",1.00,1.00,1.00,1.00,1.00,1.00,1.00,1.00,"",183,3.3,990,0.9,1462,1.4,2498,2.4,56265407,4.5,3389868,2.7,-485055,-21.4,26,2.8
"29047","1","10","71","0","2017","4","",30,1354,1340,1347,27810894,0,0,1588,"",0.87,0.66,0.66,0.66,0.77,0.00,0.00,1.17,"",-1,-3.2,60,4.6,39,3.0,37,2.8,1533760,5.8,0,0.0,0,0.0,35,2.3
"29047","2","10","71","0","2017","4","",16,660,655,646,5287595,0,0,622,"",0.40,0.19,0.19,0.19,0.12,0.00,0.00,0.64,"",-1,-5.9,-16,-2.4,-25,-3.7,-29,-4.3,184382,3.6,0,0.0,0,0.0,42,7.2
"29047","3","10","71","0","2017","4","",202,14502,14490,14473,154126767,151367,719,818,"",2.06,1.38,1.37,1.37,1.37,0.06,0.08,1.00,"",0,0.0,182,1.3,145,1.0,203,1.4,6619789,4.5,-19710,-11.5,-934,-56.5,25,3.2
"29047","5","10","71","0","2017","4","",5513,89812,89917,90127,1123369464,128071134,1778188,961,"",0.99,0.99,0.99,0.99,1.00,1.03,1.01,1.01,"",185,3.5,764,0.9,1303,1.5,2287,2.6,47927476,4.5,3409578,2.7,-484121,-21.4,26,2.8
"29049","0","10","70","0","2017","4","",475,4107,4077,4088,35409273,4099734,56189,666,"",1.00,1.00,1.00,1.00,1.00,1.00,1.00,1.00,"",17,3.7,11,0.3,47,1.2,51,1.3,1879136,5.6,294159,7.7,-13034,-18.8,30,4.7
"29049","1","10","71","0","2017","4","",10,82,82,85,1067029,0,0,989,"",3.51,1.04,1.05,1.08,1.10,0.00,0.00,1.04,"",0,0.0,-2,-2.4,1,1.2,0,0.0,9428,0.9,0,0.0,0,0.0,13,1.3
"29049","2","10","71","0","2017","4","",8,109,107,108,1070968,0,0,763,"",2.40,0.83,0.82,0.83,0.93,0.00,0.00,1.12,"",-1,-11.1,-5,-4.4,-8,-7.0,-4,-3.6,69772,7.0,0,0.0,0,0.0,85,12.5
"29049","3","10","71","0","2017","4","",43,919,909,917,7250888,281812,2219,610,"",5.33,2.26,2.25,2.27,2.38,3.47,7.50,1.06,"",0,0.0,-8,-0.9,13,1.5,6,0.7,188796,2.7,93066,49.3,340,18.1,14,2.3
"29049","5","10","71","0","2017","4","",414,2997,2979,2978,26020388,3817922,53970,671,"",0.90,0.86,0.86,0.86,0.86,0.96,0.97,1.00,"",18,4.5,26,0.9,41,1.4,49,1.7,1611140,6.6,201093,5.6,-13374,-19.9,34,5.3
"29051","0","10","70","0","2017","4","",2496,53481,53586,53605,573205212,42970632,615377,823,"",1.00,1.00,1.00,1.00,1.00,1.00,1.00,1.00,"",111,4.7,26,0.0,-94,-0.2,86,0.2,15682446,2.8,-1229509,-2.8,-234042,-27.6,22,2.7
"29051","1","10","71","0","2017","4","",27,621,606,596,10232530,0,0,1295,"",1.80,0.60,0.59,0.58,0.65,0.00,0.00,1.10,"",0,0.0,11,1.8,-7,-1.1,-19,-3.1,363332,3.7,0,0.0,0,0.0,56,4.5
"29051","2","10","71","0","2017","4","",69,15309,15229,15282,162690873,0,0,819,"",3.95,8.92,8.87,8.94,8.69,0.00,0.00,0.98,"",-1,-1.4,-342,-2.2,-410,-2.6,-216,-1.4,4948378,3.1,0,0.0,0,0.0,41,5.3
"29051","3","10","71","0","2017","4","",72,3094,3128,3087,30567343,97208,381,758,"",1.70,0.58,0.59,0.58,0.62,0.11,0.12,1.06,"",-1,-1.4,97,3.2,88,2.9,71,2.4,916640,3.1,224,0.2,-98,-20.5,2,0.3
"29051","5","10","71","0","2017","4","",2328,34457,34623,34640,369714466,42873424,614996,823,"",0.96,0.76,0.76,0.76,0.76,1.03,1.01,0.99,"",113,5.1,260,0.8,235,0.7,250,0.7,9454096,2.6,-1229733,-2.8,-233944,-27.6,16,2.0
"29053","0","10","70","0","2017","4","",473,5019,5033,5053,40248168,5247178,76836,615,"",1.00,1.00,1.00,1.00,1.00,1.00,1.00,1.00,"",9,1.9,-18,-0.4,-41,-0.8,4,0.1,1353484,3.5,469054,9.8,-9611,-11.1,23,3.9
"29053","1","10","71","0","2017","4","",9,45,46,44,518651,0,0,887,"",3.17,0.47,0.48,0.45,0.47,0.00,0.00,1.01,"",0,0.0,1,2.3,-1,-2.1,-3,-6.4,-28968,-5.3,0,0.0,0,0.0,-29,-3.2
"29053","2","10","71","0","2017","4","N",7,0,0,0,0,0,0,0,"N",2.11,0,0,0,0,0,0,0,"N",0,0.0,0,0,0,0,0,0,0,0,0,0,0,0,0,0
"29053","3","10","71","0","2017","4","N",43,0,0,0,0,0,0,0,"N",5.35,0,0,0,0,0,0,0,"N",2,4.9,0,0,0,0,0,0,0,0,0,0,0,0,0,0
"29053","5","10","71","0","2017","4","",414,3702,3710,3695,29460529,5157679,75926,612,"",0.90,0.87,0.87,0.86,0.86,1.02,0.99,0.99,"",7,1.7,18,0.5,0,0.0,14,0.4,1092765,3.9,402430,8.5,-10272,-11.9,21,3.6
"29055","0","10","70","0","2017","4","",671,6510,6505,6463,66645767,6407838,94833,790,"",1.00,1.00,1.00,1.00,1.00,1.00,1.00,1.00,"",3,0.4,-150,-2.3,-61,-0.9,-53,-0.8,4228916,6.8,-191597,-2.9,-39612,-29.5,60,8.2
"29055","1","10","71","0","2017","4","",7,31,31,31,387779,0,0,962,"",1.74,0.25,0.25,0.25,0.21,0.00,0.00,0.85,"",0,0.0,2,6.9,-3,-8.8,-4,-11.4,5119,1.3,0,0.0,0,0.0,61,6.8
"29055","2","10","71","0","2017","4","",10,101,96,90,743835,0,0,598,"",2.13,0.48,0.46,0.44,0.34,0.00,0.00,0.74,"",0,0.0,-10,-9.0,-15,-13.5,-18,-16.7,13512,1.9,0,0.0,0,0.0,87,17.0
"29055","3","10","71","0","2017","4","",29,877,887,882,6509316,62927,160,568,"",2.54,1.36,1.37,1.38,1.14,0.50,0.32,0.83,"",0,0.0,26,3.1,45,5.3,23,2.7,125651,2.0,-44195,-41.3,-856,-84.3,-9,-1.6
"29055","5","10","71","0","2017","4","",625,5501,5491,5460,59004837,6344911,94673,828,"",0.96,0.99,0.99,0.99,1.04,1.02,1.00,1.04,"",3,0.5,-168,-3.0,-88,-1.6,-54,-1.0,4084634,7.4,-147402,-2.3,-38756,-29.0,72,9.5
"29057","0","10","70","0","2017","4","",187,1682,1730,1727,13474350,1849927,24520,605,"",1.00,1.00,1.00,1.00,1.00,1.00,1.00,1.00,"",9,5.1,-9,-0.5,2,0.1,4,0.2,913406,7.3,462600,33.3,1010,4.3,41,7.3
"29057","1","10","71","0","2017","4","",9,27,26,27,293534,0,0,847,"",8.02,0.83,0.79,0.81,0.79,0.00,0.00,0.98,"",0,0.0,-4,-12.9,-5,-16.1,-2,-6.9,5703,2.0,0,0.0,0,0.0,117,16.0
"29057","2","10","71","0","2017","4","",4,19,19,19,175243,0,0,709,"",3.05,0.35,0.34,0.34,0.40,0.00,0.00,1.15,"",0,0.0,0,0.0,0,0.0,0,0.0,7394,4.4,0,0.0,0,0.0,29,4.3
"29057","3","10","71","0","2017","4","",20,524,522,515,3118829,95138,596,461,"",6.29,3.14,3.04,3.01,2.69,2.60,4.62,0.88,"",-2,-9.1,-16,-3.0,-29,-5.3,-26,-4.8,87204,2.9,-13914,-12.8,-474,-44.3,32,7.5
"29057","5","10","71","0","2017","4","",154,1112,1163,1166,9886744,1754789,23924,663,"",0.85,0.78,0.79,0.79,0.86,0.98,0.98,1.09,"",11,7.7,11,1.0,36,3.2,32,2.8,813105,9.0,476514,37.3,1484,6.6,40,6.4
"29059","0","10","70","0","2017","4","",341,2553,2447,2436,16870365,2789123,47067,524,"",1.00,1.00,1.00,1.00,1.00,1.00,1.00,1.00,"",45,15.2,65,2.6,62,2.6,70,3.0,1009465,6.4,330145,13.4,-1045,-2.2,18,3.6
"29059","1","10","71","0","2017","4","",7,34,35,34,393027,0,0,881,"",3.42,0.69,0.75,0.72,0.85,0.00,0.00,1.18,"",0,0.0,3,9.7,2,6.1,1,3.0,15486,4.1,0,0.0,0,0.0,-17,-1.9
"29059","2","10","71","0","2017","4","",6,33,37,35,292438,0,0,643,"",2.51,0.40,0.47,0.45,0.53,0.00,0.00,1.20,"",0,0.0,-4,-10.8,0,0.0,-1,-2.8,-11021,-3.6,0,0.0,0,0.0,6,0.9
"29059","3","10","71","0","2017","4","",15,600,597,601,4613034,119499,914,592,"",2.59,2.37,2.46,2.49,3.18,2.16,3.69,1.30,"",0,0.0,-2,-0.3,-6,-1.0,7,1.2,293464,6.8,44313,58.9,-249,-21.4,38,6.9
"29059","5","10","71","0","2017","4","",313,1886,1778,1766,11571866,2669624,46153,492,"",0.95,0.87,0.86,0.85,0.80,0.99,0.99,0.93,"",45,16.8,68,3.7,66,3.9,63,3.7,711536,6.6,285832,12.0,-796,-1.7,13,2.7
"29061","0","10","70","0","2017","4","",225,1494,1500,1471,10618751,1443494,16073,549,"",1.00,1.00,1.00,1.00,1.00,1.00,1.00,1.00,"",17,8.2,-24,-1.6,-3,-0.2,-17,-1.1,-48719,-0.5,22772,1.6,-9798,-37.9,3,0.5
"29061","1","10","71","0","2017","4","",9,28,31,29,381608,0,0,1001,"",6.67,0.97,1.08,1.02,1.31,0.00,0.00,1.27,"",0,0.0,0,0.0,1,3.3,-2,-6.5,32361,9.3,0,0.0,0,0.0,95,10.5
"29061","2","10","71","0","2017","4","",5,24,29,27,224327,0,0,647,"",3.17,0.50,0.60,0.58,0.65,0.00,0.00,1.16,"",-1,-16.7,1,4.3,6,26.1,4,17.4,28905,14.8,0,0.0,0,0.0,-7,-1.1
"29061","3","10","71","0","2017","4","",37,495,506,496,3099890,155496,963,478,"",9.67,3.34,3.40,3.41,3.39,5.44,11.38,1.00,"",0,0.0,3,0.6,9,1.8,-11,-2.2,61619,2.0,-8015,-4.9,-573,-37.3,9,1.9
"29061","5","10","71","0","2017","4","",174,947,934,919,6912926,1287998,15110,570,"",0.80,0.75,0.73,0.74,0.76,0.92,0.95,1.03,"",18,11.5,-28,-2.9,-19,-2.0,-8,-0.9,-171604,-2.4,30787,2.4,-9225,-37.9,-3,-0.5
"29063","0","10","70","0","2017","4","",264,3568,3558,3597,33219469,4310663,64377,715,"",1.00,1.00,1.00,1.00,1.00,1.00,1.00,1.00,"",5,1.9,-272,-7.1,-239,-6.3,-87,-2.4,-3252299,-8.9,-674316,-13.5,-44245,-40.7,-28,-3.8
"29063","1","10","71","0","2017","4","",9,24,28,26,312653,0,0,925,"",5.68,0.35,0.41,0.38,0.34,0.00,0.00,0.90,"",0,0.0,-5,-17.2,-3,-9.7,-5,-16.1,-17309,-5.2,0,0.0,0,0.0,88,10.5
"29063","2","10","71","0","2017","4","N",7,0,0,0,0,0,0,0,"N",3.78,0,0,0,0,0,0,0,"N",-1,-12.5,0,0,0,0,0,0,0,0,0,0,0,0,0,0
"29063","3","10","71","0","2017","4","N",27,0,0,0,0,0,0,0,"N",6.02,0,0,0,0,0,0,0,"N",0,0.0,0,0,0,0,0,0,0,0,0,0,0,0,0,0
"29063","5","10","71","0","2017","4","",221,2363,2335,2367,22840751,4216118,63848,746,"",0.86,0.78,0.77,0.77,0.81,1.01,1.00,1.04,"",6,2.8,-158,-6.3,-146,-5.9,-7,-0.3,-3253860,-12.5,-637690,-13.1,-44001,-40.8,-70,-8.6
"29065","0","10","70","0","2017","4","",590,3843,3819,3796,28999148,4043851,49921,584,"",1.00,1.00,1.00,1.00,1.00,1.00,1.00,1.00,"",36,6.5,-70,-1.8,-31,-0.8,-14,-0.4,1124294,4.0,-279897,-6.5,-24046,-32.5,28,5.0
"29065","1","10","71","0","2017","4","",5,57,58,59,766208,0,0,1016,"",1.41,0.77,0.79,0.81,0.96,0.00,0.00,1.22,"",-1,-16.7,6,11.8,8,16.0,8,15.7,107230,16.3,0,0.0,0,0.0,16,1.6
"29065","2","10","71","0","2017","4","",9,89,93,91,695852,6370,7,588,"",2.18,0.72,0.76,0.75,0.73,0.12,0.11,0.99,"",-1,-10.0,-8,-8.2,-3,-3.1,-3,-3.2,-367,-0.1,2889,83.0,7,100.0,28,5.0
"29065","3","10","71","0","2017","4","",26,855,859,861,6680448,125401,887,599,"",2.59,2.25,2.27,2.29,2.68,1.57,3.38,1.18,"",0,0.0,4,0.5,4,0.5,4,0.5,391732,6.2,-64105,-33.8,-1252,-58.5,33,5.8
"29065","5","10","71","0","2017","4","",550,2842,2809,2785,20856640,3912080,49027,571,"",0.96,0.87,0.87,0.86,0.84,1.00,0.99,0.97,"",38,7.4,-72,-2.5,-40,-1.4,-23,-0.8,625699,3.1,-218681,-5.3,-22801,-31.7,26,4.8
"29067","0","10","70","0","2017","4","",210,2414,2406,2414,16743775,2380221,37106,534,"",1.00,1.00,1.00,1.00,1.00,1.00,1.00,1.00,"",3,1.4,46,1.9,73,3.1,43,1.8,534907,3.3,68000,2.9,-13212,-26.3,5,0.9
"29067","1","10","71","0","2017","4","",5,48,46,46,717312,0,0,1182,"",3.97,1.03,1.00,0.99,1.56,0.00,0.00,1.55,"",0,0.0,2,4.3,1,2.2,-6,-11.5,77028,12.0,0,0.0,0,0.0,149,14.4
"29067","2","10","71","0","2017","4","",5,38,37,37,347566,0,0,716,"",3.40,0.49,0.48,0.48,0.64,0.00,0.00,1.31,"",0,0.0,0,0.0,-1,-2.6,-1,-2.6,11716,3.5,0,0.0,0,0.0,36,5.3
"29067","3","10","71","0","2017","4","",12,364,371,364,2621506,50937,378,550,"",3.36,1.52,1.55,1.52,1.82,1.08,1.94,1.19,"",0,0.0,-2,-0.5,8,2.2,-1,-0.3,-142295,-5.1,5746,12.7,-297,-44.0,-33,-5.7
"29067","5","10","71","0","2017","4","",188,1964,1952,1967,13057391,2329284,36728,512,"",0.92,0.96,0.96,0.96,0.91,1.01,1.00,0.95,"",3,1.6,46,2.4,65,3.4,51,2.7,588458,4.7,62254,2.7,-12915,-26.0,9,1.8
"29069","0","10","70","0","2017","4","",1675,9612,9592,9574,66403647,12784807,223730,532,"",1.00,1.00,1.00,1.00,1.00,1.00,1.00,1.00,"",109,7.0,-255,-2.6,-284,-2.9,-29,-0.3,1731107,2.7,438458,3.6,-43663,-16.3,23,4.5
"29069","1","10","71","0","2017","4","",16,94,92,90,1117876,0,0,935,"",1.59,0.51,0.50,0.49,0.61,0.00,0.00,1.23,"",0,0.0,-2,-2.1,-2,-2.1,-8,-8.2,155,0.0,0,0.0,0,0.0,39,4.4
"29069","2","10","71","0","2017","4","",11,182,182,185,1478652,0,0,622,"",0.94,0.59,0.59,0.61,0.68,0.00,0.00,1.15,"",0,0.0,-6,-3.2,-7,-3.7,-2,-1.1,76317,5.4,0,0.0,0,0.0,48,8.4
"29069","3","10","71","0","2017","4","",76,1419,1421,1415,10994445,336745,4223,596,"",2.67,1.49,1.49,1.49,1.93,1.33,3.59,1.29,"",-1,-1.3,-5,-0.4,-13,-0.9,-22,-1.5,136867,1.3,24470,7.8,-1483,-26.0,13,2.2
"29069","5","10","71","0","2017","4","",1572,7917,7897,7884,52812674,12448062,219507,514,"",0.97,0.97,0.97,0.97,0.93,1.01,0.99,0.96,"",110,7.5,-242,-3.0,-262,-3.2,3,0.0,1517768,3.0,413988,3.4,-42180,-16.1,25,5.1
"29071","0","10","70","0","2017","4","",3054,39743,39781,39941,401258632,43856682,617569,775,"",1.00,1.00,1.00,1.00,1.00,1.00,1.00,1.00,"",140,4.8,443,1.1,441,1.1,691,1.8,16166722,4.2,208454,0.5,-238065,-27.8,21,2.8
"29071","1","10","71","0","2017","4","",24,220,215,216,3001407,0,0,1064,"",1.31,0.29,0.28,0.28,0.27,0.00,0.00,0.96,"",0,0.0,1,0.5,-4,-1.8,0,0.0,87957,3.0,0,0.0,0,0.0,36,3.5
"29071","2","10","71","0","2017","4","",13,295,279,278,2244121,0,0,608,"",0.61,0.23,0.22,0.22,0.17,0.00,0.00,0.77,"",1,8.3,10,3.5,-6,-2.1,-3,-1.1,125761,5.9,0,0.0,0,0.0,34,5.9
"29071","3","10","71","0","2017","4","",126,4273,4270,4234,37787662,252878,1501,682,"",2.43,1.09,1.08,1.07,1.10,0.29,0.46,1.01,"",-2,-1.6,53,1.3,13,0.3,68,1.6,1063255,2.9,-12056,-4.6,-1450,-49.1,12,1.8
"29071","5","10","71","0","2017","4","",2891,34955,35017,35213,358225442,43603804,616068,786,"",0.98,1.04,1.04,1.04,1.05,1.03,1.00,1.01,"",141,5.1,379,1.1,438,1.3,626,1.8,14889749,4.3,220510,0.5,-236615,-27.7,22,2.9
"29073","0","10","70","0","2017","4","",489,5502,5391,5398,41245422,6275926,73607,584,"",1.00,1.00,1.00,1.00,1.00,1.00,1.00,1.00,"",11,2.3,51,0.9,-9,-0.2,58,1.1,2178911,5.6,141194,2.3,-28343,-27.8,27,4.8
"29073","1","10","71","0","2017","4","",7,45,46,44,578201,0,0,988,"",2.39,0.42,0.45,0.42,0.51,0.00,0.00,1.18,"",0,0.0,-8,-15.1,-6,-11.5,-7,-13.7,-16559,-2.8,0,0.0,0,0.0,108,12.3
"29073","2","10","71","0","2017","4","",7,45,41,45,322743,0,0,569,"",2.04,0.25,0.24,0.26,0.24,0.00,0.00,0.96,"",0,0.0,1,2.3,-3,-6.8,2,4.7,12967,4.2,0,0.0,0,0.0,23,4.2
"29073","3","10","71","0","2017","4","",38,999,988,983,7683574,305119,1384,597,"",4.57,1.83,1.85,1.84,2.17,2.46,3.57,1.18,"",0,0.0,-53,-5.0,-46,-4.4,-47,-4.6,135358,1.8,3509,1.2,-1058,-43.3,38,6.8
"29073","5","10","71","0","2017","4","",437,4413,4316,4326,32660904,5970807,72223,577,"",0.92,0.94,0.94,0.94,0.93,0.98,0.99,0.98,"",11,2.6,111,2.6,46,1.1,110,2.6,2047145,6.7,137685,2.4,-27285,-27.4,25,4.5
"29075","0","10","70","0","2017","4","",239,2262,2261,2296,19383832,2839304,33123,656,"",1.00,1.00,1.00,1.00,1.00,1.00,1.00,1.00,"",8,3.5,67,3.1,61,2.8,91,4.1,717971,3.8,854164,43.0,4114,14.2,3,0.5
"29075","1","10","71","0","2017","4","",7,40,33,35,392637,0,0,839,"",4.88,0.92,0.76,0.79,0.74,0.00,0.00,0.89,"",-1,-12.5,6,17.6,-4,-10.8,-5,-12.5,8523,2.2,0,0.0,0,0.0,40,5.0
"29075","2","10","71","0","2017","4","N",3,0,0,0,0,0,0,0,"N",1.79,0,0,0,0,0,0,0,"N",-2,-40.0,0,0,0,0,0,0,0,0,0,0,0,0,0,0
"29075","3","10","71","0","2017","4","N",26,0,0,0,0,0,0,0,"N",6.40,0,0,0,0,0,0,0,"N",0,0.0,0,0,0,0,0,0,0,0,0,0,0,0,0,0
"29075","5","10","71","0","2017","4","",203,1833,1826,1847,16184278,2753295,32503,678,"",0.88,0.95,0.95,0.95,0.98,1.00,0.99,1.03,"",11,5.7,74,4.2,70,4.0,101,5.8,662580,4.3,847116,44.4,4312,15.3,-3,-0.4
"29077","0","10","70","0","2017","4","",9065,166304,166873,167055,1823644434,185575556,2256764,841,"",1.00,1.00,1.00,1.00,1.00,1.00,1.00,1.00,"",448,5.2,1191,0.7,812,0.5,1455,0.9,86219575,5.0,5221915,2.9,-779614,-25.7,34,4.2
"29077","1","10","71","0","2017","4","",45,2106,2079,2131,34936726,0,0,1276,"",0.83,0.66,0.65,0.66,0.70,0.00,0.00,1.06,"",0,0.0,-18,-0.8,-77,-3.6,-81,-3.7,-977388,-2.7,0,0.0,0,0.0,-1,-0.1
"29077","2","10","71","0","2017","4","",34,4983,5023,4968,51688079,0,0,797,"",0.54,0.93,0.94,0.93,0.87,0.00,0.00,0.93,"",0,0.0,-119,-2.3,-84,-1.6,-116,-2.3,208454,0.4,0,0.0,0,0.0,20,2.6
"29077","3","10","71","0","2017","4","",192,12828,12783,12713,125117366,156590,1491,753,"",1.25,0.78,0.77,0.77,0.80,0.04,0.13,1.03,"",-2,-1.0,-1,0.0,-32,-0.2,-45,-0.4,3139578,2.6,-36638,-19.0,-1625,-52.2,20,2.7
"29077","5","10","71","0","2017","4","",8794,146387,146988,147243,1611902263,185418966,2255273,844,"",1.00,1.04,1.04,1.04,1.04,1.03,1.01,1.00,"",450,5.4,1329,0.9,1005,0.7,1697,1.2,83848931,5.5,5258553,2.9,-777989,-25.6,36,4.5
"29079","0","10","70","0","2017","4","",313,3358,3363,3380,28783742,2664476,33118,658,"",1.00,1.00,1.00,1.00,1.00,1.00,1.00,1.00,"",3,1.0,-135,-3.9,-116,-3.3,-105,-3.0,-92098,-0.3,131052,5.2,-2165,-6.1,21,3.3
"29079","1","10","71","0","2017","4","",8,55,59,56,750888,0,0,1019,"",4.26,0.85,0.92,0.86,0.95,0.00,0.00,1.08,"",0,0.0,-3,-5.2,-2,-3.3,-5,-8.2,8425,1.1,0,0.0,0,0.0,67,7.0
"29079","2","10","71","0","2017","4","",7,69,64,63,544508,0,0,641,"",3.19,0.64,0.59,0.58,0.58,0.00,0.00,0.96,"",0,0.0,-1,-1.4,-7,-9.9,-6,-8.7,1467,0.3,0,0.0,0,0.0,44,7.4
"29079","3","10","71","0","2017","4","",56,929,936,951,6831711,36151,179,560,"",10.53,2.79,2.80,2.84,2.76,0.69,1.03,0.98,"",-1,-1.8,-3,-0.3,-11,-1.2,-7,-0.7,799137,13.2,2245,6.6,-132,-42.4,69,14.1
"29079","5","10","71","0","2017","4","",242,2305,2304,2310,20656635,2628325,32939,689,"",0.80,0.81,0.81,0.80,0.84,1.02,1.00,1.04,"",4,1.7,-128,-5.3,-96,-4.0,-87,-3.6,-901127,-4.2,128807,5.2,-2033,-5.8,1,0.1
"29081","0","10","70","0","2017","4","",301,2546,2580,2545,19708984,2814527,29653,593,"",1.00,1.00,1.00,1.00,1.00,1.00,1.00,1.00,"",6,2.0,-103,-3.9,-85,-3.2,-101,-3.8,538987,2.8,54390,2.0,-8528,-22.3,37,6.7
"29081","1","10","71","0","2017","4","",10,35,42,37,439885,0,0,890,"",5.54,0.71,0.85,0.75,0.81,0.00,0.00,1.05,"",0,0.0,-2,-5.4,6,16.7,-4,-9.8,143,0.0,0,0.0,0,0.0,0,0.0
"29081","2","10","71","0","2017","4","",8,42,41,39,364492,0,0,689,"",3.79,0.51,0.50,0.48,0.57,0.00,0.00,1.14,"",0,0.0,-2,-4.5,-4,-8.9,-5,-11.4,10575,3.0,0,0.0,0,0.0,75,12.2
"29081","3","10","71","0","2017","4","",53,757,754,751,5774145,103915,207,589,"",10.36,3.00,2.94,2.98,3.41,1.87,1.33,1.15,"",0,0.0,-8,-1.0,-20,-2.6,-12,-1.6,-78379,-1.3,-1671,-1.6,-407,-66.3,2,0.3
"29081","5","10","71","0","2017","4","",230,1712,1743,1718,13130462,2710612,29446,586,"",0.79,0.79,0.80,0.79,0.78,1.00,1.00,0.98,"",6,2.7,-91,-5.0,-67,-3.7,-80,-4.4,606648,4.8,56061,2.1,-8121,-21.6,52,9.7
"29083","0","10","70","0","2017","4","",685,7458,7416,7437,68460100,7116431,91397,708,"",1.00,1.00,1.00,1.00,1.00,1.00,1.00,1.00,"",10,1.5,12,0.2,-16,-0.2,4,0.1,2993819,4.6,175112,2.5,-23634,-20.5,31,4.6
"29083","1","10","71","0","2017","4","",10,75,74,71,919597,0,0,965,"",2.43,0.52,0.52,0.50,0.49,0.00,0.00,0.95,"",0,0.0,-1,-1.3,-1,-1.3,-7,-9.0,-22627,-2.4,0,0.0,0,0.0,15,1.6
"29083","2","10","71","0","2017","4","",8,79,80,80,716552,0,0,692,"",1.67,0.33,0.34,0.34,0.32,0.00,0.00,0.96,"",0,0.0,-3,-3.7,-3,-3.6,-2,-2.4,13329,1.9,0,0.0,0,0.0,35,5.3
"29083","3","10","71","0","2017","4","",50,1618,1639,1649,16491072,78429,898,776,"",4.29,2.19,2.23,2.24,2.80,0.56,1.87,1.26,"",0,0.0,20,1.3,19,1.2,7,0.4,617157,3.9,-13415,-14.6,-788,-46.7,22,2.9
"29083","5","10","71","0","2017","4","",617,5686,5623,5637,50332879,7038002,90499,685,"",0.93,0.90,0.89,0.89,0.86,1.02,1.00,0.96,"",10,1.6,-4,-0.1,-31,-0.5,6,0.1,2385960,5.0,188527,2.8,-22846,-20.2,33,5.1
"29085","0","10","70","0","2017","4","",186,1247,1231,1240,8396468,1275412,18308,521,"",1.00,1.00,1.00,1.00,1.00,1.00,1.00,1.00,"",15,8.8,9,0.7,14,1.2,37,3.1,696428,9.0,-44021,-3.3,-8240,-31.0,35,7.2
"29085","1","10","71","0","2017","4","",9,37,36,35,436487,0,0,933,"",8.07,1.54,1.53,1.47,1.89,0.00,0.00,1.25,"",0,0.0,-3,-7.5,-3,-7.7,-3,-7.9,41359,10.5,0,0.0,0,0.0,154,19.8
"29085","2","10","71","0","2017","4","",6,37,33,33,286768,0,0,642,"",4.60,0.92,0.84,0.83,1.05,0.00,0.00,1.21,"",0,0.0,-7,-15.9,-10,-23.3,-10,-23.3,-44043,-13.3,0,0.0,0,0.0,55,9.4
"29085","3","10","71","0","2017","4","",12,270,267,268,1715411,14762,16,492,"",3.80,2.19,2.18,2.18,2.38,0.58,0.17,1.09,"",0,0.0,7,2.7,7,2.7,9,3.5,39371,2.3,1408,10.5,-32,-66.7,-3,-0.6
"29085","5","10","71","0","2017","4","",159,903,895,904,5957802,1260650,18292,509,"",0.88,0.85,0.86,0.86,0.83,1.02,1.01,0.97,"",15,10.4,12,1.3,20,2.3,41,4.8,659741,12.5,-45429,-3.5,-8208,-31.0,44,9.5
"29087","0","10","70","0","2017","4","",187,1333,1309,1289,11998387,1418855,17062,704,"",1.00,1.00,1.00,1.00,1.00,1.00,1.00,1.00,"",3,1.6,40,3.1,21,1.6,-6,-0.5,271996,2.3,67860,5.0,-7811,-31.4,6,0.9
"29087","1","10","71","0","2017","4","",8,34,30,30,354468,0,0,870,"",7.13,1.33,1.20,1.21,1.07,0.00,0.00,0.86,"",0,0.0,0,0.0,-4,-11.8,-4,-11.8,13241,3.9,0,0.0,0,0.0,98,12.7
"29087","2","10","71","0","2017","4","",5,34,29,29,237647,0,0,596,"",3.82,0.79,0.69,0.71,0.61,0.00,0.00,0.83,"",0,0.0,0,0.0,-4,-12.1,-4,-12.1,9644,4.2,0,0.0,0,0.0,70,13.3
"29087","3","10","71","0","2017","4","",20,277,284,270,1757539,37414,454,488,"",6.29,2.10,2.18,2.12,1.70,1.33,5.06,0.80,"",0,0.0,11,4.1,9,3.3,-4,-1.5,60689,3.6,10397,38.5,18,4.1,8,1.7
"29087","5","10","71","0","2017","4","",154,988,966,960,9648733,1381441,16608,764,"",0.85,0.87,0.87,0.88,0.94,1.01,0.98,1.08,"",3,2.0,29,3.0,20,2.1,6,0.6,188422,2.0,57463,4.3,-7829,-32.0,0,0.0
"29089","0","10","70","0","2017","4","",248,2747,2778,2801,24670454,2581756,26442,684,"",1.00,1.00,1.00,1.00,1.00,1.00,1.00,1.00,"",0,0.0,19,0.7,37,1.3,45,1.6,945157,4.0,-152261,-5.6,-17836,-40.3,18,2.7
"29089","1","10","71","0","2017","4","",8,33,34,34,415040,0,0,948,"",5.38,0.62,0.64,0.63,0.61,0.00,0.00,0.97,"",0,0.0,-4,-10.8,-2,-5.6,-3,-8.1,1820,0.4,0,0.0,0,0.0,81,9.3
"29089","2","10","71","0","2017","4","",6,26,25,26,245273,0,0,735,"",3.45,0.29,0.28,0.29,0.30,0.00,0.00,1.05,"",-1,-14.3,0,0.0,-1,-3.8,0,0.0,9784,4.2,0,0.0,0,0.0,38,5.5
"29089","3","10","71","0","2017","4","",28,441,469,463,2954986,195950,1665,497,"",6.64,1.62,1.70,1.67,1.39,3.83,11.96,0.84,"",1,3.7,-7,-1.6,4,0.9,6,1.3,133271,4.7,53576,37.6,151,10.0,22,4.6
"29089","5","10","71","0","2017","4","",206,2247,2250,2278,21055155,2385806,24777,717,"",0.86,0.96,0.95,0.96,1.00,0.96,0.94,1.04,"",0,0.0,30,1.4,36,1.6,42,1.9,800282,4.0,-205837,-7.9,-17987,-42.1,16,2.3
"29091","0","10","70","0","2017","4","",1290,14940,15001,15057,125813561,15776510,206156,645,"",1.00,1.00,1.00,1.00,1.00,1.00,1.00,1.00,"",57,4.6,-21,-0.1,42,0.3,32,0.2,4366714,3.6,1379278,9.6,-46628,-18.4,21,3.4
"29091","1","10","71","0","2017","4","",15,128,129,133,2012863,0,0,1191,"",1.94,0.45,0.45,0.46,0.58,0.00,0.00,1.29,"",0,0.0,3,2.4,-1,-0.8,3,2.3,171417,9.3,0,0.0,0,0.0,87,7.9
"29091","2","10","71","0","2017","4","",16,368,370,362,3905272,0,0,819,"",1.77,0.77,0.77,0.75,0.95,0.00,0.00,1.25,"",0,0.0,-11,-2.9,-10,-2.6,-16,-4.2,52143,1.4,0,0.0,0,0.0,37,4.7
"29091","3","10","71","0","2017","4","",67,1802,1834,1799,13378714,151358,1871,568,"",3.06,1.22,1.23,1.21,1.24,0.48,1.72,1.02,"",0,0.0,-61,-3.3,-18,-1.0,-30,-1.6,225808,1.7,-3425,-2.2,-725,-27.9,21,3.8
"29091","5","10","71","0","2017","4","",1192,12642,12668,12763,106516712,15625152,204285,646,"",0.95,1.00,0.99,1.00,0.99,1.02,1.00,1.00,"",57,5.0,48,0.4,71,0.6,75,0.6,3917346,3.8,1382703,9.7,-45903,-18.3,21,3.4
"29093","0","10","70","0","2017","4","",551,3457,3467,3478,36451461,3397387,49565,809,"",1.00,1.00,1.00,1.00,1.00,1.00,1.00,1.00,"",67,13.8,-254,-6.8,-232,-6.3,-232,-6.3,-875322,-2.3,233476,7.4,-11673,-19.1,34,4.4
"29093","1","10","71","0","2017","4","",5,15,15,15,160619,0,0,824,"",1.51,0.23,0.23,0.22,0.16,0.00,0.00,0.71,"",0,0.0,1,7.1,1,7.1,1,7.1,234,0.1,0,0.0,0,0.0,-57,-6.5
"29093","2","10","71","0","2017","4","",5,35,33,33,223744,0,0,511,"",1.30,0.32,0.30,0.30,0.19,0.00,0.00,0.62,"",0,0.0,3,9.4,2,6.5,3,10.0,38394,20.7,0,0.0,0,0.0,51,11.1
"29093","3","10","71","0","2017","4","",20,620,619,621,5025816,244582,2800,624,"",2.14,1.81,1.80,1.80,1.60,3.64,10.73,0.89,"",0,0.0,-17,-2.7,-15,-2.4,-16,-2.5,-26994,-0.5,-44867,-15.5,-2627,-48.4,13,2.1
"29093","5","10","71","0","2017","4","",521,2787,2800,2809,31041282,3152805,46765,853,"",0.97,0.95,0.95,0.95,1.00,0.96,0.95,1.05,"",67,14.8,-241,-8.0,-220,-7.3,-220,-7.3,-886956,-2.8,278343,9.7,-9046,-16.2,41,5.0
"29095","0","10","70","0","2017","4","",22388,371271,370479,370659,5326935115,388438701,5709308,1105,"",1.00,1.00,1.00,1.00,1.00,1.00,1.00,1.00,"",1199,5.7,4508,1.2,3289,0.9,3064,0.8,218187097,4.3,-876355,-0.2,-2153010,-27.4,35,3.3
"29095","1","10","71","0","2017","4","",99,15330,15600,15413,286432012,0,0,1426,"",0.74,2.15,2.20,2.16,1.96,0.00,0.00,0.90,"",-1,-1.0,-265,-1.7,-176,-1.1,-460,-2.9,9035520,3.3,0,0.0,0,0.0,71,5.2
"29095","2","10","71","0","2017","4","",41,6522,6555,6466,76875871,0,0,908,"",0.26,0.55,0.55,0.55,0.44,0.00,0.00,0.81,"",0,0.0,-176,-2.6,-185,-2.7,-229,-3.4,-264364,-0.3,0,0.0,0,0.0,24,2.7
"29095","3","10","71","0","2017","4","",433,35021,34919,34903,420243229,1003936,7691,925,"",1.14,0.95,0.95,0.95,0.92,0.13,0.26,0.97,"",-3,-0.7,0,0.0,112,0.3,-3,0.0,6903571,1.7,-167985,-14.3,-5463,-41.5,14,1.5
"29095","5","10","71","0","2017","4","",21815,314398,313405,313877,4543384003,387434765,5701617,1113,"",1.00,1.00,1.00,1.00,1.00,1.03,1.01,1.00,"",1203,5.8,4949,1.6,3538,1.1,3756,1.2,202512370,4.7,-708370,-0.2,-2147547,-27.4,35,3.2
"29097","0","10","70","0","2017","4","",3463,60947,61598,61817,625536551,71339542,817362,783,"",1.00,1.00,1.00,1.00,1.00,1.00,1.00,1.00,"",94,2.8,868,1.4,1023,1.7,850,1.4,31026344,5.2,4631277,6.9,-132152,-13.9,28,3.7
"29097","1","10","71","0","2017","4","",28,289,298,300,4341142,0,0,1129,"",1.35,0.25,0.25,0.25,0.25,0.00,0.00,1.01,"",-1,-3.4,2,0.7,16,5.7,8,2.7,157987,3.8,0,0.0,0,0.0,8,0.7
"29097","2","10","71","0","2017","4","",20,1250,1249,1244,12264120,0,0,756,"",0.82,0.64,0.63,0.63,0.60,0.00,0.00,0.95,"",0,0.0,-7,-0.6,-7,-0.6,-11,-0.9,569101,4.9,0,0.0,0,0.0,40,5.6
"29097","3","10","71","0","2017","4","",114,5230,5222,5186,42639367,335010,2267,629,"",1.94,0.87,0.85,0.85,0.79,0.24,0.53,0.93,"",-1,-0.9,253,5.1,55,1.1,49,1.0,636818,1.5,27570,9.0,-1472,-39.4,-5,-0.8
"29097","5","10","71","0","2017","4","",3301,54178,54829,55087,566291922,71004532,815095,796,"",0.98,1.05,1.05,1.05,1.06,1.03,1.00,1.01,"",96,3.0,620,1.2,959,1.8,804,1.5,29662438,5.5,4603707,6.9,-130680,-13.8,30,3.9
"29099","0","10","70","0","2017","4","",4354,47975,47838,47491,464912673,54278277,772829,749,"",1.00,1.00,1.00,1.00,1.00,1.00,1.00,1.00,"",169,4.0,-903,-1.8,-241,-0.5,-395,-0.8,4270193,0.9,-97518,-0.2,-302423,-28.1,15,2.0
"29099","1","10","71","0","2017","4","",28,301,297,292,4210750,0,0,1092,"",1.07,0.33,0.32,0.32,0.33,0.00,0.00,1.02,"",0,0.0,13,4.5,10,3.5,6,2.1,-77674,-1.8,0,0.0,0,0.0,-57,-5.0
"29099","2","10","71","0","2017","4","",17,519,511,514,4223607,0,0,631,"",0.56,0.34,0.33,0.34,0.28,0.00,0.00,0.83,"",-2,-10.5,-5,-1.0,-13,-2.5,-5,-1.0,177883,4.4,0,0.0,0,0.0,35,5.9
"29099","3","10","71","0","2017","4","",164,8262,8269,8307,81690451,434216,2314,759,"",2.22,1.74,1.74,1.77,2.04,0.40,0.57,1.17,"",2,1.2,-692,-7.7,-14,-0.2,-2,0.0,2319835,2.9,111846,34.7,-554,-19.3,42,5.9
"29099","5","10","71","0","2017","4","",4145,38893,38761,38378,374787865,53844061,770515,745,"",0.98,0.95,0.95,0.95,0.94,1.03,1.00,0.99,"",169,4.3,-219,-0.6,-224,-0.6,-394,-1.0,1850149,0.5,-209364,-0.4,-301869,-28.1,9,1.2
"29101","0","10","70","0","2017","4","",1171,15900,15903,15563,139453938,14726568,235703,679,"",1.00,1.00,1.00,1.00,1.00,1.00,1.00,1.00,"",48,4.3,-128,-0.8,19,0.1,-94,-0.6,-73543,-0.1,39149,0.3,-61909,-20.8,2,0.3
"29101","1","10","71","0","2017","4","",30,1270,1278,1284,20173177,0,0,1215,"",4.27,4.15,4.20,4.28,5.26,0.00,0.00,1.25,"",1,3.4,-24,-1.9,-4,-0.3,-4,-0.3,308067,1.6,0,0.0,0,0.0,29,2.4
"29101","2","10","71","0","2017","4","",12,2148,2140,2153,22864311,0,0,819,"",1.46,4.21,4.20,4.34,5.02,0.00,0.00,1.18,"N",0,0.0,0,0,0,0,0,0,0,0,0,0,0,0,0,0
"29101","3","10","71","0","2017","4","",64,2829,2840,2800,24096129,247883,1536,657,"",3.22,1.80,1.80,1.82,2.01,0.85,1.24,1.12,"N",-1,-1.5,0,0,0,0,0,0,0,0,0,0,0,0,0,0
"29101","5","10","71","0","2017","4","",1065,9653,9645,9326,72320321,14478685,234167,583,"",0.94,0.71,0.71,0.71,0.61,1.02,1.00,0.85,"",48,4.7,10,0.1,101,1.1,8,0.1,-231186,-0.3,-56393,-0.4,-61930,-20.9,-4,-0.7
"29103","0","10","70","0","2017","4","",118,1050,1071,1081,7724365,754609,7513,557,"",1.00,1.00,1.00,1.00,1.00,1.00,1.00,1.00,"",-3,-2.5,-53,-4.8,-16,-1.5,-8,-0.7,120006,1.6,-183567,-19.6,-6463,-46.2,22,4.1
"29103","1","10","71","0","2017","4","",8,29,26,24,274071,0,0,801,"",11.30,1.43,1.27,1.15,1.29,0.00,0.00,1.01,"",-1,-11.1,0,0.0,0,0.0,-7,-22.6,-10557,-3.7,0,0.0,0,0.0,37,4.8
"29103","2","10","71","0","2017","4","",3,17,17,17,161083,0,0,729,"",3.63,0.50,0.50,0.49,0.64,0.00,0.00,1.28,"",0,0.0,0,0.0,0,0.0,0,0.0,14121,9.6,0,0.0,0,0.0,64,9.6
"29103","3","10","71","0","2017","4","",11,240,250,245,1465325,72137,366,460,"",5.48,2.31,2.35,2.29,2.21,4.83,9.26,0.95,"",0,0.0,-8,-3.2,-3,-1.2,-5,-2.0,49499,3.5,40256,126.3,110,43.0,25,5.7
"29103","5","10","71","0","2017","4","",96,764,778,795,5823886,682472,7147,575,"",0.84,0.86,0.86,0.87,0.88,0.93,0.96,1.03,"",-2,-2.0,-45,-5.6,-13,-1.6,4,0.5,66943,1.2,-223823,-24.7,-6573,-47.9,19,3.4
"29105","0","10","70","0","2017","4","",847,13744,13789,13709,118455506,14736130,242747,663,"",1.00,1.00,1.00,1.00,1.00,1.00,1.00,1.00,"",7,0.8,125,0.9,182,1.3,146,1.1,6919150,6.2,-549820,-3.6,-110744,-31.3,32,5.1
"29105","1","10","71","0","2017","4","",10,76,75,75,1026261,0,0,1048,"",1.97,0.29,0.28,0.28,0.32,0.00,0.00,1.11,"",-1,-9.1,-1,-1.3,-2,-2.6,0,0.0,25517,2.5,0,0.0,0,0.0,40,4.0
"29105","2","10","71","0","2017","4","",12,175,176,173,1523993,0,0,671,"",2.02,0.40,0.40,0.40,0.39,0.00,0.00,0.99,"",0,0.0,-1,-0.6,0,0.0,0,0.0,94488,6.6,0,0.0,0,0.0,43,6.8
"29105","3","10","71","0","2017","4","",45,1358,1354,1345,10904343,120472,654,620,"",3.13,1.00,0.99,0.99,1.07,0.41,0.51,1.08,"",0,0.0,-34,-2.4,-27,-2.0,-29,-2.1,54462,0.5,5968,5.2,-603,-48.0,16,2.6
"29105","5","10","71","0","2017","4","",780,12135,12184,12116,105000909,14615658,242093,665,"",0.95,1.04,1.04,1.04,1.04,1.03,1.00,1.00,"",8,1.0,161,1.3,211,1.8,175,1.5,6744683,6.9,-555788,-3.7,-110141,-31.3,33,5.2
"29107","0","10","70","0","2017","4","",883,8804,8677,8681,72241484,8883229,132838,637,"",1.00,1.00,1.00,1.00,1.00,1.00,1.00,1.00,"",15,1.7,-81,-0.9,26,0.3,104,1.2,-937718,-1.3,-248051,-2.7,-42668,-24.3,-10,-1.5
"29107","1","10","71","0","2017","4","",19,97,98,96,1324024,0,0,1050,"",3.59,0.57,0.59,0.57,0.67,0.00,0.00,1.15,"",0,0.0,-10,-9.3,-13,-11.7,-15,-13.5,-75912,-5.4,0,0.0,0,0.0,68,6.9
"29107","2","10","71","0","2017","4","",16,719,719,727,5288655,0,0,564,"",2.59,2.54,2.59,2.63,2.24,0.00,0.00,0.87,"",0,0.0,-6,-0.8,-2,-0.3,7,1.0,61974,1.2,0,0.0,0,0.0,7,1.3
"29107","3","10","71","0","2017","4","",74,1505,1510,1486,11044440,232262,1235,566,"",4.93,1.73,1.75,1.73,1.78,1.32,1.77,1.02,"",0,0.0,-15,-1.0,0,0.0,17,1.2,77284,0.7,-60527,-20.7,-293,-19.2,3,0.5
"29107","5","10","71","0","2017","4","",774,6483,6350,6372,54584365,8650967,131603,656,"",0.90,0.87,0.86,0.86,0.88,1.01,1.00,1.02,"",15,2.0,-50,-0.8,41,0.6,95,1.5,-1001064,-1.8,-187524,-2.1,-42375,-24.4,-15,-2.2
"29109","0","10","70","0","2017","4","",902,9063,9008,8951,84812468,9159406,123849,724,"",1.00,1.00,1.00,1.00,1.00,1.00,1.00,1.00,"",36,4.2,-54,-0.6,-121,-1.3,-176,-1.9,3750425,4.6,-359662,-3.8,-65987,-34.8,41,6.0
"29109","1","10","71","0","2017","4","",12,237,234,238,4471141,0,0,1455,"",2.22,1.36,1.36,1.38,1.92,0.00,0.00,1.41,"",0,0.0,-11,-4.4,-6,-2.5,-3,-1.2,146452,3.4,0,0.0,0,0.0,86,6.3
"29109","2","10","71","0","2017","4","",11,400,396,395,3032238,0,0,588,"",1.74,1.37,1.37,1.38,1.10,0.00,0.00,0.80,"",0,0.0,-1,-0.2,-7,-1.7,-7,-1.7,85944,2.9,0,0.0,0,0.0,24,4.3
"29109","3","10","71","0","2017","4","",76,1424,1437,1436,11172420,148034,1662,600,"",4.96,1.59,1.61,1.62,1.53,0.82,2.55,0.96,"",-2,-2.6,-14,-1.0,-28,-1.9,-21,-1.4,231521,2.1,25772,21.1,-801,-32.5,21,3.6
"29109","5","10","71","0","2017","4","",803,7002,6941,6882,66136669,9011372,122187,733,"",0.92,0.91,0.91,0.90,0.91,1.02,0.99,1.01,"",38,5.0,-28,-0.4,-80,-1.1,-145,-2.1,3286508,5.2,-385434,-4.1,-65186,-34.8,45,6.5
"29111","0","10","70","0","2017","4","",230,2665,2668,2680,21813280,3065391,30425,628,"",1.00,1.00,1.00,1.00,1.00,1.00,1.00,1.00,"",4,1.8,-32,-1.2,26,1.0,-1,0.0,433295,2.0,-31144,-1.0,-8153,-21.1,13,2.1
"29111","1","10","71","0","2017","4","",9,50,45,46,610648,0,0,999,"",6.52,0.97,0.88,0.89,1.02,0.00,0.00,1.11,"",0,0.0,6,13.6,0,0.0,0,0.0,32280,5.6,0,0.0,0,0.0,10,1.0
"29111","2","10","71","0","2017","4","",6,44,34,35,272044,0,0,556,"",3.72,0.51,0.40,0.41,0.38,0.00,0.00,0.87,"",-1,-14.3,-2,-4.3,-11,-24.4,-9,-20.5,-44353,-14.0,0,0.0,0,0.0,15,2.8
"29111","3","10","71","0","2017","4","",25,537,556,554,3471856,86623,570,486,"",6.40,2.03,2.10,2.09,1.85,1.43,3.56,0.89,"",-1,-3.8,-12,-2.2,5,0.9,-1,-0.2,138928,4.2,-12700,-12.8,-533,-48.3,21,4.5
"29111","5","10","71","0","2017","4","",190,2034,2033,2045,17458732,2978768,29855,659,"",0.85,0.90,0.90,0.90,0.94,1.00,0.99,1.04,"",6,3.3,-24,-1.2,32,1.6,9,0.4,306440,1.8,-18444,-0.6,-7620,-20.3,10,1.5
"29113","0","10","70","0","2017","4","",1042,11827,11703,11744,121074389,13050194,194535,792,"",1.00,1.00,1.00,1.00,1.00,1.00,1.00,1.00,"",46,4.6,4,0.0,-204,-1.7,37,0.3,4800427,4.1,-210336,-1.6,-80355,-29.2,35,4.6
"29113","1","10","71","0","2017","4","",15,109,117,115,1702114,0,0,1152,"",2.40,0.48,0.52,0.51,0.51,0.00,0.00,1.02,"",0,0.0,-2,-1.8,9,8.3,4,3.6,145813,9.4,0,0.0,0,0.0,64,5.9
"29113","2","10","71","0","2017","4","",13,191,182,188,1608821,0,0,662,"",1.78,0.50,0.49,0.50,0.41,0.00,0.00,0.82,"",-1,-7.1,-2,-1.0,-11,-5.7,-2,-1.1,36510,2.3,0,0.0,0,0.0,32,5.1
"29113","3","10","71","0","2017","4","",45,1956,1959,1963,17369131,321696,2755,682,"",2.54,1.67,1.69,1.69,1.67,1.25,2.69,0.99,"",1,2.3,-64,-3.2,-70,-3.4,-69,-3.4,40386,0.2,66777,26.2,-510,-15.6,24,3.6
"29113","5","10","71","0","2017","4","",969,9571,9445,9478,100394323,12728498,191780,813,"",0.96,0.95,0.95,0.95,0.97,1.01,0.99,1.02,"",46,5.0,72,0.8,-132,-1.4,104,1.1,4577718,4.8,-277113,-2.1,-79845,-29.4,36,4.6
"29115","0","10","70","0","2017","4","",394,4048,4031,3920,33605083,4902059,98436,646,"",1.00,1.00,1.00,1.00,1.00,1.00,1.00,1.00,"",7,1.8,-70,-1.7,-52,-1.3,-127,-3.1,-81484,-0.2,377326,8.3,2293,2.4,11,1.7
"29115","1","10","71","0","2017","4","",12,54,59,55,635216,0,0,873,"",5.08,0.69,0.76,0.73,0.69,0.00,0.00,0.94,"",0,0.0,1,1.9,4,7.3,-5,-8.3,7963,1.3,0,0.0,0,0.0,11,1.3
"29115","2","10","71","0","2017","4","",7,87,86,85,771900,0,0,690,"",2.54,0.67,0.67,0.68,0.70,0.00,0.00,1.05,"",-1,-12.5,-3,-3.3,-5,-5.5,-3,-3.4,12658,1.7,0,0.0,0,0.0,39,6.0
"29115","3","10","71","0","2017","4","",46,781,760,779,5013515,180498,523,499,"",6.87,1.95,1.90,2.01,1.73,1.86,1.01,0.89,"",-1,-2.1,2,0.3,-4,-0.5,14,1.8,14190,0.3,-4613,-2.5,-181,-25.7,-1,-0.2
"29115","5","10","71","0","2017","4","",329,3126,3126,3001,27184452,4721561,97913,678,"",0.86,0.91,0.91,0.90,0.95,1.00,1.00,1.04,"",9,2.8,-70,-2.2,-47,-1.5,-133,-4.2,-116295,-0.4,381939,8.8,2474,2.6,15,2.3
"29117","0","10","70","0","2017","4","",482,6269,6340,6302,55077153,6199172,75368,672,"",1.00,1.00,1.00,1.00,1.00,1.00,1.00,1.00,"",-6,-1.2,-57,-0.9,51,0.8,-19,-0.3,1858041,3.5,-665855,-9.7,-38057,-33.6,23,3.5
"29117","1","10","71","0","2017","4","",11,73,73,72,1046766,0,0,1108,"",3.80,0.60,0.60,0.59,0.69,0.00,0.00,1.15,"",0,0.0,3,4.3,-3,-3.9,-5,-6.5,17880,1.7,0,0.0,0,0.0,43,4.0
"29117","2","10","71","0","2017","4","",11,584,589,586,4924486,0,0,646,"",3.26,2.90,2.90,2.92,2.74,0.00,0.00,0.94,"",0,0.0,-1,-0.2,4,0.7,2,0.3,274257,5.9,0,0.0,0,0.0,34,5.6
"29117","3","10","71","0","2017","4","",49,770,772,756,6083997,47422,454,611,"",5.98,1.24,1.23,1.21,1.28,0.39,1.14,1.05,"",-1,-2.0,4,0.5,-17,-2.2,-8,-1.0,49683,0.8,-18797,-28.4,-66,-12.7,11,1.8
"29117","5","10","71","0","2017","4","",411,4842,4906,4888,43021904,6151750,74914,678,"",0.88,0.91,0.91,0.91,0.91,1.03,1.00,1.00,"",-5,-1.2,-63,-1.3,67,1.4,-8,-0.2,1516221,3.7,-647058,-9.5,-37991,-33.6,24,3.7
"29119","0","10","70","0","2017","4","",413,7397,7376,7299,64736284,10362218,87599,677,"",1.00,1.00,1.00,1.00,1.00,1.00,1.00,1.00,"",12,3.0,252,3.5,305,4.3,188,2.6,5754614,9.8,1184323,12.9,-35129,-28.6,39,6.1
"29119","1","10","71","0","2017","4","",12,85,87,86,1154719,0,0,1033,"",4.84,0.60,0.62,0.61,0.65,0.00,0.00,1.07,"",0,0.0,-1,-1.2,2,2.4,-3,-3.4,32446,2.9,0,0.0,0,0.0,37,3.7
"29119","2","10","71","0","2017","4","",5,25,26,27,209202,0,0,619,"",1.73,0.11,0.11,0.12,0.10,0.00,0.00,0.90,"",-1,-16.7,-8,-24.2,-7,-21.2,-6,-18.2,-53994,-20.5,0,0.0,0,0.0,5,0.8
"29119","3","10","71","0","2017","4","",33,911,906,891,6929953,289820,2055,591,"",4.70,1.24,1.24,1.23,1.24,1.41,4.46,1.01,"",0,0.0,-18,-1.9,-28,-3.0,-46,-4.9,-69597,-1.0,71863,33.0,-327,-13.7,14,2.4
"29119","5","10","71","0","2017","4","",363,6376,6357,6295,56442410,10072398,85544,685,"",0.91,1.01,1.01,1.01,1.02,1.00,0.98,1.01,"",13,3.7,279,4.6,338,5.6,243,4.0,5845759,11.6,1112460,12.4,-34802,-28.9,42,6.5
"29121","0","10","70","0","2017","4","",445,5125,5105,5172,42440160,4344845,55068,636,"",1.00,1.00,1.00,1.00,1.00,1.00,1.00,1.00,"",14,3.2,-87,-1.7,-137,-2.6,-36,-0.7,-1156549,-2.7,-16703,-0.4,-42180,-43.4,-6,-0.9
"29121","1","10","71","0","2017","4","",13,70,62,63,766249,0,0,907,"",4.87,0.71,0.63,0.63,0.66,0.00,0.00,1.00,"",0,0.0,7,11.1,-6,-8.8,-5,-7.4,63116,9.0,0,0.0,0,0.0,92,11.3
"29121","2","10","71","0","2017","4","",10,329,328,330,3976741,0,0,930,"",3.21,2.00,2.01,2.00,2.87,0.00,0.00,1.43,"",0,0.0,-4,-1.2,-5,-1.5,2,0.6,199696,5.3,0,0.0,0,0.0,53,6.0
"29121","3","10","71","0","2017","4","",45,1231,1217,1247,9186632,25723,210,574,"",5.95,2.42,2.40,2.44,2.52,0.30,0.72,1.04,"",0,0.0,-48,-3.8,-56,-4.4,2,0.2,103802,1.1,-12209,-32.2,-584,-73.6,22,4.0
"29121","5","10","71","0","2017","4","",377,3495,3498,3532,28510538,4319122,54858,625,"",0.87,0.80,0.81,0.80,0.79,1.03,1.00,0.98,"",14,3.9,-42,-1.2,-70,-2.0,-35,-1.0,-1523163,-5.1,-4494,-0.1,-41596,-43.1,-24,-3.7
"29123","0","10","70","0","2017","4","",397,3656,3610,3646,27626392,4370879,50286,584,"",1.00,1.00,1.00,1.00,1.00,1.00,1.00,1.00,"",11,2.8,-45,-1.2,-50,-1.4,-25,-0.7,900989,3.4,85672,2.0,-20059,-28.5,25,4.5
"29123","1","10","71","0","2017","4","",3,35,35,39,449336,0,0,951,"",1.26,0.50,0.51,0.56,0.59,0.00,0.00,1.14,"",0,0.0,-2,-5.4,-1,-2.8,2,5.4,-3588,-0.8,0,0.0,0,0.0,1,0.1
"29123","2","10","71","0","2017","4","",7,44,43,43,369923,0,0,657,"",2.52,0.37,0.37,0.37,0.41,0.00,0.00,1.10,"",0,0.0,0,0.0,-1,-2.3,-1,-2.3,6158,1.7,0,0.0,0,0.0,21,3.3
"29123","3","10","71","0","2017","4","",19,822,822,825,6587427,104195,1039,616,"",2.82,2.27,2.29,2.29,2.77,1.20,3.93,1.22,"",0,0.0,14,1.7,28,3.5,24,3.0,138340,2.1,13454,14.8,-457,-30.5,-3,-0.5
"29123","5","10","71","0","2017","4","",368,2755,2710,2739,20219706,4266684,49247,569,"",0.96,0.89,0.88,0.88,0.86,1.01,0.99,0.97,"",11,3.1,-57,-2.0,-76,-2.7,-50,-1.8,760079,3.9,72218,1.7,-19602,-28.5,34,6.4
"29125","0","10","70","0","2017","4","",155,1243,1244,1271,9196579,1179367,17407,565,"",1.00,1.00,1.00,1.00,1.00,1.00,1.00,1.00,"",-4,-2.5,1,0.1,-4,-0.3,21,1.7,431479,4.9,-55152,-4.5,-4663,-21.1,24,4.4
"29125","1","10","71","0","2017","4","",3,10,10,11,121290,0,0,903,"",3.23,0.42,0.42,0.45,0.48,0.00,0.00,1.12,"",0,0.0,0,0.0,0,0.0,0,0.0,7326,6.4,0,0.0,0,0.0,55,6.5
"29125","2","10","71","0","2017","4","",3,24,24,24,221152,0,0,709,"",2.76,0.60,0.60,0.59,0.74,0.00,0.00,1.23,"",0,0.0,0,0.0,-1,-4.0,0,0.0,112,0.1,0,0.0,0,0.0,10,1.4
"29125","3","10","71","0","2017","4","",16,333,337,342,1968949,67467,835,449,"",6.07,2.70,2.73,2.72,2.49,2.89,9.11,0.92,"",0,0.0,-12,-3.5,-9,-2.6,-1,-0.3,-1308,-0.1,-43561,-39.2,-1049,-55.7,9,2.0
"29125","5","10","71","0","2017","4","",133,876,873,894,6885188,1111900,16572,601,"",0.88,0.83,0.83,0.83,0.88,0.97,0.96,1.06,"",-4,-2.9,13,1.5,6,0.7,22,2.5,425349,6.6,-11591,-1.0,-3614,-17.9,28,4.9
"29127","0","10","70","0","2017","4","",971,13416,13687,13691,126046877,13963832,177447,713,"",1.00,1.00,1.00,1.00,1.00,1.00,1.00,1.00,"",42,4.5,-334,-2.4,-378,-2.7,-189,-1.4,2589014,2.1,26015,0.2,-74412,-29.5,30,4.4
"29127","1","10","71","0","2017","4","",11,100,100,97,1565449,0,0,1216,"",1.89,0.39,0.38,0.37,0.45,0.00,0.00,1.19,"",0,0.0,-3,-2.9,-6,-5.7,-9,-8.5,96397,6.6,0,0.0,0,0.0,140,13.0
"29127","2","10","71","0","2017","4","",17,292,294,302,2884663,0,0,750,"",2.50,0.68,0.67,0.69,0.70,0.00,0.00,1.03,"",0,0.0,-2,-0.7,-2,-0.7,8,2.7,156974,5.8,0,0.0,0,0.0,38,5.3
"29127","3","10","71","0","2017","4","",46,1472,1454,1492,11809786,85561,307,617,"",2.79,1.11,1.07,1.10,1.09,0.31,0.33,1.00,"",0,0.0,-119,-7.5,-212,-12.7,-58,-3.7,-147763,-1.2,24610,40.4,-128,-29.4,43,7.5
"29127","5","10","71","0","2017","4","",897,11552,11839,11800,109786979,13878271,177140,720,"",0.95,1.01,1.02,1.01,1.02,1.03,1.00,1.00,"",42,4.9,-210,-1.8,-158,-1.3,-130,-1.1,2483406,2.3,1405,0.0,-74284,-29.5,26,3.7
"29129","0","10","70","0","2017","4","",104,1693,1696,1738,15701872,1473162,10143,707,"",1.00,1.00,1.00,1.00,1.00,1.00,1.00,1.00,"",-2,-1.9,-63,-3.6,-39,-2.2,-13,-0.7,6387,0.0,-223134,-13.2,-5579,-35.5,16,2.3
"29129","1","10","71","0","2017","4","",5,29,28,29,341392,0,0,916,"",8.02,0.89,0.86,0.87,0.79,0.00,0.00,0.91,"",0,0.0,0,0.0,-1,-3.4,0,0.0,17849,5.5,0,0.0,0,0.0,58,6.8
"29129","2","10","71","0","2017","4","",4,21,21,21,178403,0,0,653,"",5.49,0.39,0.39,0.38,0.35,0.00,0.00,0.91,"",0,0.0,1,5.0,1,5.0,1,5.0,14486,8.8,0,0.0,0,0.0,23,3.7
"29129","3","10","71","0","2017","4","",21,217,224,234,1513292,37237,214,517,"",11.88,1.29,1.33,1.36,1.12,1.28,4.01,0.84,"",0,0.0,-17,-7.3,1,0.4,6,2.6,46412,3.2,-9913,-21.0,-167,-43.8,23,4.7
"29129","5","10","71","0","2017","4","",74,1426,1423,1454,13668785,1435925,9929,733,"",0.73,0.99,0.99,0.98,1.02,1.01,0.99,1.03,"",-2,-2.6,-47,-3.2,-40,-2.7,-20,-1.4,-72360,-0.5,-213221,-12.9,-5412,-35.3,14,1.9
"29131","0","10","70","0","2017","4","",650,7087,7038,6992,56402879,8621231,125557,616,"",1.00,1.00,1.00,1.00,1.00,1.00,1.00,1.00,"",41,6.7,166,2.4,130,1.9,105,1.5,2905224,5.4,642514,8.1,-48462,-27.8,20,3.4
"29131","1","10","71","0","2017","4","",9,42,43,43,495703,0,0,894,"",2.31,0.31,0.32,0.32,0.32,0.00,0.00,1.01,"",0,0.0,-3,-6.7,-2,-4.4,-3,-6.5,-22780,-4.4,0,0.0,0,0.0,14,1.6
"29131","2","10","71","0","2017","4","",11,122,111,109,852889,0,0,575,"",2.42,0.54,0.49,0.49,0.46,0.00,0.00,0.92,"",1,10.0,-4,-3.2,-15,-11.9,-14,-11.4,-31197,-3.5,0,0.0,0,0.0,31,5.7
"29131","3","10","71","0","2017","4","",42,1417,1421,1415,10692322,302285,2595,580,"",3.80,2.02,2.03,2.04,2.20,1.77,3.93,1.09,"",-1,-2.3,4,0.3,-1,-0.1,1,0.1,111652,1.1,213154,239.1,1297,99.9,5,0.9
"29131","5","10","71","0","2017","4","",588,5506,5463,5425,44361965,8318946,122962,624,"",0.93,0.91,0.91,0.91,0.92,1.00,0.99,1.01,"",41,7.5,169,3.2,148,2.8,121,2.3,2847549,6.9,429360,5.4,-49759,-28.8,24,4.0
"29133","0","10","70","0","2017","4","",545,3766,3797,3770,29422477,4098858,60942,599,"",1.00,1.00,1.00,1.00,1.00,1.00,1.00,1.00,"",18,3.4,-127,-3.3,-92,-2.4,-91,-2.4,-1186676,-3.9,-708174,-14.7,-43138,-41.4,-8,-1.3
"29133","1","10","71","0","2017","4","",8,18,15,15,196876,0,0,947,"",2.45,0.25,0.21,0.21,0.24,0.00,0.00,1.11,"",0,0.0,2,12.5,0,0.0,-2,-11.8,33555,20.5,0,0.0,0,0.0,162,20.6
"29133","2","10","71","0","2017","4","N",6,0,0,0,0,0,0,0,"N",1.57,0,0,0,0,0,0,0,"N",0,0.0,0,0,0,0,0,0,0,0,0,0,0,0,0,0
"29133","3","10","71","0","2017","4","N",34,0,0,0,0,0,0,0,"N",3.67,0,0,0,0,0,0,0,"N",0,0.0,0,0,0,0,0,0,0,0,0,0,0,0,0,0
"29133","5","10","71","0","2017","4","",497,2721,2739,2721,21399152,3888380,58858,604,"",0.94,0.85,0.85,0.85,0.85,0.98,0.97,1.00,"",18,3.8,-89,-3.2,-64,-2.3,-61,-2.2,-850478,-3.8,-754983,-16.3,-41637,-41.4,-8,-1.3
"29135","0","10","70","0","2017","4","",365,4035,4045,4021,34451315,3987753,54432,657,"",1.00,1.00,1.00,1.00,1.00,1.00,1.00,1.00,"",4,1.1,-48,-1.2,-29,-0.7,-29,-0.7,1980303,6.1,172335,4.5,-25971,-32.3,43,7.0
"29135","1","10","71","0","2017","4","",11,44,46,47,608019,0,0,1024,"",5.02,0.57,0.59,0.61,0.64,0.00,0.00,1.09,"",0,0.0,-8,-15.4,-1,-2.1,-4,-7.8,-5719,-0.9,0,0.0,0,0.0,80,8.5
"29135","2","10","71","0","2017","4","N",6,0,0,0,0,0,0,0,"N",2.35,0,0,0,0,0,0,0,"N",0,0.0,0,0,0,0,0,0,0,0,0,0,0,0,0,0
"29135","3","10","71","0","2017","4","N",23,0,0,0,0,0,0,0,"N",3.71,0,0,0,0,0,0,0,"N",-1,-4.2,0,0,0,0,0,0,0,0,0,0,0,0,0,0
"29135","5","10","71","0","2017","4","",325,2945,2954,2948,25857376,3856699,53300,674,"",0.92,0.86,0.86,0.86,0.88,1.00,0.99,1.02,"",5,1.6,-10,-0.3,7,0.2,23,0.8,1671593,6.9,197410,5.4,-25268,-32.2,42,6.6
"29137","0","10","70","0","2017","4","",261,1924,1898,1877,14522852,1670743,17799,588,"",1.00,1.00,1.00,1.00,1.00,1.00,1.00,1.00,"",9,3.6,-122,-6.0,-115,-5.7,-126,-6.3,-816205,-5.3,-211843,-11.3,-3245,-15.4,4,0.7
"29137","1","10","71","0","2017","4","",10,67,66,67,912179,0,0,1053,"",6.39,1.81,1.82,1.85,2.29,0.00,0.00,1.25,"",0,0.0,-5,-6.9,-4,-5.7,-14,-17.3,18707,2.1,0,0.0,0,0.0,128,13.8
"29137","2","10","71","0","2017","4","",8,44,42,42,322736,0,0,582,"",4.37,0.71,0.69,0.70,0.68,0.00,0.00,0.97,"",0,0.0,-4,-8.3,-5,-10.6,-4,-8.7,-2926,-0.9,0,0.0,0,0.0,49,9.2
"29137","3","10","71","0","2017","4","",41,602,595,606,4090497,128617,288,524,"",9.24,3.16,3.16,3.26,3.28,3.89,3.07,1.03,"",0,0.0,-4,-0.7,-5,-0.8,-4,-0.7,118966,3.0,4047,3.2,-338,-54.0,19,3.8
"29137","5","10","71","0","2017","4","",202,1211,1195,1162,9197440,1542126,17511,595,"",0.80,0.74,0.74,0.73,0.74,0.95,0.99,1.01,"",9,4.7,-109,-8.3,-101,-7.8,-104,-8.2,-950952,-9.4,-215890,-12.3,-2907,-14.2,-8,-1.3
"29139","0","10","70","0","2017","4","",326,2865,2853,2828,24342543,2971033,44063,657,"",1.00,1.00,1.00,1.00,1.00,1.00,1.00,1.00,"",-6,-1.8,-46,-1.6,-33,-1.1,-59,-2.0,946847,4.0,-682097,-18.7,-33352,-43.1,35,5.6
"29139","1","10","71","0","2017","4","",10,49,49,44,538570,0,0,875,"",5.11,0.89,0.90,0.81,0.80,0.00,0.00,0.93,"",0,0.0,0,0.0,4,8.9,-3,-6.4,54984,11.4,0,0.0,0,0.0,84,10.6
"29139","2","10","71","0","2017","4","",8,84,83,82,645315,0,0,598,"",3.50,0.91,0.91,0.91,0.81,0.00,0.00,0.89,"",1,14.3,-7,-7.7,-8,-8.8,-8,-8.9,-48016,-6.9,0,0.0,0,0.0,10,1.7
"29139","3","10","71","0","2017","4","",31,514,520,517,3995646,243343,1664,595,"",5.59,1.81,1.84,1.85,1.91,4.14,7.18,1.04,"",-1,-3.1,-2,-0.4,-1,-0.2,-4,-0.8,97179,2.5,46453,23.6,-853,-33.9,18,3.1
"29139","5","10","71","0","2017","4","",277,2218,2201,2185,19163012,2727690,42399,670,"",0.88,0.91,0.91,0.91,0.92,0.95,0.97,1.01,"",-6,-2.1,-37,-1.6,-28,-1.3,-44,-2.0,842700,4.6,-728550,-21.1,-32499,-43.4,40,6.3
"29141","0","10","70","0","2017","4","",553,4280,4191,4191,30203142,4867035,71850,550,"",1.00,1.00,1.00,1.00,1.00,1.00,1.00,1.00,"",35,6.8,112,2.7,68,1.6,75,1.8,1718877,6.0,507788,11.6,-17509,-19.6,20,3.8
"29141","1","10","71","0","2017","4","",7,39,39,40,435172,0,0,851,"",2.11,0.47,0.49,0.50,0.52,0.00,0.00,1.08,"",0,0.0,-1,-2.5,1,2.6,0,0.0,-3388,-0.8,0,0.0,0,0.0,-7,-0.8
"29141","2","10","71","0","2017","4","",7,46,47,46,399894,0,0,664,"",1.81,0.33,0.35,0.34,0.41,0.00,0.00,1.18,"",0,0.0,4,9.5,5,11.9,4,9.5,46457,13.1,0,0.0,0,0.0,17,2.6
"29141","3","10","71","0","2017","4","",28,984,1005,1023,6372969,326575,2024,488,"",2.98,2.32,2.41,2.47,2.45,3.39,5.35,1.02,"",1,3.7,33,3.5,43,4.5,39,4.0,278909,4.6,46726,16.7,-618,-23.4,3,0.6
"29141","5","10","71","0","2017","4","",511,3211,3100,3082,22995107,4540460,69826,565,"",0.95,0.88,0.87,0.87,0.89,0.96,0.98,1.02,"",34,7.1,76,2.4,19,0.6,32,1.0,1396899,6.5,461062,11.3,-16891,-19.5,27,5.0
"29143","0","10","70","0","2017","4","",747,6712,6729,6736,59104677,8474111,156934,676,"",1.00,1.00,1.00,1.00,1.00,1.00,1.00,1.00,"",58,8.4,111,1.7,95,1.4,105,1.6,2989176,5.3,352357,4.3,-28683,-15.5,24,3.7
"29143","1","10","71","0","2017","4","",16,41,41,42,507419,0,0,944,"",3.57,0.32,0.32,0.32,0.31,0.00,0.00,0.98,"",0,0.0,1,2.5,0,0.0,-5,-10.6,4209,0.8,0,0.0,0,0.0,37,4.1
"29143","2","10","71","0","2017","4","",11,121,118,117,884499,0,0,573,"",2.10,0.56,0.55,0.54,0.46,0.00,0.00,0.83,"",0,0.0,0,0.0,-2,-1.7,-2,-1.7,23202,2.7,0,0.0,0,0.0,21,3.8
"29143","3","10","71","0","2017","4","",49,868,866,871,6773730,208373,2843,600,"",3.86,1.31,1.30,1.31,1.33,1.24,3.44,1.02,"",-3,-5.8,21,2.5,9,1.1,27,3.2,3459,0.1,-31289,-13.1,-131,-4.4,-13,-2.1
"29143","5","10","71","0","2017","4","",671,5682,5704,5706,50939029,8265738,154091,688,"",0.93,1.00,1.00,1.00,1.01,1.01,0.99,1.01,"",61,10.0,89,1.6,88,1.6,85,1.5,2958306,6.2,383646,4.9,-28552,-15.6,30,4.6
"29145","0","10","70","0","2017","4","",1309,17065,17023,16970,152853046,18864811,213111,691,"",1.00,1.00,1.00,1.00,1.00,1.00,1.00,1.00,"",65,5.2,81,0.5,-21,-0.1,17,0.1,4113480,2.8,746077,4.1,-68093,-24.2,18,2.7
"29145","1","10","71","0","2017","4","",17,124,127,135,1705462,0,0,1020,"",2.17,0.38,0.39,0.41,0.41,0.00,0.00,1.03,"",0,0.0,-12,-8.8,-15,-10.6,-5,-3.6,-90157,-5.0,0,0.0,0,0.0,29,2.9
"29145","2","10","71","0","2017","4","",8,92,90,95,759557,0,0,633,"",0.87,0.17,0.17,0.18,0.15,0.00,0.00,0.90,"",0,0.0,-9,-8.9,-12,-11.8,-4,-4.0,-55062,-6.8,0,0.0,0,0.0,11,1.8
"29145","3","10","71","0","2017","4","",65,2605,2599,2591,19471447,254100,1091,576,"",2.92,1.54,1.54,1.54,1.48,0.68,0.97,0.96,"",1,1.6,-22,-0.8,-58,-2.2,-59,-2.2,-257433,-1.3,-14727,-5.5,-480,-30.6,2,0.3
"29145","5","10","71","0","2017","4","",1219,14244,14207,14149,130916580,18610711,212020,709,"",0.96,0.98,0.98,0.98,1.00,1.02,1.00,1.02,"",64,5.5,124,0.9,64,0.5,85,0.6,4516132,3.6,760804,4.3,-67613,-24.2,20,2.9
"29147","0","10","70","0","2017","4","",572,7668,7683,7741,70690030,6899547,81508,706,"",1.00,1.00,1.00,1.00,1.00,1.00,1.00,1.00,"",9,1.6,-27,-0.4,-32,-0.4,56,0.7,3872180,5.8,1308995,23.4,-1324,-1.6,38,5.7
"29147","1","10","71","0","2017","4","",20,82,81,80,961325,0,0,913,"",5.83,0.56,0.55,0.54,0.49,0.00,0.00,0.90,"",0,0.0,1,1.2,-5,-5.8,-3,-3.6,34556,3.7,0,0.0,0,0.0,58,6.8
"29147","2","10","71","0","2017","4","",10,1103,1104,1107,11618748,0,0,809,"",2.50,4.48,4.49,4.48,5.03,0.00,0.00,1.12,"",0,0.0,-34,-3.0,-34,-3.0,-28,-2.5,-333339,-2.8,0,0.0,0,0.0,0,0.0
"29147","3","10","71","0","2017","4","",63,969,954,981,6368209,172743,669,506,"",6.48,1.28,1.25,1.28,1.05,1.26,1.56,0.83,"",0,0.0,-14,-1.4,-21,-2.2,1,0.1,-5366,-0.1,10243,6.3,-135,-16.8,5,1.0
"29147","5","10","71","0","2017","4","",479,5514,5544,5573,51741748,6726804,80839,718,"",0.86,0.85,0.85,0.85,0.86,1.01,1.00,1.01,"",9,1.9,20,0.4,28,0.5,86,1.6,4176329,8.8,1298752,23.9,-1189,-1.4,53,8.0
"29149","0","10","70","0","2017","4","",271,2313,2309,2301,15314222,2904038,30750,510,"",1.00,1.00,1.00,1.00,1.00,1.00,1.00,1.00,"",12,4.6,-52,-2.2,-92,-3.8,-70,-3.0,265782,1.8,-508465,-14.9,-27107,-46.9,23,4.7
"29149","1","10","71","0","2017","4","",6,28,30,31,322250,0,0,836,"",3.69,0.63,0.68,0.70,0.77,0.00,0.00,1.15,"",0,0.0,-3,-9.7,-5,-14.3,-3,-8.8,-9287,-2.8,0,0.0,0,0.0,71,9.3
"29149","2","10","71","0","2017","4","",7,28,28,28,228855,0,0,629,"",3.69,0.38,0.38,0.38,0.46,0.00,0.00,1.21,"",0,0.0,1,3.7,1,3.7,1,3.7,7722,3.5,0,0.0,0,0.0,-1,-0.2
"29149","3","10","71","0","2017","4","",20,522,523,521,3384643,118635,1274,499,"",4.34,2.28,2.28,2.29,2.57,2.06,7.87,1.13,"",1,5.3,5,1.0,10,1.9,11,2.2,133487,4.1,-11307,-8.7,-532,-29.5,12,2.5
"29149","5","10","71","0","2017","4","",238,1735,1728,1721,11378474,2785403,29476,507,"",0.91,0.88,0.88,0.88,0.87,0.99,0.96,0.99,"",11,4.8,-55,-3.1,-98,-5.4,-79,-4.4,133860,1.2,-497158,-15.1,-26575,-47.4,28,5.8
"29151","0","10","70","0","2017","4","",288,3804,3817,3829,34644742,4147605,47130,698,"",1.00,1.00,1.00,1.00,1.00,1.00,1.00,1.00,"",-2,-0.7,146,4.0,128,3.5,84,2.2,1722051,5.2,221507,5.6,-19768,-29.5,13,1.9
"29151","1","10","71","0","2017","4","",10,25,25,25,305639,0,0,940,"",5.79,0.34,0.34,0.34,0.32,0.00,0.00,0.94,"",0,0.0,-4,-13.8,-3,-10.7,-5,-16.7,18191,6.3,0,0.0,0,0.0,178,23.4
"29151","2","10","71","0","2017","4","N",6,0,0,0,0,0,0,0,"N",2.97,0,0,0,0,0,0,0,"N",0,0.0,0,0,0,0,0,0,0,0,0,0,0,0,0,0
"29151","3","10","71","0","2017","4","N",15,0,0,0,0,0,0,0,"N",3.06,0,0,0,0,0,0,0,"N",0,0.0,0,0,0,0,0,0,0,0,0,0,0,0,0,0
"29151","5","10","71","0","2017","4","",257,3049,3060,3077,28833470,4045134,46222,724,"",0.92,0.94,0.94,0.95,0.97,1.01,0.99,1.03,"",-2,-0.8,152,5.2,125,4.3,94,3.2,1558342,5.7,205084,5.3,-20077,-30.3,10,1.4
"29153","0","10","70","0","2017","4","",224,1557,1493,1477,9443897,1663631,24124,481,"",1.00,1.00,1.00,1.00,1.00,1.00,1.00,1.00,"",0,0.0,-1,-0.1,-78,-5.0,-27,-1.8,-18076,-0.2,-32220,-1.9,-12846,-34.7,10,2.1
"29153","1","10","71","0","2017","4","",9,13,12,12,98373,0,0,614,"",6.70,0.43,0.42,0.42,0.38,0.00,0.00,0.89,"",0,0.0,1,8.3,0,0.0,0,0.0,11412,13.1,0,0.0,0,0.0,57,10.2
"29153","2","10","71","0","2017","4","",6,38,38,36,319333,0,0,658,"",3.82,0.76,0.79,0.76,1.04,0.00,0.00,1.34,"",0,0.0,-5,-11.6,-6,-13.6,-7,-16.3,-29632,-8.5,0,0.0,0,0.0,39,6.3
"29153","3","10","71","0","2017","4","",15,424,432,438,2641845,112266,331,471,"",3.94,2.75,2.91,3.00,3.25,3.41,2.61,1.13,"",0,0.0,-3,-0.7,0,0.0,9,2.1,-11553,-0.4,-242,-0.2,-109,-24.8,-4,-0.8
"29153","5","10","71","0","2017","4","",194,1082,1011,991,6384346,1551365,23793,478,"",0.89,0.82,0.80,0.79,0.79,0.96,0.99,0.99,"",0,0.0,6,0.6,-72,-6.6,-29,-2.8,11697,0.2,-31978,-2.0,-12737,-34.9,15,3.2
"29155","0","10","70","0","2017","4","",862,5419,5393,5295,39180755,6199523,109259,561,"",1.00,1.00,1.00,1.00,1.00,1.00,1.00,1.00,"",89,11.5,-584,-9.7,-592,-9.9,-612,-10.4,-5754361,-12.8,-669298,-9.7,-43667,-28.6,-18,-3.1
"29155","1","10","71","0","2017","4","",11,46,46,47,613051,0,0,1018,"",2.13,0.44,0.45,0.46,0.57,0.00,0.00,1.27,"",0,0.0,0,0.0,-2,-4.2,-2,-4.1,66136,12.1,0,0.0,0,0.0,135,15.3
"29155","2","10","71","0","2017","4","",10,113,110,109,895286,0,0,622,"",1.66,0.65,0.64,0.65,0.70,0.00,0.00,1.09,"",0,0.0,-3,-2.6,-6,-5.2,-6,-5.2,2910,0.3,0,0.0,0,0.0,29,4.9
"29155","3","10","71","0","2017","4","",59,1299,1305,1289,10372128,326423,3574,615,"",4.03,2.42,2.44,2.46,3.08,2.66,6.22,1.26,"",0,0.0,-70,-5.1,-71,-5.2,-79,-5.8,-282335,-2.6,-3326,-1.0,-2565,-41.8,17,2.8
"29155","5","10","71","0","2017","4","",782,3961,3932,3850,27300290,5873100,105685,536,"",0.94,0.86,0.86,0.86,0.82,0.98,0.97,0.95,"",89,12.8,-511,-11.4,-513,-11.5,-525,-12.0,-5541072,-16.9,-665972,-10.2,-41102,-28.0,-34,-6.0
"29157","0","10","70","0","2017","4","",571,9717,9680,9840,99320969,9806929,117048,784,"",1.00,1.00,1.00,1.00,1.00,1.00,1.00,1.00,"",10,1.8,-52,-0.5,-60,-0.6,106,1.1,5655034,6.0,-430659,-4.2,-58036,-33.1,45,6.1
"29157","1","10","71","0","2017","4","",7,50,45,45,592782,0,0,977,"",2.04,0.27,0.24,0.24,0.22,0.00,0.00,0.87,"",0,0.0,4,8.7,-6,-11.8,-1,-2.2,27491,4.9,0,0.0,0,0.0,65,7.1
"29157","2","10","71","0","2017","4","",4,22,25,22,183364,0,0,613,"",1.00,0.07,0.08,0.07,0.06,0.00,0.00,0.77,"",-1,-20.0,1,4.8,4,19.0,1,4.8,7983,4.6,0,0.0,0,0.0,-29,-4.5
"29157","3","10","71","0","2017","4","",31,1275,1280,1322,12401798,119545,670,738,"",3.19,1.32,1.33,1.36,1.45,0.62,1.09,1.09,"",-1,-3.1,71,5.9,91,7.7,93,7.6,1490339,13.7,8904,8.0,-334,-33.3,43,6.2
"29157","5","10","71","0","2017","4","",529,8370,8330,8451,86143025,9687384,116378,790,"",0.96,1.01,1.01,1.01,1.02,1.02,1.00,1.00,"",12,2.3,-128,-1.5,-149,-1.8,13,0.2,4129221,5.0,-439563,-4.3,-57702,-33.1,45,6.0
"29159","0","10","70","0","2017","4","",1256,19651,19561,19628,170629415,20362749,275359,669,"",1.00,1.00,1.00,1.00,1.00,1.00,1.00,1.00,"",61,5.1,163,0.8,166,0.9,214,1.1,1045111,0.6,-860237,-4.1,-144438,-34.4,-2,-0.3
"29159","1","10","71","0","2017","4","",13,132,136,135,1820724,0,0,1043,"",1.73,0.35,0.36,0.36,0.39,0.00,0.00,1.09,"",0,0.0,2,1.5,-1,-0.7,-1,-0.7,-7959,-0.4,0,0.0,0,0.0,-4,-0.4
"29159","2","10","71","0","2017","4","",16,231,197,198,1571488,0,0,579,"",1.82,0.37,0.31,0.32,0.28,0.00,0.00,0.85,"",0,0.0,34,17.3,-1,-0.5,6,3.1,125047,8.6,0,0.0,0,0.0,10,1.8
"29159","3","10","71","0","2017","4","",61,3155,3193,3185,29062200,108239,1044,704,"",2.86,1.62,1.64,1.64,1.98,0.27,0.72,1.21,"",0,0.0,75,2.4,124,4.0,103,3.3,1330037,4.8,7159,7.1,-99,-8.7,11,1.6
"29159","5","10","71","0","2017","4","",1166,16133,16035,16110,138175003,20254510,274315,660,"",0.96,0.97,0.96,0.97,0.95,1.03,1.00,0.98,"",61,5.5,52,0.3,44,0.3,106,0.7,-402014,-0.3,-867396,-4.1,-144339,-34.5,-5,-0.8
"29161","0","10","70","0","2017","4","",1209,18465,18488,18393,182202087,17736454,205793,760,"",1.00,1.00,1.00,1.00,1.00,1.00,1.00,1.00,"",24,2.0,107,0.6,34,0.2,74,0.4,5164925,2.9,-785082,-4.2,-68165,-24.9,19,2.6
"29161","1","10","71","0","2017","4","",15,327,325,327,5820045,0,0,1372,"",2.07,0.92,0.92,0.92,1.16,0.00,0.00,1.26,"",0,0.0,-7,-2.1,-9,-2.7,-7,-2.1,119162,2.1,0,0.0,0,0.0,59,4.5
"29161","2","10","71","0","2017","4","",19,2233,2247,2230,29129180,0,0,1002,"",2.24,3.77,3.79,3.80,4.90,0.00,0.00,1.29,"",0,0.0,-16,-0.7,-27,-1.2,-31,-1.4,368478,1.3,0,0.0,0,0.0,24,2.5
"29161","3","10","71","0","2017","4","",41,3110,3108,3157,31729818,128066,774,781,"",2.00,1.70,1.69,1.73,2.03,0.36,0.71,1.18,"",-1,-2.4,51,1.7,22,0.7,80,2.6,1303188,4.3,-36813,-22.3,-1170,-60.2,20,2.6
"29161","5","10","71","0","2017","4","",1134,12795,12808,12679,115523044,17608388,205019,696,"",0.97,0.82,0.82,0.81,0.74,1.03,1.00,0.91,"",25,2.3,79,0.6,48,0.4,32,0.3,3374097,3.0,-748269,-4.1,-66995,-24.6,17,2.5
"29163","0","10","70","0","2017","4","",493,5739,5787,5771,48175174,5425848,66067,643,"",1.00,1.00,1.00,1.00,1.00,1.00,1.00,1.00,"",10,2.1,-264,-4.4,-256,-4.2,-263,-4.4,-1755431,-3.5,-2004025,-27.0,-77611,-54.0,6,0.9
"29163","1","10","71","0","2017","4","",11,61,66,61,882145,0,0,1083,"",3.72,0.55,0.60,0.55,0.67,0.00,0.00,1.18,"",0,0.0,-2,-3.2,3,4.8,-5,-7.6,72135,8.9,0,0.0,0,0.0,109,11.2
"29163","2","10","71","0","2017","4","N",9,0,0,0,0,0,0,0,"N",2.61,0,0,0,0,0,0,0,"N",0,0.0,0,0,0,0,0,0,0,0,0,0,0,0,0,0
"29163","3","10","71","0","2017","4","N",36,0,0,0,0,0,0,0,"N",4.30,0,0,0,0,0,0,0,"N",-1,-2.7,0,0,0,0,0,0,0,0,0,0,0,0,0,0
"29163","5","10","71","0","2017","4","",437,3988,4021,4012,33369540,5301710,65004,641,"",0.91,0.82,0.82,0.82,0.81,1.01,0.99,0.99,"",11,2.6,-254,-6.0,-259,-6.1,-244,-5.7,-2530681,-7.0,-1987907,-27.3,-76711,-54.1,-7,-1.1
"29165","0","10","70","0","2017","4","",2722,45449,46062,45901,517005341,57426704,789502,868,"",1.00,1.00,1.00,1.00,1.00,1.00,1.00,1.00,"",58,2.2,157,0.3,598,1.3,318,0.7,9135035,1.8,834246,1.5,-293180,-27.1,8,0.9
"29165","1","10","71","0","2017","4","",24,688,685,690,13961454,0,0,1562,"",1.47,0.79,0.78,0.78,0.98,0.00,0.00,1.26,"",0,0.0,-45,-6.1,-55,-7.4,-65,-8.6,-566486,-3.9,0,0.0,0,0.0,57,3.8
"29165","2","10","71","0","2017","4","",8,69,69,64,539287,0,0,616,"",0.42,0.05,0.05,0.04,0.03,0.00,0.00,0.70,"",1,14.3,-6,-8.0,-7,-9.2,-8,-11.1,28212,5.5,0,0.0,0,0.0,87,16.4
"29165","3","10","71","0","2017","4","",82,4019,4011,3994,40817084,284010,2011,783,"",1.77,0.89,0.88,0.88,0.92,0.25,0.48,1.04,"",1,1.2,26,0.7,28,0.7,5,0.1,1038327,2.6,2386,0.8,-486,-19.5,16,2.1
"29165","5","10","71","0","2017","4","",2608,40673,41297,41153,461687516,57142694,787491,865,"",0.99,1.05,1.06,1.05,1.05,1.03,1.00,0.99,"",56,2.2,182,0.4,632,1.6,386,0.9,8634982,1.9,831860,1.5,-292694,-27.1,7,0.8
"29167","0","10","70","0","2017","4","",714,8430,8460,8478,74457415,8047062,96618,677,"",1.00,1.00,1.00,1.00,1.00,1.00,1.00,1.00,"",42,6.2,250,3.1,285,3.5,266,3.2,3505653,4.9,1214,0.0,-51531,-34.8,11,1.7
"29167","1","10","71","0","2017","4","",15,68,74,68,886757,0,0,974,"",3.50,0.42,0.46,0.42,0.43,0.00,0.00,1.01,"",1,7.1,-3,-4.2,0,0.0,-3,-4.2,62365,7.6,0,0.0,0,0.0,93,10.6
"29167","2","10","71","0","2017","4","",7,91,99,97,826153,0,0,664,"",1.40,0.34,0.37,0.36,0.34,0.00,0.00,0.96,"",0,0.0,0,0.0,7,7.6,6,6.6,51935,6.7,0,0.0,0,0.0,12,1.8
"29167","3","10","71","0","2017","4","",40,2413,2388,2400,26405888,64612,789,846,"",3.30,2.89,2.84,2.86,4.12,0.41,1.55,1.44,"",2,5.3,117,5.1,111,4.9,127,5.6,1082772,4.3,-19249,-23.0,-552,-41.2,-8,-0.9
"29167","5","10","71","0","2017","4","",652,5858,5899,5913,46338617,7982450,95829,605,"",0.94,0.82,0.82,0.82,0.73,1.03,1.00,0.89,"",39,6.4,136,2.4,167,2.9,136,2.4,2308581,5.2,20463,0.3,-50979,-34.7,15,2.5
"29169","0","10","70","0","2017","4","",858,13111,13236,12944,119986063,12108313,154443,705,"",1.00,1.00,1.00,1.00,1.00,1.00,1.00,1.00,"",18,2.1,72,0.6,108,0.8,-155,-1.2,4848373,4.2,1331713,12.4,-24031,-13.5,28,4.1
"29169","1","10","71","0","2017","4","",34,3373,3385,3389,47184582,0,0,1073,"",6.61,13.37,13.36,13.59,14.31,0.00,0.00,1.06,"",2,6.2,-107,-3.1,-111,-3.2,-87,-2.5,199568,0.4,0,0.0,0,0.0,36,3.5
"29169","2","10","71","0","2017","4","",9,115,116,118,1141036,0,0,754,"",1.50,0.27,0.27,0.29,0.29,0.00,0.00,1.05,"",0,0.0,-4,-3.4,-4,-3.3,0,0.0,78602,7.4,0,0.0,0,0.0,67,9.8
"29169","3","10","71","0","2017","4","",57,2027,2027,1876,18005667,416476,3908,701,"",3.91,1.56,1.54,1.46,1.75,1.74,4.81,1.15,"",0,0.0,-35,-1.7,-25,-1.2,-162,-7.9,210815,1.2,3653,0.9,-3549,-47.6,33,4.9
"29169","5","10","71","0","2017","4","",758,7596,7708,7561,53654778,11691837,150535,542,"",0.91,0.68,0.69,0.69,0.52,1.00,0.98,0.76,"",16,2.2,218,3.0,248,3.3,94,1.3,4359388,8.8,1328060,12.8,-20482,-12.0,32,6.3
"29171","0","10","70","0","2017","4","",131,981,996,994,7036411,780784,8244,547,"",1.00,1.00,1.00,1.00,1.00,1.00,1.00,1.00,"",1,0.8,10,1.0,14,1.4,12,1.2,-177088,-2.5,-2058,-0.3,-2853,-25.7,-20,-3.5
"29171","1","10","71","0","2017","4","",5,17,19,17,207911,0,0,905,"",6.36,0.90,1.00,0.89,1.07,0.00,0.00,1.16,"",-1,-16.7,1,6.2,0,0.0,-2,-10.5,4720,2.3,0,0.0,0,0.0,37,4.3
"29171","2","10","71","0","2017","4","",5,20,21,22,183657,0,0,673,"",5.45,0.64,0.66,0.69,0.80,0.00,0.00,1.21,"",0,0.0,-3,-13.0,-2,-8.7,-1,-4.3,-19735,-9.7,0,0.0,0,0.0,-7,-1.0
"29171","3","10","71","0","2017","4","",21,393,398,400,2874876,190372,2309,557,"",9.43,4.04,4.02,4.07,4.75,12.32,53.22,1.17,"",0,0.0,-2,-0.5,-1,-0.3,5,1.3,-453837,-13.6,29660,18.5,372,19.2,-89,-13.8
"29171","5","10","71","0","2017","4","",100,551,558,555,3769967,590412,5935,523,"",0.79,0.66,0.66,0.66,0.63,0.78,0.72,0.95,"",2,2.0,14,2.6,17,3.1,10,1.8,291764,8.4,-31718,-5.1,-3225,-35.2,28,5.7
"29173","0","10","70","0","2017","4","",234,3415,3452,3403,38882407,2829423,36013,874,"",1.00,1.00,1.00,1.00,1.00,1.00,1.00,1.00,"",10,4.5,-94,-2.7,-48,-1.4,-92,-2.6,955811,2.5,-18091,-0.6,-14124,-28.2,41,4.9
"29173","1","10","71","0","2017","4","",7,26,28,25,334785,0,0,978,"",4.99,0.40,0.42,0.38,0.31,0.00,0.00,0.78,"",0,0.0,0,0.0,-2,-6.7,-2,-7.4,20917,6.7,0,0.0,0,0.0,105,12.0
"29173","2","10","71","0","2017","4","",4,22,24,24,195674,0,0,645,"",2.44,0.20,0.22,0.22,0.15,0.00,0.00,0.72,"N",0,0.0,0,0,0,0,0,0,0,0,0,0,0,0,0,0
"29173","3","10","71","0","2017","4","",19,308,306,307,2756562,55096,407,691,"",4.78,0.91,0.89,0.91,0.82,0.98,2.15,0.91,"N",0,0.0,0,0,0,0,0,0,0,0,0,0,0,0,0,0
"29173","5","10","71","0","2017","4","",204,3059,3094,3047,35595386,2774327,35606,893,"",0.90,1.05,1.06,1.05,1.07,1.01,1.00,1.02,"",10,5.2,-73,-2.3,-32,-1.0,-73,-2.3,742477,2.1,17159,0.6,-13402,-27.3,35,4.1
"29175","0","10","70","0","2017","4","",689,9419,9510,9475,84270351,9736686,102320,685,"",1.00,1.00,1.00,1.00,1.00,1.00,1.00,1.00,"",23,3.5,-403,-4.1,-315,-3.2,-380,-3.9,-93715,-0.1,-761568,-7.3,-45698,-30.9,25,3.8
"29175","1","10","71","0","2017","4","",14,69,63,65,877277,0,0,1028,"",3.39,0.38,0.35,0.36,0.38,0.00,0.00,1.05,"",0,0.0,2,3.0,-3,-4.5,-4,-5.8,22023,2.6,0,0.0,0,0.0,51,5.2
"29175","2","10","71","0","2017","4","",10,525,541,540,4544027,0,0,653,"",2.07,1.74,1.78,1.79,1.65,0.00,0.00,0.93,"",0,0.0,-18,-3.3,-3,-0.6,1,0.2,279524,6.6,0,0.0,0,0.0,48,7.9
"29175","3","10","71","0","2017","4","",50,1677,1713,1709,12665532,216285,1210,573,"",4.27,1.80,1.81,1.82,1.75,1.12,2.25,0.96,"",0,0.0,13,0.8,46,2.8,12,0.7,351373,2.9,-214839,-49.8,-2877,-70.4,8,1.4
"29175","5","10","71","0","2017","4","",615,7148,7193,7161,66183515,9520401,101110,710,"",0.92,0.89,0.89,0.89,0.92,1.01,0.99,1.03,"",23,3.9,-400,-5.3,-355,-4.7,-389,-5.2,-746635,-1.1,-546729,-5.4,-42821,-29.8,28,4.1
"29177","0","10","70","0","2017","4","",441,4395,4310,4305,40069820,4316639,52921,711,"",1.00,1.00,1.00,1.00,1.00,1.00,1.00,1.00,"",20,4.8,42,1.0,-74,-1.7,-6,-0.1,3295241,9.0,-26515,-0.6,-15449,-22.6,61,9.4
"29177","1","10","71","0","2017","4","",8,48,49,47,562946,0,0,902,"",3.02,0.57,0.59,0.57,0.51,0.00,0.00,0.89,"",0,0.0,-1,-2.0,0,0.0,-5,-9.6,-35619,-6.0,0,0.0,0,0.0,-19,-2.1
"29177","2","10","71","0","2017","4","",8,57,56,56,467519,0,0,638,"",2.59,0.40,0.41,0.41,0.36,0.00,0.00,0.88,"",-1,-11.1,-3,-5.0,-5,-8.2,0,0.0,37045,8.6,0,0.0,0,0.0,77,13.7
"29177","3","10","71","0","2017","4","",51,1294,1294,1282,10503423,256103,1740,626,"",6.80,2.97,3.02,3.01,3.05,3.00,6.25,1.01,"",0,0.0,-60,-4.4,-62,-4.6,-70,-5.2,127788,1.2,-76938,-23.1,-2642,-60.3,37,6.3
"29177","5","10","71","0","2017","4","",374,2996,2911,2920,28535932,4060536,51181,746,"",0.87,0.80,0.80,0.80,0.83,0.97,0.97,1.04,"",21,5.9,106,3.7,-7,-0.2,69,2.4,3166027,12.5,50423,1.3,-12807,-20.0,70,10.4
"29179","0","10","70","0","2017","4","",340,2078,1989,2043,18211625,2275876,33407,688,"",1.00,1.00,1.00,1.00,1.00,1.00,1.00,1.00,"",24,7.6,418,25.2,368,22.7,416,25.6,8063999,79.5,261627,13.0,-13716,-29.1,211,44.2
"29179","1","10","71","0","2017","4","",6,16,16,16,159722,0,0,768,"",2.94,0.40,0.42,0.41,0.32,0.00,0.00,0.78,"",0,0.0,0,0.0,0,0.0,0,0.0,8589,5.7,0,0.0,0,0.0,41,5.6
"29179","2","10","71","0","2017","4","",5,51,43,38,343530,0,0,601,"",2.10,0.76,0.67,0.58,0.58,0.00,0.00,0.86,"",1,25.0,3,6.2,-6,-12.2,-8,-17.4,6726,2.0,0,0.0,0,0.0,57,10.5
"29179","3","10","71","0","2017","4","",16,384,375,376,2308390,126287,889,469,"",2.77,1.86,1.90,1.86,1.47,2.80,5.06,0.79,"",0,0.0,2,0.5,-9,-2.3,-1,-0.3,-28392,-1.2,10923,9.5,-793,-47.1,-3,-0.6
"29179","5","10","71","0","2017","4","",313,1627,1555,1613,15399983,2149589,32518,741,"",0.95,0.92,0.92,0.93,0.99,0.98,0.98,1.07,"",23,7.9,413,34.0,383,32.7,425,35.8,8077076,110.3,250704,13.2,-12923,-28.4,268,56.7
"29181","0","10","70","0","2017","4","",542,2956,2887,2858,18276486,3840224,49720,485,"",1.00,1.00,1.00,1.00,1.00,1.00,1.00,1.00,"",42,8.4,16,0.5,5,0.2,-76,-2.6,882660,5.1,239417,6.6,-19052,-27.7,27,5.9
"29181","1","10","71","0","2017","4","",7,53,53,51,735486,0,0,1081,"",2.15,0.93,0.96,0.93,1.46,0.00,0.00,1.56,"",0,0.0,5,10.4,1,1.9,-2,-3.8,123273,20.1,0,0.0,0,0.0,158,17.1
"29181","2","10","71","0","2017","4","",7,41,47,41,293967,0,0,526,"",1.84,0.43,0.51,0.45,0.49,0.00,0.00,1.06,"",0,0.0,-6,-12.8,0,0.0,-6,-12.8,-36933,-11.2,0,0.0,0,0.0,-16,-3.0
"29181","3","10","71","0","2017","4","",18,565,558,559,4901727,134688,1368,673,"",1.95,1.93,1.95,1.98,3.12,1.77,5.23,1.60,"",0,0.0,-1,-0.2,2,0.4,-13,-2.3,444732,10.0,-6316,-4.5,-477,-25.9,66,10.9
"29181","5","10","71","0","2017","4","",510,2297,2229,2207,12345306,3705536,48352,423,"",0.97,0.91,0.91,0.91,0.79,1.00,0.98,0.87,"",42,9.0,18,0.8,2,0.1,-55,-2.4,351588,2.9,245733,7.1,-18575,-27.8,14,3.4
"29183","0","10","70","0","2017","4","",9625,147401,148037,147632,1627294885,171689698,2433458,848,"",1.00,1.00,1.00,1.00,1.00,1.00,1.00,1.00,"",524,5.8,938,0.6,1796,1.2,2191,1.5,33651097,2.1,5486035,3.3,-1083135,-30.8,9,1.1
"29183","1","10","71","0","2017","4","",28,720,731,742,12865897,0,0,1354,"",0.49,0.25,0.26,0.26,0.29,0.00,0.00,1.12,"",-1,-3.4,-1,-0.1,-2,-0.3,-14,-1.9,-406014,-3.1,0,0.0,0,0.0,-32,-2.3
"29183","2","10","71","0","2017","4","",23,673,703,684,5634419,0,0,631,"",0.34,0.14,0.15,0.15,0.11,0.00,0.00,0.73,"",1,4.5,-14,-2.0,22,3.2,13,1.9,189383,3.5,0,0.0,0,0.0,15,2.4
"29183","3","10","71","0","2017","4","",202,16243,16208,16270,167775982,131037,1061,795,"",1.23,1.11,1.10,1.11,1.20,0.04,0.08,1.08,"",-3,-1.5,351,2.2,393,2.5,386,2.4,7941244,5.0,-38735,-22.8,-1484,-58.3,20,2.6
"29183","5","10","71","0","2017","4","",9372,129765,130395,129936,1441018587,171558661,2432397,852,"",1.00,1.04,1.04,1.04,1.04,1.03,1.01,1.00,"",527,6.0,602,0.5,1383,1.1,1806,1.4,25926484,1.8,5524770,3.3,-1081651,-30.8,7,0.8
"29185","0","10","70","0","2017","4","",203,1606,1628,1643,11144993,1878849,22762,527,"",1.00,1.00,1.00,1.00,1.00,1.00,1.00,1.00,"",-2,-1.0,-29,-1.8,-20,-1.2,-21,-1.3,303320,2.8,81429,4.5,-6663,-22.6,21,4.2
"29185","1","10","71","0","2017","4","",7,40,38,39,403530,0,0,796,"",5.75,1.29,1.22,1.23,1.32,0.00,0.00,1.06,"",0,0.0,0,0.0,-1,-2.6,-1,-2.5,5951,1.5,0,0.0,0,0.0,25,3.2
"29185","2","10","71","0","2017","4","",4,25,25,25,225673,0,0,694,"",2.81,0.48,0.48,0.48,0.62,0.00,0.00,1.29,"",0,0.0,1,4.2,1,4.2,1,4.2,23365,11.5,0,0.0,0,0.0,46,7.1
"29185","3","10","71","0","2017","4","",23,443,459,461,3246386,46980,703,550,"",6.67,2.78,2.84,2.84,3.39,1.26,5.87,1.20,"",0,0.0,-13,-2.9,-11,-2.3,-8,-1.7,-82472,-2.5,-1136,-2.4,104,17.4,-1,-0.2
"29185","5","10","71","0","2017","4","",169,1098,1106,1118,7269404,1831869,22059,505,"",0.86,0.80,0.80,0.80,0.76,1.01,0.98,0.95,"",-2,-1.2,-17,-1.5,-9,-0.8,-13,-1.1,356476,5.2,82565,4.7,-6767,-23.5,30,6.3
"29186","0","10","70","0","2017","4","",487,5556,5513,5551,60786899,5224277,86706,844,"",1.00,1.00,1.00,1.00,1.00,1.00,1.00,1.00,"",9,1.9,38,0.7,83,1.5,170,3.2,2381787,4.1,169944,3.4,-21609,-20.0,19,2.3
"29186","1","10","71","0","2017","4","",5,28,28,30,336160,0,0,902,"",1.71,0.26,0.27,0.28,0.20,0.00,0.00,0.75,"",0,0.0,2,7.7,6,27.3,3,11.1,11260,3.5,0,0.0,0,0.0,-98,-9.8
"29186","2","10","71","0","2017","4","",7,43,40,43,322086,0,0,590,"",2.05,0.24,0.23,0.24,0.16,0.00,0.00,0.69,"",0,0.0,-6,-12.2,-8,-16.7,-4,-8.5,-5731,-1.7,0,0.0,0,0.0,65,12.4
"29186","3","10","71","0","2017","4","",40,977,978,985,10675196,72890,382,838,"",4.83,1.77,1.79,1.79,2.04,0.70,0.84,1.14,"",1,2.6,22,2.3,24,2.5,38,4.0,636969,6.3,11605,18.9,-190,-33.2,27,3.3
"29186","5","10","71","0","2017","4","",435,4508,4467,4493,49453457,5151387,86324,847,"",0.92,0.96,0.95,0.95,0.95,1.02,1.00,1.00,"",8,1.9,20,0.4,61,1.4,133,3.1,1739289,3.6,158339,3.2,-21419,-19.9,16,1.9
"29187","0","10","70","0","2017","4","",1957,23570,23570,23626,191962454,24841360,330232,626,"",1.00,1.00,1.00,1.00,1.00,1.00,1.00,1.00,"",125,6.8,221,0.9,200,0.9,189,0.8,8175793,4.4,519527,2.1,-123703,-27.3,21,3.5
"29187","1","10","71","0","2017","4","",15,132,140,138,2004616,0,0,1128,"",1.28,0.29,0.31,0.30,0.38,0.00,0.00,1.26,"",0,0.0,5,3.9,6,4.5,1,0.7,38792,2.0,0,0.0,0,0.0,-12,-1.1
"29187","2","10","71","0","2017","4","",18,2770,2782,2770,22582543,0,0,626,"",1.31,3.66,3.68,3.68,3.60,0.00,0.00,0.98,"",0,0.0,57,2.1,51,1.9,53,2.0,993886,4.6,0,0.0,0,0.0,16,2.6
"29187","3","10","71","0","2017","4","",71,3192,3187,3237,26190459,418373,2904,629,"",2.13,1.37,1.36,1.38,1.59,0.85,1.67,1.16,"",4,6.0,-11,-0.3,-69,-2.1,-25,-0.8,86640,0.3,-156983,-27.3,-3397,-53.9,9,1.5
"29187","5","10","71","0","2017","4","",1853,17476,17461,17481,141184836,24422987,327328,622,"",0.98,0.87,0.87,0.87,0.86,1.02,1.00,0.99,"",121,7.0,170,1.0,212,1.2,160,0.9,7056475,5.3,676510,2.8,-120306,-26.9,25,4.2
"29189","0","10","70","0","2017","4","",39746,609787,612417,613862,9296057873,673779218,9615267,1168,"",1.00,1.00,1.00,1.00,1.00,1.00,1.00,1.00,"",2858,7.7,5915,1.0,7686,1.3,8700,1.4,413937256,4.7,30871662,4.8,-3148821,-24.7,38,3.4
"29189","1","10","71","0","2017","4","",76,5604,5581,5722,95584694,0,0,1305,"",0.32,0.48,0.48,0.48,0.37,0.00,0.00,0.78,"",2,2.7,-79,-1.4,-121,-2.1,-172,-2.9,-22727,0.0,0,0.0,0,0.0,28,2.2
"29189","2","10","71","0","2017","4","",27,6436,6450,6416,64414363,0,0,770,"",0.10,0.33,0.33,0.33,0.21,0.00,0.00,0.65,"",-1,-3.6,-144,-2.2,-160,-2.4,-118,-1.8,1478000,2.3,0,0.0,0,0.0,34,4.6
"29189","3","10","71","0","2017","4","",748,42753,42877,42946,523515825,779316,8774,940,"",1.11,0.71,0.71,0.71,0.65,0.06,0.17,0.93,"",-1,-0.1,-411,-1.0,-224,-0.5,239,0.6,9775297,1.9,7467,1.0,-1679,-16.1,21,2.3
"29189","5","10","71","0","2017","4","",38895,554994,557509,558778,8612542991,672999902,9606493,1189,"",1.01,1.07,1.07,1.07,1.09,1.03,1.01,1.01,"",2858,7.9,6549,1.2,8191,1.5,8751,1.6,402706686,4.9,30864195,4.8,-3147142,-24.7,39,3.4
"29195","0","10","70","0","2017","4","",634,8772,8760,8772,77689141,7486483,91585,682,"",1.00,1.00,1.00,1.00,1.00,1.00,1.00,1.00,"",10,1.6,149,1.7,97,1.1,171,2.0,4153361,5.6,545426,7.9,-30465,-25.0,26,4.0
"29195","1","10","71","0","2017","4","",12,77,78,73,991606,0,0,1004,"",3.16,0.46,0.47,0.43,0.46,0.00,0.00,1.03,"",0,0.0,-5,-6.1,3,4.0,-5,-6.4,4338,0.4,0,0.0,0,0.0,35,3.6
"29195","2","10","71","0","2017","4","",13,525,509,503,3767724,0,0,566,"",2.93,1.86,1.81,1.80,1.49,0.00,0.00,0.81,"",0,0.0,38,7.8,20,4.1,15,3.1,326949,9.5,0,0.0,0,0.0,24,4.4
"29195","3","10","71","0","2017","4","",75,1182,1175,1183,9683392,165654,726,631,"",6.96,1.36,1.35,1.36,1.45,1.12,1.51,1.07,"",0,0.0,-1,-0.1,-6,-0.5,11,0.9,131743,1.4,-17358,-9.5,-300,-29.2,8,1.3
"29195","5","10","71","0","2017","4","",534,6988,6998,7013,63246419,7320829,90859,695,"",0.87,0.94,0.94,0.94,0.95,1.01,1.00,1.01,"",10,1.9,117,1.7,80,1.2,150,2.2,3690331,6.2,562784,8.3,-30165,-24.9,30,4.5
"29197","0","10","70","0","2017","4","",101,612,618,620,4149393,534723,9777,518,"",1.00,1.00,1.00,1.00,1.00,1.00,1.00,1.00,"",5,5.2,7,1.2,19,3.2,13,2.1,359462,9.5,119003,28.6,313,3.3,35,7.2
"29197","1","10","71","0","2017","4","",8,26,30,27,320375,0,0,891,"",13.21,2.21,2.54,2.26,2.81,0.00,0.00,1.20,"",0,0.0,-2,-7.1,1,3.4,-6,-18.2,2027,0.6,0,0.0,0,0.0,75,9.2
"29197","2","10","71","0","2017","4","",3,15,15,15,145066,0,0,744,"",4.24,0.76,0.76,0.76,1.07,0.00,0.00,1.41,"",0,0.0,0,0.0,0,0.0,0,0.0,3682,2.6,0,0.0,0,0.0,19,2.6
"29197","3","10","71","0","2017","4","",15,266,266,267,1451592,64324,557,419,"",8.74,4.39,4.33,4.35,4.07,6.08,10.82,0.93,"",0,0.0,-17,-6.0,-15,-5.3,-20,-7.0,-3271,-0.2,280,0.4,-482,-46.4,24,6.1
"29197","5","10","71","0","2017","4","",75,305,307,311,2232360,470399,9220,558,"",0.77,0.59,0.58,0.59,0.63,0.91,0.95,1.07,"",5,7.1,26,9.3,33,12.0,39,14.3,357024,19.0,118723,33.8,795,9.4,33,6.3
"29199","0","10","70","0","2017","4","",153,1192,1178,1147,9639593,955378,9734,633,"",1.00,1.00,1.00,1.00,1.00,1.00,1.00,1.00,"",2,1.3,14,1.2,21,1.8,-21,-1.8,439905,4.8,-30644,-3.1,-4161,-29.9,27,4.5
"29199","1","10","71","0","2017","4","",5,21,21,18,223507,0,0,860,"",5.45,0.92,0.93,0.81,0.84,0.00,0.00,0.95,"",0,0.0,-1,-4.5,0,0.0,-6,-25.0,-10185,-4.4,0,0.0,0,0.0,55,6.8
"29199","2","10","71","0","2017","4","",6,54,55,52,452127,5313,0,648,"",5.60,1.41,1.46,1.42,1.44,0.44,0.00,1.00,"",0,0.0,-1,-1.8,0,0.0,-3,-5.5,418,0.1,5313,100.0,0,0.0,16,2.5
"29199","3","10","71","0","2017","4","",10,498,488,482,4575463,73016,236,719,"",3.85,4.22,4.17,4.25,5.52,3.86,4.61,1.31,"",0,0.0,-5,-1.0,-8,-1.6,-9,-1.8,102540,2.3,11518,18.7,-59,-20.0,26,3.8
"29199","5","10","71","0","2017","4","",132,619,614,595,4388496,877049,9498,554,"",0.89,0.61,0.61,0.61,0.53,0.95,0.98,0.87,"",2,1.5,21,3.5,29,5.0,-3,-0.5,347132,8.6,-47475,-5.1,-4102,-30.2,30,5.7
"29201","0","10","70","0","2017","4","",1501,15755,15616,15742,147608056,18202629,273362,723,"",1.00,1.00,1.00,1.00,1.00,1.00,1.00,1.00,"",77,5.4,230,1.5,204,1.3,295,1.9,5086964,3.6,1702817,10.3,-65357,-19.3,14,2.0
"29201","1","10","71","0","2017","4","",15,100,99,98,1265925,0,0,984,"",1.67,0.33,0.33,0.32,0.31,0.00,0.00,0.95,"",0,0.0,0,0.0,-3,-2.9,-6,-5.8,22612,1.8,0,0.0,0,0.0,46,4.9
"29201","2","10","71","0","2017","4","",19,468,476,471,4289063,0,0,699,"",1.81,0.93,0.95,0.94,0.89,0.00,0.00,0.95,"",-1,-5.0,10,2.2,16,3.5,14,3.1,255066,6.3,0,0.0,0,0.0,22,3.2
"29201","3","10","71","0","2017","4","",68,1719,1710,1713,15586310,386233,2236,700,"",2.67,1.10,1.10,1.10,1.23,1.07,1.55,1.12,"",1,1.5,-12,-0.7,-22,-1.3,-21,-1.2,57592,0.4,14406,3.9,-808,-26.5,10,1.4
"29201","5","10","71","0","2017","4","",1399,13468,13331,13460,126466758,17816396,271126,725,"",0.96,1.01,1.00,1.01,1.00,1.01,1.00,1.00,"",77,5.8,232,1.8,213,1.6,308,2.3,4751694,3.9,1688411,10.5,-64549,-19.2,14,2.0
"29203","0","10","70","0","2017","4","",239,1461,1419,1392,9071395,1931721,30551,490,"",1.00,1.00,1.00,1.00,1.00,1.00,1.00,1.00,"",10,4.4,-6,-0.4,25,1.8,5,0.4,494852,5.8,211151,12.3,-10539,-25.6,24,5.2
"29203","1","10","71","0","2017","4","",6,18,17,17,207627,0,0,921,"",4.19,0.64,0.63,0.63,0.83,0.00,0.00,1.31,"",0,0.0,-5,-21.7,-2,-10.5,-5,-22.7,-19354,-8.5,0,0.0,0,0.0,103,12.6
"29203","2","10","71","0","2017","4","",6,54,48,48,429095,0,0,660,"",3.58,1.15,1.06,1.08,1.45,0.00,0.00,1.32,"",0,0.0,0,0.0,-7,-12.7,-4,-7.7,19513,4.8,0,0.0,0,0.0,73,12.4
"29203","3","10","71","0","2017","4","",10,273,284,274,1693014,97994,859,470,"",2.46,1.89,2.02,1.99,2.17,2.56,5.34,1.11,"",0,0.0,-22,-7.5,-13,-4.4,-19,-6.5,5470,0.3,1804,1.9,-496,-36.6,30,6.8
"29203","5","10","71","0","2017","4","",217,1116,1070,1053,6741659,1833727,29692,480,"",0.94,0.90,0.89,0.89,0.87,0.98,0.98,0.97,"",10,4.8,21,1.9,47,4.6,33,3.2,489223,7.8,209347,12.9,-10043,-25.3,20,4.3
"29205","0","10","70","0","2017","4","",212,1749,1767,1760,12483110,1463318,20212,546,"",1.00,1.00,1.00,1.00,1.00,1.00,1.00,1.00,"",5,2.4,-1,-0.1,21,1.2,42,2.4,577256,4.8,183548,14.3,-604,-2.9,19,3.6
"29205","1","10","71","0","2017","4","",7,27,27,28,333963,0,0,940,"",5.51,0.80,0.80,0.83,0.97,0.00,0.00,1.20,"",-2,-22.2,-4,-12.9,-5,-15.6,-6,-17.6,-36096,-9.8,0,0.0,0,0.0,60,6.8
"29205","2","10","71","0","2017","4","",5,30,32,36,279676,0,0,659,"",3.37,0.53,0.57,0.64,0.69,0.00,0.00,1.18,"",-2,-28.6,-1,-3.2,1,3.2,5,16.1,16126,6.1,0,0.0,0,0.0,5,0.8
"29205","3","10","71","0","2017","4","",20,570,573,562,3140843,7465,19,425,"",5.55,3.29,3.27,3.23,2.93,0.26,0.18,0.90,"",-1,-4.8,-9,-1.6,6,1.1,-4,-0.7,24985,0.8,-12997,-63.5,-51,-72.9,5,1.2
"29205","5","10","71","0","2017","4","",180,1122,1135,1134,8728628,1455853,20193,594,"",0.88,0.76,0.76,0.76,0.82,1.03,1.01,1.08,"",10,5.9,13,1.2,19,1.7,47,4.3,572241,7.0,196545,15.6,-553,-2.7,26,4.6
"29207","0","10","70","0","2017","4","",1048,10268,10159,10084,94489157,11744128,195331,715,"",1.00,1.00,1.00,1.00,1.00,1.00,1.00,1.00,"",30,2.9,-10,-0.1,-123,-1.2,36,0.4,3046131,3.3,226620,2.0,-73887,-27.4,26,3.8
"29207","1","10","71","0","2017","4","",17,161,154,150,2016334,0,0,1001,"",2.70,0.81,0.79,0.77,0.78,0.00,0.00,0.98,"",0,0.0,5,3.2,-2,-1.3,-7,-4.5,12243,0.6,0,0.0,0,0.0,15,1.5
"29207","2","10","71","0","2017","4","",10,116,120,117,909554,0,0,595,"",1.36,0.35,0.37,0.36,0.29,0.00,0.00,0.82,"",-1,-9.1,1,0.9,4,3.4,2,1.7,49868,5.8,0,0.0,0,0.0,22,3.8
"29207","3","10","71","0","2017","4","",65,1286,1270,1276,9343802,131558,914,563,"",3.65,1.26,1.26,1.28,1.15,0.57,0.89,0.91,"",0,0.0,37,3.0,-5,-0.4,6,0.5,234713,2.6,-2485,-1.9,-344,-27.3,9,1.6
"29207","5","10","71","0","2017","4","",956,8705,8615,8541,82219467,11612570,194417,734,"",0.94,1.00,1.00,1.00,1.02,1.02,1.00,1.02,"",31,3.4,-53,-0.6,-120,-1.4,35,0.4,2749307,3.5,229105,2.0,-73543,-27.4,29,4.1
"29209","0","10","70","0","2017","4","",763,5674,5466,5318,43452793,7240525,163765,609,"",1.00,1.00,1.00,1.00,1.00,1.00,1.00,1.00,"",20,2.7,-82,-1.4,-178,-3.2,-127,-2.3,-1450129,-3.2,-314818,-4.2,-80008,-32.8,-6,-1.0
"29209","1","10","71","0","2017","4","",10,39,37,38,453701,0,0,918,"",2.19,0.36,0.35,0.37,0.38,0.00,0.00,1.05,"",0,0.0,0,0.0,-4,-9.8,-2,-5.0,-6792,-1.5,0,0.0,0,0.0,32,3.6
"29209","2","10","71","0","2017","4","",6,52,57,55,443127,0,0,624,"",1.12,0.29,0.33,0.32,0.31,0.00,0.00,1.00,"",0,0.0,-5,-8.8,0,0.0,-1,-1.8,-158,0.0,0,0.0,0,0.0,22,3.7
"29209","3","10","71","0","2017","4","",26,1111,1114,1106,8100149,107076,850,561,"",2.00,1.98,2.05,2.10,2.17,0.75,0.99,1.06,"",0,0.0,-13,-1.2,-32,-2.8,-27,-2.4,40965,0.5,-31211,-22.6,-824,-49.2,14,2.6
"29209","5","10","71","0","2017","4","",721,4472,4258,4119,34455816,7133449,162915,619,"",0.97,0.93,0.92,0.91,0.93,1.02,1.00,1.01,"",20,2.9,-64,-1.4,-142,-3.2,-97,-2.3,-1484144,-4.1,-283607,-3.8,-79184,-32.7,-12,-1.9
"29211","0","10","70","0","2017","4","",168,2424,2430,2461,24950988,2648695,14158,787,"",1.00,1.00,1.00,1.00,1.00,1.00,1.00,1.00,"",2,1.2,33,1.4,44,1.8,35,1.4,693794,2.9,391134,17.3,-8459,-37.4,10,1.3
"29211","1","10","71","0","2017","4","",10,43,44,41,560938,0,0,1011,"",9.92,0.92,0.95,0.86,0.82,0.00,0.00,0.90,"",0,0.0,1,2.4,1,2.3,-5,-10.9,16932,3.1,0,0.0,0,0.0,53,5.5
"29211","2","10","71","0","2017","4","",4,27,26,26,229035,0,0,669,"",3.40,0.35,0.33,0.33,0.28,0.00,0.00,0.83,"",1,33.3,2,8.0,0,0.0,1,4.0,24138,11.8,0,0.0,0,0.0,47,7.6
"29211","3","10","71","0","2017","4","",17,421,428,448,3207759,51971,217,571,"",5.95,1.75,1.77,1.84,1.50,0.99,2.91,0.84,"",-2,-10.5,0,0.0,5,1.2,11,2.5,217606,7.3,12042,30.2,-137,-38.7,32,5.9
"29211","5","10","71","0","2017","4","",137,1933,1932,1946,20953256,2596724,13941,832,"",0.84,0.94,0.94,0.93,0.98,1.01,0.99,1.05,"",3,2.2,30,1.6,38,2.0,28,1.5,435118,2.1,379092,17.1,-8322,-37.4,3,0.4
"29213","0","10","70","0","2017","4","",2010,30811,30914,29966,240522335,47396031,1089144,605,"",1.00,1.00,1.00,1.00,1.00,1.00,1.00,1.00,"",83,4.3,886,3.0,645,2.1,803,2.8,11049680,4.8,1717837,3.8,-426491,-28.1,12,2.0
"29213","1","10","71","0","2017","4","",18,178,177,173,3123148,0,0,1365,"",1.49,0.30,0.30,0.30,0.47,0.00,0.00,1.58,"",0,0.0,0,0.0,1,0.6,-4,-2.3,137786,4.6,0,0.0,0,0.0,68,5.2
"29213","2","10","71","0","2017","4","",13,136,157,151,1234261,0,0,642,"",0.92,0.14,0.16,0.16,0.16,0.00,0.00,1.04,"",2,18.2,0,0.0,22,16.3,18,13.5,167646,15.7,0,0.0,0,0.0,33,5.4
"29213","3","10","71","0","2017","4","",56,2280,2312,2287,19302970,400038,2255,648,"",1.64,0.75,0.75,0.77,0.93,0.43,0.39,1.23,"",6,12.0,18,0.8,43,1.9,-5,-0.2,310902,1.6,105308,35.7,660,41.4,6,0.9
"29213","5","10","71","0","2017","4","",1923,28217,28268,27355,216861956,46995993,1086889,597,"",0.99,1.08,1.08,1.07,1.06,1.02,1.00,0.98,"",75,4.1,868,3.2,579,2.1,794,3.0,10433346,5.1,1612529,3.6,-427151,-28.2,13,2.2
"29215","0","10","70","0","2017","4","",632,5709,5669,5662,43091161,4735506,62243,584,"",1.00,1.00,1.00,1.00,1.00,1.00,1.00,1.00,"",23,3.8,-124,-2.1,-45,-0.8,-39,-0.7,1542305,3.7,-169021,-3.4,-19472,-23.8,28,5.0
"29215","1","10","71","0","2017","4","",16,60,63,64,866686,0,0,1070,"",4.22,0.55,0.58,0.59,0.73,0.00,0.00,1.28,"",-1,-5.9,-6,-9.1,0,0.0,-4,-5.9,-30540,-3.4,0,0.0,0,0.0,19,1.8
"29215","2","10","71","0","2017","4","",9,569,566,559,4635525,0,0,631,"",2.03,3.10,3.12,3.10,3.30,0.00,0.00,1.06,"",0,0.0,-4,-0.7,-7,-1.2,-11,-1.9,196759,4.4,0,0.0,0,0.0,34,5.7
"29215","3","10","71","0","2017","4","",49,1360,1378,1375,10779953,169405,1621,605,"",4.56,2.40,2.45,2.45,2.91,1.81,4.95,1.19,"",0,0.0,-26,-1.9,-24,-1.7,-1,-0.1,36307,0.3,36591,27.6,-265,-14.1,10,1.7
"29215","5","10","71","0","2017","4","",558,3720,3662,3664,26808997,4566101,60622,560,"",0.91,0.77,0.76,0.76,0.73,1.00,0.98,0.95,"",24,4.5,-88,-2.3,-14,-0.4,-23,-0.6,1339779,5.3,-205612,-4.3,-19207,-24.1,34,6.5
"29217","0","10","70","0","2017","4","",664,6953,6954,6995,65170146,6766876,68321,720,"",1.00,1.00,1.00,1.00,1.00,1.00,1.00,1.00,"",33,5.2,0,0.0,7,0.1,76,1.1,3514342,5.7,152259,2.3,-21258,-23.7,37,5.4
"29217","1","10","71","0","2017","4","",18,89,89,92,1210338,0,0,1034,"",4.52,0.66,0.67,0.68,0.68,0.00,0.00,1.00,"",0,0.0,-7,-7.3,-5,-5.3,-3,-3.2,57141,5.0,0,0.0,0,0.0,100,10.7
"29217","2","10","71","0","2017","4","",17,145,149,153,1250450,0,0,646,"",3.65,0.65,0.67,0.69,0.59,0.00,0.00,0.88,"",1,6.2,-13,-8.2,-8,-5.1,-3,-1.9,-8565,-0.7,0,0.0,0,0.0,29,4.7
"29217","3","10","71","0","2017","4","",62,1348,1348,1358,10738094,190796,2251,611,"",5.49,1.96,1.95,1.96,1.92,1.42,6.26,0.98,"",4,6.9,31,2.4,38,2.9,62,4.8,584748,5.8,30172,18.8,-121,-5.1,14,2.3
"29217","5","10","71","0","2017","4","",567,5371,5368,5392,51971264,6576080,66070,743,"",0.88,0.91,0.91,0.91,0.93,1.00,0.97,1.03,"",28,5.2,-11,-0.2,-18,-0.3,20,0.4,2881018,5.9,122087,1.9,-21137,-24.2,41,5.8
"29219","0","10","70","0","2017","4","",667,7551,7456,7370,72045617,8637462,126390,743,"",1.00,1.00,1.00,1.00,1.00,1.00,1.00,1.00,"",30,4.7,155,2.1,198,2.7,109,1.5,3236608,4.7,328058,3.9,-47703,-27.4,18,2.5
"29219","1","10","71","0","2017","4","",6,44,45,41,635045,0,0,1127,"",1.50,0.30,0.32,0.29,0.32,0.00,0.00,1.06,"",0,0.0,2,4.8,0,0.0,-6,-12.8,5416,0.9,0,0.0,0,0.0,43,4.0
"29219","2","10","71","0","2017","4","",8,66,70,68,535991,0,0,606,"",1.71,0.27,0.29,0.29,0.23,0.00,0.00,0.80,"",-1,-11.1,-1,-1.5,2,2.9,1,1.5,41316,8.4,0,0.0,0,0.0,41,7.3
"29219","3","10","71","0","2017","4","",28,1223,1219,1214,10823611,336893,2403,683,"",2.47,1.63,1.65,1.66,1.75,1.97,3.61,1.06,"",-1,-3.4,-69,-5.3,-61,-4.8,-67,-5.2,288614,2.7,67414,25.0,-481,-16.7,52,8.2
"29219","5","10","71","0","2017","4","",625,6218,6122,6047,60050970,8300569,123987,754,"",0.97,0.97,0.97,0.97,0.98,0.99,0.99,1.01,"",32,5.4,223,3.7,257,4.4,181,3.1,2901262,5.1,260644,3.2,-47222,-27.6,10,1.3
"29221","0","10","70","0","2017","4","",801,4998,4927,4897,37318571,5372108,91245,581,"",1.00,1.00,1.00,1.00,1.00,1.00,1.00,1.00,"",-18,-2.2,-15,-0.3,-81,-1.6,-83,-1.7,1460722,4.1,288851,5.7,-14359,-13.6,29,5.3
"29221","1","10","71","0","2017","4","",9,54,56,58,688246,0,0,945,"",1.87,0.56,0.59,0.61,0.67,0.00,0.00,1.14,"",0,0.0,0,0.0,5,9.8,5,9.4,86794,14.4,0,0.0,0,0.0,67,7.6
"29221","2","10","71","0","2017","4","",12,435,438,423,3536013,0,0,630,"",2.14,2.71,2.78,2.71,2.90,0.00,0.00,1.06,"",1,9.1,-18,-4.0,-15,-3.3,-26,-5.8,123408,3.6,0,0.0,0,0.0,49,8.4
"29221","3","10","71","0","2017","4","",32,1143,1141,1149,10059928,234720,2038,676,"",2.35,2.31,2.33,2.37,3.13,2.21,4.24,1.34,"",-1,-3.0,62,5.7,24,2.1,12,1.1,-25920,-0.3,25204,12.0,-906,-30.8,-22,-3.2
"29221","5","10","71","0","2017","4","",748,3366,3292,3267,23034384,5137388,89207,536,"",0.96,0.79,0.79,0.78,0.72,0.99,0.98,0.92,"",-18,-2.3,-59,-1.7,-95,-2.8,-74,-2.2,1276440,5.9,263647,5.4,-13453,-13.1,41,8.3
"29223","0","10","70","0","2017","4","",507,2668,2659,2635,17079724,2836522,38234,495,"",1.00,1.00,1.00,1.00,1.00,1.00,1.00,1.00,"",21,4.3,-144,-5.1,-117,-4.2,-122,-4.4,-360663,-2.1,34511,1.2,-16854,-30.6,13,2.7
"29223","1","10","71","0","2017","4","",10,75,73,71,912703,0,0,962,"",3.29,1.46,1.43,1.40,1.94,0.00,0.00,1.36,"",1,11.1,1,1.4,-2,-2.7,-5,-6.6,17251,1.9,0,0.0,0,0.0,44,4.8
"29223","2","10","71","0","2017","4","",6,72,76,61,531599,0,0,587,"",1.69,0.84,0.89,0.73,0.95,0.00,0.00,1.16,"",0,0.0,-5,-6.5,-2,-2.6,-14,-18.7,409,0.1,0,0.0,0,0.0,54,10.1
"29223","3","10","71","0","2017","4","",18,472,469,461,2996445,113851,1202,493,"",2.09,1.79,1.78,1.77,2.04,2.03,5.97,1.15,"",1,5.9,-1,-0.2,2,0.4,-5,-1.1,111380,3.9,89127,360.5,935,350.2,19,4.0
"29223","5","10","71","0","2017","4","",473,2049,2041,2042,12638977,2722671,37032,476,"",0.96,0.90,0.90,0.91,0.87,0.99,0.97,0.96,"",19,4.2,-139,-6.4,-115,-5.3,-98,-4.6,-489703,-3.7,-54616,-2.0,-17789,-32.4,9,1.9
"29225","0","10","70","0","2017","4","",767,7170,7178,7245,58235718,9131852,137360,622,"",1.00,1.00,1.00,1.00,1.00,1.00,1.00,1.00,"",55,7.7,337,4.9,352,5.2,428,6.3,3323664,6.1,1217944,15.4,-26481,-16.2,3,0.5
"29225","1","10","71","0","2017","4","",11,90,89,86,1088301,0,0,948,"",2.39,0.65,0.65,0.62,0.68,0.00,0.00,1.07,"",0,0.0,5,5.9,2,2.3,1,1.2,88036,8.8,0,0.0,0,0.0,50,5.6
"29225","2","10","71","0","2017","4","",8,224,227,227,1880876,0,0,640,"",1.49,0.97,0.99,0.98,0.99,0.00,0.00,1.01,"",-1,-11.1,-5,-2.2,-2,-0.9,-1,-0.4,62391,3.4,0,0.0,0,0.0,28,4.6
"29225","3","10","71","0","2017","4","",30,1179,1182,1177,9057331,44912,656,591,"",2.30,1.66,1.66,1.64,1.81,0.25,0.91,1.10,"",0,0.0,-9,-0.8,-14,-1.2,-39,-3.2,-27601,-0.3,-403,-0.9,-393,-37.5,9,1.5
"29225","5","10","71","0","2017","4","",718,5677,5680,5755,46209210,9086940,136704,623,"",0.97,0.93,0.93,0.93,0.93,1.03,1.00,1.00,"",56,8.5,346,6.5,366,6.9,467,8.8,3200838,7.4,1218347,15.5,-26088,-16.0,0,0.0
"29227","0","10","70","0","2017","4","",65,364,376,364,2490853,371728,5527,521,"",1.00,1.00,1.00,1.00,1.00,1.00,1.00,1.00,"",-1,-1.5,-11,-2.9,10,2.7,-7,-1.9,-4010,-0.2,87625,30.8,1219,28.3,3,0.6
"29227","1","10","71","0","2017","4","",5,23,22,21,208276,0,0,728,"",12.83,3.28,3.06,2.99,3.04,0.00,0.00,0.98,"",0,0.0,0,0.0,-2,-8.3,-1,-4.5,-3601,-1.7,0,0.0,0,0.0,19,2.7
"29227","2","10","71","0","2017","4","",3,16,16,15,141029,0,0,692,"",6.59,1.37,1.33,1.29,1.73,0.00,0.00,1.30,"",-1,-25.0,0,0.0,0,0.0,-1,-6.2,-5820,-4.0,0,0.0,0,0.0,-14,-2.0
"29227","3","10","71","0","2017","4","",7,139,144,141,821881,16263,96,447,"",6.34,3.85,3.86,3.91,3.84,2.21,3.30,0.99,"",0,0.0,0,0.0,10,7.5,2,1.4,9300,1.1,-11465,-41.3,-80,-45.5,-8,-1.8
"29227","5","10","71","0","2017","4","",50,186,194,187,1319667,355465,5431,537,"",0.79,0.60,0.61,0.60,0.62,0.99,0.99,1.03,"",0,0.0,-11,-5.6,2,1.0,-7,-3.6,-3889,-0.3,99090,38.7,1299,31.4,13,2.5
"29229","0","10","70","0","2017","4","",503,4171,4155,4127,30266906,4853338,61491,561,"",1.00,1.00,1.00,1.00,1.00,1.00,1.00,1.00,"",13,2.7,-12,-0.3,-38,-0.9,-57,-1.4,-558248,-1.8,-36348,-0.7,-16370,-21.0,-5,-0.9
"29229","1","10","71","0","2017","4","",9,42,42,39,501361,0,0,941,"",2.98,0.52,0.53,0.49,0.60,0.00,0.00,1.17,"",0,0.0,-3,-6.7,1,2.4,-6,-13.3,-15116,-2.9,0,0.0,0,0.0,31,3.4
"29229","2","10","71","0","2017","4","",9,84,94,87,665241,0,0,579,"",2.55,0.63,0.71,0.66,0.67,0.00,0.00,1.01,"",1,12.5,2,2.4,14,17.5,8,10.1,67060,11.2,0,0.0,0,0.0,6,1.0
"29229","3","10","71","0","2017","4","",29,874,872,859,5766189,131042,1300,511,"",3.39,2.11,2.11,2.10,2.22,1.36,4.02,1.05,"",0,0.0,28,3.3,14,1.6,11,1.3,118562,2.1,-3785,-2.8,-992,-43.3,0,0.0
"29229","5","10","71","0","2017","4","",456,3171,3147,3142,23334115,4722296,60191,569,"",0.93,0.89,0.89,0.90,0.90,1.01,0.99,1.01,"",12,2.7,-39,-1.2,-67,-2.1,-70,-2.2,-728754,-3.0,-32563,-0.7,-15378,-20.3,-7,-1.2
"29510","0","10","70","0","2017","4","",14719,229039,227847,226392,3391556017,195517257,3060194,1145,"",1.00,1.00,1.00,1.00,1.00,1.00,1.00,1.00,"",1222,9.1,-149,-0.1,707,0.3,986,0.4,71693872,2.2,-2085143,-1.1,-1300405,-29.8,21,1.9
"29510","1","10","71","0","2017","4","",63,10271,10421,10354,198933913,0,0,1479,"",0.71,2.33,2.39,2.37,2.13,0.00,0.00,0.90,"",0,0.0,-118,-1.1,143,1.4,-154,-1.5,6330479,3.3,0,0.0,0,0.0,53,3.7
"29510","2","10","71","0","2017","4","",42,3422,3406,3268,30364106,0,0,694,"",0.41,0.47,0.47,0.45,0.27,0.00,0.00,0.59,"",0,0.0,47,1.4,-53,-1.5,-98,-2.9,589407,2.0,0,0.0,0,0.0,20,3.0
"29510","3","10","71","0","2017","4","",200,16691,16634,16653,206629679,777574,6090,954,"",0.80,0.74,0.74,0.74,0.71,0.20,0.38,0.96,"",-7,-3.4,4,0.0,-6,0.0,33,0.2,2542817,1.2,115660,17.5,-2658,-30.4,11,1.2
"29510","5","10","71","0","2017","4","",14414,198655,197386,196117,2955628319,194739683,3054104,1152,"",1.01,1.02,1.02,1.02,1.02,1.03,1.00,1.00,"",1229,9.3,-82,0.0,623,0.3,1205,0.6,62231169,2.2,-2200803,-1.1,-1297747,-29.8,21,1.9
"29999","0","10","70","0","2017","4","",19571,83396,84126,83194,1430058545,192487985,4012160,1316,"",1.00,1.00,1.00,1.00,1.00,1.00,1.00,1.00,"",2417,14.1,623,0.8,1544,1.9,1721,2.1,66963930,4.9,25155480,15.0,-512967,-11.3,42,3.3
"29999","1","10","71","0","2017","4","",48,1064,1056,1046,22295990,0,0,1625,"",0.41,0.66,0.66,0.65,0.57,0.00,0.00,0.86,"",3,6.7,102,10.6,88,9.1,78,8.1,3024530,15.7,0,0.0,0,0.0,90,5.9
"29999","2","10","71","0","2017","4","N",5,0,0,0,0,0,0,0,"N",0.04,0,0,0,0,0,0,0,"N",0,0.0,0,0,0,0,0,0,0,0,0,0,0,0,0,0
"29999","3","10","71","0","2017","4","N",4,0,0,0,0,0,0,0,"N",0.01,0,0,0,0,0,0,0,"N",1,33.3,0,0,0,0,0,0,0,0,0,0,0,0,0,0
"29999","5","10","71","0","2017","4","",19514,82249,82986,82060,1407472814,192482799,4012119,1313,"",1.03,1.16,1.16,1.16,1.15,1.03,1.01,0.99,"",2413,14.1,516,0.6,1453,1.8,1638,2.0,63939614,4.8,25152794,15.0,-512946,-11.3,41,3.2
"30000","0","10","50","0","2017","4","",50176,464249,459807,461322,5063854489,1712634578,18212117,844,"",1.00,1.00,1.00,1.00,1.00,1.00,1.00,1.00,"",3504,7.5,4159,0.9,2921,0.6,4584,1.0,177515423,3.6,61666082,3.7,1404812,8.4,23,2.8
"30000","1","10","51","0","2017","4","",801,13455,12625,12504,222667507,0,0,1332,"",2.66,1.51,1.43,1.41,1.60,0.00,0.00,1.10,"",2,0.3,45,0.3,-218,-1.7,-255,-2.0,-3721784,-1.6,0,0.0,0,0.0,-7,-0.5
"30000","2","10","51","0","2017","4","",399,23164,22754,22589,269584940,269172946,895065,908,"",1.13,1.55,1.54,1.54,1.63,12.38,37.28,1.05,"",-11,-2.7,-245,-1.0,-453,-2.0,-856,-3.7,-7867353,-2.8,-7834159,-2.8,248056,38.3,-6,-0.7
"30000","3","10","51","0","2017","4","",1016,50446,50610,50348,486875368,181121220,1004080,742,"",1.19,1.10,1.11,1.10,1.12,5.34,10.48,1.01,"",28,2.8,468,0.9,155,0.3,232,0.5,17581304,3.7,2359796,1.3,25564,2.6,23,3.2
"30000","5","10","51","0","2017","4","",47960,377184,373818,375881,4084726674,1262340412,16312972,836,"",0.99,0.96,0.96,0.96,0.94,0.76,0.90,0.99,"",3485,7.8,3891,1.0,3437,0.9,5463,1.5,171523256,4.4,67140445,5.6,1131192,7.5,25,3.1
"30000","8","10","96","0","2017","4","",2216,87065,85989,85441,979127815,450294166,1899145,874,"",1.47,1.25,1.24,1.23,1.32,8.09,15.85,1.07,"",19,0.9,268,0.3,-516,-0.6,-879,-1.0,5992167,0.6,-5474363,-1.2,273620,16.8,9,1.0
"30001","0","10","70","0","2017","4","",535,3920,3818,3784,34713618,15361075,119528,695,"",1.00,1.00,1.00,1.00,1.00,1.00,1.00,1.00,"",35,7.0,-7,-0.2,-84,-2.2,-22,-0.6,-1131917,-3.2,-360538,-2.3,608,0.5,-16,-2.3
"30001","1","10","71","0","2017","4","",14,207,168,163,2739916,0,0,1175,"",4.36,2.74,2.30,2.24,2.87,0.00,0.00,1.18,"",0,0.0,2,1.0,-10,-5.6,-10,-5.8,-550230,-16.7,0,0.0,0,0.0,-191,-14.0
"30001","2","10","71","0","2017","4","",10,359,364,357,3895004,3895004,13819,832,"",2.67,2.85,2.98,2.96,3.44,19.97,87.71,1.17,"",0,0.0,-26,-6.8,-17,-4.5,-34,-8.7,-690745,-15.1,-690745,-15.1,2185,18.8,-83,-9.1
"30001","3","10","71","0","2017","4","",16,392,376,370,3101689,1102967,4359,629,"",1.76,1.01,0.99,0.99,1.04,3.63,6.93,1.04,"",0,0.0,6,1.6,-10,-2.6,-9,-2.4,48104,1.6,24013,2.2,1120,34.6,17,2.8
"30001","5","10","71","0","2017","4","",495,2962,2910,2894,24977009,10363104,101350,658,"",0.95,0.89,0.90,0.90,0.84,0.70,0.85,0.94,"",35,7.6,11,0.4,-47,-1.6,31,1.1,60954,0.2,306194,3.0,-2697,-2.6,2,0.3
"30003","0","10","70","0","2017","4","",294,4454,4415,4377,45944955,13137847,243288,800,"",1.00,1.00,1.00,1.00,1.00,1.00,1.00,1.00,"",7,2.4,-323,-6.8,-351,-7.4,-265,-5.7,-2104885,-4.4,-2042585,-13.5,-89541,-26.9,18,2.3
"30003","1","10","71","0","2017","4","",20,409,402,407,6771102,0,0,1283,"",11.34,4.77,4.76,4.83,5.36,0.00,0.00,1.12,"",-1,-4.8,18,4.6,14,3.6,11,2.8,366787,5.7,0,0.0,0,0.0,25,2.0
"30003","2","10","71","0","2017","4","",5,32,35,35,364111,364111,1314,824,"",2.43,0.22,0.25,0.25,0.24,2.18,4.10,1.01,"",-1,-16.7,0,0.0,2,6.1,1,2.9,-10443,-2.8,-10443,-2.8,339,34.8,-49,-5.6
"30003","3","10","71","0","2017","4","",22,1762,1775,1757,13276410,6371981,163188,579,"",4.40,3.99,4.05,4.06,3.36,24.50,127.45,0.83,"",2,10.0,-341,-16.2,-350,-16.5,-290,-14.2,-3432626,-20.5,-2163741,-25.3,-100632,-38.1,-35,-5.7
"30003","5","10","71","0","2017","4","",247,2251,2203,2178,25533332,6401755,78786,888,"",0.87,0.59,0.59,0.59,0.65,0.50,0.33,1.10,"",7,2.9,0,0.0,-17,-0.8,13,0.6,971397,4.0,131599,2.1,10752,15.8,34,4.0
"30005","0","10","70","0","2017","4","",205,1502,1497,1462,13051604,4591774,33700,675,"",1.00,1.00,1.00,1.00,1.00,1.00,1.00,1.00,"",10,5.1,9,0.6,-17,-1.1,-51,-3.4,-338139,-2.5,-147536,-3.1,-1643,-4.6,-9,-1.3
"30005","1","10","71","0","2017","4","",14,179,176,164,2729813,0,0,1214,"",11.39,6.19,6.14,5.82,7.61,0.00,0.00,1.26,"",0,0.0,-10,-5.3,-2,-1.1,-27,-14.1,-249266,-8.4,0,0.0,0,0.0,-18,-1.5
"30005","2","10","71","0","2017","4","",4,14,14,15,171011,171011,591,918,"",2.78,0.29,0.29,0.32,0.40,2.93,13.30,1.33,"",0,0.0,4,40.0,4,40.0,5,50.0,-3149,-1.8,-3149,-1.8,164,38.4,-422,-31.5
"30005","3","10","71","0","2017","4","",21,503,499,498,4279612,1753201,10611,658,"",6.03,3.38,3.36,3.44,3.81,19.29,59.83,1.12,"",0,0.0,9,1.8,-16,-3.1,-14,-2.7,-172989,-3.9,-199016,-10.2,132,1.3,-18,-2.7
"30005","5","10","71","0","2017","4","",166,806,808,785,5871168,2667562,22498,565,"",0.83,0.63,0.64,0.63,0.53,0.60,0.67,0.83,"",10,6.4,6,0.8,-3,-0.4,-15,-1.9,87265,1.5,54629,2.1,-1939,-7.9,11,2.0
"30007","0","10","70","0","2017","4","",202,1458,1440,1432,12980810,5359082,64591,692,"",1.00,1.00,1.00,1.00,1.00,1.00,1.00,1.00,"",12,6.3,41,2.9,14,1.0,46,3.3,-110307,-0.8,-175214,-3.2,-10602,-14.1,-22,-3.1
"30007","1","10","71","0","2017","4","",6,44,39,37,470205,0,0,904,"",4.95,1.57,1.42,1.34,1.32,0.00,0.00,0.91,"",0,0.0,0,0.0,0,0.0,1,2.8,-147274,-23.9,0,0.0,0,0.0,-293,-24.5
"30007","2","10","71","0","2017","4","",4,8,9,10,253604,253604,942,2168,"",2.83,0.17,0.20,0.22,0.60,3.73,11.06,3.07,"N",-1,-20.0,0,0,0,0,0,0,0,0,0,0,0,0,0,0
"30007","3","10","71","0","2017","4","",5,213,219,217,1759616,715300,2415,626,"",1.46,1.47,1.53,1.53,1.58,6.74,7.10,1.04,"N",0,0.0,0,0,0,0,0,0,0,0,0,0,0,0,0,0
"30007","5","10","71","0","2017","4","",187,1193,1173,1168,10497385,4390178,61234,685,"",0.95,0.96,0.96,0.96,0.95,0.85,0.95,0.98,"",13,7.5,37,3.2,9,0.8,36,3.2,-16888,-0.2,-186125,-4.1,-11591,-15.9,-18,-2.6
"30009","0","10","70","0","2017","4","",509,2710,2639,2809,24497983,9539935,100586,693,"",1.00,1.00,1.00,1.00,1.00,1.00,1.00,1.00,"",18,3.7,47,1.8,-50,-1.9,135,5.0,1274386,5.5,97241,1.0,1790,1.8,25,3.7
"30009","1","10","71","0","2017","4","",13,80,71,68,1234744,0,0,1301,"",4.26,1.53,1.41,1.26,1.83,0.00,0.00,1.31,"",0,0.0,-4,-4.8,-7,-9.0,-6,-8.1,-78922,-6.0,0,0.0,0,0.0,16,1.2
"30009","2","10","71","0","2017","4","",4,17,18,20,269911,269911,967,1132,"",1.12,0.20,0.21,0.22,0.34,2.23,7.29,1.60,"",-1,-20.0,-2,-10.5,0,0.0,0,0.0,-26249,-8.9,-26249,-8.9,206,27.1,-67,-5.6
"30009","3","10","71","0","2017","4","",19,521,499,505,4373434,1573536,5756,662,"",2.20,1.94,1.90,1.82,2.08,8.33,10.87,1.10,"",0,0.0,-13,-2.4,-12,-2.3,1,0.2,108046,2.5,93619,6.3,1758,44.0,27,4.3
"30009","5","10","71","0","2017","4","",473,2092,2051,2216,18619894,7696488,93863,676,"",0.96,0.91,0.91,0.93,0.89,0.83,0.94,0.97,"",19,4.2,66,3.3,-31,-1.5,140,6.7,1271511,7.3,29871,0.4,-174,-0.2,29,4.5
"30011","0","10","70","0","2017","4","",52,298,304,281,2317125,829417,5624,606,"",1.00,1.00,1.00,1.00,1.00,1.00,1.00,1.00,"",4,8.3,6,2.1,-11,-3.5,-19,-6.3,149055,6.9,21159,2.6,672,13.6,54,9.8
"30011","1","10","71","0","2017","4","",6,14,16,16,159251,0,0,799,"",19.24,2.44,2.75,2.96,2.50,0.00,0.00,0.92,"",0,0.0,2,16.7,5,45.5,4,33.3,16438,11.5,0,0.0,0,0.0,-143,-15.2
"30011","2","10","71","0","2017","4","N",2,0,0,0,0,0,0,0,"N",5.49,0,0,0,0,0,0,0,"N",0,0.0,0,0,0,0,0,0,0,0,0,0,0,0,0,0
"30011","3","10","71","0","2017","4","N",5,0,0,0,0,0,0,0,"N",5.66,0,0,0,0,0,0,0,"N",0,0.0,0,0,0,0,0,0,0,0,0,0,0,0,0,0
"30011","5","10","71","0","2017","4","",39,167,173,161,1433289,427532,4265,660,"",0.77,0.66,0.67,0.67,0.72,0.53,0.76,1.08,"",4,11.4,-6,-3.5,-4,-2.3,-22,-12.0,114920,8.7,5,0.0,225,5.6,89,15.6
"30013","0","10","70","0","2017","4","",2864,35722,35595,35520,373162949,118802606,1238992,806,"",1.00,1.00,1.00,1.00,1.00,1.00,1.00,1.00,"",118,4.3,295,0.8,60,0.2,163,0.5,6527794,1.8,4108010,3.6,99081,8.7,10,1.3
"30013","1","10","71","0","2017","4","",59,1662,1643,1653,25436301,0,0,1184,"",3.43,2.42,2.41,2.42,2.48,0.00,0.00,1.03,"",0,0.0,-24,-1.4,-29,-1.7,-40,-2.4,622287,2.5,0,0.0,0,0.0,50,4.4
"30013","2","10","71","0","2017","4","",16,969,960,935,9574153,9574153,33820,771,"",0.80,0.85,0.84,0.83,0.79,6.35,20.71,0.94,"",1,6.7,-14,-1.4,-13,-1.3,-51,-5.2,-63070,-0.7,-63070,-0.7,9477,38.9,15,2.0
"30013","3","10","71","0","2017","4","",53,3170,3174,3129,32032516,12724396,57713,780,"",1.09,0.90,0.90,0.89,1.00,5.41,8.85,1.12,"",2,3.9,50,1.6,46,1.5,14,0.4,581669,1.8,435629,3.5,14692,34.2,5,0.6
"30013","5","10","71","0","2017","4","",2736,29921,29818,29803,306119979,96504057,1147459,789,"",0.98,0.99,0.99,0.99,0.96,0.84,0.93,0.97,"",115,4.4,283,1.0,56,0.2,240,0.8,5386908,1.8,3735451,4.0,74912,7.0,9,1.2
"30015","0","10","70","0","2017","4","",215,1164,1190,1175,10292081,3460821,26777,673,"",1.00,1.00,1.00,1.00,1.00,1.00,1.00,1.00,"",10,4.9,0,0.0,15,1.3,34,3.0,679497,7.1,289836,9.1,4577,20.6,36,5.7
"30015","1","10","71","0","2017","4","",9,34,31,33,330562,0,0,778,"",6.98,1.52,1.36,1.46,1.17,0.00,0.00,0.81,"",0,0.0,0,0.0,3,10.7,1,3.1,10888,3.4,0,0.0,0,0.0,-7,-0.9
"30015","2","10","71","0","2017","4","",3,10,9,9,121714,121714,425,1003,"",1.99,0.27,0.24,0.24,0.36,2.77,12.04,1.46,"",-1,-25.0,0,0.0,-1,-10.0,-2,-18.2,-25328,-17.2,-25328,-17.2,57,15.5,-92,-8.4
"30015","3","10","71","0","2017","4","",18,397,427,411,2813289,734534,3725,526,"",4.93,3.44,3.61,3.53,3.18,10.72,26.43,0.90,"",0,0.0,-31,-7.2,-28,-6.2,-16,-3.7,4401,0.2,-7431,-1.0,662,21.6,31,6.3
"30015","5","10","71","0","2017","4","",185,723,723,722,7026516,2604573,22627,748,"",0.89,0.73,0.72,0.72,0.80,0.78,0.85,1.11,"",11,6.3,31,4.5,41,6.0,51,7.6,689536,10.9,322595,14.1,3858,20.6,33,4.6
"30017","0","10","70","0","2017","4","",498,5344,5302,5280,50357558,20627532,162719,730,"",1.00,1.00,1.00,1.00,1.00,1.00,1.00,1.00,"",26,5.5,-27,-0.5,-82,-1.5,-60,-1.1,797325,1.6,916386,4.6,20422,14.4,19,2.7
"30017","1","10","71","0","2017","4","",8,190,182,179,2870711,0,0,1202,"",2.68,1.85,1.79,1.76,2.07,0.00,0.00,1.15,"",0,0.0,-5,-2.6,-2,-1.1,-5,-2.7,-69596,-2.4,0,0.0,0,0.0,-3,-0.2
"30017","2","10","71","0","2017","4","",12,301,297,293,3603095,3603095,14635,933,"",3.44,1.75,1.75,1.74,2.19,13.76,68.23,1.25,"",0,0.0,-4,-1.3,-2,-0.7,-11,-3.6,72700,2.1,72700,2.1,3845,35.6,36,4.0
"30017","3","10","71","0","2017","4","",13,628,630,617,5332151,2709696,8279,656,"",1.54,1.19,1.20,1.18,1.23,6.64,9.67,1.04,"",0,0.0,0,0.0,-17,-2.6,-13,-2.1,223116,4.4,143517,5.6,2896,53.8,37,6.0
"30017","5","10","71","0","2017","4","",465,4225,4193,4191,38551601,14314741,139805,706,"",0.96,0.93,0.93,0.93,0.90,0.72,0.86,0.96,"",26,5.9,-18,-0.4,-61,-1.4,-31,-0.7,571105,1.5,700169,5.1,13681,10.8,17,2.5
"30019","0","10","70","0","2017","4","",85,587,597,600,6214384,1406914,9233,804,"",1.00,1.00,1.00,1.00,1.00,1.00,1.00,1.00,"",1,1.2,-31,-5.0,-27,-4.3,-21,-3.4,-334410,-5.1,-178641,-11.3,-2391,-20.6,-7,-0.9
"30019","1","10","71","0","2017","4","",6,15,13,15,163677,0,0,878,"",11.77,1.33,1.14,1.30,0.96,0.00,0.00,0.76,"",0,0.0,0,0.0,-2,-13.3,-4,-21.1,14248,9.5,0,0.0,0,0.0,174,24.7
"30019","2","10","71","0","2017","4","N",2,0,0,0,0,0,0,0,"N",3.36,0,0,0,0,0,0,0,"N",0,0.0,0,0,0,0,0,0,0,0,0,0,0,0,0,0
"30019","3","10","71","0","2017","4","N",5,0,0,0,0,0,0,0,"N",3.46,0,0,0,0,0,0,0,"N",0,0.0,0,0,0,0,0,0,0,0,0,0,0,0,0,0
"30019","5","10","71","0","2017","4","",72,456,462,467,5158785,1023134,7893,860,"",0.87,0.91,0.91,0.92,0.97,0.75,0.86,1.06,"",1,1.4,-27,-5.6,-23,-4.7,-7,-1.5,-390097,-7.0,-192804,-15.9,-2810,-26.3,-28,-3.2
"30021","0","10","70","0","2017","4","",411,3735,3716,3732,37919304,12091804,116269,782,"",1.00,1.00,1.00,1.00,1.00,1.00,1.00,1.00,"",22,5.7,264,7.6,242,7.0,254,7.3,2983129,8.5,1738147,16.8,33077,39.8,8,1.0
"30021","1","10","71","0","2017","4","",7,32,31,31,395938,0,0,972,"",2.84,0.45,0.44,0.43,0.38,0.00,0.00,0.87,"",0,0.0,0,0.0,-1,-3.1,0,0.0,-33252,-7.7,0,0.0,0,0.0,-71,-6.8
"30021","2","10","71","0","2017","4","",10,145,143,141,1295811,1295811,4703,697,"",3.47,1.21,1.20,1.18,1.05,8.44,30.69,0.87,"",0,0.0,18,14.2,17,13.5,8,6.0,23141,1.8,23141,1.8,1386,41.8,-64,-8.4
"30021","3","10","71","0","2017","4","",16,631,625,647,5067269,2096884,6677,614,"",2.29,1.71,1.69,1.75,1.55,8.76,10.91,0.91,"",0,0.0,5,0.8,13,2.1,24,3.9,-24556,-0.5,-12301,-0.6,2002,42.8,-17,-2.7
"30021","5","10","71","0","2017","4","",378,2927,2917,2913,31160286,8699109,104889,821,"",0.95,0.92,0.92,0.92,0.96,0.74,0.91,1.04,"",22,6.2,241,9.0,213,7.9,222,8.2,3017796,10.7,1727307,24.8,29689,39.5,17,2.1
"30023","0","10","70","0","2017","4","",290,3252,3185,3181,31112245,10651657,97849,746,"",1.00,1.00,1.00,1.00,1.00,1.00,1.00,1.00,"",12,4.3,-115,-3.4,-129,-3.9,-132,-4.0,93965,0.3,-78730,-0.7,15392,18.7,30,4.2
"30023","1","10","71","0","2017","4","",4,83,84,83,1139584,0,0,1052,"",2.30,1.33,1.38,1.35,1.33,0.00,0.00,0.99,"",0,0.0,5,6.4,14,20.0,17,25.8,78778,7.4,0,0.0,0,0.0,-92,-8.0
"30023","2","10","71","0","2017","4","N",8,0,0,0,0,0,0,0,"N",3.94,0,0,0,0,0,0,0,"N",0,0.0,0,0,0,0,0,0,0,0,0,0,0,0,0,0
"30023","3","10","71","0","2017","4","N",3,0,0,0,0,0,0,0,"N",0.61,0,0,0,0,0,0,0,"N",0,0.0,0,0,0,0,0,0,0,0,0,0,0,0,0,0
"30023","5","10","71","0","2017","4","",275,2162,2108,2108,22481859,5027918,75169,813,"",0.98,0.78,0.78,0.78,0.85,0.49,0.77,1.08,"",12,4.6,-159,-6.9,-169,-7.4,-161,-7.1,19859,0.1,-84828,-1.7,9494,14.5,58,7.7
"30025","0","10","70","0","2017","4","",188,1327,1306,1324,16602534,4545990,40115,968,"",1.00,1.00,1.00,1.00,1.00,1.00,1.00,1.00,"",8,4.4,-21,-1.6,-48,-3.5,-25,-1.9,-118441,-0.7,-157926,-3.4,2063,5.4,15,1.6
"30025","1","10","71","0","2017","4","",4,14,11,10,157023,0,0,1035,"",3.55,0.55,0.44,0.39,0.34,0.00,0.00,0.75,"",0,0.0,2,16.7,1,10.0,-2,-16.7,8956,6.0,0,0.0,0,0.0,30,3.0
"30025","2","10","71","0","2017","4","N",2,0,0,0,0,0,0,0,"N",1.52,0,0,0,0,0,0,0,"N",-1,-33.3,0,0,0,0,0,0,0,0,0,0,0,0,0,0
"30025","3","10","71","0","2017","4","N",10,0,0,0,0,0,0,0,"N",3.13,0,0,0,0,0,0,0,"N",0,0.0,0,0,0,0,0,0,0,0,0,0,0,0,0,0
"30025","5","10","71","0","2017","4","",172,1036,1023,1038,13645955,3199264,35408,1017,"",0.94,0.92,0.92,0.92,0.96,0.73,0.89,1.04,"",9,5.5,-13,-1.2,-39,-3.7,-26,-2.4,-98511,-0.7,-123282,-3.7,802,2.3,18,1.8
"30027","0","10","70","0","2017","4","",545,4519,4462,4402,43277777,15885972,155437,746,"",1.00,1.00,1.00,1.00,1.00,1.00,1.00,1.00,"",24,4.6,-44,-1.0,-19,-0.4,-25,-0.6,784077,1.8,232991,1.5,-14435,-8.5,18,2.5
"30027","1","10","71","0","2017","4","",16,128,114,124,1807313,0,0,1140,"",4.89,1.47,1.34,1.46,1.52,0.00,0.00,1.07,"",0,0.0,2,1.6,-2,-1.7,-2,-1.6,132388,7.9,0,0.0,0,0.0,90,8.6
"30027","2","10","71","0","2017","4","",12,304,301,309,2517915,2517915,9083,636,"",3.14,2.10,2.11,2.20,1.78,12.48,44.33,0.84,"",0,0.0,-10,-3.2,-10,-3.2,-6,-1.9,-29285,-1.1,-29285,-1.1,2491,37.8,11,1.8
"30027","3","10","71","0","2017","4","",20,615,612,619,4898129,1751968,6058,612,"",2.16,1.37,1.38,1.42,1.32,5.57,7.41,0.95,"",0,0.0,-9,-1.4,-6,-1.0,-9,-1.4,169807,3.6,-129325,-6.9,1257,26.2,28,4.8
"30027","5","10","71","0","2017","4","",497,3472,3435,3350,34054420,11616089,140296,766,"",0.94,0.90,0.91,0.90,0.92,0.76,0.91,1.02,"",24,5.1,-27,-0.8,-1,0.0,-8,-0.2,511167,1.5,391601,3.5,-18183,-11.5,14,1.9
"30029","0","10","70","0","2017","4","",4951,43240,42508,43126,472304596,153426434,2079476,846,"",1.00,1.00,1.00,1.00,1.00,1.00,1.00,1.00,"",353,7.7,936,2.2,820,2.0,852,2.0,30647024,6.9,2332197,1.5,-5055,-0.2,39,4.8
"30029","1","10","71","0","2017","4","",38,792,637,617,10908029,0,0,1230,"",1.28,0.95,0.78,0.74,0.84,0.00,0.00,1.02,"",0,0.0,21,2.7,-48,-7.0,-53,-7.9,-1307447,-10.7,0,0.0,0,0.0,-96,-7.2
"30029","2","10","71","0","2017","4","",14,647,667,655,6971313,6970469,26529,817,"",0.40,0.47,0.49,0.48,0.45,3.58,9.68,0.95,"",0,0.0,-45,-6.5,0,0.0,-17,-2.5,78331,1.1,91776,1.3,7472,39.2,34,4.3
"30029","3","10","71","0","2017","4","",71,3835,3859,3868,40213328,15795510,55497,803,"",0.84,0.90,0.91,0.91,0.99,5.20,5.07,1.09,"",3,4.4,-31,-0.8,-68,-1.7,-59,-1.5,652805,1.7,243008,1.6,9579,20.9,24,3.1
"30029","5","10","71","0","2017","4","",4828,37966,37345,37986,414211926,130660455,1997450,844,"",1.01,1.03,1.03,1.04,1.03,0.88,0.97,0.99,"",350,7.8,991,2.7,936,2.6,981,2.7,31223335,8.2,1997413,1.6,-22106,-1.1,43,5.4
"30031","0","10","70","0","2017","4","",6874,57712,56908,57118,655812986,248594527,2519289,881,"",1.00,1.00,1.00,1.00,1.00,1.00,1.00,1.00,"",535,8.4,2271,4.1,2292,4.2,1735,3.1,48938422,8.1,16085956,6.9,313655,14.2,34,4.0
"30031","1","10","71","0","2017","4","",31,587,543,525,9391930,0,0,1310,"",0.75,0.53,0.50,0.48,0.52,0.00,0.00,1.04,"",1,3.3,9,1.6,-5,-0.9,-10,-1.9,-752399,-7.4,0,0.0,0,0.0,-99,-7.0
"30031","2","10","71","0","2017","4","",18,4305,4246,4181,52902191,52902191,137673,959,"",0.37,2.32,2.33,2.30,2.47,16.76,41.46,1.07,"N",-1,-5.3,0,0,0,0,0,0,0,0,0,0,0,0,0,0
"30031","3","10","71","0","2017","4","",61,3445,3576,3525,36983399,14158842,37406,809,"",0.52,0.60,0.63,0.62,0.66,2.88,2.82,1.06,"N",0,0.0,0,0,0,0,0,0,0,0,0,0,0,0,0,0
"30031","5","10","71","0","2017","4","",6764,49375,48543,48887,556535466,181533494,2344210,875,"",1.01,1.01,1.00,1.01,0.99,0.75,0.94,0.99,"",535,8.6,2215,4.7,2224,4.8,1750,3.7,46362201,9.1,13954659,8.3,243701,11.6,38,4.5
"30033","0","10","70","0","2017","4","",60,299,310,324,2255239,1268866,7752,558,"",1.00,1.00,1.00,1.00,1.00,1.00,1.00,1.00,"",7,13.2,4,1.4,27,9.5,23,7.6,239330,11.9,135289,11.9,862,12.5,29,5.5
"30033","1","10","71","0","2017","4","",9,24,19,25,227490,0,0,772,"",25.01,4.17,3.20,4.01,3.67,0.00,0.00,0.97,"",0,0.0,0,0.0,0,0.0,2,8.7,13471,6.3,0,0.0,0,0.0,24,3.2
"30033","2","10","71","0","2017","4","",3,7,7,6,83970,83970,305,969,"",7.14,0.73,0.70,0.58,1.14,5.21,29.85,1.70,"",0,0.0,1,16.7,1,16.7,0,0.0,1261,1.5,1261,1.5,87,39.9,-91,-8.6
"30033","3","10","71","0","2017","4","",9,120,127,124,824554,528499,1879,513,"",8.83,4.05,4.13,3.87,4.25,21.04,46.06,1.06,"",0,0.0,4,3.4,11,9.5,13,11.7,103766,14.4,97481,22.6,769,69.3,28,5.8
"30033","5","10","71","0","2017","4","",39,148,157,169,1119225,656397,5568,545,"",0.67,0.58,0.60,0.61,0.58,0.53,0.72,0.97,"",7,21.9,-1,-0.7,15,10.6,8,5.0,120832,12.1,36547,5.9,6,0.1,35,6.9
"30035","0","10","70","0","2017","4","",324,4068,3976,3911,38784714,12533532,222266,749,"",1.00,1.00,1.00,1.00,1.00,1.00,1.00,1.00,"",11,3.5,-64,-1.5,-55,-1.4,-122,-3.0,631526,1.7,508011,4.2,4904,2.3,27,3.7
"30035","1","10","71","0","2017","4","",16,421,402,391,6931954,0,0,1318,"",8.23,5.38,5.28,5.19,6.50,0.00,0.00,1.23,"",0,0.0,-13,-3.0,-16,-3.8,-8,-2.0,295176,4.4,0,0.0,0,0.0,94,7.7
"30035","2","10","71","0","2017","4","",6,43,43,43,457303,457303,1564,818,"",2.64,0.33,0.34,0.34,0.36,2.87,5.34,1.07,"",0,0.0,4,10.3,4,10.3,2,4.9,-1860,-0.4,-1860,-0.4,452,40.6,-72,-8.1
"30035","3","10","71","0","2017","4","",26,2060,2061,2043,17103161,6582108,155565,640,"",4.72,5.11,5.22,5.28,5.13,26.53,132.99,0.99,"",2,8.3,37,1.8,37,1.8,3,0.1,307083,1.8,102838,1.6,2927,1.9,3,0.5
"30035","5","10","71","0","2017","4","",276,1544,1470,1434,14292296,5494121,65137,742,"",0.88,0.45,0.44,0.43,0.43,0.45,0.30,0.99,"",9,3.4,-92,-5.6,-80,-5.2,-119,-7.7,31127,0.2,407033,8.0,1525,2.4,48,6.9
"30037","0","10","70","0","2017","4","",30,211,213,193,1293048,569053,6280,484,"",1.00,1.00,1.00,1.00,1.00,1.00,1.00,1.00,"",1,3.4,16,8.2,19,9.8,2,1.0,46911,3.8,63800,12.6,869,16.1,-12,-2.4
"30037","1","10","71","0","2017","4","",3,4,4,4,38391,0,0,738,"",16.67,0.98,0.98,1.08,1.08,0.00,0.00,1.07,"",0,0.0,-3,-42.9,-3,-42.9,-4,-50.0,-10993,-22.3,0,0.0,0,0.0,220,42.5
"30037","2","10","71","0","2017","4","N",2,0,0,0,0,0,0,0,"N",9.51,0,0,0,0,0,0,0,"N",0,0.0,0,0,0,0,0,0,0,0,0,0,0,0,0,0
"30037","3","10","71","0","2017","4","N",5,0,0,0,0,0,0,0,"N",9.81,0,0,0,0,0,0,0,"N",0,0.0,0,0,0,0,0,0,0,0,0,0,0,0,0,0
"30037","5","10","71","0","2017","4","",20,116,111,105,759775,462432,5971,528,"",0.69,0.65,0.61,0.64,0.69,0.84,0.96,1.09,"",1,5.3,6,5.5,2,1.8,-1,-0.9,44838,6.3,63710,16.0,761,14.6,20,3.9
"30039","0","10","70","0","2017","4","",154,863,821,849,8126041,3166530,57300,740,"",1.00,1.00,1.00,1.00,1.00,1.00,1.00,1.00,"",15,10.8,42,5.1,21,2.6,50,6.3,623824,8.3,408587,14.8,14703,34.5,25,3.5
"30039","1","10","71","0","2017","4","",5,43,31,23,547733,0,0,1303,"",5.41,2.59,1.97,1.41,2.45,0.00,0.00,1.23,"",0,0.0,1,2.4,-6,-16.2,-11,-32.4,-127690,-18.9,0,0.0,0,0.0,-76,-5.5
"30039","2","10","71","0","2017","4","",3,10,12,14,40407,40407,153,259,"",2.78,0.36,0.46,0.52,0.15,1.00,2.03,0.34,"",0,0.0,-1,-9.1,1,9.1,2,16.7,618,1.6,618,1.6,42,37.8,-11,-4.1
"30039","3","10","71","0","2017","4","",11,217,225,207,1656168,506111,2502,589,"",4.20,2.54,2.76,2.46,2.37,8.07,8.30,0.92,"",0,0.0,13,6.4,11,5.1,8,4.0,74548,4.7,65582,14.9,785,45.7,-3,-0.5
"30039","5","10","71","0","2017","4","",135,593,553,605,5881733,2620012,54645,775,"",0.90,0.81,0.79,0.84,0.85,0.86,0.96,1.04,"",15,12.5,29,5.1,15,2.8,51,9.2,676348,13.0,342387,15.0,13876,34.0,50,6.9
"30041","0","10","70","0","2017","4","",618,7020,7054,7011,69227388,21269643,173343,758,"",1.00,1.00,1.00,1.00,1.00,1.00,1.00,1.00,"",25,4.2,81,1.2,61,0.9,43,0.6,4637491,7.2,696365,3.4,12937,8.1,45,6.3
"30041","1","10","71","0","2017","4","",16,163,162,164,3189421,0,0,1505,"",4.32,1.21,1.20,1.21,1.68,0.00,0.00,1.39,"",0,0.0,2,1.2,4,2.5,5,3.1,81919,2.6,0,0.0,0,0.0,5,0.3
"30041","2","10","71","0","2017","4","",11,358,357,360,3300082,3300082,11506,708,"",2.54,1.59,1.58,1.61,1.46,12.22,50.36,0.92,"",0,0.0,-19,-5.0,-19,-5.1,-17,-4.5,-226366,-6.4,-226366,-6.4,2760,31.6,-12,-1.7
"30041","3","10","71","0","2017","4","",29,1740,1764,1756,20355865,3916296,23134,893,"",2.76,2.50,2.52,2.53,3.42,9.30,25.36,1.36,"",3,11.5,219,14.4,200,12.8,181,11.5,4584831,29.1,1069432,37.6,5337,30.0,112,14.3
"30041","5","10","71","0","2017","4","",562,4759,4771,4731,42382020,14053265,138703,686,"",0.94,0.80,0.80,0.79,0.72,0.68,0.81,0.90,"",22,4.1,-121,-2.5,-124,-2.5,-126,-2.6,197107,0.5,-146701,-1.0,4840,3.6,21,3.2
"30043","0","10","70","0","2017","4","",384,2510,2496,2533,26329694,11104052,111993,806,"",1.00,1.00,1.00,1.00,1.00,1.00,1.00,1.00,"",31,8.8,-25,-1.0,-54,-2.1,1,0.0,101890,0.4,-52954,-0.5,6239,5.9,11,1.4
"30043","1","10","71","0","2017","4","",9,29,23,23,342165,0,0,1053,"",3.91,0.60,0.48,0.47,0.47,0.00,0.00,0.91,"",0,0.0,-16,-35.6,-19,-45.2,-19,-45.2,-275110,-44.6,0,0.0,0,0.0,-51,-4.6
"30043","2","10","71","0","2017","4","",5,213,207,210,3643251,3643251,13088,1335,"",1.86,2.64,2.59,2.60,4.24,25.84,88.66,1.62,"",-2,-28.6,-24,-10.1,-22,-9.6,-15,-6.7,-115861,-3.1,-115861,-3.1,3360,34.5,80,6.4
"30043","3","10","71","0","2017","4","",13,437,446,458,3635239,1550340,6405,626,"",1.99,1.76,1.80,1.83,1.61,7.05,10.87,0.90,"",0,0.0,7,1.6,11,2.5,14,3.2,165634,4.8,36908,2.4,1468,29.7,14,2.3
"30043","5","10","71","0","2017","4","",357,1831,1820,1842,18709039,5910461,92500,786,"",0.96,0.86,0.86,0.86,0.83,0.55,0.83,0.97,"",33,10.2,8,0.4,-24,-1.3,21,1.2,327227,1.8,25999,0.4,1411,1.5,13,1.7
"30045","0","10","70","0","2017","4","",97,452,476,467,3994322,1607242,15716,661,"",1.00,1.00,1.00,1.00,1.00,1.00,1.00,1.00,"",0,0.0,-40,-8.1,-10,-2.1,14,3.1,24113,0.6,46446,3.0,-1022,-6.1,21,3.3
"30045","1","10","71","0","2017","4","",8,27,26,24,255420,0,0,765,"",13.75,3.10,2.85,2.67,2.33,0.00,0.00,0.81,"",0,0.0,-6,-18.2,-5,-16.1,-5,-17.2,-140162,-35.4,0,0.0,0,0.0,-217,-22.1
"30045","2","10","71","0","2017","4","N",2,0,0,0,0,0,0,0,"N",2.94,0,0,0,0,0,0,0,"N",-1,-33.3,0,0,0,0,0,0,0,0,0,0,0,0,0,0
"30045","3","10","71","0","2017","4","N",7,0,0,0,0,0,0,0,"N",4.25,0,0,0,0,0,0,0,"N",0,0.0,0,0,0,0,0,0,0,0,0,0,0,0,0,0
"30045","5","10","71","0","2017","4","",80,279,291,292,2681217,1280589,14328,718,"",0.85,0.73,0.72,0.74,0.79,0.82,0.92,1.08,"",1,1.3,-26,-8.5,-5,-1.7,25,9.4,169649,6.8,57004,4.7,-1331,-8.5,50,7.5
"30047","0","10","70","0","2017","4","",1009,8897,8807,8892,79623352,23742337,268207,691,"",1.00,1.00,1.00,1.00,1.00,1.00,1.00,1.00,"",56,5.9,-67,-0.7,-40,-0.5,40,0.5,2118107,2.7,195543,0.8,15267,6.0,20,3.0
"30047","1","10","71","0","2017","4","",15,101,95,98,1169835,0,0,918,"",2.48,0.59,0.56,0.57,0.53,0.00,0.00,0.93,"",0,0.0,1,1.0,-8,-7.8,-2,-2.0,-41899,-3.5,0,0.0,0,0.0,-5,-0.5
"30047","2","10","71","0","2017","4","",13,100,102,103,1326855,1326105,4777,1004,"",1.84,0.35,0.36,0.36,0.51,4.40,13.51,1.42,"",0,0.0,-1,-1.0,7,7.4,2,2.0,-23902,-1.8,-24652,-1.8,1343,39.1,-46,-4.4
"30047","3","10","71","0","2017","4","",31,3018,3029,3099,29192824,3375894,16258,737,"",1.81,3.42,3.46,3.52,4.26,7.18,11.52,1.23,"",3,10.7,134,4.6,81,2.7,124,4.2,2745881,10.4,-574198,-14.5,-4500,-21.7,44,6.3
"30047","5","10","71","0","2017","4","",950,5678,5581,5592,47933838,19040338,247172,656,"",0.97,0.75,0.75,0.74,0.71,0.83,0.93,0.94,"",53,5.9,-201,-3.4,-120,-2.1,-84,-1.5,-561973,-1.2,794393,4.4,18424,8.1,7,1.1
"30049","0","10","70","0","2017","4","",2968,35679,35548,35536,409432835,164456795,1171852,885,"",1.00,1.00,1.00,1.00,1.00,1.00,1.00,1.00,"",176,6.3,-227,-0.6,-389,-1.1,-58,-0.2,6559179,1.6,3291528,2.0,111203,10.5,20,2.3
"30049","1","10","71","0","2017","4","",47,1907,1848,1821,34898352,0,0,1444,"",2.64,2.78,2.72,2.66,3.10,0.00,0.00,1.14,"",0,0.0,0,0.0,-38,-2.0,-36,-1.9,-1062181,-3.0,0,0.0,0,0.0,-25,-1.7
"30049","2","10","71","0","2017","4","",37,6342,6281,6284,78808049,78794101,254832,962,"",1.78,5.54,5.52,5.55,5.90,37.73,164.97,1.07,"",1,2.8,-64,-1.0,-100,-1.6,-174,-2.7,-373838,-0.5,-387786,-0.5,78297,44.4,13,1.4
"30049","3","10","71","0","2017","4","",46,2452,2434,2402,26760241,9967081,34902,847,"",0.91,0.69,0.69,0.68,0.76,3.06,5.66,1.10,"",0,0.0,60,2.5,19,0.8,29,1.2,680345,2.6,447617,4.7,11107,46.7,9,1.1
"30049","5","10","71","0","2017","4","",2838,24978,24985,25029,268966193,75695613,882118,828,"",0.99,0.82,0.83,0.83,0.77,0.48,0.76,0.93,"",175,6.6,-223,-0.9,-270,-1.1,123,0.5,7314853,2.8,3231697,4.5,21799,2.5,27,3.4
"30051","0","10","70","0","2017","4","",93,522,521,525,4177084,1671805,17887,615,"",1.00,1.00,1.00,1.00,1.00,1.00,1.00,1.00,"",1,1.1,-15,-2.8,-14,-2.6,-2,-0.4,154206,3.8,51451,3.2,4269,31.3,34,5.9
"30051","1","10","71","0","2017","4","",6,20,16,19,180773,0,0,758,"",10.76,1.99,1.60,1.88,1.57,0.00,0.00,0.86,"",0,0.0,5,33.3,0,0.0,4,26.7,9976,5.8,0,0.0,0,0.0,-99,-11.6
"30051","2","10","71","0","2017","4","N",2,0,0,0,0,0,0,0,"N",3.07,0,0,0,0,0,0,0,"N",0,0.0,0,0,0,0,0,0,0,0,0,0,0,0,0,0
"30051","3","10","71","0","2017","4","N",7,0,0,0,0,0,0,0,"N",4.43,0,0,0,0,0,0,0,"N",0,0.0,0,0,0,0,0,0,0,0,0,0,0,0,0,0
"30051","5","10","71","0","2017","4","",78,370,371,371,3128007,1206136,16023,649,"",0.86,0.83,0.84,0.83,0.88,0.75,0.90,1.05,"",1,1.3,-14,-3.6,-17,-4.4,-10,-2.6,118255,3.9,52950,4.6,3711,30.1,47,7.8
"30053","0","10","70","0","2017","4","",748,5587,5458,5374,48029161,18606827,301054,675,"",1.00,1.00,1.00,1.00,1.00,1.00,1.00,1.00,"",51,7.3,142,2.6,122,2.3,150,2.9,1961416,4.3,1626089,9.6,52718,21.2,11,1.7
"30053","1","10","71","0","2017","4","",17,412,371,347,6617026,0,0,1351,"",3.79,3.83,3.55,3.35,5.01,0.00,0.00,1.40,"",0,0.0,-10,-2.4,-21,-5.4,-25,-6.7,-1151832,-14.8,0,0.0,0,0.0,-161,-10.6
"30053","2","10","71","0","2017","4","",9,89,92,88,1085652,1085652,4151,931,"",1.72,0.50,0.53,0.51,0.69,4.60,10.46,1.35,"",0,0.0,0,0.0,7,8.2,0,0.0,8893,0.8,8893,0.8,1167,39.1,-17,-1.8
"30053","3","10","71","0","2017","4","",23,716,723,725,6053200,2246607,11900,646,"",1.81,1.29,1.33,1.36,1.47,6.10,7.51,1.10,"",0,0.0,4,0.6,-13,-1.8,8,1.1,172758,2.9,107317,5.0,2672,29.0,19,3.0
"30053","5","10","71","0","2017","4","",699,4370,4272,4214,34273283,15274568,285003,615,"",0.96,0.92,0.92,0.92,0.84,0.85,0.95,0.91,"",51,7.9,148,3.5,149,3.6,167,4.1,2931597,9.4,1509879,11.0,48879,20.7,31,5.3
"30055","0","10","70","0","2017","4","",80,524,525,530,5487480,1393250,11496,802,"",1.00,1.00,1.00,1.00,1.00,1.00,1.00,1.00,"",2,2.6,-45,-7.9,-33,-5.9,-36,-6.4,116842,2.2,-27269,-1.9,253,2.3,70,9.6
"30055","1","10","71","0","2017","4","",6,13,18,15,156321,0,0,784,"",12.50,1.29,1.79,1.47,1.04,0.00,0.00,0.68,"",0,0.0,-6,-31.6,1,5.9,-4,-21.1,-26985,-14.7,0,0.0,0,0.0,15,2.0
"30055","2","10","71","0","2017","4","N",2,0,0,0,0,0,0,0,"N",3.57,0,0,0,0,0,0,0,"N",0,0.0,0,0,0,0,0,0,0,0,0,0,0,0,0,0
"30055","3","10","71","0","2017","4","N",7,0,0,0,0,0,0,0,"N",5.15,0,0,0,0,0,0,0,"N",0,0.0,0,0,0,0,0,0,0,0,0,0,0,0,0,0
"30055","5","10","71","0","2017","4","",65,371,369,381,4376987,849865,9610,901,"",0.84,0.83,0.83,0.85,0.93,0.63,0.84,1.12,"",2,3.2,-40,-9.7,-34,-8.4,-30,-7.3,113125,2.7,-50063,-5.6,-347,-3.5,98,12.2
"30057","0","10","70","0","2017","4","",499,3268,3458,4535,33326528,14555137,243007,683,"",1.00,1.00,1.00,1.00,1.00,1.00,1.00,1.00,"",33,7.1,-52,-1.6,-107,-3.0,-6,-0.1,516204,1.6,-410146,-2.7,9799,4.2,20,3.0
"30057","1","10","71","0","2017","4","",14,53,43,40,632166,0,0,1073,"",4.68,0.84,0.65,0.46,0.69,0.00,0.00,1.10,"",0,0.0,-11,-17.2,-13,-23.2,-14,-25.9,-317287,-33.4,0,0.0,0,0.0,-186,-14.8
"30057","2","10","71","0","2017","4","",4,20,23,25,222612,222612,743,755,"",1.14,0.19,0.21,0.17,0.20,1.20,2.32,1.08,"",-1,-20.0,-2,-9.1,2,9.5,3,13.6,-27807,-11.1,-27807,-11.1,160,27.4,-134,-15.1
"30057","3","10","71","0","2017","4","",18,463,463,467,3228710,1391059,6300,535,"",2.12,1.43,1.35,1.04,1.13,4.83,4.93,0.90,"",0,0.0,-20,-4.1,-12,-2.5,-10,-2.1,-527667,-14.0,-969476,-41.1,-1207,-16.1,-69,-11.4
"30057","5","10","71","0","2017","4","",463,2732,2929,4003,29243040,12941466,235964,698,"",0.96,0.98,1.00,1.04,1.03,0.92,0.98,1.02,"",34,7.9,-19,-0.7,-84,-2.8,15,0.4,1388965,5.0,587137,4.8,10846,4.8,39,5.9
"30059","0","10","70","0","2017","4","",117,628,632,669,4556575,1985418,23520,545,"",1.00,1.00,1.00,1.00,1.00,1.00,1.00,1.00,"",10,9.3,27,4.5,30,5.0,29,4.5,208991,4.8,178797,9.9,3433,17.1,1,0.2
"30059","1","10","71","0","2017","4","",6,30,24,22,285538,0,0,867,"",8.55,2.48,1.98,1.71,2.28,0.00,0.00,1.11,"",0,0.0,-3,-9.1,-5,-17.2,-5,-18.5,-105200,-26.9,0,0.0,0,0.0,-146,-14.4
"30059","2","10","71","0","2017","4","",3,8,8,10,108618,108618,379,964,"",3.66,0.40,0.40,0.47,0.73,4.31,12.22,1.73,"",0,0.0,0,0.0,0,0.0,1,11.1,743,0.7,743,0.7,110,40.9,-32,-3.2
"30059","3","10","71","0","2017","4","",4,106,108,110,681390,278202,1296,485,"",2.01,1.70,1.72,1.66,1.74,7.08,10.47,1.03,"",0,0.0,4,3.9,4,3.8,-1,-0.9,-2390,-0.3,-15765,-5.4,225,21.0,-13,-2.6
"30059","5","10","71","0","2017","4","",104,484,492,527,3481029,1598598,21845,534,"",0.92,0.91,0.92,0.93,0.89,0.83,0.93,0.97,"",10,10.6,26,5.7,31,6.7,34,6.9,315838,10.0,193819,13.8,3098,16.5,17,3.3
"30061","0","10","70","0","2017","4","",146,1113,1051,1002,8960917,3529880,44529,653,"",1.00,1.00,1.00,1.00,1.00,1.00,1.00,1.00,"",9,6.6,-23,-2.0,-32,-3.0,-58,-5.5,519941,6.2,267911,8.2,7519,20.3,59,9.9
"30061","1","10","71","0","2017","4","",4,62,35,36,544930,0,0,946,"",4.57,2.89,1.74,1.87,2.21,0.00,0.00,1.01,"",0,0.0,0,0.0,-18,-34.0,-13,-26.5,-307532,-36.1,0,0.0,0,0.0,-254,-21.2
"30061","2","10","71","0","2017","4","",4,26,32,35,461322,461322,1550,1145,"",3.91,0.73,0.95,1.10,1.58,10.29,26.41,1.72,"",-1,-20.0,-7,-21.2,-5,-13.5,-3,-7.9,-5239,-1.1,-5239,-1.1,448,40.7,148,14.8
"30061","3","10","71","0","2017","4","",10,237,241,229,1684953,419950,1904,550,"",4.03,2.15,2.31,2.31,2.19,6.01,8.12,0.97,"",0,0.0,-6,-2.5,-4,-1.6,-22,-8.8,6076,0.4,-242,-0.1,420,28.3,26,5.0
"30061","5","10","71","0","2017","4","",128,788,743,702,6269712,2648608,41075,648,"",0.90,0.83,0.83,0.82,0.82,0.78,0.93,0.99,"",10,8.5,-10,-1.3,-5,-0.7,-20,-2.8,826636,15.2,273392,11.5,6651,19.3,94,17.0
"30063","0","10","70","0","2017","4","",5369,60358,60140,60280,641734107,238592436,2467386,819,"",1.00,1.00,1.00,1.00,1.00,1.00,1.00,1.00,"",311,6.1,627,1.0,770,1.3,961,1.6,22849146,3.7,9709744,4.2,357672,17.0,19,2.4
"30063","1","10","71","0","2017","4","",40,1420,1295,1274,23362823,0,0,1352,"",1.24,1.22,1.13,1.10,1.32,0.00,0.00,1.15,"",-1,-2.4,78,5.8,61,4.9,78,6.5,-2096774,-8.2,0,0.0,0,0.0,-206,-13.2
"30063","2","10","71","0","2017","4","",20,3962,3963,3845,46149152,46149152,166888,905,"",0.53,2.04,2.06,2.00,2.20,15.23,51.31,1.08,"",-1,-4.8,-364,-8.4,-306,-7.2,-477,-11.0,-7505259,-14.0,-7505259,-14.0,28093,20.2,-54,-5.6
"30063","3","10","71","0","2017","4","",54,4266,4221,4228,46266230,20428776,71779,840,"",0.59,0.71,0.71,0.71,0.84,4.33,5.53,1.18,"",1,1.9,110,2.6,21,0.5,91,2.2,2426220,5.5,1646175,8.8,24576,52.1,30,3.7
"30063","5","10","71","0","2017","4","",5255,50710,50661,50933,525955902,172014508,2228719,797,"",1.01,0.99,0.99,0.99,0.96,0.75,0.91,0.97,"",312,6.3,803,1.6,994,2.0,1269,2.6,30024959,6.1,15568828,10.0,305003,15.9,30,3.9
"30065","0","10","70","0","2017","4","",161,1240,1220,1245,15003579,3218674,29959,935,"",1.00,1.00,1.00,1.00,1.00,1.00,1.00,1.00,"",6,3.9,7,0.6,6,0.5,2,0.2,911022,6.5,-115953,-3.5,292,1.0,54,6.1
"30065","1","10","71","0","2017","4","",5,16,17,16,145682,0,0,686,"",5.18,0.67,0.73,0.67,0.35,0.00,0.00,0.51,"",0,0.0,1,6.7,2,13.3,1,6.7,9005,6.6,0,0.0,0,0.0,-15,-2.1
"30065","2","10","71","0","2017","4","",5,16,16,16,265574,265574,903,1277,"",4.43,0.40,0.41,0.40,0.54,6.50,22.87,1.34,"",-1,-16.7,-4,-20.0,-4,-20.0,-5,-23.8,-49557,-15.7,-49557,-15.7,149,19.8,85,7.1
"30065","3","10","71","0","2017","4","",7,244,239,238,1749849,531057,1773,560,"",2.56,1.99,1.97,1.93,1.36,8.33,11.24,0.69,"",0,0.0,-21,-7.9,-5,-2.0,-9,-3.6,25635,1.5,20696,4.1,584,49.1,34,6.5
"30065","5","10","71","0","2017","4","",144,964,948,975,12842474,2422043,27283,1027,"",0.92,0.92,0.91,0.92,1.00,0.78,0.92,1.09,"",7,5.1,31,3.3,13,1.4,15,1.6,925939,7.8,-87092,-3.5,-441,-1.6,55,5.7
"30067","0","10","70","0","2017","4","",1012,6150,5825,5779,53555755,23238180,272144,696,"",1.00,1.00,1.00,1.00,1.00,1.00,1.00,1.00,"",63,6.6,176,2.9,166,2.9,192,3.4,3349525,6.7,2294964,11.0,38550,16.5,23,3.4
"30067","1","10","71","0","2017","4","",12,82,64,62,910940,0,0,1011,"",1.98,0.69,0.57,0.56,0.62,0.00,0.00,1.02,"",0,0.0,3,3.8,-6,-8.6,-6,-8.8,-135959,-13.0,0,0.0,0,0.0,-102,-9.2
"30067","2","10","71","0","2017","4","",10,45,50,52,822850,800664,2715,1292,"",1.41,0.23,0.27,0.28,0.47,2.71,7.57,1.82,"",0,0.0,-7,-13.5,1,2.0,-1,-1.9,-12825,-1.5,-4967,-0.6,791,41.1,40,3.2
"30067","3","10","71","0","2017","4","",21,603,617,615,5787918,2251866,10147,728,"",1.22,0.99,1.07,1.08,1.26,4.90,7.08,1.21,"",0,0.0,-34,-5.3,-29,-4.5,-25,-3.9,172421,3.1,98610,4.6,2631,35.0,54,8.0
"30067","5","10","71","0","2017","4","",969,5420,5094,5050,46034047,20185650,259282,683,"",0.99,1.04,1.03,1.03,1.01,0.90,0.96,0.98,"",63,7.0,214,4.1,200,4.1,224,4.6,3325888,7.8,2201321,12.2,35128,15.7,23,3.5
"30069","0","10","70","0","2017","4","",22,111,114,113,712828,394904,2928,487,"",1.00,1.00,1.00,1.00,1.00,1.00,1.00,1.00,"",2,10.0,16,16.8,18,18.8,15,15.3,21084,3.0,64258,19.4,360,14.0,-65,-11.8
"30069","1","10","71","0","2017","4","",2,3,3,3,37837,0,0,970,"",15.16,1.40,1.38,1.38,1.93,0.00,0.00,1.39,"",0,0.0,0,0.0,0,0.0,0,0.0,3401,9.9,0,0.0,0,0.0,87,9.9
"30069","2","10","71","0","2017","4","N",1,0,0,0,0,0,0,0,"N",6.49,0,0,0,0,0,0,0,"N",0,0.0,0,0,0,0,0,0,0,0,0,0,0,0,0,0
"30069","3","10","71","0","2017","4","N",4,0,0,0,0,0,0,0,"N",10.70,0,0,0,0,0,0,0,"N",0,0.0,0,0,0,0,0,0,0,0,0,0,0,0,0,0
"30069","5","10","71","0","2017","4","",15,45,44,44,289811,242166,2139,503,"",0.70,0.48,0.45,0.46,0.48,0.63,0.74,1.03,"",2,15.4,9,25.0,7,18.9,9,25.7,3036,1.1,50547,26.4,169,8.6,-110,-17.9
"30071","0","10","70","0","2017","4","",190,1273,1243,1246,10084036,3373030,29380,619,"",1.00,1.00,1.00,1.00,1.00,1.00,1.00,1.00,"",8,4.4,-2,-0.2,-24,-1.9,-9,-0.7,-674159,-6.3,-81458,-2.4,-2960,-9.2,-35,-5.4
"30071","1","10","71","0","2017","4","",13,73,68,71,1172453,0,0,1276,"",11.41,2.98,2.86,2.96,4.23,0.00,0.00,1.44,"",0,0.0,2,2.8,1,1.5,-4,-5.3,51970,4.6,0,0.0,0,0.0,62,5.1
"30071","2","10","71","0","2017","4","",3,12,12,12,173152,173152,564,1110,"",2.25,0.29,0.30,0.30,0.53,4.04,14.56,1.76,"",-1,-25.0,-6,-33.3,-6,-33.3,-7,-36.8,-45406,-20.8,-45406,-20.8,66,13.3,193,21.0
"30071","3","10","71","0","2017","4","",12,318,310,311,2248344,712041,2779,553,"",3.72,2.52,2.51,2.52,2.59,10.66,17.97,1.03,"",0,0.0,0,0.0,-1,-0.3,0,0.0,30119,1.4,7040,1.0,738,36.2,8,1.5
"30071","5","10","71","0","2017","4","",162,870,853,852,6490087,2487837,26037,582,"",0.88,0.80,0.81,0.80,0.75,0.76,0.89,0.94,"",9,5.9,2,0.2,-18,-2.1,2,0.2,-710842,-9.9,-43092,-1.7,-3764,-12.6,-60,-9.3
"30073","0","10","70","0","2017","4","",229,1657,1633,1658,13697723,5082899,50749,639,"",1.00,1.00,1.00,1.00,1.00,1.00,1.00,1.00,"",2,0.9,-102,-5.8,-108,-6.2,-100,-5.7,-958512,-6.5,54860,1.1,1356,2.7,-4,-0.6
"30073","1","10","71","0","2017","4","",8,32,30,30,339407,0,0,851,"",5.82,1.00,0.96,0.94,0.90,0.00,0.00,0.93,"",0,0.0,1,3.2,1,3.4,0,0.0,-2705,-0.8,0,0.0,0,0.0,-26,-3.0
"30073","2","10","71","0","2017","4","N",4,0,0,0,0,0,0,0,"N",2.49,0,0,0,0,0,0,0,"N",0,0.0,0,0,0,0,0,0,0,0,0,0,0,0,0,0
"30073","3","10","71","0","2017","4","N",13,0,0,0,0,0,0,0,"N",3.34,0,0,0,0,0,0,0,"N",0,0.0,0,0,0,0,0,0,0,0,0,0,0,0,0,0
"30073","5","10","71","0","2017","4","",204,1226,1220,1234,10300355,3385110,44963,646,"",0.92,0.87,0.88,0.88,0.88,0.69,0.89,1.01,"",2,1.0,-107,-8.0,-91,-6.9,-86,-6.5,-967881,-8.6,53799,1.6,-348,-0.8,-10,-1.5
"30075","0","10","70","0","2017","4","",98,518,511,496,4123045,2256571,15452,624,"",1.00,1.00,1.00,1.00,1.00,1.00,1.00,1.00,"",5,5.4,-30,-5.5,-33,-6.1,-21,-4.1,237628,6.1,93587,4.3,1427,10.2,67,12.0
"30075","1","10","71","0","2017","4","",4,14,11,11,134299,0,0,861,"",6.81,1.40,1.12,1.15,1.19,0.00,0.00,0.96,"",0,0.0,1,7.7,-1,-8.3,-3,-21.4,7697,6.1,0,0.0,0,0.0,112,15.0
"30075","2","10","71","0","2017","4","N",2,0,0,0,0,0,0,0,"N",2.91,0,0,0,0,0,0,0,"N",0,0.0,0,0,0,0,0,0,0,0,0,0,0,0,0,0
"30075","3","10","71","0","2017","4","N",8,0,0,0,0,0,0,0,"N",4.80,0,0,0,0,0,0,0,"N",0,0.0,0,0,0,0,0,0,0,0,0,0,0,0,0,0
"30075","5","10","71","0","2017","4","",84,308,309,292,2485161,1221910,11799,631,"",0.88,0.70,0.71,0.69,0.71,0.56,0.77,1.01,"",5,6.3,-27,-8.1,-21,-6.4,-18,-5.8,247996,11.1,122094,11.1,454,4.0,101,19.1
"30077","0","10","70","0","2017","4","",231,2345,2360,2382,22351367,13524294,101280,728,"",1.00,1.00,1.00,1.00,1.00,1.00,1.00,1.00,"",8,3.6,7,0.3,70,3.1,67,2.9,395173,1.8,407633,3.1,5811,6.1,-2,-0.3
"30077","1","10","71","0","2017","4","",12,70,67,72,1039741,0,0,1148,"",8.66,1.55,1.48,1.57,1.69,0.00,0.00,1.10,"",0,0.0,-4,-5.4,-2,-2.9,0,0.0,-86641,-7.7,0,0.0,0,0.0,-61,-5.0
"30077","2","10","71","0","2017","4","N",6,0,0,0,0,0,0,0,"N",3.71,0,0,0,0,0,0,0,"N",0,0.0,0,0,0,0,0,0,0,0,0,0,0,0,0,0
"30077","3","10","71","0","2017","4","N",12,0,0,0,0,0,0,0,"N",3.06,0,0,0,0,0,0,0,"N",0,0.0,0,0,0,0,0,0,0,0,0,0,0,0,0,0
"30077","5","10","71","0","2017","4","",201,1297,1293,1299,10622982,4184610,60408,630,"",0.90,0.65,0.64,0.64,0.56,0.32,0.60,0.86,"",8,4.1,46,3.7,86,7.1,68,5.5,379298,3.7,226519,5.7,-4103,-6.4,-11,-1.7
"30079","0","10","70","0","2017","4","",56,298,288,281,2710124,961811,5844,721,"",1.00,1.00,1.00,1.00,1.00,1.00,1.00,1.00,"",1,1.8,-24,-7.5,-35,-10.8,-17,-5.7,47393,1.8,-65342,-6.4,-206,-3.4,69,10.6
"30079","1","10","71","0","2017","4","",6,34,34,34,827168,0,0,1871,"",17.86,5.93,6.17,6.28,11.10,0.00,0.00,1.81,"",0,0.0,-1,-2.9,0,0.0,1,3.0,100279,13.8,0,0.0,0,0.0,226,13.7
"30079","2","10","71","0","2017","4","N",2,0,0,0,0,0,0,0,"N",5.10,0,0,0,0,0,0,0,"N",-1,-33.3,0,0,0,0,0,0,0,0,0,0,0,0,0,0
"30079","3","10","71","0","2017","4","N",5,0,0,0,0,0,0,0,"N",5.25,0,0,0,0,0,0,0,"N",0,0.0,0,0,0,0,0,0,0,0,0,0,0,0,0,0
"30079","5","10","71","0","2017","4","",43,128,111,113,902712,364416,3411,592,"",0.79,0.51,0.45,0.47,0.39,0.39,0.59,0.82,"",2,4.9,-13,-9.2,-12,-9.8,-6,-5.0,-46906,-4.9,-49576,-12.0,-813,-19.2,20,3.5
"30081","0","10","70","0","2017","4","",1859,12179,11953,11825,109848896,40750261,555191,705,"",1.00,1.00,1.00,1.00,1.00,1.00,1.00,1.00,"",123,7.1,325,2.7,288,2.5,220,1.9,4868108,4.6,3485811,9.4,54074,10.8,15,2.2
"30081","1","10","71","0","2017","4","",18,538,476,465,8868011,0,0,1384,"",1.61,2.29,2.08,2.04,2.94,0.00,0.00,1.37,"",1,5.9,6,1.1,-24,-4.8,-25,-5.1,-1073051,-10.8,0,0.0,0,0.0,-123,-8.2
"30081","2","10","71","0","2017","4","",10,86,88,91,1455375,1455375,4853,1267,"",0.77,0.22,0.23,0.24,0.41,2.81,6.63,1.76,"",0,0.0,-12,-12.2,-7,-7.4,-8,-8.1,444,0.0,444,0.0,1467,43.3,117,10.2
"30081","3","10","71","0","2017","4","",40,1451,1470,1447,11683692,2988075,15697,617,"",1.27,1.20,1.24,1.24,1.24,3.70,5.37,1.01,"",2,5.3,22,1.5,14,1.0,8,0.6,426846,3.8,137704,4.8,3535,29.1,16,2.7
"30081","5","10","71","0","2017","4","",1791,10104,9919,9822,87841818,36306811,534641,679,"",0.99,0.98,0.98,0.98,0.94,0.92,0.97,0.96,"",120,7.2,309,3.2,305,3.2,245,2.6,5513869,6.7,3347663,10.2,49072,10.1,24,3.7
"30083","0","10","70","0","2017","4","",684,5529,5374,5422,70833035,18558140,203487,1001,"",1.00,1.00,1.00,1.00,1.00,1.00,1.00,1.00,"",14,2.1,7,0.1,-84,-1.5,-58,-1.1,2230763,3.3,1270572,7.3,31470,18.3,39,4.1
"30083","1","10","71","0","2017","4","",9,77,75,76,1009151,0,0,1021,"",2.19,0.72,0.73,0.73,0.52,0.00,0.00,0.71,"",0,0.0,3,4.1,4,5.6,2,2.7,-16608,-1.6,0,0.0,0,0.0,-60,-5.6
"30083","2","10","71","0","2017","4","",8,41,42,42,379642,379642,1205,701,"",1.67,0.23,0.24,0.24,0.16,1.61,4.49,0.69,"",0,0.0,-2,-4.7,-1,-2.3,-1,-2.3,1499,0.4,1499,0.4,380,46.1,25,3.7
"30083","3","10","71","0","2017","4","",19,685,673,687,6653870,2702803,9039,751,"",1.63,1.25,1.26,1.28,1.09,7.36,8.44,0.86,"",0,0.0,-9,-1.3,-18,-2.6,-1,-0.1,112493,1.7,18201,0.7,2697,42.5,23,3.2
"30083","5","10","71","0","2017","4","",648,4726,4584,4617,62790372,15475695,193243,1040,"",0.98,1.01,1.00,1.00,1.04,0.86,0.96,1.03,"",14,2.2,15,0.3,-69,-1.5,-58,-1.2,2133379,3.5,1250872,8.8,28393,17.2,43,4.3
"30085","0","10","70","0","2017","4","",296,3698,3692,3633,35988508,10963576,117894,753,"",1.00,1.00,1.00,1.00,1.00,1.00,1.00,1.00,"",11,3.9,-45,-1.2,-58,-1.5,-111,-3.0,1039969,3.0,-108980,-1.0,1325,1.1,35,4.9
"30085","1","10","71","0","2017","4","",14,176,182,179,3117395,0,0,1340,"",7.89,2.47,2.58,2.56,3.15,0.00,0.00,1.24,"",0,0.0,-4,-2.2,3,1.7,0,0.0,242496,8.4,0,0.0,0,0.0,107,8.7
"30085","2","10","71","0","2017","4","",7,80,81,82,846158,846158,3073,804,"",3.38,0.67,0.68,0.71,0.72,6.08,19.77,1.05,"",0,0.0,-8,-9.1,-6,-6.9,-10,-10.9,5689,0.7,5689,0.7,898,41.3,78,10.7
"30085","3","10","71","0","2017","4","",24,1642,1631,1579,15532510,5079594,61749,739,"",4.77,4.48,4.45,4.39,5.02,23.40,99.52,1.13,"",4,20.0,101,6.6,57,3.6,-10,-0.6,857599,5.8,56485,1.1,4619,8.1,19,2.6
"30085","5","10","71","0","2017","4","",251,1800,1798,1793,16492445,5037824,53072,706,"",0.87,0.57,0.57,0.58,0.54,0.47,0.45,0.93,"",7,2.9,-134,-6.9,-112,-5.9,-91,-4.8,-65815,-0.4,-171154,-3.3,-4192,-7.3,39,5.8
"30087","0","10","70","0","2017","4","",253,4156,3891,3839,47288350,8728536,158921,918,"",1.00,1.00,1.00,1.00,1.00,1.00,1.00,1.00,"",11,4.5,49,1.2,-219,-5.3,-183,-4.5,1128369,2.4,345585,4.1,32881,26.1,48,5.5
"30087","1","10","71","0","2017","4","",16,216,205,205,3495489,0,0,1289,"",10.54,2.70,2.75,2.77,2.69,0.00,0.00,0.98,"",0,0.0,-32,-12.9,-38,-15.6,-26,-11.3,-293372,-7.7,0,0.0,0,0.0,78,6.4
"30087","2","10","71","0","2017","4","",5,23,24,25,328959,328959,1151,1054,"",2.82,0.17,0.19,0.20,0.21,2.97,5.49,1.13,"",0,0.0,-2,-8.0,-1,-4.0,-1,-3.8,264,0.1,264,0.1,329,40.0,56,5.6
"30087","3","10","71","0","2017","4","",22,1356,1304,1293,11209483,2634812,28168,654,"",5.12,3.29,3.37,3.40,2.76,15.25,33.68,0.82,"",3,15.8,33,2.5,-42,-3.1,-32,-2.4,536147,5.0,-1069255,-28.9,-33406,-54.3,37,6.0
"30087","5","10","71","0","2017","4","",210,2561,2358,2316,32254419,5764765,129602,1029,"",0.86,0.73,0.71,0.71,0.80,0.68,0.82,1.11,"",8,4.0,50,2.0,-138,-5.5,-124,-5.1,885330,2.8,1414576,32.5,65958,103.6,57,5.9
"30089","0","10","70","0","2017","4","",446,2894,2812,2762,23047261,9141176,135003,628,"",1.00,1.00,1.00,1.00,1.00,1.00,1.00,1.00,"",16,3.7,9,0.3,-71,-2.5,-27,-1.0,132655,0.6,194271,2.2,9943,8.0,10,1.6
"30089","1","10","71","0","2017","4","",14,148,105,101,1781403,0,0,1161,"",5.23,2.66,1.95,1.90,2.81,0.00,0.00,1.29,"",0,0.0,7,5.0,-22,-17.3,-19,-15.8,-853091,-32.4,0,0.0,0,0.0,-406,-25.9
"30089","2","10","71","0","2017","4","",7,46,46,46,565800,565800,2265,946,"",2.24,0.50,0.51,0.52,0.75,4.87,12.73,1.48,"",0,0.0,5,12.2,8,21.1,6,15.0,14094,2.6,14094,2.6,630,38.5,-124,-11.6
"30089","3","10","71","0","2017","4","",18,500,495,481,3751589,1323456,8125,587,"",2.37,1.74,1.77,1.76,1.89,7.31,11.44,1.08,"",0,0.0,-3,-0.6,-18,-3.5,-25,-4.9,26213,0.7,-48797,-3.6,1109,15.8,22,3.9
"30089","5","10","71","0","2017","4","",407,2200,2166,2134,16948469,7251920,124613,602,"",0.94,0.89,0.91,0.91,0.86,0.82,0.93,0.95,"",16,4.1,0,0.0,-39,-1.8,11,0.5,945439,5.9,228974,3.3,8204,7.0,36,6.4
"30091","0","10","70","0","2017","4","",234,1367,1346,1362,13221172,3924125,36674,749,"",1.00,1.00,1.00,1.00,1.00,1.00,1.00,1.00,"",8,3.5,-70,-4.9,-78,-5.5,-24,-1.7,-599251,-4.3,-478919,-10.9,-11556,-24.0,-2,-0.3
"30091","1","10","71","0","2017","4","",13,68,64,66,1322337,0,0,1541,"",9.26,2.58,2.48,2.52,3.64,0.00,0.00,1.44,"",0,0.0,3,4.6,-2,-3.0,-3,-4.3,37848,2.9,0,0.0,0,0.0,59,4.0
"30091","2","10","71","0","2017","4","",4,16,16,18,148590,148590,546,686,"",2.44,0.36,0.37,0.41,0.34,2.98,11.29,0.90,"",0,0.0,8,100.0,7,77.8,8,80.0,1611,1.1,1611,1.1,156,40.0,-570,-45.4
"30091","3","10","71","0","2017","4","",10,261,251,266,2080825,799725,2141,617,"",2.51,1.93,1.88,1.97,1.83,10.29,11.09,0.95,"",0,0.0,4,1.6,5,2.0,7,2.7,-57670,-2.7,9915,1.3,822,62.3,-31,-4.8
"30091","5","10","71","0","2017","4","",207,1022,1015,1012,9669420,2975810,33987,732,"",0.91,0.88,0.89,0.87,0.86,0.78,0.93,0.97,"",8,4.0,-85,-7.7,-88,-8.0,-36,-3.4,-581040,-5.7,-490445,-14.1,-12534,-26.9,6,0.8
"30093","0","10","70","0","2017","4","",1343,15921,15903,15752,168944788,61844652,572347,819,"",1.00,1.00,1.00,1.00,1.00,1.00,1.00,1.00,"",43,3.3,-57,-0.4,144,0.9,60,0.4,4214858,2.6,1260597,2.1,69699,13.9,17,2.1
"30093","1","10","71","0","2017","4","",15,219,211,207,3421061,0,0,1239,"",1.86,0.71,0.69,0.68,0.74,0.00,0.00,1.06,"",-1,-6.2,6,2.8,6,2.9,3,1.5,-22846,-0.7,0,0.0,0,0.0,-39,-3.1
"30093","2","10","71","0","2017","4","",14,853,868,842,12667807,12538911,45493,1141,"",1.49,1.67,1.70,1.68,2.30,15.97,60.30,1.37,"",0,0.0,-63,-6.9,-48,-5.2,-87,-9.4,-1505108,-10.6,-1513740,-10.8,6258,16.0,-44,-3.7
"30093","3","10","71","0","2017","4","",10,1178,1198,1204,13048708,5817713,26213,841,"",0.44,0.75,0.76,0.77,0.90,4.75,8.70,1.18,"",0,0.0,4,0.3,129,12.1,77,6.8,282538,2.2,-15748,-0.3,5749,28.1,-33,-3.8
"30093","5","10","71","0","2017","4","",1304,13671,13626,13499,139807212,43488028,500641,791,"",1.00,1.01,1.01,1.01,0.97,0.73,0.88,0.96,"",44,3.5,-4,0.0,57,0.4,67,0.5,5460274,4.1,2790085,6.9,57692,13.0,29,3.8
"30095","0","10","70","0","2017","4","",341,3208,3167,3182,45955615,7986560,78169,1110,"",1.00,1.00,1.00,1.00,1.00,1.00,1.00,1.00,"",15,4.6,128,4.2,80,2.6,108,3.5,-1518,0.0,1283559,19.1,11405,17.1,-38,-3.3
"30095","1","10","71","0","2017","4","",11,33,31,36,397096,0,0,916,"",5.38,0.53,0.51,0.59,0.31,0.00,0.00,0.58,"",1,10.0,2,6.5,0,0.0,5,16.1,13855,3.6,0,0.0,0,0.0,-35,-3.7
"30095","2","10","71","0","2017","4","",5,21,22,23,284808,284808,875,996,"",2.09,0.20,0.22,0.23,0.19,2.81,8.49,0.88,"",0,0.0,-6,-22.2,-5,-18.5,-5,-17.9,12288,4.5,12288,4.5,305,53.5,229,29.9
"30095","3","10","71","0","2017","4","",20,467,461,471,3873346,1276178,4863,639,"",3.45,1.47,1.47,1.50,0.98,8.07,11.82,0.66,"",0,0.0,7,1.5,-3,-0.6,0,0.0,98293,2.6,86597,7.3,1656,51.6,15,2.4
"30095","5","10","71","0","2017","4","",305,2687,2653,2652,41400365,6425574,72431,1195,"",0.92,0.99,0.99,0.98,1.06,0.83,0.93,1.07,"",14,4.8,125,4.9,88,3.4,108,4.2,-125954,-0.3,1184674,22.6,9444,15.0,-54,-4.3
"30097","0","10","70","0","2017","4","",236,1532,1516,1539,21979186,4033088,35131,1106,"",1.00,1.00,1.00,1.00,1.00,1.00,1.00,1.00,"",9,4.0,17,1.1,7,0.5,45,3.0,3113321,16.5,769065,23.6,8260,30.7,142,14.7
"30097","1","10","71","0","2017","4","",7,28,18,21,258565,0,0,891,"",4.95,0.95,0.62,0.71,0.43,0.00,0.00,0.56,"",0,0.0,-4,-12.5,-12,-40.0,-9,-30.0,-121706,-32.0,0,0.0,0,0.0,-63,-6.6
"30097","2","10","71","0","2017","4","",5,10,11,12,216662,216662,790,1515,"",3.02,0.20,0.23,0.24,0.30,4.23,17.06,1.34,"",-1,-16.7,-2,-16.7,-1,-8.3,-1,-7.7,-19458,-8.2,-19458,-8.2,172,27.8,42,2.9
"30097","3","10","71","0","2017","4","",8,201,203,210,1401356,449810,1549,527,"",1.99,1.32,1.35,1.38,0.74,5.63,8.38,0.55,"",0,0.0,-3,-1.5,-5,-2.4,0,0.0,-4573,-0.3,8446,1.9,474,44.1,5,1.0
"30097","5","10","71","0","2017","4","",216,1293,1284,1296,20102603,3366616,32792,1198,"",0.94,0.99,1.00,0.99,1.07,0.86,0.94,1.08,"",10,4.9,26,2.1,25,2.0,55,4.4,3259058,19.3,780077,30.2,7614,30.2,166,16.1
"30099","0","10","70","0","2017","4","",289,1702,1694,1675,16060657,5190565,47821,731,"",1.00,1.00,1.00,1.00,1.00,1.00,1.00,1.00,"",9,3.2,-43,-2.5,-43,-2.5,-27,-1.6,172563,1.1,86442,1.7,3516,7.9,24,3.4
"30099","1","10","71","0","2017","4","",9,54,47,39,596568,0,0,983,"",5.19,1.65,1.45,1.21,1.35,0.00,0.00,0.94,"",0,0.0,0,0.0,-4,-7.8,-11,-22.0,-59835,-9.1,0,0.0,0,0.0,6,0.6
"30099","2","10","71","0","2017","4","",4,15,15,18,240721,240721,887,1157,"",1.98,0.27,0.28,0.34,0.46,3.65,14.07,1.55,"",0,0.0,-2,-11.8,-2,-11.8,0,0.0,1407,0.6,1407,0.6,247,38.6,95,8.9
"30099","3","10","71","0","2017","4","",20,422,441,424,2923275,922805,2976,524,"",4.07,2.50,2.62,2.56,2.12,8.98,11.82,0.83,"",0,0.0,-10,-2.3,-3,-0.7,-6,-1.4,174793,6.4,129589,16.3,847,39.8,38,7.8
"30099","5","10","71","0","2017","4","",256,1211,1191,1194,12300093,4027039,43958,789,"",0.91,0.84,0.83,0.84,0.90,0.80,0.93,1.07,"",9,3.6,-31,-2.5,-34,-2.8,-10,-0.8,56198,0.5,-44554,-1.1,2422,5.8,19,2.5
"30101","0","10","70","0","2017","4","",243,1853,1811,1848,21137267,6985823,50686,885,"",1.00,1.00,1.00,1.00,1.00,1.00,1.00,1.00,"",3,1.2,-71,-3.7,-79,-4.2,-53,-2.8,430776,2.1,404994,6.2,247,0.5,49,5.9
"30101","1","10","71","0","2017","4","",13,152,148,153,3222735,0,0,1642,"",8.92,4.26,4.27,4.30,5.55,0.00,0.00,1.30,"",0,0.0,3,2.0,-3,-2.0,3,2.0,62752,2.0,0,0.0,0,0.0,21,1.3
"30101","2","10","71","0","2017","4","",8,40,39,42,360875,360875,1249,688,"",4.70,0.67,0.67,0.71,0.52,4.07,18.69,0.76,"",0,0.0,-5,-11.1,-5,-11.4,-5,-10.6,1671,0.5,1671,0.5,377,43.2,78,12.8
"30101","3","10","71","0","2017","4","",15,395,381,383,3199382,1964835,6892,637,"",3.63,2.15,2.12,2.09,1.76,14.21,25.84,0.83,"",0,0.0,-4,-1.0,-22,-5.5,-16,-4.0,-47709,-1.5,-3560,-0.2,1867,37.2,13,2.1
"30101","5","10","71","0","2017","4","",207,1266,1243,1270,14354275,4660113,42545,877,"",0.88,0.80,0.81,0.81,0.80,0.69,0.84,0.99,"",3,1.5,-65,-4.9,-49,-3.8,-35,-2.7,414062,3.0,406883,9.6,-1997,-4.5,58,7.1
"30103","0","10","70","0","2017","4","",39,201,198,191,1808790,729017,6147,707,"",1.00,1.00,1.00,1.00,1.00,1.00,1.00,1.00,"",0,0.0,5,2.6,-4,-2.0,1,0.5,61760,3.5,6656,0.9,913,17.4,21,3.1
"30103","1","10","71","0","2017","4","",4,6,7,5,46851,0,0,601,"",17.10,1.55,1.85,1.36,0.94,0.00,0.00,0.59,"",0,0.0,1,20.0,2,40.0,0,0.0,2618,5.9,0,0.0,0,0.0,-80,-11.7
"30103","2","10","71","0","2017","4","N",1,0,0,0,0,0,0,0,"N",3.66,0,0,0,0,0,0,0,"N",0,0.0,0,0,0,0,0,0,0,0,0,0,0,0,0,0
"30103","3","10","71","0","2017","4","N",4,0,0,0,0,0,0,0,"N",6.03,0,0,0,0,0,0,0,"N",0,0.0,0,0,0,0,0,0,0,0,0,0,0,0,0,0
"30103","5","10","71","0","2017","4","",30,146,137,138,1469996,604295,5636,806,"",0.79,0.85,0.81,0.85,0.95,0.86,0.92,1.13,"",0,0.0,10,7.4,-1,-0.7,4,3.0,121902,9.0,27758,4.8,859,18.0,44,5.8
"30105","0","10","70","0","2017","4","",355,3055,3050,3006,28544299,10232513,90890,723,"",1.00,1.00,1.00,1.00,1.00,1.00,1.00,1.00,"",14,4.1,-245,-7.4,-216,-6.6,-169,-5.3,-854291,-2.9,-952543,-8.5,-22850,-20.1,27,3.9
"30105","1","10","71","0","2017","4","",20,148,148,146,2631744,0,0,1374,"",9.39,2.52,2.54,2.52,3.35,0.00,0.00,1.33,"",0,0.0,3,2.1,8,5.7,2,1.4,12365,0.5,0,0.0,0,0.0,-35,-2.5
"30105","2","10","71","0","2017","4","",10,110,111,107,1078817,1078817,4437,759,"",4.02,1.12,1.14,1.12,1.16,8.30,37.03,1.03,"",0,0.0,-2,-1.8,1,0.9,-1,-0.9,35501,3.4,35501,3.4,1214,37.7,29,4.0
"30105","3","10","71","0","2017","4","",22,532,538,505,4167412,2377113,13957,611,"",3.65,1.76,1.78,1.70,1.70,11.74,29.18,0.97,"",1,4.8,25,4.9,15,2.9,-8,-1.6,226475,5.7,130243,5.8,4375,45.7,22,3.7
"30105","5","10","71","0","2017","4","",303,2265,2253,2248,20666326,6776583,72496,705,"",0.88,0.87,0.87,0.88,0.85,0.68,0.80,0.97,"",13,4.5,-271,-10.7,-240,-9.6,-162,-6.7,-1128632,-5.2,-1118287,-14.2,-28439,-28.2,29,4.3
"30107","0","10","70","0","2017","4","",97,611,615,649,6575076,2203382,22082,809,"",1.00,1.00,1.00,1.00,1.00,1.00,1.00,1.00,"",7,7.8,-13,-2.1,-5,-0.8,33,5.4,1538197,30.5,101631,4.8,2242,11.3,184,29.4
"30107","1","10","71","0","2017","4","",7,21,16,16,213664,0,0,930,"",12.03,1.79,1.36,1.28,1.18,0.00,0.00,0.80,"",0,0.0,-1,-4.5,-4,-20.0,-3,-15.8,-54419,-20.3,0,0.0,0,0.0,-84,-8.3
"30107","2","10","71","0","2017","4","N",2,0,0,0,0,0,0,0,"N",2.94,0,0,0,0,0,0,0,"N",0,0.0,0,0,0,0,0,0,0,0,0,0,0,0,0,0
"30107","3","10","71","0","2017","4","N",7,0,0,0,0,0,0,0,"N",4.25,0,0,0,0,0,0,0,"N",0,0.0,0,0,0,0,0,0,0,0,0,0,0,0,0,0
"30107","5","10","71","0","2017","4","",81,452,446,455,5150901,1813945,19970,879,"",0.86,0.87,0.85,0.82,0.92,0.85,0.91,1.08,"",7,9.5,-15,-3.2,-21,-4.5,6,1.3,1569591,43.8,98922,5.8,1849,10.2,281,47.0
"30109","0","10","70","0","2017","4","",47,278,270,272,2189867,767257,6107,616,"",1.00,1.00,1.00,1.00,1.00,1.00,1.00,1.00,"",1,2.2,-16,-5.4,-10,-3.6,-12,-4.2,-167053,-7.1,-64393,-7.7,452,8.0,-18,-2.8
"30109","1","10","71","0","2017","4","",3,7,11,8,88443,0,0,785,"",10.64,1.31,2.13,1.53,1.47,0.00,0.00,0.89,"",0,0.0,-2,-22.2,2,22.2,0,0.0,6563,8.0,0,0.0,0,0.0,58,8.0
"30109","2","10","71","0","2017","4","N",2,0,0,0,0,0,0,0,"N",6.07,0,0,0,0,0,0,0,"N",0,0.0,0,0,0,0,0,0,0,0,0,0,0,0,0,0
"30109","3","10","71","0","2017","4","N",4,0,0,0,0,0,0,0,"N",5.01,0,0,0,0,0,0,0,"N",0,0.0,0,0,0,0,0,0,0,0,0,0,0,0,0,0
"30109","5","10","71","0","2017","4","",38,135,125,127,1016590,362019,4453,606,"",0.83,0.57,0.54,0.55,0.54,0.49,0.73,0.98,"",1,2.7,-4,-2.9,-7,-5.3,-3,-2.3,-210035,-17.1,-62694,-14.8,41,0.9,-100,-14.2
"30111","0","10","70","0","2017","4","",6862,81403,81183,81395,976827446,274023918,2810722,924,"",1.00,1.00,1.00,1.00,1.00,1.00,1.00,1.00,"",393,6.1,-40,0.0,-153,-0.2,690,0.9,8426425,0.9,8040684,3.0,193833,7.4,6,0.7
"30111","1","10","71","0","2017","4","",57,1773,1750,1764,36813864,0,0,1607,"",1.38,1.13,1.13,1.13,1.37,0.00,0.00,1.22,"",0,0.0,7,0.4,18,1.0,8,0.5,5158993,16.3,0,0.0,0,0.0,217,15.6
"30111","2","10","71","0","2017","4","",18,1575,1596,1657,16592467,16592467,58596,793,"",0.37,0.60,0.61,0.64,0.52,4.77,15.82,0.84,"",0,0.0,-21,-1.3,5,0.3,47,2.9,125303,0.8,125303,0.8,17004,40.9,1,0.1
"30111","3","10","71","0","2017","4","",29,5556,5570,5541,65647038,27873437,76362,909,"",0.25,0.69,0.69,0.69,0.78,5.14,5.16,1.13,"",-1,-3.3,112,2.1,97,1.8,162,3.0,3665219,5.9,1523580,5.8,24279,46.6,31,3.5
"30111","5","10","71","0","2017","4","",6758,72499,72267,72433,857774077,229558014,2675764,911,"",1.02,1.05,1.05,1.05,1.03,0.87,0.96,0.98,"",394,6.2,-138,-0.2,-273,-0.4,473,0.7,-523090,-0.1,6391801,2.9,152550,6.0,-1,-0.1
"30999","0","10","70","0","2017","4","",3139,8127,7770,7536,135464825,36155436,620048,1334,"",1.00,1.00,1.00,1.00,1.00,1.00,1.00,1.00,"",798,34.1,489,6.4,421,5.7,332,4.6,18404926,15.7,3998556,12.4,5033,0.8,117,9.6
"30999","1","10","71","0","2017","4","",33,268,264,267,4689166,0,0,1354,"",1.75,1.71,1.78,1.84,1.26,0.00,0.00,0.71,"",2,6.5,7,2.7,10,3.9,11,4.3,489326,11.7,0,0.0,0,0.0,97,7.7
"30999","2","10","71","0","2017","4","N",4,0,0,0,0,0,0,0,"N",0.18,0,0,0,0,0,0,0,"N",3,300.0,0,0,0,0,0,0,0,0,0,0,0,0,0,0
"30999","3","10","71","0","2017","4","N",4,0,0,0,0,0,0,0,"N",0.07,0,0,0,0,0,0,0,"N",3,300.0,0,0,0,0,0,0,0,0,0,0,0,0,0,0
"30999","5","10","71","0","2017","4","",3098,7403,7420,7219,129387498,35075189,616223,1355,"",1.02,1.07,1.12,1.13,1.12,1.00,1.00,1.01,"",790,34.2,44,0.6,342,4.8,288,4.2,16820351,14.9,2918309,9.1,1208,0.2,139,11.4
"31000","0","10","50","0","2017","4","",71496,979634,981247,981212,11480742309,750773936,7276535,901,"",1.00,1.00,1.00,1.00,1.00,1.00,1.00,1.00,"",322,0.5,2509,0.3,5869,0.6,9357,1.0,389924563,3.5,18052747,2.5,-1320377,-15.4,26,3.0
"31000","1","10","51","0","2017","4","",883,16852,16813,16817,296025402,0,0,1353,"",2.06,0.89,0.90,0.89,0.94,0.00,0.00,1.05,"",1,0.1,122,0.7,97,0.6,-83,-0.5,10469953,3.7,0,0.0,0,0.0,44,3.4
"31000","2","10","51","0","2017","4","",851,33642,33648,33456,420929107,3359,11,964,"",1.70,1.07,1.07,1.07,1.12,0.00,0.00,1.05,"",-16,-1.8,-508,-1.5,-358,-1.1,-219,-0.7,4325086,1.0,3359,100.0,11,100.0,20,2.1
"31000","3","10","51","0","2017","4","",1897,112657,112663,112064,1204652348,4931622,40558,824,"",1.56,1.16,1.16,1.15,1.22,0.33,1.06,1.05,"",-5,-0.3,-181,-0.2,-162,-0.1,298,0.3,16889471,1.4,-680,0.0,-14014,-25.7,12,1.5
"31000","5","10","51","0","2017","4","",67865,816483,818123,818875,9559135452,745838955,7235966,899,"",0.98,0.98,0.98,0.98,0.98,1.03,1.00,0.99,"",342,0.5,3076,0.4,6292,0.8,9361,1.2,358240053,3.9,18050068,2.5,-1306374,-15.3,27,3.1
"31000","8","10","96","0","2017","4","",3631,163151,163124,162337,1921606857,4934981,40569,908,"",1.69,1.11,1.10,1.10,1.15,0.20,0.85,1.04,"",-20,-0.5,-567,-0.3,-423,-0.3,-4,0.0,31684510,1.7,2679,0.1,-14003,-25.7,17,1.9
"31001","0","10","70","0","2017","4","",1163,15439,15405,15210,156290556,10496076,98908,783,"",1.00,1.00,1.00,1.00,1.00,1.00,1.00,1.00,"",-10,-0.9,-161,-1.0,-69,-0.4,-62,-0.4,5751822,3.8,326129,3.2,-10725,-9.8,33,4.4
"31001","1","10","71","0","2017","4","",12,99,105,103,1563067,0,0,1175,"",1.72,0.33,0.36,0.35,0.36,0.00,0.00,1.05,"",0,0.0,-3,-2.9,5,5.0,-5,-4.6,69294,4.6,0,0.0,0,0.0,63,5.7
"31001","2","10","71","0","2017","4","",10,226,225,227,2207037,0,0,751,"",1.23,0.46,0.46,0.47,0.43,0.00,0.00,0.94,"",-1,-9.1,-26,-10.3,-25,-10.0,-26,-10.3,-200274,-8.3,0,0.0,0,0.0,15,2.0
"31001","3","10","71","0","2017","4","",30,1978,1977,1954,21122519,73192,130,825,"",1.52,1.29,1.29,1.30,1.57,0.35,0.25,1.21,"",0,0.0,-30,-1.5,-8,-0.4,-36,-1.8,454803,2.2,-7029,-8.8,52,66.7,28,3.5
"31001","5","10","71","0","2017","4","",1111,13136,13098,12926,131397933,10422884,98778,774,"",0.98,1.00,1.00,1.00,0.98,1.03,1.01,0.98,"",-9,-0.8,-102,-0.8,-41,-0.3,5,0.0,5427999,4.3,333158,3.3,-10777,-9.8,34,4.6
"31003","0","10","70","0","2017","4","",288,2180,2222,2154,21529303,1371495,14976,758,"",1.00,1.00,1.00,1.00,1.00,1.00,1.00,1.00,"",-10,-3.4,56,2.6,133,6.4,118,5.8,2793952,14.9,70521,5.4,3209,27.3,66,9.5
"31003","1","10","71","0","2017","4","",8,25,28,27,260153,0,0,750,"",4.63,0.60,0.66,0.65,0.44,0.00,0.00,0.69,"",0,0.0,-1,-3.8,1,3.7,-4,-12.9,-9811,-3.6,0,0.0,0,0.0,8,1.1
"31003","2","10","71","0","2017","4","",7,30,29,28,302805,0,0,803,"",3.47,0.43,0.41,0.41,0.43,0.00,0.00,1.04,"",0,0.0,-3,-9.1,-2,-6.5,1,3.7,19159,6.8,0,0.0,0,0.0,84,11.7
"31003","3","10","71","0","2017","4","",21,430,446,440,3658691,25989,41,642,"",4.29,1.99,2.02,2.06,1.98,0.96,0.52,0.98,"",0,0.0,-7,-1.6,4,0.9,11,2.6,191159,5.5,-727,-2.7,-22,-34.9,30,4.9
"31003","5","10","71","0","2017","4","",252,1695,1719,1659,17307654,1345506,14935,787,"",0.90,0.92,0.91,0.91,0.94,1.01,1.00,1.03,"",-10,-3.8,67,4.1,130,8.2,110,7.1,2593445,17.6,71248,5.6,3231,27.6,75,10.5
"31005","0","10","70","0","2017","4","",17,84,86,86,597492,25850,187,539,"",1.00,1.00,1.00,1.00,1.00,1.00,1.00,1.00,"",0,0.0,-3,-3.4,2,2.4,1,1.2,-74876,-11.1,-6188,-19.3,-108,-36.6,-67,-11.1
"31005","1","10","71","0","2017","4","",1,2,2,2,13423,0,0,516,"",9.81,1.24,1.22,1.21,0.82,0.00,0.00,0.67,"",0,0.0,0,0.0,0,0.0,0,0.0,72,0.5,0,0.0,0,0.0,2,0.4
"31005","2","10","71","0","2017","4","N",2,0,0,0,0,0,0,0,"N",16.79,0,0,0,0,0,0,0,"N",-1,-33.3,0,0,0,0,0,0,0,0,0,0,0,0,0,0
"31005","3","10","71","0","2017","4","N",3,0,0,0,0,0,0,0,"N",10.38,0,0,0,0,0,0,0,"N",0,0.0,0,0,0,0,0,0,0,0,0,0,0,0,0,0
"31005","5","10","71","0","2017","4","",11,31,32,34,178325,24956,184,424,"",0.67,0.43,0.44,0.47,0.35,1.00,0.99,0.78,"",1,10.0,-2,-6.1,3,10.3,3,9.7,-79239,-30.8,-6041,-19.5,-108,-37.0,-215,-33.6
"31007","0","10","70","0","2017","4","",10,111,113,118,1045582,36654,276,706,"",1.00,1.00,1.00,1.00,1.00,1.00,1.00,1.00,"",-4,-28.6,-14,-11.2,-11,-8.9,-7,-5.6,-101845,-8.9,-24056,-39.6,-509,-64.8,-2,-0.3
"31007","1","10","71","0","2017","4","",2,4,4,4,70813,0,0,1362,"",33.35,1.87,1.85,1.76,2.46,0.00,0.00,1.35,"",0,0.0,0,0.0,0,0.0,0,0.0,-1663,-2.3,0,0.0,0,0.0,-32,-2.3
"31007","2","10","71","0","2017","4","-",0,0,0,0,0,0,0,0,"N",0.00,0,0,0,0,0,0,0,"N",-1,-100.0,0,0,0,0,0,0,0,0,0,0,0,0,0,0
"31007","3","10","71","0","2017","4","N",2,0,0,0,0,0,0,0,"N",11.77,0,0,0,0,0,0,0,"N",0,0.0,0,0,0,0,0,0,0,0,0,0,0,0,0,0
"31007","5","10","71","0","2017","4","N",6,0,0,0,0,0,0,0,"N",0.62,0,0,0,0,0,0,0,"N",-3,-33.3,0,0,0,0,0,0,0,0,0,0,0,0,0,0
"31009","0","10","70","0","2017","4","",23,131,127,129,1155018,97723,561,689,"",1.00,1.00,1.00,1.00,1.00,1.00,1.00,1.00,"",-1,-4.2,6,4.8,1,0.8,-5,-3.7,23391,2.1,-29552,-23.2,-730,-56.5,11,1.6
"31009","1","10","71","0","2017","4","",3,32,29,24,270876,0,0,735,"",21.75,12.69,11.93,9.66,8.53,0.00,0.00,0.75,"",0,0.0,7,28.0,8,38.1,3,14.3,52080,23.8,0,0.0,0,0.0,-19,-2.5
"31009","2","10","71","0","2017","4","N",1,0,0,0,0,0,0,0,"N",6.21,0,0,0,0,0,0,0,"N",0,0.0,0,0,0,0,0,0,0,0,0,0,0,0,0,0
"31009","3","10","71","0","2017","4","N",3,0,0,0,0,0,0,0,"N",7.67,0,0,0,0,0,0,0,"N",0,0.0,0,0,0,0,0,0,0,0,0,0,0,0,0,0
"31009","5","10","71","0","2017","4","",16,53,50,56,474794,89175,542,689,"",0.72,0.48,0.46,0.51,0.48,0.94,0.97,0.99,"",-1,-5.9,0,0.0,-3,-5.7,-6,-9.7,-49953,-9.5,-23130,-20.6,-685,-55.8,-32,-4.4
"31011","0","10","70","0","2017","4","",274,2318,2307,2327,22249410,1547443,11078,739,"",1.00,1.00,1.00,1.00,1.00,1.00,1.00,1.00,"",11,4.2,-26,-1.1,-32,-1.4,-25,-1.1,954204,4.5,202271,15.0,-2215,-16.7,40,5.7
"31011","1","10","71","0","2017","4","",7,34,30,28,352861,0,0,885,"",4.26,0.76,0.68,0.62,0.58,0.00,0.00,0.84,"",0,0.0,8,30.8,3,11.1,3,12.0,44841,14.6,0,0.0,0,0.0,-26,-2.9
"31011","2","10","71","0","2017","4","",3,9,9,9,97982,0,0,837,"",1.56,0.12,0.12,0.12,0.13,0.00,0.00,1.11,"",0,0.0,0,0.0,0,0.0,1,12.5,-5322,-5.2,0,0.0,0,0.0,-80,-8.7
"31011","3","10","71","0","2017","4","",20,634,640,638,5700776,19516,119,688,"",4.29,2.76,2.79,2.77,2.98,0.64,2.04,1.07,"",0,0.0,-4,-0.6,6,0.9,-12,-1.8,86566,1.5,3190,19.5,29,32.2,14,2.1
"31011","5","10","71","0","2017","4","",244,1641,1628,1652,16097791,1527927,10959,755,"",0.92,0.83,0.83,0.84,0.85,1.02,1.00,1.02,"",11,4.7,-30,-1.8,-41,-2.5,-17,-1.0,828119,5.4,199081,15.0,-2244,-17.0,52,7.4
"31013","0","10","70","0","2017","4","",432,3935,3825,3783,37011432,3209232,32846,740,"",1.00,1.00,1.00,1.00,1.00,1.00,1.00,1.00,"",5,1.2,-7,-0.2,15,0.4,-2,-0.1,2308761,6.7,300631,10.3,352,1.1,46,6.6
"31013","1","10","71","0","2017","4","",6,36,35,33,473773,0,0,1051,"",2.32,0.48,0.48,0.45,0.47,0.00,0.00,0.99,"",0,0.0,-1,-2.7,-1,-2.8,-5,-13.2,18343,4.0,0,0.0,0,0.0,104,11.0
"31013","2","10","71","0","2017","4","",11,64,65,61,644276,0,0,783,"",3.63,0.51,0.53,0.51,0.53,0.00,0.00,1.04,"",0,0.0,10,18.5,8,14.0,4,7.0,103083,19.0,0,0.0,0,0.0,40,5.4
"31013","3","10","71","0","2017","4","",15,947,939,949,9857385,5600,11,802,"",2.04,2.43,2.47,2.53,3.10,0.09,0.06,1.25,"",0,0.0,8,0.9,5,0.5,13,1.4,519205,5.6,237,4.4,0,0.0,35,4.6
"31013","5","10","71","0","2017","4","",400,2888,2786,2740,26035998,3203632,32835,714,"",0.95,0.86,0.86,0.85,0.82,1.03,1.01,0.96,"",5,1.3,-24,-0.8,3,0.1,-14,-0.5,1668130,6.8,300394,10.3,352,1.1,48,7.2
"31015","0","10","70","0","2017","4","",106,583,563,573,4417299,317352,2085,593,"",1.00,1.00,1.00,1.00,1.00,1.00,1.00,1.00,"",0,0.0,-31,-5.0,-29,-4.9,-25,-4.2,-184589,-4.0,-59922,-15.9,-1768,-45.9,4,0.7
"31015","1","10","71","0","2017","4","",6,16,18,16,189120,0,0,873,"",9.44,1.43,1.67,1.45,1.56,0.00,0.00,1.03,"",0,0.0,0,0.0,2,12.5,1,6.7,9098,5.1,0,0.0,0,0.0,-11,-1.2
"31015","2","10","71","0","2017","4","",6,11,11,10,116674,0,0,841,"",8.08,0.59,0.61,0.55,0.81,0.00,0.00,1.39,"",0,0.0,1,10.0,1,10.0,-1,-9.1,-1637,-1.4,0,0.0,0,0.0,-40,-4.5
"31015","3","10","71","0","2017","4","",15,210,190,203,1367704,62625,238,523,"",8.33,3.64,3.40,3.58,3.60,9.97,21.69,1.02,"",0,0.0,-4,-1.9,-13,-6.4,-10,-4.7,-20088,-1.4,6897,12.4,-44,-15.6,15,3.0
"31015","5","10","71","0","2017","4","",79,346,344,344,2743801,254727,1847,612,"",0.77,0.70,0.72,0.71,0.73,0.83,0.89,1.03,"",0,0.0,-28,-7.5,-19,-5.2,-15,-4.2,-171962,-5.9,-66819,-20.8,-1724,-48.3,-2,-0.3
"31017","0","10","70","0","2017","4","",170,1239,1231,1202,10849850,776860,6797,682,"",1.00,1.00,1.00,1.00,1.00,1.00,1.00,1.00,"",4,2.4,-29,-2.3,25,2.1,-3,-0.2,-20872,-0.2,11506,1.5,-641,-8.6,0,0.0
"31017","1","10","71","0","2017","4","",5,18,20,16,206549,0,0,883,"",4.90,0.75,0.85,0.69,0.69,0.00,0.00,0.91,"",0,0.0,-2,-10.0,-2,-9.1,-5,-23.8,-2197,-1.1,0,0.0,0,0.0,118,15.4
"31017","2","10","71","0","2017","4","",5,46,47,44,448162,0,0,755,"",4.20,1.16,1.19,1.15,1.27,0.00,0.00,1.09,"",-1,-16.7,-6,-11.5,-4,-7.8,-6,-12.0,-98751,-18.1,0,0.0,0,0.0,-70,-8.5
"31017","3","10","71","0","2017","4","",13,343,344,351,3746281,95,0,833,"",4.50,2.79,2.81,2.95,4.02,0.01,0.00,1.41,"",0,0.0,-14,-3.9,-11,-3.1,0,0.0,-17270,-0.5,-390,-80.4,0,0.0,16,2.0
"31017","5","10","71","0","2017","4","",147,832,820,791,6448858,776765,6797,609,"",0.89,0.79,0.78,0.77,0.70,1.03,1.01,0.89,"",5,3.5,-7,-0.8,42,5.4,8,1.0,97346,1.5,11896,1.6,-641,-8.6,-2,-0.3
"31019","0","10","70","0","2017","4","",1931,27360,27339,27404,277426389,21679072,185021,780,"",1.00,1.00,1.00,1.00,1.00,1.00,1.00,1.00,"",33,1.7,-77,-0.3,101,0.4,243,0.9,4971271,1.8,911831,4.4,-35370,-16.0,12,1.6
"31019","1","10","71","0","2017","4","",19,129,131,128,1811656,0,0,1078,"",1.64,0.24,0.25,0.24,0.24,0.00,0.00,0.97,"",0,0.0,4,3.2,-3,-2.2,-4,-3.0,29740,1.7,0,0.0,0,0.0,26,2.5
"31019","2","10","71","0","2017","4","",27,1450,1451,1472,16878743,0,0,891,"",2.00,1.65,1.66,1.68,1.86,0.00,0.00,1.12,"",0,0.0,-28,-1.9,-6,-0.4,18,1.2,292460,1.8,0,0.0,0,0.0,19,2.2
"31019","3","10","71","0","2017","4","",29,2465,2454,2444,26268839,25885,133,823,"",0.88,0.91,0.90,0.90,1.10,0.06,0.14,1.22,"",0,0.0,9,0.4,10,0.4,6,0.2,418012,1.6,-4845,-15.8,-69,-34.2,10,1.2
"31019","5","10","71","0","2017","4","",1856,23316,23303,23360,232467151,21653187,184888,767,"",0.99,1.00,1.00,1.00,0.98,1.03,1.01,0.98,"",33,1.8,-62,-0.3,100,0.4,223,1.0,4231059,1.9,916676,4.4,-35301,-16.0,12,1.6
"31021","0","10","70","0","2017","4","",272,1770,1769,1775,16894658,1146273,14692,734,"",1.00,1.00,1.00,1.00,1.00,1.00,1.00,1.00,"",-1,-0.4,-56,-3.1,-36,-2.0,-33,-1.8,312116,1.9,-65494,-5.4,195,1.3,30,4.3
"31021","1","10","71","0","2017","4","",6,35,28,31,362738,0,0,891,"",3.68,1.03,0.83,0.91,0.78,0.00,0.00,0.85,"",-1,-14.3,0,0.0,-6,-17.6,-7,-18.4,-5765,-1.6,0,0.0,0,0.0,96,12.1
"31021","2","10","71","0","2017","4","",3,13,13,12,165982,0,0,1008,"",1.57,0.23,0.23,0.21,0.30,0.00,0.00,1.35,"",0,0.0,0,0.0,0,0.0,-1,-7.7,8276,5.2,0,0.0,0,0.0,75,8.0
"31021","3","10","71","0","2017","4","",24,513,525,518,4590735,54330,274,681,"",5.19,2.93,2.99,2.95,3.16,2.39,3.54,1.07,"",0,0.0,4,0.8,2,0.4,-5,-1.0,194329,4.4,29399,117.9,121,79.1,29,4.4
"31021","5","10","71","0","2017","4","",239,1209,1203,1214,11775203,1091943,14418,749,"",0.91,0.80,0.80,0.80,0.82,0.98,0.99,1.01,"",0,0.0,-60,-4.7,-32,-2.6,-20,-1.6,115276,1.0,-94893,-8.0,74,0.5,29,4.0
"31023","0","10","70","0","2017","4","",280,2568,2500,2539,24840192,1705072,11740,754,"",1.00,1.00,1.00,1.00,1.00,1.00,1.00,1.00,"",3,1.1,44,1.7,-11,-0.4,36,1.4,150574,0.6,333578,24.3,-244,-2.0,-2,-0.3
"31023","1","10","71","0","2017","4","",10,45,40,40,512575,0,0,946,"",5.95,0.91,0.84,0.82,0.75,0.00,0.00,0.88,"",0,0.0,1,2.3,-4,-9.1,-4,-9.1,-14709,-2.8,0,0.0,0,0.0,24,2.6
"31023","2","10","71","0","2017","4","",4,13,14,13,145884,0,0,842,"",2.04,0.16,0.17,0.16,0.18,0.00,0.00,1.09,"",0,0.0,-5,-27.8,-4,-22.2,-3,-18.8,-26861,-15.5,0,0.0,0,0.0,75,9.8
"31023","3","10","71","0","2017","4","",27,598,602,616,6255560,40356,219,795,"",5.67,2.35,2.42,2.45,2.93,1.20,3.54,1.22,"",-1,-3.6,3,0.5,-2,-0.3,21,3.5,199724,3.3,-6735,-14.3,-280,-56.1,16,2.1
"31023","5","10","71","0","2017","4","",239,1912,1844,1870,17926173,1664716,11521,735,"",0.88,0.88,0.87,0.87,0.85,1.01,0.99,0.97,"",4,1.7,45,2.4,-1,-0.1,22,1.2,-7580,0.0,340313,25.7,36,0.3,-9,-1.2
"31025","0","10","70","0","2017","4","",694,5943,5728,5745,56908491,4352937,54989,754,"",1.00,1.00,1.00,1.00,1.00,1.00,1.00,1.00,"",13,1.9,199,3.5,106,1.9,197,3.6,2979093,5.5,-36181,-0.8,1952,3.7,18,2.4
"31025","1","10","71","0","2017","4","",17,61,56,60,722132,0,0,942,"",4.08,0.53,0.51,0.54,0.46,0.00,0.00,0.87,"",0,0.0,0,0.0,-6,-9.7,-7,-10.4,1714,0.2,0,0.0,0,0.0,67,7.7
"31025","2","10","71","0","2017","4","",8,94,75,72,534184,0,0,512,"",1.65,0.49,0.41,0.39,0.29,0.00,0.00,0.67,"",0,0.0,6,6.8,-5,-6.2,1,1.4,-15179,-2.8,0,0.0,0,0.0,-18,-3.4
"31025","3","10","71","0","2017","4","",36,1266,1281,1257,12406338,214826,1186,753,"",3.05,2.15,2.25,2.21,2.54,2.49,4.10,1.15,"",1,2.9,24,1.9,7,0.5,-4,-0.3,292113,2.4,30465,16.5,-99,-7.7,13,1.8
"31025","5","10","71","0","2017","4","",633,4522,4316,4356,43245837,4138111,53803,756,"",0.94,0.90,0.89,0.89,0.89,0.98,0.98,1.00,"",12,1.9,169,3.9,110,2.6,207,5.0,2700445,6.7,-66646,-1.6,2051,4.0,20,2.7
"31027","0","10","70","0","2017","4","",343,2627,2602,2667,24908596,1725977,14112,728,"",1.00,1.00,1.00,1.00,1.00,1.00,1.00,1.00,"",-14,-3.9,-54,-2.0,3,0.1,19,0.7,588696,2.4,81303,4.9,70,0.5,20,2.8
"31027","1","10","71","0","2017","4","",13,94,91,91,1401735,0,0,1172,"",6.32,1.86,1.83,1.77,2.05,0.00,0.00,1.13,"",0,0.0,5,5.6,3,3.4,-2,-2.2,109874,8.5,0,0.0,0,0.0,68,6.2
"31027","2","10","71","0","2017","4","",4,23,25,24,265431,0,0,851,"",1.66,0.27,0.30,0.28,0.33,0.00,0.00,1.15,"",-1,-20.0,-4,-14.8,-2,-7.4,-2,-7.7,-5743,-2.1,0,0.0,0,0.0,69,8.8
"31027","3","10","71","0","2017","4","",21,589,579,627,5003948,44898,84,643,"",3.60,2.26,2.24,2.38,2.34,1.31,1.13,1.02,"",0,0.0,9,1.6,-3,-0.5,22,3.6,111554,2.3,10951,32.3,37,78.7,4,0.6
"31027","5","10","71","0","2017","4","",305,1921,1907,1925,18237482,1681079,14028,732,"",0.92,0.86,0.86,0.85,0.86,1.01,1.00,1.00,"",-13,-4.1,-64,-3.2,5,0.3,1,0.1,373011,2.1,70352,4.4,33,0.2,23,3.2
"31029","0","10","70","0","2017","4","",234,1871,1896,1858,18064806,1626714,13357,741,"",1.00,1.00,1.00,1.00,1.00,1.00,1.00,1.00,"",5,2.2,18,1.0,64,3.5,23,1.3,624776,3.6,120027,8.0,-166,-1.2,12,1.6
"31029","1","10","71","0","2017","4","",6,26,25,24,244424,0,0,752,"",4.28,0.72,0.69,0.67,0.49,0.00,0.00,0.71,"",0,0.0,-5,-16.1,-1,-3.8,-5,-17.2,-22946,-8.6,0,0.0,0,0.0,35,4.9
"31029","2","10","71","0","2017","4","",6,14,14,12,129575,0,0,748,"",3.66,0.23,0.23,0.20,0.22,0.00,0.00,0.99,"N",0,0.0,0,0,0,0,0,0,0,0,0,0,0,0,0,0
"31029","3","10","71","0","2017","4","",10,405,409,414,3854796,58215,126,724,"",2.51,2.18,2.17,2.25,2.48,1.81,1.79,1.13,"N",-1,-9.1,0,0,0,0,0,0,0,0,0,0,0,0,0,0
"31029","5","10","71","0","2017","4","",212,1426,1448,1408,13836011,1568499,13231,746,"",0.93,0.90,0.90,0.89,0.90,1.00,1.00,1.00,"",6,2.9,93,7.0,123,9.3,92,7.0,987689,7.7,115382,7.9,-24,-0.2,0,0.0
"31031","0","10","70","0","2017","4","",332,2337,2268,2290,18554304,1792541,19963,621,"",1.00,1.00,1.00,1.00,1.00,1.00,1.00,1.00,"",-10,-2.9,-77,-3.2,-63,-2.7,-19,-0.8,390428,2.1,-113155,-5.9,-4277,-17.6,27,4.5
"31031","1","10","71","0","2017","4","",11,46,44,49,588450,0,0,977,"",5.52,1.02,1.01,1.11,1.15,0.00,0.00,1.10,"",0,0.0,-2,-4.2,-3,-6.4,-9,-15.5,-7194,-1.2,0,0.0,0,0.0,79,8.8
"31031","2","10","71","0","2017","4","",10,54,53,47,522449,0,0,783,"",4.30,0.72,0.73,0.64,0.86,0.00,0.00,1.24,"",0,0.0,-1,-1.8,0,0.0,0,0.0,-3174,-0.6,0,0.0,0,0.0,0,0.0
"31031","3","10","71","0","2017","4","",20,525,534,519,4812057,21905,106,704,"",3.54,2.27,2.37,2.29,3.02,0.62,1.01,1.31,"",0,0.0,24,4.8,30,6.0,29,5.9,363237,8.2,6903,46.0,34,47.2,17,2.5
"31031","5","10","71","0","2017","4","",291,1712,1637,1675,12631348,1770636,19857,580,"",0.90,0.86,0.85,0.86,0.80,1.02,1.00,0.93,"",-10,-3.3,-98,-5.4,-90,-5.2,-39,-2.3,37559,0.3,-120058,-6.3,-4311,-17.8,27,4.9
"31033","0","10","70","0","2017","4","",389,5058,4964,4902,72822023,2964979,21255,1126,"",1.00,1.00,1.00,1.00,1.00,1.00,1.00,1.00,"",-23,-5.6,-393,-7.2,-450,-8.3,-441,-8.3,8257330,12.8,-687604,-18.8,-10072,-32.2,207,22.5
"31033","1","10","71","0","2017","4","",8,32,32,31,416856,0,0,1013,"",3.43,0.33,0.34,0.33,0.21,0.00,0.00,0.63,"",0,0.0,0,0.0,-4,-11.1,-3,-8.8,-2502,-0.6,0,0.0,0,0.0,64,6.7
"31033","2","10","71","0","2017","4","",9,51,49,50,521207,0,0,802,"",3.30,0.31,0.31,0.32,0.22,0.00,0.00,0.70,"",0,0.0,-1,-1.9,-2,-3.9,0,0.0,4345,0.8,0,0.0,0,0.0,22,2.8
"31033","3","10","71","0","2017","4","",24,716,704,708,6886985,17212,31,747,"",3.63,1.43,1.43,1.46,1.10,0.29,0.28,0.76,"",-1,-4.0,-26,-3.5,-22,-3.0,-23,-3.1,-30277,-0.4,6533,61.2,1,3.3,21,2.9
"31033","5","10","71","0","2017","4","",348,4259,4179,4113,64996975,2947767,21224,1195,"",0.92,0.99,0.99,0.99,1.05,1.03,1.01,1.06,"",-22,-5.9,-366,-7.9,-422,-9.2,-415,-9.2,8285764,14.6,-694137,-19.1,-10073,-32.2,243,25.5
"31035","0","10","70","0","2017","4","",290,2417,2401,2340,26311622,1363099,11148,848,"",1.00,1.00,1.00,1.00,1.00,1.00,1.00,1.00,"",0,0.0,-91,-3.6,-94,-3.8,-84,-3.5,-376461,-1.4,-105502,-7.2,-4792,-30.1,19,2.3
"31035","1","10","71","0","2017","4","",11,143,144,143,2357534,0,0,1265,"",6.32,3.07,3.13,3.17,3.26,0.00,0.00,1.04,"",0,0.0,-6,-4.0,-2,-1.4,-9,-5.9,-33031,-1.4,0,0.0,0,0.0,31,2.5
"31035","2","10","71","0","2017","4","N",5,0,0,0,0,0,0,0,"N",2.46,0,0,0,0,0,0,0,"N",0,0.0,0,0,0,0,0,0,0,0,0,0,0,0,0,0
"31035","3","10","71","0","2017","4","N",21,0,0,0,0,0,0,0,"N",4.26,0,0,0,0,0,0,0,"N",0,0.0,0,0,0,0,0,0,0,0,0,0,0,0,0,0
"31035","5","10","71","0","2017","4","",253,1697,1670,1627,18762586,1332138,11087,867,"",0.90,0.83,0.82,0.82,0.84,1.01,1.00,1.02,"",0,0.0,-89,-5.0,-108,-6.1,-68,-4.0,-539074,-2.8,-98353,-6.9,-4698,-29.8,20,2.4
"31037","0","10","70","0","2017","4","",326,5167,5180,5246,56365371,4009130,33419,834,"",1.00,1.00,1.00,1.00,1.00,1.00,1.00,1.00,"",-8,-2.4,-40,-0.8,-39,-0.7,-4,-0.1,-8553389,-13.2,-293479,-6.8,-6783,-16.9,-122,-12.8
"31037","1","10","71","0","2017","4","",8,61,61,58,986034,0,0,1264,"",4.09,0.61,0.62,0.57,0.64,0.00,0.00,1.06,"",0,0.0,-2,-3.2,-3,-4.7,-8,-12.1,-38283,-3.7,0,0.0,0,0.0,39,3.2
"31037","2","10","71","0","2017","4","",3,12,12,12,161245,0,0,1034,"",1.31,0.07,0.07,0.07,0.09,0.00,0.00,1.22,"",0,0.0,-1,-7.7,-1,-7.7,0,0.0,32647,25.4,0,0.0,0,0.0,253,32.4
"31037","3","10","71","0","2017","4","",22,716,720,724,6159636,210710,264,658,"",3.97,1.40,1.40,1.39,1.27,2.65,1.50,0.91,"",-1,-4.3,47,7.0,52,7.8,47,6.9,543882,9.7,126679,150.8,-66,-20.0,15,2.3
"31037","5","10","71","0","2017","4","",293,4378,4387,4452,49058456,3798420,33155,857,"",0.93,1.00,1.00,1.00,1.02,0.98,1.00,1.02,"",-7,-2.3,-84,-1.9,-87,-1.9,-43,-1.0,-9091635,-15.6,-420158,-10.0,-6717,-16.8,-142,-14.2
"31039","0","10","70","0","2017","4","",440,3690,3701,3707,38838931,2416935,19274,808,"",1.00,1.00,1.00,1.00,1.00,1.00,1.00,1.00,"",-12,-2.7,12,0.3,41,1.1,9,0.2,-339670,-0.9,29045,1.2,-4790,-19.9,-11,-1.3
"31039","1","10","71","0","2017","4","",7,32,32,32,400787,0,0,963,"",2.65,0.45,0.45,0.45,0.38,0.00,0.00,0.83,"",0,0.0,-2,-5.9,-1,-3.0,-4,-11.1,19035,5.0,0,0.0,0,0.0,108,12.6
"31039","2","10","71","0","2017","4","",6,22,21,21,227127,0,0,819,"",1.95,0.19,0.18,0.18,0.18,0.00,0.00,0.99,"",0,0.0,-1,-4.3,-2,-8.7,-1,-4.5,-19990,-8.1,0,0.0,0,0.0,-20,-2.4
"31039","3","10","71","0","2017","4","",29,688,682,685,6039963,82129,440,678,"",3.88,1.88,1.86,1.87,1.81,1.72,4.34,0.97,"",-3,-9.4,-21,-3.0,-23,-3.3,-33,-4.6,121270,2.0,1863,2.3,-167,-27.5,37,5.8
"31039","5","10","71","0","2017","4","",398,2948,2966,2969,32171054,2334806,18834,836,"",0.93,0.94,0.94,0.94,0.97,1.00,0.98,1.03,"",-9,-2.2,36,1.2,67,2.3,47,1.6,-459985,-1.4,27182,1.2,-4623,-19.7,-26,-3.0
"31041","0","10","70","0","2017","4","",518,4610,4590,4611,45172403,3184868,27485,755,"",1.00,1.00,1.00,1.00,1.00,1.00,1.00,1.00,"",-4,-0.8,76,1.7,76,1.7,72,1.6,2319008,5.4,-422884,-11.7,-7192,-20.7,27,3.7
"31041","1","10","71","0","2017","4","",13,42,41,42,458208,0,0,846,"",4.18,0.47,0.47,0.47,0.37,0.00,0.00,0.78,"",0,0.0,1,2.4,1,2.5,-2,-4.5,18782,4.3,0,0.0,0,0.0,35,4.3
"31041","2","10","71","0","2017","4","",16,59,61,60,596061,0,0,764,"",4.41,0.40,0.41,0.41,0.40,0.00,0.00,0.99,"",1,6.7,-2,-3.3,-1,-1.6,0,0.0,-59969,-9.1,0,0.0,0,0.0,-63,-7.6
"31041","3","10","71","0","2017","4","",45,806,814,816,7441399,41502,569,705,"",5.11,1.76,1.79,1.79,1.92,0.66,3.93,1.08,"",0,0.0,-6,-0.7,-11,-1.3,-15,-1.8,302286,4.2,3080,8.0,116,25.6,37,5.5
"31041","5","10","71","0","2017","4","",444,3703,3674,3693,36676735,3143366,26916,765,"",0.88,0.95,0.94,0.94,0.95,1.02,0.99,1.01,"",-5,-1.1,83,2.3,87,2.4,89,2.5,2057909,5.9,-425964,-11.9,-7308,-21.4,26,3.5
"31043","0","10","70","0","2017","4","",544,13180,13176,13140,150411122,11105294,98875,879,"",1.00,1.00,1.00,1.00,1.00,1.00,1.00,1.00,"",-15,-2.7,488,3.8,377,2.9,477,3.8,11577774,8.3,691431,6.6,-18656,-15.9,39,4.6
"31043","1","10","71","0","2017","4","",9,71,74,72,1050215,0,0,1117,"",2.76,0.28,0.29,0.28,0.25,0.00,0.00,0.89,"",0,0.0,-5,-6.6,0,0.0,-7,-8.9,-98085,-8.5,0,0.0,0,0.0,-40,-3.5
"31043","2","10","71","0","2017","4","",6,52,52,52,500427,0,0,740,"",1.57,0.12,0.12,0.12,0.10,0.00,0.00,0.83,"",0,0.0,-2,-3.7,-2,-3.7,-2,-3.7,6860,1.4,0,0.0,0,0.0,37,5.3
"31043","3","10","71","0","2017","4","",26,1038,1033,1017,11594282,21200,342,866,"",2.81,0.79,0.79,0.78,0.90,0.10,0.66,1.14,"",0,0.0,-7,-0.7,-17,-1.6,-11,-1.1,122310,1.1,-4488,-17.5,-1045,-75.3,18,2.1
"31043","5","10","71","0","2017","4","",503,12019,12017,11999,137266198,11084094,98533,879,"",0.95,1.07,1.07,1.07,1.07,1.03,1.00,0.99,"",-15,-2.9,502,4.4,396,3.4,497,4.3,11546689,9.2,695919,6.7,-17611,-15.2,41,4.9
"31045","0","10","70","0","2017","4","",357,3375,3300,3277,26885155,2027341,21894,623,"",1.00,1.00,1.00,1.00,1.00,1.00,1.00,1.00,"",0,0.0,52,1.6,-12,-0.4,-22,-0.7,338570,1.3,-25698,-1.3,-4337,-16.5,6,1.0
"31045","1","10","71","0","2017","4","",6,123,119,123,1603481,0,0,1014,"",2.80,1.89,1.88,1.95,2.17,0.00,0.00,1.14,"",0,0.0,-10,-7.5,-12,-9.2,-6,-4.7,-62214,-3.7,0,0.0,0,0.0,36,3.7
"31045","2","10","71","0","2017","4","",16,517,505,495,5285407,0,0,804,"",6.40,4.77,4.78,4.74,6.02,0.00,0.00,1.27,"",0,0.0,5,1.0,3,0.6,4,0.8,185260,3.6,0,0.0,0,0.0,22,2.8
"31045","3","10","71","0","2017","4","",27,553,538,538,4535619,24546,49,643,"",4.45,1.65,1.64,1.66,1.96,0.61,0.43,1.19,"",0,0.0,21,3.9,6,1.1,-1,-0.2,105561,2.4,2767,12.7,17,53.1,5,0.8
"31045","5","10","71","0","2017","4","",308,2182,2138,2121,15460648,2002795,21845,554,"",0.89,0.76,0.76,0.76,0.67,1.02,1.00,0.88,"",0,0.0,36,1.7,-9,-0.4,-19,-0.9,109963,0.7,-28465,-1.4,-4354,-16.6,3,0.5
"31047","0","10","70","0","2017","4","",859,11439,11395,11405,114799110,7657573,58551,774,"",1.00,1.00,1.00,1.00,1.00,1.00,1.00,1.00,"",-22,-2.5,-10,-0.1,75,0.7,27,0.2,6910773,6.4,-38606,-0.5,-10162,-14.8,45,6.2
"31047","1","10","71","0","2017","4","",11,101,100,99,1426320,0,0,1097,"",2.14,0.46,0.46,0.45,0.45,0.00,0.00,0.99,"",0,0.0,-3,-2.9,-6,-5.7,-9,-8.3,-21091,-1.5,0,0.0,0,0.0,47,4.5
"31047","2","10","71","0","2017","4","",14,148,151,152,1361153,0,0,696,"",2.33,0.40,0.41,0.42,0.36,0.00,0.00,0.88,"",0,0.0,9,6.5,12,8.6,13,9.4,74165,5.8,0,0.0,0,0.0,-16,-2.2
"31047","3","10","71","0","2017","4","",41,2019,2008,2000,22400023,3240,44,858,"",2.81,1.78,1.77,1.77,2.27,0.02,0.14,1.28,"",0,0.0,-12,-0.6,-23,-1.1,-22,-1.1,707083,3.3,-5243,-61.8,-16,-26.7,35,4.3
"31047","5","10","71","0","2017","4","",793,9171,9136,9154,89611614,7654333,58507,753,"",0.95,0.94,0.94,0.94,0.91,1.03,1.01,0.97,"",-22,-2.7,-4,0.0,92,1.0,45,0.5,6150616,7.4,-33363,-0.4,-10146,-14.8,48,6.8
"31049","0","10","70","0","2017","4","",84,577,574,567,4579627,368496,2536,615,"",1.00,1.00,1.00,1.00,1.00,1.00,1.00,1.00,"",1,1.2,-8,-1.4,-5,-0.9,-10,-1.7,-93827,-2.0,-19445,-5.0,-474,-15.7,-4,-0.6
"31049","1","10","71","0","2017","4","",2,4,4,4,53703,0,0,1033,"",3.97,0.36,0.36,0.37,0.43,0.00,0.00,1.17,"",0,0.0,-1,-20.0,0,0.0,1,33.3,3655,7.3,0,0.0,0,0.0,71,7.4
"31049","2","10","71","0","2017","4","",4,22,23,23,198572,0,0,674,"",6.80,1.19,1.25,1.27,1.33,0.00,0.00,1.07,"",0,0.0,-1,-4.3,1,4.5,3,15.0,11131,5.9,0,0.0,0,0.0,9,1.4
"31049","3","10","71","0","2017","4","",8,190,189,186,1341321,0,0,548,"",5.60,3.32,3.32,3.31,3.41,0.00,0.00,1.03,"",0,0.0,10,5.6,2,1.1,3,1.6,94935,7.6,0,0.0,0,0.0,25,4.8
"31049","5","10","71","0","2017","4","",70,361,358,354,2986031,368496,2536,642,"",0.86,0.74,0.73,0.73,0.76,1.03,1.01,1.04,"",1,1.4,-16,-4.2,-8,-2.2,-17,-4.6,-203548,-6.4,-19445,-5.0,-474,-15.7,-19,-2.9
"31051","0","10","70","0","2017","4","",148,1697,1669,1697,14945345,949041,8236,681,"",1.00,1.00,1.00,1.00,1.00,1.00,1.00,1.00,"",-5,-3.3,7,0.4,-4,-0.2,-5,-0.3,-1247592,-7.7,-127767,-11.9,-1970,-19.3,-57,-7.7
"31051","1","10","71","0","2017","4","",10,40,33,37,412234,0,0,865,"",11.27,1.22,1.03,1.13,1.00,0.00,0.00,0.89,"",0,0.0,-1,-2.4,-2,-5.7,-5,-11.9,886,0.2,0,0.0,0,0.0,61,7.6
"31051","2","10","71","0","2017","4","",5,80,73,61,591041,0,0,637,"",4.82,1.47,1.37,1.13,1.21,0.00,0.00,0.92,"N",0,0.0,0,0,0,0,0,0,0,0,0,0,0,0,0,0
"31051","3","10","71","0","2017","4","",18,323,324,321,2121005,80178,238,506,"",7.16,1.92,1.95,1.91,1.65,4.27,5.49,0.86,"N",0,0.0,0,0,0,0,0,0,0,0,0,0,0,0,0,0
"31051","5","10","71","0","2017","4","",115,1254,1239,1278,11821065,868863,7998,723,"",0.80,0.87,0.87,0.89,0.93,0.95,0.98,1.06,"",-5,-4.2,5,0.4,-9,-0.7,2,0.2,-1483681,-11.2,-148267,-14.6,-1974,-19.8,-91,-11.2
"31053","0","10","70","0","2017","4","",1192,17544,17517,17572,175851703,13376254,112210,771,"",1.00,1.00,1.00,1.00,1.00,1.00,1.00,1.00,"",-10,-0.8,278,1.6,274,1.6,352,2.0,6677190,3.9,591434,4.6,-20112,-15.2,16,2.1
"31053","1","10","71","0","2017","4","",14,111,110,109,1609870,0,0,1126,"",1.96,0.33,0.33,0.32,0.33,0.00,0.00,1.02,"",0,0.0,-1,-0.9,0,0.0,-4,-3.5,34487,2.2,0,0.0,0,0.0,41,3.8
"31053","2","10","71","0","2017","4","",13,313,300,295,2726853,0,0,693,"",1.56,0.56,0.53,0.53,0.47,0.00,0.00,0.88,"",-1,-7.1,9,3.0,0,0.0,15,5.4,113413,4.3,0,0.0,0,0.0,11,1.6
"31053","3","10","71","0","2017","4","",48,2706,2677,2696,31924851,56374,314,912,"",2.37,1.56,1.54,1.55,2.11,0.21,0.53,1.36,"",0,0.0,14,0.5,5,0.2,46,1.7,23256,0.1,13822,32.5,64,25.6,-7,-0.8
"31053","5","10","71","0","2017","4","",1117,14414,14430,14472,139590129,13319880,111896,744,"",0.97,0.97,0.97,0.97,0.93,1.03,1.00,0.96,"",-9,-0.8,256,1.8,269,1.9,295,2.1,6506034,4.9,577612,4.5,-20176,-15.3,21,2.9
"31055","0","10","70","0","2017","4","",18711,340630,342910,342592,4492781636,265159520,2600102,1010,"",1.00,1.00,1.00,1.00,1.00,1.00,1.00,1.00,"",-41,-0.2,697,0.2,2966,0.9,2194,0.6,132038483,3.0,3851256,1.5,-536381,-17.1,24,2.4
"31055","1","10","71","0","2017","4","",59,5830,5814,5854,113018789,0,0,1491,"",0.53,0.89,0.89,0.89,0.92,0.00,0.00,1.03,"",0,0.0,55,1.0,27,0.5,42,0.7,4688038,4.3,0,0.0,0,0.0,52,3.6
"31055","2","10","71","0","2017","4","",54,7742,7742,7720,110590271,0,0,1100,"",0.41,0.71,0.70,0.71,0.75,0.00,0.00,1.07,"",-6,-10.0,-95,-1.2,-36,-0.5,-76,-1.0,1868528,1.7,0,0.0,0,0.0,28,2.6
"31055","3","10","71","0","2017","4","",86,27802,27726,27222,320747540,343417,3353,894,"",0.27,0.82,0.81,0.80,0.83,0.07,0.25,1.02,"",-1,-1.1,56,0.2,56,0.2,297,1.1,7986961,2.6,6166,1.8,-836,-20.0,17,1.9
"31055","5","10","71","0","2017","4","",18512,299256,301628,301796,3948425036,264816103,2596749,1009,"",1.02,1.03,1.04,1.04,1.03,1.03,1.01,0.99,"",-34,-0.2,681,0.2,2919,1.0,1931,0.6,117494956,3.1,3845090,1.5,-535545,-17.1,24,2.4
"31057","0","10","70","0","2017","4","",94,578,570,580,5533611,260518,1383,739,"",1.00,1.00,1.00,1.00,1.00,1.00,1.00,1.00,"",-2,-2.1,25,4.5,0,0.0,9,1.6,68932,1.3,18414,7.6,-212,-13.3,-5,-0.7
"31057","1","10","71","0","2017","4","",4,10,10,10,114940,0,0,884,"",7.09,0.90,0.92,0.90,0.76,0.00,0.00,0.84,"",1,33.3,-1,-9.1,-1,-9.1,-2,-16.7,3082,2.8,0,0.0,0,0.0,125,16.5
"31057","2","10","71","0","2017","4","",5,11,10,10,101140,0,0,753,"",7.59,0.59,0.55,0.54,0.56,0.00,0.00,1.00,"",0,0.0,0,0.0,0,0.0,1,11.1,915,0.9,0,0.0,0,0.0,-18,-2.3
"31057","3","10","71","0","2017","4","",7,214,217,223,2263501,2459,5,799,"",4.38,3.74,3.83,3.89,4.76,0.48,0.69,1.25,"",0,0.0,-5,-2.3,-5,-2.3,-10,-4.3,56171,2.5,-8,-0.3,-5,-50.0,43,5.7
"31057","5","10","71","0","2017","4","",78,343,333,337,3054030,258059,1378,696,"",0.86,0.70,0.69,0.68,0.65,1.02,1.00,0.94,"",-3,-3.7,31,9.9,6,1.8,20,6.3,8764,0.3,18422,7.7,-207,-13.1,-39,-5.3
"31059","0","10","70","0","2017","4","",298,2157,2138,2148,22441238,1483418,12260,804,"",1.00,1.00,1.00,1.00,1.00,1.00,1.00,1.00,"",0,0.0,-44,-2.0,-94,-4.2,-81,-3.6,-41411,-0.2,-210675,-12.4,-24412,-66.6,25,3.2
"31059","1","10","71","0","2017","4","",9,26,28,28,316175,0,0,890,"",5.04,0.63,0.68,0.68,0.51,0.00,0.00,0.77,"",0,0.0,1,4.0,2,7.7,-2,-6.7,3461,1.1,0,0.0,0,0.0,-1,-0.1
"31059","2","10","71","0","2017","4","",6,106,103,105,1051318,0,0,773,"",2.87,1.53,1.50,1.53,1.43,0.00,0.00,0.94,"",0,0.0,-9,-7.8,-8,-7.2,-4,-3.7,-61071,-5.5,0,0.0,0,0.0,7,0.9
"31059","3","10","71","0","2017","4","",19,594,588,590,5272237,23231,98,687,"",3.75,2.78,2.77,2.78,2.73,0.79,1.52,0.99,"",0,0.0,1,0.2,3,0.5,-10,-1.7,295905,5.9,3474,17.6,19,24.1,41,6.3
"31059","5","10","71","0","2017","4","",264,1431,1419,1425,15801508,1460187,12162,853,"",0.91,0.78,0.78,0.78,0.82,1.02,1.00,1.06,"",0,0.0,-37,-2.5,-91,-6.0,-65,-4.4,-279706,-1.7,-214149,-12.8,-24431,-66.8,22,2.6
"31061","0","10","70","0","2017","4","",122,732,735,734,7239280,540262,3894,759,"",1.00,1.00,1.00,1.00,1.00,1.00,1.00,1.00,"",-3,-2.4,-9,-1.2,-6,-0.8,-14,-1.9,177010,2.5,-6390,-1.2,-227,-5.5,28,3.8
"31061","1","10","71","0","2017","4","",9,17,19,19,161125,0,0,676,"",12.30,1.21,1.35,1.34,0.81,0.00,0.00,0.62,"",0,0.0,-1,-5.6,-1,-5.0,-3,-13.6,4527,2.9,0,0.0,0,0.0,74,12.3
"31061","2","10","71","0","2017","4","",3,6,6,6,60974,0,0,782,"",3.51,0.26,0.25,0.26,0.26,0.00,0.00,1.01,"",0,0.0,1,20.0,1,20.0,1,20.0,13698,29.0,0,0.0,0,0.0,55,7.6
"31061","3","10","71","0","2017","4","",17,293,296,303,2454002,44692,106,635,"",8.20,4.04,4.06,4.17,3.94,4.18,5.17,0.96,"",0,0.0,-2,-0.7,-1,-0.3,0,0.0,73641,3.1,6516,17.1,-57,-35.0,21,3.4
"31061","5","10","71","0","2017","4","",93,416,414,406,4563179,495570,3788,852,"",0.79,0.67,0.66,0.65,0.74,0.95,0.98,1.12,"",-3,-3.1,-7,-1.7,-5,-1.2,-12,-2.9,85144,1.9,-12906,-2.5,-170,-4.3,32,3.9
"31063","0","10","70","0","2017","4","",94,839,852,849,7555706,578240,5562,686,"",1.00,1.00,1.00,1.00,1.00,1.00,1.00,1.00,"",4,4.4,18,2.2,34,4.2,38,4.7,238783,3.3,59602,11.5,496,9.8,-3,-0.4
"31063","1","10","71","0","2017","4","",6,17,17,16,162501,0,0,750,"",10.64,1.05,1.04,0.98,0.78,0.00,0.00,0.76,"",1,20.0,2,13.3,1,6.2,1,6.7,9560,6.3,0,0.0,0,0.0,-17,-2.2
"31063","2","10","71","0","2017","4","N",4,0,0,0,0,0,0,0,"N",6.07,0,0,0,0,0,0,0,"N",0,0.0,0,0,0,0,0,0,0,0,0,0,0,0,0,0
"31063","3","10","71","0","2017","4","N",10,0,0,0,0,0,0,0,"N",6.26,0,0,0,0,0,0,0,"N",0,0.0,0,0,0,0,0,0,0,0,0,0,0,0,0,0
"31063","5","10","71","0","2017","4","",74,505,511,510,4786208,578240,5562,724,"",0.81,0.71,0.71,0.71,0.74,1.03,1.01,1.05,"",3,4.2,17,3.5,31,6.5,36,7.6,257096,5.7,59602,11.5,496,9.8,-1,-0.1
"31065","0","10","70","0","2017","4","",244,2040,2002,2007,19013062,1250114,12899,725,"",1.00,1.00,1.00,1.00,1.00,1.00,1.00,1.00,"",0,0.0,-8,-0.4,-55,-2.7,-23,-1.1,-328554,-1.7,-19533,-1.5,-2508,-16.3,-3,-0.4
"31065","1","10","71","0","2017","4","",9,34,30,35,365287,0,0,851,"",6.15,0.87,0.78,0.91,0.70,0.00,0.00,0.82,"",0,0.0,-2,-5.6,1,3.4,4,12.9,7818,2.2,0,0.0,0,0.0,-8,-0.9
"31065","2","10","71","0","2017","4","",6,21,21,19,177888,0,0,673,"",3.51,0.32,0.33,0.30,0.29,0.00,0.00,0.91,"",0,0.0,2,10.5,2,10.5,2,11.8,7181,4.2,0,0.0,0,0.0,-43,-6.0
"31065","3","10","71","0","2017","4","",18,472,451,461,3659426,46444,299,610,"",4.34,2.34,2.27,2.32,2.24,1.88,4.40,0.97,"",-1,-5.3,-30,-6.0,-37,-7.6,-35,-7.1,-253070,-6.5,-18681,-28.7,-94,-23.9,2,0.3
"31065","5","10","71","0","2017","4","",211,1513,1500,1492,14810461,1203670,12600,759,"",0.89,0.87,0.88,0.87,0.91,1.00,0.98,1.04,"",1,0.5,22,1.5,-21,-1.4,6,0.4,-90483,-0.6,-852,-0.1,-2414,-16.1,-5,-0.7
"31067","0","10","70","0","2017","4","",825,8965,9020,9142,86132319,5840754,68776,733,"",1.00,1.00,1.00,1.00,1.00,1.00,1.00,1.00,"",5,0.6,-193,-2.1,-231,-2.5,-4,0.0,4065411,5.0,442003,8.2,4,0.0,46,6.7
"31067","1","10","71","0","2017","4","",13,81,79,81,1017932,0,0,975,"",2.63,0.47,0.46,0.46,0.43,0.00,0.00,0.93,"",0,0.0,-1,-1.2,1,1.3,-4,-4.7,58756,6.1,0,0.0,0,0.0,72,8.0
"31067","2","10","71","0","2017","4","N",10,0,0,0,0,0,0,0,"N",1.73,0,0,0,0,0,0,0,"N",0,0.0,0,0,0,0,0,0,0,0,0,0,0,0,0,0
"31067","3","10","71","0","2017","4","N",47,0,0,0,0,0,0,0,"N",3.35,0,0,0,0,0,0,0,"N",2,4.4,0,0,0,0,0,0,0,0,0,0,0,0,0,0
"31067","5","10","71","0","2017","4","",755,7114,7172,7302,67325161,5713775,68167,720,"",0.94,0.93,0.94,0.94,0.92,1.01,1.00,0.98,"",3,0.4,-44,-0.6,-50,-0.7,127,1.8,4394234,7.0,392290,7.4,-81,-0.1,46,6.8
"31069","0","10","70","0","2017","4","",87,563,567,554,5165896,375121,3776,708,"",1.00,1.00,1.00,1.00,1.00,1.00,1.00,1.00,"",2,2.4,9,1.6,2,0.4,-9,-1.6,668665,14.9,3614,1.0,408,12.1,91,14.7
"31069","1","10","71","0","2017","4","",6,17,16,15,196442,0,0,944,"",11.50,1.57,1.47,1.41,1.38,0.00,0.00,0.93,"",0,0.0,3,21.4,1,6.7,-3,-16.7,-5614,-2.8,0,0.0,0,0.0,-48,-4.8
"31069","2","10","71","0","2017","4","",4,7,6,4,60737,0,0,824,"",6.56,0.39,0.33,0.23,0.36,0.00,0.00,1.14,"",0,0.0,1,16.7,0,0.0,-2,-33.3,-1646,-2.6,0,0.0,0,0.0,24,3.0
"31069","3","10","71","0","2017","4","",8,136,141,137,1176773,2686,14,656,"",5.41,2.44,2.50,2.50,2.65,0.36,0.70,1.07,"",0,0.0,7,5.4,7,5.2,4,3.0,120057,11.4,1543,135.0,11,366.7,40,6.5
"31069","5","10","71","0","2017","4","",69,403,404,398,3731944,372435,3762,715,"",0.82,0.84,0.84,0.85,0.85,1.03,1.00,1.00,"",2,3.0,-2,-0.5,-6,-1.5,-8,-2.0,555868,17.5,2071,0.6,397,11.8,115,19.2
"31071","0","10","70","0","2017","4","",123,802,823,854,6564742,469283,3676,611,"",1.00,1.00,1.00,1.00,1.00,1.00,1.00,1.00,"",3,2.5,-18,-2.2,22,2.7,58,7.3,458835,7.5,5380,1.2,-560,-13.2,28,4.8
"31071","1","10","71","0","2017","4","",3,9,10,9,110533,0,0,911,"",4.07,0.58,0.63,0.55,0.61,0.00,0.00,1.04,"",0,0.0,0,0.0,0,0.0,0,0.0,-9692,-8.1,0,0.0,0,0.0,-80,-8.1
"31071","2","10","71","0","2017","4","",5,25,20,19,205714,0,0,742,"",5.80,0.97,0.76,0.70,0.96,0.00,0.00,1.19,"",0,0.0,2,8.7,-1,-4.8,1,5.6,13349,6.9,0,0.0,0,0.0,26,3.6
"31071","3","10","71","0","2017","4","",6,130,131,130,1134009,3278,6,669,"",2.87,1.64,1.60,1.54,2.01,0.35,0.31,1.26,"",0,0.0,-6,-4.4,-5,-3.7,-3,-2.3,24396,2.2,-836,-20.3,6,100.0,37,5.9
"31071","5","10","71","0","2017","4","",109,638,662,696,5114486,466005,3670,591,"",0.91,0.94,0.95,0.96,0.91,1.03,1.00,0.96,"",3,2.8,-14,-2.1,28,4.4,60,9.4,430782,9.2,6216,1.4,-566,-13.4,29,5.2
"31073","0","10","70","0","2017","4","",64,353,351,353,3541319,166357,1390,773,"",1.00,1.00,1.00,1.00,1.00,1.00,1.00,1.00,"",-4,-5.9,-49,-12.2,-40,-10.2,-34,-8.8,-176850,-4.8,-42893,-20.5,-775,-35.8,46,6.3
"31073","1","10","71","0","2017","4","",3,5,8,5,66904,0,0,858,"",7.82,0.74,1.19,0.74,0.69,0.00,0.00,0.78,"",0,0.0,-6,-54.5,1,14.3,-6,-54.5,-25996,-28.0,0,0.0,0,0.0,119,16.1
"31073","2","10","71","0","2017","4","",4,10,10,10,107563,0,0,827,"",8.92,0.88,0.89,0.89,0.93,0.00,0.00,1.05,"",0,0.0,-1,-9.1,-1,-9.1,0,0.0,-1505,-1.4,0,0.0,0,0.0,40,5.1
"31073","3","10","71","0","2017","4","",4,145,141,138,994986,0,0,542,"",3.68,4.15,4.05,3.95,3.27,0.00,0.00,0.81,"",0,0.0,-16,-9.9,-19,-11.9,-19,-12.1,2738,0.3,0,0.0,0,0.0,63,13.2
"31073","5","10","71","0","2017","4","",53,193,192,200,2371866,166357,1390,936,"",0.85,0.64,0.64,0.67,0.78,1.03,1.01,1.20,"",-4,-7.0,-26,-11.9,-21,-9.9,-9,-4.3,-152087,-6.0,-42893,-20.5,-775,-35.8,27,3.0
"31075","0","10","70","0","2017","4","",55,294,300,303,2600820,230350,1680,669,"",1.00,1.00,1.00,1.00,1.00,1.00,1.00,1.00,"",5,10.0,9,3.2,12,4.2,22,7.8,378977,17.1,30447,15.2,-328,-16.3,69,11.5
"31075","1","10","71","0","2017","4","",3,4,4,4,39857,0,0,766,"",9.09,0.71,0.70,0.69,0.56,0.00,0.00,0.80,"",0,0.0,0,0.0,-1,-20.0,-1,-20.0,-1899,-4.5,0,0.0,0,0.0,78,11.3
"31075","2","10","71","0","2017","4","",3,9,9,10,82396,0,0,679,"",7.78,0.95,0.94,1.03,0.97,0.00,0.00,1.00,"",0,0.0,1,12.5,0,0.0,2,25.0,12517,17.9,0,0.0,0,0.0,34,5.3
"31075","3","10","71","0","2017","4","",4,73,72,72,445674,13493,26,474,"",4.28,2.51,2.42,2.40,1.99,2.96,2.94,0.82,"",0,0.0,-2,-2.7,-1,-1.4,-3,-4.0,16250,3.8,-2534,-15.8,-14,-35.0,30,6.8
"31075","5","10","71","0","2017","4","",45,208,215,217,2032893,216857,1654,733,"",0.84,0.83,0.84,0.84,0.92,0.97,0.99,1.09,"",5,12.5,10,5.1,14,7.0,24,12.4,352109,20.9,32981,17.9,-314,-16.0,78,11.9
"31077","0","10","70","0","2017","4","",121,611,630,632,5102651,344311,3550,629,"",1.00,1.00,1.00,1.00,1.00,1.00,1.00,1.00,"",2,1.7,13,2.2,29,4.8,32,5.3,196176,4.0,-6027,-1.7,-226,-6.0,0,0.0
"31077","1","10","71","0","2017","4","",5,6,7,6,63223,0,0,768,"",6.89,0.51,0.58,0.49,0.45,0.00,0.00,0.85,"",0,0.0,-1,-14.3,0,0.0,-1,-14.3,-10926,-14.7,0,0.0,0,0.0,-47,-5.8
"31077","2","10","71","0","2017","4","N",5,0,0,0,0,0,0,0,"N",5.90,0,0,0,0,0,0,0,"N",0,0.0,0,0,0,0,0,0,0,0,0,0,0,0,0,0
"31077","3","10","71","0","2017","4","N",13,0,0,0,0,0,0,0,"N",6.32,0,0,0,0,0,0,0,"N",0,0.0,0,0,0,0,0,0,0,0,0,0,0,0,0,0
"31077","5","10","71","0","2017","4","",98,359,367,365,3068552,322405,3507,649,"",0.83,0.69,0.69,0.68,0.70,0.97,0.99,1.03,"",2,2.1,19,5.6,18,5.2,19,5.5,159541,5.5,-3754,-1.2,-178,-4.8,0,0.0
"31079","0","10","70","0","2017","4","",2145,34932,34645,34796,353431681,26688375,221808,781,"",1.00,1.00,1.00,1.00,1.00,1.00,1.00,1.00,"",-13,-0.6,37,0.1,-93,-0.3,164,0.5,5123305,1.5,-482211,-1.8,-74593,-25.2,10,1.3
"31079","1","10","71","0","2017","4","",21,642,644,646,10806670,0,0,1291,"",1.63,0.95,0.97,0.96,1.11,0.00,0.00,1.16,"",0,0.0,-8,-1.2,-8,-1.2,-9,-1.4,28798,0.3,0,0.0,0,0.0,20,1.6
"31079","2","10","71","0","2017","4","",23,647,635,619,6650732,0,0,807,"",1.53,0.58,0.57,0.56,0.58,0.00,0.00,1.01,"",0,0.0,-42,-6.1,-54,-7.8,-44,-6.6,-621571,-8.5,0,0.0,0,0.0,-15,-1.8
"31079","3","10","71","0","2017","4","",25,3686,3665,3637,41702372,105082,384,876,"",0.69,1.06,1.07,1.06,1.37,0.20,0.33,1.29,"",0,0.0,-4,-0.1,-14,-0.4,-3,-0.1,1331168,3.3,-18164,-14.7,-421,-52.3,30,3.5
"31079","5","10","71","0","2017","4","",2076,29957,29701,29894,294271907,26583293,221424,758,"",1.00,1.01,1.01,1.01,0.98,1.03,1.00,0.97,"",-13,-0.6,91,0.3,-17,-0.1,220,0.7,4384910,1.5,-464047,-1.7,-74172,-25.1,9,1.2
"31081","0","10","70","0","2017","4","",380,3677,3676,3729,42164348,2411835,20655,878,"",1.00,1.00,1.00,1.00,1.00,1.00,1.00,1.00,"",2,0.5,146,4.1,167,4.8,175,4.9,1609178,4.0,65572,2.8,-3269,-13.7,-5,-0.6
"31081","1","10","71","0","2017","4","",8,25,28,25,308511,0,0,913,"",3.51,0.35,0.40,0.35,0.27,0.00,0.00,0.73,"",0,0.0,-1,-3.8,3,12.0,-6,-19.4,5586,1.8,0,0.0,0,0.0,60,7.0
"31081","2","10","71","0","2017","4","",3,13,13,13,101496,0,0,601,"",1.13,0.11,0.11,0.11,0.07,0.00,0.00,0.67,"",0,0.0,0,0.0,0,0.0,1,8.3,-5765,-5.4,0,0.0,0,0.0,-50,-7.7
"31081","3","10","71","0","2017","4","",13,555,548,546,6455056,0,0,903,"",2.01,1.52,1.50,1.48,1.78,0.00,0.00,1.19,"",0,0.0,-7,-1.2,-8,-1.4,-5,-0.9,270840,4.4,-10383,-100.0,-42,-100.0,48,5.6
"31081","5","10","71","0","2017","4","",356,3084,3087,3145,35299285,2411835,20655,874,"",0.97,0.99,0.99,0.99,0.98,1.03,1.01,0.99,"",2,0.6,154,5.3,172,5.9,185,6.2,1338517,3.9,75955,3.3,-3227,-13.5,-16,-1.8
"31083","0","10","70","0","2017","4","",151,880,866,834,7164090,507488,3303,641,"",1.00,1.00,1.00,1.00,1.00,1.00,1.00,1.00,"",1,0.7,52,6.3,37,4.5,28,3.5,238678,3.4,-29980,-5.6,-985,-23.0,-8,-1.2
"31083","1","10","71","0","2017","4","",7,33,33,33,376806,0,0,878,"",7.73,1.95,1.99,2.05,1.91,0.00,0.00,0.96,"",0,0.0,-1,-2.9,-4,-10.8,-1,-2.9,6500,1.8,0,0.0,0,0.0,64,7.9
"31083","2","10","71","0","2017","4","",4,10,10,10,107801,0,0,829,"",3.78,0.35,0.36,0.38,0.46,0.00,0.00,1.27,"",0,0.0,-4,-28.6,-3,-23.1,-2,-16.7,-58106,-35.0,0,0.0,0,0.0,-153,-15.6
"31083","3","10","71","0","2017","4","",15,271,266,254,2412424,55246,11,704,"",5.84,3.11,3.09,3.08,3.92,5.50,0.63,1.27,"",0,0.0,28,11.5,25,10.4,17,7.2,213185,9.7,27166,96.7,-18,-62.1,0,0.0
"31083","5","10","71","0","2017","4","",125,566,557,537,4267059,452242,3292,593,"",0.85,0.76,0.76,0.76,0.70,0.92,1.00,0.92,"",1,0.8,29,5.4,19,3.5,14,2.7,77099,1.8,-57146,-11.2,-967,-22.7,-12,-2.0
"31085","0","10","70","0","2017","4","",37,202,212,201,1658764,69972,1002,622,"",1.00,1.00,1.00,1.00,1.00,1.00,1.00,1.00,"",-1,-2.6,-4,-1.9,1,0.5,-14,-6.5,-70400,-4.1,-66560,-48.8,-350,-25.9,-9,-1.4
"31085","1","10","71","0","2017","4","",3,6,6,6,69905,0,0,896,"",13.52,1.54,1.48,1.55,1.53,0.00,0.00,1.01,"",0,0.0,-2,-25.0,-1,-14.3,-6,-50.0,-16807,-19.4,0,0.0,0,0.0,155,20.9
"31085","2","10","71","0","2017","4","N",2,0,0,0,0,0,0,0,"N",7.71,0,0,0,0,0,0,0,"N",0,0.0,0,0,0,0,0,0,0,0,0,0,0,0,0,0
"31085","3","10","71","0","2017","4","N",5,0,0,0,0,0,0,0,"N",7.95,0,0,0,0,0,0,0,"N",0,0.0,0,0,0,0,0,0,0,0,0,0,0,0,0,0
"31085","5","10","71","0","2017","4","",27,110,118,115,1005320,68892,1002,676,"",0.75,0.64,0.66,0.67,0.71,1.02,1.01,1.08,"",-1,-3.6,-11,-9.1,-6,-4.8,-5,-4.2,-64764,-6.1,-66831,-49.2,-346,-25.7,-1,-0.1
"31087","0","10","70","0","2017","4","",93,649,652,655,5863539,260275,2440,692,"",1.00,1.00,1.00,1.00,1.00,1.00,1.00,1.00,"",-3,-3.1,-33,-4.8,-8,-1.2,-1,-0.2,-279635,-4.6,23315,9.8,-113,-4.4,-18,-2.5
"31087","1","10","71","0","2017","4","",4,10,10,10,88570,0,0,681,"",7.17,0.80,0.80,0.79,0.55,0.00,0.00,0.69,"",0,0.0,1,11.1,0,0.0,1,11.1,7304,9.0,0,0.0,0,0.0,11,1.6
"31087","2","10","71","0","2017","4","N",2,0,0,0,0,0,0,0,"N",3.07,0,0,0,0,0,0,0,"N",0,0.0,0,0,0,0,0,0,0,0,0,0,0,0,0,0
"31087","3","10","71","0","2017","4","N",15,0,0,0,0,0,0,0,"N",9.49,0,0,0,0,0,0,0,"N",0,0.0,0,0,0,0,0,0,0,0,0,0,0,0,0,0
"31087","5","10","71","0","2017","4","",72,361,358,366,3363172,255664,2426,715,"",0.80,0.65,0.65,0.66,0.67,1.02,1.00,1.03,"",-3,-4.0,-19,-5.0,-13,-3.5,2,0.5,-341552,-9.2,27699,12.2,-104,-4.1,-52,-6.8
"31089","0","10","70","0","2017","4","",565,4498,4429,4450,42428781,3022032,34207,732,"",1.00,1.00,1.00,1.00,1.00,1.00,1.00,1.00,"",-1,-0.2,-67,-1.5,-126,-2.8,-95,-2.1,1304625,3.2,-899471,-22.9,-4907,-12.5,38,5.5
"31089","1","10","71","0","2017","4","",11,53,48,47,579393,0,0,903,"",3.25,0.61,0.57,0.55,0.50,0.00,0.00,0.86,"",0,0.0,9,20.5,4,9.1,-1,-2.1,30186,5.5,0,0.0,0,0.0,-29,-3.1
"31089","2","10","71","0","2017","4","",12,59,58,54,641135,0,0,865,"",3.03,0.41,0.41,0.38,0.46,0.00,0.00,1.16,"",0,0.0,0,0.0,-1,-1.7,-3,-5.3,17751,2.8,0,0.0,0,0.0,43,5.2
"31089","3","10","71","0","2017","4","",30,749,743,741,6324802,86611,290,654,"",3.12,1.68,1.69,1.68,1.73,1.45,1.61,1.03,"",0,0.0,-8,-1.1,-8,-1.1,-14,-1.9,161117,2.6,2718,3.2,-99,-25.4,25,4.0
"31089","5","10","71","0","2017","4","",512,3637,3580,3608,34883451,2935421,33917,744,"",0.93,0.95,0.95,0.95,0.96,1.00,1.00,1.01,"",-1,-0.2,-68,-1.8,-121,-3.3,-77,-2.1,1095571,3.2,-902189,-23.5,-4808,-12.4,41,5.8
"31091","0","10","70","0","2017","4","",38,311,370,282,1968646,139138,1776,472,"",1.00,1.00,1.00,1.00,1.00,1.00,1.00,1.00,"",0,0.0,8,2.6,35,10.4,24,9.3,82887,4.4,-23453,-14.4,342,23.8,-14,-2.9
"31091","1","10","71","0","2017","4","",1,3,3,3,31374,0,0,804,"",4.39,0.50,0.42,0.55,0.58,0.00,0.00,1.19,"",0,0.0,0,0.0,0,0.0,0,0.0,2427,8.4,0,0.0,0,0.0,62,8.4
"31091","2","10","71","0","2017","4","N",2,0,0,0,0,0,0,0,"N",7.51,0,0,0,0,0,0,0,"N",-1,-33.3,0,0,0,0,0,0,0,0,0,0,0,0,0,0
"31091","3","10","71","0","2017","4","N",3,0,0,0,0,0,0,0,"N",4.64,0,0,0,0,0,0,0,"N",0,0.0,0,0,0,0,0,0,0,0,0,0,0,0,0,0
"31091","5","10","71","0","2017","4","",32,206,256,170,1314371,122135,1758,480,"",0.87,0.78,0.81,0.71,0.78,0.91,1.00,1.01,"",1,3.2,9,4.6,31,13.8,25,17.2,55439,4.4,-20932,-14.6,345,24.4,-32,-6.2
"31093","0","10","70","0","2017","4","",219,1599,1592,1608,14463330,1083413,10844,695,"",1.00,1.00,1.00,1.00,1.00,1.00,1.00,1.00,"",11,5.3,0,0.0,30,1.9,38,2.4,773505,5.7,203965,23.2,2663,32.6,27,4.0
"31093","1","10","71","0","2017","4","",8,31,31,30,351922,0,0,883,"",6.09,1.01,1.02,0.97,0.89,0.00,0.00,0.89,"",0,0.0,0,0.0,3,10.7,-7,-18.9,20332,6.1,0,0.0,0,0.0,86,10.8
"31093","2","10","71","0","2017","4","",5,21,20,18,255408,0,0,999,"",3.26,0.41,0.39,0.35,0.54,0.00,0.00,1.41,"",0,0.0,1,5.0,0,0.0,-2,-10.0,16101,6.7,0,0.0,0,0.0,79,8.6
"31093","3","10","71","0","2017","4","",19,580,583,585,5995151,21299,72,791,"",5.10,3.66,3.69,3.68,4.82,0.99,1.26,1.31,"",0,0.0,-11,-1.9,4,0.7,8,1.4,191064,3.3,-13059,-38.0,-15,-17.2,24,3.1
"31093","5","10","71","0","2017","4","",187,967,958,975,7860849,1062114,10772,626,"",0.88,0.71,0.71,0.71,0.64,1.01,1.00,0.90,"",11,6.2,10,1.0,23,2.5,39,4.2,546008,7.5,217024,25.7,2678,33.1,29,4.9
"31095","0","10","70","0","2017","4","",295,3341,3363,3358,30213036,2390619,18275,693,"",1.00,1.00,1.00,1.00,1.00,1.00,1.00,1.00,"",-5,-1.7,-13,-0.4,16,0.5,75,2.3,1087059,3.7,-39099,-1.6,-4795,-20.8,20,3.0
"31095","1","10","71","0","2017","4","",9,27,31,28,333792,0,0,896,"",5.09,0.42,0.48,0.43,0.40,0.00,0.00,0.90,"",0,0.0,-3,-10.0,1,3.3,-4,-12.5,-542,-0.2,0,0.0,0,0.0,57,6.8
"31095","2","10","71","0","2017","4","",5,34,30,31,289182,0,0,702,"",2.42,0.32,0.28,0.29,0.29,0.00,0.00,0.99,"",0,0.0,-2,-5.6,-3,-9.1,2,6.9,-10611,-3.5,0,0.0,0,0.0,-4,-0.6
"31095","3","10","71","0","2017","4","",21,548,543,548,4473974,40656,175,630,"",4.19,1.66,1.63,1.65,1.72,0.86,1.82,1.05,"",0,0.0,42,8.3,35,6.9,52,10.5,394901,9.7,-5806,-12.5,-108,-38.2,7,1.1
"31095","5","10","71","0","2017","4","",260,2732,2759,2751,25116088,2349963,18100,703,"",0.91,0.96,0.97,0.96,0.97,1.02,1.00,1.01,"",-5,-1.9,-50,-1.8,-17,-0.6,25,0.9,703311,2.9,-33293,-1.4,-4687,-20.6,23,3.4
"31097","0","10","70","0","2017","4","",150,1501,1503,1529,14835697,740870,9723,755,"",1.00,1.00,1.00,1.00,1.00,1.00,1.00,1.00,"",-3,-2.0,-95,-6.0,-85,-5.4,-60,-3.8,-356529,-2.3,-172215,-18.9,-7561,-43.7,20,2.7
"31097","1","10","71","0","2017","4","",9,36,40,37,452863,0,0,925,"",10.00,1.25,1.39,1.26,1.11,0.00,0.00,0.86,"",1,12.5,-1,-2.7,3,8.1,-3,-7.5,-29651,-6.1,0,0.0,0,0.0,-52,-5.3
"31097","2","10","71","0","2017","4","N",6,0,0,0,0,0,0,0,"N",5.71,0,0,0,0,0,0,0,"N",0,0.0,0,0,0,0,0,0,0,0,0,0,0,0,0,0
"31097","3","10","71","0","2017","4","N",15,0,0,0,0,0,0,0,"N",5.88,0,0,0,0,0,0,0,"N",0,0.0,0,0,0,0,0,0,0,0,0,0,0,0,0,0
"31097","5","10","71","0","2017","4","",120,750,746,771,6127571,740870,9723,624,"",0.82,0.59,0.58,0.59,0.48,1.03,1.01,0.82,"",-4,-3.2,-55,-6.8,-56,-7.0,-12,-1.5,-484354,-7.3,-172215,-18.9,-7561,-43.7,-14,-2.2
"31099","0","10","70","0","2017","4","",232,2256,2207,2206,21503838,1265747,12189,744,"",1.00,1.00,1.00,1.00,1.00,1.00,1.00,1.00,"",5,2.2,2,0.1,13,0.6,43,2.0,889310,4.3,-33988,-2.6,-95,-0.8,24,3.3
"31099","1","10","71","0","2017","4","",7,20,25,23,249491,0,0,847,"",5.03,0.46,0.59,0.54,0.42,0.00,0.00,0.80,"",-1,-12.5,-4,-16.7,-2,-7.4,-2,-8.0,-54459,-17.9,0,0.0,0,0.0,-76,-8.2
"31099","2","10","71","0","2017","4","",5,12,12,10,107845,0,0,732,"",3.08,0.17,0.17,0.14,0.15,0.00,0.00,0.96,"",0,0.0,0,0.0,-1,-7.7,-2,-16.7,-17731,-14.1,0,0.0,0,0.0,-51,-6.5
"31099","3","10","71","0","2017","4","",8,491,484,475,4244852,0,0,676,"",2.03,2.20,2.21,2.18,2.30,0.00,0.00,1.05,"",0,0.0,-1,-0.2,-2,-0.4,-6,-1.2,292316,7.4,0,0.0,0,0.0,51,8.2
"31099","5","10","71","0","2017","4","",212,1733,1686,1698,16901650,1265747,12189,762,"",0.94,0.90,0.90,0.91,0.92,1.03,1.01,1.02,"",6,2.9,7,0.4,18,1.1,53,3.2,669184,4.1,-33988,-2.6,-95,-0.8,19,2.6
"31101","0","10","70","0","2017","4","",427,3281,3256,3244,27722711,2773005,21472,654,"",1.00,1.00,1.00,1.00,1.00,1.00,1.00,1.00,"",-6,-1.4,-120,-3.5,-96,-2.9,-57,-1.7,-1087906,-3.8,78894,2.9,-5751,-21.1,-7,-1.1
"31101","1","10","71","0","2017","4","",8,37,34,36,423283,0,0,913,"",3.12,0.59,0.55,0.58,0.56,0.00,0.00,0.98,"",0,0.0,3,8.8,-3,-8.1,-6,-14.3,5545,1.3,0,0.0,0,0.0,60,7.0
"31101","2","10","71","0","2017","4","",8,56,56,50,492487,0,0,702,"",2.67,0.53,0.54,0.48,0.54,0.00,0.00,1.05,"",-1,-11.1,0,0.0,1,1.8,-3,-5.7,296,0.1,0,0.0,0,0.0,9,1.3
"31101","3","10","71","0","2017","4","",17,466,462,461,4085095,21302,75,679,"",2.34,1.43,1.43,1.44,1.71,0.39,0.66,1.20,"",0,0.0,1,0.2,-16,-3.3,0,0.0,-20130,-0.5,16528,346.2,49,188.5,4,0.6
"31101","5","10","71","0","2017","4","",394,2722,2704,2697,22721846,2751703,21397,646,"",0.95,0.98,0.98,0.98,0.96,1.03,1.00,0.98,"",-5,-1.3,-124,-4.4,-78,-2.8,-48,-1.7,-1073617,-4.5,62366,2.3,-5800,-21.3,-10,-1.5
"31103","0","10","70","0","2017","4","",33,136,144,136,1046139,54672,428,580,"",1.00,1.00,1.00,1.00,1.00,1.00,1.00,1.00,"",-1,-2.9,-8,-5.6,-3,-2.0,-15,-9.9,-3688,-0.4,-4959,-8.3,-151,-26.1,32,5.8
"31103","1","10","71","0","2017","4","",1,1,1,1,10646,0,0,819,"",5.05,0.38,0.36,0.38,0.37,0.00,0.00,0.99,"",0,0.0,0,0.0,0,0.0,0,0.0,554,5.5,0,0.0,0,0.0,43,5.5
"31103","2","10","71","0","2017","4","N",2,0,0,0,0,0,0,0,"N",8.65,0,0,0,0,0,0,0,"N",0,0.0,0,0,0,0,0,0,0,0,0,0,0,0,0,0
"31103","3","10","71","0","2017","4","N",6,0,0,0,0,0,0,0,"N",10.70,0,0,0,0,0,0,0,"N",0,0.0,0,0,0,0,0,0,0,0,0,0,0,0,0,0
"31103","5","10","71","0","2017","4","",24,69,74,65,556188,53083,423,617,"",0.75,0.60,0.60,0.56,0.62,1.00,0.99,1.06,"",-1,-4.0,-5,-6.8,1,1.4,-12,-15.6,-27149,-4.7,-5054,-8.7,-150,-26.2,16,2.7
"31105","0","10","70","0","2017","4","",160,1436,1461,1403,13631401,981772,10046,732,"",1.00,1.00,1.00,1.00,1.00,1.00,1.00,1.00,"",4,2.6,66,4.8,140,10.6,46,3.4,698965,5.4,162116,19.8,-990,-9.0,-5,-0.7
"31105","1","10","71","0","2017","4","",5,18,13,13,151877,0,0,797,"",5.21,0.65,0.46,0.48,0.41,0.00,0.00,0.76,"",0,0.0,3,20.0,-1,-7.1,-4,-23.5,-1418,-0.9,0,0.0,0,0.0,28,3.6
"31105","2","10","71","0","2017","4","",4,18,18,18,171150,0,0,731,"",3.57,0.39,0.38,0.40,0.38,0.00,0.00,0.98,"",-2,-33.3,0,0.0,0,0.0,0,0.0,4386,2.6,0,0.0,0,0.0,18,2.5
"31105","3","10","71","0","2017","4","",10,403,433,404,3428010,0,0,638,"",3.68,2.83,2.98,2.91,2.92,0.00,0.00,1.00,"",0,0.0,3,0.8,51,13.4,2,0.5,311551,10.0,-425,-100.0,-2,-100.0,31,5.1
"31105","5","10","71","0","2017","4","",141,997,997,968,9880364,981772,10046,770,"",0.91,0.82,0.80,0.81,0.85,1.03,1.01,1.05,"",6,4.4,60,6.4,90,9.9,48,5.2,384446,4.0,162541,19.8,-988,-9.0,-23,-2.9
"31107","0","10","70","0","2017","4","",340,2943,2884,2866,24795326,1577081,14454,658,"",1.00,1.00,1.00,1.00,1.00,1.00,1.00,1.00,"",-14,-4.0,-67,-2.2,-105,-3.5,-133,-4.4,773674,3.2,-120029,-7.1,-1566,-9.8,42,6.8
"31107","1","10","71","0","2017","4","",11,46,44,45,527222,0,0,901,"",5.39,0.81,0.80,0.82,0.77,0.00,0.00,0.96,"",0,0.0,-6,-11.5,-3,-6.4,-7,-13.5,-487,-0.1,0,0.0,0,0.0,95,11.8
"31107","2","10","71","0","2017","4","",13,52,49,37,401051,0,0,671,"",5.46,0.55,0.53,0.40,0.50,0.00,0.00,1.00,"",-1,-7.1,-6,-10.3,-7,-12.5,-5,-11.9,-18445,-4.4,0,0.0,0,0.0,50,8.1
"31107","3","10","71","0","2017","4","",39,1031,993,1000,8650678,214658,1736,660,"",6.75,3.54,3.47,3.53,4.06,6.88,22.82,1.16,"",0,0.0,-36,-3.4,-81,-7.5,-49,-4.7,335521,4.0,-28573,-11.7,-1350,-43.7,58,9.6
"31107","5","10","71","0","2017","4","",277,1814,1798,1784,15216375,1362423,12718,651,"",0.84,0.73,0.73,0.73,0.72,0.89,0.89,0.98,"",-13,-4.5,-19,-1.0,-14,-0.8,-72,-3.9,457085,3.1,-91456,-6.3,-216,-1.7,32,5.2
"31109","0","10","70","0","2017","4","",10196,169952,170944,170732,1953534617,122972591,1096993,881,"",1.00,1.00,1.00,1.00,1.00,1.00,1.00,1.00,"",122,1.2,-342,-0.2,-109,-0.1,1476,0.9,66902206,3.5,5107966,4.3,-198285,-15.3,28,3.3
"31109","1","10","71","0","2017","4","",54,3358,3369,3385,58704629,0,0,1340,"",0.88,1.03,1.03,1.03,1.09,0.00,0.00,1.06,"",0,0.0,172,5.4,190,6.0,241,7.7,4208830,7.7,0,0.0,0,0.0,17,1.3
"31109","2","10","71","0","2017","4","",164,16387,16474,16402,210446836,3359,11,986,"",2.30,3.00,3.01,3.01,3.30,0.00,0.01,1.10,"",-1,-0.6,-142,-0.9,-49,-0.3,-10,-0.1,3259955,1.6,3359,100.0,11,100.0,19,2.0
"31109","3","10","71","0","2017","4","",53,13847,13886,13905,155428812,336820,1886,861,"",0.31,0.82,0.82,0.82,0.93,0.14,0.33,1.13,"",-1,-1.9,159,1.2,74,0.5,178,1.3,6932994,4.7,-966,-0.3,-460,-19.6,30,3.6
"31109","5","10","71","0","2017","4","",9925,136360,137215,137040,1528954340,122632412,1095096,859,"",1.00,0.94,0.94,0.94,0.92,1.03,1.00,0.97,"",124,1.3,-531,-0.4,-324,-0.2,1067,0.8,52500427,3.6,5105573,4.3,-197836,-15.3,29,3.5
"31111","0","10","70","0","2017","4","",1301,14737,14786,14692,146612548,11800923,98223,765,"",1.00,1.00,1.00,1.00,1.00,1.00,1.00,1.00,"",-15,-1.1,-301,-2.0,-244,-1.6,-204,-1.4,1844899,1.3,-21176,-0.2,-18965,-16.2,22,3.0
"31111","1","10","71","0","2017","4","",26,261,253,257,4213168,0,0,1261,"",3.33,0.92,0.89,0.91,1.05,0.00,0.00,1.15,"",-1,-3.7,8,3.2,-3,-1.2,-4,-1.5,165282,4.1,0,0.0,0,0.0,48,4.0
"31111","2","10","71","0","2017","4","",25,409,411,404,4742819,0,0,894,"",2.74,0.86,0.87,0.86,0.99,0.00,0.00,1.15,"",1,4.2,4,1.0,7,1.7,9,2.3,21142,0.4,0,0.0,0,0.0,-11,-1.2
"31111","3","10","71","0","2017","4","",55,2192,2217,2234,24997675,31106,356,868,"",2.49,1.50,1.51,1.54,1.98,0.13,0.69,1.31,"",0,0.0,-56,-2.5,-29,-1.3,-29,-1.3,40658,0.2,-12347,-28.4,-372,-51.1,16,1.9
"31111","5","10","71","0","2017","4","",1195,11875,11905,11797,112658886,11769817,97867,731,"",0.95,0.95,0.95,0.94,0.90,1.03,1.00,0.95,"",-15,-1.2,-257,-2.1,-219,-1.8,-180,-1.5,1617817,1.5,-8829,-0.1,-18593,-16.0,24,3.4
"31113","0","10","70","0","2017","4","",37,189,191,193,1470776,55352,362,592,"",1.00,1.00,1.00,1.00,1.00,1.00,1.00,1.00,"",-5,-11.9,-6,-3.1,-2,-1.0,0,0.0,-87926,-5.6,-32039,-36.7,-228,-38.6,-27,-4.4
"31113","1","10","71","0","2017","4","",1,5,7,5,56077,0,0,761,"",4.51,1.37,1.92,1.34,1.39,0.00,0.00,0.90,"",0,0.0,-2,-28.6,0,0.0,-2,-28.6,-254,-0.5,0,0.0,0,0.0,142,22.9
"31113","2","10","71","0","2017","4","N",2,0,0,0,0,0,0,0,"N",7.71,0,0,0,0,0,0,0,"N",0,0.0,0,0,0,0,0,0,0,0,0,0,0,0,0,0
"31113","3","10","71","0","2017","4","N",4,0,0,0,0,0,0,0,"N",6.36,0,0,0,0,0,0,0,"N",0,0.0,0,0,0,0,0,0,0,0,0,0,0,0,0,0
"31113","5","10","71","0","2017","4","",30,106,105,107,780293,54373,359,566,"",0.84,0.66,0.65,0.65,0.62,1.02,1.00,0.95,"",-5,-14.3,-2,-1.9,0,0.0,2,1.9,-51686,-6.2,-32524,-37.4,-228,-38.8,-38,-6.3
"31115","0","10","70","0","2017","4","",20,115,118,135,723608,84114,728,454,"",1.00,1.00,1.00,1.00,1.00,1.00,1.00,1.00,"",-1,-4.8,-16,-12.2,-10,-7.8,5,3.8,15178,2.1,-6329,-7.0,-64,-8.1,34,8.1
"31115","1","10","71","0","2017","4","",1,1,1,1,5801,0,0,446,"",8.34,0.45,0.44,0.38,0.29,0.00,0.00,0.69,"",0,0.0,0,0.0,0,0.0,0,0.0,156,2.8,0,0.0,0,0.0,12,2.8
"31115","2","10","71","0","2017","4","N",1,0,0,0,0,0,0,0,"N",7.14,0,0,0,0,0,0,0,"N",-1,-50.0,0,0,0,0,0,0,0,0,0,0,0,0,0,0
"31115","3","10","71","0","2017","4","N",4,0,0,0,0,0,0,0,"N",11.77,0,0,0,0,0,0,0,"N",0,0.0,0,0,0,0,0,0,0,0,0,0,0,0,0,0
"31115","5","10","71","0","2017","4","",14,59,57,69,263530,79539,697,329,"",0.72,0.60,0.57,0.60,0.43,0.98,0.96,0.72,"",0,0.0,-12,-16.9,-10,-14.9,3,4.5,-6504,-2.4,-6179,-7.2,-74,-9.6,24,7.9
"31117","0","10","70","0","2017","4","",12,72,76,75,564527,25975,240,584,"",1.00,1.00,1.00,1.00,1.00,1.00,1.00,1.00,"",-1,-7.7,-11,-13.3,-3,-3.8,-8,-9.6,-56045,-9.0,-23095,-47.1,-514,-68.2,-1,-0.2
"31117","1","10","71","0","2017","4","",1,1,1,1,9831,0,0,756,"",13.89,0.72,0.69,0.69,0.63,0.00,0.00,0.91,"",0,0.0,0,0.0,0,0.0,0,0.0,-573,-5.5,0,0.0,0,0.0,-44,-5.5
"31117","2","10","71","0","2017","4","N",1,0,0,0,0,0,0,0,"N",11.89,0,0,0,0,0,0,0,"N",-1,-50.0,0,0,0,0,0,0,0,0,0,0,0,0,0,0
"31117","3","10","71","0","2017","4","N",2,0,0,0,0,0,0,0,"N",9.81,0,0,0,0,0,0,0,"N",0,0.0,0,0,0,0,0,0,0,0,0,0,0,0,0,0
"31117","5","10","71","0","2017","4","",8,30,36,34,228794,25975,240,528,"",0.69,0.49,0.56,0.53,0.47,1.03,1.01,0.90,"",0,0.0,-6,-16.7,1,2.9,-4,-10.5,-34125,-13.0,-23095,-47.1,-514,-68.2,-29,-5.2
"31119","0","10","70","0","2017","4","",1498,21963,21937,21845,229436090,17211891,156326,805,"",1.00,1.00,1.00,1.00,1.00,1.00,1.00,1.00,"",-18,-1.2,188,0.9,74,0.3,175,0.8,7930813,3.6,-1420153,-7.6,-16890,-9.8,22,2.8
"31119","1","10","71","0","2017","4","",16,173,176,171,2724396,0,0,1209,"",1.78,0.41,0.42,0.41,0.43,0.00,0.00,1.05,"",0,0.0,0,0.0,9,5.4,0,0.0,95970,3.7,0,0.0,0,0.0,22,1.9
"31119","2","10","71","0","2017","4","",21,720,722,708,7543837,0,0,810,"",2.00,1.02,1.03,1.02,1.01,0.00,0.00,0.99,"",0,0.0,-44,-5.8,-33,-4.4,-46,-6.1,-397607,-5.0,0,0.0,0,0.0,4,0.5
"31119","3","10","71","0","2017","4","",46,2878,2862,2785,28696523,111781,491,777,"",1.81,1.32,1.31,1.29,1.45,0.33,0.60,1.11,"",0,0.0,23,0.8,-14,-0.5,11,0.4,777840,2.8,-42123,-27.4,-542,-52.5,19,2.5
"31119","5","10","71","0","2017","4","",1415,18192,18177,18181,190471334,17100110,155835,806,"",0.97,0.97,0.98,0.98,0.97,1.03,1.00,1.00,"",-18,-1.3,209,1.2,112,0.6,210,1.2,7454610,4.1,-1378030,-7.5,-16348,-9.5,24,3.1
"31121","0","10","70","0","2017","4","",295,2327,2335,2308,23823629,1746996,25000,789,"",1.00,1.00,1.00,1.00,1.00,1.00,1.00,1.00,"",3,1.0,59,2.6,65,2.9,7,0.3,1474119,6.6,259576,17.5,9474,61.0,35,4.6
"31121","1","10","71","0","2017","4","",6,21,23,23,272518,0,0,939,"",3.39,0.47,0.51,0.52,0.42,0.00,0.00,0.83,"",-1,-14.3,0,0.0,2,9.5,0,0.0,43687,19.1,0,0.0,0,0.0,127,15.6
"31121","2","10","71","0","2017","4","",4,9,9,10,100084,0,0,825,"",1.94,0.12,0.12,0.14,0.13,0.00,0.00,1.03,"",0,0.0,0,0.0,0,0.0,0,0.0,-1549,-1.5,0,0.0,0,0.0,-13,-1.6
"31121","3","10","71","0","2017","4","",18,569,569,550,5471740,49796,250,748,"",3.59,2.47,2.45,2.41,2.67,1.44,1.90,1.09,"",1,5.9,-16,-2.7,-21,-3.6,-45,-7.6,227767,4.3,10622,27.1,9,3.7,64,9.4
"31121","5","10","71","0","2017","4","",267,1728,1734,1725,17979287,1697200,24750,800,"",0.93,0.87,0.87,0.88,0.88,1.00,1.00,1.01,"",3,1.1,75,4.5,84,5.1,52,3.1,1204214,7.2,248954,17.2,9465,61.9,22,2.8
"31123","0","10","70","0","2017","4","",197,1561,1516,1560,14670100,1046757,9425,730,"",1.00,1.00,1.00,1.00,1.00,1.00,1.00,1.00,"",2,1.0,51,3.4,1,0.1,60,4.0,765615,5.5,65227,6.6,-1052,-10.0,21,3.0
"31123","1","10","71","0","2017","4","",6,23,20,20,205389,0,0,752,"",5.08,0.77,0.69,0.67,0.51,0.00,0.00,0.72,"",0,0.0,4,21.1,1,5.3,-2,-9.1,-3606,-1.7,0,0.0,0,0.0,-52,-6.5
"31123","2","10","71","0","2017","4","",6,28,27,26,293507,0,0,836,"",4.35,0.56,0.56,0.52,0.61,0.00,0.00,1.12,"",0,0.0,0,0.0,-2,-6.9,-1,-3.7,3398,1.2,0,0.0,0,0.0,39,4.9
"31123","3","10","71","0","2017","4","",19,564,568,571,5304692,47851,57,719,"",5.67,3.65,3.77,3.70,4.21,2.31,1.15,1.14,"",0,0.0,21,3.9,16,2.9,23,4.2,464546,9.6,-29369,-38.0,-9,-13.6,39,5.7
"31123","5","10","71","0","2017","4","",166,946,901,943,8866512,998906,9368,733,"",0.87,0.71,0.70,0.71,0.71,0.99,1.00,1.00,"",2,1.2,26,2.8,-14,-1.5,40,4.4,301277,3.5,94596,10.5,-1043,-10.0,11,1.5
"31125","0","10","70","0","2017","4","",141,1066,1068,1078,9937846,1009740,10791,714,"",1.00,1.00,1.00,1.00,1.00,1.00,1.00,1.00,"",-11,-7.2,41,4.0,34,3.3,24,2.3,718827,7.8,12974,1.3,4606,74.5,31,4.5
"31125","1","10","71","0","2017","4","",5,17,17,16,175383,0,0,809,"",5.91,0.83,0.83,0.77,0.64,0.00,0.00,0.79,"",0,0.0,-2,-10.5,-4,-19.0,-5,-23.8,-5728,-3.2,0,0.0,0,0.0,124,18.1
"31125","2","10","71","0","2017","4","",5,10,10,10,88283,0,0,679,"",5.06,0.29,0.29,0.29,0.27,0.00,0.00,0.93,"",0,0.0,-2,-16.7,-2,-16.7,-1,-9.1,-67296,-43.3,0,0.0,0,0.0,-347,-33.8
"31125","3","10","71","0","2017","4","",17,372,378,380,3516932,207788,740,718,"",7.09,3.52,3.56,3.56,4.12,10.40,13.03,1.16,"",0,0.0,10,2.8,13,3.6,14,3.8,395042,12.7,22240,12.0,-181,-19.7,59,9.0
"31125","5","10","71","0","2017","4","",114,667,663,672,6157248,801952,10051,710,"",0.83,0.74,0.73,0.73,0.73,0.82,0.94,0.99,"",-11,-8.8,35,5.5,27,4.2,16,2.4,396809,6.9,-9266,-1.1,4787,90.9,19,2.7
"31127","0","10","70","0","2017","4","",234,3073,3116,3158,39073832,1355587,15453,965,"",1.00,1.00,1.00,1.00,1.00,1.00,1.00,1.00,"",2,0.9,13,0.4,61,2.0,100,3.3,-4215358,-9.7,19357,1.4,-4406,-22.2,-124,-11.4
"31127","1","10","71","0","2017","4","",8,27,30,28,378222,0,0,1027,"",5.70,0.46,0.50,0.46,0.35,0.00,0.00,0.74,"",0,0.0,-2,-6.9,-2,-6.2,-3,-9.7,6902,1.9,0,0.0,0,0.0,96,10.3
"31127","2","10","71","0","2017","4","N",8,0,0,0,0,0,0,0,"N",4.88,0,0,0,0,0,0,0,"N",0,0.0,0,0,0,0,0,0,0,0,0,0,0,0,0,0
"31127","3","10","71","0","2017","4","N",21,0,0,0,0,0,0,0,"N",5.28,0,0,0,0,0,0,0,"N",0,0.0,0,0,0,0,0,0,0,0,0,0,0,0,0,0
"31127","5","10","71","0","2017","4","",197,1457,1489,1524,12818927,1322848,15310,662,"",0.87,0.56,0.56,0.57,0.38,1.01,1.00,0.68,"",2,1.0,25,1.7,67,4.7,97,6.8,437908,3.5,23463,1.8,-4319,-22.0,-5,-0.7
"31129","0","10","70","0","2017","4","",194,1466,1423,1465,12549882,960502,8913,665,"",1.00,1.00,1.00,1.00,1.00,1.00,1.00,1.00,"",-8,-4.0,45,3.2,-18,-1.2,24,1.7,1380250,12.4,291663,43.6,1933,27.7,66,11.0
"31129","1","10","71","0","2017","4","",7,22,21,23,251419,0,0,879,"",6.02,0.78,0.77,0.81,0.73,0.00,0.00,0.92,"",0,0.0,-1,-4.3,-1,-4.5,2,9.5,16322,6.9,0,0.0,0,0.0,57,6.9
"31129","2","10","71","0","2017","4","",3,9,9,7,92252,0,0,852,"",2.21,0.19,0.20,0.15,0.23,0.00,0.00,1.26,"",0,0.0,0,0.0,0,0.0,-2,-22.2,-1831,-1.9,0,0.0,0,0.0,48,6.0
"31129","3","10","71","0","2017","4","",16,338,343,341,2784361,3214,6,629,"",4.85,2.33,2.43,2.35,2.58,0.17,0.13,1.09,"",0,0.0,-8,-2.3,-14,-3.9,-16,-4.5,125838,4.7,856,36.3,0,0.0,50,8.6
"31129","5","10","71","0","2017","4","",168,1097,1050,1094,9421850,957288,8907,671,"",0.89,0.88,0.87,0.88,0.88,1.03,1.01,1.00,"",-8,-4.5,54,5.2,-3,-0.3,40,3.8,1239921,15.2,290807,43.6,1933,27.7,72,12.0
"31131","0","10","70","0","2017","4","",556,6104,6038,6065,60537962,3891038,39723,767,"",1.00,1.00,1.00,1.00,1.00,1.00,1.00,1.00,"",-15,-2.6,-140,-2.2,-180,-2.9,-76,-1.2,3017451,5.2,-208916,-5.1,-14333,-26.5,53,7.4
"31131","1","10","71","0","2017","4","",11,60,56,57,733071,0,0,978,"",3.30,0.51,0.48,0.49,0.44,0.00,0.00,0.89,"",0,0.0,7,13.2,-1,-1.8,-3,-5.0,35549,5.1,0,0.0,0,0.0,31,3.3
"31131","2","10","71","0","2017","4","",11,86,82,85,831432,0,0,758,"",2.82,0.44,0.42,0.44,0.42,0.00,0.00,0.97,"",-1,-8.3,1,1.2,-4,-4.7,4,4.9,33590,4.2,0,0.0,0,0.0,27,3.7
"31131","3","10","71","0","2017","4","",36,1241,1221,1223,15625174,53639,255,979,"",3.81,2.05,2.04,2.04,3.00,0.70,1.22,1.47,"",0,0.0,4,0.3,-26,-2.1,-16,-1.3,768492,5.2,-4347,-7.5,-144,-36.1,58,6.3
"31131","5","10","71","0","2017","4","",498,4717,4679,4700,43348285,3837399,39468,710,"",0.92,0.91,0.91,0.91,0.84,1.02,1.00,0.92,"",-14,-2.7,-152,-3.1,-149,-3.1,-61,-1.3,2179820,5.3,-204569,-5.1,-14189,-26.4,53,8.1
"31133","0","10","70","0","2017","4","",110,754,759,781,7294919,531161,5519,734,"",1.00,1.00,1.00,1.00,1.00,1.00,1.00,1.00,"",3,2.8,-122,-13.9,-99,-11.5,-103,-11.7,-45497,-0.6,-296762,-35.8,-4061,-42.4,87,13.4
"31133","1","10","71","0","2017","4","",6,21,25,22,221261,0,0,751,"",9.09,1.45,1.72,1.46,1.10,0.00,0.00,0.72,"",0,0.0,1,5.0,6,31.6,-3,-12.0,-6608,-2.9,0,0.0,0,0.0,-71,-8.6
"31133","2","10","71","0","2017","4","",3,11,11,10,100401,0,0,724,"",3.89,0.45,0.45,0.40,0.42,0.00,0.00,0.97,"",0,0.0,1,10.0,1,10.0,0,0.0,4381,4.6,0,0.0,0,0.0,-15,-2.0
"31133","3","10","71","0","2017","4","",13,228,231,242,2136069,29132,75,703,"",6.95,3.05,3.06,3.13,3.41,2.77,2.58,1.10,"",0,0.0,-14,-5.8,-4,-1.7,-5,-2.0,102784,5.1,-20386,-41.2,-55,-42.3,55,8.5
"31133","5","10","71","0","2017","4","",88,494,492,507,4837188,502029,5444,748,"",0.82,0.77,0.76,0.76,0.78,0.98,0.99,1.01,"",3,3.5,-110,-18.2,-102,-17.2,-95,-15.8,-146054,-2.9,-276376,-35.5,-4006,-42.4,109,17.1
"31135","0","10","70","0","2017","4","",160,1139,1144,1152,12694152,481389,3213,853,"",1.00,1.00,1.00,1.00,1.00,1.00,1.00,1.00,"",-7,-4.2,-2,-0.2,25,2.2,2,0.2,244486,2.0,-136509,-22.1,-3390,-51.3,10,1.2
"31135","1","10","71","0","2017","4","",6,15,13,14,168773,0,0,927,"",6.25,0.68,0.59,0.63,0.48,0.00,0.00,0.76,"",0,0.0,0,0.0,-3,-18.8,-4,-22.2,2279,1.4,0,0.0,0,0.0,143,18.2
"31135","2","10","71","0","2017","4","",3,5,5,5,56041,0,0,862,"",2.68,0.14,0.14,0.14,0.14,0.00,0.00,0.99,"",0,0.0,-1,-16.7,-1,-16.7,-1,-16.7,-11162,-16.6,0,0.0,0,0.0,0,0.0
"31135","3","10","71","0","2017","4","",9,388,393,398,4022755,2115,0,787,"",3.31,3.44,3.46,3.49,3.69,0.22,0.00,1.06,"",0,0.0,28,7.8,39,11.0,15,3.9,350451,9.5,582,38.0,0,0.0,14,1.8
"31135","5","10","71","0","2017","4","",142,731,733,735,8446583,479274,3213,886,"",0.91,0.76,0.75,0.75,0.78,1.03,1.01,1.03,"",-7,-4.7,-29,-3.8,-10,-1.3,-8,-1.1,-97082,-1.1,-137091,-22.2,-3390,-51.3,8,0.9
"31137","0","10","70","0","2017","4","",450,4749,4706,4724,54886845,2719060,21640,893,"",1.00,1.00,1.00,1.00,1.00,1.00,1.00,1.00,"",-6,-1.3,-4,-0.1,-48,-1.0,-62,-1.3,3637115,7.1,71314,2.7,-3107,-12.6,66,8.0
"31137","1","10","71","0","2017","4","",9,57,56,55,735926,0,0,1011,"",3.33,0.62,0.62,0.60,0.49,0.00,0.00,0.79,"",0,0.0,2,3.6,2,3.7,-3,-5.2,-13314,-1.8,0,0.0,0,0.0,-24,-2.3
"31137","2","10","71","0","2017","4","",8,41,40,40,452378,0,0,863,"",2.54,0.27,0.27,0.27,0.25,0.00,0.00,0.95,"",0,0.0,-2,-4.7,-3,-7.0,-3,-7.0,-50145,-10.0,0,0.0,0,0.0,-36,-4.0
"31137","3","10","71","0","2017","4","",20,666,655,669,6863801,40212,224,796,"",2.61,1.42,1.40,1.43,1.45,0.75,1.97,1.03,"",0,0.0,-46,-6.5,-43,-6.2,-30,-4.3,76905,1.1,80,0.2,-152,-40.4,53,7.1
"31137","5","10","71","0","2017","4","",413,3985,3955,3960,46834740,2678848,21416,908,"",0.95,0.99,0.99,0.99,1.00,1.02,1.00,1.01,"",-6,-1.4,42,1.1,-4,-0.1,-26,-0.7,3623669,8.4,71234,2.7,-2955,-12.1,69,8.2
"31139","0","10","70","0","2017","4","",260,1955,1946,1955,19031257,1295675,14100,750,"",1.00,1.00,1.00,1.00,1.00,1.00,1.00,1.00,"",7,2.8,-88,-4.3,-64,-3.2,-38,-1.9,16647,0.1,93172,7.7,-1522,-9.7,24,3.3
"31139","1","10","71","0","2017","4","",5,28,27,28,329943,0,0,917,"",3.21,0.74,0.72,0.74,0.63,0.00,0.00,0.85,"",0,0.0,1,3.7,-2,-6.9,-3,-9.7,-19900,-5.7,0,0.0,0,0.0,-11,-1.2
"31139","2","10","71","0","2017","4","",5,18,16,16,156375,0,0,722,"",2.74,0.29,0.26,0.26,0.25,0.00,0.00,0.94,"",0,0.0,0,0.0,0,0.0,1,6.7,-21851,-12.3,0,0.0,0,0.0,-117,-13.9
"31139","3","10","71","0","2017","4","",9,373,374,368,3023542,64277,509,626,"",2.04,1.93,1.94,1.90,1.85,2.51,6.86,0.96,"",0,0.0,9,2.5,7,1.9,8,2.2,136714,4.7,15129,30.8,-19,-3.6,15,2.5
"31139","5","10","71","0","2017","4","",241,1536,1529,1543,15521397,1231398,13591,777,"",0.96,0.92,0.92,0.93,0.96,0.98,0.97,1.03,"",7,3.0,-98,-6.0,-69,-4.3,-44,-2.8,-78316,-0.5,78043,6.8,-1503,-10.0,30,4.0
"31141","0","10","70","0","2017","4","",1185,18892,18836,18854,211338301,13285168,110087,862,"",1.00,1.00,1.00,1.00,1.00,1.00,1.00,1.00,"",-6,-0.5,284,1.5,185,1.0,303,1.6,12053413,6.0,630370,5.0,-12481,-10.2,38,4.6
"31141","1","10","71","0","2017","4","",12,89,91,92,1303316,0,0,1106,"",1.69,0.24,0.25,0.25,0.22,0.00,0.00,0.90,"",0,0.0,3,3.5,7,8.3,3,3.4,92277,7.6,0,0.0,0,0.0,27,2.5
"31141","2","10","71","0","2017","4","",16,138,142,143,1340181,0,0,731,"",1.93,0.23,0.24,0.24,0.19,0.00,0.00,0.83,"",0,0.0,10,7.8,7,5.2,12,9.2,-3695,-0.3,0,0.0,0,0.0,-56,-7.1
"31141","3","10","71","0","2017","4","",47,2423,2411,2382,28448848,109060,719,910,"",2.33,1.29,1.29,1.28,1.57,0.41,1.24,1.22,"",0,0.0,-53,-2.1,-66,-2.7,-58,-2.4,324852,1.2,16693,18.1,-62,-7.9,32,3.6
"31141","5","10","71","0","2017","4","",1110,16242,16192,16237,180245956,13176108,109368,855,"",0.97,1.01,1.01,1.01,1.00,1.03,1.00,0.99,"",-6,-0.5,324,2.0,237,1.5,346,2.2,11639979,6.9,613677,4.9,-12419,-10.2,40,4.9
"31143","0","10","70","0","2017","4","",190,1448,1447,1468,13652012,703542,5604,722,"",1.00,1.00,1.00,1.00,1.00,1.00,1.00,1.00,"",3,1.6,-13,-0.9,-3,-0.2,-11,-0.7,35731,0.3,-5825,-0.8,-1521,-21.3,6,0.8
"31143","1","10","71","0","2017","4","",6,21,23,23,253702,0,0,874,"",5.27,0.75,0.83,0.81,0.68,0.00,0.00,0.85,"",0,0.0,-5,-19.2,-3,-11.5,-6,-20.7,-29648,-10.5,0,0.0,0,0.0,67,8.3
"31143","2","10","71","0","2017","4","",4,10,10,9,102724,0,0,817,"",3.00,0.22,0.22,0.19,0.23,0.00,0.00,1.11,"",0,0.0,-3,-23.1,-3,-23.1,-3,-25.0,-25083,-19.6,0,0.0,0,0.0,41,5.3
"31143","3","10","71","0","2017","4","",12,515,526,532,4856110,10579,25,712,"",3.72,3.59,3.66,3.66,4.14,0.76,0.85,1.14,"",0,0.0,6,1.2,5,1.0,10,1.9,240053,5.2,-7955,-42.9,-41,-62.1,26,3.8
"31143","5","10","71","0","2017","4","",168,902,888,904,8439476,692963,5579,723,"",0.91,0.73,0.72,0.72,0.72,1.02,1.00,1.00,"",3,1.8,-11,-1.2,-2,-0.2,-12,-1.3,-149591,-1.7,2130,0.3,-1480,-21.0,-6,-0.8
"31145","0","10","70","0","2017","4","",491,4998,5090,5065,46906298,3195309,23574,714,"",1.00,1.00,1.00,1.00,1.00,1.00,1.00,1.00,"",-17,-3.3,-204,-3.9,-151,-2.9,-143,-2.7,389555,0.8,7269,0.2,-6627,-21.9,28,4.1
"31145","1","10","71","0","2017","4","",9,75,79,76,1055012,0,0,1059,"",3.06,0.78,0.81,0.78,0.82,0.00,0.00,1.04,"",0,0.0,2,2.7,6,8.2,-3,-3.8,70284,7.1,0,0.0,0,0.0,49,4.9
"31145","2","10","71","0","2017","4","",14,161,167,166,1676783,0,0,783,"",4.07,1.00,1.02,1.03,1.09,0.00,0.00,1.08,"",0,0.0,-5,-3.0,3,1.8,3,1.8,-1106,-0.1,0,0.0,0,0.0,-2,-0.3
"31145","3","10","71","0","2017","4","",21,887,892,907,7554974,2262,7,649,"",2.52,1.79,1.76,1.81,1.87,0.04,0.06,1.05,"",0,0.0,6,0.7,-4,-0.4,10,1.1,74277,1.0,-44,-1.9,1,16.7,3,0.5
"31145","5","10","71","0","2017","4","",447,3875,3952,3916,36619529,3193047,23567,720,"",0.94,0.91,0.91,0.91,0.91,1.03,1.01,1.00,"",-17,-3.7,-207,-5.1,-156,-3.8,-153,-3.8,246100,0.7,7313,0.2,-6628,-22.0,35,5.1
"31147","0","10","70","0","2017","4","",330,2438,2424,2460,21049142,1550452,13869,663,"",1.00,1.00,1.00,1.00,1.00,1.00,1.00,1.00,"",2,0.6,-49,-2.0,-67,-2.7,-48,-1.9,538499,2.6,68280,4.6,-5951,-30.0,31,4.9
"31147","1","10","71","0","2017","4","",7,32,30,31,345250,0,0,857,"",3.54,0.68,0.65,0.65,0.60,0.00,0.00,0.90,"",0,0.0,-3,-8.6,-6,-16.7,-5,-13.9,14772,4.5,0,0.0,0,0.0,144,20.2
"31147","2","10","71","0","2017","4","",6,43,29,24,276888,0,0,666,"",2.59,0.55,0.37,0.31,0.40,0.00,0.00,0.98,"",0,0.0,2,4.9,-13,-31.0,1,4.3,35609,14.8,0,0.0,0,0.0,141,26.9
"31147","3","10","71","0","2017","4","",21,549,543,573,4668694,78251,264,647,"",3.74,2.27,2.26,2.35,2.58,2.55,3.62,1.12,"",0,0.0,7,1.3,-2,-0.4,13,2.3,144693,3.2,23198,42.1,17,6.9,13,2.1
"31147","5","10","71","0","2017","4","",296,1814,1822,1832,15758310,1472201,13605,665,"",0.92,0.88,0.88,0.88,0.88,0.98,0.99,1.00,"",2,0.7,-55,-2.9,-46,-2.5,-57,-3.0,343425,2.2,45082,3.2,-5968,-30.5,33,5.2
"31149","0","10","70","0","2017","4","",59,475,484,492,4221525,204073,1156,671,"",1.00,1.00,1.00,1.00,1.00,1.00,1.00,1.00,"",-3,-4.8,12,2.6,5,1.0,15,3.1,329196,8.5,-62795,-23.5,-1095,-48.6,38,6.0
"31149","1","10","71","0","2017","4","",1,3,3,3,34087,0,0,874,"",2.83,0.33,0.32,0.32,0.29,0.00,0.00,0.91,"",0,0.0,0,0.0,0,0.0,0,0.0,-5853,-14.7,0,0.0,0,0.0,-150,-14.6
"31149","2","10","71","0","2017","4","",5,13,12,11,123997,0,0,795,"",12.09,0.85,0.77,0.70,0.90,0.00,0.00,1.16,"",0,0.0,-2,-13.3,-3,-20.0,-3,-21.4,-24988,-16.8,0,0.0,0,0.0,14,1.8
"31149","3","10","71","0","2017","4","",8,213,230,226,1708568,9716,18,589,"",7.98,4.53,4.79,4.64,4.71,2.41,2.96,1.01,"",0,0.0,13,6.5,20,9.5,16,7.6,121481,7.7,2046,26.7,-1,-5.3,-2,-0.3
"31149","5","10","71","0","2017","4","",45,246,239,252,2354873,194357,1138,737,"",0.79,0.61,0.58,0.60,0.65,0.98,0.99,1.09,"",-3,-6.2,1,0.4,-12,-4.8,2,0.8,238556,11.3,-64841,-25.0,-1094,-49.0,82,12.5
"31151","0","10","70","0","2017","4","",398,7246,7189,7246,77772771,3586236,29675,828,"",1.00,1.00,1.00,1.00,1.00,1.00,1.00,1.00,"",-7,-1.7,56,0.8,-12,-0.2,6,0.1,2490811,3.3,-259016,-6.7,-9680,-24.6,25,3.1
"31151","1","10","71","0","2017","4","",11,62,57,58,805023,0,0,1050,"",4.61,0.44,0.41,0.42,0.38,0.00,0.00,0.89,"",0,0.0,4,6.9,-4,-6.6,-2,-3.3,-41607,-4.9,0,0.0,0,0.0,-41,-3.8
"31151","2","10","71","0","2017","4","",5,21,21,20,216873,0,0,807,"",1.79,0.09,0.09,0.09,0.09,0.00,0.00,0.96,"",0,0.0,-1,-4.5,-1,-4.5,-2,-9.1,-17356,-7.4,0,0.0,0,0.0,-12,-1.5
"31151","3","10","71","0","2017","4","",25,1428,1400,1427,12962220,45971,241,703,"",3.70,1.99,1.96,1.99,1.94,0.65,1.54,0.98,"",-1,-3.8,-9,-0.6,-31,-2.2,-14,-1.0,324310,2.6,-17057,-27.1,-195,-44.7,26,3.8
"31151","5","10","71","0","2017","4","",357,5735,5711,5741,63788655,3540265,29434,856,"",0.92,0.93,0.94,0.93,0.96,1.02,1.00,1.03,"",-6,-1.7,62,1.1,24,0.4,24,0.4,2225464,3.6,-241959,-6.4,-9485,-24.4,24,2.9
"31153","0","10","70","0","2017","4","",3950,71313,71260,71398,838269809,65436449,626355,904,"",1.00,1.00,1.00,1.00,1.00,1.00,1.00,1.00,"",101,2.6,534,0.8,785,1.1,756,1.1,36690561,4.6,2359941,3.7,-131847,-17.4,31,3.6
"31153","1","10","71","0","2017","4","",38,3039,3041,3022,59435303,0,0,1507,"",1.60,2.21,2.23,2.20,2.58,0.00,0.00,1.17,"",1,2.7,-74,-2.4,-73,-2.3,-90,-2.9,790722,1.3,0,0.0,0,0.0,58,4.0
"31153","2","10","71","0","2017","4","",10,350,354,340,3303446,0,0,730,"",0.36,0.15,0.16,0.15,0.12,0.00,0.00,0.79,"",1,11.1,126,56.2,131,58.7,121,55.3,1164676,54.5,0,0.0,0,0.0,-11,-1.5
"31153","3","10","71","0","2017","4","",33,6825,6833,6729,70080338,51876,301,793,"",0.49,0.97,0.97,0.95,0.97,0.04,0.09,1.01,"",3,10.0,99,1.5,159,2.4,117,1.8,-586096,-0.8,13893,36.6,30,11.1,-22,-2.7
"31153","5","10","71","0","2017","4","",3869,61099,61032,61307,705450722,65384573,626054,887,"",1.01,1.01,1.01,1.01,0.99,1.03,1.01,0.98,"",96,2.5,383,0.6,568,0.9,608,1.0,35321259,5.3,2346048,3.7,-131877,-17.4,37,4.4
"31155","0","10","70","0","2017","4","",607,5433,5353,5325,52398572,4244136,42340,751,"",1.00,1.00,1.00,1.00,1.00,1.00,1.00,1.00,"",8,1.3,100,1.9,86,1.6,75,1.4,3377034,6.9,665573,18.6,-16,0.0,37,5.2
"31155","1","10","71","0","2017","4","",17,101,101,103,1217071,0,0,921,"",4.67,0.97,0.99,1.00,0.85,0.00,0.00,0.86,"",0,0.0,2,2.0,1,1.0,4,4.0,84793,7.5,0,0.0,0,0.0,44,5.0
"31155","2","10","71","0","2017","4","",7,218,209,212,1713668,0,0,619,"",1.65,1.25,1.22,1.25,1.00,0.00,0.00,0.81,"",0,0.0,9,4.3,5,2.5,12,6.0,-10040,-0.6,0,0.0,0,0.0,-30,-4.6
"31155","3","10","71","0","2017","4","",40,1264,1267,1267,11660016,101553,431,708,"",3.88,2.35,2.38,2.40,2.59,1.21,1.93,1.09,"",1,2.6,-16,-1.2,5,0.4,-12,-0.9,601180,5.4,3661,3.7,-124,-22.3,40,6.0
"31155","5","10","71","0","2017","4","",543,3850,3776,3743,37807817,4142583,41909,767,"",0.92,0.83,0.83,0.83,0.85,1.01,1.00,1.02,"",7,1.3,105,2.8,75,2.0,71,1.9,2701101,7.7,661912,19.0,108,0.3,38,5.2
"31157","0","10","70","0","2017","4","",1475,16921,16927,16737,169962825,13036510,128642,775,"",1.00,1.00,1.00,1.00,1.00,1.00,1.00,1.00,"",-23,-1.5,-370,-2.1,-264,-1.5,-147,-0.9,1694329,1.0,105351,0.8,-12350,-8.8,19,2.5
"31157","1","10","71","0","2017","4","",20,146,140,139,2222912,0,0,1207,"",2.26,0.45,0.43,0.43,0.48,0.00,0.00,1.09,"",0,0.0,-9,-5.8,-15,-9.7,-16,-10.3,-91724,-4.0,0,0.0,0,0.0,58,5.0
"31157","2","10","71","0","2017","4","",27,569,565,553,5982574,0,0,818,"",2.61,1.05,1.04,1.04,1.08,0.00,0.00,1.03,"",1,3.8,-36,-6.0,-35,-5.8,-32,-5.5,-138938,-2.3,0,0.0,0,0.0,29,3.7
"31157","3","10","71","0","2017","4","",48,2586,2608,2618,25806774,159696,737,762,"",1.91,1.54,1.55,1.58,1.77,0.62,1.09,1.13,"",0,0.0,-36,-1.4,-1,0.0,20,0.8,614050,2.4,-7466,-4.5,-1047,-58.7,19,2.6
"31157","5","10","71","0","2017","4","",1380,13620,13614,13427,135950565,12876814,127905,772,"",0.96,0.95,0.95,0.94,0.94,1.02,1.00,0.99,"",-24,-1.7,-289,-2.1,-213,-1.5,-119,-0.9,1310941,1.0,112817,0.9,-11303,-8.1,19,2.5
"31159","0","10","70","0","2017","4","",538,6164,6117,6111,65370618,3780778,35555,820,"",1.00,1.00,1.00,1.00,1.00,1.00,1.00,1.00,"",0,0.0,68,1.1,1,0.0,38,0.6,2993547,4.8,-200786,-5.0,-19073,-34.9,33,4.2
"31159","1","10","71","0","2017","4","",12,47,54,49,558176,0,0,859,"",3.72,0.40,0.46,0.42,0.31,0.00,0.00,0.73,"",0,0.0,1,2.2,9,20.0,-2,-3.9,35531,6.8,0,0.0,0,0.0,10,1.2
"31159","2","10","71","0","2017","4","",4,45,48,50,457737,0,0,739,"",1.06,0.23,0.24,0.26,0.21,0.00,0.00,0.88,"",0,0.0,-1,-2.2,3,6.7,6,13.6,10793,2.4,0,0.0,0,0.0,-25,-3.3
"31159","3","10","71","0","2017","4","",19,1034,1026,1028,11144877,5677,23,833,"",2.08,1.69,1.69,1.70,1.98,0.08,0.12,1.17,"",0,0.0,-2,-0.2,-30,-2.8,-24,-2.3,226135,2.1,104,1.9,1,4.5,32,4.0
"31159","5","10","71","0","2017","4","",503,5038,4989,4984,53209828,3775101,35532,818,"",0.96,0.96,0.96,0.96,0.95,1.03,1.01,0.99,"",0,0.0,70,1.4,19,0.4,58,1.2,2721088,5.4,-200890,-5.1,-19074,-34.9,34,4.3
"31161","0","10","70","0","2017","4","",262,1769,1779,1771,13568956,1121587,9944,589,"",1.00,1.00,1.00,1.00,1.00,1.00,1.00,1.00,"",-14,-5.1,9,0.5,31,1.8,16,0.9,148901,1.1,-73965,-6.2,-3071,-23.6,1,0.2
"31161","1","10","71","0","2017","4","",9,20,22,23,264336,0,0,938,"",5.73,0.59,0.65,0.67,0.71,0.00,0.00,1.11,"",0,0.0,-1,-4.8,-1,-4.3,-4,-14.8,4067,1.6,0,0.0,0,0.0,92,10.9
"31161","2","10","71","0","2017","4","",6,15,16,15,153463,0,0,770,"",3.27,0.26,0.28,0.27,0.35,0.00,0.00,1.28,"",0,0.0,-3,-16.7,-2,-11.1,-1,-6.2,-7724,-4.8,0,0.0,0,0.0,55,7.7
"31161","3","10","71","0","2017","4","",24,593,585,580,5014098,0,0,658,"",5.39,3.38,3.31,3.31,4.30,0.00,0.00,1.29,"",0,0.0,28,5.0,32,5.8,18,3.2,182425,3.8,0,0.0,0,0.0,-6,-0.9
"31161","5","10","71","0","2017","4","",223,1141,1156,1153,8137059,1121587,9944,544,"",0.88,0.76,0.76,0.77,0.70,1.03,1.01,0.92,"",-14,-5.9,-15,-1.3,2,0.2,3,0.3,-29867,-0.4,-73965,-6.2,-3071,-23.6,-1,-0.2
"31163","0","10","70","0","2017","4","",112,784,788,810,6167545,621559,5976,598,"",1.00,1.00,1.00,1.00,1.00,1.00,1.00,1.00,"",-5,-4.3,-40,-4.9,-28,-3.4,-7,-0.9,20681,0.3,109437,21.4,-2039,-25.4,21,3.6
"31163","1","10","71","0","2017","4","",4,13,12,13,116641,0,0,708,"",5.95,0.86,0.80,0.83,0.69,0.00,0.00,0.83,"",0,0.0,-2,-13.3,0,0.0,3,30.0,541,0.5,0,0.0,0,0.0,-16,-2.2
"31163","2","10","71","0","2017","4","",5,13,12,13,138209,0,0,839,"",6.37,0.52,0.48,0.50,0.69,0.00,0.00,1.38,"",0,0.0,1,8.3,0,0.0,2,18.2,11708,9.3,0,0.0,0,0.0,5,0.6
"31163","3","10","71","0","2017","4","",8,193,195,197,1452859,20953,107,573,"",4.20,2.48,2.49,2.46,2.74,1.70,3.40,1.10,"",-1,-11.1,-74,-27.7,-77,-28.3,-73,-27.0,-494653,-25.4,-64940,-75.6,-302,-73.8,17,3.1
"31163","5","10","71","0","2017","4","",95,565,569,587,4459836,600606,5869,598,"",0.87,0.85,0.85,0.85,0.85,1.00,0.99,0.99,"",-4,-4.0,35,6.6,49,9.4,61,11.6,503085,12.7,174377,40.9,-1737,-22.8,19,3.3
"31165","0","10","70","0","2017","4","",28,150,140,154,1355399,38419,216,704,"",1.00,1.00,1.00,1.00,1.00,1.00,1.00,1.00,"",-3,-9.7,-14,-8.5,-19,-11.9,-13,-7.8,-28057,-2.0,-46281,-54.6,-557,-72.1,52,8.0
"31165","1","10","71","0","2017","4","",2,11,7,8,109150,0,0,969,"",11.91,3.81,2.61,2.70,2.93,0.00,0.00,0.96,"",0,0.0,2,22.2,-1,-12.5,1,14.3,7075,6.9,0,0.0,0,0.0,-12,-1.2
"31165","2","10","71","0","2017","4","N",2,0,0,0,0,0,0,0,"N",10.19,0,0,0,0,0,0,0,"N",-1,-33.3,0,0,0,0,0,0,0,0,0,0,0,0,0,0
"31165","3","10","71","0","2017","4","N",6,0,0,0,0,0,0,0,"N",12.61,0,0,0,0,0,0,0,"N",0,0.0,0,0,0,0,0,0,0,0,0,0,0,0,0,0
"31165","5","10","71","0","2017","4","",18,73,71,74,669205,38419,216,708,"",0.66,0.57,0.60,0.57,0.58,1.03,1.01,1.00,"",-2,-10.0,-11,-13.1,-9,-11.2,-6,-7.5,-47446,-6.6,-46281,-54.6,-557,-72.1,30,4.4
"31167","0","10","70","0","2017","4","",109,1355,1382,1343,20055376,734582,6065,1134,"",1.00,1.00,1.00,1.00,1.00,1.00,1.00,1.00,"",-3,-2.7,56,4.3,92,7.1,45,3.5,1954918,10.8,160859,28.0,294,5.1,59,5.5
"31167","1","10","71","0","2017","4","",3,19,19,19,272439,0,0,1103,"",4.59,0.73,0.72,0.73,0.49,0.00,0.00,0.68,"",0,0.0,0,0.0,1,5.6,-2,-9.5,29083,12.0,0,0.0,0,0.0,135,13.9
"31167","2","10","71","0","2017","4","",3,5,5,5,64485,0,0,992,"",3.93,0.11,0.11,0.12,0.10,0.00,0.00,0.86,"",0,0.0,1,25.0,1,25.0,1,25.0,9332,16.9,0,0.0,0,0.0,-69,-6.5
"31167","3","10","71","0","2017","4","",9,281,284,276,2338016,23036,22,642,"",4.86,2.09,2.07,2.08,1.36,1.58,0.69,0.65,"",0,0.0,7,2.6,4,1.4,-1,-0.4,57065,2.5,-660,-2.8,9,69.2,9,1.4
"31167","5","10","71","0","2017","4","",94,1050,1074,1043,17380436,711546,6043,1266,"",0.89,0.91,0.91,0.91,1.01,1.00,1.00,1.11,"",-3,-3.1,48,4.8,86,8.7,47,4.7,1859438,12.0,161519,29.4,285,4.9,66,5.5
"31169","0","10","70","0","2017","4","",259,2400,2424,2441,24081454,1188660,9411,765,"",1.00,1.00,1.00,1.00,1.00,1.00,1.00,1.00,"",7,2.8,7,0.3,47,2.0,42,1.8,697858,3.0,213251,21.9,-522,-5.3,12,1.6
"31169","1","10","71","0","2017","4","",10,27,27,26,328405,0,0,947,"",6.44,0.58,0.58,0.55,0.50,0.00,0.00,0.87,"",0,0.0,-2,-6.9,0,0.0,-5,-16.1,10284,3.2,0,0.0,0,0.0,103,12.2
"31169","2","10","71","0","2017","4","",8,26,27,26,279014,0,0,815,"",4.41,0.34,0.35,0.33,0.35,0.00,0.00,1.04,"",0,0.0,-4,-13.3,-3,-10.0,-3,-10.3,-38752,-12.2,0,0.0,0,0.0,-9,-1.1
"31169","3","10","71","0","2017","4","",28,639,636,650,5629413,8171,33,675,"",6.36,2.69,2.64,2.69,2.72,0.35,0.67,1.02,"",1,3.7,-1,-0.2,-8,-1.2,-7,-1.1,-33810,-0.6,2961,56.8,-8,-19.5,2,0.3
"31169","5","10","71","0","2017","4","",213,1708,1734,1739,17844622,1180489,9378,795,"",0.85,0.84,0.84,0.84,0.87,1.03,1.00,1.03,"",6,2.9,14,0.8,58,3.5,57,3.4,760136,4.4,210290,21.7,-514,-5.2,15,1.9
"31171","0","10","70","0","2017","4","",35,280,274,273,2692835,286064,2557,751,"",1.00,1.00,1.00,1.00,1.00,1.00,1.00,1.00,"",1,2.9,-44,-13.6,6,2.2,13,5.0,677287,33.6,101212,54.8,-34,-1.3,205,37.5
"31171","1","10","71","0","2017","4","",4,10,11,10,105041,0,0,782,"",19.05,1.86,2.10,1.90,1.42,0.00,0.00,0.73,"",0,0.0,0,0.0,1,10.0,1,11.1,9707,10.2,0,0.0,0,0.0,23,3.0
"31171","2","10","71","0","2017","4","",3,13,8,7,62203,0,0,513,"",12.23,1.45,0.91,0.80,0.71,0.00,0.00,0.67,"N",0,0.0,0,0,0,0,0,0,0,0,0,0,0,0,0,0
"31171","3","10","71","0","2017","4","",5,84,85,83,525188,8912,33,481,"",8.40,3.03,3.12,3.07,2.27,1.57,2.45,0.74,"N",0,0.0,0,0,0,0,0,0,0,0,0,0,0,0,0,0
"31171","5","10","71","0","2017","4","",23,173,170,173,2000403,277152,2524,895,"",0.68,0.73,0.73,0.75,0.87,1.00,0.99,1.19,"",1,4.5,-46,-21.0,6,3.7,15,9.5,651324,48.3,111168,67.0,101,4.2,320,55.7
"31173","0","10","70","0","2017","4","",183,3003,3094,3103,33990238,1781845,33417,853,"",1.00,1.00,1.00,1.00,1.00,1.00,1.00,1.00,"",-4,-2.1,31,1.0,155,5.3,145,4.9,1288265,3.9,-30860,-1.7,-12861,-27.8,2,0.2
"31173","1","10","71","0","2017","4","",12,203,203,201,3072824,0,0,1168,"",10.93,3.51,3.43,3.36,3.29,0.00,0.00,0.96,"",0,0.0,-2,-1.0,-5,-2.4,-7,-3.4,-158673,-4.9,0,0.0,0,0.0,-33,-2.7
"31173","2","10","71","0","2017","4","N",3,0,0,0,0,0,0,0,"N",2.34,0,0,0,0,0,0,0,"N",0,0.0,0,0,0,0,0,0,0,0,0,0,0,0,0,0
"31173","3","10","71","0","2017","4","N",25,0,0,0,0,0,0,0,"N",8.04,0,0,0,0,0,0,0,"N",0,0.0,0,0,0,0,0,0,0,0,0,0,0,0,0,0
"31173","5","10","71","0","2017","4","",143,1221,1224,1234,14452053,1118703,14899,907,"",0.81,0.48,0.47,0.47,0.50,0.65,0.45,1.06,"",-4,-2.7,-27,-2.2,-8,-0.6,-5,-0.4,531040,3.8,106455,10.5,-6907,-31.7,43,5.0
"31175","0","10","70","0","2017","4","",243,1811,1798,1819,15889532,1046878,9797,676,"",1.00,1.00,1.00,1.00,1.00,1.00,1.00,1.00,"",-8,-3.2,12,0.7,26,1.5,23,1.3,671199,4.4,-19260,-1.8,-3459,-26.1,22,3.4
"31175","1","10","71","0","2017","4","",5,29,30,29,364590,0,0,956,"",3.43,0.83,0.87,0.83,0.83,0.00,0.00,0.99,"",0,0.0,-1,-3.3,1,3.4,-3,-9.4,8076,2.3,0,0.0,0,0.0,52,5.8
"31175","2","10","71","0","2017","4","",8,24,23,23,229303,0,0,756,"",4.70,0.41,0.40,0.40,0.44,0.00,0.00,1.10,"",0,0.0,-1,-4.0,-4,-14.8,-2,-8.0,-30613,-11.8,0,0.0,0,0.0,-23,-3.0
"31175","3","10","71","0","2017","4","",19,536,530,542,4885246,21392,92,701,"",4.60,2.99,2.97,3.01,3.58,1.03,1.78,1.20,"",-1,-5.0,-11,-2.0,-11,-2.0,1,0.2,93995,2.0,5421,33.9,20,27.8,22,3.2
"31175","5","10","71","0","2017","4","",211,1222,1215,1225,10410393,1025486,9705,656,"",0.90,0.79,0.80,0.79,0.77,1.01,1.00,0.97,"",-7,-3.2,25,2.1,40,3.4,27,2.3,599741,6.1,-24681,-2.4,-3479,-26.4,22,3.5
"31177","0","10","70","0","2017","4","",663,7952,7961,7994,104275009,4777932,52893,1007,"",1.00,1.00,1.00,1.00,1.00,1.00,1.00,1.00,"",9,1.4,-169,-2.1,-129,-1.6,85,1.1,-3675627,-3.4,-105195,-2.2,-16805,-24.1,-26,-2.5
"31177","1","10","71","0","2017","4","",7,42,44,45,655159,0,0,1154,"",1.76,0.27,0.29,0.29,0.23,0.00,0.00,0.80,"",-1,-12.5,-9,-17.6,-6,-12.0,-5,-10.0,-32593,-4.7,0,0.0,0,0.0,103,9.8
"31177","2","10","71","0","2017","4","",9,38,36,32,339942,0,0,740,"",1.94,0.15,0.14,0.13,0.10,0.00,0.00,0.72,"",0,0.0,1,2.7,0,0.0,2,6.7,-3149,-0.9,0,0.0,0,0.0,-29,-3.8
"31177","3","10","71","0","2017","4","",13,1287,1297,1295,21369558,40725,228,1271,"",1.15,1.63,1.64,1.64,2.38,0.43,0.82,1.46,"",0,0.0,-204,-13.7,-187,-12.6,-134,-9.4,-8919621,-29.4,10547,34.9,27,13.4,-316,-19.9
"31177","5","10","71","0","2017","4","",634,6585,6584,6622,81910350,4737207,52665,955,"",0.99,0.97,0.97,0.97,0.92,1.02,1.00,0.94,"",10,1.6,43,0.7,64,1.0,222,3.5,5279736,6.9,-115742,-2.4,-16832,-24.2,46,5.1
"31179","0","10","70","0","2017","4","",287,4270,4205,4260,39187112,3182665,23445,710,"",1.00,1.00,1.00,1.00,1.00,1.00,1.00,1.00,"",5,1.8,38,0.9,-28,-0.7,19,0.4,1529930,4.1,374061,13.3,-10000,-29.9,26,3.8
"31179","1","10","71","0","2017","4","",8,35,34,34,461224,0,0,1033,"",4.65,0.43,0.42,0.41,0.43,0.00,0.00,1.02,"",0,0.0,-2,-5.4,-2,-5.6,-5,-12.8,11519,2.6,0,0.0,0,0.0,106,11.4
"31179","2","10","71","0","2017","4","N",7,0,0,0,0,0,0,0,"N",3.48,0,0,0,0,0,0,0,"N",0,0.0,0,0,0,0,0,0,0,0,0,0,0,0,0,0
"31179","3","10","71","0","2017","4","N",13,0,0,0,0,0,0,0,"N",2.66,0,0,0,0,0,0,0,"N",0,0.0,0,0,0,0,0,0,0,0,0,0,0,0,0,0
"31179","5","10","71","0","2017","4","",259,3287,3226,3274,27301310,3165981,23368,644,"",0.93,0.91,0.90,0.90,0.82,1.03,1.00,0.90,"",5,2.0,78,2.4,17,0.5,54,1.7,1489663,5.8,360172,12.8,-10060,-30.1,26,4.2
"31181","0","10","70","0","2017","4","",139,1041,1047,1065,8309597,822526,5423,608,"",1.00,1.00,1.00,1.00,1.00,1.00,1.00,1.00,"",0,0.0,-31,-2.9,-14,-1.3,-11,-1.0,250209,3.1,185845,29.2,-72,-1.3,28,4.8
"31181","1","10","71","0","2017","4","",6,25,20,22,231762,0,0,798,"",7.20,1.25,1.00,1.07,1.01,0.00,0.00,0.92,"",0,0.0,0,0.0,-1,-4.8,-4,-15.4,8308,3.7,0,0.0,0,0.0,82,11.5
"31181","2","10","71","0","2017","4","N",3,0,0,0,0,0,0,0,"N",3.08,0,0,0,0,0,0,0,"N",0,0.0,0,0,0,0,0,0,0,0,0,0,0,0,0,0
"31181","3","10","71","0","2017","4","N",15,0,0,0,0,0,0,0,"N",6.35,0,0,0,0,0,0,0,"N",0,0.0,0,0,0,0,0,0,0,0,0,0,0,0,0,0
"31181","5","10","71","0","2017","4","",115,716,728,730,5601259,768923,5310,595,"",0.85,0.81,0.82,0.81,0.79,0.97,0.99,0.97,"",0,0.0,-16,-2.2,3,0.4,-8,-1.1,257070,4.8,169685,28.3,-51,-1.0,33,5.9
"31183","0","10","70","0","2017","4","",41,323,320,321,2955989,270768,1416,708,"",1.00,1.00,1.00,1.00,1.00,1.00,1.00,1.00,"",1,2.5,5,1.6,-4,-1.2,-2,-0.6,51978,1.8,16094,6.3,-735,-34.2,14,2.0
"31183","1","10","71","0","2017","4","",2,3,3,3,18172,0,0,466,"",8.13,0.48,0.49,0.49,0.22,0.00,0.00,0.46,"",0,0.0,0,0.0,0,0.0,0,0.0,-502,-2.7,0,0.0,0,0.0,-13,-2.7
"31183","2","10","71","0","2017","4","N",1,0,0,0,0,0,0,0,"N",3.48,0,0,0,0,0,0,0,"N",0,0.0,0,0,0,0,0,0,0,0,0,0,0,0,0,0
"31183","3","10","71","0","2017","4","N",4,0,0,0,0,0,0,0,"N",5.74,0,0,0,0,0,0,0,"N",0,0.0,0,0,0,0,0,0,0,0,0,0,0,0,0,0
"31183","5","10","71","0","2017","4","",34,253,251,248,2366526,269343,1412,726,"",0.85,0.92,0.92,0.91,0.94,1.03,1.00,1.02,"",1,3.0,1,0.4,1,0.4,-3,-1.2,14751,0.6,16094,6.4,-733,-34.2,5,0.7
"31185","0","10","70","0","2017","4","",625,7769,7516,7508,77106176,6092652,61946,781,"",1.00,1.00,1.00,1.00,1.00,1.00,1.00,1.00,"",-18,-2.8,103,1.3,-45,-0.6,-80,-1.1,1264093,1.7,206991,3.5,-7891,-11.3,14,1.8
"31185","1","10","71","0","2017","4","",11,56,54,52,642951,0,0,916,"",2.93,0.37,0.38,0.36,0.30,0.00,0.00,0.82,"",0,0.0,2,3.7,-4,-6.9,-9,-14.8,-19078,-2.9,0,0.0,0,0.0,33,3.7
"31185","2","10","71","0","2017","4","",8,185,188,183,2034780,0,0,845,"",1.83,0.74,0.78,0.76,0.81,0.00,0.00,1.06,"",0,0.0,1,0.5,5,2.7,-1,-0.5,110393,5.7,0,0.0,0,0.0,39,4.8
"31185","3","10","71","0","2017","4","",25,908,919,917,9972377,42266,187,839,"",2.35,1.18,1.23,1.23,1.50,0.35,0.57,1.24,"",0,0.0,6,0.7,17,1.9,1,0.1,168366,1.7,-18008,-29.9,-123,-39.7,7,0.8
"31185","5","10","71","0","2017","4","",581,6620,6355,6356,64456068,6050386,61759,769,"",0.96,1.00,1.00,1.00,0.98,1.03,1.00,0.98,"",-18,-3.0,94,1.4,-63,-1.0,-71,-1.1,1004412,1.6,224999,3.9,-7768,-11.2,13,1.7
"31999","0","10","70","0","2017","4","",5807,20721,20683,20907,357033231,30601572,532482,1322,"",1.00,1.00,1.00,1.00,1.00,1.00,1.00,1.00,"",371,6.8,2250,12.2,2731,15.2,3623,21.0,45473379,14.6,5474657,21.8,-4023,-0.7,-17,-1.3
"31999","1","10","71","0","2017","4","",26,148,144,139,2751429,0,0,1473,"",0.75,0.37,0.36,0.35,0.28,0.00,0.00,0.78,"",2,8.3,8,5.7,8,5.9,-2,-1.4,330205,13.6,0,0.0,0,0.0,133,9.9
"31999","2","10","71","0","2017","4","N",8,0,0,0,0,0,0,0,"N",0.20,0,0,0,0,0,0,0,"N",2,33.3,0,0,0,0,0,0,0,0,0,0,0,0,0,0
"31999","3","10","71","0","2017","4","N",9,0,0,0,0,0,0,0,"N",0.09,0,0,0,0,0,0,0,"N",-1,-10.0,0,0,0,0,0,0,0,0,0,0,0,0,0,0
"31999","5","10","71","0","2017","4","N",5764,0,0,0,0,0,0,0,"N",1.02,0,0,0,0,0,0,0,"N",368,6.8,0,0,0,0,0,0,0,0,0,0,0,0,0,0
"32000","0","10","50","0","2017","4","",80573,1345016,1351710,1352411,16756055169,4422127558,93080391,955,"",1.00,1.00,1.00,1.00,1.00,1.00,1.00,1.00,"",-943,-1.2,41940,3.2,42888,3.3,46115,3.5,1042417889,6.6,420733601,10.5,10840451,13.2,30,3.2
"32000","1","10","51","0","2017","4","",359,19258,19131,19235,350669885,0,0,1404,"",0.74,0.74,0.74,0.74,0.76,0.00,0.00,1.03,"",-4,-1.1,469,2.5,376,2.0,270,1.4,14829649,4.4,0,0.0,0,0.0,33,2.4
"32000","2","10","51","0","2017","4","",613,35862,36154,36383,447716589,380997,3876,953,"",1.09,0.83,0.83,0.84,0.82,0.01,0.03,0.98,"",5,0.8,737,2.1,753,2.1,759,2.1,-28855418,-6.1,-5713,-1.5,74,1.9,-83,-8.0
"32000","3","10","51","0","2017","4","",319,99415,101430,101963,1372783296,9772946,238517,1046,"",0.23,0.75,0.76,0.76,0.95,0.11,0.49,1.26,"",3,0.9,804,0.8,1118,1.1,1032,1.0,35944988,2.7,953495,10.8,23680,11.0,17,1.7
"32000","5","10","51","0","2017","4","",79282,1190481,1194995,1194830,14584885399,4411973615,92837998,940,"",1.01,1.04,1.04,1.04,1.02,1.03,1.00,0.98,"",-947,-1.2,39930,3.5,40641,3.5,44054,3.8,1020498670,7.5,419785819,10.5,10816697,13.2,34,3.8
"32000","8","10","96","0","2017","4","",1291,154535,156715,157581,2171169770,10153943,242393,1069,"",0.53,0.76,0.77,0.78,0.89,0.07,0.40,1.15,"",4,0.3,2010,1.3,2247,1.5,2061,1.3,21919219,1.0,947782,10.3,23754,10.9,-3,-0.3
"32001","0","10","70","0","2017","4","",660,8190,8237,8422,97368706,27588247,593227,904,"",1.00,1.00,1.00,1.00,1.00,1.00,1.00,1.00,"",-7,-1.0,360,4.6,444,5.7,686,8.9,10235908,11.7,7557098,37.7,184117,45.0,43,5.0
"32001","1","10","71","0","2017","4","",14,410,408,408,7103634,0,0,1337,"",3.54,2.60,2.59,2.51,2.65,0.00,0.00,1.03,"",0,0.0,-7,-1.7,-5,-1.2,-3,-0.7,294395,4.3,0,0.0,0,0.0,71,5.6
"32001","2","10","71","0","2017","4","",16,136,128,127,1798885,0,0,1062,"",3.46,0.52,0.49,0.47,0.57,0.00,0.00,1.15,"",2,14.3,5,3.8,5,4.1,4,3.3,138207,8.3,0,0.0,0,0.0,45,4.4
"32001","3","10","71","0","2017","4","",17,1147,1150,1136,12663294,474360,10150,851,"",1.52,1.41,1.41,1.36,1.51,0.87,3.25,1.09,"",0,0.0,38,3.4,5,0.4,28,2.5,765440,6.4,-59628,-11.2,-1155,-10.2,34,4.2
"32001","5","10","71","0","2017","4","",613,6497,6551,6751,75802893,27113887,583077,884,"",0.96,0.93,0.94,0.94,0.91,1.02,0.99,0.97,"",-9,-1.4,324,5.2,439,7.2,657,10.8,9037866,13.5,7616726,39.1,185272,46.6,46,5.5
"32003","0","10","70","0","2017","4","",54380,977317,982597,982561,11957810687,3233446619,67894172,938,"",1.00,1.00,1.00,1.00,1.00,1.00,1.00,1.00,"",-1784,-3.2,27067,2.8,27606,2.9,30177,3.2,696574012,6.2,265228275,8.9,6795704,11.1,29,3.2
"32003","1","10","71","0","2017","4","",114,12931,12911,12975,235166692,0,0,1398,"",0.35,0.69,0.69,0.69,0.72,0.00,0.00,1.04,"",-2,-1.7,71,0.6,48,0.4,-38,-0.3,6714161,2.9,0,0.0,0,0.0,37,2.7
"32003","2","10","71","0","2017","4","",206,17942,18167,18321,211189910,155535,1271,895,"",0.54,0.57,0.58,0.58,0.54,0.00,0.01,0.94,"",4,2.0,826,4.8,873,5.0,886,5.1,-8055171,-3.7,31673,25.6,277,27.9,-81,-8.3
"32003","3","10","71","0","2017","4","",74,68446,70063,70774,978124532,2357195,44504,1079,"",0.08,0.71,0.72,0.73,0.95,0.04,0.12,1.33,"",2,2.8,668,1.0,846,1.2,879,1.3,28995391,3.1,639473,37.2,14421,47.9,20,1.9
"32003","5","10","71","0","2017","4","",53986,877998,881456,880491,10533329553,3230933889,67848397,921,"",1.02,1.06,1.06,1.05,1.03,1.03,1.01,0.98,"",-1788,-3.2,25502,3.0,25839,3.0,28450,3.3,668919631,6.8,264557129,8.9,6781006,11.1,32,3.6
"32005","0","10","70","0","2017","4","",1820,19225,19122,19217,223983607,67241426,1519634,898,"",1.00,1.00,1.00,1.00,1.00,1.00,1.00,1.00,"",-34,-1.8,517,2.8,650,3.5,656,3.5,10247206,4.8,7447921,12.5,244983,19.2,13,1.5
"32005","1","10","71","0","2017","4","",12,90,83,85,1657391,0,0,1482,"",1.10,0.24,0.23,0.23,0.27,0.00,0.00,1.15,"",0,0.0,12,15.4,3,3.8,9,11.8,194507,13.3,0,0.0,0,0.0,39,2.7
"32005","2","10","71","0","2017","4","",8,116,105,96,1663401,0,0,1211,"",0.63,0.19,0.17,0.16,0.23,0.00,0.00,1.32,"",0,0.0,0,0.0,1,1.0,1,1.1,111718,7.2,0,0.0,0,0.0,74,6.5
"32005","3","10","71","0","2017","4","",32,2073,2077,2077,25409663,1363334,35966,942,"",1.03,1.09,1.09,1.09,1.32,1.02,4.50,1.21,"",0,0.0,-25,-1.2,16,0.8,13,0.6,1582561,6.6,97372,7.7,2880,8.7,58,6.6
"32005","5","10","71","0","2017","4","",1768,16946,16857,16959,195253152,65878092,1483668,888,"",1.00,1.04,1.04,1.04,1.02,1.01,0.98,0.98,"",-34,-1.9,530,3.2,630,3.9,633,3.9,8358420,4.5,7350549,12.6,242103,19.5,7,0.8
"32007","0","10","70","0","2017","4","",1392,22310,22158,21937,282499077,71743438,1438421,982,"",1.00,1.00,1.00,1.00,1.00,1.00,1.00,1.00,"",-8,-0.6,162,0.7,32,0.1,-3,0.0,10886321,4.0,4423109,6.6,171205,13.5,35,3.7
"32007","1","10","71","0","2017","4","",32,355,326,336,5524942,0,0,1254,"",3.83,0.83,0.77,0.80,0.71,0.00,0.00,0.89,"",0,0.0,26,7.9,-1,-0.3,-2,-0.6,160358,3.0,0,0.0,0,0.0,9,0.7
"32007","2","10","71","0","2017","4","",40,909,917,926,11327801,0,0,950,"",4.10,1.27,1.29,1.32,1.23,0.00,0.00,0.95,"",-1,-2.4,-29,-3.1,-17,-1.8,-14,-1.5,517309,4.8,0,0.0,0,0.0,63,7.1
"32007","3","10","71","0","2017","4","",27,2594,2629,2552,29803852,1537511,46107,885,"",1.14,1.17,1.19,1.18,1.23,1.08,6.09,1.04,"",1,3.8,51,2.0,26,1.0,-29,-1.1,-146055,-0.5,42539,2.8,3116,7.2,-9,-1.0
"32007","5","10","71","0","2017","4","",1293,18452,18286,18123,235842482,70205927,1392314,992,"",0.96,0.97,0.97,0.97,0.98,1.01,0.97,1.00,"",-8,-0.6,114,0.6,24,0.1,42,0.2,10354709,4.6,4380570,6.7,168089,13.7,40,4.2
"32009","0","10","70","0","2017","4","",31,315,316,293,3577090,478577,10970,893,"",1.00,1.00,1.00,1.00,1.00,1.00,1.00,1.00,"",-2,-6.1,-49,-13.5,-37,-10.5,-43,-12.8,-1124269,-23.9,-166891,-25.9,-4553,-29.3,-137,-13.3
"32009","1","10","71","0","2017","4","",3,5,5,5,32640,0,0,502,"",16.13,0.82,0.83,0.89,0.33,0.00,0.00,0.39,"",0,0.0,2,66.7,1,25.0,1,25.0,8960,37.8,0,0.0,0,0.0,5,1.0
"32009","3","10","71","0","2017","4","N",2,0,0,0,0,0,0,0,"N",3.80,0,0,0,0,0,0,0,"N",0,0.0,0,0,0,0,0,0,0,0,0,0,0,0,0,0
"32009","5","10","71","0","2017","4","N",26,0,0,0,0,0,0,0,"N",0.86,0,0,0,0,0,0,0,"N",-2,-7.1,0,0,0,0,0,0,0,0,0,0,0,0,0,0
"32011","0","10","70","0","2017","4","",51,4499,4496,4525,102963007,5605679,96759,1757,"",1.00,1.00,1.00,1.00,1.00,1.00,1.00,1.00,"",-8,-13.6,5,0.1,7,0.2,81,1.8,2765205,2.8,1330538,31.1,31760,48.9,35,2.0
"32011","1","10","71","0","2017","4","",2,11,7,7,86237,0,0,796,"",6.54,0.13,0.08,0.08,0.03,0.00,0.00,0.32,"",0,0.0,2,22.2,1,16.7,0,0.0,8818,11.4,0,0.0,0,0.0,-16,-2.0
"32011","2","10","71","0","2017","4","N",2,0,0,0,0,0,0,0,"N",5.60,0,0,0,0,0,0,0,"N",0,0.0,0,0,0,0,0,0,0,0,0,0,0,0,0,0
"32011","3","10","71","0","2017","4","N",2,0,0,0,0,0,0,0,"N",2.31,0,0,0,0,0,0,0,"N",0,0.0,0,0,0,0,0,0,0,0,0,0,0,0,0,0
"32011","5","10","71","0","2017","4","",45,4299,4306,4334,100671672,5605679,96759,1795,"",0.91,1.12,1.13,1.13,1.15,1.03,1.01,1.02,"",-8,-15.1,-2,0.0,-2,0.0,69,1.6,2897969,3.0,1330538,31.1,31760,48.9,42,2.4
"32013","0","10","70","0","2017","4","",495,7609,7543,7459,108062767,19229532,363330,1103,"",1.00,1.00,1.00,1.00,1.00,1.00,1.00,1.00,"",-13,-2.6,-36,-0.5,-48,-0.6,-67,-0.9,3917849,3.8,1478617,8.3,46650,14.7,47,4.5
"32013","1","10","71","0","2017","4","",15,161,139,143,2092153,0,0,1090,"",5.05,1.10,0.96,1.00,0.70,0.00,0.00,0.69,"",0,0.0,0,0.0,-14,-9.2,-14,-8.9,-129630,-5.8,0,0.0,0,0.0,1,0.1
"32013","2","10","71","0","2017","4","",17,211,212,210,2707458,0,0,987,"",4.90,0.86,0.88,0.88,0.77,0.00,0.00,0.88,"",0,0.0,-4,-1.9,-2,-0.9,-6,-2.8,-41576,-1.5,0,0.0,0,0.0,3,0.3
"32013","3","10","71","0","2017","4","",7,1171,1185,1172,14439033,249426,13469,944,"",0.83,1.55,1.58,1.59,1.55,0.66,7.04,0.99,"",0,0.0,32,2.8,27,2.3,18,1.6,684031,5.0,116122,87.1,6271,87.1,24,2.6
"32013","5","10","71","0","2017","4","",456,6066,6007,5934,88824123,18980106,349861,1138,"",0.95,0.94,0.94,0.94,0.96,1.02,0.97,1.03,"",-13,-2.8,-64,-1.0,-59,-1.0,-65,-1.1,3405024,4.0,1362495,7.7,40379,13.0,55,5.1
"32015","0","10","70","0","2017","4","",125,3390,3408,3453,64467869,6633292,120461,1451,"",1.00,1.00,1.00,1.00,1.00,1.00,1.00,1.00,"",-4,-3.1,19,0.6,68,2.0,72,2.1,2788865,4.5,838400,14.5,17089,16.5,41,2.9
"32015","1","10","71","0","2017","4","",4,77,70,62,985020,0,0,1088,"",5.34,1.18,1.07,0.93,0.56,0.00,0.00,0.52,"",0,0.0,7,10.0,0,0.0,2,3.3,-4943,-0.5,0,0.0,0,0.0,-54,-4.7
"32015","2","10","71","0","2017","4","",5,19,20,20,247014,0,0,966,"",5.71,0.17,0.18,0.18,0.12,0.00,0.00,0.65,"",0,0.0,0,0.0,1,5.3,-1,-4.8,22786,10.2,0,0.0,0,0.0,89,10.1
"32015","3","10","71","0","2017","4","",7,436,449,444,5244351,115663,2718,911,"",3.29,1.30,1.33,1.30,0.95,0.88,4.29,0.72,"",0,0.0,-8,-1.8,8,1.8,-7,-1.6,302045,6.1,-23687,-17.0,-557,-17.0,57,6.7
"32015","5","10","71","0","2017","4","",109,2858,2869,2927,57991484,6517629,117743,1546,"",0.90,0.99,0.99,1.00,1.05,1.02,0.98,1.06,"",-4,-3.5,20,0.7,59,2.1,78,2.7,2468977,4.4,862087,15.2,17646,17.6,38,2.5
"32017","0","10","70","0","2017","4","",128,1219,1217,1214,11799810,2256662,45311,746,"",1.00,1.00,1.00,1.00,1.00,1.00,1.00,1.00,"",-2,-1.5,-14,-1.1,-20,-1.6,-17,-1.4,653816,5.9,242775,12.1,5767,14.6,51,7.3
"32017","1","10","71","0","2017","4","",9,47,44,50,698466,0,0,1143,"",11.72,2.00,1.89,2.14,2.15,0.00,0.00,1.07,"",0,0.0,-2,-4.1,-5,-10.2,-2,-3.8,-22774,-3.2,0,0.0,0,0.0,33,3.0
"32017","2","10","71","0","2017","4","",13,152,152,147,2319522,0,0,1187,"",14.49,3.88,3.90,3.80,6.02,0.00,0.00,1.56,"",0,0.0,3,2.0,9,6.3,6,4.3,359742,18.4,0,0.0,0,0.0,143,13.7
"32017","3","10","71","0","2017","4","",7,430,432,428,4401636,24334,418,787,"",3.22,3.56,3.57,3.56,4.34,0.54,1.75,1.22,"",0,0.0,-2,-0.5,-26,-5.7,-26,-5.7,-8769,-0.2,376,1.6,-58,-12.2,30,4.0
"32017","5","10","71","0","2017","4","",99,590,589,589,4380186,2232328,44893,572,"",0.80,0.57,0.57,0.57,0.43,1.02,1.00,0.76,"",-2,-2.0,-13,-2.2,2,0.3,5,0.9,325617,8.0,242399,12.2,5825,14.9,45,8.5
"32019","0","10","70","0","2017","4","",1029,11923,11947,11768,131676605,37233592,846874,853,"",1.00,1.00,1.00,1.00,1.00,1.00,1.00,1.00,"",14,1.4,341,2.9,361,3.1,276,2.4,9663200,7.9,2455522,7.1,67975,8.7,41,5.0
"32019","1","10","71","0","2017","4","",11,72,67,76,1003516,0,0,1077,"",1.78,0.31,0.29,0.34,0.28,0.00,0.00,0.88,"",0,0.0,0,0.0,-6,-8.2,3,4.1,-21873,-2.1,0,0.0,0,0.0,-8,-0.7
"32019","2","10","71","0","2017","4","",22,95,99,107,1508489,6811,58,1157,"",3.05,0.25,0.26,0.29,0.35,0.01,0.05,1.33,"",2,10.0,5,5.6,10,11.2,21,24.4,184860,14.0,258,3.9,2,3.6,4,0.3
"32019","3","10","71","0","2017","4","",23,2052,2103,2087,22161485,335948,9432,819,"",1.32,1.74,1.77,1.79,1.96,0.46,2.12,1.11,"",0,0.0,43,2.1,112,5.6,70,3.5,1802850,8.9,-176795,-34.5,-1607,-14.6,38,4.9
"32019","5","10","71","0","2017","4","",973,9704,9678,9498,107003115,36890833,837384,855,"",0.97,0.96,0.95,0.95,0.95,1.02,1.00,1.00,"",12,1.2,293,3.1,245,2.6,182,2.0,7697363,7.8,2632059,7.7,69580,9.1,41,5.0
"32021","0","10","70","0","2017","4","",91,1588,1573,1606,19086662,3601908,83540,924,"",1.00,1.00,1.00,1.00,1.00,1.00,1.00,1.00,"",1,1.1,-14,-0.9,-42,-2.6,-39,-2.4,-199572,-1.0,90635,2.6,578,0.7,9,1.0
"32021","1","10","71","0","2017","4","",7,58,56,53,972026,0,0,1343,"",12.83,1.90,1.86,1.71,1.85,0.00,0.00,1.02,"",0,0.0,-6,-9.4,-3,-5.1,-6,-10.2,-90816,-8.5,0,0.0,0,0.0,-5,-0.4
"32021","2","10","71","0","2017","4","",4,9,9,9,132817,0,0,1135,"",6.27,0.18,0.18,0.18,0.21,0.00,0.00,1.20,"",0,0.0,-1,-10.0,-1,-10.0,-1,-10.0,-7653,-5.4,0,0.0,0,0.0,54,5.0
"32021","3","10","71","0","2017","4","",13,465,465,462,4640805,2246,107,769,"",8.40,2.96,2.98,2.91,2.83,0.03,0.24,0.96,"",0,0.0,23,5.2,23,5.2,21,4.8,460650,11.0,-321356,-99.3,-9459,-98.9,41,5.6
"32021","5","10","71","0","2017","4","",67,1056,1043,1082,13341014,3599662,83433,968,"",0.76,0.78,0.78,0.79,0.82,1.03,1.01,1.04,"",1,1.5,-30,-2.8,-61,-5.5,-53,-4.7,-561753,-4.0,411991,12.9,10037,13.7,3,0.3
"32023","0","10","70","0","2017","4","",860,11631,11734,11695,151192228,42740573,1007683,995,"",1.00,1.00,1.00,1.00,1.00,1.00,1.00,1.00,"",-9,-1.0,290,2.6,386,3.4,338,3.0,8234696,5.8,10885873,34.2,321597,46.9,26,2.7
"32023","1","10","71","0","2017","4","",17,113,111,125,1921692,0,0,1271,"",3.30,0.50,0.49,0.55,0.46,0.00,0.00,0.89,"",-1,-5.6,-8,-6.6,-11,-9.0,2,1.6,44385,2.4,0,0.0,0,0.0,87,7.3
"32023","2","10","71","0","2017","4","",17,192,194,193,2515041,0,0,1002,"",2.82,0.51,0.52,0.52,0.51,0.00,0.00,0.99,"",-2,-10.5,3,1.6,0,0.0,0,0.0,119635,5.0,0,0.0,0,0.0,42,4.4
"32023","3","10","71","0","2017","4","",6,1531,1506,1544,16494596,679842,12446,831,"",0.41,1.33,1.29,1.33,1.27,0.80,2.35,0.96,"",0,0.0,38,2.5,33,2.2,82,5.6,853547,5.5,417544,159.2,6189,98.9,16,2.0
"32023","5","10","71","0","2017","4","",820,9795,9923,9833,130260899,42060731,995237,1017,"",0.98,0.99,1.00,0.99,1.01,1.02,0.99,1.02,"",-6,-0.7,257,2.7,364,3.8,254,2.7,7217129,5.9,10468329,33.1,315408,46.4,27,2.7
"32027","0","10","70","0","2017","4","",117,1972,1943,1897,27223912,3155720,74972,1081,"",1.00,1.00,1.00,1.00,1.00,1.00,1.00,1.00,"",-9,-7.1,103,5.5,69,3.7,24,1.3,1822085,7.2,-568219,-15.3,-5440,-6.8,37,3.5
"32027","1","10","71","0","2017","4","",5,16,16,14,182265,0,0,914,"",7.13,0.42,0.43,0.38,0.24,0.00,0.00,0.59,"",0,0.0,1,6.7,2,14.3,-4,-22.2,152,0.1,0,0.0,0,0.0,20,2.2
"32027","2","10","71","0","2017","4","N",5,0,0,0,0,0,0,0,"N",6.10,0,0,0,0,0,0,0,"N",1,25.0,0,0,0,0,0,0,0,0,0,0,0,0,0,0
"32027","3","10","71","0","2017","4","N",15,0,0,0,0,0,0,0,"N",7.54,0,0,0,0,0,0,0,"N",-1,-6.2,0,0,0,0,0,0,0,0,0,0,0,0,0,0
"32027","5","10","71","0","2017","4","",92,1221,1203,1176,17851929,3048391,69176,1144,"",0.81,0.73,0.73,0.73,0.77,1.00,0.93,1.05,"",-9,-8.9,87,7.7,53,4.6,20,1.7,1338430,8.1,-607118,-16.6,-7541,-9.8,36,3.2
"32029","0","10","70","0","2017","4","",258,12574,12748,12965,180631768,78866630,1656401,1089,"",1.00,1.00,1.00,1.00,1.00,1.00,1.00,1.00,"",32,14.2,5277,72.3,5183,68.5,4948,61.7,77550886,75.2,37606660,91.1,717983,76.5,49,4.7
"32029","1","10","71","0","2017","4","",1,3,3,3,57195,0,0,1467,"",0.65,0.01,0.01,0.01,0.01,0.00,0.00,0.94,"",0,0.0,0,0.0,1,50.0,1,50.0,47241,474.6,0,0.0,0,0.0,1139,347.3
"32029","2","10","71","0","2017","4","N",1,0,0,0,0,0,0,0,"N",0.55,0,0,0,0,0,0,0,"N",0,0.0,0,0,0,0,0,0,0,0,0,0,0,0,0,0
"32029","3","10","71","0","2017","4","N",3,0,0,0,0,0,0,0,"N",0.68,0,0,0,0,0,0,0,"N",0,0.0,0,0,0,0,0,0,0,0,0,0,0,0,0,0
"32029","5","10","71","0","2017","4","",253,12322,12492,12714,177150098,78866630,1656401,1089,"",1.01,1.15,1.15,1.15,1.15,1.03,1.01,0.99,"",32,14.5,5281,75.0,5177,70.8,4952,63.8,77557222,77.9,37606660,91.1,717983,76.5,50,4.8
"32031","0","10","70","0","2017","4","",14762,219700,221181,221926,2783878225,705183868,14732412,969,"",1.00,1.00,1.00,1.00,1.00,1.00,1.00,1.00,"",178,1.2,5755,2.7,6472,3.0,7465,3.5,146772933,5.6,66079619,10.3,1850482,14.4,23,2.4
"32031","1","10","71","0","2017","4","",56,3712,3697,3751,74342937,0,0,1537,"",0.63,0.88,0.87,0.88,0.97,0.00,0.00,1.11,"",-1,-1.8,40,1.1,13,0.4,25,0.7,3794068,5.4,0,0.0,0,0.0,68,4.6
"32031","2","10","71","0","2017","4","",86,8374,8392,8416,93856107,218651,2547,860,"",0.83,1.19,1.18,1.19,1.03,0.02,0.13,0.87,"",2,2.4,-166,-1.9,-198,-2.3,-203,-2.4,-27645484,-22.8,-37644,-14.7,-205,-7.4,-229,-21.0
"32031","3","10","71","0","2017","4","",55,15492,15762,15707,214618591,2196957,49722,1055,"",0.22,0.71,0.72,0.72,0.90,0.16,0.64,1.26,"",-1,-1.8,-71,-0.5,-16,-0.1,-56,-0.4,-540843,-0.3,76500,3.6,-330,-0.7,1,0.1
"32031","5","10","71","0","2017","4","",14565,192122,193330,194052,2401060590,702768260,14680143,956,"",1.02,1.03,1.03,1.03,1.01,1.03,1.00,0.98,"",178,1.2,5952,3.2,6673,3.6,7699,4.1,171165192,7.7,66040763,10.4,1851017,14.4,36,3.9
"32033","0","10","70","0","2017","4","",278,4149,4112,4126,58623297,9114337,189776,1092,"",1.00,1.00,1.00,1.00,1.00,1.00,1.00,1.00,"",-6,-2.1,88,2.2,126,3.2,73,1.8,4541911,8.4,1172184,14.8,24857,15.1,61,5.9
"32033","1","10","71","0","2017","4","",10,169,136,143,2170614,0,0,1118,"",6.00,2.12,1.73,1.80,1.35,0.00,0.00,0.72,"",-1,-9.1,1,0.6,-20,-12.8,-18,-11.2,-95487,-4.2,0,0.0,0,0.0,40,3.7
"32033","2","10","71","0","2017","4","",24,477,487,485,7921740,0,0,1262,"",12.32,3.58,3.70,3.69,4.14,0.00,0.00,1.13,"",0,0.0,2,0.4,3,0.6,-2,-0.4,750180,10.5,0,0.0,0,0.0,117,10.2
"32033","3","10","71","0","2017","4","",18,655,657,648,8560280,244266,5374,1008,"",3.81,1.59,1.61,1.59,1.70,1.35,5.38,1.06,"",0,0.0,-12,-1.8,6,0.9,-8,-1.2,198365,2.4,87885,56.2,1316,32.4,30,3.1
"32033","5","10","71","0","2017","4","",226,2848,2832,2850,39970663,8870071,184402,1081,"",0.84,0.81,0.81,0.81,0.80,1.01,0.98,0.98,"",-5,-2.2,97,3.5,137,5.1,101,3.7,3688853,10.2,1084299,13.9,23541,14.6,59,5.8
"32510","0","10","70","0","2017","4","",2070,30366,30355,30253,394629674,70379519,1518350,1001,"",1.00,1.00,1.00,1.00,1.00,1.00,1.00,1.00,"",22,1.1,1576,5.5,1536,5.3,1290,4.5,34589437,9.6,9796714,16.2,282035,22.8,41,4.3
"32510","1","10","71","0","2017","4","",18,841,873,817,12587123,0,0,1148,"",1.45,1.44,1.50,1.40,1.16,0.00,0.00,0.80,"",0,0.0,315,59.9,366,72.2,310,61.1,3418722,37.3,0,0.0,0,0.0,-226,-16.4
"32510","2","10","71","0","2017","4","N",145,0,0,0,0,0,0,0,"N",10.00,0,0,0,0,0,0,0,"N",-4,-2.7,0,0,0,0,0,0,0,0,0,0,0,0,0,0
"32510","3","10","71","0","2017","4","N",10,0,0,0,0,0,0,0,"N",0.28,0,0,0,0,0,0,0,"N",1,11.1,0,0,0,0,0,0,0,0,0,0,0,0,0,0
"32510","5","10","71","0","2017","4","",1897,20659,20536,20435,250991734,70317484,1516706,940,"",0.94,0.80,0.80,0.79,0.74,1.03,1.01,0.93,"",25,1.3,1165,6.0,1089,5.6,897,4.6,25857702,11.5,9800963,16.2,282147,22.9,52,5.9
"32999","0","10","70","0","2017","4","",2026,7039,7023,7094,156580178,37627939,888098,1708,"",1.00,1.00,1.00,1.00,1.00,1.00,1.00,1.00,"",696,52.3,493,7.5,95,1.4,198,2.9,22497400,16.8,4834771,14.7,87662,11.0,189,12.4
"32999","1","10","71","0","2017","4","",29,187,179,182,4085342,0,0,1720,"",2.39,1.38,1.33,1.33,0.95,0.00,0.00,0.70,"",1,3.6,15,8.7,6,3.5,4,2.2,509405,14.2,0,0.0,0,0.0,142,9.0
"32999","2","10","71","0","2017","4","N",2,0,0,0,0,0,0,0,"N",0.14,0,0,0,0,0,0,0,"N",1,100.0,0,0,0,0,0,0,0,0,0,0,0,0,0,0
"32999","3","10","71","0","2017","4","N",1,0,0,0,0,0,0,0,"N",0.03,0,0,0,0,0,0,0,"N",1,100.0,0,0,0,0,0,0,0,0,0,0,0,0,0,0
"32999","5","10","71","0","2017","4","N",1994,0,0,0,0,0,0,0,"N",1.01,0,0,0,0,0,0,0,"N",693,53.3,0,0,0,0,0,0,0,0,0,0,0,0,0,0
"33000","0","10","50","0","2017","4","",52461,658154,656751,661503,9696895902,706219375,6327933,1132,"",1.00,1.00,1.00,1.00,1.00,1.00,1.00,1.00,"",552,1.1,4087,0.6,3287,0.5,4749,0.7,400221445,4.3,22322645,3.3,224685,3.7,40,3.7
"33000","1","10","51","0","2017","4","",416,7626,7640,7728,154630747,0,0,1552,"",1.32,0.60,0.61,0.61,0.58,0.00,0.00,0.96,"",4,1.0,-24,-0.3,7,0.1,-67,-0.9,4089583,2.7,0,0.0,0,0.0,47,3.1
"33000","2","10","51","0","2017","4","",1334,21318,20763,20707,271271571,0,0,997,"",3.63,1.01,0.99,0.98,0.86,0.00,0.00,0.86,"",25,1.9,449,2.2,-301,-1.4,-473,-2.2,7870510,3.0,0,0.0,0,0.0,34,3.5
"33000","3","10","51","0","2017","4","",808,59199,59590,60470,670466496,482775,2074,863,"",0.91,0.91,0.91,0.92,0.80,0.03,0.06,0.88,"",-5,-0.6,-93,-0.2,-644,-1.1,267,0.4,13316126,2.0,302,0.1,-207,-9.1,19,2.3
"33000","5","10","51","0","2017","4","",49903,570011,568758,572598,8600527088,705736600,6325859,1160,"",0.98,1.02,1.02,1.02,1.04,1.03,1.01,1.02,"",528,1.1,3755,0.7,4225,0.7,5022,0.9,374945226,4.6,22322343,3.3,224892,3.7,42,3.8
"33000","8","10","96","0","2017","4","",2558,88143,87993,88905,1096368814,482775,2074,955,"",1.63,0.89,0.89,0.90,0.77,0.02,0.05,0.87,"",24,0.9,332,0.4,-938,-1.1,-273,-0.3,25276219,2.4,302,0.1,-207,-9.1,25,2.7
"33001","0","10","70","0","2017","4","",2037,25779,25494,25324,306462177,27864190,230604,923,"",1.00,1.00,1.00,1.00,1.00,1.00,1.00,1.00,"",10,0.5,198,0.8,289,1.1,39,0.2,15622645,5.4,2544684,10.1,26404,12.9,41,4.6
"33001","1","10","71","0","2017","4","",20,136,130,130,2142830,0,0,1249,"",1.64,0.27,0.27,0.27,0.25,0.00,0.00,0.95,"",0,0.0,-9,-6.2,-12,-8.5,-14,-9.7,-33224,-1.5,0,0.0,0,0.0,84,7.2
"33001","2","10","71","0","2017","4","",65,787,771,771,8440106,0,0,836,"",4.55,0.95,0.94,0.95,0.84,0.00,0.00,0.89,"",1,1.6,-8,-1.0,-35,-4.3,-46,-5.6,139407,1.7,0,0.0,0,0.0,44,5.6
"33001","3","10","71","0","2017","4","",42,3186,3350,3377,33928607,5939,30,790,"",1.21,1.25,1.32,1.35,1.29,0.01,0.02,0.99,"",0,0.0,-28,-0.9,58,1.8,-116,-3.3,281464,0.8,-2611,-30.5,-13,-30.2,13,1.7
"33001","5","10","71","0","2017","4","",1910,21670,21243,21046,261950634,27858251,230574,945,"",0.97,0.99,0.98,0.98,1.00,1.03,1.01,1.02,"",9,0.5,243,1.1,278,1.3,215,1.0,15234998,6.2,2547295,10.1,26417,12.9,44,4.9
"33003","0","10","70","0","2017","4","",2000,19884,19052,19571,191451847,22566079,197444,755,"",1.00,1.00,1.00,1.00,1.00,1.00,1.00,1.00,"",-5,-0.2,-132,-0.7,-326,-1.7,-28,-0.1,-1126093,-0.6,-877,0.0,12306,6.6,2,0.3
"33003","1","10","71","0","2017","4","",32,138,136,131,1948303,0,0,1110,"",2.67,0.36,0.37,0.35,0.37,0.00,0.00,1.03,"",0,0.0,3,2.2,7,5.4,8,6.5,160266,9.0,0,0.0,0,0.0,44,4.1
"33003","2","10","71","0","2017","4","N",45,0,0,0,0,0,0,0,"N",3.21,0,0,0,0,0,0,0,"N",1,2.3,0,0,0,0,0,0,0,0,0,0,0,0,0,0
"33003","3","10","71","0","2017","4","N",49,0,0,0,0,0,0,0,"N",1.44,0,0,0,0,0,0,0,"N",-1,-2.0,0,0,0,0,0,0,0,0,0,0,0,0,0,0
"33003","5","10","71","0","2017","4","",1874,16779,15973,16430,160651247,22566079,197444,754,"",0.97,0.99,0.99,0.99,0.98,1.03,1.01,0.99,"",-5,-0.3,-135,-0.8,-234,-1.4,-96,-0.6,-1785732,-1.1,-877,0.0,12306,6.6,-1,-0.1
"33005","0","10","70","0","2017","4","",2141,32032,31930,31995,384112263,30233385,229794,924,"",1.00,1.00,1.00,1.00,1.00,1.00,1.00,1.00,"",-5,-0.2,-340,-1.1,-514,-1.6,-305,-0.9,16215693,4.4,479094,1.6,4310,1.9,50,5.7
"33005","1","10","71","0","2017","4","",28,164,162,163,2515525,0,0,1187,"",2.18,0.27,0.27,0.26,0.24,0.00,0.00,0.90,"",0,0.0,2,1.2,5,3.2,1,0.6,-20460,-0.8,0,0.0,0,0.0,-30,-2.5
"33005","2","10","71","0","2017","4","",62,1114,1140,1109,15344635,0,0,1053,"",4.13,1.08,1.11,1.09,1.22,0.00,0.00,1.12,"",1,1.6,-74,-6.2,-14,-1.2,-41,-3.6,-288228,-1.8,0,0.0,0,0.0,20,1.9
"33005","3","10","71","0","2017","4","",57,3618,3530,3846,37148507,774,1,780,"",1.57,1.14,1.11,1.21,1.12,0.00,0.00,0.97,"",0,0.0,-123,-3.3,-322,-8.4,65,1.7,1134702,3.2,-1457,-65.3,-1,-50.0,49,6.7
"33005","5","10","71","0","2017","4","",1994,27136,27098,26877,329103596,30232611,229793,936,"",0.96,1.00,1.00,0.99,1.00,1.03,1.01,1.01,"",-6,-0.3,-145,-0.5,-183,-0.7,-330,-1.2,15389679,4.9,480551,1.6,4311,1.9,51,5.8
"33007","0","10","70","0","2017","4","",1003,12247,11884,12102,120647648,11588392,124547,768,"",1.00,1.00,1.00,1.00,1.00,1.00,1.00,1.00,"",-24,-2.3,118,1.0,-80,-0.7,-52,-0.4,4422197,3.8,847229,7.9,7954,6.8,28,3.8
"33007","1","10","71","0","2017","4","",22,400,387,388,5744112,0,0,1128,"",3.66,1.70,1.70,1.66,1.73,0.00,0.00,1.03,"",0,0.0,-2,-0.5,-29,-7.0,-17,-4.2,17951,0.3,0,0.0,0,0.0,48,4.4
"33007","2","10","71","0","2017","4","N",89,0,0,0,0,0,0,0,"N",12.66,0,0,0,0,0,0,0,"N",2,2.3,0,0,0,0,0,0,0,0,0,0,0,0,0,0
"33007","3","10","71","0","2017","4","N",61,0,0,0,0,0,0,0,"N",3.58,0,0,0,0,0,0,0,"N",0,0.0,0,0,0,0,0,0,0,0,0,0,0,0,0,0
"33007","5","10","71","0","2017","4","",831,9142,8857,9019,89951859,11547375,124506,768,"",0.85,0.88,0.88,0.88,0.87,1.03,1.01,0.99,"N",-26,-3.0,0,0,0,0,0,0,0,0,0,0,0,0,0,0
"33009","0","10","70","0","2017","4","",3257,54167,54019,54586,776184523,46211200,335369,1100,"",1.00,1.00,1.00,1.00,1.00,1.00,1.00,1.00,"",-3,-0.1,412,0.8,513,1.0,341,0.6,16992286,2.2,870120,1.9,14206,4.4,15,1.4
"33009","1","10","71","0","2017","4","",46,531,523,525,9060769,0,0,1324,"",2.35,0.51,0.51,0.50,0.42,0.00,0.00,0.84,"",2,4.5,6,1.1,5,1.0,6,1.2,258905,2.9,0,0.0,0,0.0,24,1.8
"33009","2","10","71","0","2017","4","",86,1480,1605,1637,16991453,0,0,830,"",3.77,0.85,0.93,0.94,0.67,0.00,0.00,0.74,"",0,0.0,-66,-4.3,-61,-3.7,-57,-3.4,-31768,-0.2,0,0.0,0,0.0,29,3.6
"33009","3","10","71","0","2017","4","",111,4969,4992,5008,51446909,234895,467,793,"",2.01,0.93,0.93,0.93,0.77,0.26,0.26,0.83,"",1,0.9,84,1.7,76,1.5,75,1.5,-158576,-0.3,9790,4.3,-252,-35.0,-15,-1.9
"33009","5","10","71","0","2017","4","",3014,47187,46899,47416,698685392,45976305,334902,1139,"",0.95,1.03,1.02,1.02,1.05,1.03,1.01,1.03,"",-6,-0.2,388,0.8,493,1.1,317,0.7,16923725,2.5,860330,1.9,14458,4.5,18,1.6
"33011","0","10","70","0","2017","4","",12204,203250,204081,205972,3297903512,216468025,1896504,1241,"",1.00,1.00,1.00,1.00,1.00,1.00,1.00,1.00,"",28,0.2,1845,0.9,1877,0.9,1836,0.9,129571977,4.1,9209543,4.4,105939,5.9,38,3.2
"33011","1","10","71","0","2017","4","",72,3943,3976,4073,88587845,0,0,1705,"",0.98,1.01,1.02,1.03,0.98,0.00,0.00,0.96,"",0,0.0,9,0.2,47,1.2,-45,-1.1,2713589,3.2,0,0.0,0,0.0,51,3.1
"33011","2","10","71","0","2017","4","",140,1964,1778,1802,18682841,0,0,778,"",1.64,0.30,0.27,0.27,0.17,0.00,0.00,0.61,"",2,1.4,250,14.6,-26,-1.4,-29,-1.6,475040,2.6,0,0.0,0,0.0,-8,-1.0
"33011","3","10","71","0","2017","4","",116,16053,16324,16204,191611401,10630,13,910,"",0.56,0.80,0.81,0.79,0.68,0.00,0.00,0.85,"",0,0.0,-7,0.0,28,0.2,39,0.2,3537047,1.9,-19978,-65.3,-27,-67.5,16,1.8
"33011","5","10","71","0","2017","4","",11876,181290,182003,183893,2999021425,216457395,1896491,1265,"",1.00,1.05,1.05,1.05,1.06,1.03,1.01,1.01,"",26,0.2,1593,0.9,1828,1.0,1871,1.0,122846301,4.3,9229521,4.5,105966,5.9,40,3.3
"33013","0","10","70","0","2017","4","",5126,77166,77087,78083,1056898558,66139163,586396,1050,"",1.00,1.00,1.00,1.00,1.00,1.00,1.00,1.00,"",35,0.7,313,0.4,-74,-0.1,577,0.7,36898079,3.6,1120858,1.7,45333,8.4,33,3.2
"33013","1","10","71","0","2017","4","",53,804,812,818,16366297,0,0,1552,"",1.72,0.54,0.55,0.54,0.56,0.00,0.00,1.03,"",0,0.0,-11,-1.3,7,0.9,12,1.5,551741,3.5,0,0.0,0,0.0,48,3.2
"33013","2","10","71","0","2017","4","",590,9007,8831,8827,116277725,0,0,1006,"",16.43,3.64,3.58,3.54,3.37,0.00,0.00,0.94,"",15,2.6,138,1.6,-93,-1.0,-154,-1.7,3619480,3.2,0,0.0,0,0.0,35,3.6
"33013","3","10","71","0","2017","4","",125,6854,6925,6930,78739030,74465,630,877,"",1.43,0.90,0.90,0.90,0.87,0.06,0.20,0.96,"",-3,-2.3,-13,-0.2,-77,-1.1,-74,-1.1,935139,1.2,13767,22.7,107,20.5,17,2.0
"33013","5","10","71","0","2017","4","",4358,60501,60519,61508,845515506,66064698,585766,1069,"",0.88,0.92,0.92,0.93,0.94,1.03,1.01,1.01,"",23,0.5,199,0.3,89,0.1,793,1.3,31791719,3.9,1107091,1.7,45226,8.4,34,3.3
"33015","0","10","70","0","2017","4","",10969,150176,149564,150389,2175144114,187033257,1652904,1115,"",1.00,1.00,1.00,1.00,1.00,1.00,1.00,1.00,"",108,1.0,1293,0.9,856,0.6,1388,0.9,114677522,5.6,6516997,3.6,49183,3.1,50,4.7
"33015","1","10","71","0","2017","4","",67,1040,1041,1044,19407781,0,0,1433,"",1.02,0.36,0.36,0.36,0.32,0.00,0.00,0.90,"",0,0.0,-36,-3.3,-37,-3.4,-22,-2.1,-33061,-0.2,0,0.0,0,0.0,40,2.9
"33015","2","10","71","0","2017","4","",141,1372,1243,1211,10917245,0,0,658,"",1.83,0.28,0.26,0.25,0.15,0.00,0.00,0.58,"",1,0.7,83,6.4,-20,-1.6,-54,-4.3,356301,3.4,0,0.0,0,0.0,20,3.1
"33015","3","10","71","0","2017","4","",144,12658,12404,12872,152865167,76235,643,930,"",0.77,0.85,0.84,0.86,0.82,0.02,0.07,0.96,"",-2,-1.4,104,0.8,-283,-2.2,200,1.6,4440375,3.0,-7558,-9.0,-11,-1.7,27,3.0
"33015","5","10","71","0","2017","4","",10617,135106,134876,135262,1991953921,186957022,1652261,1134,"",1.00,1.06,1.06,1.06,1.07,1.03,1.01,1.01,"",109,1.0,1142,0.9,1196,0.9,1264,0.9,109913907,5.8,6524555,3.6,49194,3.1,53,4.9
"33017","0","10","70","0","2017","4","",2886,48164,48473,48559,651164850,46149861,395027,1035,"",1.00,1.00,1.00,1.00,1.00,1.00,1.00,1.00,"",15,0.5,-291,-0.6,55,0.1,11,0.0,16367503,2.6,780593,1.7,17929,4.8,28,2.8
"33017","1","10","71","0","2017","4","",20,300,305,297,5657132,0,0,1447,"",1.16,0.32,0.33,0.32,0.32,0.00,0.00,0.98,"",0,0.0,-1,-0.3,-3,-1.0,-8,-2.6,158899,2.9,0,0.0,0,0.0,59,4.3
"33017","2","10","71","0","2017","4","",73,4338,4344,4315,72224424,0,0,1282,"",3.61,2.81,2.80,2.79,3.40,0.00,0.00,1.21,"",1,1.4,63,1.5,103,2.4,96,2.3,2771816,4.0,0,0.0,0,0.0,23,1.8
"33017","3","10","71","0","2017","4","",47,5044,5122,5149,59886809,5956,6,902,"",0.96,1.06,1.06,1.07,1.07,0.01,0.00,1.00,"",0,0.0,-30,-0.6,-23,-0.4,-32,-0.6,1933460,3.3,787,15.2,1,20.0,34,3.9
"33017","5","10","71","0","2017","4","",2746,38482,38702,38798,513396485,46143905,395021,1022,"",0.98,0.94,0.94,0.94,0.92,1.03,1.01,0.98,"",14,0.5,-323,-0.8,-22,-0.1,-45,-0.1,11503328,2.3,779806,1.7,17928,4.8,27,2.7
"33019","0","10","70","0","2017","4","",1101,14054,13949,13938,163469363,14372212,121677,899,"",1.00,1.00,1.00,1.00,1.00,1.00,1.00,1.00,"",7,0.6,-153,-1.1,-251,-1.8,-215,-1.5,-2353681,-1.4,117008,0.8,4635,4.0,0,0.0
"33019","1","10","71","0","2017","4","",20,93,89,87,1256290,0,0,1078,"",3.03,0.34,0.33,0.32,0.28,0.00,0.00,0.84,"",1,5.3,7,8.1,2,2.3,2,2.4,9347,0.7,0,0.0,0,0.0,-37,-3.3
"33019","2","10","71","0","2017","4","",42,318,252,251,2637611,0,0,741,"",5.44,0.70,0.56,0.56,0.49,0.00,0.00,0.81,"",1,2.4,-40,-11.2,-150,-37.3,-166,-39.8,24295,0.9,0,0.0,0,0.0,229,44.7
"33019","3","10","71","0","2017","4","",55,2083,2159,2163,20791623,32864,243,749,"",2.94,1.50,1.56,1.57,1.48,0.12,0.38,0.96,"",0,0.0,13,0.6,30,1.4,35,1.6,548797,2.7,-6435,-16.4,-25,-9.3,11,1.5
"33019","5","10","71","0","2017","4","",984,11560,11449,11437,138783839,14339348,121434,930,"",0.92,0.97,0.97,0.97,0.99,1.03,1.00,1.03,"",5,0.5,-133,-1.1,-133,-1.1,-86,-0.7,-2936120,-2.1,123443,0.9,4660,4.0,-10,-1.1
"33999","0","10","70","0","2017","4","",9737,21235,21218,20984,573457047,37593611,557667,2086,"",1.00,1.00,1.00,1.00,1.00,1.00,1.00,1.00,"",386,4.1,824,4.0,942,4.6,1157,5.8,52933317,10.2,-162604,-0.4,-63514,-10.2,101,5.1
"33999","1","10","71","0","2017","4","",36,77,79,72,1943863,0,0,1967,"",0.62,0.19,0.19,0.18,0.12,0.00,0.00,0.66,"",1,2.9,8,11.6,15,23.4,10,16.1,305630,18.7,0,0.0,0,0.0,28,1.4
"33999","2","10","71","0","2017","4","N",1,0,0,0,0,0,0,0,"N",0.01,0,0,0,0,0,0,0,"N",0,0.0,0,0,0,0,0,0,0,0,0,0,0,0,0,0
"33999","3","10","71","0","2017","4","N",1,0,0,0,0,0,0,0,"N",0.01,0,0,0,0,0,0,0,"N",0,0.0,0,0,0,0,0,0,0,0,0,0,0,0,0,0
"33999","5","10","71","0","2017","4","",9699,21158,21139,20912,571513184,37593611,557667,2087,"",1.03,1.17,1.17,1.17,1.17,1.03,1.01,1.00,"N",385,4.1,0,0,0,0,0,0,0,0,0,0,0,0,0,0
"34000","0","10","50","0","2017","4","",270259,4062680,4084203,4093102,67020590593,11907860662,238088383,1264,"",1.00,1.00,1.00,1.00,1.00,1.00,1.00,1.00,"",506,0.2,51176,1.3,50661,1.3,50323,1.2,2079575292,3.2,617228660,5.5,6006481,2.6,24,1.9
"34000","1","10","51","0","2017","4","",1069,49230,48924,49775,1017155122,0,0,1587,"",0.66,0.63,0.63,0.63,0.55,0.00,0.00,0.88,"",8,0.8,-69,-0.1,-304,-0.6,-384,-0.8,25046121,2.5,0,0.0,0,0.0,47,3.1
"34000","2","10","51","0","2017","4","",860,132524,132502,130605,2539081688,2641985,19166,1481,"",0.45,1.02,1.01,1.00,1.16,0.02,0.06,1.15,"",-7,-0.8,-345,-0.3,-709,-0.5,-366,-0.3,78177836,3.2,-137086,-4.9,-831,-4.2,51,3.6
"34000","3","10","51","0","2017","4","",3544,414806,418784,419590,6729729059,158320062,1134285,1239,"",0.77,1.03,1.03,1.04,1.17,0.67,0.91,1.13,"",19,0.5,605,0.1,-993,-0.2,1797,0.4,117776360,1.8,8064852,5.4,58605,5.4,20,1.6
"34000","5","10","51","0","2017","4","",264786,3466120,3483993,3493132,56734624724,11746898615,236934932,1254,"",1.01,1.00,1.00,1.00,0.99,1.02,1.00,0.99,"",486,0.2,50985,1.5,52667,1.5,49276,1.4,1858574975,3.4,609300894,5.5,5948707,2.6,23,1.9
"34000","8","10","96","0","2017","4","",5473,596560,600210,599970,10285965869,160962047,1153451,1321,"",0.67,0.98,0.98,0.98,1.05,0.42,0.74,1.08,"",20,0.4,191,0.0,-2006,-0.3,1047,0.2,221000317,2.2,7927766,5.2,57774,5.3,29,2.2
"34001","0","10","70","0","2017","4","",6557,124599,123751,122553,1473130724,363529535,7933227,917,"",1.00,1.00,1.00,1.00,1.00,1.00,1.00,1.00,"",-21,-0.3,-1638,-1.3,-349,-0.3,-145,-0.1,42163728,2.9,11037940,3.1,-65161,-0.8,32,3.6
"34001","1","10","71","0","2017","4","",52,2577,2575,2622,61426055,0,0,1823,"",1.32,1.07,1.09,1.11,1.52,0.00,0.00,1.39,"",0,0.0,-3,-0.1,-37,-1.4,7,0.3,1518575,2.5,0,0.0,0,0.0,52,2.9
"34001","2","10","71","0","2017","4","",58,3940,3754,3635,57835096,656422,4595,1178,"",1.26,0.99,0.95,0.93,1.20,0.14,0.44,1.26,"",0,0.0,151,4.0,12,0.3,52,1.5,1165725,2.1,51103,8.4,358,8.4,1,0.1
"34001","3","10","71","0","2017","4","",131,14632,14700,14686,228529390,6611335,46573,1198,"",1.18,1.19,1.20,1.21,1.80,0.92,1.12,1.51,"",1,0.8,-238,-1.6,-226,-1.5,-283,-1.9,-2748601,-1.2,448466,7.3,3435,8.0,6,0.5
"34001","5","10","71","0","2017","4","",6316,103450,102722,101610,1125340183,356261778,7882059,844,"",0.99,0.98,0.98,0.98,0.89,1.01,1.00,0.92,"",-22,-0.3,-1548,-1.5,-98,-0.1,79,0.1,42228029,3.9,10538371,3.0,-68954,-0.9,36,4.5
"34003","0","10","70","0","2017","4","",33001,450935,454674,457724,7659046278,1430223134,26683663,1296,"",1.00,1.00,1.00,1.00,1.00,1.00,1.00,1.00,"",-54,-0.2,133,0.0,-1414,-0.3,-926,-0.2,17405101,0.2,71113059,5.2,684418,2.6,5,0.4
"34003","1","10","71","0","2017","4","",80,2529,2506,2550,46473989,0,0,1414,"",0.40,0.29,0.29,0.29,0.22,0.00,0.00,0.76,"",0,0.0,-60,-2.3,-63,-2.5,-76,-2.9,285395,0.6,0,0.0,0,0.0,45,3.3
"34003","2","10","71","0","2017","4","",27,3038,2880,2957,54750594,752998,5582,1424,"",0.12,0.21,0.20,0.20,0.22,0.04,0.16,1.08,"",-2,-6.9,6,0.2,-170,-5.6,-82,-2.7,-310363,-0.6,-4597,-0.6,24,0.4,31,2.2
"34003","3","10","71","0","2017","4","",412,41637,42552,42393,694394921,17296898,126322,1266,"",0.73,0.93,0.94,0.94,1.05,0.61,0.90,1.13,"",-1,-0.2,503,1.2,251,0.6,286,0.7,18726267,2.8,1255521,7.8,10168,8.8,24,1.9
"34003","5","10","71","0","2017","4","",32482,403731,406736,409824,6863426774,1412173238,26551759,1298,"",1.01,1.05,1.05,1.05,1.05,1.02,1.00,1.00,"",-51,-0.2,-316,-0.1,-1432,-0.4,-1054,-0.3,-1296198,0.0,69862135,5.2,674226,2.6,3,0.2
"34005","0","10","70","0","2017","4","",10949,207651,208616,208942,2990374370,616571412,12086458,1104,"",1.00,1.00,1.00,1.00,1.00,1.00,1.00,1.00,"",-47,-0.4,3053,1.5,1865,0.9,1291,0.6,97110055,3.4,35783348,6.2,462395,4.0,25,2.3
"34005","1","10","71","0","2017","4","",108,4819,4843,4837,84035428,0,0,1338,"",1.64,1.21,1.21,1.20,1.02,0.00,0.00,0.85,"",-1,-0.9,-105,-2.1,-114,-2.3,-110,-2.2,305249,0.4,0,0.0,0,0.0,35,2.7
"34005","2","10","71","0","2017","4","",50,1697,1670,1666,37013009,0,0,1697,"",0.65,0.25,0.25,0.25,0.38,0.00,0.00,1.51,"",0,0.0,-109,-6.0,-131,-7.3,-134,-7.4,-2637300,-6.7,0,0.0,0,0.0,5,0.3
"34005","3","10","71","0","2017","4","",221,20060,20272,20291,304200258,10237961,72206,1158,"",1.19,0.97,0.98,0.98,1.18,0.84,1.14,1.21,"",5,2.3,88,0.4,109,0.5,21,0.1,5681251,1.9,280085,2.8,2258,3.2,18,1.6
"34005","5","10","71","0","2017","4","",10570,181075,181831,182148,2565125675,606333451,12014252,1086,"",1.00,1.03,1.03,1.03,1.00,1.02,1.00,0.98,"",-51,-0.5,3179,1.8,2001,1.1,1514,0.8,93760855,3.8,35503263,6.2,460137,4.0,27,2.5
"34007","0","10","70","0","2017","4","",12050,206427,207483,208106,2964679599,613047830,12769456,1100,"",1.00,1.00,1.00,1.00,1.00,1.00,1.00,1.00,"",-28,-0.2,1040,0.5,1101,0.5,1752,0.8,92159721,3.2,28972224,5.0,167013,1.3,28,2.6
"34007","1","10","71","0","2017","4","",51,2315,2277,2310,43548716,0,0,1456,"",0.71,0.58,0.57,0.58,0.53,0.00,0.00,0.93,"",-1,-1.9,69,3.1,16,0.7,-53,-2.2,956478,2.2,0,0.0,0,0.0,25,1.7
"34007","2","10","71","0","2017","4","",53,5039,5036,5044,101403287,295845,2437,1548,"",0.63,0.76,0.76,0.76,1.05,0.04,0.14,1.38,"",0,0.0,-175,-3.4,-158,-3.0,-150,-2.9,3127945,3.2,60425,25.7,500,25.8,94,6.5
"34007","3","10","71","0","2017","4","",247,23061,23197,22906,364179032,22903603,160653,1215,"",1.21,1.13,1.13,1.11,1.43,1.89,2.39,1.27,"",-1,-0.4,31,0.1,112,0.5,156,0.7,6647386,1.9,4478878,24.3,31087,24.0,17,1.4
"34007","5","10","71","0","2017","4","",11699,176012,176973,177846,2455548564,589848382,12606366,1068,"",1.00,1.00,1.00,1.01,0.97,0.99,0.99,0.97,"",-26,-0.2,1115,0.6,1131,0.6,1799,1.0,81427912,3.4,24432921,4.3,135426,1.1,28,2.7
"34009","0","10","70","0","2017","4","",3911,39757,36099,35297,383317013,109302507,3121110,796,"",1.00,1.00,1.00,1.00,1.00,1.00,1.00,1.00,"",-36,-0.9,1156,3.0,-37,-0.1,-3,0.0,-3666463,-0.9,7936611,7.8,201326,6.9,-16,-2.0
"34009","1","10","71","0","2017","4","",32,452,448,452,6212276,0,0,1060,"",1.36,0.59,0.65,0.66,0.59,0.00,0.00,0.93,"",0,0.0,15,3.4,14,3.2,9,2.0,173705,2.9,0,0.0,0,0.0,-1,-0.1
"34009","2","10","71","0","2017","4","",18,1027,1000,1003,15387706,538182,3767,1172,"",0.66,0.80,0.86,0.89,1.23,0.39,0.92,1.44,"",-1,-5.3,-40,-3.7,-57,-5.4,-55,-5.2,-891493,-5.5,-10112,-1.8,-71,-1.8,-9,-0.8
"34009","3","10","71","0","2017","4","",50,6714,6511,6498,88494422,4360755,30525,1035,"",0.75,1.70,1.82,1.86,2.68,2.02,1.86,1.50,"",-1,-2.0,-64,-0.9,7,0.1,88,1.4,1131184,1.3,199751,4.8,1398,4.8,11,1.1
"34009","5","10","71","0","2017","4","",3811,31564,28140,27344,273222609,104403570,3086818,724,"",1.00,0.93,0.92,0.91,0.83,0.99,1.00,0.90,"",-34,-0.9,1245,4.1,-1,0.0,-45,-0.2,-4079859,-1.5,7746972,8.0,199999,6.9,-21,-2.8
"34011","0","10","70","0","2017","4","",3148,59894,59742,59395,714554307,181138587,4176203,921,"",1.00,1.00,1.00,1.00,1.00,1.00,1.00,1.00,"",-12,-0.4,-576,-1.0,-294,-0.5,-100,-0.2,7298078,1.0,9246167,5.4,206387,5.2,14,1.5
"34011","1","10","71","0","2017","4","",31,607,590,593,9988749,0,0,1288,"",1.64,0.53,0.52,0.52,0.51,0.00,0.00,0.98,"",0,0.0,-35,-5.5,-46,-7.2,-36,-5.7,-113786,-1.1,0,0.0,0,0.0,65,5.3
"34011","2","10","71","0","2017","4","",31,2285,2264,2293,46989825,26456,185,1585,"",1.41,1.19,1.18,1.21,2.01,0.01,0.03,1.69,"",0,0.0,-175,-7.1,-173,-7.1,-163,-6.6,-3180681,-6.3,6613,33.3,46,33.1,10,0.6
"34011","3","10","71","0","2017","4","",84,8342,8431,8520,119568515,3908466,28154,1091,"",1.57,1.41,1.42,1.45,1.95,1.09,1.28,1.37,"",0,0.0,-112,-1.3,-150,-1.7,-102,-1.2,-1286590,-1.1,221982,6.0,2071,7.9,4,0.4
"34011","5","10","71","0","2017","4","",3002,48660,48457,47989,538007218,177203665,4147864,856,"",0.98,0.96,0.95,0.95,0.88,1.01,1.00,0.92,"",-12,-0.4,-254,-0.5,75,0.2,201,0.4,11879135,2.3,9017572,5.4,204270,5.2,19,2.3
"34013","0","10","70","0","2017","4","",20491,345689,347696,348140,5944799803,898489771,17344441,1317,"",1.00,1.00,1.00,1.00,1.00,1.00,1.00,1.00,"",-75,-0.4,4637,1.4,4366,1.3,4025,1.2,160007079,2.8,46881986,5.5,690481,4.1,19,1.5
"34013","1","10","71","0","2017","4","",64,8737,8675,8728,197745176,0,0,1746,"",0.52,1.31,1.30,1.30,1.21,0.00,0.00,0.93,"",-1,-1.5,-91,-1.0,-187,-2.1,-155,-1.7,4287165,2.2,0,0.0,0,0.0,66,3.9
"34013","2","10","71","0","2017","4","",66,22022,22109,22127,454023564,89533,627,1581,"",0.46,1.98,1.99,1.99,2.34,0.01,0.03,1.18,"",0,0.0,-92,-0.4,-91,-0.4,-144,-0.6,24123562,5.6,-13736,-13.3,-96,-13.3,91,6.1
"34013","3","10","71","0","2017","4","",358,40972,41450,41345,736769650,10001421,72355,1374,"",1.03,1.20,1.20,1.20,1.44,0.56,0.79,1.20,"",-3,-0.8,588,1.5,605,1.5,586,1.4,14476721,2.0,895385,9.8,7512,11.6,8,0.6
"34013","5","10","71","0","2017","4","",20003,273958,275462,275940,4556261413,888398817,17271459,1274,"",1.01,0.93,0.93,0.93,0.90,1.02,1.00,0.96,"",-71,-0.4,4232,1.6,4039,1.5,3738,1.4,117119631,2.6,46000337,5.5,683065,4.1,14,1.1
"34015","0","10","70","0","2017","4","",6337,110611,112591,112130,1348144562,332809829,6638637,928,"",1.00,1.00,1.00,1.00,1.00,1.00,1.00,1.00,"",-9,-0.1,2041,1.9,3830,3.5,2674,2.4,46836484,3.6,17916515,5.7,-80346,-1.2,9,1.0
"34015","1","10","71","0","2017","4","",32,514,513,523,8433911,0,0,1256,"",0.84,0.24,0.24,0.24,0.23,0.00,0.00,0.95,"",1,3.2,7,1.4,16,3.2,16,3.2,162073,2.0,0,0.0,0,0.0,-7,-0.6
"34015","2","10","71","0","2017","4","N",18,0,0,0,0,0,0,0,"N",0.41,0,0,0,0,0,0,0,"N",0,0.0,0,0,0,0,0,0,0,0,0,0,0,0,0,0
"34015","3","10","71","0","2017","4","N",128,0,0,0,0,0,0,0,"N",1.19,0,0,0,0,0,0,0,"N",0,0.0,0,0,0,0,0,0,0,0,0,0,0,0,0,0
"34015","5","10","71","0","2017","4","",6159,90605,92518,92174,1049353970,326242388,6591073,880,"",1.00,0.96,0.97,0.97,0.91,1.01,1.00,0.94,"",-10,-0.2,2042,2.3,3918,4.4,2703,3.0,37817599,3.7,18112688,5.9,-78747,-1.2,5,0.6
"34017","0","10","70","0","2017","4","",15115,263543,264768,264827,4863407149,788401378,14875337,1415,"",1.00,1.00,1.00,1.00,1.00,1.00,1.00,1.00,"",36,0.2,3190,1.2,3913,1.5,3823,1.5,263654210,5.7,40291805,5.4,-28608,-0.2,58,4.3
"34017","1","10","71","0","2017","4","",33,5579,5498,6047,100950042,0,0,1360,"",0.36,1.10,1.09,1.19,0.76,0.00,0.00,0.67,"",2,6.5,156,2.9,68,1.3,63,1.1,995092,1.0,0,0.0,0,0.0,-10,-0.7
"34017","2","10","71","0","2017","4","",44,5088,5175,4637,103127841,0,0,1597,"",0.42,0.60,0.61,0.55,0.65,0.00,0.00,1.11,"",0,0.0,-142,-2.7,-78,-1.5,-60,-1.3,737536,0.7,0,0.0,0,0.0,40,2.6
"34017","3","10","71","0","2017","4","",113,29431,29686,29817,477946567,10124414,75289,1240,"",0.44,1.13,1.13,1.14,1.14,0.65,0.96,1.01,"",-2,-1.7,192,0.7,197,0.7,215,0.7,5877652,1.2,1467954,17.0,8455,12.7,7,0.6
"34017","5","10","71","0","2017","4","",14925,223445,224409,224326,4181382699,778276964,14800048,1436,"",1.02,1.00,1.00,1.00,1.01,1.02,1.00,1.01,"",36,0.2,2984,1.4,3726,1.7,3605,1.6,256043930,6.5,38823851,5.3,-37063,-0.2,67,4.9
"34019","0","10","70","0","2017","4","",4017,47359,47387,47434,785959716,125354542,2318075,1276,"",1.00,1.00,1.00,1.00,1.00,1.00,1.00,1.00,"",-54,-1.3,91,0.2,340,0.7,115,0.2,25681104,3.4,4069879,3.4,-20581,-0.9,37,3.0
"34019","1","10","71","0","2017","4","",30,270,260,255,3909632,0,0,1149,"",1.25,0.30,0.29,0.28,0.18,0.00,0.00,0.63,"",2,7.1,20,8.0,7,2.8,-8,-3.0,69571,1.8,0,0.0,0,0.0,-8,-0.7
"34019","2","10","71","0","2017","4","",41,1204,1198,1196,25597316,0,0,1642,"",1.46,0.79,0.79,0.79,1.00,0.00,0.00,1.26,"",0,0.0,-70,-5.5,-66,-5.2,-77,-6.0,-1169306,-4.4,0,0.0,0,0.0,21,1.3
"34019","3","10","71","0","2017","4","",79,5631,5693,5701,84672321,4509983,31558,1148,"",1.16,1.20,1.21,1.21,1.25,1.82,2.59,1.04,"",0,0.0,-39,-0.7,-52,-0.9,-62,-1.1,94455,0.1,639215,16.5,4476,16.5,12,1.1
"34019","5","10","71","0","2017","4","",3867,40254,40236,40282,671780447,120844559,2286517,1284,"",0.99,1.00,1.00,1.00,1.00,1.00,0.99,1.00,"",-56,-1.4,180,0.4,451,1.1,262,0.7,26686384,4.1,3430664,2.9,-25057,-1.1,42,3.4
"34021","0","10","70","0","2017","4","",11162,251395,252320,253435,4448642348,541920325,10305356,1356,"",1.00,1.00,1.00,1.00,1.00,1.00,1.00,1.00,"",-3,0.0,2864,1.2,1325,0.5,1433,0.6,54365216,1.2,13078185,2.5,-334812,-3.1,7,0.5
"34021","1","10","71","0","2017","4","",51,2306,2276,2306,47803413,0,0,1602,"",0.76,0.48,0.47,0.47,0.39,0.00,0.00,0.83,"",0,0.0,-18,-0.8,-20,-0.9,-54,-2.3,280388,0.6,0,0.0,0,0.0,31,2.0
"34021","2","10","71","0","2017","4","",115,51776,51835,52520,942708504,170429,1192,1393,"",1.47,6.42,6.41,6.50,6.49,0.02,0.09,1.01,"",0,0.0,1594,3.2,1481,2.9,1562,3.1,23586532,2.6,-75994,-30.8,-533,-30.9,-7,-0.5
"34021","3","10","71","0","2017","4","",116,17101,17257,17317,302827367,3197051,22672,1352,"",0.61,0.69,0.69,0.69,0.79,0.30,0.42,1.15,"",1,0.9,-179,-1.0,-78,-0.4,-88,-0.5,3706207,1.2,-48718,-1.5,-433,-1.9,25,1.9
"34021","5","10","71","0","2017","4","",10880,180212,180952,181292,3155303064,538552845,10281492,1342,"",1.00,0.84,0.84,0.84,0.83,1.03,1.00,0.98,"",-4,0.0,1467,0.8,-58,0.0,13,0.0,26792089,0.9,13202897,2.5,-333846,-3.1,8,0.6
"34023","0","10","70","0","2017","4","",22272,430381,436299,439999,7138659816,1329536570,25715603,1261,"",1.00,1.00,1.00,1.00,1.00,1.00,1.00,1.00,"",45,0.2,6566,1.5,7907,1.8,9461,2.2,237624870,3.4,80445584,6.4,749349,3.0,19,1.5
"34023","1","10","71","0","2017","4","",66,2389,2379,2391,49602563,0,0,1599,"",0.49,0.29,0.28,0.28,0.25,0.00,0.00,0.89,"",0,0.0,-30,-1.2,-43,-1.8,-61,-2.5,490361,1.0,0,0.0,0,0.0,45,2.9
"34023","2","10","71","0","2017","4","",65,18921,18949,18900,403600307,0,0,1641,"",0.42,1.37,1.36,1.35,1.73,0.00,0.00,1.28,"",0,0.0,-552,-2.8,-482,-2.5,-502,-2.6,30373127,8.1,0,0.0,0,0.0,164,11.1
"34023","3","10","71","0","2017","4","",213,34533,34965,35096,571690605,11828275,84262,1261,"",0.56,0.81,0.81,0.81,0.93,0.45,0.62,1.15,"",2,0.9,84,0.2,269,0.8,548,1.6,18056646,3.3,1709935,16.9,9551,12.8,29,2.4
"34023","5","10","71","0","2017","4","",21928,374538,380006,383612,6113766341,1317708295,25631341,1240,"",1.02,1.02,1.03,1.03,1.00,1.02,1.00,0.98,"",43,0.2,7064,1.9,8163,2.2,9476,2.5,188704736,3.2,78735649,6.4,739798,3.0,12,1.0
"34025","0","10","70","0","2017","4","",19975,260522,260721,262009,3738513204,748505374,14693896,1101,"",1.00,1.00,1.00,1.00,1.00,1.00,1.00,1.00,"",-158,-0.8,2705,1.0,2257,0.9,1627,0.6,146582678,4.1,33624337,4.7,310571,2.2,34,3.2
"34025","1","10","71","0","2017","4","",75,1950,1956,1979,39431371,0,0,1546,"",0.63,0.39,0.39,0.39,0.38,0.00,0.00,0.98,"",0,0.0,-37,-1.9,-18,-0.9,7,0.4,1732602,4.6,0,0.0,0,0.0,80,5.5
"34025","2","10","71","0","2017","4","",67,1565,1549,1552,32099302,0,0,1588,"",0.48,0.19,0.19,0.19,0.26,0.00,0.00,1.41,"",-2,-2.9,-41,-2.6,-75,-4.6,-83,-5.1,-284297,-0.9,0,0.0,0,0.0,52,3.4
"34025","3","10","71","0","2017","4","",286,30430,30583,30652,485471702,6179429,45233,1222,"",0.84,1.18,1.18,1.18,1.51,0.42,0.58,1.28,"",1,0.4,45,0.1,-150,-0.5,-142,-0.5,11502062,2.4,340453,5.8,3460,8.3,32,2.7
"34025","5","10","71","0","2017","4","",19547,226577,226633,227826,3181510829,742325945,14648663,1078,"",1.01,1.02,1.02,1.02,1.00,1.03,1.00,0.97,"",-157,-0.8,2738,1.2,2500,1.1,1845,0.8,133632311,4.4,33283884,4.7,307111,2.1,34,3.3
"34027","0","10","70","0","2017","4","",17095,292544,293829,294693,6032618009,819695489,16236230,1580,"",1.00,1.00,1.00,1.00,1.00,1.00,1.00,1.00,"",91,0.5,3557,1.2,3206,1.1,3545,1.2,275588716,4.8,40836724,5.2,165856,1.0,54,3.5
"34027","1","10","71","0","2017","4","",74,5415,5387,5383,130757101,0,0,1864,"",0.72,0.96,0.96,0.95,0.79,0.00,0.00,0.82,"",-1,-1.3,-38,-0.7,-45,-0.8,-42,-0.8,3876522,3.1,0,0.0,0,0.0,69,3.8
"34027","2","10","71","0","2017","4","",34,1269,1255,1268,27549668,0,0,1677,"",0.28,0.14,0.13,0.13,0.14,0.00,0.00,1.04,"",0,0.0,-104,-7.6,-96,-7.1,-101,-7.4,-1293295,-4.5,0,0.0,0,0.0,51,3.1
"34027","3","10","71","0","2017","4","",211,23546,23607,23636,384001182,4888394,34247,1252,"",0.73,0.81,0.81,0.81,0.74,0.30,0.40,0.91,"",-5,-2.3,148,0.6,-233,-1.0,-17,-0.1,11275360,3.0,496912,11.3,3235,10.4,39,3.2
"34027","5","10","71","0","2017","4","",16776,262314,263580,264406,5490310058,814807095,16201983,1603,"",1.01,1.06,1.06,1.06,1.07,1.03,1.00,1.01,"",97,0.6,3551,1.4,3580,1.4,3705,1.4,261730129,5.0,40339812,5.2,162621,1.0,55,3.6
"34029","0","10","70","0","2017","4","",13314,167009,166922,165894,1920206340,501267762,10219575,887,"",1.00,1.00,1.00,1.00,1.00,1.00,1.00,1.00,"",282,2.2,4250,2.6,4240,2.6,3489,2.1,77351707,4.2,36760766,7.9,581213,6.0,15,1.7
"34029","1","10","71","0","2017","4","",46,3201,3225,3251,74587438,0,0,1779,"",0.58,1.00,1.01,1.02,1.41,0.00,0.00,1.40,"",1,2.2,51,1.6,73,2.3,95,3.0,3408956,4.8,0,0.0,0,0.0,42,2.4
"34029","2","10","71","0","2017","4","",31,540,534,531,10221393,0,0,1470,"",0.33,0.10,0.10,0.10,0.16,0.00,0.00,1.63,"",0,0.0,-16,-2.9,-18,-3.3,-17,-3.1,-368084,-3.5,0,0.0,0,0.0,-6,-0.4
"34029","3","10","71","0","2017","4","",239,23053,23142,23145,337565929,5723265,41340,1123,"",1.06,1.39,1.40,1.41,2.04,0.58,0.77,1.46,"",9,3.9,-104,-0.4,-72,-0.3,-146,-0.6,8858268,2.7,128380,2.3,804,2.0,34,3.1
"34029","5","10","71","0","2017","4","",12998,140215,140021,138967,1497831580,495544497,10178235,825,"",1.01,0.99,0.99,0.99,0.91,1.02,1.00,0.93,"",272,2.1,4319,3.2,4257,3.1,3557,2.6,65452567,4.6,36632386,8.0,580409,6.0,13,1.6
"34031","0","10","70","0","2017","4","",12613,168480,170120,169364,2354013707,511165149,10025710,1069,"",1.00,1.00,1.00,1.00,1.00,1.00,1.00,1.00,"",93,0.7,-454,-0.3,-1617,-0.9,-831,-0.5,45096697,2.0,7618587,1.5,-153196,-1.5,26,2.5
"34031","1","10","71","0","2017","4","",35,1051,1041,1040,20203900,0,0,1489,"",0.46,0.32,0.32,0.32,0.31,0.00,0.00,0.97,"",-1,-2.8,-5,-0.5,1,0.1,-19,-1.8,938838,4.9,0,0.0,0,0.0,80,5.7
"34031","2","10","71","0","2017","4","",30,3849,3800,3134,70270778,0,0,1504,"",0.34,0.71,0.70,0.58,0.91,0.00,0.00,1.38,"",0,0.0,-481,-11.1,-518,-12.0,-305,-8.9,624392,0.9,0,0.0,0,0.0,174,13.1
"34031","3","10","71","0","2017","4","",116,23458,23703,23493,399263819,10719640,75837,1304,"",0.54,1.41,1.40,1.40,1.97,1.06,1.44,1.41,"",3,2.7,-406,-1.7,-1676,-6.6,-640,-2.7,-7206112,-1.8,-4663584,-30.3,-31798,-29.5,26,2.0
"34031","5","10","71","0","2017","4","",12432,140122,141576,141697,1864275210,500445509,9949873,1016,"",1.02,0.98,0.98,0.98,0.93,1.01,1.00,0.95,"",91,0.7,438,0.3,576,0.4,133,0.1,50739579,2.8,12282171,2.5,-121398,-1.2,25,2.5
"34033","0","10","70","0","2017","4","",1308,21395,21139,20904,304351933,62217300,1408977,1107,"",1.00,1.00,1.00,1.00,1.00,1.00,1.00,1.00,"",29,2.3,537,2.6,532,2.6,600,3.0,12318900,4.2,8818286,16.5,299576,27.0,16,1.5
"34033","1","10","71","0","2017","4","",18,155,156,155,2403383,0,0,1190,"",2.29,0.38,0.39,0.38,0.29,0.00,0.00,0.75,"",0,0.0,-6,-3.7,2,1.3,1,0.6,127241,5.6,0,0.0,0,0.0,70,6.2
"34033","2","10","71","0","2017","4","",15,351,351,351,5236817,0,0,1148,"",1.64,0.51,0.52,0.53,0.53,0.00,0.00,1.02,"N",-1,-6.2,0,0,0,0,0,0,0,0,0,0,0,0,0,0
"34033","3","10","71","0","2017","4","",67,3518,3561,3567,49004888,3837293,27095,1062,"",3.01,1.66,1.70,1.72,1.87,3.12,3.65,1.11,"N",1,1.5,0,0,0,0,0,0,0,0,0,0,0,0,0,0
"34033","5","10","71","0","2017","4","",1208,17371,17071,16831,247706845,58380007,1381882,1115,"",0.95,0.96,0.95,0.95,0.95,0.97,0.99,1.00,"",29,2.5,523,3.1,509,3.1,580,3.6,10825228,4.6,8213634,16.4,295099,27.2,14,1.3
"34035","0","10","70","0","2017","4","",10192,189592,190412,190762,3909799520,531966518,10172483,1581,"",1.00,1.00,1.00,1.00,1.00,1.00,1.00,1.00,"",68,0.7,3825,2.1,3039,1.6,2638,1.4,118831907,3.1,19970793,3.9,55608,0.5,22,1.4
"34035","1","10","71","0","2017","4","",40,1758,1772,1787,36677586,0,0,1592,"",0.65,0.48,0.49,0.49,0.34,0.00,0.00,0.70,"",0,0.0,29,1.7,76,4.5,61,3.5,2250388,6.5,0,0.0,0,0.0,50,3.2
"34035","2","10","71","0","2017","4","",21,407,396,396,8845083,0,0,1702,"",0.29,0.07,0.06,0.07,0.07,0.00,0.00,1.06,"",0,0.0,-53,-11.5,-61,-13.3,-57,-12.6,-929073,-9.5,0,0.0,0,0.0,56,3.4
"34035","3","10","71","0","2017","4","",141,15148,15348,15241,250140006,3133481,22218,1262,"",0.81,0.81,0.81,0.81,0.74,0.30,0.42,0.92,"",4,2.9,14,0.1,73,0.5,-1,0.0,5484614,2.2,-236724,-7.0,-1505,-6.3,25,2.0
"34035","5","10","71","0","2017","4","",9990,172279,172896,173338,3614136845,528833037,10150265,1609,"",1.01,1.07,1.07,1.07,1.08,1.03,1.00,1.01,"",64,0.6,3835,2.3,2951,1.7,2635,1.5,112025978,3.2,20207517,4.0,57113,0.6,22,1.4
"34037","0","10","70","0","2017","4","",3500,38269,38060,39712,462877642,106112600,2195995,921,"",1.00,1.00,1.00,1.00,1.00,1.00,1.00,1.00,"",1,0.0,-600,-1.5,-717,-1.8,499,1.3,9070814,2.0,1415758,1.4,21729,1.0,25,2.8
"34037","1","10","71","0","2017","4","",30,332,294,296,4696766,0,0,1176,"",1.43,0.45,0.40,0.39,0.37,0.00,0.00,0.89,"",1,3.4,-13,-3.8,-19,-6.1,-26,-8.1,107980,2.4,0,0.0,0,0.0,95,8.8
"34037","2","10","71","0","2017","4","",21,189,186,186,4730469,0,0,1946,"",0.86,0.15,0.15,0.15,0.31,0.00,0.00,2.07,"N",-1,-4.5,0,0,0,0,0,0,0,0,0,0,0,0,0,0
"34037","3","10","71","0","2017","4","",89,6955,7033,8211,102642821,3157773,22101,1067,"",1.50,1.83,1.86,2.09,2.58,1.50,1.91,1.34,"N",2,2.3,0,0,0,0,0,0,0,0,0,0,0,0,0,0
"34037","5","10","71","0","2017","4","",3360,30793,30547,31019,350807586,102954827,2173894,877,"",0.99,0.95,0.94,0.92,0.89,1.00,1.00,0.95,"",-1,0.0,-508,-1.6,-620,-2.0,-598,-1.9,8786480,2.6,1368036,1.3,21398,1.0,38,4.5
"34039","0","10","70","0","2017","4","",14328,223904,226551,225277,4037739443,661501132,12661378,1379,"",1.00,1.00,1.00,1.00,1.00,1.00,1.00,1.00,"",-32,-0.2,3321,1.5,4297,1.9,3631,1.6,108813932,2.8,45090441,7.3,583447,4.8,15,1.1
"34039","1","10","71","0","2017","4","",40,1424,1417,1424,27700205,0,0,1499,"",0.47,0.33,0.33,0.33,0.25,0.00,0.00,0.76,"",1,2.6,-49,-3.3,-43,-2.9,-63,-4.2,387294,1.4,0,0.0,0,0.0,73,5.1
"34039","2","10","71","0","2017","4","",31,3209,3451,2111,50949351,0,0,1341,"",0.31,0.45,0.48,0.29,0.39,0.00,0.00,0.95,"",0,0.0,-52,-1.6,-22,-0.6,-37,-1.7,2327671,4.8,0,0.0,0,0.0,78,6.2
"34039","3","10","71","0","2017","4","",151,26945,27310,27405,466186018,6279454,46821,1317,"",0.62,1.21,1.21,1.23,1.34,0.48,0.70,1.10,"",1,0.7,61,0.2,168,0.6,248,0.9,8461308,1.8,-42938,-0.7,452,1.0,16,1.2
"34039","5","10","71","0","2017","4","",14106,192326,194373,194337,3492903869,655221678,12614557,1387,"",1.01,1.01,1.01,1.02,1.01,1.02,1.00,1.00,"",-34,-0.2,3361,1.8,4194,2.2,3483,1.8,97637659,2.9,45133379,7.4,582995,4.8,12,0.9
"34041","0","10","70","0","2017","4","",2789,33481,33519,33387,444764375,91204349,1746896,1022,"",1.00,1.00,1.00,1.00,1.00,1.00,1.00,1.00,"",-14,-0.5,-85,-0.3,-125,-0.4,-199,-0.6,16921690,4.0,3241688,3.7,-5279,-0.3,42,4.3
"34041","1","10","71","0","2017","4","",23,214,210,216,3367770,0,0,1214,"",1.37,0.33,0.33,0.34,0.28,0.00,0.00,0.83,"",1,4.5,3,1.4,-15,-6.7,-16,-6.9,13017,0.4,0,0.0,0,0.0,55,4.7
"34041","2","10","71","0","2017","4","",22,273,272,274,6195949,0,0,1746,"",1.13,0.25,0.25,0.26,0.43,0.00,0.00,1.68,"",0,0.0,-16,-5.5,-16,-5.6,-21,-7.1,-233130,-3.6,0,0.0,0,0.0,45,2.6
"34041","3","10","71","0","2017","4","",71,4798,4830,4849,69753605,2879787,20146,1112,"",1.50,1.45,1.45,1.47,1.82,1.60,2.19,1.25,"",-1,-1.4,52,1.1,-4,-0.1,14,0.3,1694652,2.5,-159465,-5.2,-1123,-5.3,22,2.0
"34041","5","10","71","0","2017","4","",2673,28196,28207,28048,365447051,88324562,1726750,999,"",0.99,0.99,0.99,0.99,0.96,1.00,1.00,0.97,"",-14,-0.5,-124,-0.4,-90,-0.3,-176,-0.6,15447151,4.4,3401153,4.0,-4156,-0.2,47,4.9
"34999","0","10","70","0","2017","4","",26135,129243,131504,133118,3100990735,543899569,14759677,1817,"",1.00,1.00,1.00,1.00,1.00,1.00,1.00,1.00,"",404,1.6,11563,9.8,12996,11.0,11924,9.8,228359068,7.9,53077977,10.8,1515095,11.4,-38,-2.0
"34999","1","10","71","0","2017","4","",58,636,626,630,17199652,0,0,2098,"",0.37,0.26,0.25,0.25,0.20,0.00,0.00,0.81,"",4,7.4,71,12.6,73,13.2,76,13.7,2793017,19.4,0,0.0,0,0.0,110,5.5
"34999","2","10","71","0","2017","4","N",2,0,0,0,0,0,0,0,"N",0.01,0,0,0,0,0,0,0,"N",0,0.0,0,0,0,0,0,0,0,0,0,0,0,0,0,0
"34999","3","10","71","0","2017","4","N",21,0,0,0,0,0,0,0,"N",0.05,0,0,0,0,0,0,0,"N",3,16.7,0,0,0,0,0,0,0,0,0,0,0,0,0,0
"34999","5","10","71","0","2017","4","",26054,128423,130647,132276,3081175894,543813506,14757782,1817,"",1.03,1.17,1.17,1.17,1.16,1.03,1.01,0.99,"",397,1.5,11462,9.8,12895,11.0,11821,9.8,225213650,7.9,53031602,10.8,1514261,11.4,-39,-2.1
"35000","0","10","50","0","2017","4","",58569,817389,817067,817874,9187914317,1869259930,22688087,865,"",1.00,1.00,1.00,1.00,1.00,1.00,1.00,1.00,"",350,0.6,5056,0.6,6767,0.8,5804,0.7,278281162,3.1,84079366,4.7,-8177861,-26.5,21,2.5
"35000","1","10","51","0","2017","4","",830,29070,28886,28941,542721442,0,0,1441,"",2.36,1.85,1.85,1.84,2.15,0.00,0.00,1.16,"",-6,-0.7,-171,-0.6,-322,-1.1,-437,-1.5,6943873,1.3,0,0.0,0,0.0,33,2.3
"35000","2","10","51","0","2017","4","",1214,47297,47391,47202,614225946,221013,2044,999,"",2.96,1.80,1.81,1.81,2.05,0.01,0.07,1.13,"",-1,-0.1,-849,-1.8,-620,-1.3,-715,-1.5,-592181,-0.1,122127,123.5,468,29.7,14,1.4
"35000","3","10","51","0","2017","4","",2055,103127,103839,103953,990640637,41128152,462200,735,"",2.06,1.27,1.28,1.28,1.25,1.11,3.87,0.98,"",-1,0.0,-1393,-1.3,-1373,-1.3,-829,-0.8,6180333,0.6,-828392,-2.0,-390433,-45.8,13,1.8
"35000","5","10","51","0","2017","4","",54470,637895,636951,637778,7040326292,1827910765,22223843,849,"",0.96,0.92,0.92,0.92,0.90,1.01,0.99,0.98,"",358,0.7,7469,1.2,9082,1.4,7785,1.2,265749137,3.9,84785631,4.9,-7787896,-25.9,21,2.5
"35000","8","10","96","0","2017","4","",4099,179494,180116,180096,2147588025,41349165,464244,918,"",2.33,1.46,1.46,1.47,1.60,0.68,3.11,1.09,"",-8,-0.2,-2413,-1.3,-2315,-1.3,-1981,-1.1,12532025,0.6,-706265,-1.7,-389965,-45.7,16,1.8
"35001","0","10","70","0","2017","4","",18459,327931,329380,329074,3900285965,711182002,7643056,912,"",1.00,1.00,1.00,1.00,1.00,1.00,1.00,1.00,"",206,1.1,1171,0.4,1736,0.5,966,0.3,86234801,2.3,2237521,0.3,-4822767,-38.7,16,1.8
"35001","1","10","71","0","2017","4","",113,13833,13794,13898,276739521,0,0,1538,"",1.02,2.19,2.19,2.19,2.58,0.00,0.00,1.18,"",2,1.8,-6,0.0,-111,-0.8,-144,-1.0,2327621,0.8,0,0.0,0,0.0,23,1.5
"35001","2","10","71","0","2017","4","",142,21268,21302,21178,313558874,0,0,1135,"",1.10,2.02,2.02,2.02,2.46,0.00,0.00,1.22,"",0,0.0,-264,-1.2,-177,-0.8,-152,-0.7,3670106,1.2,0,0.0,0,0.0,24,2.2
"35001","3","10","71","0","2017","4","",235,29131,29458,29512,297379413,9260050,42640,779,"",0.75,0.90,0.90,0.91,0.89,0.66,1.06,0.98,"",-1,-0.4,-302,-1.0,-144,-0.5,-185,-0.6,1256843,0.4,-451128,-4.6,-31172,-42.2,9,1.2
"35001","5","10","71","0","2017","4","",17969,263699,264826,264486,3012608157,701921952,7600416,877,"",1.00,0.95,0.95,0.95,0.90,1.02,1.00,0.96,"",205,1.2,1743,0.7,2168,0.8,1447,0.6,78980231,2.7,2688649,0.4,-4791595,-38.7,17,2.0
"35003","0","10","70","0","2017","4","",100,648,657,630,4557313,1095424,8040,544,"",1.00,1.00,1.00,1.00,1.00,1.00,1.00,1.00,"",3,3.1,-4,-0.6,13,2.0,1,0.2,215604,5.0,25755,2.4,-6905,-46.2,24,4.6
"35003","1","10","71","0","2017","4","",11,77,75,66,951833,0,0,1008,"",18.34,6.17,5.96,5.44,7.60,0.00,0.00,1.30,"",0,0.0,-7,-8.3,1,1.4,0,0.0,7967,0.8,0,0.0,0,0.0,36,3.7
"35003","2","10","71","0","2017","4","",8,22,23,23,222989,0,0,757,"",11.42,1.06,1.09,1.14,1.50,0.00,0.00,1.36,"",0,0.0,-3,-12.0,-2,-8.0,-3,-11.5,-26756,-10.7,0,0.0,0,0.0,-1,-0.1
"35003","3","10","71","0","2017","4","",11,168,186,182,1217153,0,0,524,"",6.47,2.62,2.85,2.92,3.11,0.00,0.00,1.11,"",0,0.0,-8,-4.5,4,2.2,-3,-1.6,13408,1.1,0,0.0,0,0.0,12,2.3
"35003","5","10","71","0","2017","4","",70,381,373,359,2165338,1095424,8040,449,"",0.72,0.69,0.67,0.67,0.56,1.03,1.01,0.82,"",3,4.5,14,3.8,10,2.8,7,2.0,220985,11.4,25755,2.4,-6905,-46.2,34,8.2
"35005","0","10","70","0","2017","4","",1805,21212,21199,21172,191047690,50079023,454029,693,"",1.00,1.00,1.00,1.00,1.00,1.00,1.00,1.00,"",-17,-0.9,-432,-2.0,-326,-1.5,-427,-2.0,257858,0.1,1142402,2.3,-173876,-27.7,13,1.9
"35005","1","10","71","0","2017","4","",19,232,234,235,3751251,0,0,1235,"",1.76,0.57,0.58,0.58,0.71,0.00,0.00,1.25,"",0,0.0,-7,-2.9,-6,-2.5,-3,-1.3,-66938,-1.8,0,0.0,0,0.0,6,0.5
"35005","2","10","71","0","2017","4","",61,1398,1414,1431,14811605,0,0,806,"",4.82,2.05,2.08,2.12,2.37,0.00,0.00,1.14,"",0,0.0,-27,-1.9,-3,-0.2,17,1.2,-383497,-2.5,0,0.0,0,0.0,-18,-2.2
"35005","3","10","71","0","2017","4","",89,2570,2569,2604,25329582,58699,258,755,"",2.90,1.22,1.22,1.24,1.54,0.06,0.11,1.26,"",0,0.0,-26,-1.0,-58,-2.2,-46,-1.7,-156393,-0.6,-52492,-47.2,-520,-66.8,8,1.1
"35005","5","10","71","0","2017","4","",1636,17012,16982,16902,147155252,50020324,453771,667,"",0.93,0.94,0.94,0.94,0.90,1.03,1.01,0.96,"",-17,-1.0,-372,-2.1,-259,-1.5,-395,-2.3,864686,0.6,1194894,2.4,-173356,-27.6,17,2.6
"35006","0","10","70","0","2017","4","",485,7707,7716,7732,68808257,13636015,157831,686,"",1.00,1.00,1.00,1.00,1.00,1.00,1.00,1.00,"",22,4.8,-235,-3.0,-213,-2.7,-177,-2.2,-1222174,-1.7,-849703,-5.9,-140718,-47.1,6,0.9
"35006","1","10","71","0","2017","4","",20,278,273,266,4226385,0,0,1194,"",6.88,1.87,1.85,1.79,2.23,0.00,0.00,1.22,"",0,0.0,-13,-4.5,-12,-4.2,-8,-2.9,25632,0.6,0,0.0,0,0.0,54,4.7
"35006","2","10","71","0","2017","4","",49,471,477,476,4945310,0,0,801,"",14.42,1.90,1.93,1.93,2.20,0.00,0.00,1.14,"",0,0.0,20,4.4,14,3.0,18,3.9,56121,1.1,0,0.0,0,0.0,-21,-2.6
"35006","3","10","71","0","2017","4","",66,2346,2364,2388,19197377,896796,14474,624,"",8.01,3.07,3.09,3.12,3.24,3.32,17.42,1.05,"",10,17.9,-73,-3.0,-25,-1.0,-52,-2.1,-425486,-2.2,-225822,-20.1,-24411,-62.8,-1,-0.2
"35006","5","10","71","0","2017","4","",350,4612,4602,4602,40439185,12739219,143357,675,"",0.74,0.70,0.70,0.70,0.69,0.97,0.91,0.98,"",12,3.6,-169,-3.5,-190,-4.0,-135,-2.8,-878441,-2.1,-623881,-4.7,-116307,-44.8,9,1.4
"35007","0","10","70","0","2017","4","",537,4289,4156,4349,35829057,8953232,94124,646,"",1.00,1.00,1.00,1.00,1.00,1.00,1.00,1.00,"",-6,-1.1,-179,-4.0,-195,-4.5,-289,-6.2,-22273,-0.1,-135883,-1.5,-55266,-37.0,31,5.0
"35007","1","10","71","0","2017","4","",13,46,45,46,641501,0,0,1081,"",4.04,0.56,0.57,0.55,0.65,0.00,0.00,1.17,"",0,0.0,4,9.5,-2,-4.3,2,4.5,56578,9.7,0,0.0,0,0.0,66,6.5
"35007","2","10","71","0","2017","4","",49,486,488,493,6019279,0,0,947,"",13.02,3.53,3.67,3.55,5.15,0.00,0.00,1.44,"",1,2.1,-20,-4.0,-16,-3.2,-10,-2.0,-222311,-3.6,0,0.0,0,0.0,-5,-0.5
"35007","3","10","71","0","2017","4","",59,703,704,693,6347726,499892,2364,698,"",6.46,1.65,1.71,1.61,2.06,2.82,4.77,1.25,"",-4,-6.3,-28,-3.8,-36,-4.9,-94,-11.9,-274599,-4.1,-28047,-5.3,-1600,-40.4,21,3.1
"35007","5","10","71","0","2017","4","",416,3054,2919,3117,22820551,8453340,91760,579,"",0.80,0.84,0.83,0.84,0.75,0.98,0.98,0.89,"",-3,-0.7,-135,-4.2,-141,-4.6,-187,-5.7,418059,1.9,-107836,-1.3,-53666,-36.9,38,7.0
"35009","0","10","70","0","2017","4","",1208,17578,17610,17750,165257241,41632346,407742,720,"",1.00,1.00,1.00,1.00,1.00,1.00,1.00,1.00,"",26,2.2,481,2.8,493,2.9,550,3.2,8819609,5.6,2224200,5.6,-28502,-6.5,18,2.6
"35009","1","10","71","0","2017","4","",33,848,873,864,10661281,0,0,952,"",4.55,2.51,2.59,2.53,2.35,0.00,0.00,0.92,"",0,0.0,-3,-0.4,15,1.7,-7,-0.8,300624,2.9,0,0.0,0,0.0,25,2.7
"35009","2","10","71","0","2017","4","",20,276,273,272,3016730,0,0,848,"",2.36,0.49,0.48,0.48,0.56,0.00,0.00,1.15,"",0,0.0,-4,-1.4,-8,-2.8,-10,-3.5,-89431,-2.9,0,0.0,0,0.0,-2,-0.2
"35009","3","10","71","0","2017","4","",40,2233,2267,2266,20322809,131707,546,693,"",1.95,1.28,1.30,1.29,1.43,0.16,0.25,1.11,"",0,0.0,-39,-1.7,-9,-0.4,-35,-1.5,436065,2.2,24068,22.4,192,54.2,23,3.4
"35009","5","10","71","0","2017","4","",1115,14221,14197,14348,131256421,41500639,407196,708,"",0.95,0.95,0.95,0.95,0.93,1.03,1.01,0.98,"",26,2.4,527,3.8,495,3.6,602,4.4,8172351,6.6,2200132,5.6,-28694,-6.6,18,2.6
"35011","0","10","70","0","2017","4","",79,453,454,450,3855514,777245,4708,656,"",1.00,1.00,1.00,1.00,1.00,1.00,1.00,1.00,"",-2,-2.5,5,1.1,-8,-1.7,-7,-1.5,-1721651,-30.9,49178,6.8,-2978,-38.7,-286,-30.4
"35011","1","10","71","0","2017","4","",5,11,12,10,86149,0,0,602,"",10.55,1.26,1.38,1.15,0.81,0.00,0.00,0.64,"",0,0.0,-1,-8.3,-3,-20.0,-3,-23.1,-6805,-7.3,0,0.0,0,0.0,66,12.3
"35011","2","10","71","0","2017","4","",7,23,23,24,206747,0,0,682,"",12.65,1.58,1.58,1.67,1.64,0.00,0.00,1.02,"",0,0.0,-1,-4.2,-1,-4.2,1,4.3,-922,-0.4,0,0.0,0,0.0,7,1.0
"35011","3","10","71","0","2017","4","",19,142,144,142,1050579,9723,32,566,"",14.15,3.16,3.19,3.19,3.17,0.63,1.29,0.99,"",0,0.0,-6,-4.1,-7,-4.6,-8,-5.3,-5757,-0.5,-3045,-23.8,-10,-23.8,23,4.2
"35011","5","10","71","0","2017","4","",48,277,275,274,2512039,767522,4676,702,"",0.63,0.72,0.71,0.72,0.76,1.02,1.00,1.06,"",-2,-4.0,13,4.9,3,1.1,3,1.1,-1708167,-40.5,52223,7.3,-2968,-38.8,-505,-41.8
"35013","0","10","70","0","2017","4","",4703,71577,71016,71437,685754505,164024443,1899519,739,"",1.00,1.00,1.00,1.00,1.00,1.00,1.00,1.00,"",70,1.5,-1157,-1.6,-1239,-1.7,-989,-1.4,9730629,1.4,-1428394,-0.9,-1061755,-35.9,21,2.9
"35013","1","10","71","0","2017","4","",71,3365,3352,3350,68471622,0,0,1570,"",2.52,2.44,2.47,2.43,3.63,0.00,0.00,1.49,"",-3,-4.1,-78,-2.3,-86,-2.5,-84,-2.4,-167847,-0.2,0,0.0,0,0.0,34,2.2
"35013","2","10","71","0","2017","4","",104,5560,5554,5508,65621331,3774,213,911,"",3.16,2.42,2.44,2.42,2.93,0.00,0.09,1.21,"",1,1.0,-121,-2.1,-115,-2.0,-138,-2.4,-1810267,-2.7,-1022,-21.3,-91,-29.9,-5,-0.5
"35013","3","10","71","0","2017","4","",122,8804,8891,8924,88479352,657229,4066,767,"",1.53,1.24,1.26,1.26,1.50,0.20,0.41,1.20,"",0,0.0,-32,-0.4,-34,-0.4,107,1.2,2052380,2.4,102516,18.5,-4082,-50.1,17,2.3
"35013","5","10","71","0","2017","4","",4406,53848,53219,53655,463182200,163363440,1895240,665,"",0.97,0.89,0.88,0.88,0.79,1.03,1.00,0.90,"",72,1.7,-926,-1.7,-1004,-1.9,-874,-1.6,9656363,2.1,-1529888,-0.9,-1057582,-35.8,25,3.9
"35015","0","10","70","0","2017","4","",1709,28206,28527,28699,411751180,87208427,1274742,1112,"",1.00,1.00,1.00,1.00,1.00,1.00,1.00,1.00,"",20,1.2,1952,7.4,2349,9.0,2294,8.7,24393678,6.3,26005200,42.5,467083,57.8,-22,-1.9
"35015","1","10","71","0","2017","4","",30,681,668,673,14367753,0,0,1640,"",2.93,1.25,1.22,1.22,1.27,0.00,0.00,1.03,"",-2,-6.2,22,3.3,7,1.1,3,0.4,749886,5.5,0,0.0,0,0.0,61,3.9
"35015","2","10","71","0","2017","4","",33,470,464,458,4786835,0,0,794,"",2.76,0.52,0.51,0.50,0.36,0.00,0.00,0.70,"",0,0.0,0,0.0,-6,-1.3,-13,-2.8,50642,1.1,0,0.0,0,0.0,19,2.5
"35015","3","10","71","0","2017","4","",93,2726,2763,2737,31240411,162070,1011,876,"",3.20,0.98,0.98,0.96,0.88,0.09,0.15,0.91,"",0,0.0,-72,-2.6,-39,-1.4,-63,-2.2,938726,3.1,-3676,-2.2,392,63.3,44,5.3
"35015","5","10","71","0","2017","4","",1553,24329,24632,24831,361356181,87046357,1273731,1130,"",0.94,1.02,1.02,1.02,1.03,1.03,1.01,1.01,"",22,1.4,2002,9.0,2387,10.7,2367,10.5,22654424,6.7,26008876,42.6,466691,57.8,-36,-3.1
"35017","0","10","70","0","2017","4","",729,9040,9011,8999,87996976,15678619,168520,751,"",1.00,1.00,1.00,1.00,1.00,1.00,1.00,1.00,"",-21,-2.8,-184,-2.0,-105,-1.2,-50,-0.6,1266108,1.5,768173,5.2,-60180,-26.3,20,2.7
"35017","1","10","71","0","2017","4","",20,170,171,158,2385546,0,0,1103,"",4.57,0.98,0.99,0.91,0.99,0.00,0.00,1.03,"",0,0.0,-17,-9.1,3,1.8,-7,-4.2,-59549,-2.4,0,0.0,0,0.0,18,1.7
"35017","2","10","71","0","2017","4","",23,959,961,965,8977800,0,0,718,"",4.50,3.30,3.33,3.36,3.13,0.00,0.00,0.94,"",1,4.5,-63,-6.2,-47,-4.7,-52,-5.1,-419430,-4.5,0,0.0,0,0.0,6,0.8
"35017","3","10","71","0","2017","4","",53,1757,1750,1771,17842951,81406,268,780,"",4.28,1.96,1.96,1.99,2.36,0.26,0.30,1.20,"",-1,-1.9,-100,-5.4,-90,-4.9,-89,-4.8,-649024,-3.5,-11043,-11.9,-375,-58.3,12,1.6
"35017","5","10","71","0","2017","4","",633,6154,6129,6105,58790679,15597213,168252,738,"",0.90,0.80,0.80,0.80,0.78,1.03,1.01,0.98,"",-21,-3.2,-4,-0.1,29,0.5,98,1.6,2394111,4.2,779216,5.3,-59805,-26.2,25,3.5
"35019","0","10","70","0","2017","4","",165,1498,1499,1470,11435873,3615816,30376,591,"",1.00,1.00,1.00,1.00,1.00,1.00,1.00,1.00,"",1,0.6,-88,-5.5,-32,-2.1,-71,-4.6,-284393,-2.4,-124463,-3.3,-11922,-28.2,10,1.7
"35019","1","10","71","0","2017","4","",10,23,25,22,253458,0,0,836,"",10.10,0.80,0.87,0.78,0.81,0.00,0.00,0.99,"",0,0.0,0,0.0,3,13.6,-3,-12.0,-8093,-3.1,0,0.0,0,0.0,-26,-3.0
"35019","2","10","71","0","2017","4","",13,63,59,57,630456,0,0,813,"",11.24,1.31,1.23,1.22,1.69,0.00,0.00,1.35,"",0,0.0,-3,-4.5,-5,-7.8,-8,-12.3,-15728,-2.4,0,0.0,0,0.0,48,6.3
"35019","3","10","71","0","2017","4","",29,292,301,296,2346457,206742,1153,609,"",10.34,1.97,2.02,2.03,2.39,2.89,7.21,1.19,"",0,0.0,-32,-9.9,-14,-4.4,-11,-3.6,14293,0.6,7542,3.8,-1028,-47.1,40,7.0
"35019","5","10","71","0","2017","4","",113,1120,1114,1095,8205502,3409074,29223,569,"",0.71,0.88,0.87,0.88,0.84,0.97,0.97,0.96,"",1,0.9,-53,-4.5,-16,-1.4,-49,-4.3,-274865,-3.2,-132005,-3.7,-10894,-27.2,1,0.2
"35021","0","10","70","0","2017","4","",35,174,172,169,1468380,251754,1474,658,"",1.00,1.00,1.00,1.00,1.00,1.00,1.00,1.00,"",-2,-5.4,12,7.4,10,6.2,9,5.6,39698,2.8,-34581,-12.1,-1724,-53.9,-23,-3.4
"35021","1","10","71","0","2017","4","",7,14,12,12,104725,0,0,636,"",33.35,4.18,3.65,3.69,2.59,0.00,0.00,0.68,"",0,0.0,0,0.0,-2,-14.3,-3,-20.0,2349,2.3,0,0.0,0,0.0,87,15.8
"35021","2","10","71","0","2017","4","",4,12,12,11,104880,0,0,692,"",16.31,2.15,2.18,2.04,2.19,0.00,0.00,1.03,"",0,0.0,2,20.0,2,20.0,1,10.0,14152,15.6,0,0.0,0,0.0,-6,-0.9
"35021","3","10","71","0","2017","4","",5,72,70,69,589326,17648,58,645,"",8.40,4.18,4.10,4.13,4.67,3.54,7.48,1.13,"",0,0.0,0,0.0,-1,-1.4,2,3.0,11772,2.0,-2871,-14.0,-34,-37.0,10,1.6
"35021","5","10","71","0","2017","4","",19,76,78,77,669449,234106,1416,669,"",0.56,0.51,0.53,0.54,0.53,0.96,0.97,1.01,"",-2,-9.5,10,15.2,11,16.4,9,13.2,11425,1.7,-31710,-11.9,-1690,-54.4,-86,-11.4
"35023","0","10","70","0","2017","4","",164,1629,1596,1594,14907221,2848347,28097,714,"",1.00,1.00,1.00,1.00,1.00,1.00,1.00,1.00,"",-4,-2.4,-5,-0.3,22,1.4,16,1.0,336946,2.3,-127277,-4.3,-16220,-36.6,11,1.6
"35023","1","10","71","0","2017","4","",8,256,260,260,5825790,0,0,1732,"",8.13,8.16,8.51,8.47,14.22,0.00,0.00,1.70,"",0,0.0,12,4.9,15,6.1,3,1.2,21666,0.4,0,0.0,0,0.0,-63,-3.5
"35023","2","10","71","0","2017","4","",12,62,62,62,653284,0,0,811,"",10.44,1.19,1.21,1.22,1.34,0.00,0.00,1.11,"",1,9.1,0,0.0,1,1.6,1,1.6,5878,0.9,0,0.0,0,0.0,-1,-0.1
"35023","3","10","71","0","2017","4","",26,306,308,309,2307923,21515,71,577,"",9.33,1.90,1.94,1.96,1.80,0.38,0.48,0.93,"",-1,-3.7,-6,-1.9,-5,-1.6,0,0.0,76642,3.4,1245,6.1,4,6.0,26,4.7
"35023","5","10","71","0","2017","4","",118,1005,966,963,6120224,2826832,28026,481,"",0.74,0.73,0.71,0.71,0.48,1.03,1.00,0.67,"",-4,-3.3,-11,-1.1,11,1.2,12,1.3,232760,4.0,-128522,-4.3,-16224,-36.7,16,3.4
"35025","0","10","70","0","2017","4","",1932,29245,29424,29504,388594933,90273858,1237161,1017,"",1.00,1.00,1.00,1.00,1.00,1.00,1.00,1.00,"",-11,-0.6,1334,4.8,1472,5.3,1501,5.4,54389407,16.3,15084715,20.1,250957,25.4,97,10.5
"35025","1","10","71","0","2017","4","",12,90,89,93,1381622,0,0,1172,"",1.04,0.16,0.16,0.16,0.13,0.00,0.00,0.81,"",0,0.0,2,2.3,0,0.0,3,3.3,87507,6.8,0,0.0,0,0.0,53,4.7
"35025","2","10","71","0","2017","4","",29,264,261,260,2847928,0,0,837,"",2.14,0.28,0.28,0.28,0.22,0.00,0.00,0.81,"",0,0.0,7,2.7,8,3.2,6,2.4,190181,7.2,0,0.0,0,0.0,34,4.2
"35025","3","10","71","0","2017","4","",97,3525,3505,3498,37403857,221732,732,820,"",2.95,1.22,1.20,1.20,1.12,0.12,0.11,0.93,"",-3,-3.0,-104,-2.9,-129,-3.5,-113,-3.1,514891,1.4,60138,37.2,-576,-44.0,37,4.7
"35025","5","10","71","0","2017","4","",1794,25366,25569,25653,346961526,90052126,1236429,1045,"",0.96,1.02,1.02,1.02,1.05,1.03,1.01,1.02,"",-8,-0.4,1429,6.0,1593,6.6,1605,6.7,53596828,18.3,15024577,20.0,251533,25.5,104,11.1
"35027","0","10","70","0","2017","4","",815,6344,6260,6315,49945795,15222916,135577,609,"",1.00,1.00,1.00,1.00,1.00,1.00,1.00,1.00,"",6,0.7,14,0.2,-16,-0.3,6,0.1,1230145,2.5,221882,1.5,-83195,-38.0,15,2.5
"35027","1","10","71","0","2017","4","",21,76,73,71,951053,0,0,998,"",4.30,0.62,0.61,0.58,0.69,0.00,0.00,1.15,"",0,0.0,-8,-9.5,-10,-12.0,-4,-5.3,-10785,-1.1,0,0.0,0,0.0,81,8.8
"35027","2","10","71","0","2017","4","",24,207,210,206,2078034,0,0,770,"",4.20,1.02,1.05,1.02,1.27,0.00,0.00,1.24,"",0,0.0,11,5.6,14,7.1,11,5.6,166782,8.7,0,0.0,0,0.0,19,2.5
"35027","3","10","71","0","2017","4","",58,898,912,912,8909165,34808,376,755,"",4.19,1.43,1.47,1.46,2.07,0.12,0.53,1.43,"",0,0.0,-2,-0.2,11,1.2,28,3.2,331848,3.9,-15028,-30.2,-730,-66.0,18,2.4
"35027","5","10","71","0","2017","4","",712,5163,5065,5126,38007543,15188108,135201,571,"",0.90,0.96,0.95,0.96,0.89,1.03,1.00,0.93,"",6,0.8,13,0.3,-31,-0.6,-29,-0.6,742300,2.0,236910,1.6,-82465,-37.9,13,2.3
"35028","0","10","70","0","2017","4","",437,16157,16233,16285,318582521,20630616,141142,1510,"",1.00,1.00,1.00,1.00,1.00,1.00,1.00,1.00,"",-1,-0.2,399,2.5,434,2.7,357,2.2,14006288,4.6,905024,4.6,-99274,-41.3,30,2.0
"35028","1","10","71","0","2017","4","",11,237,230,225,4685299,0,0,1562,"",4.20,0.76,0.74,0.72,0.54,0.00,0.00,0.72,"",1,10.0,-6,-2.5,-3,-1.3,-2,-0.9,-352594,-7.0,0,0.0,0,0.0,-92,-5.6
"35028","2","10","71","0","2017","4","N",5,0,0,0,0,0,0,0,"N",1.63,0,0,0,0,0,0,0,"N",-1,-16.7,0,0,0,0,0,0,0,0,0,0,0,0,0,0
"35028","3","10","71","0","2017","4","N",20,0,0,0,0,0,0,0,"N",2.69,0,0,0,0,0,0,0,"N",0,0.0,0,0,0,0,0,0,0,0,0,0,0,0,0,0
"35028","5","10","71","0","2017","4","",401,14373,14414,14494,297865823,20617158,140399,1588,"",0.95,1.05,1.05,1.05,1.09,1.03,1.00,1.05,"",-1,-0.2,402,2.9,432,3.1,332,2.3,13626901,4.8,896741,4.5,-99719,-41.5,31,2.0
"35029","0","10","70","0","2017","4","",529,7911,7196,7023,63520398,17295491,300915,662,"",1.00,1.00,1.00,1.00,1.00,1.00,1.00,1.00,"",4,0.8,-414,-5.0,-319,-4.2,-178,-2.5,-1976676,-3.0,-1197445,-6.5,-127159,-29.7,6,0.9
"35029","1","10","71","0","2017","4","",9,404,398,401,10264506,0,0,1969,"",2.84,2.65,2.89,2.96,5.88,0.00,0.00,2.08,"",0,0.0,-16,-3.8,-21,-5.0,-12,-2.9,-32154,-0.3,0,0.0,0,0.0,71,3.7
"35029","2","10","71","0","2017","4","",24,273,271,271,3072239,0,0,870,"",6.47,1.08,1.18,1.21,1.48,0.00,0.00,1.29,"",0,0.0,-8,-2.8,-12,-4.2,-13,-4.6,8849,0.3,0,0.0,0,0.0,36,4.3
"35029","3","10","71","0","2017","4","",34,1363,1384,1365,10525486,1856,6,591,"",3.78,1.74,1.94,1.96,1.93,0.01,0.00,1.03,"",0,0.0,-18,-1.3,-50,-3.5,-30,-2.2,-405330,-3.7,580,45.5,2,50.0,-8,-1.3
"35029","5","10","71","0","2017","4","",462,5871,5143,4986,39658167,17293635,300909,572,"",0.90,0.87,0.84,0.84,0.73,1.03,1.01,0.86,"",4,0.9,-372,-6.0,-236,-4.4,-123,-2.4,-1548041,-3.8,-1198025,-6.5,-127161,-29.7,4,0.7
"35031","0","10","70","0","2017","4","",1268,20704,20879,20991,180131024,41867030,389184,664,"",1.00,1.00,1.00,1.00,1.00,1.00,1.00,1.00,"",-6,-0.5,-193,-0.9,31,0.1,-103,-0.5,5921074,3.4,-637445,-1.5,-223902,-36.5,24,3.8
"35031","1","10","71","0","2017","4","",35,2506,2489,2514,43431274,0,0,1335,"",4.60,6.29,6.23,6.22,8.77,0.00,0.00,1.41,"",0,0.0,-5,-0.2,-10,-0.4,0,0.0,1672881,4.0,0,0.0,0,0.0,54,4.2
"35031","2","10","71","0","2017","4","",26,499,504,502,5246084,0,0,804,"",2.93,0.75,0.75,0.75,0.89,0.00,0.00,1.19,"",0,0.0,-24,-4.6,-18,-3.4,-16,-3.1,-133329,-2.5,0,0.0,0,0.0,10,1.3
"35031","3","10","71","0","2017","4","",83,4138,4169,4186,37591151,3262716,42305,694,"",3.85,2.02,2.01,2.02,2.43,3.94,20.65,1.20,"",0,0.0,-39,-0.9,-44,-1.0,-21,-0.5,1381078,3.8,666,0.0,-5947,-12.3,31,4.7
"35031","5","10","71","0","2017","4","",1124,13561,13717,13789,93862515,38604314,346879,527,"",0.91,0.77,0.77,0.77,0.61,0.95,0.90,0.79,"",-6,-0.5,-125,-0.9,103,0.8,-66,-0.5,3000444,3.3,-638111,-1.6,-217955,-38.6,18,3.5
"35033","0","10","70","0","2017","4","",130,700,677,690,5435027,1486186,18821,607,"",1.00,1.00,1.00,1.00,1.00,1.00,1.00,1.00,"",-1,-0.8,-24,-3.3,6,0.9,-8,-1.1,131472,2.5,35302,2.4,-11819,-38.6,22,3.8
"35033","1","10","71","0","2017","4","",13,43,31,33,376974,0,0,813,"",16.67,3.19,2.39,2.48,2.52,0.00,0.00,0.94,"",0,0.0,-2,-4.4,0,0.0,1,3.1,19579,5.5,0,0.0,0,0.0,49,6.4
"35033","2","10","71","0","2017","4","",5,32,31,32,282451,0,0,686,"",5.49,1.42,1.43,1.45,1.59,0.00,0.00,1.11,"",0,0.0,0,0.0,0,0.0,2,6.7,-28,0.0,0,0.0,0,0.0,-15,-2.1
"35033","3","10","71","0","2017","4","",12,225,224,222,1650554,189091,1780,568,"",5.43,3.24,3.33,3.25,3.53,6.43,17.97,1.08,"",0,0.0,2,0.9,7,3.2,-1,-0.4,-508,0.0,-5145,-2.6,-3328,-65.2,-7,-1.2
"35033","5","10","71","0","2017","4","",100,400,391,403,3125048,1297095,17041,604,"",0.79,0.67,0.68,0.69,0.67,0.90,0.91,0.99,"",-1,-1.0,-24,-5.7,-1,-0.3,-10,-2.4,112429,3.7,40447,3.2,-8491,-33.3,38,6.7
"35035","0","10","70","0","2017","4","",1147,17300,17276,17359,162244909,29523664,296760,721,"",1.00,1.00,1.00,1.00,1.00,1.00,1.00,1.00,"",-12,-1.0,-437,-2.5,-430,-2.4,-386,-2.2,3476635,2.2,-552965,-1.8,-182874,-38.1,32,4.6
"35035","1","10","71","0","2017","4","",46,1678,1674,1663,24736378,0,0,1138,"",6.69,5.04,5.06,4.97,5.55,0.00,0.00,1.10,"",-1,-2.1,-45,-2.6,-47,-2.7,-56,-3.3,118988,0.5,0,0.0,0,0.0,38,3.5
"35035","2","10","71","0","2017","4","",28,658,655,650,6381281,0,0,750,"",3.48,1.18,1.18,1.17,1.20,0.00,0.00,1.02,"",0,0.0,-6,-0.9,-11,-1.7,-17,-2.5,-42994,-0.7,0,0.0,0,0.0,8,1.1
"35035","3","10","71","0","2017","4","",63,3712,3700,3786,31087782,734744,12797,641,"",3.23,2.17,2.16,2.20,2.23,1.26,8.19,1.02,"",0,0.0,-136,-3.5,-71,-1.9,-64,-1.7,3130,0.0,-293383,-28.5,-12280,-49.0,16,2.6
"35035","5","10","71","0","2017","4","",1010,11252,11247,11260,100039468,28788920,283963,684,"",0.91,0.77,0.77,0.76,0.72,1.01,0.96,0.94,"",-11,-1.1,-250,-2.2,-301,-2.6,-249,-2.2,3397511,3.5,-259582,-0.9,-170594,-37.5,39,6.0
"35037","0","10","70","0","2017","4","",326,2596,2609,2609,20391173,4949953,56376,602,"",1.00,1.00,1.00,1.00,1.00,1.00,1.00,1.00,"",12,3.8,72,2.9,113,4.5,94,3.7,623069,3.2,329836,7.1,-30004,-34.7,-3,-0.5
"35037","1","10","71","0","2017","4","",9,33,28,28,315333,0,0,818,"",4.60,0.66,0.56,0.56,0.56,0.00,0.00,0.95,"",0,0.0,3,10.0,2,7.7,-2,-6.7,17269,5.8,0,0.0,0,0.0,18,2.2
"35037","2","10","71","0","2017","4","",23,253,250,248,2149782,0,0,661,"",10.07,3.04,2.99,2.98,3.23,0.00,0.00,1.08,"",1,4.5,15,6.3,15,6.4,8,3.3,31727,1.5,0,0.0,0,0.0,-25,-3.6
"35037","3","10","71","0","2017","4","",48,522,517,519,4497551,15496,51,666,"",8.66,2.03,2.00,2.01,2.57,0.16,0.17,1.28,"",0,0.0,-3,-0.6,-1,-0.2,2,0.4,89900,2.0,761,5.2,3,6.2,14,2.1
"35037","5","10","71","0","2017","4","",246,1788,1814,1814,13428507,4934457,56325,572,"",0.78,0.81,0.82,0.82,0.77,1.03,1.01,0.95,"",11,4.7,57,3.3,97,5.6,86,5.0,484173,3.7,329075,7.1,-30007,-34.8,-5,-0.9
"35039","0","10","70","0","2017","4","",813,10006,9924,9861,84198853,22092571,267647,652,"",1.00,1.00,1.00,1.00,1.00,1.00,1.00,1.00,"",43,5.6,205,2.1,215,2.2,131,1.3,4657382,5.9,2373351,12.0,-93876,-26.0,24,3.8
"35039","1","10","71","0","2017","4","",38,269,257,254,3915362,0,0,1158,"",7.79,1.40,1.35,1.34,1.69,0.00,0.00,1.24,"",-1,-2.6,-18,-6.3,-18,-6.5,-22,-8.0,31904,0.8,0,0.0,0,0.0,89,8.3
"35039","2","10","71","0","2017","4","",31,532,539,529,4680484,91128,640,675,"",5.44,1.66,1.70,1.68,1.70,0.32,1.81,1.02,"",-1,-3.1,-7,-1.3,0,0.0,-11,-2.0,-54649,-1.2,58990,183.6,268,72.0,0,0.0
"35039","3","10","71","0","2017","4","",66,3620,3621,3645,27938484,5193130,35027,592,"",4.78,3.65,3.67,3.74,3.86,11.87,24.87,1.05,"",1,1.5,54,1.5,14,0.4,-1,0.0,-311560,-1.1,253923,5.1,-43717,-55.5,-11,-1.8
"35039","5","10","71","0","2017","4","",678,5585,5507,5433,47664523,16808313,231980,666,"",0.86,0.66,0.65,0.65,0.66,0.79,0.87,1.02,"",44,6.9,176,3.3,219,4.1,165,3.1,4991687,11.7,2060438,14.0,-50427,-17.9,49,7.9
"35041","0","10","70","0","2017","4","",427,5905,5905,5922,51189283,12409141,96936,666,"",1.00,1.00,1.00,1.00,1.00,1.00,1.00,1.00,"",0,0.0,-38,-0.6,17,0.3,1,0.0,54196,0.1,263190,2.2,-37647,-28.0,1,0.2
"35041","1","10","71","0","2017","4","",11,37,44,36,449420,0,0,886,"",4.30,0.33,0.39,0.32,0.32,0.00,0.00,0.93,"",-1,-8.3,-3,-7.5,1,2.3,-7,-16.3,8978,2.0,0,0.0,0,0.0,79,9.8
"35041","2","10","71","0","2017","4","",14,672,680,693,7004139,0,0,790,"",4.68,3.55,3.59,3.67,4.19,0.00,0.00,1.16,"",0,0.0,10,1.5,21,3.2,25,3.7,-939086,-11.8,0,0.0,0,0.0,-132,-14.3
"35041","3","10","71","0","2017","4","",37,1055,1063,1074,11059581,8967,30,800,"",5.10,1.80,1.81,1.83,2.51,0.04,0.06,1.38,"",0,0.0,-8,-0.8,3,0.3,10,0.9,-22597,-0.2,3343,59.4,11,57.9,-2,-0.2
"35041","5","10","71","0","2017","4","",365,4141,4118,4119,32676143,12400174,96906,609,"",0.88,0.83,0.82,0.82,0.75,1.03,1.01,0.91,"",1,0.3,-37,-0.9,-8,-0.2,-27,-0.7,1006901,3.2,259847,2.1,-37658,-28.0,22,3.7
"35043","0","10","70","0","2017","4","",2253,30719,30544,30296,305321724,70799149,836546,770,"",1.00,1.00,1.00,1.00,1.00,1.00,1.00,1.00,"",-5,-0.2,1495,5.1,1026,3.5,1426,4.9,14657868,5.0,6322978,9.8,-434085,-34.2,4,0.5
"35043","1","10","71","0","2017","4","",26,371,352,349,5395702,0,0,1162,"",1.92,0.63,0.60,0.60,0.64,0.00,0.00,1.06,"",0,0.0,-6,-1.6,-16,-4.3,-11,-3.1,137763,2.6,0,0.0,0,0.0,64,5.8
"35043","2","10","71","0","2017","4","",27,339,333,333,3460752,0,0,795,"",1.71,0.34,0.34,0.34,0.35,0.00,0.00,1.01,"",0,0.0,-1,-0.3,-5,-1.5,-1,-0.3,27693,0.8,-165,-100.0,-1,-100.0,12,1.5
"35043","3","10","71","0","2017","4","",89,7056,7099,7038,65481779,6152614,67019,713,"",2.32,2.32,2.34,2.35,2.49,4.39,15.22,1.07,"",2,2.3,38,0.5,-292,-4.0,127,1.8,1998220,3.1,475999,8.4,-65544,-49.4,26,3.8
"35043","5","10","71","0","2017","4","",2111,22953,22760,22576,230983491,64646535,769527,781,"",0.97,0.88,0.88,0.88,0.89,0.94,0.93,1.01,"",-7,-0.3,1464,6.8,1339,6.3,1311,6.2,12494192,5.7,5847144,9.9,-368540,-32.4,-5,-0.6
"35045","0","10","70","0","2017","4","",2913,48540,47856,47882,546810227,111715770,2101926,875,"",1.00,1.00,1.00,1.00,1.00,1.00,1.00,1.00,"",-30,-1.0,1096,2.3,661,1.4,592,1.3,29355728,5.7,16647998,17.5,418581,24.9,34,4.0
"35045","1","10","71","0","2017","4","",43,1510,1509,1511,27185861,0,0,1385,"",2.46,1.62,1.65,1.64,1.81,0.00,0.00,1.11,"",0,0.0,14,0.9,13,0.9,-4,-0.3,1433838,5.6,0,0.0,0,0.0,66,5.0
"35045","2","10","71","0","2017","4","",32,440,435,431,4757492,0,0,841,"",1.57,0.28,0.28,0.28,0.27,0.00,0.00,0.94,"",1,3.2,2,0.5,-1,-0.2,-8,-1.8,108917,2.3,0,0.0,0,0.0,24,2.9
"35045","3","10","71","0","2017","4","",124,9182,9207,9179,85908328,7311411,164751,719,"",2.50,1.91,1.94,1.94,1.83,3.31,14.89,0.95,"",1,0.8,-314,-3.3,-220,-2.3,-193,-2.1,446878,0.5,132462,1.8,-127696,-43.7,22,3.2
"35045","5","10","71","0","2017","4","",2714,37408,36705,36761,428958546,104404359,1937175,893,"",0.96,0.91,0.90,0.90,0.92,0.97,0.93,1.02,"",-32,-1.2,1394,3.9,869,2.4,797,2.2,27366095,6.8,16515536,18.8,546277,39.3,33,3.8
"35047","0","10","70","0","2017","4","",779,8228,8244,8159,62741772,15023197,165506,588,"",1.00,1.00,1.00,1.00,1.00,1.00,1.00,1.00,"",34,4.6,-32,-0.4,75,0.9,-21,-0.3,1483129,2.4,71903,0.5,-103383,-38.4,14,2.4
"35047","1","10","71","0","2017","4","",23,125,114,111,1667494,0,0,1099,"",4.92,0.79,0.72,0.71,0.97,0.00,0.00,1.31,"",0,0.0,-2,-1.6,-8,-6.6,-17,-13.3,61946,3.9,0,0.0,0,0.0,116,11.8
"35047","2","10","71","0","2017","4","",72,1756,1768,1756,18764666,23606,191,820,"",13.19,6.65,6.70,6.75,9.16,0.12,0.88,1.37,"",0,0.0,-57,-3.1,-36,-2.0,-38,-2.1,196417,1.1,6200,35.6,99,107.6,28,3.5
"35047","3","10","71","0","2017","4","",58,1303,1293,1274,10248637,852550,4146,611,"",4.38,1.60,1.58,1.58,1.90,2.87,4.76,1.20,"",-2,-3.3,19,1.5,-29,-2.2,-24,-1.8,44517,0.4,18662,2.2,401,10.7,8,1.3
"35047","5","10","71","0","2017","4","",626,5044,5069,5018,32060975,14147041,161169,489,"",0.83,0.72,0.72,0.72,0.60,0.97,0.98,0.83,"",36,6.1,8,0.2,148,3.0,58,1.2,1180249,3.8,47041,0.3,-103883,-39.2,11,2.3
"35049","0","10","70","0","2017","4","",5623,61071,61060,61271,742504488,133819381,1292159,934,"",1.00,1.00,1.00,1.00,1.00,1.00,1.00,1.00,"",46,0.8,-364,-0.6,-170,-0.3,-147,-0.2,2226226,0.3,1182796,0.9,-712207,-35.5,6,0.6
"35049","1","10","71","0","2017","4","",31,983,957,946,16151350,0,0,1291,"",0.92,0.84,0.82,0.80,0.79,0.00,0.00,0.97,"",-1,-3.1,26,2.7,-3,-0.3,-28,-2.9,73928,0.5,0,0.0,0,0.0,8,0.6
"35049","2","10","71","0","2017","4","",171,7332,7372,7396,95939761,22079,516,1002,"",4.34,3.74,3.77,3.79,3.96,0.01,0.30,1.05,"",0,0.0,-251,-3.3,-177,-2.3,-224,-2.9,-1269254,-1.3,18344,491.1,492,2050.0,16,1.6
"35049","3","10","71","0","2017","4","",117,7011,7042,7059,72038190,2097729,33332,787,"",1.22,1.16,1.16,1.16,1.13,0.79,4.90,0.97,"",0,0.0,-153,-2.1,-110,-1.5,-73,-1.0,-2562380,-3.4,-763950,-26.7,-32629,-49.5,-16,-2.0
"35049","5","10","71","0","2017","4","",5304,45745,45689,45870,558375187,131699573,1258311,938,"",0.97,0.88,0.88,0.88,0.88,1.02,0.98,1.00,"",47,0.9,14,0.0,120,0.3,178,0.4,5983932,1.1,1928402,1.5,-680070,-35.1,7,0.8
"35051","0","10","70","0","2017","4","",335,3545,3461,3386,26551979,8211665,170200,590,"",1.00,1.00,1.00,1.00,1.00,1.00,1.00,1.00,"",1,0.3,69,2.0,-13,-0.4,-13,-0.4,309938,1.2,65745,0.8,-35577,-17.3,5,0.9
"35051","1","10","71","0","2017","4","",17,73,75,77,1131405,0,0,1160,"",8.46,1.07,1.13,1.18,1.55,0.00,0.00,1.37,"",0,0.0,-7,-8.8,-11,-12.8,-5,-6.1,-71186,-5.9,0,0.0,0,0.0,41,3.7
"35051","2","10","71","0","2017","4","",18,296,293,304,3152674,0,0,815,"",7.67,2.60,2.64,2.82,3.64,0.00,0.00,1.35,"",-4,-18.2,5,1.7,4,1.4,-2,-0.7,105899,3.5,0,0.0,0,0.0,21,2.6
"35051","3","10","71","0","2017","4","",39,510,521,514,4191782,336399,3376,626,"",6.85,1.45,1.52,1.53,1.84,2.07,3.77,1.22,"",0,0.0,-5,-1.0,-21,-3.9,10,2.0,-150797,-3.5,-45282,-11.9,-4702,-58.2,-16,-2.5
"35051","5","10","71","0","2017","4","",261,2666,2572,2491,18076118,7875266,166824,540,"",0.80,0.89,0.87,0.87,0.80,0.99,0.99,0.91,"",5,2.0,76,2.9,15,0.6,-16,-0.6,426022,2.4,111027,1.4,-30875,-15.6,8,1.5
"35053","0","10","70","0","2017","4","",358,5303,5278,5232,49055182,9385897,91785,716,"",1.00,1.00,1.00,1.00,1.00,1.00,1.00,1.00,"",5,1.4,-55,-1.0,-72,-1.3,-111,-2.1,502846,1.0,354785,3.9,-50019,-35.3,18,2.6
"35053","1","10","71","0","2017","4","",21,161,155,158,2213254,0,0,1078,"",9.78,1.58,1.53,1.57,1.64,0.00,0.00,1.05,"",0,0.0,-10,-5.8,-13,-7.7,-10,-6.0,-66493,-2.9,0,0.0,0,0.0,40,3.9
"35053","2","10","71","0","2017","4","",25,939,943,912,13070375,0,0,1080,"",9.97,5.52,5.58,5.47,8.16,0.00,0.00,1.48,"",0,0.0,-30,-3.1,-30,-3.1,-57,-5.9,127090,1.0,0,0.0,0,0.0,54,5.3
"35053","3","10","71","0","2017","4","",40,998,1005,997,7824961,1078922,6311,602,"",6.57,1.90,1.92,1.93,1.86,5.81,13.06,0.97,"",0,0.0,-19,-1.9,-31,-3.0,-22,-2.2,-230630,-2.9,-18027,-1.6,-4646,-42.4,-3,-0.5
"35053","5","10","71","0","2017","4","",272,3205,3175,3165,25946592,8306975,85474,627,"",0.78,0.71,0.71,0.71,0.62,0.91,0.94,0.87,"",5,1.9,4,0.1,2,0.1,-22,-0.7,672879,2.7,372812,4.7,-45373,-34.7,17,2.8
"35055","0","10","70","0","2017","4","",1285,10573,10848,11217,88531877,27057069,440975,626,"",1.00,1.00,1.00,1.00,1.00,1.00,1.00,1.00,"",-1,-0.1,214,2.1,220,2.1,-18,-0.2,4030930,4.8,1157837,4.5,-165938,-27.3,21,3.5
"35055","1","10","71","0","2017","4","",29,248,235,229,3560167,0,0,1154,"",3.76,1.22,1.13,1.06,1.46,0.00,0.00,1.29,"",0,0.0,-23,-8.5,-21,-8.2,-16,-6.5,-50590,-1.4,0,0.0,0,0.0,75,7.0
"35055","2","10","71","0","2017","4","",24,285,290,288,2746468,0,0,734,"",2.67,0.84,0.83,0.81,0.95,0.00,0.00,1.15,"",0,0.0,-3,-1.0,-1,-0.3,-2,-0.7,15095,0.6,0,0.0,0,0.0,9,1.2
"35055","3","10","71","0","2017","4","",60,1488,1501,1488,12119742,969788,17933,625,"",2.75,1.42,1.39,1.34,1.59,1.81,7.73,1.15,"",-1,-1.6,-22,-1.5,-7,-0.5,-43,-2.8,-72634,-0.6,-87241,-8.3,-27347,-60.4,6,1.0
"35055","5","10","71","0","2017","4","",1172,8552,8822,9212,70105500,26087281,423042,609,"",0.94,0.95,0.96,0.97,0.93,1.00,0.97,0.97,"",0,0.0,262,3.2,249,2.9,43,0.5,4139059,6.3,1245078,5.0,-138591,-24.7,24,4.1
"35057","0","10","70","0","2017","4","",324,3621,3164,3160,28740516,6416382,61094,667,"",1.00,1.00,1.00,1.00,1.00,1.00,1.00,1.00,"",1,0.3,95,2.7,36,1.2,-8,-0.3,1314732,4.8,441669,7.4,-31016,-33.7,23,3.6
"35057","1","10","71","0","2017","4","",12,55,51,54,666097,0,0,961,"",6.18,0.79,0.84,0.89,0.84,0.00,0.00,1.01,"",0,0.0,-1,-1.8,-6,-10.5,-8,-12.9,-54125,-7.5,0,0.0,0,0.0,11,1.2
"35057","2","10","71","0","2017","4","",18,89,89,90,842583,0,0,726,"",7.93,0.77,0.88,0.89,0.90,0.00,0.00,1.07,"",0,0.0,-7,-7.3,-8,-8.2,-6,-6.2,-76097,-8.3,0,0.0,0,0.0,-8,-1.1
"35057","3","10","71","0","2017","4","",38,881,873,881,7018570,34404,998,615,"",6.90,2.46,2.78,2.82,2.84,0.27,3.10,1.06,"",-2,-5.0,-11,-1.2,5,0.6,-8,-0.9,12042,0.2,3741,12.2,50,5.3,5,0.8
"35057","5","10","71","0","2017","4","",256,2596,2151,2135,20213266,6381978,60096,678,"",0.81,0.84,0.80,0.79,0.82,1.03,0.99,1.01,"",3,1.2,114,4.6,45,2.1,14,0.7,1432912,7.6,437928,7.4,-31066,-34.1,32,5.0
"35059","0","10","70","0","2017","4","",189,1387,1391,1379,11810295,2489822,16356,656,"",1.00,1.00,1.00,1.00,1.00,1.00,1.00,1.00,"",8,4.4,6,0.4,61,4.6,39,2.9,851967,7.8,14157,0.6,-6496,-28.4,32,5.1
"35059","1","10","71","0","2017","4","",12,40,43,41,478528,0,0,891,"",10.59,1.50,1.62,1.54,1.47,0.00,0.00,0.95,"",0,0.0,0,0.0,3,7.5,0,0.0,31468,7.0,0,0.0,0,0.0,38,4.5
"35059","2","10","71","0","2017","4","",12,37,36,37,351253,4287,14,737,"",9.06,0.83,0.81,0.84,0.91,0.14,0.65,1.10,"",0,0.0,-1,-2.6,-1,-2.7,0,0.0,978,0.3,1012,30.9,3,27.3,15,2.1
"35059","3","10","71","0","2017","4","",26,237,239,243,1928188,13712,45,619,"",8.09,1.72,1.73,1.78,1.90,0.28,0.52,1.09,"",0,0.0,7,3.0,10,4.4,11,4.7,110561,6.1,3377,32.7,11,32.4,12,2.0
"35059","5","10","71","0","2017","4","",139,1073,1073,1058,9052326,2471823,16297,652,"",0.76,0.91,0.91,0.90,0.90,1.03,1.00,0.99,"",8,6.1,0,0.0,49,4.8,28,2.7,708960,8.5,9768,0.4,-6510,-28.5,36,5.8
"35061","0","10","70","0","2017","4","",1255,14634,14621,14774,126358623,38069698,461865,662,"",1.00,1.00,1.00,1.00,1.00,1.00,1.00,1.00,"",49,4.1,843,6.1,884,6.4,945,6.8,15630088,14.1,5840759,18.1,-29195,-5.9,44,7.1
"35061","1","10","71","0","2017","4","",13,100,96,93,1206478,0,0,963,"",1.73,0.36,0.34,0.33,0.35,0.00,0.00,1.02,"",0,0.0,10,11.1,1,1.1,-6,-6.1,-26684,-2.2,0,0.0,0,0.0,-39,-3.9
"35061","2","10","71","0","2017","4","",79,1096,1090,1081,12101449,8809,248,855,"",8.98,2.33,2.33,2.29,2.93,0.02,0.41,1.27,"",0,0.0,-20,-1.8,-22,-2.0,-26,-2.3,114950,1.0,-13473,-60.5,-474,-65.7,26,3.1
"35061","3","10","71","0","2017","4","",95,2710,2704,2719,23964319,509229,1856,680,"",4.45,1.87,1.86,1.86,2.21,0.68,0.76,1.18,"",-1,-1.0,-20,-0.7,-25,-0.9,-30,-1.1,150348,0.6,-414,-0.1,-1179,-38.8,10,1.5
"35061","5","10","71","0","2017","4","",1068,10728,10731,10881,89086377,37551660,459761,636,"",0.88,0.86,0.86,0.87,0.83,1.02,1.00,0.96,"",50,4.9,873,8.9,930,9.5,1007,10.2,15391474,20.9,5854646,18.5,-27542,-5.7,60,10.4
"35999","0","10","70","0","2017","4","",5253,20958,21224,21034,292298546,89537781,1936898,1067,"",1.00,1.00,1.00,1.00,1.00,1.00,1.00,1.00,"",-88,-1.6,-566,-2.6,31,0.1,-121,-0.6,-2639722,-0.9,5401166,6.4,-474003,-19.7,1,0.1
"35999","1","10","71","0","2017","4","",38,197,192,194,4091070,0,0,1619,"",1.21,0.49,0.47,0.48,0.51,0.00,0.00,1.06,"",0,0.0,20,11.3,23,13.6,23,13.5,729344,21.7,0,0.0,0,0.0,118,7.9
"35999","2","10","71","0","2017","4","N",2,0,0,0,0,0,0,0,"N",0.05,0,0,0,0,0,0,0,"N",-1,-33.3,0,0,0,0,0,0,0,0,0,0,0,0,0,0
"35999","3","10","71","0","2017","4","N",4,0,0,0,0,0,0,0,"N",0.04,0,0,0,0,0,0,0,"N",1,33.3,0,0,0,0,0,0,0,0,0,0,0,0,0,0
"35999","5","10","71","0","2017","4","",5209,20637,20907,20720,286897473,89378532,1935031,1063,"",1.02,1.16,1.16,1.16,1.15,1.03,1.01,0.99,"",-88,-1.7,-648,-3.0,-55,-0.3,-202,-1.0,-4201692,-1.4,5268029,6.3,-475784,-19.7,0,0.0
"36000","0","10","50","0","2017","4","",643891,9419611,9460252,9467669,175843272174,8598548208,267758192,1431,"",1.00,1.00,1.00,1.00,1.00,1.00,1.00,1.00,"",3560,0.6,126453,1.4,131416,1.4,131385,1.4,13260676167,8.2,424947158,5.2,-25656923,-8.7,89,6.6
"36000","1","10","51","0","2017","4","",2638,115224,115285,116677,2315826762,0,0,1539,"",0.68,0.64,0.64,0.64,0.48,0.00,0.00,0.75,"",-11,-0.4,-1019,-0.9,-1339,-1.1,-2332,-2.0,56649845,2.5,0,0.0,0,0.0,57,3.8
"36000","2","10","51","0","2017","4","",3538,227610,227222,227551,4193604694,998746,58883,1418,"",0.78,0.75,0.75,0.75,0.73,0.01,0.17,0.97,"",119,3.5,2757,1.2,2541,1.1,2537,1.1,621436296,17.4,119297,13.6,2789,5.0,196,16.0
"36000","3","10","51","0","2017","4","",8342,1070963,1078064,1077379,16369932832,7674723,194747,1171,"",0.76,1.15,1.15,1.15,1.08,0.05,0.14,0.94,"",6,0.1,1864,0.2,2415,0.2,316,0.0,336035599,2.1,-164909,-2.1,-50839,-20.7,23,2.0
"36000","5","10","51","0","2017","4","",629373,8005814,8039681,8046062,152963907886,8589874739,267504562,1465,"",1.01,1.00,1.00,1.00,1.02,1.03,1.01,1.02,"",3446,0.6,122851,1.6,127799,1.6,130864,1.7,12246554427,8.7,424992770,5.2,-25608873,-8.7,95,6.9
"36000","8","10","96","0","2017","4","",14518,1413797,1420571,1421607,22879364288,8673469,253630,1241,"",0.75,1.00,1.00,1.00,0.89,0.03,0.14,0.89,"",114,0.8,3602,0.3,3617,0.3,521,0.0,1014121740,4.6,-45612,-0.5,-48050,-15.9,53,4.5
"36001","0","10","70","0","2017","4","",10367,237627,237416,237129,3506481978,161341871,4909161,1136,"",1.00,1.00,1.00,1.00,1.00,1.00,1.00,1.00,"",55,0.5,722,0.3,878,0.4,69,0.0,139269308,4.1,7500615,4.9,-535849,-9.8,42,3.8
"36001","1","10","71","0","2017","4","",85,5077,5059,5134,99661920,0,0,1506,"",1.37,1.11,1.11,1.12,1.03,0.00,0.00,0.93,"",0,0.0,84,1.7,45,0.9,94,1.9,3792780,4.0,0,0.0,0,0.0,36,2.4
"36001","2","10","71","0","2017","4","",201,41347,40973,41167,772689867,0,0,1444,"",2.77,5.42,5.39,5.44,6.75,0.00,0.00,1.25,"",5,2.6,-800,-1.9,-1100,-2.6,-977,-2.3,48355101,6.7,0,0.0,0,0.0,121,9.1
"36001","3","10","71","0","2017","4","",150,15290,15403,15372,206612788,78987,1469,1035,"",0.85,0.65,0.65,0.66,0.69,0.02,0.06,1.05,"",0,0.0,22,0.1,82,0.5,-123,-0.8,9346512,4.7,20063,34.0,105,7.7,47,4.8
"36001","5","10","71","0","2017","4","",9931,175913,175981,175456,2427517403,161262884,4907692,1062,"",0.99,0.87,0.87,0.87,0.81,1.03,1.01,0.93,"",50,0.5,1416,0.8,1851,1.1,1075,0.6,77774915,3.3,7480552,4.9,-535954,-9.8,25,2.4
"36003","0","10","70","0","2017","4","",946,13834,13705,13611,140304114,9368728,331179,787,"",1.00,1.00,1.00,1.00,1.00,1.00,1.00,1.00,"",4,0.4,-99,-0.7,33,0.2,94,0.7,6313696,4.7,870233,10.2,24455,8.0,35,4.7
"36003","1","10","71","0","2017","4","",27,112,112,114,1393268,0,0,951,"",4.76,0.42,0.43,0.43,0.36,0.00,0.00,0.84,"",-2,-6.9,-7,-5.9,-2,-1.8,-4,-3.4,46693,3.5,0,0.0,0,0.0,66,7.5
"36003","2","10","71","0","2017","4","",17,787,792,788,12679632,0,0,1236,"",2.56,1.77,1.80,1.82,2.77,0.00,0.00,1.54,"",1,6.2,9,1.2,15,1.9,23,3.0,2200155,21.0,0,0.0,0,0.0,194,18.6
"36003","3","10","71","0","2017","4","",78,3236,3268,3275,34721961,96043,3042,819,"",4.85,2.36,2.40,2.43,2.88,0.52,1.75,1.20,"",0,0.0,54,1.7,109,3.5,51,1.6,1072848,3.2,-28211,-22.7,531,21.1,7,0.9
"36003","5","10","71","0","2017","4","",824,9699,9533,9434,91509253,9272685,328137,737,"",0.90,0.83,0.82,0.82,0.76,1.02,1.00,0.93,"",5,0.6,-155,-1.6,-89,-0.9,24,0.3,2994000,3.4,898444,10.7,23924,7.9,30,4.2
"36005","0","10","70","0","2017","4","",18746,306073,306279,306905,4104109958,227461804,7052544,1030,"",1.00,1.00,1.00,1.00,1.00,1.00,1.00,1.00,"",120,0.6,5358,1.8,3690,1.2,4367,1.4,150549870,3.8,8380145,3.8,-625801,-8.2,23,2.3
"36005","1","10","71","0","2017","4","",66,4021,3999,4031,86438957,0,0,1655,"",0.59,0.68,0.68,0.68,0.77,0.00,0.00,1.12,"",-1,-1.5,9,0.2,-30,-0.7,-71,-1.7,3458821,4.2,0,0.0,0,0.0,78,4.9
"36005","2","10","71","0","2017","4","",49,3791,3796,3786,73954124,0,0,1501,"",0.37,0.39,0.39,0.39,0.55,0.00,0.00,1.43,"",1,2.1,120,3.3,127,3.5,143,3.9,1800394,2.5,0,0.0,0,0.0,-15,-1.0
"36005","3","10","71","0","2017","4","",488,53955,53946,53930,836075128,0,0,1192,"",1.53,1.78,1.77,1.78,2.37,0.00,0.00,1.33,"",0,0.0,-201,-0.4,-513,-0.9,-471,-0.9,15987294,1.9,-5250,-100.0,-326,-100.0,31,2.7
"36005","5","10","71","0","2017","4","",18143,244306,244538,245158,3107641749,227461804,7052544,977,"",1.00,0.94,0.94,0.94,0.89,1.03,1.01,0.94,"",120,0.7,5430,2.3,4106,1.7,4766,2.0,129303361,4.3,8385395,3.8,-625475,-8.1,22,2.3
"36007","0","10","70","0","2017","4","",4478,87388,87326,87148,968109923,63001635,1883465,853,"",1.00,1.00,1.00,1.00,1.00,1.00,1.00,1.00,"",-58,-1.3,-1088,-1.2,-1263,-1.4,-904,-1.0,50024828,5.4,1634047,2.7,-220272,-10.5,54,6.8
"36007","1","10","71","0","2017","4","",43,520,517,527,8931441,0,0,1318,"",1.60,0.31,0.31,0.31,0.34,0.00,0.00,1.08,"",0,0.0,-10,-1.9,-4,-0.8,1,0.2,384583,4.5,0,0.0,0,0.0,67,5.4
"36007","2","10","71","0","2017","4","",58,5852,5871,5860,98911842,0,0,1298,"",1.85,2.09,2.10,2.11,3.13,0.00,0.00,1.49,"",2,3.6,-840,-12.6,-922,-13.6,-916,-13.5,17625969,21.7,0,0.0,0,0.0,372,40.2
"36007","3","10","71","0","2017","4","",99,12060,12147,12260,119344129,30107,782,755,"",1.30,1.39,1.40,1.42,1.43,0.02,0.08,1.02,"",0,0.0,130,1.1,155,1.3,228,1.9,1949357,1.7,-19822,-39.7,-338,-30.2,2,0.3
"36007","5","10","71","0","2017","4","",4278,68956,68791,68501,740922511,62971528,1882683,829,"",0.98,0.93,0.93,0.92,0.90,1.03,1.01,0.97,"",-60,-1.4,-368,-0.5,-492,-0.7,-217,-0.3,30064919,4.2,1653869,2.7,-219934,-10.5,38,4.8
"36009","0","10","70","0","2017","4","",1802,29651,29590,29929,305986992,18215231,540846,792,"",1.00,1.00,1.00,1.00,1.00,1.00,1.00,1.00,"",-4,-0.2,-350,-1.2,-305,-1.0,-35,-0.1,10088673,3.4,590227,3.3,-88454,-14.1,32,4.2
"36009","1","10","71","0","2017","4","",43,265,267,266,4390397,0,0,1270,"",3.98,0.46,0.47,0.46,0.52,0.00,0.00,1.12,"",0,0.0,9,3.5,10,3.9,14,5.6,426420,10.8,0,0.0,0,0.0,74,6.2
"36009","2","10","71","0","2017","4","",47,1074,1070,1061,13861784,0,0,998,"",3.72,1.13,1.13,1.11,1.39,0.00,0.00,1.24,"",2,4.4,9,0.8,16,1.5,1,0.1,1320020,10.5,0,0.0,0,0.0,88,9.7
"36009","3","10","71","0","2017","4","",111,8503,8575,8598,90505856,1074813,58899,813,"",3.62,2.89,2.92,2.90,3.44,2.98,20.69,1.18,"",-2,-1.8,69,0.8,57,0.7,47,0.5,1775676,2.0,-253915,-19.1,-26040,-30.7,10,1.2
"36009","5","10","71","0","2017","4","",1601,19809,19678,20004,197228955,17140418,481947,765,"",0.92,0.79,0.78,0.79,0.75,0.97,0.90,0.96,"",-4,-0.2,-437,-2.2,-388,-1.9,-97,-0.5,6566557,3.4,844142,5.2,-62414,-11.5,37,5.1
"36011","0","10","70","0","2017","4","",1748,25759,25560,25517,283692766,19702248,577076,852,"",1.00,1.00,1.00,1.00,1.00,1.00,1.00,1.00,"",-39,-2.2,-417,-1.6,-484,-1.9,-420,-1.6,-2575310,-0.9,769903,4.1,-98802,-14.6,7,0.8
"36011","1","10","71","0","2017","4","",23,148,146,148,2000185,0,0,1044,"",2.19,0.30,0.30,0.30,0.26,0.00,0.00,0.86,"",0,0.0,2,1.4,5,3.5,5,3.5,2025,0.1,0,0.0,0,0.0,-28,-2.6
"36011","2","10","71","0","2017","4","",30,1583,1593,1571,26436245,0,0,1285,"",2.45,1.91,1.95,1.93,2.85,0.00,0.00,1.48,"",2,7.1,15,1.0,27,1.7,25,1.6,-265427,-1.0,0,0.0,0,0.0,-32,-2.4
"36011","3","10","71","0","2017","4","",69,4184,4246,4348,46279554,102264,1329,836,"",2.32,1.64,1.67,1.72,1.90,0.26,0.44,1.13,"",0,0.0,35,0.8,8,0.2,23,0.5,-192271,-0.4,32736,47.1,147,12.4,-8,-0.9
"36011","5","10","71","0","2017","4","",1626,19844,19575,19450,208976782,19599984,575747,819,"",0.96,0.91,0.90,0.90,0.86,1.03,1.00,0.96,"",-41,-2.5,-469,-2.3,-524,-2.6,-473,-2.4,-2119637,-1.0,737167,3.9,-98949,-14.7,12,1.5
"36013","0","10","70","0","2017","4","",3189,49666,49155,49115,495509592,36345921,1087418,773,"",1.00,1.00,1.00,1.00,1.00,1.00,1.00,1.00,"",8,0.3,397,0.8,358,0.7,164,0.3,28913123,6.2,2492083,7.4,-35438,-3.2,41,5.6
"36013","1","10","71","0","2017","4","",44,310,314,308,4359285,0,0,1079,"",2.30,0.32,0.33,0.33,0.32,0.00,0.00,0.98,"",0,0.0,7,2.3,12,4.0,12,4.1,89412,2.1,0,0.0,0,0.0,-15,-1.4
"36013","2","10","71","0","2017","4","",52,1991,1988,1983,30688833,0,0,1188,"",2.33,1.25,1.26,1.27,1.90,0.00,0.00,1.51,"",1,2.0,399,25.1,390,24.4,389,24.4,10288998,50.4,0,0.0,0,0.0,204,20.7
"36013","3","10","71","0","2017","4","",105,7382,7505,7490,85955258,72237,1462,886,"",1.94,1.50,1.54,1.54,2.02,0.10,0.26,1.32,"",-1,-0.9,120,1.7,152,2.1,94,1.3,1215232,1.4,13065,22.1,214,17.1,-2,-0.2
"36013","5","10","71","0","2017","4","",2988,39983,39348,39334,374506216,36273684,1085956,728,"",0.97,0.95,0.94,0.94,0.89,1.03,1.01,0.94,"",8,0.3,-129,-0.3,-196,-0.5,-331,-0.8,17319481,4.8,2479018,7.3,-35652,-3.2,37,5.4
"36015","0","10","70","0","2017","4","",1949,35762,35850,35804,415707542,25571937,774107,893,"",1.00,1.00,1.00,1.00,1.00,1.00,1.00,1.00,"",-20,-1.0,29,0.1,61,0.2,-89,-0.2,10397513,2.6,1049162,4.3,-134148,-14.8,22,2.5
"36015","1","10","71","0","2017","4","",19,207,211,210,3286861,0,0,1208,"",1.63,0.30,0.31,0.30,0.29,0.00,0.00,0.95,"",-2,-9.5,3,1.5,6,2.9,5,2.4,112067,3.5,0,0.0,0,0.0,15,1.3
"36015","2","10","71","0","2017","4","",48,1796,1802,1803,31282815,0,0,1337,"",3.51,1.56,1.57,1.58,2.30,0.00,0.00,1.47,"",0,0.0,-38,-2.1,-24,-1.3,-16,-0.9,823205,2.7,0,0.0,0,0.0,54,4.2
"36015","3","10","71","0","2017","4","",66,4147,4136,4117,49492525,33810,439,921,"",1.99,1.17,1.16,1.16,1.38,0.07,0.11,1.19,"",0,0.0,48,1.2,68,1.7,39,1.0,834390,1.7,-23155,-40.6,-544,-55.3,4,0.4
"36015","5","10","71","0","2017","4","",1816,29612,29701,29674,331645341,25538127,773668,860,"",0.96,0.97,0.98,0.98,0.93,1.03,1.01,0.96,"",-18,-1.0,16,0.1,11,0.0,-117,-0.4,8627851,2.7,1072317,4.4,-133604,-14.7,23,2.7
"36017","0","10","70","0","2017","4","",1076,17430,17379,17386,193495651,10611046,294583,856,"",1.00,1.00,1.00,1.00,1.00,1.00,1.00,1.00,"",-25,-2.3,-142,-0.8,-137,-0.8,-62,-0.4,1970732,1.0,-338203,-3.1,-91862,-23.8,15,1.8
"36017","1","10","71","0","2017","4","",21,86,84,83,1128429,0,0,1029,"",3.25,0.26,0.25,0.25,0.21,0.00,0.00,0.84,"",0,0.0,0,0.0,0,0.0,-5,-5.7,50830,4.7,0,0.0,0,0.0,65,6.7
"36017","2","10","71","0","2017","4","",37,881,883,880,12692507,0,0,1108,"",4.91,1.57,1.59,1.59,2.01,0.00,0.00,1.27,"",1,2.8,-17,-1.9,-5,-0.6,0,0.0,1519473,13.6,0,0.0,0,0.0,141,14.6
"36017","3","10","71","0","2017","4","",86,3423,3419,3402,33230676,59630,776,749,"",4.70,1.98,1.98,1.98,2.00,0.28,0.50,1.01,"",0,0.0,68,2.0,18,0.5,-7,-0.2,1952608,6.2,-4488,-7.0,-313,-28.7,39,5.5
"36017","5","10","71","0","2017","4","",932,13040,12993,13021,146444039,10551416,293807,865,"",0.89,0.88,0.88,0.88,0.89,1.03,1.00,1.01,"",-26,-2.7,-193,-1.5,-150,-1.1,-50,-0.4,-1552179,-1.0,-333715,-3.1,-91549,-23.8,-1,-0.1
"36019","0","10","70","0","2017","4","",2032,35596,35267,34834,395178717,31836643,996822,863,"",1.00,1.00,1.00,1.00,1.00,1.00,1.00,1.00,"",29,1.4,942,2.7,1081,3.2,924,2.7,26822858,7.3,4462277,16.3,16767,1.7,36,4.4
"36019","1","10","71","0","2017","4","",37,675,680,683,14287407,0,0,1618,"",3.04,0.99,1.01,1.02,1.32,0.00,0.00,1.31,"",-1,-2.6,-20,-2.9,-19,-2.7,-4,-0.6,541741,3.9,0,0.0,0,0.0,94,6.2
"36019","2","10","71","0","2017","4","",40,2935,2951,2936,48185005,0,0,1260,"",2.81,2.57,2.61,2.64,3.73,0.00,0.00,1.43,"",1,2.6,313,11.9,334,12.8,304,11.6,4324896,9.9,0,0.0,0,0.0,-26,-2.0
"36019","3","10","71","0","2017","4","",49,4686,4862,4729,54251902,84961,1105,877,"",1.42,1.33,1.39,1.37,1.60,0.13,0.21,1.17,"",0,0.0,-178,-3.7,39,0.8,-36,-0.8,1127967,2.1,-9320,-9.9,-499,-31.1,29,3.4
"36019","5","10","71","0","2017","4","",1906,27300,26774,26486,278454403,31751682,995717,798,"",0.97,0.90,0.89,0.89,0.83,1.03,1.01,0.92,"",29,1.5,827,3.1,727,2.8,660,2.6,20828254,8.1,4471597,16.4,17266,1.8,39,5.1
"36021","0","10","70","0","2017","4","",2052,22724,22273,22125,237329770,19565112,543209,816,"",1.00,1.00,1.00,1.00,1.00,1.00,1.00,1.00,"",17,0.8,313,1.4,149,0.7,343,1.6,6446232,2.8,2777933,16.5,9148,1.7,13,1.6
"36021","1","10","71","0","2017","4","",38,154,154,149,2088140,0,0,1054,"",3.09,0.35,0.36,0.35,0.32,0.00,0.00,0.90,"",-1,-2.6,-2,-1.3,-4,-2.5,-7,-4.5,-2686,-0.1,0,0.0,0,0.0,27,2.6
"36021","2","10","71","0","2017","4","",37,867,881,853,14813922,0,0,1314,"",2.57,1.19,1.23,1.21,1.91,0.00,0.00,1.58,"",3,8.8,-3,-0.3,11,1.3,-1,-0.1,256409,1.8,0,0.0,0,0.0,19,1.5
"36021","3","10","71","0","2017","4","",51,3723,3723,3828,40187469,172383,2242,823,"",1.46,1.65,1.68,1.75,1.97,0.45,0.78,1.16,"",0,0.0,120,3.3,42,1.1,133,3.6,1119256,2.9,-1421,-0.8,-712,-24.1,2,0.2
"36021","5","10","71","0","2017","4","",1926,17980,17515,17295,180240239,19392729,540967,788,"",0.97,0.93,0.93,0.92,0.89,1.02,1.00,0.96,"",15,0.8,198,1.1,100,0.6,218,1.3,5073253,2.9,2779354,16.7,9860,1.9,15,1.9
"36023","0","10","70","0","2017","4","",1107,18737,18779,18453,190912718,12927853,372841,787,"",1.00,1.00,1.00,1.00,1.00,1.00,1.00,1.00,"",12,1.1,272,1.5,247,1.3,251,1.4,14901659,8.5,-1036304,-7.4,-116255,-23.8,51,6.9
"36023","1","10","71","0","2017","4","",15,112,112,112,1717839,0,0,1180,"",2.26,0.31,0.31,0.32,0.33,0.00,0.00,1.05,"",0,0.0,3,2.8,-1,-0.9,-4,-3.4,85940,5.3,0,0.0,0,0.0,66,5.9
"36023","2","10","71","0","2017","4","",21,1604,1597,1590,23057009,0,0,1111,"",2.71,2.67,2.65,2.70,3.70,0.00,0.00,1.38,"",1,5.0,312,24.1,294,22.6,288,22.1,8468613,58.1,0,0.0,0,0.0,247,28.6
"36023","3","10","71","0","2017","4","",48,2764,2787,2814,30020520,82967,1172,828,"",2.55,1.49,1.49,1.54,1.83,0.32,0.60,1.21,"",-1,-2.0,-27,-1.0,-84,-2.9,-38,-1.3,56784,0.2,17902,27.5,-254,-17.8,16,2.0
"36023","5","10","71","0","2017","4","",1023,14257,14283,13937,136117350,12844886,371669,739,"",0.95,0.90,0.90,0.89,0.83,1.03,1.00,0.93,"",12,1.2,-16,-0.1,38,0.3,5,0.0,6290322,4.8,-1054206,-7.6,-116001,-23.8,33,4.7
"36025","0","10","70","0","2017","4","",1169,14945,14854,14638,164027687,10274002,397933,852,"",1.00,1.00,1.00,1.00,1.00,1.00,1.00,1.00,"",6,0.5,110,0.7,37,0.2,34,0.2,7379105,4.7,1802525,21.3,60497,17.9,35,4.3
"36025","1","10","71","0","2017","4","",33,120,111,117,1611701,0,0,1069,"",4.71,0.42,0.39,0.41,0.36,0.00,0.00,0.88,"",-1,-2.9,0,0.0,-9,-7.5,-8,-6.4,49360,3.2,0,0.0,0,0.0,81,8.2
"36025","2","10","71","0","2017","4","",31,1079,1082,1073,17647589,0,0,1259,"",3.78,2.25,2.27,2.30,3.30,0.00,0.00,1.45,"",1,3.3,-3,-0.3,-23,-2.1,-10,-0.9,6457461,57.7,0,0.0,0,0.0,469,59.4
"36025","3","10","71","0","2017","4","",75,3169,3179,3224,27340698,149239,2872,659,"",3.77,2.14,2.16,2.23,1.94,0.73,1.37,0.89,"",1,1.4,4,0.1,-1,0.0,16,0.5,27322,0.1,37539,33.6,-537,-15.8,-1,-0.2
"36025","5","10","71","0","2017","4","",1030,10577,10482,10224,117427699,10124763,395061,866,"",0.91,0.83,0.83,0.82,0.84,1.02,1.00,1.01,"",5,0.5,109,1.0,70,0.7,36,0.4,844962,0.7,1764986,21.1,61034,18.3,0,0.0
"36027","0","10","70","0","2017","4","",8417,115098,115290,114955,1544627106,95467580,2681080,1032,"",1.00,1.00,1.00,1.00,1.00,1.00,1.00,1.00,"",-5,-0.1,2599,2.3,2343,2.1,2248,2.0,65158719,4.4,8516079,9.8,-220041,-7.6,22,2.2
"36027","1","10","71","0","2017","4","",51,1321,1305,1312,26752984,0,0,1568,"",1.01,0.60,0.59,0.59,0.63,0.00,0.00,1.06,"",0,0.0,36,2.8,26,2.0,21,1.6,2238423,9.1,0,0.0,0,0.0,101,6.9
"36027","2","10","71","0","2017","4","",106,5143,5108,5112,86758920,0,0,1303,"",1.80,1.39,1.38,1.39,1.72,0.00,0.00,1.24,"",4,3.9,9,0.2,-27,-0.5,-14,-0.3,167629,0.2,0,0.0,0,0.0,5,0.4
"36027","3","10","71","0","2017","4","",161,14104,14093,14190,204017634,119043,2143,1111,"",1.13,1.24,1.23,1.25,1.54,0.06,0.15,1.24,"",2,1.3,16,0.1,-13,-0.1,-25,-0.2,4314774,2.2,-4549,-3.7,-875,-29.0,24,2.2
"36027","5","10","71","0","2017","4","",8099,94530,94784,94341,1227097568,95348537,2678937,998,"",0.99,0.97,0.97,0.97,0.93,1.03,1.01,0.96,"",-11,-0.1,2538,2.8,2357,2.6,2266,2.5,58437893,5.0,8520628,9.8,-219166,-7.6,23,2.4
"36029","0","10","70","0","2017","4","",24756,475910,477865,476788,6037584751,394773704,11747144,974,"",1.00,1.00,1.00,1.00,1.00,1.00,1.00,1.00,"",119,0.5,1001,0.2,3014,0.6,2821,0.6,241537118,4.2,20471263,5.5,-1188013,-9.2,35,3.7
"36029","1","10","71","0","2017","4","",108,8309,8444,8415,166525361,0,0,1527,"",0.73,0.91,0.92,0.92,1.00,0.00,0.00,1.10,"",-1,-0.9,179,2.2,314,3.9,-19,-0.2,8017345,5.1,0,0.0,0,0.0,46,3.1
"36029","2","10","71","0","2017","4","",161,19028,19099,19104,358252293,0,0,1445,"",0.93,1.25,1.25,1.26,1.82,0.00,0.00,1.45,"",6,3.9,-1241,-6.1,-1234,-6.1,-1222,-6.0,65234727,22.3,0,0.0,0,0.0,335,30.2
"36029","3","10","71","0","2017","4","",369,46662,47003,47363,649740573,176838,6091,1063,"",0.88,0.99,0.99,1.00,1.25,0.02,0.10,1.26,"",10,2.8,965,2.1,960,2.1,954,2.1,13747404,2.2,40426,29.6,921,17.8,1,0.1
"36029","5","10","71","0","2017","4","",24118,401911,403319,401906,4863066524,394596866,11741053,930,"",1.00,0.99,0.99,0.99,0.94,1.03,1.01,0.95,"",104,0.4,1098,0.3,2974,0.7,3108,0.8,154537642,3.3,20430837,5.5,-1188934,-9.2,24,2.6
"36031","0","10","70","0","2017","4","",1265,14499,14106,14644,150301466,11601248,403024,802,"",1.00,1.00,1.00,1.00,1.00,1.00,1.00,1.00,"",3,0.2,-27,-0.2,-64,-0.5,-29,-0.2,6136593,4.3,331256,2.9,-35143,-8.0,35,4.6
"36031","1","10","71","0","2017","4","",32,313,308,309,4422537,0,0,1097,"",4.22,1.12,1.14,1.10,1.07,0.00,0.00,0.96,"",0,0.0,-28,-8.2,-25,-7.5,-21,-6.4,-137828,-3.0,0,0.0,0,0.0,49,4.7
"36031","2","10","71","0","2017","4","",34,1323,1391,1984,22758127,914537,55787,1118,"",3.84,2.84,3.08,4.25,4.64,6.21,105.01,1.37,"",0,0.0,50,3.9,38,2.8,72,3.8,2683044,13.4,156211,20.6,4979,9.8,97,9.5
"36031","3","10","71","0","2017","4","",46,2426,2393,2373,24465808,136948,4639,785,"",2.14,1.69,1.71,1.64,1.89,0.60,2.19,1.13,"",-1,-2.1,-1,0.0,-21,-0.9,-18,-0.8,715252,3.0,9045,7.1,-814,-14.9,27,3.6
"36031","5","10","71","0","2017","4","",1153,10437,10014,9978,98654994,10549763,342598,748,"",0.94,0.85,0.84,0.80,0.77,0.94,0.86,0.93,"",4,0.3,-48,-0.5,-56,-0.6,-62,-0.6,2876125,3.0,166000,1.6,-39308,-10.3,26,3.6
"36033","0","10","70","0","2017","4","",1155,18360,18249,18222,202314281,9004159,283414,851,"",1.00,1.00,1.00,1.00,1.00,1.00,1.00,1.00,"",0,0.0,-235,-1.3,-175,-0.9,-108,-0.6,8833546,4.6,602282,7.2,2178,0.8,44,5.5
"36033","1","10","71","0","2017","4","",25,166,163,168,2589889,0,0,1203,"",3.61,0.47,0.47,0.48,0.47,0.00,0.00,0.99,"",0,0.0,2,1.2,-4,-2.4,-1,-0.6,22889,0.9,0,0.0,0,0.0,18,1.5
"36033","2","10","71","0","2017","4","",46,2812,2861,2837,45371001,0,0,1230,"",5.68,4.77,4.89,4.88,6.87,0.00,0.00,1.42,"",0,0.0,-17,-0.6,-11,-0.4,-46,-1.6,1895907,4.4,0,0.0,0,0.0,61,5.2
"36033","3","10","71","0","2017","4","",88,4719,4749,4790,47983425,359722,10128,777,"",4.48,2.59,2.62,2.66,2.76,2.02,6.79,1.05,"",2,2.3,115,2.5,44,0.9,130,2.8,2489582,5.5,-108087,-23.1,-5710,-36.1,25,3.3
"36033","5","10","71","0","2017","4","",996,10663,10476,10427,106369966,8644437,273286,778,"",0.89,0.68,0.68,0.67,0.62,0.99,0.97,0.91,"",-2,-0.2,-335,-3.0,-204,-1.9,-191,-1.8,4425168,4.3,710369,9.0,7888,3.0,50,6.9
"36035","0","10","70","0","2017","4","",1212,17126,17157,17175,172781125,12880650,327997,775,"",1.00,1.00,1.00,1.00,1.00,1.00,1.00,1.00,"",-8,-0.7,-135,-0.8,-102,-0.6,-75,-0.4,1538260,0.9,-152571,-1.2,-90145,-21.6,12,1.6
"36035","1","10","71","0","2017","4","",9,82,81,84,1160876,0,0,1085,"",1.24,0.25,0.25,0.25,0.24,0.00,0.00,0.98,"",0,0.0,-1,-1.2,1,1.2,7,9.1,-54570,-4.5,0,0.0,0,0.0,-84,-7.2
"36035","2","10","71","0","2017","4","",22,392,373,352,6626225,0,0,1369,"",2.59,0.71,0.68,0.64,1.17,0.00,0.00,1.73,"",2,10.0,13,3.4,11,3.0,-2,-0.6,397705,6.4,0,0.0,0,0.0,56,4.3
"36035","3","10","71","0","2017","4","",58,3288,3317,3286,34504482,0,0,805,"",2.82,1.94,1.95,1.93,2.32,0.00,0.00,1.20,"",0,0.0,16,0.5,-3,-0.1,-64,-1.9,-670828,-1.9,0,0.0,0,0.0,-11,-1.3
"36035","5","10","71","0","2017","4","",1123,13364,13386,13453,130489542,12880650,327997,749,"",0.96,0.92,0.92,0.92,0.88,1.03,1.01,0.96,"",-10,-0.9,-163,-1.2,-111,-0.8,-16,-0.1,1865953,1.5,-152571,-1.2,-90145,-21.6,16,2.2
"36037","0","10","70","0","2017","4","",1487,23386,23237,23256,243954286,17625833,512867,806,"",1.00,1.00,1.00,1.00,1.00,1.00,1.00,1.00,"",2,0.1,327,1.4,268,1.2,359,1.6,8637906,3.7,2126031,13.7,8715,1.7,18,2.3
"36037","1","10","71","0","2017","4","",24,572,568,579,9998248,0,0,1342,"",2.69,1.27,1.28,1.29,1.49,0.00,0.00,1.16,"",0,0.0,-8,-1.4,-10,-1.7,-8,-1.4,250345,2.6,0,0.0,0,0.0,53,4.1
"36037","2","10","71","0","2017","4","",32,828,824,825,13346206,0,0,1243,"",3.07,1.10,1.11,1.11,1.68,0.00,0.00,1.51,"",1,3.2,8,1.0,14,1.7,24,3.0,1273271,10.5,0,0.0,0,0.0,97,8.5
"36037","3","10","71","0","2017","4","",43,4328,4349,4393,45263312,12161,165,799,"",1.70,1.87,1.88,1.91,2.16,0.03,0.06,1.14,"",-2,-4.4,-178,-4.0,-184,-4.1,-233,-5.0,-18947,0.0,6959,133.8,56,51.4,34,4.4
"36037","5","10","71","0","2017","4","",1388,17658,17496,17459,175346520,17613672,512702,769,"",0.96,0.89,0.89,0.88,0.84,1.03,1.01,0.95,"",3,0.2,505,2.9,448,2.6,576,3.4,7133237,4.2,2119072,13.7,8659,1.7,9,1.2
"36039","0","10","70","0","2017","4","",1271,14625,14471,14878,151282896,11369380,377923,794,"",1.00,1.00,1.00,1.00,1.00,1.00,1.00,1.00,"",-6,-0.5,155,1.1,356,2.5,116,0.8,4882167,3.3,421295,3.8,-30531,-7.5,15,1.9
"36039","1","10","71","0","2017","4","",28,80,80,81,1131288,0,0,1083,"",3.67,0.28,0.29,0.28,0.27,0.00,0.00,0.95,"",0,0.0,-9,-10.1,-7,-8.0,-8,-9.0,-57921,-4.9,0,0.0,0,0.0,47,4.5
"36039","2","10","71","0","2017","4","",28,1560,1587,1570,25776655,0,0,1261,"",3.14,3.32,3.42,3.31,5.22,0.00,0.00,1.56,"",1,3.7,0,0.0,16,1.0,6,0.4,406672,1.6,0,0.0,0,0.0,14,1.1
"36039","3","10","71","0","2017","4","",55,2695,2709,2751,28560719,99032,1780,808,"",2.55,1.86,1.89,1.87,2.20,0.44,0.89,1.17,"",-2,-3.5,-113,-4.0,-86,-3.1,-96,-3.4,-25572,-0.1,-23251,-19.0,-631,-26.2,27,3.5
"36039","5","10","71","0","2017","4","",1160,10290,10095,10476,95814234,11270348,376143,716,"",0.94,0.83,0.82,0.83,0.74,1.02,1.00,0.90,"",-5,-0.4,277,2.8,433,4.5,214,2.1,4558988,5.0,444546,4.1,-29900,-7.4,13,1.8
"36041","0","10","70","0","2017","4","",239,1804,1641,1585,15708535,1087715,42910,721,"",1.00,1.00,1.00,1.00,1.00,1.00,1.00,1.00,"",-1,-0.4,-84,-4.4,-17,-1.0,-76,-4.6,527940,3.5,-104393,-8.8,-11438,-21.0,48,7.1
"36041","1","10","71","0","2017","4","",9,16,15,15,146295,0,0,734,"",6.28,0.46,0.48,0.49,0.34,0.00,0.00,0.71,"",0,0.0,1,6.7,0,0.0,0,0.0,13310,10.0,0,0.0,0,0.0,52,7.6
"36041","2","10","71","0","2017","4","N",14,0,0,0,0,0,0,0,"N",8.36,0,0,0,0,0,0,0,"N",1,7.7,0,0,0,0,0,0,0,0,0,0,0,0,0,0
"36041","3","10","71","0","2017","4","N",25,0,0,0,0,0,0,0,"N",6.15,0,0,0,0,0,0,0,"N",0,0.0,0,0,0,0,0,0,0,0,0,0,0,0,0,0
"36041","5","10","71","0","2017","4","",191,941,741,757,6058625,1003483,41782,573,"",0.82,0.61,0.53,0.56,0.45,0.95,0.98,0.79,"",-2,-1.0,-31,-3.2,-43,-5.5,-29,-3.7,169593,2.9,-92626,-8.5,-10906,-20.7,38,7.1
"36043","0","10","70","0","2017","4","",1256,17037,16773,16551,160782970,11394360,353052,737,"",1.00,1.00,1.00,1.00,1.00,1.00,1.00,1.00,"",-3,-0.2,113,0.7,10,0.1,194,1.2,5878224,3.8,1366208,13.6,-9142,-2.5,23,3.2
"36043","1","10","71","0","2017","4","",17,115,111,110,1473030,0,0,1012,"",2.26,0.35,0.35,0.35,0.33,0.00,0.00,0.96,"",0,0.0,6,5.5,6,5.7,1,0.9,41204,2.9,0,0.0,0,0.0,-11,-1.1
"36043","2","10","71","0","2017","4","",31,365,364,374,6174542,0,0,1292,"",3.52,0.67,0.68,0.71,1.18,0.00,0.00,1.72,"",0,0.0,17,4.9,21,6.1,31,9.0,861749,16.2,0,0.0,0,0.0,106,8.9
"36043","3","10","71","0","2017","4","",80,4090,4134,4138,38947555,109154,1657,727,"",3.75,2.42,2.48,2.53,2.82,0.48,0.89,1.14,"",-1,-1.2,31,0.8,-209,-4.8,47,1.1,1156856,3.1,-3669,-3.3,-2028,-55.0,29,4.2
"36043","5","10","71","0","2017","4","",1128,12467,12164,11929,114187843,11285206,351395,721,"",0.93,0.86,0.85,0.85,0.83,1.02,1.00,0.97,"",-2,-0.2,59,0.5,192,1.6,115,1.0,3818415,3.5,1369877,13.8,-7114,-2.0,17,2.4
"36045","0","10","70","0","2017","4","",2881,41537,41468,41252,424278051,30583878,954391,788,"",1.00,1.00,1.00,1.00,1.00,1.00,1.00,1.00,"",9,0.3,-391,-0.9,86,0.2,299,0.7,13711214,3.3,2195258,7.7,-8814,-0.9,26,3.4
"36045","1","10","71","0","2017","4","",63,2963,3103,3122,40898783,0,0,1027,"",3.65,3.71,3.91,3.93,3.51,0.00,0.00,0.91,"",0,0.0,-42,-1.4,17,0.6,0,0.0,628818,1.6,0,0.0,0,0.0,18,1.8
"36045","2","10","71","0","2017","4","",55,1638,1606,1616,29309366,0,0,1392,"",2.72,1.23,1.21,1.23,2.12,0.00,0.00,1.73,"",2,3.8,-17,-1.0,-3,-0.2,13,0.8,1471644,5.3,0,0.0,0,0.0,72,5.5
"36045","3","10","71","0","2017","4","",103,6927,7181,7034,69757543,264710,11182,761,"",2.10,1.68,1.74,1.72,1.91,0.44,2.23,1.11,"",0,0.0,-84,-1.2,241,3.5,96,1.4,2170419,3.2,47947,22.1,1790,19.1,14,1.9
"36045","5","10","71","0","2017","4","",2660,30009,29578,29480,284312359,30319168,943209,737,"",0.95,0.85,0.84,0.84,0.78,1.02,0.99,0.93,"",7,0.3,-248,-0.8,-169,-0.6,190,0.6,9440333,3.4,2147311,7.6,-10604,-1.1,27,3.8
"36047","0","10","70","0","2017","4","",62857,724181,734426,736310,8808964584,791591222,22121163,926,"",1.00,1.00,1.00,1.00,1.00,1.00,1.00,1.00,"",1280,2.1,27495,3.9,30254,4.3,30341,4.3,544703597,6.6,79796702,11.2,-840136,-3.7,21,2.3
"36047","1","10","71","0","2017","4","",73,7870,7856,8052,163117235,0,0,1583,"",0.19,0.56,0.56,0.57,0.67,0.00,0.00,1.20,"",0,0.0,-14,-0.2,-69,-0.9,-35,-0.4,6468662,4.1,0,0.0,0,0.0,70,4.6
"36047","2","10","71","0","2017","4","",67,9299,9306,9299,211628189,0,0,1750,"",0.15,0.40,0.40,0.40,0.74,0.00,0.00,1.85,"",4,6.3,-118,-1.3,-128,-1.4,-140,-1.5,52033277,32.6,0,0.0,0,0.0,448,34.4
"36047","3","10","71","0","2017","4","",666,81774,81955,81804,1267091493,0,0,1191,"",0.62,1.14,1.12,1.12,1.67,0.00,0.00,1.48,"",0,0.0,-411,-0.5,-637,-0.8,-680,-0.8,21191908,1.7,0,0.0,0,0.0,28,2.4
"36047","5","10","71","0","2017","4","",62051,625238,635309,637155,7167127667,791591222,22121163,872,"",1.02,1.02,1.02,1.02,0.95,1.03,1.01,0.94,"",1276,2.1,28038,4.7,31088,5.1,31196,5.1,465009750,6.9,79796702,11.2,-840136,-3.7,16,1.9
"36049","0","10","70","0","2017","4","",593,6581,6538,6554,66210199,3808398,120678,777,"",1.00,1.00,1.00,1.00,1.00,1.00,1.00,1.00,"",-4,-0.7,-9,-0.1,-66,-1.0,-51,-0.8,3118310,4.9,-40931,-1.1,-6571,-5.2,42,5.7
"36049","1","10","71","0","2017","4","",15,57,57,56,653652,0,0,887,"",4.22,0.45,0.46,0.44,0.36,0.00,0.00,0.80,"",0,0.0,-4,-6.6,-4,-6.6,-9,-13.8,-1288,-0.2,0,0.0,0,0.0,79,9.8
"36049","2","10","71","0","2017","4","",19,206,203,205,3263015,0,0,1226,"",4.57,0.98,0.97,0.98,1.51,0.00,0.00,1.55,"",0,0.0,-11,-5.1,-16,-7.3,-11,-5.1,130872,4.2,0,0.0,0,0.0,117,10.6
"36049","3","10","71","0","2017","4","",38,2142,2172,2188,23026246,85050,3529,817,"",3.77,3.28,3.35,3.37,4.04,1.13,5.56,1.21,"",-1,-2.6,25,1.2,26,1.2,21,1.0,520293,2.3,28414,50.2,1353,62.2,9,1.1
"36049","5","10","71","0","2017","4","",521,4176,4106,4105,39267286,3723348,117149,732,"",0.91,0.75,0.74,0.74,0.69,1.01,0.98,0.94,"",-3,-0.6,-19,-0.5,-72,-1.7,-52,-1.3,2468433,6.7,-69345,-1.8,-7924,-6.3,54,8.0
"36051","0","10","70","0","2017","4","",1464,21339,20960,20627,223521490,14521011,503738,820,"",1.00,1.00,1.00,1.00,1.00,1.00,1.00,1.00,"",22,1.5,516,2.5,178,0.9,129,0.6,23961378,12.0,1228250,9.2,-25223,-4.8,78,10.5
"36051","1","10","71","0","2017","4","",24,131,131,134,1728679,0,0,1007,"",2.73,0.32,0.33,0.34,0.28,0.00,0.00,0.86,"",0,0.0,0,0.0,4,3.1,6,4.7,46140,2.7,0,0.0,0,0.0,1,0.1
"36051","2","10","71","0","2017","4","",47,2505,2507,2504,38771268,0,0,1190,"",4.58,3.66,3.73,3.81,5.31,0.00,0.00,1.42,"",0,0.0,170,7.3,175,7.5,165,7.1,12934201,50.1,0,0.0,0,0.0,339,39.8
"36051","3","10","71","0","2017","4","",67,3728,3790,3794,37518521,30885,402,765,"",2.69,1.76,1.82,1.86,1.95,0.11,0.15,1.08,"",-1,-1.5,-87,-2.3,-60,-1.6,-13,-0.3,-1096523,-2.8,-3846,-11.1,-715,-64.0,-12,-1.5
"36051","5","10","71","0","2017","4","",1326,14975,14532,14195,145503022,14490126,503336,768,"",0.93,0.83,0.82,0.81,0.76,1.03,1.01,0.93,"",23,1.8,433,3.0,59,0.4,-29,-0.2,12077560,9.1,1232096,9.3,-24508,-4.6,56,7.9
"36053","0","10","70","0","2017","4","",1645,22194,22148,21591,224630474,13738440,389123,786,"",1.00,1.00,1.00,1.00,1.00,1.00,1.00,1.00,"",7,0.4,241,1.1,378,1.7,302,1.4,13931090,6.6,149620,1.1,-63110,-14.0,38,5.1
"36053","1","10","71","0","2017","4","",22,138,135,135,1818023,0,0,1028,"",2.23,0.32,0.32,0.32,0.29,0.00,0.00,0.91,"",0,0.0,6,4.5,0,0.0,-5,-3.6,76408,4.4,0,0.0,0,0.0,41,4.2
"36053","2","10","71","0","2017","4","",28,824,826,826,12649037,0,0,1179,"",2.43,1.16,1.16,1.20,1.72,0.00,0.00,1.47,"",1,3.7,-109,-11.7,-106,-11.4,-103,-11.1,2441256,23.9,0,0.0,0,0.0,336,39.9
"36053","3","10","71","0","2017","4","",64,3521,3707,3558,35781962,140128,1998,766,"",2.29,1.60,1.69,1.67,1.85,0.52,0.98,1.12,"",0,0.0,32,0.9,234,6.7,159,4.7,566338,1.6,-23829,-14.5,-1007,-33.5,-18,-2.3
"36053","5","10","71","0","2017","4","",1531,17711,17480,17072,174381452,13598312,387125,770,"",0.96,0.94,0.93,0.93,0.91,1.02,1.00,0.97,"",6,0.4,312,1.8,250,1.5,251,1.5,10847088,6.6,173449,1.3,-62103,-13.8,36,4.9
"36055","0","10","70","0","2017","4","",18899,391610,392049,392012,5094281158,307071689,9210857,1000,"",1.00,1.00,1.00,1.00,1.00,1.00,1.00,1.00,"",-5,0.0,1780,0.5,2034,0.5,2123,0.5,163855189,3.3,14640185,5.0,-1217342,-11.7,27,2.8
"36055","1","10","71","0","2017","4","",65,2890,2837,3174,53487279,0,0,1387,"",0.57,0.38,0.38,0.42,0.38,0.00,0.00,0.97,"",0,0.0,39,1.4,-13,-0.5,-66,-2.0,772867,1.5,0,0.0,0,0.0,26,1.9
"36055","2","10","71","0","2017","4","",98,5108,5101,5095,85550096,0,0,1290,"",0.74,0.41,0.41,0.41,0.51,0.00,0.00,1.26,"",2,2.1,344,7.2,295,6.1,260,5.4,11513757,15.6,0,0.0,0,0.0,104,8.8
"36055","3","10","71","0","2017","4","",221,41604,42028,41762,518773233,100868,1311,955,"",0.69,1.07,1.08,1.08,1.18,0.02,0.03,1.10,"",-2,-0.9,-8,0.0,197,0.5,-53,-0.1,11888087,2.3,129,0.1,-639,-32.8,21,2.2
"36055","5","10","71","0","2017","4","",18515,342008,342083,341981,4436470550,306970821,9209546,998,"",1.01,1.03,1.03,1.03,1.02,1.03,1.01,0.99,"",-5,0.0,1405,0.4,1555,0.5,1982,0.6,139680478,3.3,14640056,5.0,-1216703,-11.7,27,2.8
"36057","0","10","70","0","2017","4","",1241,20425,20345,20256,204586486,19993814,505234,774,"",1.00,1.00,1.00,1.00,1.00,1.00,1.00,1.00,"",7,0.6,807,4.1,607,3.1,715,3.7,11439520,5.9,1152068,6.1,-163944,-24.5,17,2.2
"36057","1","10","71","0","2017","4","",14,108,103,99,1397395,0,0,1040,"",1.88,0.27,0.26,0.25,0.25,0.00,0.00,0.94,"",0,0.0,6,5.9,-2,-1.9,-8,-7.5,-32781,-2.3,0,0.0,0,0.0,-11,-1.0
"36057","2","10","71","0","2017","4","",21,251,244,239,4746515,0,0,1492,"",2.42,0.38,0.37,0.37,0.71,0.00,0.00,1.89,"",0,0.0,6,2.4,9,3.8,0,0.0,308519,7.0,0,0.0,0,0.0,68,4.8
"36057","3","10","71","0","2017","4","",49,2521,2521,2532,26995906,31593,411,823,"",2.32,1.25,1.25,1.26,1.53,0.08,0.15,1.23,"",0,0.0,19,0.8,36,1.4,48,1.9,935754,3.6,18253,136.8,104,33.9,18,2.2
"36057","5","10","71","0","2017","4","",1157,17545,17477,17386,171446670,19962221,504823,755,"",0.96,1.01,1.01,1.01,0.98,1.03,1.01,0.97,"",7,0.6,776,4.6,564,3.3,675,4.0,10228028,6.3,1133815,6.0,-164048,-24.5,17,2.3
"36059","0","10","70","0","2017","4","",54230,639364,644155,646660,10405038682,594446849,17144678,1244,"",1.00,1.00,1.00,1.00,1.00,1.00,1.00,1.00,"",330,0.6,6264,1.0,6426,1.0,6234,1.0,305599609,3.0,29397155,5.2,-1507578,-8.1,25,2.1
"36059","1","10","71","0","2017","4","",100,5178,5156,5295,107574901,0,0,1588,"",0.31,0.42,0.42,0.43,0.38,0.00,0.00,0.89,"",1,1.0,-116,-2.2,-135,-2.6,-98,-1.8,-186733,-0.2,0,0.0,0,0.0,32,2.1
"36059","2","10","71","0","2017","4","",98,3181,3160,3192,65068090,0,0,1575,"",0.26,0.15,0.15,0.15,0.19,0.00,0.00,1.24,"",5,5.4,104,3.4,125,4.1,147,4.8,15775142,32.0,0,0.0,0,0.0,333,26.8
"36059","3","10","71","0","2017","4","",534,72680,73470,72440,1403413099,244214,4178,1482,"",0.58,1.15,1.15,1.13,1.57,0.02,0.05,1.37,"",-3,-0.6,-615,-0.8,-421,-0.6,-1418,-1.9,28022022,2.0,-48548,-16.6,-1089,-20.7,46,3.2
"36059","5","10","71","0","2017","4","",53498,558325,562369,565733,8828982592,594202635,17140500,1208,"",1.02,1.03,1.03,1.03,0.99,1.03,1.01,0.97,"",327,0.6,6891,1.2,6857,1.2,7603,1.4,261989178,3.1,29445703,5.2,-1506489,-8.1,21,1.8
"36061","0","10","70","0","2017","4","",128102,2486792,2505837,2516972,79380029495,2465361090,81688826,2439,"",1.00,1.00,1.00,1.00,1.00,1.00,1.00,1.00,"",-535,-0.4,46083,1.9,44397,1.8,43358,1.8,8725210257,12.3,124519297,5.3,-7677405,-8.6,228,10.3
"36061","1","10","71","0","2017","4","",149,22604,22477,22673,546169987,0,0,1860,"",0.19,0.47,0.47,0.47,0.25,0.00,0.00,0.53,"",-1,-0.7,-330,-1.4,-559,-2.4,-692,-3.0,13311384,2.5,0,0.0,0,0.0,86,4.8
"36061","2","10","71","0","2017","4","",149,14794,14818,14808,355550885,1278,116,1847,"",0.17,0.19,0.18,0.18,0.14,0.00,0.00,0.74,"",8,5.7,394,2.7,440,3.1,413,2.9,27400381,8.3,-626,-32.9,-65,-35.9,93,5.3
"36061","3","10","71","0","2017","4","",549,230861,231432,231851,3857815555,322460,8997,1283,"",0.25,0.94,0.93,0.93,0.57,0.01,0.02,0.61,"",1,0.2,404,0.2,380,0.2,656,0.3,76317418,2.0,-23231,-6.7,-2445,-21.4,23,1.8
"36061","5","10","71","0","2017","4","",127255,2218533,2237110,2247640,74620493068,2465037352,81679713,2569,"",1.02,1.05,1.05,1.05,1.10,1.03,1.01,1.05,"",-543,-0.4,45615,2.1,44136,2.0,42981,1.9,8608181074,13.0,124543154,5.3,-7674895,-8.6,251,10.8
"36063","0","10","70","0","2017","4","",4898,73962,73089,72522,780630434,62300876,2011663,820,"",1.00,1.00,1.00,1.00,1.00,1.00,1.00,1.00,"",-17,-0.3,-901,-1.2,-918,-1.2,-608,-0.8,1183599,0.2,4717283,8.2,-125053,-5.9,10,1.2
"36063","1","10","71","0","2017","4","",30,999,1004,1002,17070338,0,0,1311,"",1.02,0.70,0.72,0.72,0.80,0.00,0.00,1.12,"",0,0.0,-10,-1.0,-21,-2.0,-23,-2.2,254663,1.5,0,0.0,0,0.0,42,3.3
"36063","2","10","71","0","2017","4","",49,1193,1139,1113,23652465,29935,479,1584,"",1.43,0.50,0.49,0.48,0.93,0.04,0.18,1.89,"",2,4.3,-12,-1.0,37,3.4,36,3.3,3270724,16.0,-12395,-29.3,-410,-46.1,194,14.0
"36063","3","10","71","0","2017","4","",95,11688,11724,11762,153003534,63048,1167,1004,"",1.14,1.59,1.62,1.64,2.28,0.05,0.11,1.41,"",-1,-1.0,-525,-4.3,-486,-4.0,-530,-4.3,-1703392,-1.1,-73601,-53.9,-3126,-72.8,32,3.3
"36063","5","10","71","0","2017","4","",4724,60082,59222,58645,586904097,62207893,2010017,761,"",0.99,0.96,0.95,0.95,0.88,1.03,1.01,0.92,"",-18,-0.4,-354,-0.6,-448,-0.8,-91,-0.2,-638396,-0.1,4803279,8.4,-121517,-5.7,3,0.4
"36065","0","10","70","0","2017","4","",5311,107056,107063,106485,1167651449,69267618,1916169,840,"",1.00,1.00,1.00,1.00,1.00,1.00,1.00,1.00,"",-32,-0.6,441,0.4,97,0.1,636,0.6,45914051,4.1,-1658698,-2.3,-448818,-19.0,30,3.7
"36065","1","10","71","0","2017","4","",68,2267,2276,2270,40339173,0,0,1366,"",2.13,1.10,1.11,1.11,1.26,0.00,0.00,1.14,"",-1,-1.4,-42,-1.8,-14,-0.6,-42,-1.8,983336,2.5,0,0.0,0,0.0,52,4.0
"36065","2","10","71","0","2017","4","",123,6861,6861,6833,109550454,0,0,1230,"",3.31,2.00,2.00,2.01,2.87,0.00,0.00,1.44,"",7,6.0,235,3.5,303,4.6,237,3.6,13921971,14.6,0,0.0,0,0.0,114,10.2
"36065","3","10","71","0","2017","4","",124,17072,17076,17150,181979121,115129,2047,819,"",1.37,1.61,1.61,1.63,1.81,0.08,0.20,1.12,"",-1,-0.8,-86,-0.5,-243,-1.4,-157,-0.9,1597142,0.9,4761,4.3,-137,-6.3,15,1.9
"36065","5","10","71","0","2017","4","",4996,80856,80850,80232,835782701,69152489,1914122,797,"",0.97,0.89,0.89,0.89,0.84,1.03,1.01,0.94,"",-37,-0.7,334,0.4,51,0.1,598,0.8,29411602,3.6,-1663459,-2.3,-448681,-19.0,25,3.2
"36067","0","10","70","0","2017","4","",12841,246977,247817,248300,3265117654,186665358,5392255,1014,"",1.00,1.00,1.00,1.00,1.00,1.00,1.00,1.00,"",-123,-0.9,-210,-0.1,315,0.1,235,0.1,136741484,4.4,7711520,4.3,-697809,-11.5,42,4.3
"36067","1","10","71","0","2017","4","",79,4558,4513,4601,88483840,0,0,1494,"",1.03,0.96,0.95,0.96,0.99,0.00,0.00,1.03,"",0,0.0,25,0.6,10,0.2,27,0.6,2791257,3.3,0,0.0,0,0.0,41,2.8
"36067","2","10","71","0","2017","4","",99,12115,12130,12150,212460483,10663,139,1347,"",1.10,1.53,1.53,1.53,1.99,0.00,0.02,1.30,"",3,3.1,-30,-0.2,-25,-0.2,-10,-0.1,62514058,41.7,-6276,-37.1,-199,-58.9,398,41.9
"36067","3","10","71","0","2017","4","",242,24150,24467,24637,330123216,132871,1726,1040,"",1.11,0.99,0.99,1.00,1.18,0.04,0.06,1.18,"",6,2.5,-74,-0.3,-79,-0.3,-113,-0.5,-516091,-0.2,16551,14.2,-294,-14.6,2,0.2
"36067","5","10","71","0","2017","4","",12421,206154,206707,206912,2634050115,186521824,5390390,981,"",1.00,0.98,0.98,0.98,0.94,1.03,1.01,0.96,"",-132,-1.1,-131,-0.1,409,0.2,331,0.2,71952260,2.8,7701245,4.3,-697316,-11.5,26,2.7
"36069","0","10","70","0","2017","4","",3213,53851,54022,53788,635399395,44258838,1456592,907,"",1.00,1.00,1.00,1.00,1.00,1.00,1.00,1.00,"",9,0.3,389,0.7,832,1.6,1034,2.0,27768807,4.6,3029111,7.3,-27196,-1.8,27,3.1
"36069","1","10","71","0","2017","4","",26,1119,1134,1147,18510009,0,0,1256,"",1.35,1.08,1.10,1.11,1.06,0.00,0.00,0.97,"",0,0.0,-376,-25.2,-4,-0.4,-10,-0.9,-2624779,-12.4,0,0.0,0,0.0,-31,-2.4
"36069","2","10","71","0","2017","4","",52,691,704,681,12250404,0,0,1362,"",2.31,0.40,0.41,0.40,0.59,0.00,0.00,1.47,"",5,10.6,-16,-2.3,1,0.1,-17,-2.4,1176156,10.6,0,0.0,0,0.0,150,12.4
"36069","3","10","71","0","2017","4","",79,6716,6807,6783,76295853,22894,357,867,"",1.45,1.26,1.27,1.27,1.40,0.03,0.05,1.10,"",-1,-1.2,-39,-0.6,-15,-0.2,-34,-0.5,2238312,3.0,16699,269.6,252,240.0,29,3.5
"36069","5","10","71","0","2017","4","",3056,45325,45377,45177,528343129,44235944,1456235,897,"",0.98,0.99,0.99,0.99,0.97,1.03,1.01,0.98,"",5,0.2,820,1.8,850,1.9,1095,2.5,26979118,5.4,3012412,7.3,-27448,-1.8,28,3.2
"36071","0","10","70","0","2017","4","",10467,145599,146592,146618,1750906803,136078843,3895346,921,"",1.00,1.00,1.00,1.00,1.00,1.00,1.00,1.00,"",70,0.7,2018,1.4,2641,1.8,2481,1.7,93143354,5.6,10763922,8.6,-308136,-7.3,35,4.0
"36071","1","10","71","0","2017","4","",89,4453,4462,4417,74042703,0,0,1282,"",1.42,1.59,1.59,1.56,1.54,0.00,0.00,0.97,"",-1,-1.1,-199,-4.3,-191,-4.1,-203,-4.4,-82446,-0.1,0,0.0,0,0.0,54,4.4
"36071","2","10","71","0","2017","4","",103,3035,3045,3058,57057798,0,0,1441,"",1.40,0.65,0.65,0.65,1.00,0.00,0.00,1.53,"",2,2.0,37,1.2,20,0.7,6,0.2,3214452,6.0,0,0.0,0,0.0,72,5.3
"36071","3","10","71","0","2017","4","",197,19791,19731,19789,294533941,287708,4255,1146,"",1.11,1.37,1.36,1.36,1.96,0.11,0.21,1.43,"",-2,-1.0,163,0.8,132,0.7,4,0.0,8061283,2.8,23092,8.7,-1880,-30.6,26,2.3
"36071","5","10","71","0","2017","4","",10078,118320,119354,119354,1325272361,135791135,3891091,857,"",0.99,0.96,0.96,0.96,0.89,1.03,1.01,0.93,"",71,0.7,2017,1.7,2680,2.3,2674,2.3,81950065,6.6,10740830,8.6,-306256,-7.3,36,4.4
"36073","0","10","70","0","2017","4","",792,13436,12422,12186,132848384,11120034,353345,806,"",1.00,1.00,1.00,1.00,1.00,1.00,1.00,1.00,"",7,0.9,-218,-1.6,-492,-3.8,-183,-1.5,-1035757,-0.8,-955628,-7.9,-118231,-25.1,13,1.6
"36073","1","10","71","0","2017","4","",12,79,78,79,962763,0,0,941,"",2.53,0.31,0.33,0.34,0.26,0.00,0.00,0.82,"",0,0.0,1,1.3,2,2.6,-1,-1.2,28081,3.0,0,0.0,0,0.0,19,2.1
"36073","2","10","71","0","2017","4","",22,1281,1270,1254,19233966,0,0,1167,"",3.96,2.97,3.19,3.23,4.43,0.00,0.00,1.42,"",0,0.0,20,1.6,39,3.2,-7,-0.6,109989,0.6,0,0.0,0,0.0,-9,-0.8
"36073","3","10","71","0","2017","4","",43,2610,2636,2694,29550945,10363,217,859,"",3.19,1.96,2.14,2.23,2.59,0.05,0.12,1.23,"",0,0.0,6,0.2,7,0.3,-7,-0.3,583609,2.0,-2452,-19.1,-270,-55.4,16,1.9
"36073","5","10","71","0","2017","4","",715,9466,8438,8159,83100710,11109671,353128,736,"",0.93,0.83,0.80,0.79,0.73,1.03,1.01,0.91,"",7,1.0,-245,-2.5,-540,-6.0,-168,-2.0,-1757436,-2.1,-953176,-7.9,-117961,-25.0,11,1.5
"36075","0","10","70","0","2017","4","",2400,35008,34612,34227,396487141,26810479,921473,881,"",1.00,1.00,1.00,1.00,1.00,1.00,1.00,1.00,"",6,0.3,-73,-0.2,169,0.5,263,0.8,17036639,4.5,3201673,13.6,17854,2.0,35,4.1
"36075","1","10","71","0","2017","4","",30,249,258,264,4003862,0,0,1198,"",2.08,0.37,0.39,0.40,0.37,0.00,0.00,0.95,"",0,0.0,-5,-2.0,5,2.0,7,2.7,112441,2.9,0,0.0,0,0.0,23,2.0
"36075","2","10","71","0","2017","4","",35,1844,1826,1823,27389571,39899,2274,1151,"",2.08,1.64,1.65,1.67,2.12,0.12,1.87,1.28,"",0,0.0,102,5.9,100,5.8,131,7.7,12760456,87.2,-19143,-32.4,-1564,-40.8,497,76.0
"36075","3","10","71","0","2017","4","",100,7256,7350,7369,80925259,165651,3382,850,"",2.45,2.09,2.14,2.18,2.37,0.31,0.70,1.11,"",3,3.1,11,0.2,-43,-0.6,-164,-2.2,-407350,-0.5,24515,17.4,-348,-9.3,3,0.4
"36075","5","10","71","0","2017","4","",2235,25659,25178,24771,284168449,26604929,915817,867,"",0.96,0.86,0.86,0.85,0.84,1.03,1.00,0.98,"",3,0.1,-181,-0.7,107,0.4,289,1.2,4571092,1.6,3196301,13.7,19766,2.2,11,1.3
"36077","0","10","70","0","2017","4","",1575,24248,23708,23225,256673163,13415105,411185,832,"",1.00,1.00,1.00,1.00,1.00,1.00,1.00,1.00,"",-17,-1.1,389,1.6,-58,-0.2,11,0.0,7466526,3.0,24012,0.2,-94451,-18.7,20,2.5
"36077","1","10","71","0","2017","4","",30,131,132,133,1834145,0,0,1069,"",3.18,0.28,0.29,0.30,0.26,0.00,0.00,0.90,"",-1,-3.2,2,1.6,0,0.0,1,0.8,98620,5.7,0,0.0,0,0.0,50,4.9
"36077","2","10","71","0","2017","4","",30,1467,1480,1497,22257859,0,0,1156,"",2.72,1.88,1.95,2.02,2.66,0.00,0.00,1.36,"",0,0.0,-15,-1.0,-14,-0.9,-9,-0.6,769448,3.6,0,0.0,0,0.0,50,4.5
"36077","3","10","71","0","2017","4","",71,3028,2998,3042,29075458,90810,1202,740,"",2.65,1.26,1.27,1.32,1.32,0.34,0.56,1.03,"",0,0.0,69,2.3,16,0.5,48,1.6,1409920,5.1,39783,78.0,335,38.6,25,3.5
"36077","5","10","71","0","2017","4","",1444,19622,19098,18553,203505701,13324295,409983,820,"",0.95,0.95,0.95,0.94,0.93,1.03,1.00,0.98,"",-16,-1.1,333,1.7,-60,-0.3,-29,-0.2,5188538,2.6,-15771,-0.1,-94786,-18.8,18,2.2
"36079","0","10","70","0","2017","4","",3090,27044,27141,27038,366437322,22374343,647028,1041,"",1.00,1.00,1.00,1.00,1.00,1.00,1.00,1.00,"",-9,-0.3,301,1.1,437,1.6,432,1.6,8724392,2.4,-42365,-0.2,-106058,-14.1,10,1.0
"36079","1","10","71","0","2017","4","",9,143,140,143,2392118,0,0,1296,"",0.49,0.27,0.27,0.27,0.24,0.00,0.00,0.87,"",0,0.0,-4,-2.7,-9,-6.0,-5,-3.4,23099,1.0,0,0.0,0,0.0,65,5.3
"36079","2","10","71","0","2017","4","",26,269,281,280,4804646,0,0,1336,"",1.20,0.31,0.32,0.32,0.40,0.00,0.00,1.26,"",1,4.0,14,5.5,11,4.1,7,2.6,574168,13.6,0,0.0,0,0.0,113,9.2
"36079","3","10","71","0","2017","4","",36,4595,4753,4764,77462539,0,0,1267,"",0.69,1.71,1.76,1.78,2.46,0.00,0.00,1.40,"",-1,-2.7,90,2.0,105,2.3,119,2.6,2294544,3.1,0,0.0,0,0.0,10,0.8
"36079","5","10","71","0","2017","4","",3019,22037,21967,21851,281778019,22374343,647028,987,"",1.01,0.96,0.95,0.95,0.90,1.03,1.01,0.94,"",-9,-0.3,201,0.9,330,1.5,311,1.4,5832581,2.1,-42365,-0.2,-106058,-14.1,8,0.8
"36081","0","10","70","0","2017","4","",53124,669808,674711,677004,9124431521,644276990,19402426,1042,"",1.00,1.00,1.00,1.00,1.00,1.00,1.00,1.00,"",629,1.2,12879,2.0,13012,2.0,12674,1.9,371761408,4.2,41669194,6.9,-1051979,-5.1,23,2.3
"36081","1","10","71","0","2017","4","",78,13749,13737,14061,266927883,0,0,1483,"",0.24,1.07,1.06,1.08,1.06,0.00,0.00,1.00,"",0,0.0,-245,-1.8,-354,-2.5,-295,-2.1,4649523,1.8,0,0.0,0,0.0,57,4.0
"36081","2","10","71","0","2017","4","",106,5612,5622,5629,109982065,0,0,1505,"",0.28,0.26,0.26,0.26,0.37,0.00,0.00,1.42,"",3,2.9,-239,-4.1,-215,-3.7,-200,-3.4,1775177,1.6,0,0.0,0,0.0,79,5.5
"36081","3","10","71","0","2017","4","",446,76908,77059,77038,1212811043,3200,70,1212,"",0.49,1.16,1.15,1.15,1.55,0.00,0.00,1.34,"",0,0.0,-79,-0.1,-456,-0.6,-313,-0.4,25766481,2.2,900,39.1,-20,-22.2,31,2.6
"36081","5","10","71","0","2017","4","",52494,573539,578293,580276,7534710530,644273790,19402356,1004,"",1.02,1.01,1.01,1.01,0.97,1.03,1.01,0.96,"",626,1.2,13442,2.4,14037,2.5,13482,2.4,339570227,4.7,41668294,6.9,-1051959,-5.1,22,2.2
"36083","0","10","70","0","2017","4","",3306,54122,54016,53833,725107514,34388644,1023789,1033,"",1.00,1.00,1.00,1.00,1.00,1.00,1.00,1.00,"",-8,-0.2,809,1.5,1027,1.9,1393,2.7,63000996,9.5,1143850,3.4,-141159,-12.1,70,7.3
"36083","1","10","71","0","2017","4","",39,370,364,365,5732522,0,0,1204,"",1.97,0.36,0.35,0.35,0.29,0.00,0.00,0.81,"",0,0.0,10,2.8,13,3.7,12,3.4,133069,2.4,0,0.0,0,0.0,-10,-0.8
"36083","2","10","71","0","2017","4","",65,2253,2254,2258,45313435,0,0,1546,"",2.81,1.30,1.30,1.32,1.91,0.00,0.00,1.47,"",2,3.2,40,1.8,34,1.5,36,1.6,2683476,6.3,0,0.0,0,0.0,68,4.6
"36083","3","10","71","0","2017","4","",98,9299,9315,9399,114041168,82713,428,939,"",1.74,1.73,1.74,1.76,1.83,0.12,0.08,1.05,"",1,1.0,18,0.2,22,0.2,63,0.7,3895316,3.5,-7955,-8.8,-424,-49.8,28,3.1
"36083","5","10","71","0","2017","4","",3104,42200,42083,41811,560020389,34305931,1023361,1025,"",0.97,0.92,0.92,0.91,0.90,1.03,1.01,0.99,"",-11,-0.4,741,1.8,958,2.3,1282,3.2,56289135,11.2,1151805,3.5,-140735,-12.1,81,8.6
"36085","0","10","70","0","2017","4","",9808,117261,118425,118851,1511133343,108474488,3337635,984,"",1.00,1.00,1.00,1.00,1.00,1.00,1.00,1.00,"",86,0.9,338,0.3,678,0.6,456,0.4,72438023,5.0,5776371,5.6,-231023,-6.5,44,4.7
"36085","1","10","71","0","2017","4","",25,1006,978,974,17468360,0,0,1363,"",0.42,0.45,0.43,0.43,0.42,0.00,0.00,0.97,"",1,4.2,14,1.4,-7,-0.7,-25,-2.5,21563,0.1,0,0.0,0,0.0,10,0.7
"36085","2","10","71","0","2017","4","",52,2318,2311,2300,41919470,0,0,1396,"",0.76,0.62,0.61,0.61,0.85,0.00,0.00,1.39,"",2,4.0,-8,-0.3,-23,-1.0,-27,-1.2,3509662,9.1,0,0.0,0,0.0,127,10.0
"36085","3","10","71","0","2017","4","",104,15746,15770,15767,232323361,0,0,1134,"",0.62,1.36,1.34,1.34,1.79,0.00,0.00,1.33,"",0,0.0,-14,-0.1,-88,-0.6,-35,-0.2,5813959,2.6,0,0.0,0,0.0,32,2.9
"36085","5","10","71","0","2017","4","",9627,98191,99366,99810,1219422152,108474488,3337635,946,"",1.01,0.99,0.99,0.99,0.95,1.03,1.01,0.96,"",83,0.9,346,0.4,796,0.8,543,0.5,63092839,5.5,5776371,5.6,-231023,-6.5,44,4.9
"36087","0","10","70","0","2017","4","",10896,124466,127087,126577,1683134584,117256937,3517211,1027,"",1.00,1.00,1.00,1.00,1.00,1.00,1.00,1.00,"",152,1.4,1862,1.5,2993,2.4,2375,1.9,15662673,0.9,6686470,6.0,-285646,-7.5,-10,-1.0
"36087","1","10","71","0","2017","4","",31,480,472,471,8467393,0,0,1373,"",0.47,0.20,0.19,0.19,0.18,0.00,0.00,0.93,"",0,0.0,-6,-1.2,-16,-3.3,-17,-3.5,113351,1.4,0,0.0,0,0.0,54,4.1
"36087","2","10","71","0","2017","4","",83,3963,3901,3879,60515333,0,0,1189,"",1.09,0.99,0.96,0.96,1.10,0.00,0.00,1.14,"",2,2.5,-83,-2.1,-101,-2.5,-112,-2.8,2081466,3.6,0,0.0,0,0.0,69,6.2
"36087","3","10","71","0","2017","4","",134,13797,14832,13747,243207915,105844,1607,1324,"",0.72,1.12,1.18,1.10,1.68,0.05,0.09,1.49,"",2,1.5,22,0.2,894,6.4,56,0.4,2565521,1.1,-29229,-21.6,-1624,-50.3,-17,-1.3
"36087","5","10","71","0","2017","4","",10648,106226,107882,108480,1370943943,117151093,3515604,981,"",1.01,1.00,1.00,1.01,0.95,1.03,1.01,0.95,"",148,1.4,1929,1.8,2216,2.1,2448,2.3,10902335,0.8,6715699,6.1,-284022,-7.5,-12,-1.2
"36089","0","10","70","0","2017","4","",2163,36378,36259,36306,397255944,22957744,790586,841,"",1.00,1.00,1.00,1.00,1.00,1.00,1.00,1.00,"",-1,0.0,461,1.3,309,0.9,832,2.3,18699759,4.9,2021928,9.7,-32033,-3.9,27,3.3
"36089","1","10","71","0","2017","4","",55,583,586,584,10573708,0,0,1392,"",4.24,0.83,0.84,0.84,0.97,0.00,0.00,1.16,"",-3,-5.2,-8,-1.4,-18,-3.0,-26,-4.3,55912,0.5,0,0.0,0,0.0,47,3.5
"36089","2","10","71","0","2017","4","",68,3863,3869,3863,62627122,0,0,1246,"",4.49,3.31,3.33,3.34,4.83,0.00,0.00,1.45,"",0,0.0,314,8.8,293,8.2,372,10.7,10787879,20.8,0,0.0,0,0.0,119,10.6
"36089","3","10","71","0","2017","4","",121,6233,6275,6367,67554797,230702,4345,826,"",3.29,1.73,1.74,1.77,1.98,0.51,1.04,1.13,"",0,0.0,19,0.3,118,1.9,83,1.3,2466406,3.8,22782,11.0,-2205,-33.7,21,2.6
"36089","5","10","71","0","2017","4","",1919,25699,25529,25492,256500317,22727042,786241,772,"",0.91,0.83,0.83,0.83,0.76,1.02,1.00,0.91,"",2,0.1,136,0.5,-84,-0.3,403,1.6,5389562,2.1,1999146,9.6,-29828,-3.7,12,1.6
"36091","0","10","70","0","2017","4","",5973,88037,88036,87889,1123116557,78422142,2186691,982,"",1.00,1.00,1.00,1.00,1.00,1.00,1.00,1.00,"",29,0.5,2427,2.8,3120,3.7,3325,3.9,79365753,7.6,5990621,8.3,-142932,-6.1,38,4.0
"36091","1","10","71","0","2017","4","",28,432,433,431,6781513,0,0,1208,"",0.78,0.25,0.26,0.25,0.22,0.00,0.00,0.86,"",-1,-3.4,28,6.9,17,4.1,29,7.2,124378,1.9,0,0.0,0,0.0,-49,-3.9
"36091","2","10","71","0","2017","4","",66,1972,1967,1952,27607699,2434,88,1081,"",1.58,0.70,0.70,0.70,0.75,0.00,0.03,1.08,"",0,0.0,80,4.2,105,5.6,100,5.4,7488338,37.2,1526,168.1,48,120.0,253,30.6
"36091","3","10","71","0","2017","4","",94,10207,10293,10433,120474490,137734,2684,899,"",0.93,1.17,1.18,1.20,1.25,0.09,0.23,1.06,"",0,0.0,224,2.2,223,2.2,356,3.5,4872035,4.2,-36595,-21.0,-1244,-31.7,14,1.6
"36091","5","10","71","0","2017","4","",5785,75426,75343,75073,968252855,78281974,2183919,989,"",1.00,1.01,1.01,1.01,1.01,1.03,1.01,1.00,"",30,0.5,2095,2.9,2775,3.8,2840,3.9,66881002,7.4,6025690,8.3,-141736,-6.1,35,3.7
"36093","0","10","70","0","2017","4","",3483,64426,64953,63706,868617016,44695869,1328240,1038,"",1.00,1.00,1.00,1.00,1.00,1.00,1.00,1.00,"",-4,-0.1,626,1.0,760,1.2,402,0.6,9231104,1.1,1589358,3.7,-138933,-9.5,1,0.1
"36093","1","10","71","0","2017","4","",18,591,598,606,10054965,0,0,1293,"",0.86,0.48,0.48,0.49,0.42,0.00,0.00,0.87,"",0,0.0,-22,-3.6,-25,-4.0,-13,-2.1,-181357,-1.8,0,0.0,0,0.0,20,1.6
"36093","2","10","71","0","2017","4","",38,2224,2316,2340,37111408,0,0,1245,"",1.56,1.08,1.11,1.15,1.31,0.00,0.00,1.18,"",3,8.6,388,21.1,446,23.9,485,26.1,5649478,18.0,0,0.0,0,0.0,-61,-4.7
"36093","3","10","71","0","2017","4","",72,7736,8191,7865,102808215,43669,567,997,"",1.22,1.21,1.27,1.25,1.38,0.05,0.08,1.11,"",-1,-1.4,40,0.5,391,5.0,-17,-0.2,2747610,2.7,14176,48.1,66,13.2,9,0.9
"36093","5","10","71","0","2017","4","",3355,53875,53848,52895,718642428,44652200,1327673,1033,"",0.99,0.98,0.98,0.98,0.97,1.03,1.01,0.99,"",-6,-0.2,220,0.4,-52,-0.1,-53,-0.1,1015373,0.1,1575182,3.7,-138999,-9.5,1,0.1
"36095","0","10","70","0","2017","4","",687,9136,9124,8925,97009646,7155258,210799,823,"",1.00,1.00,1.00,1.00,1.00,1.00,1.00,1.00,"",-11,-1.6,43,0.5,42,0.5,19,0.2,9278741,10.6,-568100,-7.4,-54698,-20.6,75,10.0
"36095","1","10","71","0","2017","4","",21,67,67,69,872317,0,0,992,"",5.10,0.38,0.38,0.40,0.33,0.00,0.00,0.84,"",0,0.0,-3,-4.3,-4,-5.6,-8,-10.4,2546,0.3,0,0.0,0,0.0,71,7.7
"36095","2","10","71","0","2017","4","",20,766,772,763,13360838,0,0,1340,"",4.15,2.61,2.64,2.68,4.22,0.00,0.00,1.60,"",2,11.1,-3,-0.4,5,0.7,6,0.8,5031674,60.4,0,0.0,0,0.0,502,59.9
"36095","3","10","71","0","2017","4","",39,1819,1849,1857,19033421,57042,742,795,"",3.34,2.01,2.04,2.10,2.28,0.40,0.67,1.11,"",0,0.0,21,1.2,21,1.1,-16,-0.9,223067,1.2,-16662,-22.6,-550,-42.6,6,0.8
"36095","5","10","71","0","2017","4","",607,6484,6436,6236,63743070,7098216,210057,768,"",0.91,0.84,0.83,0.82,0.77,1.03,1.00,0.93,"",-13,-2.1,28,0.4,20,0.3,37,0.6,4021454,6.7,-551438,-7.2,-54148,-20.5,45,6.2
"36097","0","10","70","0","2017","4","",432,5213,4940,4740,48199994,3768207,135894,747,"",1.00,1.00,1.00,1.00,1.00,1.00,1.00,1.00,"",-5,-1.1,112,2.2,95,2.0,123,2.7,1722873,3.7,308567,8.9,-4205,-3.0,11,1.5
"36097","1","10","71","0","2017","4","",13,47,47,46,538658,0,0,888,"",5.02,0.47,0.50,0.50,0.41,0.00,0.00,0.83,"",1,8.3,-1,-2.1,2,4.4,8,21.1,6547,1.2,0,0.0,0,0.0,-49,-5.2
"36097","2","10","71","0","2017","4","",16,132,128,128,2122939,0,0,1263,"",5.29,0.79,0.81,0.85,1.35,0.00,0.00,1.66,"",0,0.0,-11,-7.7,0,0.0,4,3.2,195864,10.2,0,0.0,0,0.0,137,12.2
"36097","3","10","71","0","2017","4","",29,962,1037,964,9204044,11652,903,717,"",3.95,1.86,2.11,2.06,2.22,0.16,1.26,1.11,"",0,0.0,8,0.8,22,2.2,6,0.6,376825,4.3,-4995,-30.0,-468,-34.1,21,3.0
"36097","5","10","71","0","2017","4","",374,4072,3728,3602,36334353,3756555,134991,735,"",0.89,0.92,0.89,0.89,0.88,1.03,1.00,0.98,"",-6,-1.6,116,2.9,71,1.9,105,3.0,1143637,3.2,313562,9.1,-3737,-2.7,4,0.5
"36099","0","10","70","0","2017","4","",768,12678,12560,12278,138495902,10029768,289197,852,"",1.00,1.00,1.00,1.00,1.00,1.00,1.00,1.00,"",6,0.8,1115,9.6,1079,9.4,907,8.0,14605888,11.8,1837699,22.4,33782,13.2,21,2.5
"36099","1","10","71","0","2017","4","",15,90,88,87,1176061,0,0,1024,"",3.26,0.37,0.37,0.37,0.31,0.00,0.00,0.84,"",0,0.0,3,3.4,7,8.6,1,1.2,25095,2.2,0,0.0,0,0.0,-22,-2.1
"36099","2","10","71","0","2017","4","",37,1421,1407,1384,21921634,0,0,1201,"",6.88,3.49,3.50,3.53,4.85,0.00,0.00,1.38,"",2,5.7,-5,-0.4,-14,-1.0,-12,-0.9,443248,2.1,0,0.0,0,0.0,33,2.8
"36099","3","10","71","0","2017","4","",27,1417,1418,1425,15065191,19816,672,816,"",2.07,1.13,1.14,1.17,1.27,0.10,0.44,1.10,"",-1,-3.6,-18,-1.3,-19,-1.3,-26,-1.8,-92961,-0.6,18014,999.7,641,2067.7,7,0.9
"36099","5","10","71","0","2017","4","",689,9750,9647,9382,100333016,10009952,288525,805,"",0.92,0.91,0.90,0.90,0.85,1.03,1.00,0.94,"",5,0.7,1135,13.2,1105,12.9,944,11.2,14230506,16.5,1819685,22.2,33141,13.0,29,3.7
"36101","0","10","70","0","2017","4","",2141,37472,37384,37231,519337911,26591429,795632,1069,"",1.00,1.00,1.00,1.00,1.00,1.00,1.00,1.00,"",9,0.4,-253,-0.7,-144,-0.4,-24,-0.1,19413582,3.9,2109713,8.6,-100431,-11.2,44,4.3
"36101","1","10","71","0","2017","4","",35,996,994,1010,17049765,0,0,1312,"",2.73,1.38,1.39,1.41,1.19,0.00,0.00,0.86,"",0,0.0,-16,-1.6,-18,-1.8,-16,-1.6,448452,2.7,0,0.0,0,0.0,56,4.5
"36101","2","10","71","0","2017","4","",48,679,676,662,12451915,0,0,1425,"",3.20,0.56,0.56,0.56,0.73,0.00,0.00,1.31,"",1,2.1,15,2.3,0,0.0,1,0.2,978025,8.5,0,0.0,0,0.0,102,7.7
"36101","3","10","71","0","2017","4","",128,6353,6398,6425,63807168,33098,961,768,"",3.52,1.71,1.72,1.74,1.43,0.06,0.23,0.83,"",2,1.6,-50,-0.8,19,0.3,19,0.3,1197297,1.9,-338,-1.0,-717,-42.7,15,2.0
"36101","5","10","71","0","2017","4","",1930,29444,29316,29134,426029063,26558331,794671,1119,"",0.93,0.92,0.92,0.92,0.96,1.03,1.01,1.04,"",6,0.3,-202,-0.7,-145,-0.5,-28,-0.1,16789808,4.1,2110051,8.6,-99714,-11.1,49,4.6
"36103","0","10","70","0","2017","4","",52986,667982,668066,667193,10662854306,589372379,18285785,1228,"",1.00,1.00,1.00,1.00,1.00,1.00,1.00,1.00,"",309,0.6,6664,1.0,6968,1.1,5647,0.9,807952509,8.2,7850616,1.4,-2497771,-12.0,82,7.2
"36103","1","10","71","0","2017","4","",165,10679,10735,10668,216641306,0,0,1558,"",0.52,0.83,0.84,0.83,0.74,0.00,0.00,0.89,"",0,0.0,-263,-2.4,-279,-2.5,-789,-6.9,1380538,0.6,0,0.0,0,0.0,71,4.8
"36103","2","10","71","0","2017","4","",177,20754,20693,20613,408549907,0,0,1519,"",0.48,0.97,0.97,0.97,1.17,0.00,0.00,1.21,"",8,4.7,2541,14.0,2521,13.9,2492,13.8,153996642,60.5,0,0.0,0,0.0,441,40.9
"36103","3","10","71","0","2017","4","",549,77296,77095,77483,1382307798,1108313,16526,1376,"",0.61,1.17,1.16,1.17,1.51,0.09,0.17,1.29,"",4,0.7,1101,1.4,795,1.0,830,1.1,36705301,2.7,33312,3.1,-2956,-15.2,21,1.5
"36103","5","10","71","0","2017","4","",52095,559253,559543,558429,8655355295,588264066,18269259,1191,"",1.01,0.99,0.99,0.98,0.95,1.03,1.01,0.96,"",297,0.6,3285,0.6,3931,0.7,3114,0.6,615870028,7.7,7817304,1.3,-2494815,-12.0,78,7.0
"36105","0","10","70","0","2017","4","",2021,26975,26941,26486,287303664,21935342,613412,825,"",1.00,1.00,1.00,1.00,1.00,1.00,1.00,1.00,"",-7,-0.3,584,2.2,242,0.9,428,1.6,14730396,5.4,1130792,5.4,-56773,-8.5,30,3.8
"36105","1","10","71","0","2017","4","",50,183,179,180,2639001,0,0,1124,"",4.12,0.35,0.35,0.35,0.33,0.00,0.00,0.95,"",-1,-2.0,3,1.7,-6,-3.2,-8,-4.3,32315,1.2,0,0.0,0,0.0,36,3.3
"36105","2","10","71","0","2017","4","",32,1169,1171,1170,20183767,0,0,1327,"",2.26,1.35,1.36,1.39,2.15,0.00,0.00,1.58,"",0,0.0,14,1.2,-3,-0.3,-7,-0.6,598718,3.1,0,0.0,0,0.0,38,2.9
"36105","3","10","71","0","2017","4","",68,4681,4788,4624,61716122,68186,916,1011,"",1.98,1.75,1.79,1.76,2.50,0.16,0.28,1.41,"",0,0.0,88,1.9,-80,-1.6,-38,-0.8,1893108,3.2,4997,7.9,-691,-43.0,33,3.4
"36105","5","10","71","0","2017","4","",1871,20942,20803,20512,202764774,21867156,612496,752,"",0.95,0.91,0.91,0.91,0.83,1.03,1.01,0.91,"",-6,-0.3,479,2.3,331,1.6,481,2.4,12206255,6.4,1125795,5.4,-56082,-8.4,31,4.3
"36107","0","10","70","0","2017","4","",905,13788,13605,13609,170217741,10658854,336758,958,"",1.00,1.00,1.00,1.00,1.00,1.00,1.00,1.00,"",-9,-1.0,433,3.2,251,1.9,344,2.6,4128726,2.5,13777,0.1,-70455,-17.3,-1,-0.1
"36107","1","10","71","0","2017","4","",16,160,156,152,2534483,0,0,1250,"",2.95,0.60,0.60,0.58,0.54,0.00,0.00,0.91,"",0,0.0,-3,-1.8,-6,-3.7,-14,-8.4,-95979,-3.6,0,0.0,0,0.0,14,1.1
"36107","2","10","71","0","2017","4","",18,193,200,198,3263550,0,0,1274,"",2.84,0.44,0.46,0.46,0.59,0.00,0.00,1.30,"",0,0.0,21,12.2,20,11.1,13,7.0,706055,27.6,0,0.0,0,0.0,175,15.9
"36107","3","10","71","0","2017","4","",51,2424,2352,2420,23464527,16336,212,752,"",3.32,1.77,1.74,1.80,1.60,0.08,0.12,0.90,"",0,0.0,53,2.2,-15,-0.6,19,0.8,-226055,-1.0,10598,184.7,114,116.3,-14,-1.8
"36107","5","10","71","0","2017","4","",820,11011,10897,10839,140955181,10642518,336546,993,"",0.93,0.94,0.94,0.94,0.97,1.03,1.01,1.03,"",-9,-1.1,362,3.4,252,2.4,326,3.1,3744705,2.7,3179,0.0,-70569,-17.3,-3,-0.3
"36109","0","10","70","0","2017","4","",2692,50181,50092,50139,657112440,28640327,736081,1008,"",1.00,1.00,1.00,1.00,1.00,1.00,1.00,1.00,"",4,0.1,-812,-1.6,-900,-1.8,-175,-0.3,8325429,1.3,369891,1.3,-99194,-11.9,25,2.5
"36109","1","10","71","0","2017","4","",22,259,266,267,4113481,0,0,1199,"",1.36,0.27,0.28,0.28,0.23,0.00,0.00,0.83,"",0,0.0,-15,-5.5,-2,-0.7,-4,-1.5,-160937,-3.8,0,0.0,0,0.0,-14,-1.2
"36109","2","10","71","0","2017","4","",28,627,615,586,10223679,0,0,1291,"",1.48,0.39,0.38,0.37,0.48,0.00,0.00,1.26,"",1,3.7,-3,-0.5,1,0.2,-5,-0.8,878760,9.4,0,0.0,0,0.0,116,9.9
"36109","3","10","71","0","2017","4","",57,5398,5372,5483,64486025,34676,712,916,"",1.25,1.09,1.08,1.10,1.14,0.06,0.18,1.05,"",-2,-3.4,-151,-2.7,-159,-2.9,137,2.6,1880107,3.0,6392,22.6,97,15.8,36,4.1
"36109","5","10","71","0","2017","4","",2585,43897,43839,43803,578289255,28605651,735369,1015,"",0.99,1.03,1.03,1.03,1.03,1.03,1.01,1.00,"",5,0.2,-643,-1.4,-740,-1.7,-303,-0.7,5727499,1.0,363499,1.3,-99291,-11.9,23,2.3
"36111","0","10","70","0","2017","4","",5261,62654,61599,60881,688558255,54414079,1510889,858,"",1.00,1.00,1.00,1.00,1.00,1.00,1.00,1.00,"",47,0.9,526,0.8,534,0.9,148,0.2,31601419,4.8,3394171,6.7,-149625,-9.0,34,4.1
"36111","1","10","71","0","2017","4","",62,421,425,422,7062317,0,0,1285,"",1.96,0.35,0.36,0.36,0.37,0.00,0.00,1.05,"",-1,-1.6,-43,-9.3,-35,-7.6,-30,-6.6,-287466,-3.9,0,0.0,0,0.0,52,4.2
"36111","2","10","71","0","2017","4","",64,4096,4071,4051,65170509,0,0,1231,"",1.74,2.04,2.06,2.09,2.90,0.00,0.00,1.41,"",1,1.6,-28,-0.7,-68,-1.6,-52,-1.3,3730085,6.1,0,0.0,0,0.0,84,7.3
"36111","3","10","71","0","2017","4","",91,8757,8803,8784,121350048,228144,3959,1063,"",1.02,1.41,1.44,1.46,2.05,0.21,0.50,1.43,"",-1,-1.1,-35,-0.4,15,0.2,-23,-0.3,344105,0.3,35215,18.3,-208,-5.0,5,0.5
"36111","5","10","71","0","2017","4","",5044,49380,48300,47624,494975381,54185935,1506930,786,"",0.99,0.93,0.92,0.92,0.84,1.03,1.00,0.91,"",48,1.0,632,1.3,622,1.3,253,0.5,27814695,6.0,3358956,6.6,-149417,-9.0,36,4.8
"36113","0","10","70","0","2017","4","",2477,38968,37445,37481,421538488,31576982,1031262,854,"",1.00,1.00,1.00,1.00,1.00,1.00,1.00,1.00,"",-31,-1.2,-159,-0.4,-395,-1.0,-443,-1.2,20917381,5.2,-1046002,-3.2,-234385,-18.5,49,6.1
"36113","1","10","71","0","2017","4","",27,199,198,205,2974821,0,0,1140,"",1.82,0.27,0.28,0.28,0.26,0.00,0.00,0.93,"",0,0.0,-3,-1.5,-4,-2.0,3,1.5,-88,0.0,0,0.0,0,0.0,7,0.6
"36113","2","10","71","0","2017","4","",38,521,467,465,7768735,0,0,1234,"",2.19,0.42,0.39,0.39,0.56,0.00,0.00,1.42,"",1,2.7,50,10.6,43,10.1,45,10.7,1273283,19.6,0,0.0,0,0.0,94,8.2
"36113","3","10","71","0","2017","4","",46,4199,4193,4246,46885728,31,0,856,"",1.09,1.09,1.13,1.14,1.29,0.00,0.00,1.16,"",0,0.0,26,0.6,-48,-1.1,1,0.0,1801252,4.0,31,100.0,0,0.0,34,4.1
"36113","5","10","71","0","2017","4","",2366,34049,32587,32565,363909204,31576951,1031262,847,"",0.98,1.03,1.02,1.02,1.01,1.03,1.01,0.99,"",-32,-1.3,-232,-0.7,-386,-1.2,-492,-1.5,17842934,5.2,-1046033,-3.2,-234385,-18.5,51,6.4
"36115","0","10","70","0","2017","4","",1224,15527,15635,15286,173106146,11129109,385546,860,"",1.00,1.00,1.00,1.00,1.00,1.00,1.00,1.00,"",6,0.5,177,1.2,197,1.3,-84,-0.5,6886633,4.1,2073827,22.9,25964,7.2,29,3.5
"36115","1","10","71","0","2017","4","",24,121,119,121,1611006,0,0,1030,"",3.27,0.40,0.40,0.41,0.34,0.00,0.00,0.84,"",0,0.0,-7,-5.5,-2,-1.7,-4,-3.2,14555,0.9,0,0.0,0,0.0,45,4.6
"36115","2","10","71","0","2017","4","",31,1424,1473,1429,24169378,0,0,1289,"",3.61,2.86,2.94,2.93,4.28,0.00,0.00,1.47,"",1,3.3,-13,-0.9,39,2.7,-10,-0.7,433918,1.8,0,0.0,0,0.0,18,1.4
"36115","3","10","71","0","2017","4","",45,3629,3785,3679,33158926,20280,338,690,"",2.16,2.36,2.44,2.43,2.23,0.09,0.17,0.92,"",0,0.0,32,0.9,88,2.4,-33,-0.9,556113,1.7,2037,11.2,-151,-30.9,6,0.9
"36115","5","10","71","0","2017","4","",1124,10353,10258,10057,114166836,11108829,385208,859,"",0.95,0.78,0.77,0.77,0.77,1.03,1.01,0.99,"",5,0.4,165,1.6,72,0.7,-37,-0.4,5882047,5.4,2071790,22.9,26115,7.3,39,4.8
"36117","0","10","70","0","2017","4","",2069,30230,27858,27458,299946301,24032803,712631,809,"",1.00,1.00,1.00,1.00,1.00,1.00,1.00,1.00,"",-18,-0.9,-609,-2.0,-2045,-6.8,-505,-1.8,-25621,0.0,-2032329,-7.8,-178800,-20.1,29,3.7
"36117","1","10","71","0","2017","4","",26,178,177,178,2291411,0,0,992,"",2.10,0.31,0.33,0.34,0.28,0.00,0.00,0.86,"",2,8.3,4,2.3,-1,-0.6,1,0.6,53506,2.4,0,0.0,0,0.0,16,1.6
"36117","2","10","71","0","2017","4","",34,759,759,754,11800547,0,0,1199,"",2.35,0.78,0.85,0.86,1.21,0.00,0.00,1.45,"",1,3.0,-30,-3.8,-13,-1.7,-20,-2.6,1287031,12.2,0,0.0,0,0.0,160,15.4
"36117","3","10","71","0","2017","4","",95,6559,6628,6674,67183689,38243,497,781,"",2.70,2.19,2.40,2.46,2.60,0.08,0.13,1.11,"",-1,-1.0,66,1.0,80,1.2,63,1.0,1539345,2.3,-1902,-4.7,-186,-27.2,10,1.3
"36117","5","10","71","0","2017","4","",1914,22734,20294,19852,218670654,23994560,712134,803,"",0.95,0.89,0.86,0.85,0.85,1.03,1.01,0.99,"",-20,-1.0,-649,-2.8,-2111,-9.4,-549,-2.7,-2905503,-1.3,-2030427,-7.8,-178614,-20.1,30,3.9
"36119","0","10","70","0","2017","4","",36261,432602,434803,433983,8291181168,383482565,12002457,1470,"",1.00,1.00,1.00,1.00,1.00,1.00,1.00,1.00,"",-171,-0.5,4254,1.0,4273,1.0,2697,0.6,465601197,5.9,14457199,3.9,-1212708,-9.2,70,5.0
"36119","1","10","71","0","2017","4","",101,4315,4292,4366,86316067,0,0,1535,"",0.46,0.52,0.52,0.52,0.38,0.00,0.00,0.73,"",0,0.0,-45,-1.0,-99,-2.3,-112,-2.5,958988,1.1,0,0.0,0,0.0,46,3.1
"36119","2","10","71","0","2017","4","",178,6912,6885,6873,134501467,0,0,1502,"",0.70,0.50,0.49,0.50,0.50,0.00,0.00,1.00,"",9,5.3,335,5.1,239,3.6,197,3.0,18676467,16.1,0,0.0,0,0.0,159,11.8
"36119","3","10","71","0","2017","4","",297,50823,51251,51571,1066896422,122590,6892,1602,"",0.48,1.19,1.19,1.20,1.50,0.02,0.11,1.26,"",2,0.7,575,1.1,444,0.9,619,1.2,27825989,2.7,61840,101.8,5858,566.5,25,1.6
"36119","5","10","71","0","2017","4","",35685,370552,372375,371173,7003467212,383359975,11995565,1451,"",1.01,1.01,1.01,1.01,0.99,1.03,1.01,0.98,"",-182,-0.5,3389,0.9,3689,1.0,1993,0.5,418139753,6.3,14395359,3.9,-1218566,-9.2,76,5.5
"36121","0","10","70","0","2017","4","",900,13842,13439,13339,144457794,9144197,287137,821,"",1.00,1.00,1.00,1.00,1.00,1.00,1.00,1.00,"",2,0.2,-11,-0.1,-28,-0.2,-51,-0.4,6918203,5.0,469203,5.4,-10497,-3.5,41,5.3
"36121","1","10","71","0","2017","4","",19,92,92,92,1194119,0,0,998,"",3.52,0.35,0.36,0.36,0.30,0.00,0.00,0.85,"",-1,-5.0,4,4.5,4,4.5,4,4.5,128336,12.0,0,0.0,0,0.0,66,7.1
"36121","2","10","71","0","2017","4","",24,1768,1724,1737,28762357,0,0,1269,"",3.81,3.98,4.00,4.08,6.10,0.00,0.00,1.52,"",1,4.3,-47,-2.6,-30,-1.7,-17,-1.0,365931,1.3,0,0.0,0,0.0,38,3.1
"36121","3","10","71","0","2017","4","",40,2419,2429,2463,25039168,35757,794,790,"",2.61,1.76,1.82,1.87,2.02,0.20,0.53,1.11,"",0,0.0,-1,0.0,-13,-0.5,-42,-1.7,2015848,8.8,-4822,-11.9,-10,-1.2,69,9.6
"36121","5","10","71","0","2017","4","",817,9563,9194,9047,89462150,9108440,286343,743,"",0.94,0.81,0.81,0.80,0.73,1.03,1.00,0.90,"",2,0.2,33,0.3,11,0.1,4,0.0,4408088,5.2,474025,5.5,-10487,-3.5,36,5.1
"36123","0","10","70","0","2017","4","",637,7440,7274,7015,63629883,5347105,143356,676,"",1.00,1.00,1.00,1.00,1.00,1.00,1.00,1.00,"",8,1.3,-29,-0.4,53,0.7,87,1.3,2525686,4.1,-34175,-0.6,-33748,-19.1,24,3.7
"36123","1","10","71","0","2017","4","",11,56,58,58,787236,0,0,1056,"",2.88,0.39,0.42,0.43,0.45,0.00,0.00,1.09,"",1,10.0,-3,-5.1,2,3.6,1,1.8,53888,7.3,0,0.0,0,0.0,72,7.3
"36123","2","10","71","0","2017","4","N",19,0,0,0,0,0,0,0,"N",4.26,0,0,0,0,0,0,0,"N",0,0.0,0,0,0,0,0,0,0,0,0,0,0,0,0,0
"36123","3","10","71","0","2017","4","N",24,0,0,0,0,0,0,0,"N",2.22,0,0,0,0,0,0,0,"N",0,0.0,0,0,0,0,0,0,0,0,0,0,0,0,0,0
"36123","5","10","71","0","2017","4","",583,6176,5890,5745,50489811,5331611,143155,654,"",0.94,0.98,0.95,0.96,0.93,1.03,1.01,0.96,"",7,1.2,-14,-0.2,-31,-0.5,105,1.9,2269663,4.7,-38691,-0.7,-33763,-19.1,27,4.3
"36999","0","10","70","0","2017","4","",35459,166184,169386,170188,4083648868,305960445,12560439,1863,"",1.00,1.00,1.00,1.00,1.00,1.00,1.00,1.00,"",1327,3.9,333,0.2,2000,1.2,2873,1.7,279827390,7.4,-14626010,-4.6,-2162079,-14.7,109,6.2
"36999","1","10","71","0","2017","4","",62,1432,1531,1513,32037146,0,0,1652,"",0.29,0.45,0.47,0.46,0.29,0.00,0.00,0.62,"",3,5.1,405,39.4,165,12.1,126,9.1,7134178,28.6,0,0.0,0,0.0,132,8.7
"36999","2","10","71","0","2017","4","N",33,0,0,0,0,0,0,0,"N",0.13,0,0,0,0,0,0,0,"N",1,3.1,0,0,0,0,0,0,0,0,0,0,0,0,0,0
"36999","3","10","71","0","2017","4","N",9,0,0,0,0,0,0,0,"N",0.01,0,0,0,0,0,0,0,"N",-1,-10.0,0,0,0,0,0,0,0,0,0,0,0,0,0,0
"36999","5","10","71","0","2017","4","",35355,163420,166328,167124,4009862313,305942195,12559399,1862,"",1.03,1.16,1.16,1.16,1.15,1.03,1.01,0.99,"",1324,3.9,-68,0.0,1761,1.1,2679,1.6,272977966,7.3,-14623322,-4.6,-2162198,-14.7,111,6.3
"37000","0","10","50","0","2017","4","",276477,4381319,4396485,4389335,55011672805,8861455529,94368827,964,"",1.00,1.00,1.00,1.00,1.00,1.00,1.00,1.00,"",6277,2.3,76035,1.8,65940,1.5,65291,1.5,2587748529,4.9,449830840,5.3,-43693824,-31.6,31,3.3
"37000","1","10","51","0","2017","4","",1541,72573,72443,72955,1302646965,0,0,1379,"",0.93,0.86,0.86,0.86,0.86,0.00,0.00,1.00,"",-8,-0.5,775,1.1,315,0.4,162,0.2,40901196,3.2,0,0.0,0,0.0,35,2.6
"37000","2","10","51","0","2017","4","",1474,180411,181473,180294,2326540910,656004,7080,990,"",0.76,1.28,1.29,1.29,1.30,0.01,0.06,1.01,"",-23,-1.5,-737,-0.4,-286,-0.2,-592,-0.3,-29157199,-1.2,94694,16.9,-2601,-26.9,-10,-1.0
"37000","3","10","51","0","2017","4","",4945,459114,461717,459863,5234816687,5962544,26109,875,"",1.05,1.06,1.06,1.06,1.11,0.03,0.05,1.05,"",37,0.8,2275,0.5,-367,-0.1,2349,0.5,145389370,2.9,951952,19.0,-13886,-34.7,22,2.6
"37000","5","10","51","0","2017","4","",268517,3669221,3680852,3676223,46147668243,8854836981,94335638,966,"",1.00,0.99,0.99,0.99,0.98,1.03,1.01,1.00,"",6271,2.4,73722,2.1,66278,1.8,63372,1.8,2430615162,5.6,448784194,5.3,-43677337,-31.6,34,3.6
"37000","8","10","96","0","2017","4","",7960,712098,715633,713112,8864004562,6618548,33189,955,"",0.96,1.08,1.08,1.08,1.10,0.02,0.05,1.02,"",6,0.1,2313,0.3,-338,0.0,1919,0.3,157133367,1.8,1046646,18.8,-16487,-33.2,15,1.6
"37001","0","10","70","0","2017","4","",3453,60787,61532,61729,623702179,132039926,1270125,782,"",1.00,1.00,1.00,1.00,1.00,1.00,1.00,1.00,"",83,2.5,348,0.6,615,1.0,569,0.9,16669899,2.7,2376566,1.8,-757194,-37.3,14,1.8
"37001","1","10","71","0","2017","4","",14,238,248,247,3606121,0,0,1135,"",0.68,0.20,0.21,0.21,0.21,0.00,0.00,1.01,"",0,0.0,14,6.2,28,12.7,14,6.0,174835,5.1,0,0.0,0,0.0,-35,-3.0
"37001","2","10","71","0","2017","4","",17,977,995,998,8572242,0,0,666,"",0.70,0.50,0.50,0.51,0.42,0.00,0.00,0.84,"",0,0.0,9,0.9,10,1.0,12,1.2,-182269,-2.1,0,0.0,0,0.0,-21,-3.1
"37001","3","10","71","0","2017","4","",60,5897,5903,5868,56970493,0,0,744,"",1.02,0.98,0.97,0.96,1.06,0.00,0.00,1.10,"",0,0.0,69,1.2,45,0.8,24,0.4,1437475,2.6,0,0.0,0,0.0,13,1.8
"37001","5","10","71","0","2017","4","",3362,53675,54386,54616,554553323,132039926,1270125,787,"",1.00,1.04,1.04,1.04,1.04,1.03,1.01,1.00,"",83,2.5,256,0.5,532,1.0,519,1.0,15239858,2.8,2376566,1.8,-757194,-37.3,16,2.1
"37003","0","10","70","0","2017","4","",568,9233,9179,9234,79140569,19211634,196775,661,"",1.00,1.00,1.00,1.00,1.00,1.00,1.00,1.00,"",6,1.1,300,3.4,258,2.9,256,2.9,4221054,5.6,2211879,13.0,-84146,-30.0,17,2.6
"37003","1","10","71","0","2017","4","",3,51,51,51,693301,0,0,1046,"",0.88,0.29,0.29,0.29,0.32,0.00,0.00,1.11,"",0,0.0,-2,-3.8,-1,-1.9,-1,-1.9,30535,4.6,0,0.0,0,0.0,72,7.4
"37003","2","10","71","0","2017","4","N",7,0,0,0,0,0,0,0,"N",1.76,0,0,0,0,0,0,0,"N",-1,-12.5,0,0,0,0,0,0,0,0,0,0,0,0,0,0
"37003","3","10","71","0","2017","4","N",17,0,0,0,0,0,0,0,"N",1.76,0,0,0,0,0,0,0,"N",0,0.0,0,0,0,0,0,0,0,0,0,0,0,0,0,0
"37003","5","10","71","0","2017","4","",541,7289,7251,7245,60475256,19211634,196775,641,"",0.98,0.93,0.93,0.92,0.89,1.03,1.01,0.96,"",7,1.3,250,3.6,219,3.1,223,3.2,3407790,6.0,2211879,13.0,-84146,-30.0,17,2.7
"37005","0","10","70","0","2017","4","",298,3636,3722,3082,27868552,10137386,127803,616,"",1.00,1.00,1.00,1.00,1.00,1.00,1.00,1.00,"",0,0.0,133,3.8,-67,-1.8,-70,-2.2,742702,2.7,836716,9.0,-42852,-25.1,17,2.8
"37005","1","10","71","0","2017","4","",8,47,39,38,489331,0,0,911,"",4.48,0.67,0.55,0.64,0.64,0.00,0.00,1.03,"",0,0.0,4,9.3,1,2.6,0,0.0,35613,7.8,0,0.0,0,0.0,31,3.5
"37005","2","10","71","0","2017","4","",11,86,88,85,718158,0,0,640,"",5.27,0.74,0.74,0.86,0.79,0.00,0.00,1.02,"",0,0.0,1,1.2,0,0.0,0,0.0,-48740,-6.4,0,0.0,0,0.0,-46,-6.7
"37005","3","10","71","0","2017","4","",11,519,513,507,4276383,23404,14,641,"",2.17,1.44,1.39,1.66,1.78,0.12,0.02,1.20,"",0,0.0,-4,-0.8,-21,-3.9,9,1.8,134199,3.2,-4605,-16.4,-171,-92.4,26,4.2
"37005","5","10","71","0","2017","4","",268,2984,3082,2452,22384680,10113982,127789,606,"",0.93,0.97,0.97,0.94,0.94,1.03,1.01,0.98,"",0,0.0,132,4.6,-47,-1.5,-79,-3.1,621630,2.9,841321,9.1,-42681,-25.0,16,2.7
"37007","0","10","70","0","2017","4","",467,7201,7211,7138,61832554,13645832,113838,662,"",1.00,1.00,1.00,1.00,1.00,1.00,1.00,1.00,"",14,3.1,0,0.0,-28,-0.4,-97,-1.3,1212068,2.0,1602442,13.3,-64724,-36.2,17,2.6
"37007","1","10","71","0","2017","4","",8,47,46,46,646861,0,0,1074,"",2.86,0.34,0.33,0.33,0.38,0.00,0.00,1.13,"",-1,-11.1,0,0.0,0,0.0,-6,-11.5,42555,7.0,0,0.0,0,0.0,112,11.6
"37007","2","10","71","0","2017","4","",11,810,804,797,8500070,0,0,814,"",3.36,3.50,3.48,3.50,4.21,0.00,0.00,1.21,"",-2,-15.4,-54,-6.2,-51,-6.0,-63,-7.3,-323421,-3.7,0,0.0,0,0.0,24,3.0
"37007","3","10","71","0","2017","4","",24,1275,1303,1254,9989286,11962,7,602,"",3.02,1.79,1.82,1.78,1.88,0.04,0.01,1.05,"",-1,-4.0,-8,-0.6,8,0.6,-21,-1.6,-26743,-0.3,9711,431.4,6,600.0,2,0.3
"37007","5","10","71","0","2017","4","",424,5069,5058,5041,42696337,13633870,113831,650,"",0.94,0.83,0.83,0.83,0.81,1.03,1.01,0.98,"",18,4.4,62,1.2,15,0.3,-7,-0.1,1519677,3.7,1592731,13.2,-64730,-36.3,21,3.3
"37009","0","10","70","0","2017","4","",646,7393,7445,7297,68313277,14358809,188316,712,"",1.00,1.00,1.00,1.00,1.00,1.00,1.00,1.00,"",31,5.0,163,2.3,-27,-0.4,61,0.8,3942734,6.1,-634359,-4.2,-101715,-35.1,35,5.2
"37009","1","10","71","0","2017","4","",13,63,59,60,770643,0,0,977,"",3.36,0.44,0.41,0.43,0.41,0.00,0.00,0.96,"",0,0.0,1,1.6,-5,-7.8,-7,-10.4,28194,3.8,0,0.0,0,0.0,89,10.0
"37009","2","10","71","0","2017","4","",12,164,169,165,1485809,0,0,689,"",2.65,0.69,0.71,0.71,0.67,0.00,0.00,0.95,"",0,0.0,-9,-5.2,-4,-2.3,-4,-2.4,-46319,-3.0,0,0.0,0,0.0,2,0.3
"37009","3","10","71","0","2017","4","",17,961,983,967,9192979,84745,93,729,"",1.55,1.31,1.33,1.34,1.56,0.30,0.09,1.18,"",1,6.2,3,0.3,-9,-0.9,-17,-1.7,110504,1.2,-19550,-18.7,-674,-87.9,15,2.1
"37009","5","10","71","0","2017","4","",604,6205,6234,6105,56863846,14274064,188223,708,"",0.96,0.99,0.99,0.98,0.97,1.03,1.01,0.99,"",30,5.2,168,2.8,-9,-0.1,89,1.5,3850355,7.3,-614809,-4.1,-101041,-34.9,39,5.8
"37011","0","10","70","0","2017","4","",594,7107,6591,6395,55948401,16192803,218693,643,"",1.00,1.00,1.00,1.00,1.00,1.00,1.00,1.00,"",6,1.0,50,0.7,-33,-0.5,-47,-0.7,1773898,3.3,1449971,9.8,-67632,-23.6,22,3.5
"37011","1","10","71","0","2017","4","",9,37,39,40,606422,0,0,1206,"",2.53,0.27,0.31,0.32,0.39,0.00,0.00,1.31,"",0,0.0,0,0.0,1,2.6,4,11.1,42657,7.6,0,0.0,0,0.0,34,2.9
"37011","2","10","71","0","2017","4","",9,604,600,602,6356608,0,0,812,"",2.16,2.65,2.84,2.95,3.48,0.00,0.00,1.24,"",0,0.0,-20,-3.2,-30,-4.8,-38,-5.9,-103514,-1.6,0,0.0,0,0.0,25,3.2
"37011","3","10","71","0","2017","4","",22,874,859,855,7441556,0,0,664,"",2.18,1.24,1.31,1.35,1.55,0.00,0.00,1.19,"",0,0.0,-4,-0.5,-26,-2.9,-18,-2.1,-47149,-0.6,0,0.0,0,0.0,8,1.2
"37011","5","10","71","0","2017","4","",554,5592,5093,4898,41543815,16192803,218693,615,"",0.96,0.93,0.91,0.90,0.87,1.03,1.01,0.95,"",6,1.1,74,1.3,22,0.4,5,0.1,1881904,4.7,1449971,9.8,-67632,-23.6,24,4.1
"37013","0","10","70","0","2017","4","",1217,15855,15908,16068,151946635,35393544,342975,733,"",1.00,1.00,1.00,1.00,1.00,1.00,1.00,1.00,"",34,2.9,-300,-1.9,-446,-2.7,-267,-1.6,1904988,1.3,2763830,8.5,-148580,-30.2,24,3.4
"37013","1","10","71","0","2017","4","",15,122,117,117,1622418,0,0,1052,"",2.05,0.40,0.38,0.38,0.39,0.00,0.00,1.00,"",0,0.0,3,2.5,-5,-4.1,-6,-4.9,-10637,-0.7,0,0.0,0,0.0,17,1.6
"37013","2","10","71","0","2017","4","",15,623,634,619,5874827,0,0,723,"",1.76,1.22,1.24,1.21,1.18,0.00,0.00,0.97,"",1,7.1,-16,-2.5,2,0.3,-13,-2.1,-351515,-5.6,0,0.0,0,0.0,-32,-4.2
"37013","3","10","71","0","2017","4","",37,2437,2499,2496,24470478,0,0,760,"",1.79,1.55,1.58,1.57,1.87,0.00,0.00,1.20,"",0,0.0,-2,-0.1,31,1.3,42,1.7,190527,0.8,0,0.0,0,0.0,-1,-0.1
"37013","5","10","71","0","2017","4","",1150,12673,12658,12836,119978912,35393544,342975,725,"",0.97,0.94,0.94,0.94,0.92,1.03,1.01,0.98,"",33,3.0,-285,-2.2,-474,-3.6,-290,-2.2,2076613,1.8,2763830,8.5,-148580,-30.2,31,4.5
"37015","0","10","70","0","2017","4","",321,5900,5962,5877,49185550,12678428,100019,640,"",1.00,1.00,1.00,1.00,1.00,1.00,1.00,1.00,"",-2,-0.6,-224,-3.7,-281,-4.5,-393,-6.3,-347164,-0.7,-606921,-4.6,-83884,-45.6,27,4.4
"37015","1","10","71","0","2017","4","",13,93,89,89,1181808,0,0,1006,"",6.75,0.82,0.78,0.79,0.87,0.00,0.00,1.10,"",0,0.0,8,9.4,7,8.5,3,3.5,16218,1.4,0,0.0,0,0.0,-57,-5.4
"37015","2","10","71","0","2017","4","",9,406,415,413,4721619,0,0,883,"",4.00,2.14,2.17,2.20,2.94,0.00,0.00,1.35,"",-1,-10.0,-41,-9.2,-30,-6.7,-43,-9.4,-168235,-3.4,0,0.0,0,0.0,46,5.5
"37015","3","10","71","0","2017","4","",27,913,929,911,8268167,0,0,693,"",4.95,1.56,1.57,1.57,1.95,0.00,0.00,1.25,"",-1,-3.6,-30,-3.2,-55,-5.6,-53,-5.5,-43362,-0.5,0,0.0,0,0.0,30,4.5
"37015","5","10","71","0","2017","4","",272,4488,4529,4464,35013956,12678428,100019,599,"",0.87,0.90,0.89,0.89,0.83,1.03,1.01,0.93,"",0,0.0,-161,-3.5,-203,-4.3,-300,-6.3,-151785,-0.4,-606921,-4.6,-83884,-45.6,25,4.4
"37017","0","10","70","0","2017","4","",620,12900,12839,12893,118731241,23826012,216722,709,"",1.00,1.00,1.00,1.00,1.00,1.00,1.00,1.00,"",3,0.5,301,2.4,70,0.5,20,0.2,4623148,4.1,2677921,12.7,-83606,-27.8,20,2.9
"37017","1","10","71","0","2017","4","",14,105,116,112,1618125,0,0,1121,"",3.76,0.42,0.47,0.45,0.50,0.00,0.00,1.11,"",0,0.0,0,0.0,5,4.5,2,1.8,22610,1.4,0,0.0,0,0.0,-8,-0.7
"37017","2","10","71","0","2017","4","",17,526,526,531,4675499,0,0,682,"",3.91,1.27,1.28,1.29,1.21,0.00,0.00,0.94,"",0,0.0,4,0.8,-3,-0.6,-7,-1.3,-312866,-6.3,0,0.0,0,0.0,-42,-5.8
"37017","3","10","71","0","2017","4","",29,1651,1669,1682,17744042,15862,10,819,"",2.75,1.29,1.31,1.32,1.74,0.03,0.01,1.33,"",0,0.0,-20,-1.2,10,0.6,-1,-0.1,460565,2.7,-893,-5.3,1,11.1,23,2.9
"37017","5","10","71","0","2017","4","",560,10618,10528,10568,94693575,23810150,216712,689,"",0.93,0.97,0.97,0.96,0.93,1.03,1.01,0.97,"",3,0.5,317,3.1,58,0.6,26,0.2,4452839,4.9,2678814,12.7,-83607,-27.8,24,3.6
"37019","0","10","70","0","2017","4","",2877,32204,31900,31328,312493119,69397141,730855,756,"",1.00,1.00,1.00,1.00,1.00,1.00,1.00,1.00,"",135,4.9,1219,3.9,1091,3.5,979,3.2,19354613,6.6,3868947,5.9,-275975,-27.4,22,3.0
"37019","1","10","71","0","2017","4","",17,457,454,452,7483585,0,0,1267,"",0.99,0.74,0.74,0.75,0.87,0.00,0.00,1.17,"",0,0.0,22,5.1,11,2.5,3,0.7,427103,6.1,0,0.0,0,0.0,40,3.3
"37019","2","10","71","0","2017","4","",15,740,743,738,5780725,3581,36,601,"",0.74,0.72,0.73,0.74,0.57,0.00,0.04,0.78,"",-2,-11.8,-9,-1.2,-6,-0.8,-15,-2.0,-130771,-2.2,-1267,-26.1,-12,-25.0,-5,-0.8
"37019","3","10","71","0","2017","4","",57,4207,4201,4203,45575914,587854,6092,834,"",1.17,1.32,1.33,1.36,1.70,0.43,1.58,1.27,"",1,1.8,120,2.9,74,1.8,110,2.7,1530807,3.5,335272,132.7,1760,40.6,8,1.0
"37019","5","10","71","0","2017","4","",2788,26800,26502,25935,253652895,68805706,724727,739,"",1.00,0.98,0.98,0.97,0.95,1.02,1.00,0.97,"",136,5.1,1086,4.2,1012,4.0,881,3.5,17527474,7.4,3534942,5.4,-277723,-27.7,24,3.4
"37021","0","10","70","0","2017","4","",9281,131507,132540,132214,1460861148,284110767,2549833,851,"",1.00,1.00,1.00,1.00,1.00,1.00,1.00,1.00,"",191,2.1,1813,1.4,2395,1.8,1850,1.4,44315560,3.1,8648010,3.1,-1496739,-37.0,13,1.6
"37021","1","10","71","0","2017","4","",46,2928,2943,2986,61549502,0,0,1604,"",0.83,1.16,1.16,1.17,1.53,0.00,0.00,1.32,"",1,2.2,32,1.1,77,2.7,216,7.8,4359153,7.6,0,0.0,0,0.0,57,3.7
"37021","2","10","71","0","2017","4","",29,4163,4177,4023,43748037,13358,134,817,"",0.45,0.99,0.98,0.95,0.92,0.00,0.04,0.94,"",0,0.0,-60,-1.4,-74,-1.7,-127,-3.1,-853075,-1.9,4699,54.3,47,54.0,2,0.2
"37021","3","10","71","0","2017","4","",99,8941,8859,8820,103053433,22592,225,893,"",0.63,0.69,0.67,0.67,0.82,0.00,0.02,1.21,"",3,3.1,92,1.0,70,0.8,97,1.1,4177712,4.2,11850,110.3,118,110.3,27,3.1
"37021","5","10","71","0","2017","4","",9107,115475,116561,116385,1252510176,284074817,2549474,830,"",1.01,1.03,1.04,1.04,1.00,1.03,1.01,0.97,"",187,2.1,1749,1.5,2322,2.0,1664,1.5,36631770,3.0,8631461,3.1,-1496904,-37.0,11,1.3
"37023","0","10","70","0","2017","4","",1474,29670,29735,29636,283387542,58530690,630773,734,"",1.00,1.00,1.00,1.00,1.00,1.00,1.00,1.00,"",18,1.2,71,0.2,105,0.4,56,0.2,9776350,3.6,4716198,8.8,-267574,-29.8,23,3.2
"37023","1","10","71","0","2017","4","",16,143,135,137,2121969,0,0,1180,"",1.81,0.25,0.24,0.24,0.27,0.00,0.00,1.12,"",0,0.0,4,2.9,-10,-6.9,-10,-6.8,-25445,-1.2,0,0.0,0,0.0,30,2.6
"37023","2","10","71","0","2017","4","",19,3692,3712,3684,38125846,0,0,793,"",1.84,3.88,3.90,3.90,4.12,0.00,0.00,1.06,"",1,5.6,19,0.5,14,0.4,-7,-0.2,-503350,-1.3,0,0.0,0,0.0,-13,-1.6
"37023","3","10","71","0","2017","4","",50,3145,3156,3101,29814596,24829,209,732,"",2.00,1.07,1.07,1.06,1.22,0.02,0.06,1.15,"",0,0.0,-40,-1.3,-26,-0.8,13,0.4,467396,1.6,-14358,-36.6,7,3.5,16,2.2
"37023","5","10","71","0","2017","4","",1389,22690,22732,22714,213325131,58505861,630564,723,"",0.97,0.90,0.90,0.90,0.88,1.03,1.01,0.98,"",17,1.2,88,0.4,127,0.6,60,0.3,9837749,4.8,4730556,8.8,-267581,-29.8,31,4.5
"37025","0","10","70","0","2017","4","",4789,78076,78469,78434,830140753,162862016,1641928,815,"",1.00,1.00,1.00,1.00,1.00,1.00,1.00,1.00,"",109,2.3,3409,4.6,1772,2.3,667,0.9,33883313,4.3,13605905,9.1,-512648,-23.8,13,1.6
"37025","1","10","71","0","2017","4","",12,314,301,301,4933249,0,0,1243,"",0.42,0.21,0.20,0.20,0.22,0.00,0.00,1.07,"",0,0.0,21,7.2,11,3.8,-1,-0.3,110068,2.3,0,0.0,0,0.0,-15,-1.2
"37025","2","10","71","0","2017","4","",16,761,760,765,8053845,0,0,813,"",0.48,0.30,0.30,0.31,0.30,0.00,0.00,0.98,"",-1,-5.9,6,0.8,5,0.7,5,0.7,-195571,-2.4,0,0.0,0,0.0,-26,-3.1
"37025","3","10","71","0","2017","4","",136,13515,13514,13553,176190865,0,0,1002,"",1.67,1.75,1.73,1.75,2.47,0.00,0.00,1.42,"",-4,-2.9,33,0.2,-508,-3.6,19,0.1,6370330,3.8,0,0.0,0,0.0,47,4.9
"37025","5","10","71","0","2017","4","",4625,63486,63894,63815,640962794,162862016,1641928,774,"",1.00,0.96,0.96,0.96,0.90,1.03,1.01,0.94,"",114,2.5,3349,5.6,2264,3.7,644,1.0,27598486,4.5,13605905,9.1,-512648,-23.8,9,1.2
"37027","0","10","70","0","2017","4","",1362,24784,25079,24972,238619170,47887358,481846,736,"",1.00,1.00,1.00,1.00,1.00,1.00,1.00,1.00,"",-2,-0.1,332,1.4,425,1.7,326,1.3,7122508,3.1,1922203,4.2,-286462,-37.3,12,1.7
"37027","1","10","71","0","2017","4","",8,139,141,140,1800138,0,0,989,"",0.98,0.29,0.29,0.29,0.27,0.00,0.00,0.94,"",0,0.0,13,10.3,11,8.5,6,4.5,-37883,-2.1,0,0.0,0,0.0,-99,-9.1
"37027","2","10","71","0","2017","4","",11,872,891,888,8160153,0,0,710,"",1.15,1.10,1.11,1.12,1.05,0.00,0.00,0.95,"",-2,-15.4,-30,-3.3,-42,-4.5,-41,-4.4,-325056,-3.8,0,0.0,0,0.0,2,0.3
"37027","3","10","71","0","2017","4","",42,3115,3159,3064,27935448,0,0,690,"",1.81,1.27,1.27,1.24,1.36,0.00,0.00,1.08,"",0,0.0,28,0.9,-27,-0.8,-56,-1.8,473472,1.7,0,0.0,0,0.0,15,2.2
"37027","5","10","71","0","2017","4","",1301,20658,20888,20880,200723431,47887358,481846,742,"",0.98,0.98,0.98,0.98,0.99,1.03,1.01,1.00,"",0,0.0,321,1.6,483,2.4,417,2.0,7011975,3.6,1922203,4.2,-286462,-37.3,12,1.6
"37029","0","10","70","0","2017","4","",193,1353,1309,1319,12711698,2310805,25016,737,"",1.00,1.00,1.00,1.00,1.00,1.00,1.00,1.00,"",-3,-1.5,-9,-0.7,-50,-3.7,-55,-4.0,-417836,-3.2,320485,16.1,-5789,-18.8,-3,-0.4
"37029","1","10","71","0","2017","4","",4,10,11,12,155261,0,0,1086,"",3.46,0.38,0.44,0.47,0.44,0.00,0.00,1.03,"",0,0.0,-1,-9.1,-1,-8.3,0,0.0,3684,2.4,0,0.0,0,0.0,87,8.7
"37029","2","10","71","0","2017","4","",7,28,28,28,272536,0,0,749,"",5.18,0.64,0.67,0.67,0.66,0.00,0.00,1.00,"",-1,-12.5,0,0.0,0,0.0,0,0.0,-17452,-6.0,0,0.0,0,0.0,-48,-6.0
"37029","3","10","71","0","2017","4","",9,453,450,451,4127582,0,0,703,"",2.74,3.38,3.46,3.46,3.78,0.00,0.00,1.10,"",0,0.0,4,0.9,-5,-1.1,3,0.7,106966,2.7,0,0.0,0,0.0,17,2.5
"37029","5","10","71","0","2017","4","",173,862,820,828,8156319,2310805,25016,750,"",0.92,0.75,0.74,0.74,0.75,1.03,1.01,1.01,"",-2,-1.1,-12,-1.4,-44,-5.1,-58,-6.5,-511034,-5.9,320485,16.1,-5789,-18.8,-12,-1.6
"37031","0","10","70","0","2017","4","",2208,23580,23188,22998,206912145,49739231,480708,684,"",1.00,1.00,1.00,1.00,1.00,1.00,1.00,1.00,"",36,1.7,526,2.3,269,1.2,367,1.6,10841776,5.5,4506715,10.0,-177033,-26.9,24,3.6
"37031","1","10","71","0","2017","4","",25,269,272,274,4693770,0,0,1329,"",1.89,0.59,0.61,0.62,0.83,0.00,0.00,1.36,"",1,4.2,14,5.5,16,6.2,18,7.0,295962,6.7,0,0.0,0,0.0,6,0.5
"37031","2","10","71","0","2017","4","",17,959,968,944,8913241,0,0,716,"",1.10,1.27,1.30,1.29,1.32,0.00,0.00,1.03,"",0,0.0,-2,-0.2,2,0.2,-24,-2.5,-348246,-3.8,0,0.0,0,0.0,-22,-3.0
"37031","3","10","71","0","2017","4","",50,3609,3574,3637,40304124,12608,269,860,"",1.33,1.54,1.55,1.60,2.27,0.01,0.11,1.45,"",0,0.0,-84,-2.3,-98,-2.7,99,2.8,1898555,4.9,5633,80.8,14,5.5,47,5.8
"37031","5","10","71","0","2017","4","",2116,18743,18374,18143,153001010,49726623,480439,639,"",0.99,0.94,0.93,0.93,0.87,1.03,1.01,0.93,"",35,1.7,598,3.3,349,1.9,274,1.5,8995505,6.2,4501082,10.0,-177047,-26.9,24,3.9
"37033","0","10","70","0","2017","4","",285,2990,3089,3081,27163901,5040019,54335,684,"",1.00,1.00,1.00,1.00,1.00,1.00,1.00,1.00,"",11,4.0,-39,-1.3,49,1.6,42,1.4,1420136,5.5,549606,12.2,-20167,-27.1,32,4.9
"37033","1","10","71","0","2017","4","",7,37,40,39,463605,0,0,922,"",4.10,0.64,0.68,0.66,0.62,0.00,0.00,0.94,"",0,0.0,-3,-7.5,-4,-9.1,-5,-11.4,2952,0.6,0,0.0,0,0.0,91,11.0
"37033","2","10","71","0","2017","4","",9,400,405,408,3989923,0,0,759,"",4.51,4.17,4.09,4.15,4.50,0.00,0.00,1.09,"",1,12.5,-50,-11.1,-44,-9.8,-40,-8.9,-287240,-6.7,0,0.0,0,0.0,26,3.5
"37033","3","10","71","0","2017","4","",15,806,790,794,6996606,0,0,676,"",3.10,2.72,2.58,2.60,3.00,0.00,0.00,1.14,"",0,0.0,-15,-1.8,-33,-4.0,-16,-2.0,308024,4.6,0,0.0,0,0.0,47,7.5
"37033","5","10","71","0","2017","4","",254,1747,1854,1840,15713767,5040019,54335,666,"",0.92,0.69,0.71,0.70,0.68,1.03,1.01,0.97,"",10,4.1,29,1.7,130,7.5,103,5.9,1396400,9.8,549606,12.2,-20167,-27.1,28,4.4
"37035","0","10","70","0","2017","4","",4419,87856,88714,88764,967624316,190556957,2087691,842,"",1.00,1.00,1.00,1.00,1.00,1.00,1.00,1.00,"",45,1.0,1334,1.5,1549,1.8,1575,1.8,41887722,4.5,6422561,3.5,-1027748,-33.0,23,2.8
"37035","1","10","71","0","2017","4","",16,296,315,309,4912792,0,0,1232,"",0.60,0.18,0.19,0.18,0.18,0.00,0.00,1.02,"",-1,-5.9,2,0.7,15,5.0,7,2.3,128573,2.7,0,0.0,0,0.0,0,0.0
"37035","2","10","71","0","2017","4","",20,1304,1316,1292,12217675,0,0,721,"",0.65,0.46,0.46,0.46,0.39,0.00,0.00,0.84,"",0,0.0,11,0.9,37,2.9,27,2.1,-92540,-0.8,0,0.0,0,0.0,-19,-2.6
"37035","3","10","71","0","2017","4","",103,8036,8127,7976,97099441,0,0,928,"",1.37,0.92,0.92,0.91,1.17,0.00,0.00,1.27,"",1,1.0,-86,-1.1,-179,-2.2,-148,-1.8,5020319,5.5,0,0.0,0,0.0,63,7.3
"37035","5","10","71","0","2017","4","",4280,78220,78956,79187,853394408,190556957,2087691,833,"",1.00,1.05,1.05,1.05,1.03,1.03,1.01,0.98,"",45,1.1,1407,1.8,1676,2.2,1689,2.2,36831370,4.5,6422561,3.5,-1027748,-33.0,19,2.3
"37037","0","10","70","0","2017","4","",1496,14980,14984,15031,149571014,31724942,271045,767,"",1.00,1.00,1.00,1.00,1.00,1.00,1.00,1.00,"",59,4.1,401,2.8,217,1.5,331,2.3,7733751,5.5,1115357,3.6,-159865,-37.1,24,3.2
"37037","1","10","71","0","2017","4","",12,100,103,105,1424893,0,0,1068,"",1.34,0.35,0.36,0.36,0.35,0.00,0.00,0.97,"",0,0.0,5,5.3,14,15.7,12,12.9,87195,6.5,0,0.0,0,0.0,-46,-4.1
"37037","2","10","71","0","2017","4","",17,393,375,359,3492935,0,0,715,"",1.62,0.82,0.78,0.75,0.72,0.00,0.00,0.91,"",2,13.3,8,2.1,10,2.7,4,1.1,-59977,-1.7,0,0.0,0,0.0,-27,-3.6
"37037","3","10","71","0","2017","4","",27,2071,2113,2124,24318897,19642,65,890,"",1.06,1.40,1.42,1.43,1.89,0.03,0.05,1.34,"",0,0.0,51,2.5,-21,-1.0,53,2.6,1105682,4.8,-1204,-5.8,-52,-44.4,29,3.4
"37037","5","10","71","0","2017","4","",1440,12416,12393,12443,120334289,31705300,270980,745,"",0.99,0.98,0.97,0.97,0.94,1.03,1.01,0.97,"",57,4.1,337,2.8,214,1.8,262,2.2,6600851,5.8,1116561,3.7,-159813,-37.1,25,3.5
"37039","0","10","70","0","2017","4","",719,8125,8128,8069,70001339,16906243,174443,664,"",1.00,1.00,1.00,1.00,1.00,1.00,1.00,1.00,"",22,3.2,140,1.8,-89,-1.1,55,0.7,2560821,3.8,1260109,8.1,-83878,-32.5,21,3.3
"37039","1","10","71","0","2017","4","",10,104,98,104,1822398,0,0,1374,"",2.32,0.66,0.63,0.67,0.95,0.00,0.00,1.45,"",0,0.0,5,5.1,-4,-3.9,0,0.0,-18953,-1.0,0,0.0,0,0.0,-19,-1.4
"37039","2","10","71","0","2017","4","",11,316,321,322,3163239,0,0,761,"",2.18,1.21,1.23,1.25,1.38,0.00,0.00,1.12,"",-1,-8.3,-7,-2.2,-17,-5.0,-11,-3.3,-126624,-3.8,0,0.0,0,0.0,-3,-0.4
"37039","3","10","71","0","2017","4","",30,1173,1204,1168,11035316,44406,466,718,"",2.45,1.46,1.49,1.46,1.83,0.13,0.51,1.25,"",-1,-3.2,29,2.5,-92,-7.1,25,2.2,653936,6.3,11928,36.7,-17,-3.5,49,7.3
"37039","5","10","71","0","2017","4","",668,6532,6505,6475,53980386,16861837,173977,638,"",0.96,0.95,0.94,0.94,0.90,1.03,1.00,0.96,"",24,3.7,113,1.8,24,0.4,41,0.6,2052462,4.0,1248181,8.0,-83861,-32.5,18,2.9
"37041","0","10","70","0","2017","4","",376,4579,4596,4656,44801985,8342476,86849,748,"",1.00,1.00,1.00,1.00,1.00,1.00,1.00,1.00,"",-2,-0.5,116,2.6,60,1.3,61,1.3,2381985,5.6,351755,4.4,-37003,-29.9,28,3.9
"37041","1","10","71","0","2017","4","",4,30,28,27,381552,0,0,1036,"",1.77,0.34,0.32,0.30,0.31,0.00,0.00,0.97,"",0,0.0,4,15.4,2,7.7,-1,-3.6,18865,5.2,0,0.0,0,0.0,-10,-1.0
"37041","2","10","71","0","2017","4","",11,126,126,128,1402978,0,0,852,"",4.18,0.86,0.86,0.86,0.96,0.00,0.00,1.12,"",-3,-21.4,2,1.6,0,0.0,4,3.2,-43632,-3.0,0,0.0,0,0.0,-41,-4.6
"37041","3","10","71","0","2017","4","",12,987,991,1033,10170196,0,0,779,"",1.88,2.18,2.17,2.24,2.64,0.00,0.00,1.20,"",0,0.0,7,0.7,-9,-0.9,5,0.5,342375,3.5,0,0.0,0,0.0,25,3.3
"37041","5","10","71","0","2017","4","",349,3436,3451,3468,32847259,8342476,86849,732,"",0.96,0.88,0.88,0.88,0.86,1.03,1.01,0.97,"",1,0.3,103,3.1,67,2.0,53,1.6,2064377,6.7,351755,4.4,-37003,-29.9,31,4.4
"37043","0","10","70","0","2017","4","",255,1946,1964,1926,15968458,4318848,51646,631,"",1.00,1.00,1.00,1.00,1.00,1.00,1.00,1.00,"",11,4.5,-88,-4.3,-86,-4.2,-48,-2.4,434345,2.8,397348,10.1,-20036,-28.0,39,6.6
"37043","1","10","71","0","2017","4","",2,20,20,22,268973,0,0,1001,"",1.31,0.53,0.53,0.59,0.61,0.00,0.00,1.11,"",0,0.0,2,11.1,2,11.1,4,22.2,25044,10.3,0,0.0,0,0.0,-41,-3.9
"37043","2","10","71","0","2017","4","",5,33,31,30,330494,0,0,811,"",2.80,0.53,0.49,0.49,0.63,0.00,0.00,1.26,"",0,0.0,4,13.8,2,6.9,1,3.4,10158,3.2,0,0.0,0,0.0,-39,-4.6
"37043","3","10","71","0","2017","4","",9,489,481,469,4160777,0,0,667,"",2.08,2.54,2.47,2.46,3.03,0.00,0.00,1.22,"",0,0.0,-35,-6.7,-56,-10.4,-13,-2.7,62609,1.5,0,0.0,0,0.0,54,8.8
"37043","5","10","71","0","2017","4","",239,1404,1432,1405,11208214,4318848,51646,610,"",0.97,0.85,0.86,0.86,0.82,1.03,1.01,0.96,"",11,4.8,-59,-4.0,-34,-2.3,-40,-2.8,336534,3.1,397348,10.1,-20036,-28.0,36,6.3
"37045","0","10","70","0","2017","4","",2018,35380,35351,35388,360874145,72580184,770788,785,"",1.00,1.00,1.00,1.00,1.00,1.00,1.00,1.00,"",-6,-0.3,610,1.8,451,1.3,569,1.6,15498920,4.5,6772653,10.3,-307662,-28.5,22,2.9
"37045","1","10","71","0","2017","4","",17,175,176,182,2642174,0,0,1144,"",1.40,0.26,0.26,0.27,0.27,0.00,0.00,1.02,"",-1,-5.6,-3,-1.7,4,2.3,10,5.8,88130,3.5,0,0.0,0,0.0,15,1.3
"37045","2","10","71","0","2017","4","",12,833,866,834,7696923,0,0,701,"",0.85,0.73,0.76,0.74,0.65,0.00,0.00,0.88,"",1,9.1,-19,-2.2,-1,-0.1,-34,-3.9,-451977,-5.5,0,0.0,0,0.0,-26,-3.6
"37045","3","10","71","0","2017","4","",84,6044,6168,6065,65731555,0,0,830,"",2.45,1.72,1.76,1.73,2.12,0.00,0.00,1.22,"",1,1.2,-53,-0.9,122,2.0,-133,-2.1,271939,0.4,0,0.0,0,0.0,6,0.7
"37045","5","10","71","0","2017","4","",1905,28328,28141,28307,284803493,72580184,770788,775,"",0.97,0.94,0.94,0.94,0.92,1.03,1.01,0.98,"",-7,-0.4,685,2.5,326,1.2,726,2.6,15590828,5.8,6772653,10.3,-307662,-28.5,27,3.6
"37047","0","10","70","0","2017","4","",1080,15383,15258,15121,136248984,29508925,291483,687,"",1.00,1.00,1.00,1.00,1.00,1.00,1.00,1.00,"",9,0.8,-14,-0.1,-314,-2.0,-356,-2.3,-47132,0.0,197999,0.7,-164224,-36.0,10,1.5
"37047","1","10","71","0","2017","4","",18,126,124,127,1644079,0,0,1006,"",2.78,0.43,0.42,0.44,0.44,0.00,0.00,1.02,"",0,0.0,5,4.1,-6,-4.6,1,0.8,-6270,-0.4,0,0.0,0,0.0,-4,-0.4
"37047","2","10","71","0","2017","4","",16,1225,1233,1228,12813077,0,0,802,"",2.11,2.48,2.52,2.55,2.88,0.00,0.00,1.14,"",0,0.0,-55,-4.3,-47,-3.7,-61,-4.7,-238262,-1.8,0,0.0,0,0.0,19,2.4
"37047","3","10","71","0","2017","4","",54,2189,2169,2165,20018528,30751,261,708,"",2.94,1.44,1.43,1.45,1.71,0.05,0.17,1.19,"",1,1.9,-41,-1.8,-74,-3.3,-104,-4.6,-312161,-1.5,-1899,-5.8,-214,-45.1,12,1.7
"37047","5","10","71","0","2017","4","",992,11843,11732,11601,101773300,29478174,291222,668,"",0.95,0.91,0.91,0.90,0.87,1.03,1.01,0.97,"",8,0.8,77,0.7,-187,-1.6,-192,-1.6,509561,0.5,199898,0.7,-164010,-36.0,9,1.4
"37049","0","10","70","0","2017","4","",2366,39288,39450,39377,441656052,65081676,548603,863,"",1.00,1.00,1.00,1.00,1.00,1.00,1.00,1.00,"",54,2.3,-539,-1.4,-777,-1.9,-647,-1.6,2702729,0.6,23570,0.0,-423833,-43.6,19,2.3
"37049","1","10","71","0","2017","4","",23,5560,5551,5557,98744946,0,0,1367,"",1.62,7.35,7.35,7.33,8.13,0.00,0.00,1.11,"",-1,-4.2,-141,-2.5,-175,-3.1,-138,-2.4,975940,1.0,0,0.0,0,0.0,49,3.7
"37049","2","10","71","0","2017","4","",19,1340,1362,1344,12418094,0,0,708,"",1.15,1.06,1.08,1.07,0.86,0.00,0.00,0.80,"",0,0.0,27,2.1,39,2.9,17,1.3,6331,0.1,0,0.0,0,0.0,-15,-2.1
"37049","3","10","71","0","2017","4","",67,5635,5694,5702,63150448,32014,259,856,"",1.67,1.45,1.45,1.46,1.66,0.02,0.09,1.14,"",-1,-1.5,-28,-0.5,58,1.0,122,2.2,984068,1.6,26500,480.6,193,292.4,6,0.7
"37049","5","10","71","0","2017","4","",2257,26753,26843,26774,267342564,65049662,548344,768,"",0.98,0.80,0.80,0.80,0.71,1.03,1.01,0.89,"",56,2.5,-397,-1.5,-699,-2.5,-648,-2.4,736390,0.3,-2930,0.0,-424026,-43.6,19,2.5
"37051","0","10","70","0","2017","4","",6233,119355,120393,120638,1293457160,217428009,2339954,828,"",1.00,1.00,1.00,1.00,1.00,1.00,1.00,1.00,"",73,1.2,1059,0.9,148,0.1,440,0.4,49745864,4.0,8637621,4.1,-865652,-27.0,28,3.5
"37051","1","10","71","0","2017","4","",65,14611,14633,14779,252362955,0,0,1323,"",1.74,6.36,6.35,6.36,7.10,0.00,0.00,1.12,"",-1,-1.5,-116,-0.8,-111,-0.8,-25,-0.2,8920378,3.7,0,0.0,0,0.0,54,4.3
"37051","2","10","71","0","2017","4","",21,3383,3461,3417,37779302,0,0,850,"",0.48,0.88,0.90,0.89,0.89,0.00,0.00,1.01,"",1,5.0,11,0.3,54,1.6,4,0.1,-1091958,-2.8,0,0.0,0,0.0,-30,-3.4
"37051","3","10","71","0","2017","4","",139,18849,19229,19029,227831382,41753,1631,921,"",1.31,1.59,1.61,1.59,2.05,0.01,0.13,1.28,"",4,3.0,362,2.0,539,2.9,312,1.7,11524224,5.3,4842,13.1,267,19.6,28,3.1
"37051","5","10","71","0","2017","4","",6008,82512,83070,83413,775483521,217386256,2338323,719,"",0.99,0.81,0.81,0.81,0.70,1.03,1.01,0.86,"",69,1.2,802,1.0,-334,-0.4,149,0.2,30393220,4.1,8632779,4.1,-865919,-27.0,27,3.9
"37053","0","10","70","0","2017","4","",722,6823,6229,6003,59959482,14070738,206598,726,"",1.00,1.00,1.00,1.00,1.00,1.00,1.00,1.00,"",6,0.8,151,2.3,87,1.4,141,2.4,3263728,5.8,1366242,10.8,-34893,-14.4,25,3.6
"37053","1","10","71","0","2017","4","",17,38,37,34,474253,0,0,1004,"",3.93,0.29,0.31,0.29,0.29,0.00,0.00,0.97,"",0,0.0,4,11.8,3,8.8,-2,-5.6,52594,12.5,0,0.0,0,0.0,68,7.3
"37053","2","10","71","0","2017","4","",10,84,85,83,880870,0,0,807,"",1.98,0.38,0.43,0.43,0.45,0.00,0.00,1.09,"",0,0.0,-3,-3.4,0,0.0,-3,-3.5,-69894,-7.4,0,0.0,0,0.0,-43,-5.1
"37053","3","10","71","0","2017","4","",16,1129,1129,1130,11633318,0,0,792,"",1.30,1.67,1.83,1.90,2.26,0.00,0.00,1.26,"",0,0.0,-12,-1.1,-22,-1.9,-4,-0.4,154917,1.3,0,0.0,0,0.0,19,2.5
"37053","5","10","71","0","2017","4","",679,5572,4978,4756,46971041,14070738,206598,708,"",0.97,0.96,0.94,0.93,0.92,1.03,1.01,0.97,"",6,0.9,162,3.0,106,2.2,150,3.3,3126111,7.1,1366242,10.8,-34893,-14.4,28,4.1
"37055","0","10","70","0","2017","4","",1933,19306,17864,16603,158764319,39046613,772392,681,"",1.00,1.00,1.00,1.00,1.00,1.00,1.00,1.00,"",39,2.1,170,0.9,193,1.1,192,1.2,5269622,3.4,1712795,4.6,-138556,-15.2,15,2.3
"37055","1","10","71","0","2017","4","",18,216,187,188,2913190,0,0,1138,"",1.55,0.58,0.55,0.59,0.67,0.00,0.00,1.17,"",0,0.0,18,9.1,-4,-2.1,-3,-1.6,63318,2.2,0,0.0,0,0.0,4,0.4
"37055","2","10","71","0","2017","4","",12,594,584,574,5639817,0,0,743,"",0.89,0.96,1.02,1.08,1.09,0.00,0.00,1.07,"",-2,-14.3,-13,-2.1,-21,-3.5,-10,-1.7,-223510,-3.8,0,0.0,0,0.0,-10,-1.3
"37055","3","10","71","0","2017","4","",29,2631,2694,2624,28658734,13432,30,832,"",0.88,1.38,1.52,1.60,2.10,0.02,0.01,1.41,"",0,0.0,42,1.6,-30,-1.1,52,2.0,1099618,4.0,2236,20.0,-66,-68.8,25,3.1
"37055","5","10","71","0","2017","4","",1874,15865,14399,13217,121552578,39033181,772362,645,"",1.00,0.97,0.95,0.94,0.90,1.03,1.01,0.94,"",41,2.2,123,0.8,248,1.8,153,1.2,4330196,3.7,1710559,4.6,-138490,-15.2,15,2.4
"37057","0","10","70","0","2017","4","",2863,43360,43531,43672,455075734,92636056,955972,804,"",1.00,1.00,1.00,1.00,1.00,1.00,1.00,1.00,"",32,1.1,-431,-1.0,-381,-0.9,-154,-0.4,17623894,4.0,3068201,3.4,-414492,-30.2,36,4.7
"37057","1","10","71","0","2017","4","",13,179,179,184,2715151,0,0,1156,"",0.76,0.21,0.21,0.22,0.22,0.00,0.00,1.01,"",0,0.0,8,4.7,-4,-2.2,-1,-0.5,34560,1.3,0,0.0,0,0.0,8,0.7
"37057","2","10","71","0","2017","4","",15,918,930,917,8503749,0,0,710,"",0.75,0.66,0.67,0.66,0.57,0.00,0.00,0.87,"",0,0.0,-14,-1.5,-14,-1.5,-34,-3.6,-71976,-0.8,0,0.0,0,0.0,10,1.4
"37057","3","10","71","0","2017","4","",83,5475,5455,5482,57087752,26015,130,803,"",1.71,1.27,1.26,1.27,1.46,0.01,0.03,1.15,"",9,12.2,-74,-1.3,-116,-2.1,-41,-0.7,707430,1.3,-1783,-6.4,-223,-63.2,21,2.7
"37057","5","10","71","0","2017","4","",2752,36788,36967,37089,386769082,92610041,955842,805,"",0.99,1.00,1.00,1.00,1.00,1.03,1.01,1.00,"",23,0.8,-351,-0.9,-247,-0.7,-78,-0.2,16953880,4.6,3069984,3.4,-414269,-30.2,40,5.2
"37059","0","10","70","0","2017","4","",895,12866,12912,12914,118128235,28984584,325101,705,"",1.00,1.00,1.00,1.00,1.00,1.00,1.00,1.00,"",13,1.5,432,3.5,288,2.3,145,1.1,5691475,5.1,689741,2.4,-139719,-30.1,19,2.8
"37059","1","10","71","0","2017","4","",3,61,60,62,846366,0,0,1067,"",0.56,0.25,0.24,0.25,0.26,0.00,0.00,1.06,"",0,0.0,-2,-3.2,-3,-4.8,0,0.0,19042,2.3,0,0.0,0,0.0,51,5.0
"37059","2","10","71","0","2017","4","",12,107,108,107,1068335,0,0,766,"",1.91,0.26,0.26,0.26,0.28,0.00,0.00,1.07,"",-1,-7.7,-5,-4.5,-5,-4.4,-13,-10.8,-110934,-9.4,0,0.0,0,0.0,-23,-2.9
"37059","3","10","71","0","2017","4","",25,1487,1494,1510,14967043,13014,47,769,"",1.64,1.17,1.17,1.18,1.47,0.02,0.03,1.26,"",0,0.0,21,1.4,16,1.1,-16,-1.0,735584,5.2,-2120,-14.0,-104,-68.9,34,4.6
"37059","5","10","71","0","2017","4","",855,11211,11250,11235,101246491,28971570,325054,693,"",0.98,1.03,1.03,1.02,1.00,1.03,1.01,0.98,"",14,1.7,418,3.9,280,2.6,174,1.6,5047783,5.2,691861,2.4,-139615,-30.0,17,2.5
"37061","0","10","70","0","2017","4","",1079,19435,19040,18956,171116924,41372587,397878,688,"",1.00,1.00,1.00,1.00,1.00,1.00,1.00,1.00,"",0,0.0,-707,-3.5,-1353,-6.6,-1251,-6.2,-1235369,-0.7,891671,2.2,-309957,-43.8,33,5.0
"37061","1","10","71","0","2017","4","",16,119,118,120,1764728,0,0,1141,"",2.47,0.32,0.32,0.33,0.38,0.00,0.00,1.16,"",-1,-5.9,-4,-3.3,-4,-3.3,-6,-4.8,-117465,-6.2,0,0.0,0,0.0,-30,-2.6
"37061","2","10","71","0","2017","4","",13,384,391,379,3671978,0,0,734,"",1.72,0.62,0.64,0.63,0.66,0.00,0.00,1.05,"",-1,-7.1,3,0.8,-38,-8.9,-5,-1.3,-186573,-4.8,0,0.0,0,0.0,-12,-1.6
"37061","3","10","71","0","2017","4","",34,2986,2907,2916,28207899,18227,11,739,"",1.85,1.55,1.54,1.55,1.92,0.02,0.01,1.24,"",-2,-5.6,-31,-1.0,-39,-1.3,-33,-1.1,496383,1.8,6961,61.8,-25,-69.4,21,2.9
"37061","5","10","71","0","2017","4","",1016,15946,15624,15541,137472319,41354360,397867,673,"",0.97,0.97,0.97,0.96,0.94,1.03,1.01,0.97,"",4,0.4,-675,-4.1,-1272,-7.5,-1207,-7.2,-1427714,-1.0,884710,2.2,-309932,-43.8,35,5.5
"37063","0","10","70","0","2017","4","",8425,201804,202913,202160,3377433196,306158031,2978261,1284,"",1.00,1.00,1.00,1.00,1.00,1.00,1.00,1.00,"",238,2.9,5331,2.7,4805,2.4,3793,1.9,149839232,4.6,10566148,3.6,-1713096,-36.5,28,2.2
"37063","1","10","71","0","2017","4","",26,6115,6073,6065,142549183,0,0,1802,"",0.51,1.57,1.56,1.56,1.54,0.00,0.00,0.98,"",1,4.0,73,1.2,-53,-0.9,-67,-1.1,5453150,4.0,0,0.0,0,0.0,73,4.2
"37063","2","10","71","0","2017","4","",25,3866,3872,3856,48703019,489947,5432,969,"",0.42,0.60,0.60,0.60,0.44,0.13,1.38,0.74,"",1,4.2,64,1.7,56,1.5,91,2.4,230150,0.5,108822,28.6,-2267,-29.4,-14,-1.4
"37063","3","10","71","0","2017","4","",20,11036,11135,10754,126445731,0,0,886,"",0.14,0.55,0.55,0.54,0.44,0.00,0.00,0.80,"",0,0.0,389,3.7,141,1.3,129,1.2,3451371,2.8,0,0.0,0,0.0,6,0.7
"37063","5","10","71","0","2017","4","",8354,180787,181833,181485,3059735263,305668084,2972829,1298,"",1.02,1.05,1.05,1.06,1.06,1.03,1.00,1.01,"",236,2.9,4805,2.7,4661,2.6,3640,2.0,140704561,4.8,10457326,3.5,-1710829,-36.5,29,2.3
"37065","0","10","70","0","2017","4","",910,16664,16611,16407,153041691,30533132,387403,711,"",1.00,1.00,1.00,1.00,1.00,1.00,1.00,1.00,"",9,1.0,-302,-1.8,-818,-4.7,-547,-3.2,-2778478,-1.8,-616527,-2.0,-199986,-34.0,11,1.6
"37065","1","10","71","0","2017","4","",10,192,192,189,3246274,0,0,1307,"",1.83,0.60,0.60,0.60,0.77,0.00,0.00,1.29,"",0,0.0,0,0.0,-1,-0.5,-16,-7.8,36613,1.1,0,0.0,0,0.0,52,4.1
"37065","2","10","71","0","2017","4","",17,660,666,663,6208459,0,0,720,"",2.67,1.23,1.25,1.27,1.24,0.00,0.00,0.99,"",0,0.0,-7,-1.0,-6,-0.9,-22,-3.2,-324176,-5.0,0,0.0,0,0.0,-25,-3.4
"37065","3","10","71","0","2017","4","",41,3724,3739,3691,37511690,900,16,776,"",2.65,2.26,2.27,2.27,2.85,0.00,0.01,1.26,"",-2,-4.7,47,1.3,-52,-1.4,17,0.5,277274,0.7,180,25.0,9,128.6,5,0.6
"37065","5","10","71","0","2017","4","",842,12088,12014,11864,106075268,30532232,387387,681,"",0.95,0.85,0.85,0.85,0.81,1.03,1.01,0.95,"",11,1.3,-342,-2.8,-759,-5.9,-526,-4.2,-2768189,-2.5,-616707,-2.0,-199995,-34.0,13,1.9
"37067","0","10","70","0","2017","4","",9202,185768,186505,186812,2436704813,321472330,3270202,1006,"",1.00,1.00,1.00,1.00,1.00,1.00,1.00,1.00,"",6,0.1,1860,1.0,2068,1.1,2293,1.2,149595882,6.5,-3865033,-1.2,-1891320,-36.6,51,5.3
"37067","1","10","71","0","2017","4","",33,1553,1575,1596,29093130,0,0,1421,"",0.60,0.43,0.44,0.44,0.43,0.00,0.00,0.99,"",0,0.0,-57,-3.5,27,1.7,39,2.5,158144,0.5,0,0.0,0,0.0,5,0.4
"37067","2","10","71","0","2017","4","",27,4020,4064,3983,44228854,0,0,846,"",0.42,0.67,0.68,0.67,0.56,0.00,0.00,0.82,"",-1,-3.6,-68,-1.7,-44,-1.1,-67,-1.7,-1622679,-3.5,0,0.0,0,0.0,-18,-2.1
"37067","3","10","71","0","2017","4","",109,14134,14225,14229,147160451,0,0,797,"",0.70,0.77,0.77,0.77,0.70,0.00,0.00,0.91,"",1,0.9,105,0.7,178,1.3,219,1.6,5164119,3.6,0,0.0,0,0.0,18,2.3
"37067","5","10","71","0","2017","4","",9033,166061,166641,167004,2216222378,321472330,3270202,1023,"",1.01,1.05,1.05,1.05,1.07,1.03,1.01,1.01,"",6,0.1,1880,1.1,1907,1.2,2102,1.3,145896298,7.0,-3865033,-1.2,-1891320,-36.6,56,5.8
"37069","0","10","70","0","2017","4","",1149,12201,12190,12177,133770495,25338327,239276,844,"",1.00,1.00,1.00,1.00,1.00,1.00,1.00,1.00,"",37,3.3,394,3.3,395,3.3,347,2.9,11984770,9.8,2444948,10.7,-108606,-31.2,51,6.4
"37069","1","10","71","0","2017","4","",7,80,81,84,1207340,0,0,1137,"",1.02,0.34,0.35,0.36,0.33,0.00,0.00,0.94,"",0,0.0,6,8.1,-9,-10.0,-6,-6.7,16412,1.4,0,0.0,0,0.0,55,5.1
"37069","2","10","71","0","2017","4","",10,319,321,316,3583920,0,0,865,"",1.24,0.81,0.82,0.81,0.82,0.00,0.00,1.00,"",-1,-9.1,-22,-6.5,-13,-3.9,-25,-7.3,-140306,-3.8,0,0.0,0,0.0,19,2.2
"37069","3","10","71","0","2017","4","",30,1999,2017,2033,20554990,0,0,784,"",1.54,1.65,1.67,1.69,1.79,0.00,0.00,1.07,"",0,0.0,-51,-2.5,-35,-1.7,-5,-0.2,667923,3.4,0,0.0,0,0.0,37,5.0
"37069","5","10","71","0","2017","4","",1102,9803,9771,9744,108424245,25338327,239276,853,"",0.99,0.95,0.94,0.94,0.95,1.03,1.01,1.01,"",38,3.6,461,4.9,452,4.9,383,4.1,11440741,11.8,2444948,10.7,-108606,-31.2,54,6.8
"37071","0","10","70","0","2017","4","",4323,72857,73757,74066,762297051,149400379,1742565,797,"",1.00,1.00,1.00,1.00,1.00,1.00,1.00,1.00,"",55,1.3,2527,3.6,2618,3.7,3145,4.4,60368730,8.6,11350516,8.2,-537691,-23.6,34,4.5
"37071","1","10","71","0","2017","4","",13,368,364,367,5930429,0,0,1245,"",0.50,0.26,0.26,0.26,0.28,0.00,0.00,1.09,"",-1,-7.1,13,3.7,8,2.2,3,0.8,153382,2.7,0,0.0,0,0.0,5,0.4
"37071","2","10","71","0","2017","4","",16,1145,1202,1187,11107727,0,0,725,"",0.53,0.49,0.51,0.50,0.45,0.00,0.00,0.89,"",0,0.0,-28,-2.4,3,0.3,-7,-0.6,-675161,-5.7,0,0.0,0,0.0,-38,-5.0
"37071","3","10","71","0","2017","4","",101,8342,8387,8415,90068243,25515,15,827,"",1.37,1.16,1.15,1.15,1.37,0.01,0.00,1.20,"",0,0.0,112,1.4,98,1.2,114,1.4,4296790,5.0,513,2.1,-115,-88.5,30,3.8
"37071","5","10","71","0","2017","4","",4193,63002,63804,64097,655190652,149374864,1742550,792,"",1.00,1.02,1.02,1.02,1.01,1.03,1.01,0.99,"",56,1.4,2430,4.0,2509,4.1,3035,5.0,56593719,9.5,11350003,8.2,-537576,-23.6,37,4.9
"37073","0","10","70","0","2017","4","",159,1442,1445,1457,12883885,2524790,26720,684,"",1.00,1.00,1.00,1.00,1.00,1.00,1.00,1.00,"",2,1.3,-4,-0.3,-64,-4.2,-60,-4.0,-20470,-0.2,-81943,-3.1,-6204,-18.8,18,2.7
"37073","1","10","71","0","2017","4","",9,18,14,16,195666,0,0,941,"",9.44,0.65,0.51,0.57,0.55,0.00,0.00,0.96,"",0,0.0,1,5.9,-3,-17.6,-3,-15.8,-12095,-5.8,0,0.0,0,0.0,36,4.0
"37073","2","10","71","0","2017","4","",6,32,32,32,296609,0,0,713,"",5.39,0.69,0.69,0.69,0.71,0.00,0.00,1.02,"",0,0.0,-3,-8.6,-3,-8.6,-2,-5.9,-68958,-18.9,0,0.0,0,0.0,-98,-12.1
"37073","3","10","71","0","2017","4","",11,485,488,482,4017799,0,0,637,"",4.07,3.39,3.40,3.34,3.63,0.00,0.00,1.07,"",0,0.0,16,3.4,3,0.6,6,1.3,59054,1.5,0,0.0,0,0.0,-2,-0.3
"37073","5","10","71","0","2017","4","",133,907,911,927,8373811,2524790,26720,704,"",0.86,0.74,0.74,0.75,0.76,1.03,1.01,1.02,"",2,1.5,-18,-1.9,-61,-6.3,-61,-6.2,1529,0.0,-81943,-3.1,-6204,-18.8,34,5.1
"37075","0","10","70","0","2017","4","",188,2014,1948,1885,17357585,4569133,99763,685,"",1.00,1.00,1.00,1.00,1.00,1.00,1.00,1.00,"",-4,-2.1,23,1.2,-18,-0.9,-37,-1.9,657681,3.9,-282284,-5.8,-44831,-31.0,29,4.4
"37075","1","10","71","0","2017","4","",4,30,31,30,452573,0,0,1148,"",3.55,0.77,0.83,0.83,0.95,0.00,0.00,1.17,"",0,0.0,1,3.4,2,6.9,1,3.4,-108814,-19.4,0,0.0,0,0.0,-341,-22.9
"37075","2","10","71","0","2017","4","",5,30,30,30,332116,0,0,852,"",3.80,0.46,0.48,0.50,0.59,0.00,0.00,1.22,"",-1,-16.7,0,0.0,-1,-3.2,-1,-3.2,-25726,-7.2,0,0.0,0,0.0,-46,-5.1
"37075","3","10","71","0","2017","4","",12,450,455,449,3775244,10093,248,643,"",3.76,2.25,2.35,2.41,2.53,0.11,0.47,1.08,"",0,0.0,-4,-0.9,-8,-1.7,-15,-3.2,-37955,-1.0,-1226,-10.8,60,31.9,6,0.9
"37075","5","10","71","0","2017","4","",167,1504,1432,1376,12797652,4559040,99515,685,"",0.92,0.88,0.87,0.86,0.86,1.03,1.00,0.99,"",-3,-1.8,26,1.8,-11,-0.8,-22,-1.6,830176,6.9,-281058,-5.8,-44891,-31.1,46,7.2
"37077","0","10","70","0","2017","4","",937,21614,21770,21658,240193621,33969952,321398,852,"",1.00,1.00,1.00,1.00,1.00,1.00,1.00,1.00,"",-23,-2.4,656,3.1,628,3.0,458,2.2,11233522,4.9,3080448,10.0,-167418,-34.2,17,2.0
"37077","1","10","71","0","2017","4","",10,1407,1383,1378,25100185,0,0,1390,"",1.78,3.38,3.32,3.30,3.80,0.00,0.00,1.14,"",0,0.0,-40,-2.8,-61,-4.2,-76,-5.2,66643,0.3,0,0.0,0,0.0,60,4.5
"37077","2","10","71","0","2017","4","",16,4052,4071,4057,46984823,0,0,890,"",2.44,5.84,5.84,5.87,5.99,0.00,0.00,1.02,"",1,6.7,53,1.3,52,1.3,16,0.4,-600872,-1.3,0,0.0,0,0.0,-21,-2.3
"37077","3","10","71","0","2017","4","",30,2500,2549,2448,23966432,17243,10,738,"",1.88,1.17,1.18,1.14,1.16,0.03,0.01,1.00,"",0,0.0,14,0.6,-72,-2.7,0,0.0,187912,0.8,1239,7.7,-41,-80.4,12,1.7
"37077","5","10","71","0","2017","4","",881,13655,13767,13775,144142181,33952709,321388,807,"",0.97,0.74,0.74,0.75,0.70,1.03,1.01,0.94,"",-24,-2.7,629,4.8,709,5.4,518,3.9,11579839,8.7,3079209,10.0,-167377,-34.2,29,3.7
"37079","0","10","70","0","2017","4","",336,4310,4313,4260,38870262,6986022,55092,696,"",1.00,1.00,1.00,1.00,1.00,1.00,1.00,1.00,"",16,5.0,185,4.5,163,3.9,25,0.6,2698285,7.5,980663,16.3,-25180,-31.4,29,4.3
"37079","1","10","71","0","2017","4","",7,34,32,33,421923,0,0,984,"",3.47,0.41,0.39,0.40,0.39,0.00,0.00,0.99,"",0,0.0,-3,-8.1,0,0.0,2,6.5,13231,3.2,0,0.0,0,0.0,41,4.3
"37079","2","10","71","0","2017","4","N",9,0,0,0,0,0,0,0,"N",3.82,0,0,0,0,0,0,0,"N",-3,-25.0,0,0,0,0,0,0,0,0,0,0,0,0,0,0
"37079","3","10","71","0","2017","4","N",14,0,0,0,0,0,0,0,"N",2.45,0,0,0,0,0,0,0,"N",0,0.0,0,0,0,0,0,0,0,0,0,0,0,0,0,0
"37079","5","10","71","0","2017","4","",306,2521,2504,2461,20678164,6986022,55092,637,"",0.94,0.69,0.68,0.68,0.62,1.03,1.01,0.91,"",19,6.6,210,9.1,174,7.5,128,5.5,2708491,15.1,980663,16.3,-25180,-31.4,42,7.1
"37081","0","10","70","0","2017","4","",14329,282427,283178,282325,3474614236,558024538,5757767,946,"",1.00,1.00,1.00,1.00,1.00,1.00,1.00,1.00,"",61,0.4,151,0.1,-2078,-0.7,-1580,-0.6,163127067,4.9,11479828,2.1,-3395622,-37.1,48,5.3
"37081","1","10","71","0","2017","4","",54,3905,3862,3955,70616723,0,0,1390,"",0.63,0.72,0.71,0.73,0.74,0.00,0.00,1.03,"",1,1.9,-66,-1.7,-95,-2.4,-118,-2.9,501524,0.7,0,0.0,0,0.0,42,3.1
"37081","2","10","71","0","2017","4","",33,8016,8055,7932,102148461,0,0,982,"",0.33,0.88,0.89,0.88,0.90,0.00,0.00,1.02,"",-1,-2.9,93,1.2,114,1.4,73,0.9,-1133950,-1.1,0,0.0,0,0.0,-23,-2.3
"37081","3","10","71","0","2017","4","",185,19950,19855,19681,218832312,21145,205,849,"",0.76,0.71,0.71,0.70,0.73,0.00,0.01,1.03,"",1,0.5,-610,-3.0,-945,-4.5,-650,-3.2,1454990,0.7,806,4.0,20,10.8,36,4.4
"37081","5","10","71","0","2017","4","",14057,250556,251406,250757,3083016740,558003393,5757562,945,"",1.01,1.04,1.05,1.05,1.04,1.03,1.01,0.99,"",60,0.4,734,0.3,-1152,-0.5,-885,-0.4,162304503,5.6,11479022,2.1,-3395642,-37.1,51,5.7
"37083","0","10","70","0","2017","4","",998,15644,15635,15641,136213462,27609513,242313,670,"",1.00,1.00,1.00,1.00,1.00,1.00,1.00,1.00,"",7,0.7,121,0.8,-90,-0.6,-131,-0.8,1703234,1.3,545124,2.0,-152006,-38.5,10,1.5
"37083","1","10","71","0","2017","4","",14,129,128,127,1704813,0,0,1025,"",2.34,0.43,0.43,0.42,0.46,0.00,0.00,1.07,"",0,0.0,7,5.7,3,2.4,2,1.6,18979,1.1,0,0.0,0,0.0,-21,-2.0
"37083","2","10","71","0","2017","4","",15,799,788,773,8101783,0,0,792,"",2.15,1.59,1.57,1.55,1.82,0.00,0.00,1.16,"",0,0.0,22,2.8,-3,-0.4,-30,-3.7,-126413,-1.5,0,0.0,0,0.0,-9,-1.1
"37083","3","10","71","0","2017","4","",47,3098,3110,3149,31769762,33775,107,784,"",2.77,2.00,2.00,2.03,2.71,0.06,0.08,1.35,"",1,2.2,8,0.3,-19,-0.6,23,0.7,1286904,4.2,13676,68.0,11,11.5,31,4.1
"37083","5","10","71","0","2017","4","",922,11618,11609,11592,94637104,27575738,242206,627,"",0.95,0.87,0.87,0.87,0.81,1.03,1.01,0.93,"",6,0.7,84,0.7,-71,-0.6,-126,-1.1,523764,0.6,531448,2.0,-152017,-38.6,5,0.8
"37085","0","10","70","0","2017","4","",1784,25906,25869,25391,234139545,55017814,543197,700,"",1.00,1.00,1.00,1.00,1.00,1.00,1.00,1.00,"",26,1.5,576,2.3,349,1.4,254,1.0,4795486,2.1,779407,1.4,-294171,-35.1,3,0.4
"37085","1","10","71","0","2017","4","",15,132,132,127,1878157,0,0,1108,"",1.40,0.26,0.27,0.26,0.29,0.00,0.00,1.11,"",0,0.0,9,7.3,4,3.1,-6,-4.5,-36896,-1.9,0,0.0,0,0.0,-43,-3.7
"37085","2","10","71","0","2017","4","",16,715,719,712,7182475,16400,249,772,"",1.28,0.86,0.87,0.88,0.94,0.02,0.35,1.08,"",-1,-5.9,-2,-0.3,-9,-1.2,-12,-1.7,-139328,-1.9,4100,33.3,-24,-8.8,-7,-0.9
"37085","3","10","71","0","2017","4","",43,4731,4805,4753,53575175,0,0,865,"",1.42,1.84,1.87,1.89,2.66,0.00,0.00,1.42,"",1,2.4,49,1.0,99,2.1,5,0.1,2170628,4.2,0,0.0,0,0.0,26,3.1
"37085","5","10","71","0","2017","4","",1710,20328,20213,19799,171503738,55001414,542948,656,"",0.99,0.92,0.92,0.92,0.86,1.03,1.01,0.93,"",26,1.5,520,2.6,255,1.3,267,1.4,2801082,1.7,775307,1.4,-294147,-35.1,-1,-0.2
"37087","0","10","70","0","2017","4","",1510,17215,17298,17602,162831213,38001903,362121,721,"",1.00,1.00,1.00,1.00,1.00,1.00,1.00,1.00,"",29,2.0,-45,-0.3,13,0.1,308,1.8,5982281,3.8,1489936,4.1,-196285,-35.2,23,3.3
"37087","1","10","71","0","2017","4","",8,113,114,115,1696117,0,0,1144,"",0.88,0.34,0.34,0.34,0.38,0.00,0.00,1.11,"",-1,-11.1,1,0.9,-2,-1.7,-5,-4.2,69569,4.3,0,0.0,0,0.0,65,6.0
"37087","2","10","71","0","2017","4","",15,539,544,545,4766830,0,0,676,"",1.42,0.98,0.98,0.97,0.90,0.00,0.00,0.92,"",0,0.0,14,2.7,13,2.4,6,1.1,-157167,-3.2,0,0.0,0,0.0,-36,-5.1
"37087","3","10","71","0","2017","4","",32,2132,2176,2208,20666682,0,0,732,"",1.25,1.25,1.27,1.27,1.48,0.00,0.00,1.17,"",0,0.0,-67,-3.0,-4,-0.2,4,0.2,338947,1.7,0,0.0,0,0.0,19,2.7
"37087","5","10","71","0","2017","4","",1455,14431,14464,14734,135701584,38001903,362121,718,"",0.99,0.99,0.98,0.98,0.98,1.03,1.01,0.99,"",30,2.1,7,0.0,6,0.0,303,2.1,5730932,4.4,1489936,4.1,-196285,-35.2,26,3.8
"37089","0","10","70","0","2017","4","",3056,38632,38127,38026,391077467,86468074,755212,786,"",1.00,1.00,1.00,1.00,1.00,1.00,1.00,1.00,"",63,2.1,1063,2.8,1027,2.8,842,2.3,24723863,6.7,6770004,8.5,-373529,-33.1,30,4.0
"37089","1","10","71","0","2017","4","",22,227,227,229,3673796,0,0,1241,"",1.20,0.31,0.31,0.31,0.34,0.00,0.00,1.10,"",0,0.0,12,5.6,10,4.6,10,4.6,87616,2.4,0,0.0,0,0.0,-30,-2.4
"37089","2","10","71","0","2017","4","",17,889,667,674,6336683,0,0,656,"",0.79,0.72,0.55,0.56,0.50,0.00,0.00,0.82,"",-1,-5.6,-46,-4.9,-49,-6.8,-11,-1.6,-331389,-5.0,0,0.0,0,0.0,-3,-0.5
"37089","3","10","71","0","2017","4","",60,4808,4808,4793,58735326,3070177,1852,941,"",1.16,1.26,1.27,1.27,1.75,1.79,0.47,1.38,"",0,0.0,149,3.2,113,2.4,112,2.4,3722163,6.8,379456,14.1,-10251,-84.7,36,4.0
"37089","5","10","71","0","2017","4","",2957,32708,32425,32330,322331662,83397897,753360,763,"",1.00,1.00,1.00,1.00,0.97,1.00,1.00,0.97,"",64,2.2,948,3.0,953,3.0,731,2.3,21245473,7.1,6390548,8.3,-363278,-32.5,30,4.1
"37091","0","10","70","0","2017","4","",468,9093,9130,9081,84994718,15790179,141249,718,"",1.00,1.00,1.00,1.00,1.00,1.00,1.00,1.00,"",-4,-0.8,62,0.7,33,0.4,-57,-0.6,3156611,3.9,1017567,6.9,-67657,-32.4,25,3.6
"37091","1","10","71","0","2017","4","",10,65,69,69,895327,0,0,1018,"",3.56,0.37,0.39,0.39,0.38,0.00,0.00,0.99,"",0,0.0,-1,-1.5,3,4.5,4,6.2,65494,7.9,0,0.0,0,0.0,46,4.7
"37091","2","10","71","0","2017","4","",8,345,343,338,3018894,0,0,679,"",2.44,1.18,1.17,1.17,1.09,0.00,0.00,0.93,"",-1,-11.1,-14,-3.9,-17,-4.7,-24,-6.6,-300531,-9.1,0,0.0,0,0.0,-30,-4.2
"37091","3","10","71","0","2017","4","",24,1655,1709,1677,16069910,0,0,736,"",3.02,1.84,1.88,1.87,2.20,0.00,0.00,1.18,"",0,0.0,-35,-2.1,-47,-2.7,-28,-1.6,315726,2.0,0,0.0,0,0.0,30,4.2
"37091","5","10","71","0","2017","4","",426,7028,7009,6997,65010587,15790179,141249,713,"",0.94,0.91,0.90,0.91,0.90,1.03,1.01,0.99,"",-3,-0.7,112,1.6,94,1.4,-9,-0.1,3075922,5.0,1017567,6.9,-67657,-32.4,27,3.9
"37093","0","10","70","0","2017","4","",501,8495,8487,8460,76011908,16683780,244186,689,"",1.00,1.00,1.00,1.00,1.00,1.00,1.00,1.00,"",21,4.4,87,1.0,-2,0.0,-34,-0.4,2874425,3.9,2273023,15.8,-34113,-12.3,24,3.6
"37093","1","10","71","0","2017","4","",5,54,57,59,823098,0,0,1117,"",1.66,0.33,0.35,0.36,0.39,0.00,0.00,1.13,"",0,0.0,5,10.2,2,3.6,3,5.4,-20659,-2.4,0,0.0,0,0.0,-100,-8.2
"37093","2","10","71","0","2017","4","",10,337,334,331,3872510,0,0,892,"",2.85,1.24,1.23,1.23,1.56,0.00,0.00,1.27,"",-1,-9.1,7,2.1,3,0.9,3,0.9,52733,1.4,0,0.0,0,0.0,1,0.1
"37093","3","10","71","0","2017","4","",6,2118,2133,2127,22046593,0,0,798,"",0.70,2.52,2.53,2.54,3.37,0.00,0.00,1.34,"",0,0.0,-113,-5.1,-107,-4.8,-88,-4.0,-1256007,-5.4,0,0.0,0,0.0,-6,-0.7
"37093","5","10","71","0","2017","4","",480,5986,5963,5943,49269707,16683780,244186,635,"",0.99,0.83,0.83,0.83,0.76,1.03,1.01,0.92,"",22,4.8,188,3.2,100,1.7,48,0.8,4098358,9.1,2273023,15.8,-34113,-12.3,41,6.9
"37095","0","10","70","0","2017","4","",218,2169,1964,1735,15572239,3425526,64295,612,"",1.00,1.00,1.00,1.00,1.00,1.00,1.00,1.00,"",7,3.3,248,12.9,48,2.5,-5,-0.3,218496,1.4,238643,7.5,-13633,-17.5,-23,-3.6
"37095","1","10","71","0","2017","4","",8,42,37,34,474709,0,0,969,"",6.12,1.01,0.98,1.02,1.11,0.00,0.00,1.11,"",0,0.0,2,5.0,1,2.8,0,0.0,40413,9.3,0,0.0,0,0.0,58,6.4
"37095","2","10","71","0","2017","4","",8,245,247,243,2610311,0,0,820,"",5.24,3.52,3.93,4.39,5.13,0.00,0.00,1.31,"",0,0.0,-15,-5.8,-4,-1.6,-8,-3.2,-54391,-2.0,0,0.0,0,0.0,13,1.6
"37095","3","10","71","0","2017","4","",11,322,332,336,2854906,0,0,665,"",2.97,1.50,1.70,1.96,2.13,0.00,0.00,1.25,"",0,0.0,-12,-3.6,-1,-0.3,-3,-0.9,-156299,-5.2,0,0.0,0,0.0,-26,-3.8
"37095","5","10","71","0","2017","4","",191,1560,1348,1122,9632313,3425526,64295,552,"",0.90,0.85,0.81,0.76,0.72,1.03,1.01,0.90,"",7,3.8,273,21.2,52,4.0,6,0.5,388773,4.2,238643,7.5,-13633,-17.5,-25,-4.3
"37097","0","10","70","0","2017","4","",5322,72477,72644,72778,867259336,159247112,1608650,918,"",1.00,1.00,1.00,1.00,1.00,1.00,1.00,1.00,"",96,1.8,241,0.3,163,0.2,519,0.7,30461055,3.6,9451266,6.3,-805236,-33.4,28,3.1
"37097","1","10","71","0","2017","4","",19,274,275,287,4302013,0,0,1188,"",0.60,0.20,0.20,0.20,0.18,0.00,0.00,0.90,"",0,0.0,17,6.6,9,3.4,11,4.0,18042,0.4,0,0.0,0,0.0,-49,-4.0
"37097","2","10","71","0","2017","4","",20,927,922,931,8427733,0,0,700,"",0.54,0.40,0.40,0.40,0.30,0.00,0.00,0.75,"",-2,-9.1,6,0.7,-8,-0.9,-2,-0.2,-308298,-3.5,0,0.0,0,0.0,-24,-3.3
"37097","3","10","71","0","2017","4","",31,7536,7554,7559,81580375,59676,1873,831,"",0.34,1.05,1.05,1.05,1.09,0.02,0.22,1.04,"",0,0.0,33,0.4,65,0.9,40,0.5,1994921,2.5,30105,101.8,944,101.6,15,1.8
"37097","5","10","71","0","2017","4","",5252,63740,63893,64001,772949215,159187436,1606777,931,"",1.02,1.04,1.04,1.03,1.04,1.03,1.01,1.01,"",98,1.9,185,0.3,97,0.2,470,0.7,28756390,3.9,9421161,6.3,-806180,-33.4,31,3.4
"37099","0","10","70","0","2017","4","",1035,13955,13801,13526,130027647,25899444,327103,727,"",1.00,1.00,1.00,1.00,1.00,1.00,1.00,1.00,"",30,3.0,319,2.3,201,1.5,336,2.5,5384061,4.3,1231429,5.0,-138448,-29.7,15,2.1
"37099","1","10","71","0","2017","4","",10,55,57,55,768411,0,0,1062,"",1.61,0.20,0.22,0.21,0.21,0.00,0.00,1.02,"",0,0.0,-1,-1.8,4,7.5,-1,-1.8,-12758,-1.6,0,0.0,0,0.0,-31,-2.8
"37099","2","10","71","0","2017","4","",11,2561,2584,2555,29946465,0,0,897,"",1.52,5.72,5.85,5.92,7.05,0.00,0.00,1.21,"",0,0.0,46,1.8,67,2.7,67,2.7,-550605,-1.8,0,0.0,0,0.0,-39,-4.2
"37099","3","10","71","0","2017","4","",18,1562,1602,1569,18711989,0,0,912,"",1.02,1.13,1.17,1.17,1.67,0.00,0.00,1.45,"",-1,-5.3,-94,-5.7,-158,-9.0,-82,-5.0,919036,5.2,0,0.0,0,0.0,102,12.6
"37099","5","10","71","0","2017","4","",996,9777,9558,9347,80600782,25899444,327103,648,"",0.99,0.82,0.82,0.81,0.73,1.03,1.01,0.89,"",31,3.2,368,3.9,288,3.1,352,3.9,5028388,6.7,1231429,5.0,-138448,-29.7,18,2.9
"37101","0","10","70","0","2017","4","",3519,48049,48573,48510,500288983,98463496,871503,795,"",1.00,1.00,1.00,1.00,1.00,1.00,1.00,1.00,"",125,3.7,1406,3.0,1514,3.2,1260,2.7,34475223,7.4,9290441,10.4,-389619,-30.9,32,4.2
"37101","1","10","71","0","2017","4","",18,247,237,233,3458530,0,0,1113,"",0.85,0.27,0.25,0.25,0.25,0.00,0.00,0.98,"",-2,-10.0,22,9.8,0,0.0,-2,-0.9,90132,2.7,0,0.0,0,0.0,-2,-0.2
"37101","2","10","71","0","2017","4","",14,1067,1074,1078,10481534,0,0,751,"",0.57,0.69,0.69,0.70,0.64,0.00,0.00,0.93,"",1,7.7,3,0.3,20,1.9,27,2.6,-418642,-3.8,0,0.0,0,0.0,-43,-5.4
"37101","3","10","71","0","2017","4","",85,8475,8559,8502,91851314,43259,26,830,"",1.42,1.78,1.77,1.77,2.14,0.02,0.01,1.20,"",2,2.4,190,2.3,256,3.1,192,2.3,4956134,5.7,-13649,-24.0,-213,-89.1,25,3.1
"37101","5","10","71","0","2017","4","",3402,38260,38703,38697,394497605,98420237,871477,787,"",1.00,0.94,0.94,0.94,0.92,1.03,1.01,0.98,"",124,3.8,1191,3.2,1238,3.3,1043,2.8,29847599,8.2,9304090,10.4,-389406,-30.9,37,4.9
"37103","0","10","70","0","2017","4","",215,1670,1668,1694,15721969,2917292,34243,721,"",1.00,1.00,1.00,1.00,1.00,1.00,1.00,1.00,"",7,3.4,88,5.6,1,0.1,-33,-1.9,470033,3.1,412752,16.5,-4567,-11.8,14,2.0
"37103","1","10","71","0","2017","4","",5,20,22,22,251067,0,0,905,"",3.88,0.62,0.69,0.67,0.58,0.00,0.00,0.88,"",0,0.0,-3,-13.0,0,0.0,-138,-86.2,-449714,-64.2,0,0.0,0,0.0,116,14.7
"37103","2","10","71","0","2017","4","",8,54,53,54,553969,0,0,794,"",5.31,1.01,0.99,1.00,1.08,0.00,0.00,1.08,"",0,0.0,-4,-6.9,-5,-8.6,-5,-8.5,-77437,-12.3,0,0.0,0,0.0,-39,-4.7
"37103","3","10","71","0","2017","4","",13,493,496,495,4945817,29912,150,769,"",3.56,2.98,2.99,2.95,3.66,0.52,0.83,1.23,"",0,0.0,-12,-2.4,-59,-10.6,-9,-1.8,-60752,-1.2,-5752,-16.1,-107,-41.6,30,4.1
"37103","5","10","71","0","2017","4","",189,1103,1097,1123,9971116,2887380,34093,692,"",0.91,0.78,0.77,0.78,0.74,1.02,1.00,0.95,"",7,3.8,107,10.7,65,6.3,119,11.9,1057936,11.9,418504,17.0,-4460,-11.6,14,2.1
"37105","0","10","70","0","2017","4","",1397,26084,26293,26154,273958855,62932317,707572,805,"",1.00,1.00,1.00,1.00,1.00,1.00,1.00,1.00,"",7,0.5,258,1.0,322,1.2,-335,-1.3,15835790,6.1,3794371,6.4,-341436,-32.5,44,5.8
"37105","1","10","71","0","2017","4","",11,148,159,169,2500266,0,0,1212,"",1.31,0.29,0.32,0.34,0.33,0.00,0.00,1.05,"",0,0.0,4,2.8,10,6.7,15,9.7,153101,6.5,0,0.0,0,0.0,0,0.0
"37105","2","10","71","0","2017","4","",12,797,806,785,7155705,0,0,692,"",1.23,0.95,0.96,0.94,0.80,0.00,0.00,0.84,"",0,0.0,42,5.6,45,5.9,25,3.3,155557,2.2,0,0.0,0,0.0,-18,-2.5
"37105","3","10","71","0","2017","4","",21,2428,2453,2437,26314199,27127,282,830,"",0.88,0.94,0.94,0.94,1.12,0.02,0.08,1.19,"",0,0.0,-11,-0.5,-46,-1.8,-33,-1.3,647317,2.5,21124,351.9,198,235.7,30,3.8
"37105","5","10","71","0","2017","4","",1353,22711,22875,22763,237988685,62905190,707290,804,"",1.00,1.02,1.02,1.02,1.02,1.03,1.01,0.99,"",7,0.5,223,1.0,313,1.4,-342,-1.5,14879815,6.7,3773247,6.4,-341634,-32.6,49,6.5
"37107","0","10","70","0","2017","4","",1335,28447,28467,28651,278943346,58390143,713059,752,"",1.00,1.00,1.00,1.00,1.00,1.00,1.00,1.00,"",-3,-0.2,1105,4.0,606,2.2,528,1.9,17517677,6.7,3755746,6.9,-287980,-28.8,28,3.9
"37107","1","10","71","0","2017","4","",11,190,186,187,2797357,0,0,1147,"",1.37,0.35,0.34,0.34,0.36,0.00,0.00,1.07,"",0,0.0,-6,-3.1,-14,-7.0,-23,-11.0,-45686,-1.6,0,0.0,0,0.0,64,5.9
"37107","2","10","71","0","2017","4","",17,2094,2127,2132,20329234,0,0,738,"",1.82,2.29,2.33,2.33,2.23,0.00,0.00,0.96,"",1,6.2,2,0.1,54,2.6,38,1.8,-624902,-3.0,0,0.0,0,0.0,-35,-4.5
"37107","3","10","71","0","2017","4","",37,3449,3500,3460,35882064,0,0,796,"",1.63,1.22,1.24,1.22,1.50,0.00,0.00,1.22,"",-5,-11.9,-9,-0.3,51,1.5,-15,-0.4,-432586,-1.2,0,0.0,0,0.0,-11,-1.4
"37107","5","10","71","0","2017","4","",1270,22714,22654,22872,219934691,58390143,713059,744,"",0.98,0.94,0.94,0.94,0.92,1.03,1.01,0.98,"",1,0.1,1118,5.2,515,2.3,528,2.4,18620851,9.2,3755746,6.9,-287980,-28.8,41,5.8
"37109","0","10","70","0","2017","4","",1788,22486,22607,22752,236754466,47658061,550640,805,"",1.00,1.00,1.00,1.00,1.00,1.00,1.00,1.00,"",40,2.3,-65,-0.3,90,0.4,175,0.8,7809131,3.4,1025025,2.2,-260383,-32.1,24,3.1
"37109","1","10","71","0","2017","4","",6,108,119,117,1761492,0,0,1182,"",0.56,0.25,0.28,0.27,0.27,0.00,0.00,1.03,"",0,0.0,2,1.9,14,13.3,12,11.4,82694,4.9,0,0.0,0,0.0,-44,-3.6
"37109","2","10","71","0","2017","4","",10,252,255,255,2594180,0,0,786,"",0.80,0.35,0.35,0.35,0.34,0.00,0.00,0.96,"",-1,-9.1,7,2.9,3,1.2,1,0.4,-75902,-2.8,0,0.0,0,0.0,-34,-4.1
"37109","3","10","71","0","2017","4","",47,3414,3410,3422,37304565,0,0,840,"",1.55,1.53,1.52,1.52,1.83,0.00,0.00,1.20,"",0,0.0,-6,-0.2,-26,-0.8,-11,-0.3,653936,1.8,0,0.0,0,0.0,18,2.2
"37109","5","10","71","0","2017","4","",1725,18712,18823,18958,195094229,47658061,550640,797,"",0.99,0.98,0.98,0.98,0.97,1.03,1.01,0.98,"",41,2.4,-68,-0.4,99,0.5,173,0.9,7148403,3.8,1025025,2.2,-260383,-32.1,26,3.4
"37111","0","10","70","0","2017","4","",779,16217,16123,16102,151218836,31856024,392006,720,"",1.00,1.00,1.00,1.00,1.00,1.00,1.00,1.00,"",27,3.6,201,1.3,120,0.7,114,0.7,8184001,5.7,4259120,15.4,-119022,-23.3,32,4.7
"37111","1","10","71","0","2017","4","",6,78,77,79,1152502,0,0,1137,"",1.28,0.25,0.25,0.25,0.28,0.00,0.00,1.10,"",0,0.0,4,5.4,0,0.0,3,3.9,8151,0.7,0,0.0,0,0.0,-26,-2.2
"37111","2","10","71","0","2017","4","",13,804,788,784,8167972,0,0,793,"",2.38,1.54,1.53,1.53,1.65,0.00,0.00,1.08,"",0,0.0,-1,-0.1,-20,-2.5,-35,-4.3,-307803,-3.6,0,0.0,0,0.0,-11,-1.4
"37111","3","10","71","0","2017","4","",18,1666,1668,1664,15012676,31040,323,693,"",1.36,1.04,1.04,1.04,1.15,0.05,0.16,1.11,"",0,0.0,-18,-1.1,-42,-2.5,-37,-2.2,145552,1.0,5523,21.6,-208,-39.2,20,3.0
"37111","5","10","71","0","2017","4","",742,13669,13590,13575,126885686,31824984,391683,717,"",0.98,0.99,0.99,0.99,0.98,1.03,1.01,0.99,"",27,3.8,216,1.6,182,1.4,183,1.4,8338101,7.0,4253597,15.4,-118814,-23.3,37,5.4
"37113","0","10","70","0","2017","4","",1155,11310,11175,11049,98507127,25673483,308652,678,"",1.00,1.00,1.00,1.00,1.00,1.00,1.00,1.00,"",25,2.2,134,1.2,115,1.0,103,0.9,1742525,1.8,1515769,6.3,-103132,-25.0,5,0.7
"37113","1","10","71","0","2017","4","",11,165,165,173,2318409,0,0,1064,"",1.59,0.76,0.77,0.81,0.86,0.00,0.00,1.10,"",0,0.0,-2,-1.2,-9,-5.2,0,0.0,-330601,-12.5,0,0.0,0,0.0,-125,-10.5
"37113","2","10","71","0","2017","4","",12,206,202,202,1476866,0,0,559,"",1.48,0.57,0.56,0.57,0.46,0.00,0.00,0.81,"",0,0.0,-2,-1.0,13,6.9,18,9.8,-131025,-8.1,0,0.0,0,0.0,-80,-12.5
"37113","3","10","71","0","2017","4","",20,1479,1516,1520,13981490,0,0,715,"",1.02,1.32,1.37,1.39,1.65,0.00,0.00,1.22,"",0,0.0,-4,-0.3,14,0.9,-3,-0.2,324386,2.4,0,0.0,0,0.0,16,2.3
"37113","5","10","71","0","2017","4","",1112,9460,9292,9154,80730362,25673483,308652,668,"",0.99,0.98,0.98,0.97,0.96,1.03,1.01,0.98,"",25,2.3,142,1.5,97,1.1,88,1.0,1879765,2.4,1515769,6.3,-103132,-25.0,8,1.2
"37115","0","10","70","0","2017","4","",398,3806,3720,3826,34258670,7397809,74241,696,"",1.00,1.00,1.00,1.00,1.00,1.00,1.00,1.00,"",15,3.9,-13,-0.3,-25,-0.7,-21,-0.5,1995381,6.2,356727,5.1,-28806,-28.0,44,6.7
"37115","1","10","71","0","2017","4","",5,60,64,62,813229,0,0,1009,"",2.09,0.82,0.90,0.84,0.86,0.00,0.00,1.01,"",0,0.0,2,3.4,5,8.5,-1,-1.6,-115331,-12.4,0,0.0,0,0.0,-181,-15.2
"37115","2","10","71","0","2017","4","",7,93,93,92,1041456,0,0,865,"",2.51,0.76,0.78,0.75,0.93,0.00,0.00,1.22,"",0,0.0,1,1.1,1,1.1,0,0.0,7064,0.7,0,0.0,0,0.0,0,0.0
"37115","3","10","71","0","2017","4","",18,821,824,819,6790587,0,0,636,"",2.66,2.18,2.23,2.16,2.31,0.00,0.00,1.05,"",0,0.0,2,0.2,-7,-0.8,-4,-0.5,194854,3.0,0,0.0,0,0.0,21,3.4
"37115","5","10","71","0","2017","4","",368,2832,2739,2853,25613398,7397809,74241,702,"",0.95,0.88,0.87,0.88,0.88,1.03,1.01,1.00,"",15,4.2,-18,-0.6,-24,-0.9,-16,-0.6,1908794,8.1,356727,5.1,-28806,-28.0,57,8.8
"37117","0","10","70","0","2017","4","",489,6911,6968,6990,56266395,13847865,108410,622,"",1.00,1.00,1.00,1.00,1.00,1.00,1.00,1.00,"",-10,-2.0,-189,-2.7,-218,-3.0,-134,-1.9,277384,0.5,424983,3.2,-73069,-40.3,19,3.2
"37117","1","10","71","0","2017","4","",9,44,43,45,611525,0,0,1069,"",3.07,0.33,0.32,0.33,0.40,0.00,0.00,1.20,"",0,0.0,-4,-8.3,-9,-17.3,-5,-10.0,2032,0.3,0,0.0,0,0.0,131,14.0
"37117","2","10","71","0","2017","4","",14,471,468,457,4038186,0,0,668,"",4.09,2.12,2.10,2.05,2.20,0.00,0.00,1.05,"",-1,-6.7,16,3.5,12,2.6,-1,-0.2,-151355,-3.6,0,0.0,0,0.0,-38,-5.4
"37117","3","10","71","0","2017","4","",28,1032,1056,1055,8886592,375,0,652,"",3.37,1.51,1.53,1.53,1.84,0.00,0.00,1.21,"",0,0.0,-11,-1.1,-51,-4.6,-27,-2.5,91332,1.0,0,0.0,0,0.0,24,3.8
"37117","5","10","71","0","2017","4","",438,5364,5401,5433,42730092,13847490,108410,609,"",0.92,0.91,0.91,0.91,0.89,1.03,1.01,0.97,"",-9,-2.0,-190,-3.4,-170,-3.1,-101,-1.8,335375,0.8,424983,3.2,-73069,-40.3,22,3.7
"37119","0","10","70","0","2017","4","",37979,690314,692763,693501,11073564354,1481696273,16620891,1231,"",1.00,1.00,1.00,1.00,1.00,1.00,1.00,1.00,"",739,2.0,17512,2.6,19189,2.8,19548,2.9,608612434,5.8,88088021,6.3,-7420516,-30.9,36,3.0
"37119","1","10","71","0","2017","4","",65,5811,5791,5817,114802657,0,0,1521,"",0.29,0.44,0.44,0.44,0.38,0.00,0.00,0.86,"",0,0.0,62,1.1,-42,-0.7,-107,-1.8,-354647,-0.3,0,0.0,0,0.0,3,0.2
"37119","2","10","71","0","2017","4","",25,8206,8250,8253,109575623,0,0,1023,"",0.09,0.37,0.37,0.37,0.30,0.00,0.00,0.81,"",-1,-3.8,66,0.8,39,0.5,85,1.0,220951,0.2,0,0.0,0,0.0,-6,-0.6
"37119","3","10","71","0","2017","4","",560,63754,63824,63939,921568464,0,0,1110,"",0.87,0.93,0.93,0.93,0.97,0.00,0.00,1.04,"",16,2.9,934,1.5,687,1.1,887,1.4,33478573,3.8,0,0.0,0,0.0,26,2.4
"37119","5","10","71","0","2017","4","",37329,612543,614898,615492,9927617610,1481696273,16620891,1243,"",1.01,1.04,1.04,1.04,1.05,1.03,1.01,1.00,"",724,2.0,16450,2.8,18505,3.1,18683,3.1,575267557,6.2,88088021,6.3,-7420516,-30.9,37,3.1
"37121","0","10","70","0","2017","4","",386,4773,4657,4635,43487391,9648768,107984,714,"",1.00,1.00,1.00,1.00,1.00,1.00,1.00,1.00,"",7,1.8,-47,-1.0,-112,-2.3,-80,-1.7,2282109,5.5,689529,7.7,-36757,-25.4,49,7.4
"37121","1","10","71","0","2017","4","",7,40,35,39,475895,0,0,963,"",3.02,0.44,0.39,0.44,0.40,0.00,0.00,0.94,"",0,0.0,5,14.3,0,0.0,-3,-7.1,-29224,-5.8,0,0.0,0,0.0,-78,-7.5
"37121","2","10","71","0","2017","4","",10,284,271,261,2431643,0,0,688,"",3.70,1.85,1.82,1.77,1.71,0.00,0.00,0.94,"",0,0.0,-2,-0.7,-26,-8.8,-29,-10.0,-97679,-3.9,0,0.0,0,0.0,19,2.8
"37121","3","10","71","0","2017","4","",17,682,692,686,5775249,25548,556,647,"",2.59,1.44,1.50,1.50,1.54,0.13,0.98,1.04,"",0,0.0,-3,-0.4,-4,-0.6,8,1.2,123553,2.2,139,0.5,107,23.8,14,2.2
"37121","5","10","71","0","2017","4","",352,3767,3659,3649,34804604,9623220,107428,725,"",0.94,0.93,0.92,0.93,0.94,1.03,1.00,1.01,"",7,2.0,-47,-1.2,-82,-2.2,-56,-1.5,2285459,7.0,689390,7.7,-36864,-25.5,59,8.9
"37123","0","10","70","0","2017","4","",507,9341,9553,9481,89542484,22821770,224571,728,"",1.00,1.00,1.00,1.00,1.00,1.00,1.00,1.00,"",6,1.2,7,0.1,148,1.6,83,0.9,5480343,6.5,3091173,15.7,-115729,-34.0,39,5.7
"37123","1","10","71","0","2017","4","",7,53,55,54,758392,0,0,1080,"",2.30,0.29,0.30,0.30,0.31,0.00,0.00,1.04,"",0,0.0,3,6.0,4,7.8,2,3.8,9184,1.2,0,0.0,0,0.0,-50,-4.4
"37123","2","10","71","0","2017","4","",10,545,552,547,5313959,0,0,746,"",2.81,1.82,1.80,1.81,1.82,0.00,0.00,1.00,"",1,11.1,-13,-2.3,-19,-3.3,-15,-2.7,-104139,-1.9,0,0.0,0,0.0,7,0.9
"37123","3","10","71","0","2017","4","",24,1097,1119,1099,10309737,21885,13,718,"",2.79,1.19,1.18,1.17,1.34,0.05,0.01,1.14,"",1,4.3,-7,-0.6,-77,-6.4,-20,-1.8,-73429,-0.7,-3551,-14.0,-119,-90.2,17,2.4
"37123","5","10","71","0","2017","4","",466,7646,7827,7781,73160396,22799885,224558,726,"",0.95,0.96,0.96,0.97,0.96,1.03,1.01,0.99,"",4,0.9,24,0.3,240,3.2,116,1.5,5648727,8.4,3094724,15.7,-115610,-34.0,45,6.6
"37125","0","10","70","0","2017","4","",2558,35167,35285,35072,366368191,67684672,622923,801,"",1.00,1.00,1.00,1.00,1.00,1.00,1.00,1.00,"",17,0.7,-218,-0.6,-277,-0.8,-213,-0.6,8951457,2.5,93284,0.1,-329035,-34.6,25,3.2
"37125","1","10","71","0","2017","4","",17,169,184,178,2514697,0,0,1093,"",1.11,0.25,0.27,0.26,0.25,0.00,0.00,0.95,"",-1,-5.6,6,3.7,25,15.7,11,6.6,55563,2.3,0,0.0,0,0.0,-68,-5.9
"37125","2","10","71","0","2017","4","",16,949,963,946,9021051,0,0,728,"",0.89,0.84,0.85,0.85,0.75,0.00,0.00,0.89,"",1,6.7,-15,-1.6,-2,-0.2,-15,-1.6,-509286,-5.3,0,0.0,0,0.0,-33,-4.3
"37125","3","10","71","0","2017","4","",66,3443,3478,3406,36543576,0,0,817,"",1.52,0.99,0.99,0.98,1.16,0.00,0.00,1.18,"",0,0.0,20,0.6,75,2.2,-36,-1.0,538045,1.5,0,0.0,0,0.0,8,1.0
"37125","5","10","71","0","2017","4","",2459,30606,30660,30542,318288867,67684672,622923,800,"",0.99,1.02,1.02,1.02,1.02,1.03,1.01,0.99,"",17,0.7,-229,-0.7,-375,-1.2,-173,-0.6,8867135,2.9,93284,0.1,-329035,-34.6,29,3.8
"37127","0","10","70","0","2017","4","",2153,40241,40681,40580,405497802,87734405,1087756,770,"",1.00,1.00,1.00,1.00,1.00,1.00,1.00,1.00,"",9,0.4,-405,-1.0,-466,-1.1,-567,-1.4,6284698,1.6,6629497,8.2,-412247,-27.5,21,2.8
"37127","1","10","71","0","2017","4","",14,183,181,174,2736013,0,0,1174,"",1.08,0.24,0.23,0.22,0.25,0.00,0.00,1.07,"",0,0.0,0,0.0,5,2.8,-3,-1.7,61289,2.3,0,0.0,0,0.0,22,1.9
"37127","2","10","71","0","2017","4","",14,1037,1068,1040,10600423,0,0,778,"",0.93,0.80,0.82,0.80,0.80,0.00,0.00,0.99,"",-2,-12.5,-26,-2.4,0,0.0,-21,-2.0,-311868,-2.9,0,0.0,0,0.0,-11,-1.4
"37127","3","10","71","0","2017","4","",50,4900,5045,4944,49734268,75579,641,771,"",1.37,1.23,1.25,1.23,1.43,0.04,0.11,1.15,"",0,0.0,-50,-1.0,-123,-2.4,-37,-0.7,-1557207,-3.0,59924,382.8,434,209.7,-13,-1.7
"37127","5","10","71","0","2017","4","",2075,34121,34387,34422,342427098,87658826,1087115,768,"",0.99,1.00,1.00,1.00,0.99,1.03,1.01,0.99,"",11,0.5,-329,-1.0,-348,-1.0,-506,-1.4,8092484,2.4,6569573,8.1,-412681,-27.5,27,3.6
"37129","0","10","70","0","2017","4","",8195,112003,112607,111721,1274674518,226626150,2322880,875,"",1.00,1.00,1.00,1.00,1.00,1.00,1.00,1.00,"",203,2.5,2062,1.9,1352,1.2,1279,1.2,29732764,2.4,9679008,4.5,-1173064,-33.6,9,1.0
"37129","1","10","71","0","2017","4","",33,970,973,974,17815195,0,0,1409,"",0.67,0.45,0.45,0.45,0.51,0.00,0.00,1.13,"",0,0.0,52,5.7,37,4.0,31,3.3,544222,3.2,0,0.0,0,0.0,-16,-1.1
"37129","2","10","71","0","2017","4","",28,4861,4944,4901,60412467,7463,128,948,"",0.49,1.35,1.37,1.38,1.45,0.00,0.04,1.06,"",0,0.0,-10,-0.2,129,2.7,99,2.1,1011375,1.7,-6915,-48.1,-16,-11.1,2,0.2
"37129","3","10","71","0","2017","4","",95,14153,14349,14150,175012174,59370,411,947,"",0.68,1.28,1.28,1.28,1.60,0.01,0.03,1.25,"",2,2.2,329,2.4,10,0.1,283,2.0,4798101,2.8,41868,239.2,244,146.1,12,1.3
"37129","5","10","71","0","2017","4","",8039,92019,92341,91696,1021434682,226559317,2322341,854,"",1.01,0.97,0.97,0.97,0.94,1.03,1.01,0.97,"",201,2.6,1691,1.9,1176,1.3,866,1.0,23379066,2.3,9644055,4.4,-1173292,-33.6,8,0.9
"37131","0","10","70","0","2017","4","",312,5361,5393,5350,48384010,12412795,158145,693,"",1.00,1.00,1.00,1.00,1.00,1.00,1.00,1.00,"",-6,-1.9,13,0.2,-11,-0.2,-24,-0.4,702929,1.5,824780,7.1,-66977,-29.8,11,1.6
"37131","1","10","71","0","2017","4","",15,44,42,48,503435,0,0,867,"",8.02,0.43,0.41,0.47,0.38,0.00,0.00,0.87,"",0,0.0,0,0.0,-1,-2.3,1,2.1,20258,4.2,0,0.0,0,0.0,35,4.2
"37131","2","10","71","0","2017","4","",9,216,211,212,2205976,0,0,797,"",4.12,1.26,1.22,1.24,1.40,0.00,0.00,1.13,"",0,0.0,-10,-4.4,-13,-5.8,-14,-6.2,-131091,-5.6,0,0.0,0,0.0,-1,-0.1
"37131","3","10","71","0","2017","4","",20,878,890,886,7649148,0,0,665,"",3.77,1.65,1.66,1.67,1.84,0.00,0.00,1.11,"",0,0.0,-25,-2.8,-11,-1.2,-9,-1.0,-59743,-0.8,0,0.0,0,0.0,6,0.9
"37131","5","10","71","0","2017","4","",268,4223,4250,4204,38025451,12412795,158145,692,"",0.89,0.93,0.93,0.92,0.92,1.03,1.01,0.99,"",-6,-2.2,48,1.1,14,0.3,-2,0.0,873505,2.4,824780,7.1,-66977,-29.8,12,1.8
"37133","0","10","70","0","2017","4","",3115,49067,49597,49400,440908944,92563140,800398,687,"",1.00,1.00,1.00,1.00,1.00,1.00,1.00,1.00,"",56,1.8,1382,2.9,1684,3.5,1513,3.2,17573551,4.2,5096529,5.8,-381242,-32.3,6,0.9
"37133","1","10","71","0","2017","4","",27,6332,6301,6269,86919514,0,0,1061,"",1.45,6.70,6.64,6.59,7.17,0.00,0.00,1.08,"",0,0.0,-166,-2.6,-145,-2.2,-143,-2.2,-398648,-0.5,0,0.0,0,0.0,20,1.9
"37133","2","10","71","0","2017","4","",17,1061,1089,1064,8996825,0,0,646,"",0.78,0.67,0.69,0.68,0.63,0.00,0.00,0.92,"",0,0.0,1,0.1,10,0.9,2,0.2,-371068,-4.0,0,0.0,0,0.0,-29,-4.3
"37133","3","10","71","0","2017","4","",119,7119,7226,7176,80344216,0,0,862,"",2.25,1.46,1.47,1.47,2.12,0.00,0.00,1.45,"",3,2.6,200,2.9,283,4.1,176,2.5,2758860,3.6,0,0.0,0,0.0,4,0.5
"37133","5","10","71","0","2017","4","",2952,34555,34981,34891,264648389,92563140,800398,585,"",0.98,0.83,0.83,0.83,0.70,1.03,1.01,0.85,"",53,1.8,1347,4.1,1536,4.6,1478,4.4,15584407,6.3,5096529,5.8,-381242,-32.3,11,1.9
"37135","0","10","70","0","2017","4","",4018,71487,71596,71131,1053055431,91046644,794441,1134,"",1.00,1.00,1.00,1.00,1.00,1.00,1.00,1.00,"",-51,-1.3,-326,-0.5,-300,-0.4,-701,-1.0,26803106,2.6,2301527,2.6,-420496,-34.6,35,3.2
"37135","1","10","71","0","2017","4","",15,285,289,293,5048508,0,0,1344,"",0.62,0.21,0.21,0.21,0.17,0.00,0.00,0.83,"",1,7.1,24,9.2,30,11.6,22,8.1,82886,1.7,0,0.0,0,0.0,-105,-7.2
"37135","2","10","71","0","2017","4","N",16,0,0,0,0,0,0,0,"N",0.57,0,0,0,0,0,0,0,"N",2,14.3,0,0,0,0,0,0,0,0,0,0,0,0,0,0
"37135","3","10","71","0","2017","4","N",61,0,0,0,0,0,0,0,"N",0.89,0,0,0,0,0,0,0,"N",1,1.7,0,0,0,0,0,0,0,0,0,0,0,0,0,0
"37135","5","10","71","0","2017","4","",3926,36616,36783,36260,451580639,91013119,794411,950,"",1.01,0.60,0.60,0.60,0.50,1.03,1.01,0.83,"",-55,-1.4,210,0.6,107,0.3,-257,-0.7,16590723,3.8,2274125,2.6,-420482,-34.6,34,3.7
"37137","0","10","70","0","2017","4","",291,3227,3237,3254,25959102,5482598,48899,616,"",1.00,1.00,1.00,1.00,1.00,1.00,1.00,1.00,"",10,3.6,-15,-0.5,-85,-2.6,12,0.4,783187,3.1,-211884,-3.7,-32326,-39.8,24,4.1
"37137","1","10","71","0","2017","4","",9,26,25,31,341388,0,0,961,"",5.16,0.42,0.40,0.49,0.48,0.00,0.00,1.09,"",0,0.0,0,0.0,-1,-3.8,4,14.8,20474,6.4,0,0.0,0,0.0,24,2.6
"37137","2","10","71","0","2017","4","",10,339,344,344,3395384,0,0,763,"",4.90,3.27,3.32,3.32,4.01,0.00,0.00,1.21,"",1,11.1,0,0.0,1,0.3,-4,-1.1,110986,3.4,0,0.0,0,0.0,27,3.7
"37137","3","10","71","0","2017","4","",16,486,481,479,4596763,0,0,734,"",3.23,1.52,1.50,1.49,2.06,0.00,0.00,1.37,"",0,0.0,6,1.2,14,3.0,2,0.4,64853,1.4,0,0.0,0,0.0,0,0.0
"37137","5","10","71","0","2017","4","",256,2376,2387,2400,17625567,5482598,48899,568,"",0.91,0.87,0.87,0.87,0.80,1.03,1.01,0.92,"",9,3.6,-21,-0.9,-99,-4.0,10,0.4,586874,3.4,-211884,-3.7,-32326,-39.8,27,5.0
"37139","0","10","70","0","2017","4","",999,15910,15904,15802,150462698,27645240,294916,729,"",1.00,1.00,1.00,1.00,1.00,1.00,1.00,1.00,"",19,1.9,103,0.7,-81,-0.5,-32,-0.2,4299576,2.9,1612227,6.2,-96320,-24.6,21,3.0
"37139","1","10","71","0","2017","4","",10,692,692,698,10503995,0,0,1164,"",1.67,2.26,2.27,2.29,2.54,0.00,0.00,1.12,"",-1,-9.1,-1,-0.1,0,0.0,10,1.5,219856,2.1,0,0.0,0,0.0,19,1.7
"37139","2","10","71","0","2017","4","",18,1422,1424,1350,14644785,0,0,805,"",2.57,2.78,2.80,2.68,2.98,0.00,0.00,1.08,"",-1,-5.3,49,3.6,31,2.2,-6,-0.4,-414768,-2.8,0,0.0,0,0.0,-38,-4.5
"37139","3","10","71","0","2017","4","",26,1996,2009,2008,19006361,109425,318,729,"",1.53,1.27,1.27,1.28,1.47,0.20,0.20,1.15,"",1,4.0,-38,-1.9,-24,-1.2,-7,-0.3,365679,2.0,-51,0.0,-760,-70.5,22,3.1
"37139","5","10","71","0","2017","4","",945,11800,11779,11746,106307557,27535815,294598,694,"",0.98,0.87,0.87,0.87,0.83,1.03,1.01,0.95,"",20,2.2,93,0.8,-88,-0.7,-29,-0.2,4128809,4.0,1612278,6.2,-95560,-24.5,27,4.0
"37141","0","10","70","0","2017","4","",1226,11654,11528,11458,104258872,23859146,239381,695,"",1.00,1.00,1.00,1.00,1.00,1.00,1.00,1.00,"",45,3.8,238,2.1,190,1.7,207,1.8,3651621,3.6,1793689,8.1,-85173,-26.2,12,1.8
"37141","1","10","71","0","2017","4","",12,104,100,102,1383736,0,0,1044,"",1.63,0.46,0.45,0.46,0.48,0.00,0.00,1.05,"",0,0.0,0,0.0,-7,-6.5,-6,-5.6,-65560,-4.5,0,0.0,0,0.0,-4,-0.4
"37141","2","10","71","0","2017","4","",12,423,423,418,4650368,0,0,849,"",1.40,1.13,1.15,1.14,1.37,0.00,0.00,1.20,"",0,0.0,-22,-4.9,-18,-4.1,-19,-4.3,-278103,-5.6,0,0.0,0,0.0,-11,-1.3
"37141","3","10","71","0","2017","4","",32,2130,2144,2144,21524896,19061,152,774,"",1.54,1.84,1.87,1.89,2.40,0.04,0.12,1.28,"",0,0.0,-14,-0.7,0,0.0,4,0.2,103046,0.5,2945,18.3,-81,-34.8,5,0.7
"37141","5","10","71","0","2017","4","",1170,8997,8861,8794,76699872,23840085,239229,664,"",0.98,0.91,0.90,0.90,0.86,1.03,1.01,0.95,"",45,4.0,274,3.1,215,2.5,228,2.7,3892238,5.3,1790744,8.1,-85092,-26.2,16,2.5
"37143","0","10","70","0","2017","4","",251,2061,2113,2112,18262745,3576069,39875,670,"",1.00,1.00,1.00,1.00,1.00,1.00,1.00,1.00,"",1,0.4,-23,-1.1,6,0.3,12,0.6,868056,5.0,111012,3.2,-15709,-28.3,32,5.0
"37143","1","10","71","0","2017","4","",6,37,40,40,476822,0,0,940,"",3.99,0.93,0.99,0.98,0.95,0.00,0.00,0.98,"",0,0.0,-5,-11.9,-2,-4.8,0,0.0,8401,1.8,0,0.0,0,0.0,68,7.8
"37143","2","10","71","0","2017","4","",7,66,66,65,694196,0,0,813,"",3.98,1.00,0.98,0.97,1.16,0.00,0.00,1.19,"",-1,-12.5,0,0.0,-1,-1.5,-2,-3.0,-62538,-8.3,0,0.0,0,0.0,-60,-6.9
"37143","3","10","71","0","2017","4","",12,564,575,569,4487952,47124,484,606,"",2.81,2.76,2.74,2.72,2.86,0.67,2.31,1.04,"",0,0.0,-13,-2.3,1,0.2,-13,-2.2,-36431,-0.8,-3203,-6.4,-382,-44.1,4,0.7
"37143","5","10","71","0","2017","4","",226,1394,1432,1438,12603775,3528945,39391,682,"",0.93,0.80,0.80,0.80,0.81,1.02,0.99,1.01,"",2,0.9,-5,-0.4,8,0.6,27,1.9,958624,8.2,114215,3.3,-15327,-28.0,47,7.4
"37145","0","10","70","0","2017","4","",720,9947,9899,9935,99493509,19078210,220681,771,"",1.00,1.00,1.00,1.00,1.00,1.00,1.00,1.00,"",-13,-1.8,-364,-3.5,-374,-3.6,-232,-2.3,-824215,-0.8,-219364,-1.1,-125060,-36.2,18,2.4
"37145","1","10","71","0","2017","4","",5,52,51,51,826512,0,0,1239,"",1.16,0.27,0.27,0.27,0.30,0.00,0.00,1.12,"",0,0.0,-5,-8.8,-8,-13.6,-3,-5.6,21750,2.7,0,0.0,0,0.0,147,13.5
"37145","2","10","71","0","2017","4","",14,303,305,295,3064718,0,0,783,"",2.78,0.95,0.96,0.93,0.94,0.00,0.00,1.00,"",-2,-12.5,-16,-5.0,-11,-3.5,-17,-5.4,-278241,-8.3,0,0.0,0,0.0,-32,-3.9
"37145","3","10","71","0","2017","4","",22,1483,1452,1454,13236466,0,0,696,"",1.80,1.50,1.48,1.48,1.55,0.00,0.00,1.04,"",0,0.0,4,0.3,-3,-0.2,18,1.3,-275859,-2.0,0,0.0,0,0.0,-18,-2.5
"37145","5","10","71","0","2017","4","",679,8109,8091,8135,82365813,19078210,220681,781,"",0.97,0.96,0.96,0.96,0.97,1.03,1.01,1.01,"",-11,-1.6,-347,-4.1,-352,-4.2,-230,-2.7,-291865,-0.4,-219364,-1.1,-125060,-36.2,26,3.4
"37147","0","10","70","0","2017","4","",3819,77230,77480,77221,869850075,130792549,1564009,865,"",1.00,1.00,1.00,1.00,1.00,1.00,1.00,1.00,"",66,1.8,2041,2.7,1057,1.4,807,1.1,24510798,2.9,9616334,7.9,-424423,-21.3,9,1.1
"37147","1","10","71","0","2017","4","",26,700,703,706,13344580,0,0,1460,"",1.14,0.47,0.47,0.47,0.56,0.00,0.00,1.18,"",0,0.0,26,3.9,19,2.8,22,3.2,500803,3.9,0,0.0,0,0.0,9,0.6
"37147","2","10","71","0","2017","4","",21,8064,8098,8123,128239686,0,0,1219,"",0.78,3.25,3.26,3.30,4.52,0.00,0.00,1.38,"",1,5.0,-1,0.0,22,0.3,22,0.3,-786818,-0.6,0,0.0,0,0.0,-9,-0.7
"37147","3","10","71","0","2017","4","",77,15442,15444,15438,187181435,15844,10,932,"",1.19,2.02,2.01,2.02,2.50,0.01,0.00,1.24,"",-1,-1.3,313,2.1,265,1.7,313,2.1,2877712,1.6,7956,100.9,-4,-28.6,-4,-0.4
"37147","5","10","71","0","2017","4","",3695,53024,53235,52954,541084374,130776705,1563999,784,"",1.00,0.81,0.81,0.81,0.73,1.03,1.01,0.90,"",66,1.8,1703,3.3,751,1.4,450,0.9,21919101,4.2,9608378,7.9,-424419,-21.3,18,2.3
"37149","0","10","70","0","2017","4","",567,5112,5002,4941,41000845,10328323,95722,628,"",1.00,1.00,1.00,1.00,1.00,1.00,1.00,1.00,"",-1,-0.2,-129,-2.5,-130,-2.5,-89,-1.8,1077044,2.7,6206,0.1,-56484,-37.1,30,5.0
"37149","1","10","71","0","2017","4","",5,44,47,47,653129,0,0,1092,"",1.47,0.45,0.49,0.49,0.58,0.00,0.00,1.22,"",0,0.0,-2,-4.3,1,2.2,2,4.4,12041,1.9,0,0.0,0,0.0,12,1.1
"37149","2","10","71","0","2017","4","",9,76,73,69,614637,0,0,651,"",2.27,0.46,0.46,0.44,0.46,0.00,0.00,1.02,"",-1,-10.0,-2,-2.6,-4,-5.2,-3,-4.2,12436,2.1,0,0.0,0,0.0,39,6.4
"37149","3","10","71","0","2017","4","",11,803,795,809,7395711,10635,613,709,"",1.14,1.59,1.60,1.65,2.10,0.05,1.22,1.30,"",1,10.0,-35,-4.2,-44,-5.2,-20,-2.4,-5152,-0.1,4812,82.6,278,83.0,27,4.0
"37149","5","10","71","0","2017","4","",542,4189,4087,4016,32337368,10317688,95109,607,"",0.99,0.96,0.96,0.96,0.92,1.03,1.00,0.96,"",-1,-0.2,-90,-2.1,-83,-2.0,-68,-1.7,1057719,3.4,1394,0.0,-56762,-37.4,31,5.4
"37151","0","10","70","0","2017","4","",2537,44861,44998,44944,421310530,105010378,1047594,721,"",1.00,1.00,1.00,1.00,1.00,1.00,1.00,1.00,"",-20,-0.8,-387,-0.9,-157,-0.3,-322,-0.7,8771701,2.1,4469779,4.4,-536864,-33.9,19,2.7
"37151","1","10","71","0","2017","4","",17,199,200,203,2901239,0,0,1112,"",1.12,0.23,0.23,0.23,0.25,0.00,0.00,1.08,"",1,6.2,-3,-1.5,-2,-1.0,1,0.5,-100640,-3.4,0,0.0,0,0.0,-31,-2.7
"37151","2","10","71","0","2017","4","",16,1239,1264,1207,10691249,8842,5,665,"",0.90,0.86,0.88,0.84,0.78,0.01,0.00,0.90,"",-1,-5.9,7,0.6,24,1.9,31,2.6,-98239,-0.9,383,4.5,-27,-84.4,-18,-2.6
"37151","3","10","71","0","2017","4","",57,4599,4661,4617,48796907,15397,1506,811,"",1.32,1.03,1.04,1.04,1.35,0.01,0.27,1.30,"",1,1.8,-89,-1.9,-91,-1.9,-87,-1.8,730964,1.5,15397,100.0,1506,100.0,27,3.4
"37151","5","10","71","0","2017","4","",2447,38824,38873,38917,358921135,104986139,1046083,710,"",0.99,1.02,1.02,1.02,1.00,1.03,1.01,0.98,"",-21,-0.9,-302,-0.8,-88,-0.2,-267,-0.7,8239616,2.3,4453999,4.4,-538343,-34.0,20,2.9
"37153","0","10","70","0","2017","4","",885,13556,13578,13654,118520098,25082697,290155,671,"",1.00,1.00,1.00,1.00,1.00,1.00,1.00,1.00,"",30,3.5,20,0.1,-42,-0.3,-8,-0.1,-132819,-0.1,892554,3.7,-107600,-27.1,0,0.0
"37153","1","10","71","0","2017","4","",12,104,106,104,1489125,0,0,1094,"",2.26,0.40,0.41,0.40,0.46,0.00,0.00,1.14,"",0,0.0,2,2.0,0,0.0,-1,-1.0,-31425,-2.1,0,0.0,0,0.0,-27,-2.4
"37153","2","10","71","0","2017","4","",11,807,847,842,7970396,0,0,737,"",1.77,1.85,1.95,1.93,2.06,0.00,0.00,1.08,"",0,0.0,-28,-3.4,14,1.7,1,0.1,-46494,-0.6,0,0.0,0,0.0,0,0.0
"37153","3","10","71","0","2017","4","",30,2023,2049,2056,17654209,28883,849,665,"",1.99,1.51,1.52,1.52,1.73,0.06,0.56,1.14,"",-1,-3.2,-60,-2.9,-42,-2.0,-5,-0.2,268440,1.5,-342,-1.2,-416,-32.9,22,3.4
"37153","5","10","71","0","2017","4","",832,10622,10576,10652,91406368,25053814,289306,662,"",0.97,0.92,0.92,0.92,0.90,1.03,1.00,0.98,"",31,3.9,106,1.0,-14,-0.1,-3,0.0,-323340,-0.4,892896,3.7,-107184,-27.0,-4,-0.6
"37155","0","10","70","0","2017","4","",2000,38824,38946,39057,343797548,73873301,749199,679,"",1.00,1.00,1.00,1.00,1.00,1.00,1.00,1.00,"",-2,-0.1,912,2.4,-76,-0.2,-278,-0.7,9018651,2.7,251931,0.3,-428283,-36.4,15,2.3
"37155","1","10","71","0","2017","4","",20,300,297,305,4496954,0,0,1151,"",1.67,0.40,0.40,0.41,0.48,0.00,0.00,1.19,"",-1,-4.8,22,7.9,15,5.3,25,8.9,266177,6.3,0,0.0,0,0.0,-11,-0.9
"37155","2","10","71","0","2017","4","",17,2140,2134,2102,23596474,20540,255,854,"",1.21,1.72,1.71,1.69,2.10,0.02,0.26,1.23,"",-1,-5.6,6,0.3,29,1.4,3,0.1,-843861,-3.5,-7193,-25.9,-305,-54.5,-36,-4.0
"37155","3","10","71","0","2017","4","",72,5718,5751,5849,55077583,132891,1082,734,"",2.12,1.49,1.49,1.51,1.86,0.09,0.27,1.25,"",0,0.0,-20,-0.3,114,2.0,95,1.7,631484,1.2,53908,68.3,190,21.3,0,0.0
"37155","5","10","71","0","2017","4","",1891,30666,30764,30801,260626537,73719870,747862,652,"",0.97,0.93,0.93,0.93,0.89,1.03,1.00,0.96,"",0,0.0,904,3.0,-234,-0.8,-401,-1.3,8964851,3.6,205216,0.3,-428168,-36.4,20,3.2
"37157","0","10","70","0","2017","4","",1658,25480,25570,25468,230157398,52233411,671326,694,"",1.00,1.00,1.00,1.00,1.00,1.00,1.00,1.00,"",10,0.6,-1170,-4.4,-1330,-4.9,-1172,-4.4,-4805572,-2.0,1520286,3.0,-288406,-30.1,18,2.7
"37157","1","10","71","0","2017","4","",8,147,142,139,2054600,0,0,1108,"",0.80,0.30,0.29,0.28,0.32,0.00,0.00,1.12,"",0,0.0,-3,-2.0,-13,-8.4,-12,-7.9,-32952,-1.6,0,0.0,0,0.0,52,4.9
"37157","2","10","71","0","2017","4","",13,541,545,546,5058658,0,0,715,"",1.12,0.66,0.67,0.67,0.67,0.00,0.00,1.01,"",0,0.0,-12,-2.2,-9,-1.6,-9,-1.6,-266766,-5.0,0,0.0,0,0.0,-24,-3.2
"37157","3","10","71","0","2017","4","",42,3258,3305,3257,31404655,4952,196,738,"",1.49,1.29,1.30,1.29,1.59,0.00,0.06,1.23,"",0,0.0,11,0.3,-109,-3.2,-20,-0.6,218900,0.7,-12721,-72.0,-750,-79.3,14,1.9
"37157","5","10","71","0","2017","4","",1595,21534,21578,21526,191639485,52228459,671130,684,"",0.99,0.99,0.99,0.99,0.98,1.03,1.01,0.98,"",10,0.6,-1166,-5.1,-1199,-5.3,-1131,-5.0,-4724754,-2.4,1533007,3.0,-287656,-30.0,19,2.9
"37159","0","10","70","0","2017","4","",2772,48319,48464,48502,538575424,105919604,1104111,855,"",1.00,1.00,1.00,1.00,1.00,1.00,1.00,1.00,"",37,1.4,918,1.9,1127,2.4,952,2.0,37777346,7.5,9989036,10.4,-340203,-23.6,43,5.3
"37159","1","10","71","0","2017","4","",21,2590,2597,2597,52259939,0,0,1549,"",1.26,2.78,2.80,2.78,3.53,0.00,0.00,1.27,"",0,0.0,5,0.2,4,0.2,-12,-0.5,909655,1.8,0,0.0,0,0.0,27,1.8
"37159","2","10","71","0","2017","4","",16,1509,1570,1535,14002080,0,0,700,"",0.82,0.97,1.01,0.99,0.80,0.00,0.00,0.80,"",-2,-11.1,-62,-3.9,-43,-2.7,-63,-3.9,-696750,-4.7,0,0.0,0,0.0,-9,-1.3
"37159","3","10","71","0","2017","4","",68,4965,4955,4955,48001696,0,0,745,"",1.44,1.04,1.03,1.03,1.04,0.00,0.00,1.00,"",0,0.0,13,0.3,28,0.6,140,2.9,1648558,3.6,0,0.0,0,0.0,17,2.3
"37159","5","10","71","0","2017","4","",2667,39255,39342,39415,424311709,105919604,1104111,830,"",0.99,0.96,0.96,0.96,0.92,1.03,1.01,0.97,"",39,1.5,962,2.5,1138,3.0,887,2.3,35915883,9.2,9989036,10.4,-340203,-23.6,51,6.5
"37161","0","10","70","0","2017","4","",1299,18155,18248,18233,158790551,37331838,455386,671,"",1.00,1.00,1.00,1.00,1.00,1.00,1.00,1.00,"",8,0.6,-227,-1.2,-4,0.0,-93,-0.5,-1701483,-1.1,391287,1.1,-232787,-33.8,-3,-0.4
"37161","1","10","71","0","2017","4","",15,115,111,109,1590146,0,0,1095,"",1.93,0.33,0.32,0.31,0.36,0.00,0.00,1.14,"",1,7.1,8,7.5,-1,-0.9,-3,-2.7,41798,2.7,0,0.0,0,0.0,16,1.5
"37161","2","10","71","0","2017","4","",15,651,665,674,5763446,0,0,668,"",1.65,1.12,1.14,1.16,1.11,0.00,0.00,0.98,"",1,7.1,-17,-2.5,-9,-1.3,-15,-2.2,-210304,-3.5,0,0.0,0,0.0,-11,-1.6
"37161","3","10","71","0","2017","4","",41,2654,2648,2643,24130476,35785,301,701,"",1.86,1.48,1.46,1.46,1.77,0.05,0.13,1.20,"",0,0.0,-37,-1.4,-18,-0.7,-30,-1.1,-84955,-0.4,-3031,-7.8,-457,-60.3,5,0.7
"37161","5","10","71","0","2017","4","",1228,14735,14824,14807,127306483,37296053,455085,662,"",0.97,0.96,0.96,0.96,0.94,1.03,1.01,0.98,"",6,0.5,-181,-1.2,24,0.2,-45,-0.3,-1448022,-1.1,394318,1.1,-232330,-33.8,-5,-0.7
"37163","0","10","70","0","2017","4","",1147,18394,18322,18326,180106111,36555068,389621,755,"",1.00,1.00,1.00,1.00,1.00,1.00,1.00,1.00,"",9,0.8,152,0.8,-15,-0.1,24,0.1,10091715,5.9,2369772,6.9,-74773,-16.1,40,5.6
"37163","1","10","71","0","2017","4","",14,109,103,105,1595484,0,0,1161,"",2.04,0.31,0.29,0.30,0.32,0.00,0.00,1.08,"",0,0.0,7,6.9,-4,-3.7,-10,-8.7,-46442,-2.8,0,0.0,0,0.0,-8,-0.7
"37163","2","10","71","0","2017","4","",15,780,777,771,7682315,0,0,762,"",1.87,1.32,1.32,1.32,1.31,0.00,0.00,0.99,"",0,0.0,-20,-2.5,-1,-0.1,-11,-1.4,-575575,-7.0,0,0.0,0,0.0,-45,-5.6
"37163","3","10","71","0","2017","4","",42,3177,3184,3131,29674829,0,0,721,"",2.15,1.74,1.75,1.73,1.92,0.00,0.00,1.10,"",0,0.0,56,1.8,-4,-0.1,-48,-1.5,924604,3.2,0,0.0,0,0.0,22,3.1
"37163","5","10","71","0","2017","4","",1076,14328,14258,14319,141153483,36555068,389621,759,"",0.97,0.92,0.92,0.92,0.92,1.03,1.01,1.00,"",9,0.8,109,0.8,-6,0.0,93,0.7,9789128,7.5,2369772,6.9,-74773,-16.1,49,6.9
"37165","0","10","70","0","2017","4","",618,11857,11952,11906,114566692,19861685,242705,740,"",1.00,1.00,1.00,1.00,1.00,1.00,1.00,1.00,"",-5,-0.8,148,1.3,179,1.5,171,1.5,5403728,5.0,775490,4.1,-90023,-27.1,25,3.5
"37165","1","10","71","0","2017","4","",4,47,49,49,656174,0,0,1044,"",1.08,0.21,0.21,0.21,0.21,0.00,0.00,0.99,"",0,0.0,1,2.2,5,11.4,1,2.1,30599,4.9,0,0.0,0,0.0,-2,-0.2
"37165","2","10","71","0","2017","4","",11,621,620,626,7103921,0,0,878,"",2.54,1.63,1.62,1.65,1.90,0.00,0.00,1.16,"",0,0.0,4,0.6,0,0.0,-1,-0.2,204923,3.0,0,0.0,0,0.0,24,2.8
"37165","3","10","71","0","2017","4","",27,1619,1682,1674,15933197,39625,87,739,"",2.57,1.38,1.42,1.42,1.62,0.10,0.07,1.15,"",1,3.8,37,2.3,51,3.1,32,1.9,500384,3.2,-26481,-40.1,-528,-85.9,5,0.7
"37165","5","10","71","0","2017","4","",576,9570,9601,9557,90873400,19822060,242618,730,"",0.96,0.95,0.95,0.94,0.93,1.03,1.01,0.98,"",-6,-1.0,106,1.1,123,1.3,139,1.5,4667822,5.4,801971,4.2,-89495,-26.9,29,4.1
"37167","0","10","70","0","2017","4","",1369,19512,19530,19530,175829837,35635270,313035,693,"",1.00,1.00,1.00,1.00,1.00,1.00,1.00,1.00,"",-2,-0.1,167,0.9,93,0.5,339,1.8,5448044,3.2,2773497,8.4,-169243,-35.1,15,2.2
"37167","1","10","71","0","2017","4","",12,144,150,159,2229835,0,0,1136,"",1.46,0.38,0.40,0.42,0.46,0.00,0.00,1.15,"",0,0.0,-1,-0.7,-8,-5.1,2,1.3,-45111,-2.0,0,0.0,0,0.0,-5,-0.4
"37167","2","10","71","0","2017","4","",13,1048,1047,1037,10507250,0,0,774,"",1.36,1.67,1.67,1.67,1.83,0.00,0.00,1.10,"",1,8.3,-13,-1.2,-16,-1.5,-24,-2.3,-160611,-1.5,0,0.0,0,0.0,1,0.1
"37167","3","10","71","0","2017","4","",60,3070,3075,3097,33375907,16527,32,833,"",2.58,1.59,1.59,1.60,2.21,0.02,0.02,1.39,"",0,0.0,-28,-0.9,-56,-1.8,14,0.5,642036,2.0,-709,-4.1,-109,-77.3,22,2.7
"37167","5","10","71","0","2017","4","",1284,15250,15258,15237,129716845,35618743,313003,654,"",0.97,0.92,0.92,0.92,0.86,1.03,1.01,0.94,"",-3,-0.2,209,1.4,173,1.1,347,2.3,5011730,4.0,2774206,8.4,-169134,-35.1,15,2.3
"37169","0","10","70","0","2017","4","",702,7504,7491,7471,59942140,15006058,157082,616,"",1.00,1.00,1.00,1.00,1.00,1.00,1.00,1.00,"",10,1.4,348,4.9,350,4.9,310,4.3,4087560,7.3,1802737,13.7,-22393,-12.5,15,2.5
"37169","1","10","71","0","2017","4","",11,66,68,67,939126,0,0,1078,"",2.61,0.46,0.47,0.47,0.57,0.00,0.00,1.22,"",0,0.0,-3,-4.3,-1,-1.4,-7,-9.5,25925,2.8,0,0.0,0,0.0,84,8.5
"37169","2","10","71","0","2017","4","",12,204,225,215,1798646,19025,190,645,"",2.44,0.85,0.94,0.90,0.92,0.10,0.92,1.03,"",1,9.1,-2,-1.0,12,5.6,7,3.4,-16987,-0.9,19025,100.0,190,100.0,-23,-3.4
"37169","3","10","71","0","2017","4","",31,1560,1567,1558,13668468,0,0,673,"",2.60,2.10,2.11,2.11,2.65,0.00,0.00,1.26,"",0,0.0,-7,-0.4,-12,-0.8,-2,-0.1,344166,2.6,0,0.0,0,0.0,20,3.1
"37169","5","10","71","0","2017","4","",648,5674,5631,5631,43535900,14987033,156892,593,"",0.95,0.89,0.88,0.89,0.85,1.03,1.01,0.96,"",9,1.4,360,6.8,351,6.6,312,5.9,3734456,9.4,1783712,13.5,-22583,-12.6,16,2.8
"37171","0","10","70","0","2017","4","",1798,28785,28814,29130,268772024,64682588,649261,715,"",1.00,1.00,1.00,1.00,1.00,1.00,1.00,1.00,"",-2,-0.1,69,0.2,82,0.3,584,2.0,15474169,6.1,4305156,7.1,-304943,-32.0,35,5.1
"37171","1","10","71","0","2017","4","",16,167,169,167,2286428,0,0,1049,"",1.48,0.30,0.31,0.30,0.31,0.00,0.00,1.03,"",0,0.0,-3,-1.8,5,3.0,-1,-0.6,56252,2.5,0,0.0,0,0.0,24,2.3
"37171","2","10","71","0","2017","4","",15,792,800,791,6601615,0,0,639,"",1.19,0.86,0.87,0.85,0.75,0.00,0.00,0.88,"",0,0.0,7,0.9,-12,-1.5,-2,-0.3,-48527,-0.7,0,0.0,0,0.0,-3,-0.5
"37171","3","10","71","0","2017","4","",68,3761,3785,3778,37261022,7024,70,759,"",2.23,1.32,1.32,1.31,1.61,0.01,0.02,1.22,"",0,0.0,-7,-0.2,13,0.3,29,0.8,1281956,3.6,1410,25.1,14,25.0,24,3.3
"37171","5","10","71","0","2017","4","",1699,24065,24060,24394,222622959,64675564,649191,708,"",0.97,0.98,0.98,0.99,0.97,1.03,1.01,0.98,"",-2,-0.1,72,0.3,76,0.3,558,2.3,14184488,6.8,4303746,7.1,-304957,-32.0,38,5.7
"37173","0","10","70","0","2017","4","",436,10244,9761,9556,82927737,11291845,197048,647,"",1.00,1.00,1.00,1.00,1.00,1.00,1.00,1.00,"",8,1.9,-319,-3.0,-622,-6.0,-439,-4.4,-6306164,-7.1,825817,7.9,-38595,-16.4,-19,-2.9
"37173","1","10","71","0","2017","4","",10,150,127,127,1825751,0,0,1043,"",3.82,0.76,0.68,0.69,0.80,0.00,0.00,1.13,"",-1,-9.1,0,0.0,-12,-8.6,-7,-5.2,-90194,-4.7,0,0.0,0,0.0,-2,-0.2
"37173","2","10","71","0","2017","4","",12,71,70,70,851331,0,0,931,"",3.93,0.22,0.22,0.23,0.31,0.00,0.00,1.41,"",0,0.0,1,1.4,-1,-1.4,0,0.0,-33456,-3.8,0,0.0,0,0.0,-37,-3.8
"37173","3","10","71","0","2017","4","",20,5989,5773,5791,51161165,109000,973,673,"",2.70,5.90,5.96,6.12,7.17,0.49,0.94,1.20,"",0,0.0,-213,-3.4,-484,-7.7,-302,-5.0,-6091730,-10.6,-27271,-20.0,-432,-30.7,-39,-5.5
"37173","5","10","71","0","2017","4","",394,4034,3791,3568,29089490,11182845,196075,589,"",0.93,0.46,0.46,0.44,0.41,1.02,1.00,0.91,"",9,2.3,-107,-2.6,-125,-3.2,-130,-3.5,-90784,-0.3,853088,8.3,-38163,-16.3,16,2.8
"37175","0","10","70","0","2017","4","",909,8967,8842,8802,81537966,18638083,176382,707,"",1.00,1.00,1.00,1.00,1.00,1.00,1.00,1.00,"",14,1.6,85,1.0,88,1.0,80,0.9,3493380,4.5,461909,2.5,-100194,-36.2,24,3.5
"37175","1","10","71","0","2017","4","",10,128,134,134,1735477,0,0,1011,"",1.83,0.74,0.79,0.79,0.77,0.00,0.00,1.00,"",0,0.0,9,7.6,9,7.2,1,0.8,-29338,-1.7,0,0.0,0,0.0,-69,-6.4
"37175","2","10","71","0","2017","4","",12,153,154,157,1477569,0,0,735,"",1.88,0.53,0.54,0.56,0.56,0.00,0.00,1.02,"",0,0.0,15,10.9,12,8.5,12,8.3,62644,4.4,0,0.0,0,0.0,-33,-4.3
"37175","3","10","71","0","2017","4","",15,1169,1182,1188,11730088,35109,207,765,"",0.97,1.32,1.35,1.36,1.67,0.10,0.22,1.25,"",0,0.0,-35,-2.9,-48,-3.9,-38,-3.1,-141016,-1.2,9826,38.9,-128,-38.2,17,2.3
"37175","5","10","71","0","2017","4","",872,7517,7372,7323,66594832,18602974,176175,692,"",0.99,0.99,0.98,0.98,0.96,1.03,1.01,0.97,"",14,1.6,96,1.3,115,1.6,105,1.5,3601090,5.7,452083,2.5,-100066,-36.2,28,4.2
"37177","0","10","70","0","2017","4","",95,1187,1190,1100,9826631,2272890,30122,652,"",1.00,1.00,1.00,1.00,1.00,1.00,1.00,1.00,"",-2,-2.1,15,1.3,0,0.0,-22,-2.0,152975,1.6,176807,8.4,-6508,-17.8,11,1.7
"37177","1","10","71","0","2017","4","",3,19,18,22,288628,0,0,1129,"",5.27,0.83,0.79,1.04,1.07,0.00,0.00,1.21,"",0,0.0,-1,-5.0,-5,-21.7,-1,-4.3,-21281,-6.9,0,0.0,0,0.0,45,4.2
"37177","2","10","71","0","2017","4","",8,175,176,171,1765548,0,0,781,"",12.02,4.59,4.62,4.87,5.50,0.00,0.00,1.17,"",0,0.0,-9,-4.9,-7,-3.8,-13,-7.1,809,0.0,0,0.0,0,0.0,42,5.7
"37177","3","10","71","0","2017","4","",8,257,267,258,2037044,0,0,601,"",4.95,2.19,2.26,2.37,2.41,0.00,0.00,1.06,"",0,0.0,9,3.6,-21,-7.3,-11,-4.1,41953,2.1,0,0.0,0,0.0,29,5.1
"37177","5","10","71","0","2017","4","",76,736,729,649,5735411,2272890,30122,626,"",0.82,0.73,0.72,0.69,0.68,1.03,1.01,0.95,"",-2,-2.6,16,2.2,33,4.7,3,0.5,131494,2.3,176807,8.4,-6508,-17.8,-1,-0.2
"37179","0","10","70","0","2017","4","",5463,63888,64130,64388,735646579,138513975,1414870,882,"",1.00,1.00,1.00,1.00,1.00,1.00,1.00,1.00,"",156,2.9,1559,2.5,1539,2.5,1744,2.8,52150187,7.6,9221811,7.1,-688852,-32.7,41,4.9
"37179","1","10","71","0","2017","4","",14,291,288,293,4492241,0,0,1189,"",0.43,0.24,0.23,0.24,0.22,0.00,0.00,0.94,"",0,0.0,19,7.0,7,2.5,1,0.3,60520,1.4,0,0.0,0,0.0,-21,-1.7
"37179","2","10","71","0","2017","4","",14,595,608,593,5790881,0,0,744,"",0.37,0.29,0.30,0.29,0.24,0.00,0.00,0.83,"",-1,-6.7,5,0.8,11,1.8,4,0.7,-130306,-2.2,0,0.0,0,0.0,-25,-3.3
"37179","3","10","71","0","2017","4","",110,8569,8665,8643,92286190,23793,523,823,"",1.18,1.35,1.36,1.36,1.46,0.01,0.07,1.08,"",1,0.9,-69,-0.8,21,0.2,56,0.7,1470820,1.6,21408,897.6,515,6437.5,13,1.6
"37179","5","10","71","0","2017","4","",5325,54433,54569,54859,633077267,138490182,1414347,892,"",1.00,1.00,1.00,1.00,1.01,1.03,1.01,1.01,"",156,3.0,1604,3.0,1500,2.8,1683,3.2,50749153,8.7,9200403,7.1,-689367,-32.8,47,5.6
"37181","0","10","70","0","2017","4","",833,14910,14915,14935,133581843,32233759,336076,689,"",1.00,1.00,1.00,1.00,1.00,1.00,1.00,1.00,"",-23,-2.7,-171,-1.1,-307,-2.0,-376,-2.5,-782826,-0.6,-7381,0.0,-170837,-33.7,9,1.3
"37181","1","10","71","0","2017","4","",7,93,91,88,1271562,0,0,1079,"",1.40,0.32,0.32,0.31,0.35,0.00,0.00,1.10,"",0,0.0,-5,-5.1,-1,-1.1,-11,-11.1,-59633,-4.5,0,0.0,0,0.0,16,1.5
"37181","2","10","71","0","2017","4","",15,569,562,530,5283905,0,0,734,"",2.57,1.19,1.18,1.11,1.21,0.00,0.00,1.04,"",2,15.4,-39,-6.4,-38,-6.3,-66,-11.1,-450146,-7.9,0,0.0,0,0.0,0,0.0
"37181","3","10","71","0","2017","4","",27,1905,1905,1912,17435742,381957,1461,703,"",1.91,1.29,1.29,1.29,1.52,0.60,0.83,1.18,"",0,0.0,-22,-1.1,-129,-6.3,-54,-2.7,19789,0.1,19950,5.5,-2025,-58.1,25,3.7
"37181","5","10","71","0","2017","4","",784,12343,12357,12405,109590634,31851802,334615,682,"",0.97,0.97,0.98,0.98,0.96,1.02,1.00,0.98,"",-25,-3.1,-105,-0.8,-139,-1.1,-245,-1.9,-292836,-0.3,-27331,-0.1,-168812,-33.5,7,1.0
"37183","0","10","70","0","2017","4","",34638,550392,553970,554960,8036626699,1122071990,11671182,1118,"",1.00,1.00,1.00,1.00,1.00,1.00,1.00,1.00,"",830,2.5,13043,2.4,11791,2.2,13363,2.5,400568004,5.2,57481454,5.4,-5893015,-33.6,31,2.9
"37183","1","10","71","0","2017","4","",85,5449,5498,5634,106225122,0,0,1478,"",0.41,0.51,0.52,0.53,0.48,0.00,0.00,0.92,"",0,0.0,145,2.7,172,3.2,193,3.5,2628309,2.5,0,0.0,0,0.0,-10,-0.7
"37183","2","10","71","0","2017","4","",74,38984,39419,39426,535245181,8544,85,1048,"",0.30,2.21,2.22,2.23,2.04,0.00,0.01,0.92,"",2,2.8,135,0.3,23,0.1,487,1.3,-13632916,-2.5,-23305,-73.2,19,28.8,-33,-3.1
"37183","3","10","71","0","2017","4","",240,35375,35689,35657,448643015,130512,348,970,"",0.41,0.65,0.65,0.65,0.65,0.01,0.01,1.00,"",2,0.8,898,2.6,804,2.3,1208,3.5,23108557,5.4,30560,30.6,-479,-57.9,24,2.5
"37183","5","10","71","0","2017","4","",34239,470584,473364,474243,6946513381,1121932934,11670749,1130,"",1.02,1.01,1.01,1.01,1.01,1.03,1.01,1.01,"",826,2.5,11865,2.6,10792,2.3,11475,2.5,388464054,5.9,57474199,5.4,-5892555,-33.6,37,3.4
"37185","0","10","70","0","2017","4","",296,3165,3097,3073,25374712,4484631,40939,627,"",1.00,1.00,1.00,1.00,1.00,1.00,1.00,1.00,"",-4,-1.3,-111,-3.4,-218,-6.6,-162,-5.0,-302100,-1.2,-113056,-2.5,-27158,-39.9,24,4.0
"37185","1","10","71","0","2017","4","",7,30,30,28,354092,0,0,929,"",3.94,0.49,0.51,0.47,0.51,0.00,0.00,1.04,"",0,0.0,1,3.4,-2,-6.2,-4,-12.5,-21934,-5.8,0,0.0,0,0.0,-4,-0.4
"37185","2","10","71","0","2017","4","",11,357,354,352,3834693,0,0,832,"",5.30,3.51,3.57,3.59,4.63,0.00,0.00,1.30,"",-2,-15.4,-42,-10.5,-62,-14.9,-68,-16.2,-456983,-10.6,0,0.0,0,0.0,30,3.7
"37185","3","10","71","0","2017","4","",15,842,855,845,7512519,0,0,682,"",2.98,2.68,2.78,2.78,3.44,0.00,0.00,1.25,"",0,0.0,-46,-5.2,-52,-5.7,-38,-4.3,114629,1.5,0,0.0,0,0.0,45,7.1
"37185","5","10","71","0","2017","4","",263,1936,1858,1848,13673408,4484631,40939,559,"",0.92,0.72,0.71,0.71,0.63,1.03,1.01,0.89,"",-2,-0.8,-24,-1.2,-102,-5.2,-52,-2.7,62188,0.5,-113056,-2.5,-27158,-39.9,19,3.5
"37187","0","10","70","0","2017","4","",250,3373,3387,3359,32928712,4862406,41193,751,"",1.00,1.00,1.00,1.00,1.00,1.00,1.00,1.00,"",-3,-1.2,-29,-0.9,-60,-1.7,-66,-1.9,97734,0.3,383598,8.6,-23771,-36.6,14,1.9
"37187","1","10","71","0","2017","4","",5,28,31,30,365880,0,0,949,"",3.33,0.43,0.48,0.46,0.40,0.00,0.00,0.88,"",0,0.0,-1,-3.4,1,3.3,4,15.4,31263,9.3,0,0.0,0,0.0,41,4.5
"37187","2","10","71","0","2017","4","",10,114,117,116,1046561,0,0,696,"",5.71,1.05,1.08,1.08,0.97,0.00,0.00,0.91,"",-2,-16.7,3,2.7,5,4.5,1,0.9,-49201,-4.5,0,0.0,0,0.0,-52,-7.0
"37187","3","10","71","0","2017","4","",15,662,682,657,5287082,0,0,610,"",3.53,1.98,2.03,1.98,1.87,0.00,0.00,0.94,"",1,7.1,-10,-1.5,-26,-3.7,-26,-3.8,25352,0.5,0,0.0,0,0.0,21,3.6
"37187","5","10","71","0","2017","4","",220,2569,2557,2556,26229189,4862406,41193,788,"",0.91,0.90,0.89,0.90,0.93,1.03,1.01,1.04,"",-2,-0.9,-21,-0.8,-40,-1.5,-45,-1.7,90320,0.3,383598,8.6,-23771,-36.6,13,1.7
"37189","0","10","70","0","2017","4","",1715,23851,23678,23594,218776724,42200145,389336,710,"",1.00,1.00,1.00,1.00,1.00,1.00,1.00,1.00,"",33,2.0,619,2.7,741,3.2,-79,-0.3,5547653,2.6,1668379,4.1,-180778,-31.7,5,0.7
"37189","1","10","71","0","2017","4","",11,112,108,104,1425946,0,0,1016,"",1.07,0.24,0.24,0.23,0.24,0.00,0.00,1.00,"",0,0.0,-1,-0.9,6,5.9,1,1.0,-34124,-2.3,0,0.0,0,0.0,-44,-4.2
"37189","2","10","71","0","2017","4","N",14,0,0,0,0,0,0,0,"N",1.17,0,0,0,0,0,0,0,"N",1,7.7,0,0,0,0,0,0,0,0,0,0,0,0,0,0
"37189","3","10","71","0","2017","4","N",23,0,0,0,0,0,0,0,"N",0.79,0,0,0,0,0,0,0,"N",0,0.0,0,0,0,0,0,0,0,0,0,0,0,0,0,0
"37189","5","10","71","0","2017","4","",1667,18509,18316,18319,155945445,42087467,389121,653,"",1.00,0.91,0.91,0.91,0.83,1.03,1.01,0.91,"",32,2.0,586,3.3,650,3.7,-163,-0.9,6165022,4.1,1674291,4.1,-180010,-31.6,14,2.2
"37191","0","10","70","0","2017","4","",2271,42445,42325,42242,399754312,79350790,570830,726,"",1.00,1.00,1.00,1.00,1.00,1.00,1.00,1.00,"",-17,-0.7,744,1.8,82,0.2,-177,-0.4,3513185,0.9,1227199,1.6,-376928,-39.8,2,0.3
"37191","1","10","71","0","2017","4","",35,1183,1150,1141,16272187,0,0,1081,"",2.57,1.45,1.42,1.40,1.48,0.00,0.00,1.04,"",-1,-2.8,2,0.2,-38,-3.2,-69,-5.7,192673,1.2,0,0.0,0,0.0,44,4.2
"37191","2","10","71","0","2017","4","",17,3049,3081,3070,33047349,0,0,829,"",1.07,2.24,2.27,2.28,2.53,0.00,0.00,1.12,"",1,6.2,-72,-2.3,-44,-1.4,-72,-2.3,-977187,-2.9,0,0.0,0,0.0,-7,-0.8
"37191","3","10","71","0","2017","4","",56,4858,4878,4880,46144282,30295,18,729,"",1.45,1.16,1.16,1.17,1.34,0.02,0.01,1.16,"",-1,-1.8,60,1.3,65,1.4,-25,-0.5,615424,1.4,-62967,-67.5,-532,-96.7,5,0.7
"37191","5","10","71","0","2017","4","",2163,33355,33216,33151,304290494,79320495,570812,704,"",0.98,0.92,0.92,0.92,0.89,1.03,1.01,0.96,"",-16,-0.7,754,2.3,99,0.3,-11,0.0,3682275,1.2,1290166,1.7,-376396,-39.7,2,0.3
"37193","0","10","70","0","2017","4","",1334,22572,22576,22558,204617383,45163537,382474,697,"",1.00,1.00,1.00,1.00,1.00,1.00,1.00,1.00,"",40,3.1,376,1.7,143,0.6,300,1.3,7948930,4.0,3950978,9.6,-202884,-34.7,18,2.7
"37193","1","10","71","0","2017","4","",18,183,181,180,2513655,0,0,1066,"",2.25,0.42,0.42,0.41,0.45,0.00,0.00,1.07,"",0,0.0,-3,-1.6,-3,-1.6,-4,-2.2,17743,0.7,0,0.0,0,0.0,26,2.5
"37193","2","10","71","0","2017","4","",19,970,996,984,9243079,0,0,723,"",2.03,1.34,1.38,1.37,1.38,0.00,0.00,1.02,"",0,0.0,-19,-1.9,-7,-0.7,14,1.4,-510189,-5.2,0,0.0,0,0.0,-37,-4.9
"37193","3","10","71","0","2017","4","",44,3091,3101,3063,32906530,45288,72,821,"",1.94,1.38,1.38,1.37,1.87,0.05,0.04,1.36,"",-2,-4.3,-32,-1.0,-217,-6.5,-74,-2.4,1278249,4.0,3904,9.4,-280,-79.5,59,7.7
"37193","5","10","71","0","2017","4","",1253,18328,18298,18331,159954119,45118249,382402,672,"",0.97,0.96,0.95,0.96,0.92,1.03,1.01,0.96,"",42,3.5,430,2.4,370,2.1,364,2.0,7163127,4.7,3947074,9.6,-202604,-34.6,17,2.6
"37195","0","10","70","0","2017","4","",1916,36679,36691,36847,399334407,69367339,815304,836,"",1.00,1.00,1.00,1.00,1.00,1.00,1.00,1.00,"",41,2.2,-472,-1.3,-368,-1.0,-456,-1.2,10079790,2.6,208390,0.3,-404176,-33.1,30,3.7
"37195","1","10","71","0","2017","4","",11,129,133,132,2052563,0,0,1202,"",0.96,0.18,0.19,0.19,0.19,0.00,0.00,1.01,"",0,0.0,5,4.0,4,3.1,4,3.1,14891,0.7,0,0.0,0,0.0,-32,-2.6
"37195","2","10","71","0","2017","4","",15,1266,1283,1269,12489182,0,0,755,"",1.12,1.08,1.09,1.08,0.96,0.00,0.00,0.89,"",0,0.0,-43,-3.3,-21,-1.6,-44,-3.4,-782939,-5.9,0,0.0,0,0.0,-25,-3.2
"37195","3","10","71","0","2017","4","",50,3589,3594,3691,37735912,0,0,801,"",1.54,0.99,0.99,1.01,1.10,0.00,0.00,1.10,"",1,2.0,13,0.4,-2,-0.1,-86,-2.3,-21891,-0.1,0,0.0,0,0.0,5,0.6
"37195","5","10","71","0","2017","4","",1840,31695,31681,31755,347056750,69367339,815304,842,"",0.99,1.02,1.02,1.01,1.02,1.03,1.01,1.00,"",40,2.2,-447,-1.4,-349,-1.1,-330,-1.0,10869729,3.2,208390,0.3,-404176,-33.1,36,4.5
"37197","0","10","70","0","2017","4","",675,9844,9812,9854,88524404,19326283,200265,692,"",1.00,1.00,1.00,1.00,1.00,1.00,1.00,1.00,"",7,1.0,-395,-3.9,-374,-3.7,-294,-2.9,954539,1.1,-1021336,-5.0,-148395,-42.6,31,4.7
"37197","1","10","71","0","2017","4","",7,72,75,74,983387,0,0,1027,"",1.73,0.38,0.40,0.39,0.40,0.00,0.00,1.04,"",0,0.0,0,0.0,5,7.1,2,2.8,68684,7.5,0,0.0,0,0.0,41,4.2
"37197","2","10","71","0","2017","4","",11,84,83,84,998112,0,0,918,"",2.33,0.27,0.26,0.27,0.35,0.00,0.00,1.30,"",-1,-8.3,-2,-2.3,-3,-3.5,-1,-1.2,-113963,-10.2,0,0.0,0,0.0,-81,-8.1
"37197","3","10","71","0","2017","4","",28,1382,1355,1359,12107141,0,0,682,"",2.44,1.42,1.39,1.39,1.59,0.00,0.00,1.14,"",1,3.7,-17,-1.2,-33,-2.4,-32,-2.3,131388,1.1,0,0.0,0,0.0,21,3.2
"37197","5","10","71","0","2017","4","",629,8306,8299,8337,74435764,19326283,200265,689,"",0.96,0.99,1.00,1.00,0.98,1.03,1.01,0.99,"",7,1.1,-376,-4.3,-343,-4.0,-263,-3.1,868430,1.2,-1021336,-5.0,-148395,-42.6,34,5.2
"37199","0","10","70","0","2017","4","",360,3802,3750,3684,31024447,6840740,110593,637,"",1.00,1.00,1.00,1.00,1.00,1.00,1.00,1.00,"",5,1.4,-40,-1.0,-34,-0.9,-68,-1.8,499424,1.6,-207423,-2.9,-24756,-18.3,18,2.9
"37199","1","10","71","0","2017","4","",3,46,37,37,501657,0,0,965,"",1.39,0.63,0.52,0.52,0.59,0.00,0.00,1.06,"",-1,-25.0,-1,-2.1,-3,-7.5,-4,-9.8,-29760,-5.6,0,0.0,0,0.0,7,0.7
"37199","2","10","71","0","2017","4","",12,103,112,99,976136,0,0,717,"",4.76,0.84,0.93,0.84,0.96,0.00,0.00,1.10,"",1,9.1,-16,-13.4,-2,-1.8,-4,-3.9,-42145,-4.1,0,0.0,0,0.0,18,2.6
"37199","3","10","71","0","2017","4","",19,775,765,758,7307881,0,0,734,"",3.11,2.06,2.05,2.08,2.74,0.00,0.00,1.33,"",0,0.0,9,1.2,-11,-1.4,-16,-2.1,93262,1.3,0,0.0,0,0.0,15,2.1
"37199","5","10","71","0","2017","4","",326,2878,2836,2790,22238773,6840740,110593,603,"",0.93,0.89,0.89,0.89,0.84,1.03,1.01,0.94,"",5,1.6,-32,-1.1,-18,-0.6,-44,-1.6,478067,2.2,-207423,-2.9,-24756,-18.3,19,3.3
"37999","0","10","70","0","2017","4","",18373,115333,117862,116580,2372631327,354470758,5101164,1565,"",1.00,1.00,1.00,1.00,1.00,1.00,1.00,1.00,"",2082,12.8,11205,10.8,13466,12.9,13070,12.6,251046340,11.8,49418767,16.2,-1242617,-19.6,-4,-0.3
"37999","1","10","71","0","2017","4","",60,2542,2536,2563,52686496,0,0,1591,"",0.54,1.15,1.12,1.14,0.81,0.00,0.00,0.71,"",1,1.7,660,35.1,543,27.2,507,24.7,14699000,38.7,0,0.0,0,0.0,113,7.6
"37999","2","10","71","0","2017","4","N",24,0,0,0,0,0,0,0,"N",0.19,0,0,0,0,0,0,0,"N",1,4.3,0,0,0,0,0,0,0,0,0,0,0,0,0,0
"37999","3","10","71","0","2017","4","N",3,0,0,0,0,0,0,0,"N",0.01,0,0,0,0,0,0,0,"N",0,0.0,0,0,0,0,0,0,0,0,0,0,0,0,0,0
"37999","5","10","71","0","2017","4","",18286,112725,115262,113954,2318949842,354400969,5100583,1565,"",1.03,1.15,1.15,1.15,1.14,1.03,1.01,0.99,"",2080,12.8,10545,10.3,12924,12.6,12567,12.4,236330968,11.3,49426156,16.2,-1242374,-19.6,-6,-0.4
"38000","0","10","50","0","2017","4","",32006,421896,418386,416106,5499883408,1275175520,26789820,1010,"",1.00,1.00,1.00,1.00,1.00,1.00,1.00,1.00,"",-162,-0.5,-2688,-0.6,-2043,-0.5,1730,0.4,160660563,3.0,-101633923,-7.4,6733114,33.6,32,3.3
"38000","1","10","51","0","2017","4","",650,9379,9380,9460,156205466,0,0,1277,"",3.39,1.15,1.17,1.18,1.03,0.00,0.00,0.88,"",1,0.2,-77,-0.8,-124,-1.3,-164,-1.7,2544546,1.7,0,0.0,0,0.0,36,2.9
"38000","2","10","51","0","2017","4","",434,18182,18139,18109,251723736,148708,1287,1067,"",1.94,1.34,1.35,1.36,1.40,0.01,0.04,1.04,"",7,1.6,-712,-3.8,-783,-4.1,-719,-3.8,-12767356,-4.8,-24205,-14.0,227,21.4,-11,-1.0
"38000","3","10","51","0","2017","4","",981,44652,44571,45406,454357383,30033307,379063,779,"",1.80,1.07,1.07,1.10,0.96,1.19,2.69,0.89,"",-10,-1.0,-328,-0.7,-244,-0.5,245,0.5,6766522,1.5,-4067035,-11.9,108330,40.0,14,1.8
"38000","5","10","51","0","2017","4","",29941,349683,346296,343131,4637596823,1244993505,26409470,1030,"",0.96,0.98,0.97,0.97,0.99,1.01,0.99,1.01,"",-160,-0.5,-1571,-0.4,-892,-0.3,2368,0.7,164116851,3.7,-97542683,-7.3,6624557,33.5,37,3.7
"38000","8","10","96","0","2017","4","",2065,72213,72090,72975,862286585,30182015,380350,916,"",2.15,1.14,1.15,1.17,1.07,0.73,2.16,0.93,"",-2,-0.1,-1117,-1.5,-1151,-1.6,-638,-0.9,-3456288,-0.4,-4091240,-11.9,108557,39.9,9,1.0
"38001","0","10","70","0","2017","4","",127,952,951,973,9819776,2417308,22379,788,"",1.00,1.00,1.00,1.00,1.00,1.00,1.00,1.00,"",4,3.3,-33,-3.4,-30,-3.1,-7,-0.7,284221,3.0,-230154,-8.7,1954,9.6,41,5.5
"38001","1","10","71","0","2017","4","",4,16,19,19,177250,0,0,757,"",5.25,0.87,1.04,1.01,0.66,0.00,0.00,0.67,"",0,0.0,-3,-15.8,1,5.6,1,5.6,-16580,-8.6,0,0.0,0,0.0,-56,-6.9
"38001","2","10","71","0","2017","4","N",3,0,0,0,0,0,0,0,"N",3.37,0,0,0,0,0,0,0,"N",0,0.0,0,0,0,0,0,0,0,0,0,0,0,0,0,0
"38001","3","10","71","0","2017","4","N",5,0,0,0,0,0,0,0,"N",2.32,0,0,0,0,0,0,0,"N",0,0.0,0,0,0,0,0,0,0,0,0,0,0,0,0,0
"38001","5","10","71","0","2017","4","",115,814,810,826,8657401,2407838,22133,815,"",0.93,1.01,1.00,1.00,1.03,1.03,1.00,1.03,"",4,3.6,-26,-3.1,-30,-3.6,-14,-1.7,314895,3.8,-214091,-8.2,1779,8.7,51,6.7
"38003","0","10","70","0","2017","4","",433,4561,4568,4603,46099549,11451453,218545,775,"",1.00,1.00,1.00,1.00,1.00,1.00,1.00,1.00,"",-8,-1.8,-138,-2.9,-142,-3.0,-90,-1.9,-330186,-0.7,-2004768,-14.9,-29340,-11.8,15,2.0
"38003","1","10","71","0","2017","4","",16,74,73,76,987658,0,0,1022,"",6.16,0.84,0.84,0.86,0.78,0.00,0.00,0.92,"",0,0.0,5,7.2,1,1.4,-1,-1.3,99544,11.2,0,0.0,0,0.0,82,8.7
"38003","2","10","71","0","2017","4","",10,298,298,310,3769579,0,0,960,"",3.30,2.04,2.04,2.11,2.50,0.00,0.00,1.21,"",0,0.0,-17,-5.4,-16,-5.1,-9,-2.8,-156275,-4.0,0,0.0,0,0.0,4,0.4
"38003","3","10","71","0","2017","4","",23,626,631,626,5575840,13891,107,683,"",3.13,1.39,1.39,1.37,1.41,0.06,0.09,1.02,"",0,0.0,-12,-1.9,-19,-2.9,-33,-5.0,-18752,-0.3,-1429,-9.3,65,154.8,20,3.0
"38003","5","10","71","0","2017","4","",384,3563,3566,3591,35766472,11437562,218438,770,"",0.91,0.92,0.92,0.92,0.91,1.03,1.01,0.99,"",-8,-2.0,-114,-3.1,-108,-2.9,-47,-1.3,-254703,-0.7,-2003339,-14.9,-29405,-11.9,14,1.9
"38005","0","10","70","0","2017","4","",144,1978,1983,1957,19694983,6910496,133860,768,"",1.00,1.00,1.00,1.00,1.00,1.00,1.00,1.00,"",3,2.1,-53,-2.6,-33,-1.6,-27,-1.4,408352,2.1,-978781,-12.4,39600,42.0,30,4.1
"38005","1","10","71","0","2017","4","",13,112,111,113,1556151,0,0,1069,"",15.05,2.94,2.92,3.00,2.87,0.00,0.00,0.97,"",0,0.0,-20,-15.2,-16,-12.6,-11,-8.9,-173781,-10.0,0,0.0,0,0.0,27,2.6
"38005","2","10","71","0","2017","4","",4,8,6,6,89998,0,0,1038,"",3.96,0.13,0.09,0.10,0.14,0.00,0.00,1.33,"",1,33.3,0,0.0,-1,-14.3,-1,-14.3,-3531,-3.8,0,0.0,0,0.0,57,5.8
"38005","3","10","71","0","2017","4","",30,1451,1473,1451,13857480,5305026,104258,731,"",12.26,7.40,7.48,7.49,8.18,38.78,147.99,1.10,"",0,0.0,15,1.0,46,3.2,27,1.9,939050,7.3,-722470,-12.0,35370,51.3,36,5.2
"38005","5","10","71","0","2017","4","",97,407,393,387,4191354,1605470,29602,815,"",0.69,0.24,0.23,0.23,0.25,0.24,0.22,1.06,"",2,2.1,-48,-10.5,-62,-13.6,-42,-9.8,-353386,-7.8,-256311,-13.8,4230,16.7,32,4.1
"38007","0","10","70","0","2017","4","",46,438,329,314,4055587,987504,24664,866,"",1.00,1.00,1.00,1.00,1.00,1.00,1.00,1.00,"",-6,-11.5,47,12.0,11,3.5,12,4.0,443389,12.3,59299,6.4,19536,381.0,41,5.0
"38007","1","10","71","0","2017","4","",2,38,28,29,453096,0,0,1101,"",7.25,4.51,4.45,4.79,4.06,0.00,0.00,0.89,"",0,0.0,5,15.2,1,3.7,4,16.0,91150,25.2,0,0.0,0,0.0,118,12.0
"38007","2","10","71","0","2017","4","N",2,0,0,0,0,0,0,0,"N",6.21,0,0,0,0,0,0,0,"N",0,0.0,0,0,0,0,0,0,0,0,0,0,0,0,0,0
"38007","3","10","71","0","2017","4","N",3,0,0,0,0,0,0,0,"N",3.84,0,0,0,0,0,0,0,"N",-1,-25.0,0,0,0,0,0,0,0,0,0,0,0,0,0,0
"38007","5","10","71","0","2017","4","",39,272,187,174,2377795,987504,24664,867,"",0.87,0.73,0.67,0.65,0.69,1.03,1.01,1.00,"",-5,-11.4,40,17.2,18,10.7,14,8.8,315083,15.3,59299,6.4,19536,381.0,18,2.1
"38009","0","10","70","0","2017","4","",314,2499,2473,2427,28618100,6786529,194304,893,"",1.00,1.00,1.00,1.00,1.00,1.00,1.00,1.00,"",-7,-2.2,-90,-3.5,-64,-2.5,-22,-0.9,1039495,3.8,-958664,-12.4,2567,1.3,53,6.3
"38009","1","10","71","0","2017","4","",14,69,72,70,1299469,0,0,1421,"",7.43,1.43,1.52,1.50,1.65,0.00,0.00,1.11,"",0,0.0,2,3.0,2,2.9,-4,-5.4,-3320,-0.3,0,0.0,0,0.0,-4,-0.3
"38009","2","10","71","0","2017","4","",9,191,188,165,1720913,0,0,730,"",4.09,2.38,2.37,2.13,1.84,0.00,0.00,0.80,"",0,0.0,-11,-5.4,-8,-4.1,-22,-11.8,-151125,-8.1,0,0.0,0,0.0,-8,-1.1
"38009","3","10","71","0","2017","4","",22,376,370,382,3415658,51175,253,699,"",4.12,1.52,1.51,1.59,1.39,0.38,0.25,0.90,"",0,0.0,17,4.7,12,3.4,20,5.5,78334,2.3,-18014,-26.0,52,25.9,-15,-2.1
"38009","5","10","71","0","2017","4","",269,1863,1843,1810,22182060,6735354,194051,928,"",0.88,0.88,0.88,0.88,0.91,1.03,1.01,1.03,"",-7,-2.5,-98,-5.0,-70,-3.7,-16,-0.9,1115606,5.3,-940650,-12.3,2515,1.3,75,8.8
"38011","0","10","70","0","2017","4","",192,1530,1509,1496,16622113,3654979,51504,846,"",1.00,1.00,1.00,1.00,1.00,1.00,1.00,1.00,"",-2,-1.0,-136,-8.2,-163,-9.7,-130,-8.0,-2350595,-12.4,-1195197,-24.6,13835,36.7,-36,-4.1
"38011","1","10","71","0","2017","4","",5,27,21,26,251594,0,0,785,"",4.34,0.92,0.73,0.90,0.55,0.00,0.00,0.65,"",0,0.0,1,3.8,-7,-25.0,-1,-3.7,-12278,-4.7,0,0.0,0,0.0,33,4.4
"38011","2","10","71","0","2017","4","",5,8,8,8,134791,0,0,1296,"",3.72,0.16,0.17,0.17,0.25,0.00,0.00,1.50,"",0,0.0,-1,-11.1,-1,-11.1,-1,-11.1,-36216,-21.2,0,0.0,0,0.0,-166,-11.4
"38011","3","10","71","0","2017","4","",14,253,253,251,2127085,36063,494,648,"",4.29,1.67,1.69,1.70,1.49,0.50,1.82,0.88,"",0,0.0,-2,-0.8,-2,-0.8,-10,-3.8,74533,3.6,6932,23.8,298,152.0,34,5.5
"38011","5","10","71","0","2017","4","",168,1242,1227,1211,14108643,3618916,51010,885,"",0.90,0.96,0.96,0.95,0.99,1.02,1.00,1.04,"",-2,-1.2,-134,-9.7,-153,-11.1,-118,-8.9,-2376634,-14.4,-1202129,-24.9,13537,36.1,-46,-4.9
"38013","0","10","70","0","2017","4","",122,709,706,723,9585355,1556067,19775,1035,"",1.00,1.00,1.00,1.00,1.00,1.00,1.00,1.00,"",-4,-3.2,21,3.1,12,1.7,10,1.4,632358,7.1,-77297,-4.7,-13906,-41.3,49,5.0
"38013","1","10","71","0","2017","4","",10,91,91,95,2099273,0,0,1749,"",13.67,6.67,6.74,6.82,7.97,0.00,0.00,1.18,"",0,0.0,3,3.4,4,4.6,6,6.7,205954,10.9,0,0.0,0,0.0,94,5.7
"38013","2","10","71","0","2017","4","N",3,0,0,0,0,0,0,0,"N",3.51,0,0,0,0,0,0,0,"N",0,0.0,0,0,0,0,0,0,0,0,0,0,0,0,0,0
"38013","3","10","71","0","2017","4","N",15,0,0,0,0,0,0,0,"N",7.23,0,0,0,0,0,0,0,"N",0,0.0,0,0,0,0,0,0,0,0,0,0,0,0,0,0
"38013","5","10","71","0","2017","4","",94,424,423,424,5712309,1531052,19601,1037,"",0.79,0.70,0.71,0.69,0.70,1.02,1.00,1.00,"",-4,-4.1,6,1.4,8,1.9,16,3.9,378919,7.1,-53856,-3.4,-13917,-41.5,45,4.5
"38015","0","10","70","0","2017","4","",3784,56733,56774,56420,739548542,149209068,2101451,1004,"",1.00,1.00,1.00,1.00,1.00,1.00,1.00,1.00,"",37,1.0,-1653,-2.8,-1649,-2.8,-1229,-2.1,361926,0.0,-15117892,-9.2,78223,3.9,26,2.7
"38015","1","10","71","0","2017","4","",43,1100,1097,1120,20005991,0,0,1392,"",1.89,1.01,1.01,1.03,0.98,0.00,0.00,0.97,"",2,4.9,-24,-2.1,-23,-2.1,-19,-1.7,-122305,-0.6,0,0.0,0,0.0,19,1.4
"38015","2","10","71","0","2017","4","",69,5802,5781,5787,83788840,88912,516,1113,"",2.60,3.19,3.18,3.22,3.47,0.05,0.19,1.09,"",0,0.0,-121,-2.0,-136,-2.3,-157,-2.6,-2450695,-2.8,-22352,-20.1,101,24.3,-6,-0.5
"38015","3","10","71","0","2017","4","",22,4509,4489,4493,47365940,1272861,21855,810,"",0.34,0.80,0.80,0.80,0.74,0.43,1.98,0.93,"",0,0.0,90,2.0,6,0.1,86,2.0,581666,1.2,-275018,-17.8,236,1.1,-1,-0.1
"38015","5","10","71","0","2017","4","",3650,45322,45407,45020,588387771,147847295,2079080,1000,"",0.99,0.94,0.94,0.94,0.93,1.02,1.00,0.99,"",35,1.0,-1598,-3.4,-1496,-3.2,-1139,-2.5,2353260,0.4,-14820522,-9.1,77886,3.9,34,3.5
"38017","0","10","70","0","2017","4","",7235,118801,118410,118052,1524262086,345433775,4403177,990,"",1.00,1.00,1.00,1.00,1.00,1.00,1.00,1.00,"",68,0.9,-271,-0.2,-411,-0.3,231,0.2,42482685,2.9,-38217093,-10.0,627798,16.6,29,3.0
"38017","1","10","71","0","2017","4","",48,2444,2446,2487,46607799,0,0,1458,"",1.11,1.07,1.08,1.09,1.11,0.00,0.00,1.03,"",0,0.0,93,4.0,48,2.0,56,2.3,1372728,3.0,0,0.0,0,0.0,4,0.3
"38017","2","10","71","0","2017","4","",32,3382,3417,3405,51023220,2495,65,1154,"",0.63,0.89,0.90,0.90,1.03,0.00,0.01,1.14,"",1,3.2,-211,-5.9,-170,-4.7,-146,-4.1,-2975431,-5.5,2495,100.0,65,100.0,-7,-0.6
"38017","3","10","71","0","2017","4","",53,7190,7159,7605,80713310,182014,2417,848,"",0.43,0.61,0.61,0.65,0.62,0.03,0.10,0.99,"",-2,-3.6,12,0.2,39,0.5,297,4.1,2359393,3.0,-39502,-17.8,1144,89.9,11,1.3
"38017","5","10","71","0","2017","4","",7102,105785,105388,104555,1345917757,345249266,4400695,984,"",1.01,1.05,1.05,1.04,1.03,1.03,1.01,0.99,"",69,1.0,-165,-0.2,-328,-0.3,24,0.0,41725995,3.2,-38180086,-10.0,626589,16.6,32,3.4
"38019","0","10","70","0","2017","4","",179,1420,1379,1385,17331266,3558316,66775,956,"",1.00,1.00,1.00,1.00,1.00,1.00,1.00,1.00,"",-4,-2.2,-67,-4.5,-96,-6.5,-65,-4.5,770056,4.6,-292722,-7.6,1277,1.9,90,10.4
"38019","1","10","71","0","2017","4","",8,34,34,34,616288,0,0,1394,"",7.45,1.24,1.29,1.27,1.29,0.00,0.00,1.02,"",0,0.0,-8,-19.0,-6,-15.0,-12,-26.1,-109525,-15.1,0,0.0,0,0.0,85,6.5
"38019","2","10","71","0","2017","4","",4,9,9,9,142458,0,0,1218,"",3.19,0.20,0.20,0.20,0.25,0.00,0.00,1.25,"",0,0.0,0,0.0,0,0.0,0,0.0,-2349,-1.6,0,0.0,0,0.0,-20,-1.6
"38019","3","10","71","0","2017","4","",15,208,217,225,1920985,7176,135,682,"",4.93,1.48,1.58,1.64,1.29,0.10,0.38,0.82,"",0,0.0,-7,-3.3,-9,-4.0,-10,-4.3,84956,4.6,-495,-6.5,17,14.4,55,8.8
"38019","5","10","71","0","2017","4","",152,1169,1119,1117,14651535,3551140,66640,993,"",0.88,0.97,0.96,0.95,0.99,1.03,1.00,1.03,"",-4,-2.6,-52,-4.3,-81,-6.8,-43,-3.7,796974,5.8,-292227,-7.6,1260,1.9,100,11.2
"38021","0","10","70","0","2017","4","",266,1956,1934,1926,18348143,5126929,49252,728,"",1.00,1.00,1.00,1.00,1.00,1.00,1.00,1.00,"",-5,-1.8,37,1.9,64,3.4,40,2.1,725154,4.1,-284763,-5.3,2017,4.3,11,1.5
"38021","1","10","71","0","2017","4","",6,26,26,26,296900,0,0,878,"",3.76,0.69,0.70,0.70,0.59,0.00,0.00,0.84,"",0,0.0,2,8.3,2,8.3,-1,-3.7,27985,10.4,0,0.0,0,0.0,51,6.2
"38021","2","10","71","0","2017","4","",5,8,8,8,122639,0,0,1179,"",2.68,0.13,0.13,0.13,0.20,0.00,0.00,1.59,"",0,0.0,0,0.0,0,0.0,0,0.0,-17185,-12.3,0,0.0,0,0.0,-165,-12.3
"38021","3","10","71","0","2017","4","",13,297,288,304,2188816,1050,6,568,"",2.88,1.53,1.50,1.59,1.39,0.01,0.02,0.90,"",0,0.0,-8,-2.6,-4,-1.4,9,3.1,-43970,-2.0,0,0.0,3,100.0,-10,-1.7
"38021","5","10","71","0","2017","4","",242,1625,1612,1588,15739788,5125879,49246,753,"",0.94,0.98,0.98,0.97,1.00,1.03,1.01,1.03,"",-5,-2.0,43,2.7,66,4.3,32,2.1,758324,5.1,-284763,-5.3,2014,4.3,15,2.0
"38023","0","10","70","0","2017","4","",149,857,851,840,11283848,3034307,43538,1022,"",1.00,1.00,1.00,1.00,1.00,1.00,1.00,1.00,"",2,1.4,-12,-1.4,-24,-2.7,-11,-1.3,479914,4.4,96050,3.3,-8931,-17.0,61,6.3
"38023","1","10","71","0","2017","4","",7,31,31,28,594429,0,0,1524,"",7.83,1.88,1.90,1.73,1.92,0.00,0.00,1.04,"",0,0.0,0,0.0,-5,-13.9,-8,-22.2,30152,5.3,0,0.0,0,0.0,260,20.6
"38023","2","10","71","0","2017","4","",4,6,6,6,105065,0,0,1347,"",3.83,0.22,0.22,0.22,0.29,0.00,0.00,1.29,"",0,0.0,0,0.0,0,0.0,0,0.0,-21181,-16.8,0,0.0,0,0.0,-272,-16.8
"38023","3","10","71","0","2017","4","",8,147,145,143,1668771,4891,36,885,"",3.16,1.73,1.72,1.72,1.72,0.08,0.16,1.00,"",0,0.0,-5,-3.3,-3,-2.0,1,0.7,26963,1.6,-10875,-69.0,-40,-52.6,28,3.3
"38023","5","10","71","0","2017","4","",130,673,669,663,8915583,3029416,43502,1026,"",0.90,0.92,0.93,0.93,0.93,1.03,1.01,1.00,"",2,1.6,-7,-1.0,-16,-2.3,-4,-0.6,443980,5.2,106925,3.7,-8891,-17.0,64,6.7
"38025","0","10","70","0","2017","4","",212,2064,1994,1933,35929609,9840545,415624,1384,"",1.00,1.00,1.00,1.00,1.00,1.00,1.00,1.00,"",-16,-7.0,161,8.5,128,6.9,137,7.6,4725247,15.1,1959853,24.9,283721,215.1,90,7.0
"38025","1","10","71","0","2017","4","",5,16,20,15,181200,0,0,820,"",3.93,0.40,0.52,0.40,0.18,0.00,0.00,0.41,"",0,0.0,0,0.0,6,42.9,-5,-25.0,13587,8.1,0,0.0,0,0.0,46,5.9
"38025","2","10","71","0","2017","4","N",5,0,0,0,0,0,0,0,"N",3.37,0,0,0,0,0,0,0,"N",0,0.0,0,0,0,0,0,0,0,0,0,0,0,0,0,0
"38025","3","10","71","0","2017","4","N",12,0,0,0,0,0,0,0,"N",3.33,0,0,0,0,0,0,0,"N",0,0.0,0,0,0,0,0,0,0,0,0,0,0,0,0,0
"38025","5","10","71","0","2017","4","",190,1738,1677,1606,32424710,9559158,410972,1490,"",0.92,0.99,0.99,0.98,1.06,1.00,1.00,1.07,"",-16,-7.8,180,11.6,127,8.2,140,9.5,4557325,16.4,1951190,25.6,279972,213.7,84,6.0
"38027","0","10","70","0","2017","4","",94,724,731,763,6588571,1430700,27466,686,"",1.00,1.00,1.00,1.00,1.00,1.00,1.00,1.00,"",-5,-5.1,1,0.1,4,0.6,16,2.1,28830,0.4,-275518,-16.1,1626,6.3,-3,-0.4
"38027","1","10","71","0","2017","4","",5,19,20,20,239372,0,0,936,"",8.87,1.36,1.43,1.36,1.32,0.00,0.00,0.95,"",0,0.0,-3,-13.6,0,0.0,-2,-9.1,-6836,-2.8,0,0.0,0,0.0,48,5.4
"38027","2","10","71","0","2017","4","",3,3,3,3,39743,0,0,1019,"",4.55,0.13,0.13,0.12,0.18,0.00,0.00,1.46,"N",1,50.0,0,0,0,0,0,0,0,0,0,0,0,0,0,0
"38027","3","10","71","0","2017","4","",9,168,186,187,1220650,9187,45,521,"",5.63,2.34,2.56,2.48,2.15,0.32,0.31,0.88,"N",0,0.0,0,0,0,0,0,0,0,0,0,0,0,0,0,0
"38027","5","10","71","0","2017","4","",77,534,522,553,5088806,1421513,27421,730,"",0.84,0.87,0.84,0.85,0.90,1.03,1.00,1.06,"",-6,-7.2,0,0.0,-6,-1.1,0,0.0,-58987,-1.1,-276230,-16.3,1605,6.2,-6,-0.8
"38029","0","10","70","0","2017","4","",162,1032,965,979,9405886,2283780,40001,729,"",1.00,1.00,1.00,1.00,1.00,1.00,1.00,1.00,"",-1,-0.6,30,3.0,-23,-2.3,9,0.9,10129,0.1,-206030,-8.3,7725,23.9,-4,-0.5
"38029","1","10","71","0","2017","4","",7,24,22,21,236528,0,0,815,"",7.20,1.21,1.19,1.11,0.91,0.00,0.00,0.78,"",0,0.0,1,4.3,-4,-15.4,-1,-4.5,-4524,-1.9,0,0.0,0,0.0,32,4.1
"38029","2","10","71","0","2017","4","N",4,0,0,0,0,0,0,0,"N",3.52,0,0,0,0,0,0,0,"N",1,33.3,0,0,0,0,0,0,0,0,0,0,0,0,0,0
"38029","3","10","71","0","2017","4","N",16,0,0,0,0,0,0,0,"N",5.81,0,0,0,0,0,0,0,"N",-2,-11.1,0,0,0,0,0,0,0,0,0,0,0,0,0,0
"38029","5","10","71","0","2017","4","",135,758,701,701,7116564,2216279,38449,760,"",0.86,0.86,0.86,0.84,0.89,1.00,0.97,1.04,"",0,0.0,30,4.1,1,0.1,25,3.7,-42057,-0.6,-196868,-8.2,7454,24.0,-25,-3.2
"38031","0","10","70","0","2017","4","",169,1648,1627,1658,19726360,4472537,53036,923,"",1.00,1.00,1.00,1.00,1.00,1.00,1.00,1.00,"",-2,-1.2,17,1.0,3,0.2,45,2.8,611743,3.2,-428943,-8.8,19339,57.4,17,1.9
"38031","1","10","71","0","2017","4","",6,25,25,24,293924,0,0,917,"",5.92,0.79,0.80,0.75,0.54,0.00,0.00,0.69,"",-1,-14.3,-2,-7.4,1,4.2,-1,-4.0,4528,1.6,0,0.0,0,0.0,38,4.3
"38031","2","10","71","0","2017","4","",5,17,17,17,268540,0,0,1215,"",4.22,0.32,0.33,0.32,0.42,0.00,0.00,1.29,"",0,0.0,-4,-19.0,-3,-15.0,-3,-15.0,-42473,-13.7,0,0.0,0,0.0,38,3.2
"38031","3","10","71","0","2017","4","",8,210,206,225,1863543,49278,241,671,"",2.79,1.29,1.28,1.37,1.10,0.56,0.86,0.84,"",0,0.0,10,5.0,4,2.0,11,5.1,61758,3.4,-3066,-5.9,-303,-55.7,-4,-0.6
"38031","5","10","71","0","2017","4","",150,1396,1379,1392,17300353,4423259,52795,958,"",0.92,1.00,1.00,0.99,1.03,1.02,1.00,1.03,"",-1,-0.7,13,0.9,1,0.1,38,2.8,587930,3.5,-425877,-8.8,19642,59.2,21,2.2
"38033","0","10","70","0","2017","4","",90,669,659,659,6599577,1495262,16402,766,"",1.00,1.00,1.00,1.00,1.00,1.00,1.00,1.00,"",-7,-7.2,-16,-2.3,-6,-0.9,4,0.6,57286,0.9,-220470,-12.8,-1129,-6.4,13,1.7
"38033","1","10","71","0","2017","4","",4,11,9,9,87896,0,0,699,"",7.41,0.85,0.71,0.71,0.48,0.00,0.00,0.64,"",0,0.0,3,37.5,-3,-25.0,-2,-18.2,-8377,-8.7,0,0.0,0,0.0,-18,-2.5
"38033","2","10","71","0","2017","4","N",3,0,0,0,0,0,0,0,"N",4.76,0,0,0,0,0,0,0,"N",0,0.0,0,0,0,0,0,0,0,0,0,0,0,0,0,0
"38033","3","10","71","0","2017","4","N",8,0,0,0,0,0,0,0,"N",5.23,0,0,0,0,0,0,0,"N",1,14.3,0,0,0,0,0,0,0,0,0,0,0,0,0,0
"38033","5","10","71","0","2017","4","",75,485,485,488,5236654,1483323,16334,829,"",0.86,0.85,0.87,0.87,0.93,1.03,1.00,1.08,"",-8,-9.6,-10,-2.0,5,1.0,20,4.3,175921,3.5,-211486,-12.5,-1139,-6.5,20,2.5
"38035","0","10","70","0","2017","4","",2250,41529,41295,40745,486608619,108755095,1524845,909,"",1.00,1.00,1.00,1.00,1.00,1.00,1.00,1.00,"",10,0.4,-142,-0.3,-174,-0.4,-206,-0.5,3657028,0.8,-9567484,-8.1,342969,29.0,11,1.2
"38035","1","10","71","0","2017","4","",47,992,1018,1017,15833990,0,0,1207,"",3.48,1.24,1.29,1.30,1.18,0.00,0.00,0.93,"",0,0.0,-32,-3.1,-27,-2.6,-40,-3.8,-25164,-0.2,0,0.0,0,0.0,36,3.1
"38035","2","10","71","0","2017","4","",29,3621,3644,3637,56082096,10000,77,1187,"",1.84,2.72,2.75,2.80,3.53,0.01,0.04,1.28,"",0,0.0,-149,-4.0,-165,-4.3,-177,-4.6,-3256439,-5.5,-2463,-19.8,42,120.0,-15,-1.2
"38035","3","10","71","0","2017","4","",29,3470,3508,3528,38278675,381194,1885,841,"",0.76,0.84,0.86,0.87,0.91,0.18,0.23,1.07,"",-1,-3.3,-241,-6.5,-259,-6.9,-150,-4.1,923853,2.5,-106477,-21.8,-4305,-69.5,68,8.8
"38035","5","10","71","0","2017","4","",2145,33446,33125,32563,376413858,108363901,1522883,876,"",0.98,0.95,0.94,0.94,0.91,1.03,1.01,0.96,"",11,0.5,280,0.8,277,0.8,161,0.5,6014778,1.6,-9458544,-8.0,347232,29.5,7,0.8
"38037","0","10","70","0","2017","4","",88,574,550,548,5026833,1063513,15606,694,"",1.00,1.00,1.00,1.00,1.00,1.00,1.00,1.00,"",1,1.1,9,1.6,14,2.6,-9,-1.6,192401,4.0,9259,0.9,7185,85.3,21,3.1
"38037","1","10","71","0","2017","4","",7,26,23,22,255826,0,0,832,"",13.26,2.35,2.19,2.08,1.85,0.00,0.00,0.84,"",0,0.0,2,8.3,0,0.0,-2,-8.3,388,0.2,0,0.0,0,0.0,2,0.2
"38037","2","10","71","0","2017","4","N",1,0,0,0,0,0,0,0,"N",1.62,0,0,0,0,0,0,0,"N",0,0.0,0,0,0,0,0,0,0,0,0,0,0,0,0,0
"38037","3","10","71","0","2017","4","N",12,0,0,0,0,0,0,0,"N",8.02,0,0,0,0,0,0,0,"N",0,0.0,0,0,0,0,0,0,0,0,0,0,0,0,0,0
"38037","5","10","71","0","2017","4","",68,398,399,398,3766782,1037832,13138,727,"",0.80,0.82,0.85,0.85,0.88,1.01,0.85,1.04,"",1,1.5,8,2.1,23,6.1,-4,-1.0,209600,5.9,8849,0.9,5096,63.4,24,3.4
"38039","0","10","70","0","2017","4","",104,855,830,819,7730592,1880094,17501,712,"",1.00,1.00,1.00,1.00,1.00,1.00,1.00,1.00,"",-4,-3.7,-38,-4.3,-32,-3.7,-34,-4.0,68298,0.9,-289129,-13.3,-706,-3.9,34,5.0
"38039","1","10","71","0","2017","4","",5,20,23,20,261485,0,0,958,"",8.02,1.22,1.45,1.27,1.23,0.00,0.00,0.94,"",0,0.0,1,5.3,3,15.0,0,0.0,10185,4.1,0,0.0,0,0.0,-25,-2.5
"38039","2","10","71","0","2017","4","N",4,0,0,0,0,0,0,0,"N",5.49,0,0,0,0,0,0,0,"N",0,0.0,0,0,0,0,0,0,0,0,0,0,0,0,0,0
"38039","3","10","71","0","2017","4","N",9,0,0,0,0,0,0,0,"N",5.09,0,0,0,0,0,0,0,"N",0,0.0,0,0,0,0,0,0,0,0,0,0,0,0,0,0
"38039","5","10","71","0","2017","4","",86,643,622,626,6283273,1880094,17501,767,"",0.85,0.89,0.88,0.90,0.95,1.03,1.01,1.07,"",-4,-4.4,-52,-7.5,-41,-6.2,-33,-5.0,32100,0.5,-289129,-13.3,-706,-3.9,52,7.3
"38041","0","10","70","0","2017","4","",130,733,731,716,7946235,1491930,31234,841,"",1.00,1.00,1.00,1.00,1.00,1.00,1.00,1.00,"",2,1.6,-38,-4.9,-18,-2.4,-18,-2.5,-1258,0.0,-207077,-12.2,5958,23.6,27,3.3
"38041","1","10","71","0","2017","4","",5,17,19,18,239357,0,0,1023,"",6.41,1.20,1.36,1.31,1.10,0.00,0.00,0.85,"",0,0.0,-1,-5.6,0,0.0,1,5.9,21860,10.1,0,0.0,0,0.0,94,10.1
"38041","2","10","71","0","2017","4","N",1,0,0,0,0,0,0,0,"N",1.10,0,0,0,0,0,0,0,"N",0,0.0,0,0,0,0,0,0,0,0,0,0,0,0,0,0
"38041","3","10","71","0","2017","4","N",15,0,0,0,0,0,0,0,"N",6.79,0,0,0,0,0,0,0,"N",0,0.0,0,0,0,0,0,0,0,0,0,0,0,0,0,0
"38041","5","10","71","0","2017","4","",109,520,506,502,6095250,1460267,31062,921,"",0.86,0.84,0.81,0.82,0.90,1.01,1.00,1.09,"",2,1.9,-24,-4.4,-24,-4.5,-22,-4.2,4548,0.1,-205131,-12.3,7022,29.2,41,4.7
"38043","0","10","70","0","2017","4","",104,727,622,627,6587157,2146657,50363,769,"",1.00,1.00,1.00,1.00,1.00,1.00,1.00,1.00,"",2,2.0,-14,-1.9,-16,-2.5,4,0.6,171430,2.7,19065,0.9,-16581,-24.8,29,3.9
"38043","1","10","71","0","2017","4","",7,20,21,19,181355,0,0,698,"",11.22,1.43,1.76,1.57,1.00,0.00,0.00,0.63,"",0,0.0,1,5.3,0,0.0,-4,-17.4,764,0.4,0,0.0,0,0.0,36,5.4
"38043","2","10","71","0","2017","4","N",2,0,0,0,0,0,0,0,"N",2.74,0,0,0,0,0,0,0,"N",0,0.0,0,0,0,0,0,0,0,0,0,0,0,0,0,0
"38043","3","10","71","0","2017","4","N",12,0,0,0,0,0,0,0,"N",6.79,0,0,0,0,0,0,0,"N",0,0.0,0,0,0,0,0,0,0,0,0,0,0,0,0,0
"38043","5","10","71","0","2017","4","",83,545,438,439,5209543,2130736,50270,845,"",0.82,0.88,0.83,0.82,0.93,1.03,1.00,1.09,"",2,2.5,-15,-2.7,-15,-3.3,4,0.9,181985,3.6,19047,0.9,-16625,-24.9,44,5.5
"38045","0","10","70","0","2017","4","",224,1443,1453,1440,14751672,3509524,39363,785,"",1.00,1.00,1.00,1.00,1.00,1.00,1.00,1.00,"",-1,-0.4,17,1.2,-18,-1.2,-28,-1.9,-157113,-1.1,-502688,-12.5,9317,31.0,-3,-0.4
"38045","1","10","71","0","2017","4","",11,38,39,43,477219,0,0,918,"",8.19,1.37,1.40,1.55,1.18,0.00,0.00,0.82,"",1,10.0,-2,-5.0,2,5.4,2,4.9,-12855,-2.6,0,0.0,0,0.0,-40,-4.2
"38045","2","10","71","0","2017","4","",5,6,6,7,94502,0,0,1148,"",3.19,0.13,0.13,0.15,0.20,0.00,0.00,1.43,"",0,0.0,-1,-14.3,-2,-25.0,-1,-12.5,-16619,-15.0,0,0.0,0,0.0,33,3.0
"38045","3","10","71","0","2017","4","",19,319,327,344,2875765,58683,371,670,"",4.99,2.23,2.27,2.41,2.27,0.84,1.79,0.98,"",0,0.0,-1,-0.3,7,2.2,-5,-1.4,-35832,-1.2,-33017,-36.0,40,12.1,-9,-1.3
"38045","5","10","71","0","2017","4","",189,1080,1081,1046,11304186,3450841,38992,813,"",0.87,0.88,0.88,0.85,0.90,1.02,1.00,1.03,"",-2,-1.0,21,2.0,-25,-2.3,-24,-2.2,-91807,-0.8,-469671,-12.0,9277,31.2,0,0.0
"38047","0","10","70","0","2017","4","",99,655,651,660,5384086,1406710,17006,632,"",1.00,1.00,1.00,1.00,1.00,1.00,1.00,1.00,"",0,0.0,18,2.8,11,1.7,12,1.9,28622,0.5,-55462,-3.8,4428,35.2,-10,-1.6
"38047","1","10","71","0","2017","4","",5,16,18,16,189798,0,0,876,"",8.42,1.27,1.44,1.26,1.28,0.00,0.00,0.97,"",0,0.0,-6,-27.3,1,5.9,-3,-15.8,-3107,-1.6,0,0.0,0,0.0,108,14.1
"38047","2","10","71","0","2017","4","N",3,0,0,0,0,0,0,0,"N",4.32,0,0,0,0,0,0,0,"N",0,0.0,0,0,0,0,0,0,0,0,0,0,0,0,0,0
"38047","3","10","71","0","2017","4","N",10,0,0,0,0,0,0,0,"N",5.94,0,0,0,0,0,0,0,"N",0,0.0,0,0,0,0,0,0,0,0,0,0,0,0,0,0
"38047","5","10","71","0","2017","4","",81,499,495,500,4021595,1406595,17005,621,"",0.84,0.90,0.90,0.89,0.87,1.03,1.01,0.98,"",0,0.0,16,3.3,13,2.7,18,3.7,21755,0.5,-55577,-3.8,4427,35.2,-17,-2.7
"38049","0","10","70","0","2017","4","",189,1346,1319,1352,14532860,3417865,66870,835,"",1.00,1.00,1.00,1.00,1.00,1.00,1.00,1.00,"",-2,-1.0,-42,-3.0,-41,-3.0,-29,-2.1,-754595,-4.9,-892756,-20.7,10271,18.1,-19,-2.2
"38049","1","10","71","0","2017","4","",11,41,44,45,520030,0,0,923,"",9.70,1.58,1.74,1.73,1.30,0.00,0.00,0.77,"",0,0.0,-3,-6.8,1,2.3,-1,-2.2,-4819,-0.9,0,0.0,0,0.0,12,1.3
"38049","2","10","71","0","2017","4","",5,13,12,12,173931,0,0,1085,"",3.78,0.30,0.28,0.28,0.37,0.00,0.00,1.27,"",0,0.0,0,0.0,-1,-7.7,-1,-7.7,-25000,-12.6,0,0.0,0,0.0,-92,-7.8
"38049","3","10","71","0","2017","4","",22,325,331,355,2810573,61725,380,642,"",6.85,2.44,2.53,2.65,2.25,0.91,1.08,0.89,"",0,0.0,-10,-3.0,0,0.0,2,0.6,-5966,-0.2,869,1.4,146,62.4,4,0.6
"38049","5","10","71","0","2017","4","",151,967,932,940,11028326,3356140,66490,896,"",0.82,0.85,0.83,0.82,0.89,1.01,1.00,1.07,"",-2,-1.3,-29,-2.9,-41,-4.2,-29,-3.0,-718810,-6.1,-893625,-21.0,10125,18.0,-27,-2.9
"38051","0","10","70","0","2017","4","",143,1101,1095,1061,10014591,2331039,49853,710,"",1.00,1.00,1.00,1.00,1.00,1.00,1.00,1.00,"",-4,-2.7,12,1.1,21,2.0,-41,-3.7,279772,2.9,-63075,-2.6,29798,148.6,22,3.2
"38051","1","10","71","0","2017","4","",5,16,19,16,198170,0,0,897,"",5.83,0.75,0.91,0.78,0.72,0.00,0.00,0.88,"",0,0.0,-2,-11.1,-1,-5.0,-4,-20.0,-18494,-8.5,0,0.0,0,0.0,35,4.1
"38051","2","10","71","0","2017","4","",3,8,7,7,94365,0,0,990,"",2.99,0.23,0.20,0.21,0.29,0.00,0.00,1.37,"",0,0.0,0,0.0,0,0.0,0,0.0,2492,2.7,0,0.0,0,0.0,26,2.7
"38051","3","10","71","0","2017","4","",15,182,170,181,1336489,22762,177,579,"",6.17,1.67,1.56,1.72,1.55,0.49,0.67,0.94,"",0,0.0,-7,-3.7,-2,-1.2,-12,-6.2,-10116,-0.8,-4732,-17.2,63,55.3,18,3.2
"38051","5","10","71","0","2017","4","",120,895,899,857,8385567,2308277,49676,730,"",0.87,0.96,0.97,0.95,0.98,1.02,1.00,1.02,"",-4,-3.2,21,2.4,24,2.7,-25,-2.8,305890,3.8,-58343,-2.5,29735,149.1,21,3.0
"38053","0","10","70","0","2017","4","",788,9493,9567,9464,173487672,46652882,1704027,1404,"",1.00,1.00,1.00,1.00,1.00,1.00,1.00,1.00,"",10,1.3,887,10.3,1018,11.9,1038,12.3,17325135,11.1,2080047,4.7,883782,107.7,-5,-0.4
"38053","1","10","71","0","2017","4","",10,70,63,62,979504,0,0,1159,"",2.12,0.38,0.34,0.34,0.21,0.00,0.00,0.58,"",0,0.0,2,2.9,0,0.0,-3,-4.6,59875,6.5,0,0.0,0,0.0,76,7.0
"38053","2","10","71","0","2017","4","",8,22,21,23,289866,0,0,1014,"",1.45,0.07,0.07,0.08,0.05,0.00,0.00,0.71,"",0,0.0,0,0.0,-2,-8.7,-2,-8.0,-65311,-18.4,0,0.0,0,0.0,-157,-13.4
"38053","3","10","71","0","2017","4","",18,1914,1926,1944,23541107,4613003,29243,939,"",1.34,2.03,2.03,2.08,1.58,4.99,3.26,0.77,"",-2,-10.0,97,5.3,110,6.1,111,6.1,1044189,4.6,-464413,-9.1,13813,89.5,-11,-1.2
"38053","5","10","71","0","2017","4","",752,7487,7557,7435,148677195,42039879,1674784,1526,"",0.98,0.93,0.93,0.92,1.00,0.93,0.99,1.08,"",12,1.6,788,11.8,910,13.7,932,14.3,16286382,12.3,2544460,6.4,869969,108.1,-13,-0.8
"38055","0","10","70","0","2017","4","",373,3526,3462,3461,48021246,6424556,118501,1061,"",1.00,1.00,1.00,1.00,1.00,1.00,1.00,1.00,"",-3,-0.8,-79,-2.2,-66,-1.9,-58,-1.6,757494,1.6,-943888,-12.8,-36365,-23.5,37,3.6
"38055","1","10","71","0","2017","4","",16,108,106,112,1928931,0,0,1365,"",7.15,1.59,1.60,1.68,1.46,0.00,0.00,0.90,"",0,0.0,-6,-5.3,-5,-4.5,0,0.0,88585,4.8,0,0.0,0,0.0,105,8.3
"38055","2","10","71","0","2017","4","",5,40,36,36,496113,0,0,1022,"",1.91,0.35,0.32,0.33,0.32,0.00,0.00,0.94,"",1,25.0,0,0.0,-5,-12.2,0,0.0,-2800,-0.6,0,0.0,0,0.0,38,3.9
"38055","3","10","71","0","2017","4","",36,734,715,735,6362267,145736,2144,672,"",5.68,2.10,2.08,2.15,1.54,1.15,3.44,0.73,"",1,2.9,-13,-1.7,-11,-1.5,0,0.0,144287,2.3,52832,56.9,1476,221.0,22,3.4
"38055","5","10","71","0","2017","4","",316,2644,2605,2578,39233935,6278820,116357,1157,"",0.87,0.88,0.89,0.88,0.96,1.01,0.99,1.08,"",-5,-1.6,-60,-2.2,-45,-1.7,-58,-2.2,527422,1.4,-996720,-13.7,-37841,-24.5,39,3.5
"38057","0","10","70","0","2017","4","",351,5316,5027,4743,89034170,13660162,767626,1362,"",1.00,1.00,1.00,1.00,1.00,1.00,1.00,1.00,"",17,5.1,-159,-2.9,-393,-7.3,-489,-9.3,-5945029,-6.3,-5884916,-30.1,-290342,-27.4,3,0.2
"38057","1","10","71","0","2017","4","",9,34,33,32,458399,0,0,1069,"",4.28,0.33,0.34,0.35,0.19,0.00,0.00,0.55,"",0,0.0,-1,-2.9,-6,-15.4,-4,-11.1,-2433,-0.5,0,0.0,0,0.0,102,10.5
"38057","2","10","71","0","2017","4","",7,16,12,11,159229,0,0,942,"",2.85,0.09,0.07,0.07,0.05,0.00,0.00,0.68,"",0,0.0,3,23.1,-1,-7.7,-1,-8.3,-11915,-7.0,0,0.0,0,0.0,-97,-9.3
"38057","3","10","71","0","2017","4","",18,537,538,525,4403998,113230,582,635,"",3.02,1.02,1.08,1.12,0.58,0.42,0.14,0.54,"",0,0.0,-2,-0.4,-1,-0.2,-4,-0.8,1424,0.0,-10592,-8.6,231,65.8,3,0.5
"38057","5","10","71","0","2017","4","",317,4729,4444,4175,84012544,13546932,767044,1452,"",0.93,1.05,1.04,1.04,1.11,1.03,1.01,1.06,"",17,5.7,-159,-3.3,-385,-8.0,-480,-10.3,-5932105,-6.6,-5874324,-30.2,-290573,-27.5,8,0.6
"38059","0","10","70","0","2017","4","",1037,11505,11290,11219,135807057,35218615,873818,921,"",1.00,1.00,1.00,1.00,1.00,1.00,1.00,1.00,"",21,2.1,147,1.3,113,1.0,259,2.4,-1004456,-0.7,-358817,-1.0,353326,67.9,-22,-2.3
"38059","1","10","71","0","2017","4","",10,98,97,99,1424142,0,0,1118,"",1.61,0.44,0.45,0.46,0.38,0.00,0.00,0.85,"",0,0.0,2,2.1,-4,-4.0,-6,-5.7,-12633,-0.9,0,0.0,0,0.0,20,1.8
"38059","2","10","71","0","2017","4","",12,174,138,144,1837459,4739,42,930,"",1.65,0.47,0.38,0.40,0.41,0.01,0.04,0.99,"",0,0.0,0,0.0,-19,-12.1,-11,-7.1,-164049,-8.2,132,2.9,29,223.1,-20,-2.1
"38059","3","10","71","0","2017","4","",25,1607,1571,1589,15053963,1145,7,729,"",1.42,1.41,1.40,1.43,1.29,0.00,0.00,0.91,"",0,0.0,-12,-0.7,10,0.6,10,0.6,-645766,-4.1,-25425,-95.7,-126,-94.7,-32,-4.2
"38059","5","10","71","0","2017","4","",990,9626,9484,9387,117491493,35212731,873769,951,"",0.98,0.98,0.99,0.98,1.01,1.03,1.01,1.03,"",21,2.2,157,1.7,126,1.3,266,2.9,-182008,-0.2,-333524,-0.9,353423,67.9,-21,-2.2
"38061","0","10","70","0","2017","4","",564,5772,5795,5737,95365374,22097275,638189,1272,"",1.00,1.00,1.00,1.00,1.00,1.00,1.00,1.00,"",-37,-6.2,92,1.6,143,2.5,36,0.6,4286700,4.7,-1568939,-6.6,199724,45.6,38,3.1
"38061","1","10","71","0","2017","4","",10,45,41,47,685263,0,0,1189,"",2.96,0.41,0.37,0.43,0.26,0.00,0.00,0.65,"",0,0.0,-3,-6.2,-3,-6.8,1,2.2,-3303,-0.5,0,0.0,0,0.0,38,3.3
"38061","2","10","71","0","2017","4","",7,18,15,15,258089,0,0,1241,"",1.77,0.10,0.08,0.08,0.08,0.00,0.00,0.96,"",1,16.7,1,5.9,-2,-11.8,-2,-11.8,-49518,-16.1,0,0.0,0,0.0,-151,-10.8
"38061","3","10","71","0","2017","4","",29,1096,1174,1109,12398815,1946083,17936,847,"",3.03,1.92,2.04,1.95,1.51,4.45,5.34,0.77,"",0,0.0,24,2.2,88,8.1,10,0.9,628989,5.3,-377981,-16.3,-3185,-15.1,13,1.6
"38061","5","10","71","0","2017","4","",518,4613,4565,4566,82023207,20151192,620253,1377,"",0.95,0.94,0.93,0.94,1.01,0.94,0.98,1.08,"",-38,-6.8,70,1.5,60,1.3,27,0.6,3710532,4.7,-1190958,-5.6,202909,48.6,47,3.5
"38063","0","10","70","0","2017","4","",167,987,976,992,9601482,1831089,36747,750,"",1.00,1.00,1.00,1.00,1.00,1.00,1.00,1.00,"",-4,-2.3,-43,-4.2,-15,-1.5,2,0.2,256731,2.7,-342758,-15.8,7725,26.6,34,4.7
"38063","1","10","71","0","2017","4","",10,20,22,18,169411,0,0,652,"",9.98,1.05,1.18,0.94,0.64,0.00,0.00,0.61,"",0,0.0,-3,-13.0,2,10.0,-1,-5.3,8545,5.3,0,0.0,0,0.0,53,8.8
"38063","2","10","71","0","2017","4","",4,9,9,9,149841,0,0,1281,"",3.42,0.28,0.29,0.28,0.48,0.00,0.00,1.67,"",0,0.0,-1,-10.0,-1,-10.0,-1,-10.0,-6479,-4.1,0,0.0,0,0.0,79,6.6
"38063","3","10","71","0","2017","4","",19,225,215,227,1852448,51039,493,641,"",6.69,2.30,2.22,2.31,2.24,1.41,2.55,0.99,"",0,0.0,-14,-5.9,-15,-6.5,-1,-0.4,49247,2.7,-13835,-21.3,311,170.9,44,7.4
"38063","5","10","71","0","2017","4","",134,733,730,738,7429782,1780050,36254,779,"",0.83,0.87,0.88,0.88,0.91,1.00,0.99,1.03,"",-4,-2.9,-25,-3.3,-1,-0.1,5,0.7,205418,2.8,-328923,-15.6,7414,25.7,29,3.9
"38065","0","10","70","0","2017","4","",59,707,688,688,13594948,1053786,29556,1506,"",1.00,1.00,1.00,1.00,1.00,1.00,1.00,1.00,"",-1,-1.7,-352,-33.2,-154,-18.3,-138,-16.7,-2724234,-16.7,-1649248,-61.0,-81630,-73.4,125,9.1
"38065","1","10","71","0","2017","4","",3,8,5,5,57377,0,0,736,"",8.48,0.59,0.38,0.38,0.15,0.00,0.00,0.34,"",0,0.0,4,100.0,-3,-37.5,-3,-37.5,5504,10.6,0,0.0,0,0.0,137,22.9
"38065","2","10","71","0","2017","4","",3,4,4,4,51744,0,0,995,"",7.26,0.18,0.18,0.18,0.12,0.00,0.00,0.65,"",0,0.0,-2,-33.3,-1,-20.0,-1,-20.0,-12567,-19.5,0,0.0,0,0.0,67,7.2
"38065","3","10","71","0","2017","4","",5,112,109,105,764343,0,0,541,"",4.99,1.60,1.60,1.54,0.65,0.00,0.00,0.41,"",0,0.0,5,4.7,1,0.9,-12,-10.3,47183,6.6,0,0.0,0,0.0,43,8.6
"38065","5","10","71","0","2017","4","",48,583,570,574,12721484,1053786,29556,1700,"",0.84,0.97,0.98,0.98,1.10,1.03,1.01,1.12,"",-1,-2.0,-359,-38.1,-151,-20.9,-122,-17.5,-2764354,-17.9,-1649248,-61.0,-81630,-73.4,185,12.2
"38067","0","10","70","0","2017","4","",396,3828,3512,3526,44655221,12596313,355813,948,"",1.00,1.00,1.00,1.00,1.00,1.00,1.00,1.00,"",-11,-2.7,-160,-4.0,-234,-6.2,15,0.4,724210,1.6,-1567045,-11.1,-57835,-14.0,46,5.1
"38067","1","10","71","0","2017","4","",16,229,224,226,4769990,0,0,1621,"",6.74,3.11,3.33,3.33,3.89,0.00,0.00,1.20,"",0,0.0,6,2.7,-2,-0.9,-3,-1.3,61022,1.3,0,0.0,0,0.0,18,1.1
"38067","2","10","71","0","2017","4","",7,25,17,16,259455,0,0,1032,"",2.52,0.20,0.15,0.14,0.18,0.00,0.00,1.07,"",0,0.0,1,4.2,-5,-22.7,-7,-30.4,-48080,-15.6,0,0.0,0,0.0,3,0.3
"38067","3","10","71","0","2017","4","",31,531,514,535,4181710,87538,429,611,"",4.61,1.40,1.47,1.53,1.09,0.35,0.23,0.74,"",-1,-3.1,-2,-0.4,-21,-3.9,-25,-4.5,-84871,-2.0,-40941,-31.9,-776,-64.4,6,1.0
"38067","5","10","71","0","2017","4","",342,3043,2757,2749,35444066,12508775,355384,957,"",0.89,0.94,0.92,0.92,0.93,1.03,1.01,1.00,"",-10,-2.8,-165,-5.1,-206,-7.0,50,1.9,796139,2.3,-1526104,-10.9,-57059,-13.8,56,6.2
"38069","0","10","70","0","2017","4","",192,1795,1789,1781,18927080,4142717,56618,814,"",1.00,1.00,1.00,1.00,1.00,1.00,1.00,1.00,"",0,0.0,20,1.1,21,1.2,34,1.9,754875,4.2,-505573,-10.9,5379,10.5,21,2.6
"38069","1","10","71","0","2017","4","",5,22,18,22,264275,0,0,984,"",4.34,0.64,0.53,0.64,0.51,0.00,0.00,0.85,"",-1,-16.7,0,0.0,0,0.0,2,10.0,11402,4.5,0,0.0,0,0.0,11,1.1
"38069","2","10","71","0","2017","4","",7,11,11,10,170197,0,0,1227,"",5.20,0.19,0.19,0.18,0.28,0.00,0.00,1.48,"",0,0.0,0,0.0,-1,-8.3,-1,-9.1,-33697,-16.5,0,0.0,0,0.0,-157,-11.3
"38069","3","10","71","0","2017","4","",12,242,243,247,2218273,0,0,699,"",3.68,1.36,1.37,1.40,1.36,0.00,0.00,0.99,"",-1,-7.7,-2,-0.8,0,0.0,-2,-0.8,3705,0.2,-14672,-100.0,-41,-100.0,5,0.7
"38069","5","10","71","0","2017","4","",168,1520,1517,1502,16274335,4142717,56618,827,"",0.90,1.00,1.00,0.99,1.01,1.03,1.01,1.01,"",2,1.2,22,1.5,22,1.5,35,2.4,773465,5.0,-490901,-10.6,5420,10.6,25,3.1
"38071","0","10","70","0","2017","4","",534,5835,5796,5732,58979381,15104708,258850,784,"",1.00,1.00,1.00,1.00,1.00,1.00,1.00,1.00,"",3,0.6,-713,-10.9,-459,-7.3,-131,-2.2,-12448528,-17.4,-7450031,-33.0,-22511,-8.0,-99,-11.2
"38071","1","10","71","0","2017","4","",14,130,128,128,1972538,0,0,1179,"",4.37,1.16,1.15,1.16,1.22,0.00,0.00,1.05,"",-1,-6.7,-17,-11.6,-11,-7.9,-15,-10.5,-134426,-6.4,0,0.0,0,0.0,46,4.1
"38071","2","10","71","0","2017","4","",16,439,449,445,4933090,0,0,854,"",4.28,2.34,2.42,2.43,2.56,0.00,0.00,1.07,"",0,0.0,-12,-2.7,-8,-1.8,4,0.9,20561,0.4,0,0.0,0,0.0,14,1.7
"38071","3","10","71","0","2017","4","",20,820,815,831,7674718,3906,25,718,"",2.20,1.42,1.42,1.46,1.51,0.01,0.02,1.06,"",-1,-4.8,-17,-2.0,-8,-1.0,-4,-0.5,231452,3.1,410,11.7,15,150.0,30,4.4
"38071","5","10","71","0","2017","4","",484,4446,4404,4328,44399035,15100802,258825,778,"",0.93,0.90,0.89,0.89,0.88,1.03,1.01,0.99,"",5,1.0,-667,-13.0,-432,-8.9,-116,-2.6,-12566115,-22.1,-7450441,-33.0,-22526,-8.0,-135,-14.8
"38073","0","10","70","0","2017","4","",257,2070,2083,2049,19520337,4662446,51217,726,"",1.00,1.00,1.00,1.00,1.00,1.00,1.00,1.00,"",3,1.2,-53,-2.5,1,0.0,-34,-1.6,753484,4.0,-79881,-1.7,22518,78.5,37,5.4
"38073","1","10","71","0","2017","4","",8,40,37,37,445606,0,0,902,"",5.19,1.00,0.93,0.94,0.83,0.00,0.00,0.87,"",0,0.0,0,0.0,-5,-11.9,-4,-9.8,6115,1.4,0,0.0,0,0.0,77,9.3
"38073","2","10","71","0","2017","4","N",6,0,0,0,0,0,0,0,"N",3.33,0,0,0,0,0,0,0,"N",0,0.0,0,0,0,0,0,0,0,0,0,0,0,0,0,0
"38073","3","10","71","0","2017","4","N",15,0,0,0,0,0,0,0,"N",3.43,0,0,0,0,0,0,0,"N",0,0.0,0,0,0,0,0,0,0,0,0,0,0,0,0,0
"38073","5","10","71","0","2017","4","",228,1535,1568,1523,15037206,4647937,51127,750,"",0.91,0.87,0.89,0.87,0.90,1.03,1.00,1.03,"",3,1.3,-39,-2.5,9,0.6,-21,-1.4,769681,5.4,-81214,-1.7,22465,78.4,46,6.5
"38075","0","10","70","0","2017","4","",135,753,744,757,7881277,1483524,30925,807,"",1.00,1.00,1.00,1.00,1.00,1.00,1.00,1.00,"",-4,-2.9,16,2.2,30,4.2,34,4.7,205274,2.7,-140896,-8.7,17349,127.8,-8,-1.0
"38075","1","10","71","0","2017","4","",7,28,24,23,445453,0,0,1371,"",8.65,1.93,1.69,1.58,2.06,0.00,0.00,1.19,"",0,0.0,4,16.7,-1,-4.0,-5,-17.9,46155,11.6,0,0.0,0,0.0,174,14.5
"38075","2","10","71","0","2017","4","",3,5,5,5,82963,0,0,1276,"",3.17,0.21,0.21,0.21,0.32,0.00,0.00,1.55,"",0,0.0,0,0.0,0,0.0,0,0.0,-8219,-9.0,0,0.0,0,0.0,-127,-9.1
"38075","3","10","71","0","2017","4","",12,222,216,223,1689623,29857,206,590,"",5.23,2.98,2.92,2.98,2.49,1.02,1.27,0.84,"",0,0.0,-4,-1.8,9,4.3,6,2.8,9290,0.6,-549,-1.8,91,79.1,-7,-1.2
"38075","5","10","71","0","2017","4","",113,498,499,506,5663238,1453667,30719,870,"",0.86,0.78,0.79,0.79,0.84,1.01,1.00,1.07,"",-4,-3.4,16,3.3,22,4.6,33,7.0,158048,2.9,-140347,-8.8,17258,128.2,-17,-1.9
"38077","0","10","70","0","2017","4","",626,8045,7741,7667,83325379,23663439,316589,820,"",1.00,1.00,1.00,1.00,1.00,1.00,1.00,1.00,"",-9,-1.4,-177,-2.2,-142,-1.8,-100,-1.3,-932164,-1.1,-2910853,-11.0,42012,15.3,5,0.6
"38077","1","10","71","0","2017","4","",13,58,58,55,716874,0,0,967,"",3.46,0.37,0.39,0.37,0.31,0.00,0.00,0.82,"",0,0.0,-6,-9.4,-6,-9.4,-5,-8.3,11176,1.6,0,0.0,0,0.0,101,11.7
"38077","2","10","71","0","2017","4","N",11,0,0,0,0,0,0,0,"N",2.51,0,0,0,0,0,0,0,"N",-1,-8.3,0,0,0,0,0,0,0,0,0,0,0,0,0,0
"38077","3","10","71","0","2017","4","N",38,0,0,0,0,0,0,0,"N",3.57,0,0,0,0,0,0,0,"N",0,0.0,0,0,0,0,0,0,0,0,0,0,0,0,0,0
"38077","5","10","71","0","2017","4","",564,6134,5867,5758,64680167,20742715,294441,840,"",0.93,0.90,0.89,0.88,0.91,0.91,0.94,1.02,"",-8,-1.4,-134,-2.1,-73,-1.2,-43,-0.7,-534417,-0.8,-2744915,-11.7,37526,14.6,4,0.5
"38079","0","10","70","0","2017","4","",264,4387,4375,4373,44381045,11871712,225541,780,"",1.00,1.00,1.00,1.00,1.00,1.00,1.00,1.00,"",1,0.4,-229,-5.0,-224,-4.9,-230,-5.0,-442605,-1.0,-1362814,-10.3,93229,70.5,31,4.1
"38079","1","10","71","0","2017","4","",18,937,940,945,13829615,0,0,1131,"",11.37,11.10,11.23,11.22,11.34,0.00,0.00,1.01,"",0,0.0,-6,-0.6,0,0.0,4,0.4,552508,4.2,0,0.0,0,0.0,46,4.2
"38079","2","10","71","0","2017","4","",8,29,23,22,284879,22523,489,888,"",4.32,0.21,0.16,0.16,0.20,0.15,1.64,1.12,"",0,0.0,-2,-6.5,-2,-8.0,-1,-4.3,-35746,-11.1,-8543,-27.5,-70,-12.5,-49,-5.2
"38079","3","10","71","0","2017","4","",26,1867,1866,1883,18473677,5591431,77897,759,"",5.79,4.30,4.30,4.35,4.84,23.79,65.63,1.12,"",0,0.0,-170,-8.3,-169,-8.3,-177,-8.6,-920148,-4.7,-1108537,-16.5,57587,283.5,29,4.0
"38079","5","10","71","0","2017","4","",212,1554,1546,1523,11792874,6257758,147155,589,"",0.83,0.42,0.42,0.41,0.31,0.54,0.66,0.75,"",1,0.5,-51,-3.2,-53,-3.3,-56,-3.5,-39219,-0.3,-245734,-3.8,35712,32.0,18,3.2
"38081","0","10","70","0","2017","4","",163,3152,3150,3223,33301970,7149892,66684,807,"",1.00,1.00,1.00,1.00,1.00,1.00,1.00,1.00,"",-2,-1.2,234,8.0,311,11.0,420,15.0,5300445,18.9,1774462,33.0,30448,84.0,52,6.9
"38081","1","10","71","0","2017","4","",9,39,39,39,464880,0,0,917,"",9.21,0.64,0.65,0.63,0.51,0.00,0.00,0.79,"",0,0.0,-1,-2.5,1,2.6,2,5.4,55432,13.5,0,0.0,0,0.0,95,11.6
"38081","2","10","71","0","2017","4","",4,5,5,5,75636,0,0,1164,"",3.50,0.05,0.05,0.05,0.07,0.00,0.00,1.41,"",0,0.0,0,0.0,0,0.0,0,0.0,-1616,-2.1,0,0.0,0,0.0,-24,-2.0
"38081","3","10","71","0","2017","4","",21,272,252,262,2140363,24164,258,628,"",7.58,0.87,0.81,0.82,0.75,0.17,0.74,0.90,"",0,0.0,-7,-2.5,-11,-4.2,-3,-1.1,30641,1.5,-6199,-20.4,173,203.5,25,4.1
"38081","5","10","71","0","2017","4","",129,2836,2854,2917,30621091,7125728,66426,821,"",0.82,1.06,1.07,1.06,1.08,1.03,1.00,1.01,"",-2,-1.5,242,9.3,321,12.7,421,16.9,5215988,20.5,1780661,33.3,30275,83.7,52,6.8
"38083","0","10","70","0","2017","4","",50,250,229,245,1762593,332737,6537,562,"",1.00,1.00,1.00,1.00,1.00,1.00,1.00,1.00,"",-2,-3.8,12,5.0,-2,-0.9,-2,-0.8,124402,7.6,-77394,-18.9,458,7.5,34,6.4
"38083","1","10","71","0","2017","4","",4,8,11,11,103496,0,0,796,"",13.34,1.66,2.51,2.33,2.14,0.00,0.00,0.99,"",0,0.0,-3,-27.3,2,22.2,0,0.0,6941,7.2,0,0.0,0,0.0,77,10.7
"38083","2","10","71","0","2017","4","N",2,0,0,0,0,0,0,0,"N",5.71,0,0,0,0,0,0,0,"N",0,0.0,0,0,0,0,0,0,0,0,0,0,0,0,0,0
"38083","3","10","71","0","2017","4","N",10,0,0,0,0,0,0,0,"N",11.77,0,0,0,0,0,0,0,"N",0,0.0,0,0,0,0,0,0,0,0,0,0,0,0,0,0
"38083","5","10","71","0","2017","4","",34,133,117,123,1000556,332737,6537,619,"",0.70,0.63,0.60,0.59,0.66,1.03,1.01,1.10,"",-2,-5.6,5,3.9,-2,-1.7,-4,-3.1,116884,13.2,-77394,-18.9,458,7.5,74,13.6
"38085","0","10","70","0","2017","4","",62,1622,1631,1656,17379984,5649309,83214,817,"",1.00,1.00,1.00,1.00,1.00,1.00,1.00,1.00,"",-1,-1.6,-51,-3.0,-27,-1.6,7,0.4,-492545,-2.8,-891298,-13.6,17715,27.0,-11,-1.3
"38085","1","10","71","0","2017","4","",8,239,236,233,3907226,0,0,1274,"",21.51,7.65,7.56,7.30,8.18,0.00,0.00,1.09,"",-1,-11.1,6,2.6,4,1.7,1,0.4,97154,2.5,0,0.0,0,0.0,13,1.0
"38085","2","10","71","0","2017","4","N",2,0,0,0,0,0,0,0,"N",4.60,0,0,0,0,0,0,0,"N",0,0.0,0,0,0,0,0,0,0,0,0,0,0,0,0,0
"38085","3","10","71","0","2017","4","N",16,0,0,0,0,0,0,0,"N",15.18,0,0,0,0,0,0,0,"N",1,6.7,0,0,0,0,0,0,0,0,0,0,0,0,0,0
"38085","5","10","71","0","2017","4","",36,170,163,164,1016876,678090,9625,472,"",0.60,0.12,0.12,0.12,0.07,0.12,0.12,0.57,"",-1,-2.7,1,0.6,7,4.5,2,1.2,-42893,-4.0,-88087,-11.5,6554,213.4,-30,-6.0
"38087","0","10","70","0","2017","4","",22,136,134,131,1827656,465649,29078,1052,"",1.00,1.00,1.00,1.00,1.00,1.00,1.00,1.00,"",-6,-21.4,-7,-4.9,-4,-2.9,-11,-7.7,-101957,-5.3,-53578,-10.3,21018,260.8,-1,-0.1
"38087","3","10","71","0","2017","4","N",4,0,0,0,0,0,0,0,"N",10.70,0,0,0,0,0,0,0,"N",0,0.0,0,0,0,0,0,0,0,0,0,0,0,0,0,0
"38087","5","10","71","0","2017","4","N",18,0,0,0,0,0,0,0,"N",0.84,0,0,0,0,0,0,0,"N",-6,-25.0,0,0,0,0,0,0,0,0,0,0,0,0,0,0
"38089","0","10","70","0","2017","4","",1470,19094,19009,18961,287670160,64081769,1720541,1163,"",1.00,1.00,1.00,1.00,1.00,1.00,1.00,1.00,"",-17,-1.1,254,1.3,243,1.3,618,3.4,20218936,7.6,-6130795,-8.7,339707,24.6,60,5.4
"38089","1","10","71","0","2017","4","",13,193,193,192,3039334,0,0,1213,"",1.47,0.53,0.53,0.53,0.38,0.00,0.00,0.73,"",0,0.0,-9,-4.5,-5,-2.5,-8,-4.0,-38316,-1.2,0,0.0,0,0.0,29,2.4
"38089","2","10","71","0","2017","4","",17,518,513,485,5826431,0,0,887,"",1.65,0.85,0.84,0.80,0.62,0.00,0.00,0.75,"",0,0.0,30,6.1,22,4.5,1,0.2,-392953,-6.3,0,0.0,0,0.0,-94,-9.6
"38089","3","10","71","0","2017","4","",27,1724,1714,1724,17578319,66619,692,786,"",1.08,0.91,0.91,0.92,0.71,0.05,0.08,0.78,"",-1,-3.6,-3,-0.2,-36,-2.1,23,1.4,404986,2.4,11284,20.4,537,346.5,21,2.7
"38089","5","10","71","0","2017","4","",1413,16659,16589,16560,261226076,64015150,1719849,1210,"",0.99,1.03,1.03,1.03,1.06,1.03,1.01,1.03,"",-16,-1.1,236,1.4,262,1.6,602,3.8,20245219,8.4,-6142079,-8.8,339170,24.6,68,6.0
"38091","0","10","70","0","2017","4","",82,611,603,623,8209017,1957585,24267,1031,"",1.00,1.00,1.00,1.00,1.00,1.00,1.00,1.00,"",1,1.2,3,0.5,0,0.0,16,2.6,609946,8.0,-249625,-11.3,877,3.7,66,6.8
"38091","1","10","71","0","2017","4","",7,10,10,10,142756,0,0,1098,"",14.23,0.85,0.87,0.83,0.63,0.00,0.00,0.74,"",0,0.0,-1,-9.1,0,0.0,-3,-23.1,4076,2.9,0,0.0,0,0.0,157,16.7
"38091","2","10","71","0","2017","4","N",2,0,0,0,0,0,0,0,"N",3.48,0,0,0,0,0,0,0,"N",0,0.0,0,0,0,0,0,0,0,0,0,0,0,0,0,0
"38091","3","10","71","0","2017","4","N",12,0,0,0,0,0,0,0,"N",8.61,0,0,0,0,0,0,0,"N",0,0.0,0,0,0,0,0,0,0,0,0,0,0,0,0,0
"38091","5","10","71","0","2017","4","",61,495,485,494,7096273,1946640,24187,1111,"",0.77,0.95,0.95,0.93,1.01,1.03,1.00,1.07,"",1,1.7,9,1.9,3,0.6,19,4.0,539661,8.2,-245252,-11.2,840,3.6,62,5.9
"38093","0","10","70","0","2017","4","",847,11337,11316,11283,122542270,26870268,302477,833,"",1.00,1.00,1.00,1.00,1.00,1.00,1.00,1.00,"",-26,-3.0,-318,-2.7,-261,-2.3,-177,-1.5,-236881,-0.2,-4201747,-13.5,40152,15.3,16,2.0
"38093","1","10","71","0","2017","4","",20,161,160,157,2401003,0,0,1159,"",3.94,0.74,0.74,0.72,0.71,0.00,0.00,0.97,"",0,0.0,-9,-5.3,-14,-8.0,-13,-7.6,-155455,-6.1,0,0.0,0,0.0,11,1.0
"38093","2","10","71","0","2017","4","",16,841,851,867,9529728,0,0,859,"",2.70,2.31,2.35,2.41,2.38,0.00,0.00,1.01,"",0,0.0,-61,-6.8,-64,-7.0,-28,-3.1,-495956,-4.9,0,0.0,0,0.0,6,0.7
"38093","3","10","71","0","2017","4","",23,1044,1054,1082,10116214,102681,747,734,"",1.60,0.93,0.94,0.97,0.96,0.19,0.47,1.02,"",0,0.0,62,6.3,50,5.0,59,5.8,-62122,-0.6,-6483,-5.9,438,141.7,-47,-6.0
"38093","5","10","71","0","2017","4","",788,9291,9251,9177,100495325,26767587,301730,837,"",0.96,0.96,0.96,0.96,0.96,1.03,1.00,1.00,"",-26,-3.2,-310,-3.2,-233,-2.5,-195,-2.1,476652,0.5,-4195264,-13.5,39714,15.2,26,3.2
"38095","0","10","70","0","2017","4","",101,740,743,689,7001440,1710713,21810,744,"",1.00,1.00,1.00,1.00,1.00,1.00,1.00,1.00,"",-4,-3.8,-85,-10.3,-65,-8.0,-69,-9.1,-86616,-1.2,-523297,-23.4,-7519,-25.6,60,8.8
"38095","1","10","71","0","2017","4","",7,21,20,19,316095,0,0,1216,"",11.56,1.47,1.41,1.43,1.64,0.00,0.00,1.14,"",0,0.0,2,10.5,-2,-9.1,-2,-9.5,52473,19.9,0,0.0,0,0.0,235,24.0
"38095","2","10","71","0","2017","4","",3,6,6,6,91765,0,0,1176,"",4.24,0.25,0.25,0.27,0.40,0.00,0.00,1.55,"",0,0.0,0,0.0,0,0.0,0,0.0,-13502,-12.8,0,0.0,0,0.0,-174,-12.9
"38095","3","10","71","0","2017","4","",10,124,136,134,973111,0,0,570,"",5.83,1.69,1.84,1.97,1.62,0.00,0.00,0.88,"",0,0.0,-4,-3.1,10,7.9,5,3.9,16874,1.8,0,0.0,0,0.0,-6,-1.0
"38095","5","10","71","0","2017","4","",81,589,581,530,5620469,1710713,21810,763,"",0.83,0.94,0.92,0.91,0.94,1.03,1.01,1.02,"",-4,-4.7,-83,-12.4,-73,-11.2,-72,-12.0,-142461,-2.5,-523297,-23.4,-7519,-25.6,73,10.6
"38097","0","10","70","0","2017","4","",368,3733,3582,3466,41147522,10707917,209598,881,"",1.00,1.00,1.00,1.00,1.00,1.00,1.00,1.00,"",2,0.5,107,3.0,117,3.4,66,1.9,2551612,6.6,-293312,-2.7,56685,37.1,32,3.8
"38097","1","10","71","0","2017","4","",10,37,36,38,410284,0,0,853,"",4.53,0.51,0.53,0.57,0.36,0.00,0.00,0.68,"",0,0.0,1,2.8,1,2.9,-2,-5.0,34329,9.1,0,0.0,0,0.0,71,9.1
"38097","2","10","71","0","2017","4","N",5,0,0,0,0,0,0,0,"N",1.94,0,0,0,0,0,0,0,"N",0,0.0,0,0,0,0,0,0,0,0,0,0,0,0,0,0
"38097","3","10","71","0","2017","4","N",23,0,0,0,0,0,0,0,"N",3.68,0,0,0,0,0,0,0,"N",0,0.0,0,0,0,0,0,0,0,0,0,0,0,0,0,0
"38097","5","10","71","0","2017","4","",330,2963,2828,2708,33848337,10663624,209266,919,"",0.92,0.93,0.93,0.92,0.96,1.03,1.01,1.04,"",2,0.6,103,3.6,109,4.0,73,2.8,2499010,8.0,-271497,-2.5,56593,37.1,38,4.3
"38099","0","10","70","0","2017","4","",520,5602,5013,4892,53574504,16811601,309032,797,"",1.00,1.00,1.00,1.00,1.00,1.00,1.00,1.00,"",-9,-1.7,40,0.7,-161,-3.1,-68,-1.4,1494920,2.9,-1367287,-7.5,-32945,-9.6,31,4.0
"38099","1","10","71","0","2017","4","",14,47,50,52,678164,0,0,1050,"",4.49,0.44,0.52,0.55,0.46,0.00,0.00,0.92,"",0,0.0,-7,-13.0,-3,-5.7,-4,-7.1,13080,2.0,0,0.0,0,0.0,108,11.5
"38099","2","10","71","0","2017","4","N",9,0,0,0,0,0,0,0,"N",2.47,0,0,0,0,0,0,0,"N",0,0.0,0,0,0,0,0,0,0,0,0,0,0,0,0,0
"38099","3","10","71","0","2017","4","N",29,0,0,0,0,0,0,0,"N",3.28,0,0,0,0,0,0,0,"N",0,0.0,0,0,0,0,0,0,0,0,0,0,0,0,0,0
"38099","5","10","71","0","2017","4","",468,4431,3858,3727,42511214,16701481,308173,816,"",0.93,0.93,0.91,0.90,0.93,1.03,1.00,1.02,"",-9,-1.9,63,1.4,-115,-2.9,-26,-0.7,1507008,3.7,-1374942,-7.6,-33370,-9.8,34,4.3
"38101","0","10","70","0","2017","4","",2428,31797,31670,31584,394314094,96546303,2119847,957,"",1.00,1.00,1.00,1.00,1.00,1.00,1.00,1.00,"",-51,-2.1,-899,-2.7,-729,-2.3,-305,-1.0,7961971,2.1,-8127413,-7.8,505852,31.3,38,4.1
"38101","1","10","71","0","2017","4","",55,1224,1235,1242,18970984,0,0,1183,"",3.78,2.00,2.04,2.04,1.75,0.00,0.00,0.86,"",1,1.9,-47,-3.7,-39,-3.1,-33,-2.6,358561,1.9,0,0.0,0,0.0,59,5.2
"38101","2","10","71","0","2017","4","",24,858,881,866,10210895,0,0,905,"",1.41,0.84,0.87,0.86,0.79,0.00,0.00,0.93,"",2,9.1,-76,-8.1,-70,-7.4,-66,-7.1,-964407,-8.6,0,0.0,0,0.0,-10,-1.1
"38101","3","10","71","0","2017","4","",30,3335,3302,3343,36085132,188757,2283,834,"",0.73,1.06,1.05,1.07,1.06,0.10,0.20,1.00,"",0,0.0,-49,-1.4,-35,-1.0,-10,-0.3,-83509,-0.2,-40530,-17.7,1623,245.9,5,0.6
"38101","5","10","71","0","2017","4","",2319,26380,26252,26133,329047083,96357546,2117564,964,"",0.98,0.98,0.98,0.97,0.98,1.03,1.01,1.00,"",-54,-2.3,-727,-2.7,-585,-2.2,-196,-0.7,8651326,2.7,-8086883,-7.7,504229,31.3,43,4.7
"38103","0","10","70","0","2017","4","",214,1570,1542,1543,13967323,3805100,58163,692,"",1.00,1.00,1.00,1.00,1.00,1.00,1.00,1.00,"",-9,-4.0,-30,-1.9,-32,-2.0,-20,-1.3,-1602,0.0,-498040,-11.6,-9151,-13.6,11,1.6
"38103","1","10","71","0","2017","4","",7,27,26,25,274458,0,0,812,"",5.45,0.89,0.88,0.84,0.71,0.00,0.00,0.82,"",0,0.0,7,35.0,3,13.0,-2,-7.4,8955,3.4,0,0.0,0,0.0,-63,-7.2
"38103","2","10","71","0","2017","4","N",2,0,0,0,0,0,0,0,"N",1.33,0,0,0,0,0,0,0,"N",0,0.0,0,0,0,0,0,0,0,0,0,0,0,0,0,0
"38103","3","10","71","0","2017","4","N",17,0,0,0,0,0,0,0,"N",4.67,0,0,0,0,0,0,0,"N",-1,-5.6,0,0,0,0,0,0,0,0,0,0,0,0,0,0
"38103","5","10","71","0","2017","4","",188,1282,1252,1241,11685834,3745724,57855,714,"",0.91,0.96,0.96,0.95,0.98,1.02,1.00,1.03,"",-8,-4.1,-30,-2.3,-34,-2.6,-9,-0.7,1167,0.0,-499090,-11.8,-9243,-13.8,13,1.9
"38105","0","10","70","0","2017","4","",2105,28282,28088,28170,545618130,137402748,6097030,1489,"",1.00,1.00,1.00,1.00,1.00,1.00,1.00,1.00,"",-64,-3.0,2299,8.8,2047,7.9,2513,9.8,78741722,16.9,15889158,13.1,3271392,115.8,102,7.4
"38105","1","10","71","0","2017","4","",19,105,103,104,1484961,0,0,1098,"",1.50,0.19,0.19,0.19,0.10,0.00,0.00,0.52,"",1,5.6,4,4.0,1,1.0,0,0.0,8723,0.6,0,0.0,0,0.0,-12,-1.1
"38105","2","10","71","0","2017","4","",19,328,320,322,4443452,20039,98,1057,"",1.29,0.36,0.36,0.36,0.25,0.01,0.01,0.70,"",0,0.0,-17,-4.9,-32,-9.1,-15,-4.5,-376855,-7.8,6526,48.3,60,157.9,-19,-1.8
"38105","3","10","71","0","2017","4","",36,2017,2062,2077,24194880,1011264,6629,907,"",1.01,0.72,0.74,0.75,0.52,0.37,0.21,0.70,"",0,0.0,2,0.1,61,3.0,83,4.2,661341,2.8,220867,27.9,-18276,-73.4,3,0.3
"38105","5","10","71","0","2017","4","",2031,25832,25603,25667,515494837,136371445,6090303,1543,"",0.99,1.08,1.07,1.07,1.11,1.03,1.01,1.03,"",-65,-3.1,2310,9.8,2017,8.6,2445,10.5,78448513,17.9,15661765,13.0,3289608,117.5,109,7.6
"38999","0","10","70","0","2017","4","",782,2417,2442,2375,46883080,15568723,583131,1496,"",1.00,1.00,1.00,1.00,1.00,1.00,1.00,1.00,"",-11,-1.4,-1071,-30.7,-447,-15.5,-70,-2.9,-10855266,-18.8,-4275708,-21.5,-76487,-11.6,-14,-0.9
"38999","1","10","71","0","2017","4","",22,98,96,99,1722399,0,0,1357,"",4.69,2.11,2.05,2.16,1.34,0.00,0.00,0.63,"",0,0.0,-9,-8.4,-10,-9.4,-6,-5.7,43641,2.6,0,0.0,0,0.0,139,11.4
"38999","2","10","71","0","2017","4","N",2,0,0,0,0,0,0,0,"N",0.37,0,0,0,0,0,0,0,"N",0,0.0,0,0,0,0,0,0,0,0,0,0,0,0,0,0
"38999","5","10","71","0","2017","4","N",758,0,0,0,0,0,0,0,"N",1.00,0,0,0,0,0,0,0,"N",-11,-1.4,0,0,0,0,0,0,0,0,0,0,0,0,0,0
"39000","0","10","50","0","2017","4","",297215,5418573,5430131,5413211,68578489653,4201311725,117121341,973,"",1.00,1.00,1.00,1.00,1.00,1.00,1.00,1.00,"",3235,1.1,46692,0.9,42961,0.8,45302,0.8,2603696299,3.9,132189232,3.2,21219019,22.1,29,3.1
"39000","1","10","51","0","2017","4","",1811,78215,78370,79030,1572186464,0,0,1540,"",1.02,0.75,0.75,0.76,0.83,0.00,0.00,1.11,"",2,0.1,394,0.5,563,0.7,-141,-0.2,40351301,2.6,0,0.0,0,0.0,34,2.3
"39000","2","10","51","0","2017","4","",1160,134311,133969,134514,2074294869,0,0,1188,"",0.56,0.77,0.77,0.78,0.93,0.00,0.00,1.20,"",-24,-2.0,963,0.7,791,0.6,219,0.2,-77009282,-3.6,0,0.0,0,0.0,-51,-4.1
"39000","3","10","51","0","2017","4","",11400,517309,519490,511900,6036828504,7012881,179114,900,"",2.26,0.96,0.96,0.96,1.02,0.08,0.29,1.07,"",-18,-0.2,1105,0.2,288,0.1,385,0.1,183539320,3.1,166349,2.4,39885,28.6,27,3.1
"39000","5","10","51","0","2017","4","",282844,4688738,4698302,4687767,58895179816,4194298844,116942227,966,"",0.98,1.02,1.02,1.02,1.01,1.03,1.01,0.99,"",3275,1.2,44230,1.0,41319,0.9,44839,1.0,2456814960,4.4,132022883,3.2,21179134,22.1,32,3.4
"39000","8","10","96","0","2017","4","",14371,729835,731829,725444,9683309837,7012881,179114,1022,"",1.61,0.90,0.90,0.89,0.97,0.05,0.23,1.08,"",-40,-0.3,2462,0.3,1642,0.2,463,0.1,146881339,1.5,166349,2.4,39885,28.6,14,1.4
"39001","0","10","70","0","2017","4","",597,6067,6025,6011,57638676,4758441,143780,735,"",1.00,1.00,1.00,1.00,1.00,1.00,1.00,1.00,"",15,2.6,-154,-2.5,-187,-3.0,-138,-2.2,399984,0.7,-210736,-4.2,2978,2.1,24,3.4
"39001","1","10","71","0","2017","4","",10,65,64,63,762101,0,0,916,"",2.79,0.56,0.56,0.54,0.48,0.00,0.00,0.87,"",0,0.0,0,0.0,3,4.9,-4,-6.0,35715,4.9,0,0.0,0,0.0,47,5.4
"39001","2","10","71","0","2017","4","",7,42,42,47,465676,0,0,820,"",1.67,0.22,0.22,0.25,0.25,0.00,0.00,1.09,"",0,0.0,3,7.7,2,5.0,4,9.3,-2547,-0.5,0,0.0,0,0.0,-66,-7.4
"39001","3","10","71","0","2017","4","",53,1477,1482,1469,13837143,0,0,721,"",5.22,2.46,2.48,2.47,2.79,0.00,0.00,1.13,"",0,0.0,38,2.6,26,1.8,8,0.5,763329,5.8,0,0.0,0,0.0,28,4.0
"39001","5","10","71","0","2017","4","",527,4483,4437,4432,42573756,4758441,143780,736,"",0.91,0.87,0.87,0.87,0.87,1.03,1.01,1.00,"",15,2.9,-195,-4.2,-218,-4.7,-146,-3.2,-396513,-0.9,-210736,-4.2,2978,2.1,23,3.2
"39003","0","10","70","0","2017","4","",2501,51323,51618,51327,578123772,37883759,981420,865,"",1.00,1.00,1.00,1.00,1.00,1.00,1.00,1.00,"",27,1.1,371,0.7,343,0.7,348,0.7,25504371,4.6,1173695,3.2,178467,22.2,33,4.0
"39003","1","10","71","0","2017","4","",15,318,321,318,5538044,0,0,1335,"",1.00,0.32,0.32,0.32,0.35,0.00,0.00,1.08,"",0,0.0,-4,-1.2,3,0.9,-11,-3.3,113185,2.1,0,0.0,0,0.0,43,3.3
"39003","2","10","71","0","2017","4","",15,989,987,993,13975388,0,0,1086,"",0.86,0.60,0.60,0.61,0.74,0.00,0.00,1.23,"",-2,-11.8,17,1.7,19,2.0,19,2.0,-1431927,-9.3,0,0.0,0,0.0,-134,-11.0
"39003","3","10","71","0","2017","4","",105,4663,4650,4608,50065473,8017,72,830,"",2.47,0.92,0.91,0.91,1.01,0.01,0.01,1.11,"",1,1.0,-11,-0.2,-41,-0.9,-15,-0.3,1731167,3.6,1465,22.4,53,278.9,33,4.1
"39003","5","10","71","0","2017","4","",2366,45353,45660,45408,508544867,37875742,981348,860,"",0.98,1.04,1.04,1.04,1.03,1.03,1.01,0.99,"",28,1.2,369,0.8,362,0.8,355,0.8,25091946,5.2,1172230,3.2,178414,22.2,36,4.4
"39005","0","10","70","0","2017","4","",1136,18614,18463,18317,183929489,11787519,280908,766,"",1.00,1.00,1.00,1.00,1.00,1.00,1.00,1.00,"",2,0.2,151,0.8,151,0.8,49,0.3,6216568,3.5,266015,2.3,56162,25.0,21,2.8
"39005","1","10","71","0","2017","4","",12,97,101,100,1464027,0,0,1134,"",1.76,0.27,0.29,0.28,0.29,0.00,0.00,1.04,"",0,0.0,6,6.6,12,13.5,7,7.5,135237,10.2,0,0.0,0,0.0,11,1.0
"39005","2","10","71","0","2017","4","",8,249,242,243,3750239,0,0,1179,"",1.01,0.42,0.41,0.42,0.62,0.00,0.00,1.51,"",-1,-11.1,4,1.6,3,1.3,4,1.7,-518230,-12.1,0,0.0,0,0.0,-183,-13.4
"39005","3","10","71","0","2017","4","",88,2122,2175,2125,20464651,0,0,735,"",4.56,1.15,1.19,1.17,1.29,0.00,0.00,1.11,"",0,0.0,47,2.3,41,1.9,34,1.6,1225311,6.4,-2855,-100.0,-9,-100.0,30,4.3
"39005","5","10","71","0","2017","4","",1028,16146,15945,15849,158250572,11787519,280908,762,"",0.93,1.02,1.02,1.02,1.01,1.03,1.01,0.99,"",3,0.3,94,0.6,95,0.6,4,0.0,5374250,3.5,268870,2.3,56171,25.0,23,3.1
"39007","0","10","70","0","2017","4","",2091,30371,30208,30110,291534028,21934493,635432,742,"",1.00,1.00,1.00,1.00,1.00,1.00,1.00,1.00,"",30,1.5,238,0.8,87,0.3,274,0.9,12409207,4.4,2133513,10.8,191946,43.3,27,3.8
"39007","1","10","71","0","2017","4","",21,195,188,189,2950427,0,0,1190,"",1.67,0.33,0.33,0.33,0.37,0.00,0.00,1.12,"",2,10.5,6,3.2,-5,-2.6,-10,-5.0,157630,5.6,0,0.0,0,0.0,81,7.3
"39007","2","10","71","0","2017","4","",11,293,295,298,3078722,0,0,802,"",0.75,0.30,0.30,0.31,0.32,0.00,0.00,1.06,"",-1,-8.3,0,0.0,13,4.6,-3,-1.0,-882877,-22.3,0,0.0,0,0.0,-242,-23.2
"39007","3","10","71","0","2017","4","",148,4064,4042,4007,38973804,60405,1122,743,"",4.16,1.35,1.35,1.34,1.55,0.14,0.34,1.15,"",0,0.0,39,1.0,-48,-1.2,48,1.2,904715,2.4,12467,26.0,109,10.8,15,2.1
"39007","5","10","71","0","2017","4","",1911,25819,25683,25616,246531075,21874088,634310,738,"",0.94,1.00,1.00,1.00,0.99,1.03,1.00,0.99,"",29,1.5,193,0.8,127,0.5,239,0.9,12229739,5.2,2121046,10.7,191837,43.4,32,4.5
"39009","0","10","70","0","2017","4","",1211,22060,22013,21497,220864682,12512087,308785,777,"",1.00,1.00,1.00,1.00,1.00,1.00,1.00,1.00,"",13,1.1,453,2.1,389,1.8,29,0.1,8906983,4.2,1118152,9.8,87767,39.7,21,2.8
"39009","1","10","71","0","2017","4","",22,225,231,225,3391622,0,0,1149,"",3.03,0.53,0.55,0.54,0.56,0.00,0.00,1.03,"",0,0.0,5,2.3,16,7.4,-1,-0.4,24364,0.7,0,0.0,0,0.0,-27,-2.3
"39009","2","10","71","0","2017","4","N",14,0,0,0,0,0,0,0,"N",1.65,0,0,0,0,0,0,0,"N",0,0.0,0,0,0,0,0,0,0,0,0,0,0,0,0,0
"39009","3","10","71","0","2017","4","N",108,0,0,0,0,0,0,0,"N",5.25,0,0,0,0,0,0,0,"N",0,0.0,0,0,0,0,0,0,0,0,0,0,0,0,0,0
"39009","5","10","71","0","2017","4","",1067,13489,13440,13262,109154792,12505226,308641,627,"",0.91,0.72,0.72,0.73,0.58,1.03,1.01,0.80,"",13,1.2,241,1.8,193,1.5,270,2.1,5523095,5.3,1133454,10.0,87858,39.8,21,3.5
"39011","0","10","70","0","2017","4","",1068,21523,21567,21683,246203111,15062124,349737,877,"",1.00,1.00,1.00,1.00,1.00,1.00,1.00,1.00,"",16,1.5,487,2.3,436,2.1,518,2.4,11542530,4.9,1963575,15.0,115680,49.4,22,2.6
"39011","1","10","71","0","2017","4","",13,90,93,94,1217627,0,0,1014,"",2.03,0.22,0.23,0.23,0.18,0.00,0.00,0.81,"",0,0.0,-1,-1.1,3,3.3,-5,-5.1,2073,0.2,0,0.0,0,0.0,12,1.2
"39011","2","10","71","0","2017","4","",9,103,94,93,1279841,0,0,1018,"",1.20,0.15,0.14,0.13,0.16,0.00,0.00,1.14,"",0,0.0,7,7.3,1,1.1,1,1.1,-180678,-12.4,0,0.0,0,0.0,-181,-15.1
"39011","3","10","71","0","2017","4","",86,2208,2186,2096,19921812,0,0,708,"",4.74,1.04,1.02,0.98,0.94,0.00,0.00,0.93,"",-1,-1.1,-16,-0.7,-5,-0.2,-38,-1.8,769510,4.0,0,0.0,0,0.0,33,4.9
"39011","5","10","71","0","2017","4","",960,19122,19194,19400,223783831,15062124,349737,895,"",0.93,1.05,1.05,1.05,1.06,1.03,1.01,1.02,"",17,1.8,497,2.7,437,2.3,560,3.0,10951625,5.1,1963575,15.0,115680,49.4,21,2.4
"39013","0","10","70","0","2017","4","",1646,23433,23553,23448,239724206,20576899,658268,785,"",1.00,1.00,1.00,1.00,1.00,1.00,1.00,1.00,"",20,1.2,169,0.7,71,0.3,4,0.0,12836992,5.7,2759137,15.5,255697,63.5,39,5.2
"39013","1","10","71","0","2017","4","",22,156,150,158,2258608,0,0,1123,"",2.23,0.35,0.33,0.35,0.34,0.00,0.00,1.00,"",0,0.0,-4,-2.5,-7,-4.5,-8,-4.8,84867,3.9,0,0.0,0,0.0,84,8.1
"39013","2","10","71","0","2017","4","",10,688,679,677,8581577,0,0,969,"",0.87,0.91,0.90,0.91,1.10,0.00,0.00,1.21,"",-2,-16.7,0,0.0,-7,-1.0,12,1.8,-1157679,-11.9,0,0.0,0,0.0,-133,-12.1
"39013","3","10","71","0","2017","4","",102,2879,2909,2854,27360343,126858,2922,731,"",3.65,1.24,1.24,1.23,1.33,0.31,0.84,1.07,"",0,0.0,-40,-1.4,-30,-1.0,-36,-1.2,1141861,4.4,20003,18.7,741,34.0,39,5.6
"39013","5","10","71","0","2017","4","",1512,19710,19815,19759,201523678,20450041,655346,784,"",0.95,0.99,0.99,0.99,0.98,1.03,1.00,0.99,"",22,1.5,213,1.1,115,0.6,36,0.2,12767943,6.8,2739134,15.5,254956,63.7,45,6.1
"39015","0","10","70","0","2017","4","",669,8090,8070,8095,70261642,5306382,136817,668,"",1.00,1.00,1.00,1.00,1.00,1.00,1.00,1.00,"",8,1.2,-30,-0.4,-172,-2.1,-114,-1.4,-2055700,-2.8,-154454,-2.8,4601,3.5,-11,-1.6
"39015","1","10","71","0","2017","4","",14,95,97,100,1416876,0,0,1120,"",3.49,0.61,0.63,0.64,0.73,0.00,0.00,1.17,"",0,0.0,10,11.8,13,15.5,11,12.4,257033,22.2,0,0.0,0,0.0,83,8.0
"39015","2","10","71","0","2017","4","",11,308,312,312,3351099,0,0,830,"",2.35,1.19,1.21,1.21,1.46,0.00,0.00,1.22,"",0,0.0,5,1.7,5,1.6,-1,-0.3,-445470,-11.7,0,0.0,0,0.0,-119,-12.5
"39015","3","10","71","0","2017","4","",63,1708,1740,1746,15369576,11510,127,683,"",5.54,2.13,2.17,2.18,2.54,0.11,0.18,1.18,"",-1,-1.6,47,2.8,26,1.5,28,1.6,746323,5.1,-12536,-52.1,6,5.0,20,3.0
"39015","5","10","71","0","2017","4","",581,5979,5921,5937,50124091,5294872,136690,648,"",0.90,0.87,0.86,0.86,0.84,1.03,1.01,0.96,"",9,1.6,-92,-1.5,-216,-3.5,-152,-2.5,-2613586,-5.0,-141918,-2.6,4595,3.5,-17,-2.6
"39017","0","10","70","0","2017","4","",7856,156360,158084,157418,1903483616,141725809,4032574,931,"",1.00,1.00,1.00,1.00,1.00,1.00,1.00,1.00,"",213,2.8,3590,2.3,3053,2.0,3709,2.4,49746766,2.7,6202258,4.6,959907,31.2,4,0.4
"39017","1","10","71","0","2017","4","",26,545,553,558,9604199,0,0,1338,"",0.55,0.18,0.18,0.18,0.18,0.00,0.00,1.00,"",-1,-3.7,-12,-2.2,8,1.5,-1,-0.2,36544,0.4,0,0.0,0,0.0,9,0.7
"39017","2","10","71","0","2017","4","",14,4799,4800,4801,67022282,0,0,1074,"",0.25,0.96,0.95,0.96,1.08,0.00,0.00,1.13,"",0,0.0,77,1.6,75,1.6,73,1.5,956699,1.4,0,0.0,0,0.0,-2,-0.2
"39017","3","10","71","0","2017","4","",238,13030,13101,12808,162401939,126259,2783,962,"",1.78,0.84,0.83,0.82,0.99,0.05,0.13,1.19,"",-2,-0.8,206,1.6,210,1.6,220,1.7,7809910,5.1,9242,7.9,807,40.8,31,3.3
"39017","5","10","71","0","2017","4","",7578,137986,139630,139251,1664455196,141599550,4029791,921,"",0.99,1.04,1.04,1.04,1.02,1.03,1.01,0.98,"",216,2.9,3319,2.5,2760,2.0,3417,2.5,40943613,2.5,6193016,4.6,959100,31.2,1,0.1
"39019","0","10","70","0","2017","4","",570,6506,6490,6335,63539173,5359167,190816,759,"",1.00,1.00,1.00,1.00,1.00,1.00,1.00,1.00,"",11,2.0,-204,-3.0,-194,-2.9,-353,-5.3,-2741314,-4.1,-955248,-15.1,-60001,-23.9,-3,-0.4
"39019","1","10","71","0","2017","4","",9,47,49,48,617649,0,0,990,"",2.63,0.38,0.39,0.39,0.35,0.00,0.00,0.91,"",0,0.0,-2,-4.1,4,8.9,0,0.0,76486,14.1,0,0.0,0,0.0,111,12.6
"39019","2","10","71","0","2017","4","",6,34,32,36,461163,0,0,1043,"",1.50,0.16,0.15,0.18,0.22,0.00,0.00,1.35,"",0,0.0,2,6.2,-3,-8.6,-1,-2.7,-21485,-4.5,0,0.0,0,0.0,-28,-2.6
"39019","3","10","71","0","2017","4","",51,964,975,990,8781530,4377,45,692,"",5.26,1.50,1.51,1.58,1.61,0.04,0.04,1.05,"",0,0.0,3,0.3,10,1.0,6,0.6,779611,9.7,553,14.5,33,275.0,57,9.0
"39019","5","10","71","0","2017","4","",504,5461,5434,5261,53678831,5354790,190771,767,"",0.91,0.99,0.99,0.98,0.99,1.03,1.01,1.01,"",11,2.2,-207,-3.7,-205,-3.6,-358,-6.4,-3575926,-6.2,-955801,-15.1,-60034,-23.9,-14,-1.8
"39021","0","10","70","0","2017","4","",692,10879,10914,10863,116831568,8151747,205647,826,"",1.00,1.00,1.00,1.00,1.00,1.00,1.00,1.00,"",-1,-0.1,166,1.5,135,1.3,193,1.8,8179830,7.5,1413097,21.0,66852,48.2,46,5.9
"39021","1","10","71","0","2017","4","",10,65,67,67,846071,0,0,981,"",2.41,0.31,0.32,0.32,0.26,0.00,0.00,0.83,"",0,0.0,-5,-7.1,-3,-4.3,-6,-8.2,-416,0.0,0,0.0,0,0.0,64,7.0
"39021","2","10","71","0","2017","4","",7,51,50,50,611935,0,0,935,"",1.44,0.15,0.14,0.14,0.16,0.00,0.00,1.11,"",0,0.0,-2,-3.8,0,0.0,0,0.0,-31194,-4.9,0,0.0,0,0.0,-35,-3.6
"39021","3","10","71","0","2017","4","",69,1856,1874,1793,17362086,64429,939,725,"",5.87,1.72,1.73,1.67,1.73,0.40,0.87,1.01,"",0,0.0,8,0.4,-5,-0.3,-6,-0.3,712845,4.3,-12921,-16.7,203,27.6,30,4.3
"39021","5","10","71","0","2017","4","",606,8907,8923,8953,98011476,8087318,204708,844,"",0.90,0.96,0.96,0.97,0.98,1.03,1.00,1.02,"",-1,-0.2,165,1.9,143,1.6,205,2.3,7498595,8.3,1426018,21.4,66649,48.3,49,6.2
"39023","0","10","70","0","2017","4","",2529,48445,48724,48377,499565589,39560224,939628,792,"",1.00,1.00,1.00,1.00,1.00,1.00,1.00,1.00,"",-11,-0.4,-185,-0.4,159,0.3,107,0.2,24264248,5.1,-39334,-0.1,109846,13.2,38,5.0
"39023","1","10","71","0","2017","4","",16,551,578,571,9659415,0,0,1311,"",1.05,0.59,0.62,0.61,0.70,0.00,0.00,1.16,"",0,0.0,18,3.4,24,4.3,10,1.8,564118,6.2,0,0.0,0,0.0,37,2.9
"39023","2","10","71","0","2017","4","",14,162,156,157,1986233,0,0,965,"",0.79,0.10,0.10,0.10,0.12,0.00,0.00,1.19,"",0,0.0,11,7.3,9,6.1,4,2.6,-242144,-10.9,0,0.0,0,0.0,-175,-15.4
"39023","3","10","71","0","2017","4","",126,6328,6380,6259,63251382,47764,1624,770,"",2.93,1.32,1.32,1.31,1.47,0.06,0.33,1.12,"",-1,-0.8,-173,-2.7,-63,-1.0,-96,-1.5,1500536,2.4,4338,10.0,278,20.7,32,4.3
"39023","5","10","71","0","2017","4","",2373,41404,41610,41390,424668559,39512460,938004,788,"",0.97,1.01,1.01,1.01,1.00,1.03,1.00,0.99,"",-10,-0.4,-41,-0.1,189,0.5,189,0.5,22441738,5.6,-43672,-0.1,109568,13.2,40,5.3
"39025","0","10","70","0","2017","4","",4023,59104,59639,59468,648070454,50083377,1303094,839,"",1.00,1.00,1.00,1.00,1.00,1.00,1.00,1.00,"",78,2.0,554,0.9,1301,2.2,1514,2.6,20705345,3.3,1384922,2.8,235307,22.0,11,1.3
"39025","1","10","71","0","2017","4","",22,373,374,376,6752768,0,0,1388,"",0.91,0.33,0.33,0.33,0.38,0.00,0.00,1.16,"",0,0.0,9,2.5,14,3.9,6,1.6,264883,4.1,0,0.0,0,0.0,19,1.4
"39025","2","10","71","0","2017","4","",15,814,804,812,7967417,0,0,757,"",0.53,0.43,0.42,0.43,0.38,0.00,0.00,0.88,"",2,15.4,8,1.0,-14,-1.7,12,1.5,-721063,-8.3,0,0.0,0,0.0,-70,-8.5
"39025","3","10","71","0","2017","4","",119,6379,6434,6398,72309683,186003,4540,869,"",1.74,1.09,1.09,1.09,1.30,0.19,0.66,1.19,"",2,1.7,-4,-0.1,81,1.3,166,2.7,4248164,6.2,32879,21.5,3797,511.0,41,5.0
"39025","5","10","71","0","2017","4","",3867,51538,52027,51882,561040586,49897374,1298554,833,"",0.99,1.03,1.03,1.03,1.01,1.03,1.00,0.99,"",74,2.0,541,1.1,1220,2.4,1330,2.6,16913361,3.1,1352043,2.8,231510,21.7,9,1.1
"39027","0","10","70","0","2017","4","",834,17488,17545,17593,202438272,11612006,273489,888,"",1.00,1.00,1.00,1.00,1.00,1.00,1.00,1.00,"",20,2.5,66,0.4,18,0.1,48,0.3,11516638,6.0,-874286,-7.0,17826,7.0,49,5.8
"39027","1","10","71","0","2017","4","",13,133,125,126,2200911,0,0,1323,"",2.60,0.40,0.37,0.37,0.40,0.00,0.00,1.04,"",0,0.0,0,0.0,-4,-3.1,-3,-2.3,65887,3.1,0,0.0,0,0.0,63,5.0
"39027","2","10","71","0","2017","4","",10,135,126,126,1853146,0,0,1105,"",1.71,0.24,0.22,0.22,0.28,0.00,0.00,1.22,"",2,25.0,6,4.7,4,3.3,7,5.9,-355998,-16.1,0,0.0,0,0.0,-273,-19.8
"39027","3","10","71","0","2017","4","",79,2048,2086,2045,20712997,0,0,774,"",5.57,1.18,1.20,1.17,1.19,0.00,0.00,1.00,"",2,2.6,3,0.1,17,0.8,-22,-1.1,673853,3.4,-4402,-100.0,-13,-100.0,26,3.5
"39027","5","10","71","0","2017","4","",732,15172,15208,15296,177671218,11612006,273489,898,"",0.90,1.02,1.02,1.02,1.03,1.03,1.01,1.01,"",16,2.2,57,0.4,1,0.0,66,0.4,11132896,6.7,-869884,-7.0,17839,7.0,54,6.4
"39029","0","10","70","0","2017","4","",2135,29588,29510,29425,288174847,22271438,651988,751,"",1.00,1.00,1.00,1.00,1.00,1.00,1.00,1.00,"",-17,-0.8,-308,-1.0,-396,-1.3,-312,-1.0,9269902,3.3,1302947,6.2,175301,36.8,32,4.5
"39029","1","10","71","0","2017","4","",26,600,588,597,9976571,0,0,1290,"",2.03,1.05,1.04,1.05,1.26,0.00,0.00,1.20,"",1,4.0,-13,-2.1,-25,-4.1,-23,-3.7,312527,3.2,0,0.0,0,0.0,82,6.8
"39029","2","10","71","0","2017","4","",13,338,331,339,3444362,0,0,789,"",0.87,0.36,0.35,0.36,0.37,0.00,0.00,1.03,"",-1,-7.1,-20,-5.6,-21,-6.0,-11,-3.1,-1062287,-23.6,0,0.0,0,0.0,-192,-19.6
"39029","3","10","71","0","2017","4","",142,3879,3860,3780,37967349,23399,352,761,"",3.91,1.32,1.32,1.30,1.53,0.05,0.10,1.17,"",-6,-4.1,2,0.1,-70,-1.8,-100,-2.6,1083863,2.9,-3998,-14.6,97,38.0,33,4.5
"39029","5","10","71","0","2017","4","",1954,24771,24731,24709,236786565,22248039,651636,736,"",0.94,0.99,0.99,0.99,0.96,1.03,1.01,0.97,"",-11,-0.6,-277,-1.1,-280,-1.1,-178,-0.7,8935799,3.9,1306945,6.2,175204,36.8,34,4.8
"39031","0","10","70","0","2017","4","",722,10280,10197,10148,96312460,6904600,231000,726,"",1.00,1.00,1.00,1.00,1.00,1.00,1.00,1.00,"",-7,-1.0,-80,-0.8,31,0.3,35,0.3,2627376,2.8,682833,11.0,82981,56.1,20,2.8
"39031","1","10","71","0","2017","4","",10,73,73,76,1051501,0,0,1093,"",2.31,0.37,0.37,0.39,0.40,0.00,0.00,1.05,"",0,0.0,-3,-3.9,-3,-3.9,-2,-2.6,14250,1.4,0,0.0,0,0.0,52,5.0
"39031","2","10","71","0","2017","4","",6,43,43,48,514163,0,0,885,"",1.19,0.13,0.13,0.15,0.16,0.00,0.00,1.20,"",-1,-14.3,-2,-4.4,-2,-4.4,-7,-12.7,-89711,-14.9,0,0.0,0,0.0,-76,-7.9
"39031","3","10","71","0","2017","4","",74,1396,1391,1386,13547833,0,0,749,"",6.03,1.37,1.37,1.38,1.64,0.00,0.00,1.19,"",0,0.0,-33,-2.3,-31,-2.2,-27,-1.9,378597,2.9,0,0.0,0,0.0,36,5.0
"39031","5","10","71","0","2017","4","",632,8768,8690,8638,81198963,6904600,231000,718,"",0.90,1.00,1.00,1.00,0.99,1.03,1.01,0.98,"",-6,-0.9,-42,-0.5,67,0.8,71,0.8,2324240,2.9,682833,11.0,82981,56.1,18,2.6
"39033","0","10","70","0","2017","4","",935,13404,13371,13299,133103938,8320595,223935,766,"",1.00,1.00,1.00,1.00,1.00,1.00,1.00,1.00,"",12,1.3,-181,-1.3,-200,-1.5,-232,-1.7,6304347,5.0,-834509,-9.1,13893,6.6,47,6.5
"39033","1","10","71","0","2017","4","",9,80,79,80,1102073,0,0,1064,"",1.60,0.31,0.31,0.31,0.30,0.00,0.00,0.97,"",0,0.0,0,0.0,-2,-2.5,-1,-1.2,45970,4.4,0,0.0,0,0.0,57,5.7
"39033","2","10","71","0","2017","4","",9,113,115,119,1770371,0,0,1177,"",1.37,0.26,0.27,0.28,0.41,0.00,0.00,1.51,"",0,0.0,-7,-5.8,-4,-3.4,-8,-6.3,-724110,-29.0,0,0.0,0,0.0,-396,-25.2
"39033","3","10","71","0","2017","4","",98,1647,1665,1650,16291667,22704,250,758,"",6.17,1.24,1.25,1.25,1.42,0.14,0.21,1.14,"",-1,-1.0,-53,-3.1,-55,-3.2,-32,-1.9,389286,2.4,-51,-0.2,182,267.6,39,5.4
"39033","5","10","71","0","2017","4","",819,11564,11512,11450,113939827,8297891,223685,762,"",0.90,1.02,1.01,1.01,1.00,1.03,1.01,0.99,"",13,1.6,-121,-1.0,-139,-1.2,-191,-1.6,6593201,6.1,-834458,-9.1,13711,6.5,54,7.6
"39035","0","10","70","0","2017","4","",36062,725379,725389,725088,10618554946,512935294,14930287,1126,"",1.00,1.00,1.00,1.00,1.00,1.00,1.00,1.00,"",266,0.7,1386,0.2,-129,0.0,706,0.1,370633293,3.6,12035335,2.4,2396580,19.1,38,3.5
"39035","1","10","71","0","2017","4","",114,16102,16146,16211,325825844,0,0,1552,"",0.53,1.15,1.16,1.16,1.12,0.00,0.00,0.96,"",-4,-3.4,-34,-0.2,25,0.2,-259,-1.6,6085550,1.9,0,0.0,0,0.0,38,2.5
"39035","2","10","71","0","2017","4","",37,4178,4179,4247,69706155,0,0,1276,"",0.15,0.18,0.18,0.18,0.20,0.00,0.00,1.11,"",0,0.0,-72,-1.7,-93,-2.2,-9,-0.2,-6625188,-8.7,0,0.0,0,0.0,-103,-7.5
"39035","3","10","71","0","2017","4","",1047,73003,72754,72006,1012554212,1119646,28375,1073,"",1.71,1.02,1.01,1.00,1.11,0.11,0.36,1.10,"",4,0.4,54,0.1,-265,-0.4,-354,-0.5,18462539,1.9,-30560,-2.7,4172,17.2,22,2.1
"39035","5","10","71","0","2017","4","",34864,632096,632310,632624,9210468735,511815648,14901912,1120,"",1.00,1.03,1.03,1.03,1.02,1.03,1.00,0.99,"",266,0.8,1438,0.2,204,0.0,1328,0.2,352710392,4.0,12065895,2.4,2392408,19.1,41,3.8
"39037","0","10","70","0","2017","4","",1223,18583,18651,18411,192210648,14269469,309984,797,"",1.00,1.00,1.00,1.00,1.00,1.00,1.00,1.00,"",12,1.0,-297,-1.6,-40,-0.2,-129,-0.7,6221857,3.3,381562,2.7,40082,14.9,32,4.2
"39037","1","10","71","0","2017","4","",16,102,98,102,1404894,0,0,1074,"",2.18,0.29,0.27,0.29,0.27,0.00,0.00,0.94,"",0,0.0,2,2.0,-7,-6.7,-4,-3.8,-7413,-0.5,0,0.0,0,0.0,26,2.5
"39037","2","10","71","0","2017","4","",8,46,47,49,568973,0,0,925,"",0.93,0.08,0.08,0.08,0.09,0.00,0.00,1.14,"",0,0.0,2,4.5,2,4.4,1,2.1,-30429,-5.1,0,0.0,0,0.0,-85,-8.4
"39037","3","10","71","0","2017","4","",97,2104,2121,1996,19415364,18275,215,720,"",4.67,1.14,1.15,1.10,1.17,0.06,0.13,1.04,"",2,2.1,-25,-1.2,-34,-1.6,-49,-2.4,880337,4.7,14163,344.4,195,975.0,44,6.5
"39037","5","10","71","0","2017","4","",1102,16331,16385,16264,170821417,14251194,309769,805,"",0.93,1.03,1.03,1.04,1.04,1.03,1.01,1.00,"",10,0.9,-276,-1.7,-1,0.0,-77,-0.5,5379362,3.3,367399,2.6,39887,14.8,31,4.0
"39039","0","10","70","0","2017","4","",877,15654,15733,15835,169660150,11798998,294625,829,"",1.00,1.00,1.00,1.00,1.00,1.00,1.00,1.00,"",13,1.5,48,0.3,54,0.3,145,0.9,-125926,-0.1,1517880,14.8,82036,38.6,-5,-0.6
"39039","1","10","71","0","2017","4","",9,81,77,79,1099476,0,0,1071,"",1.71,0.27,0.26,0.26,0.24,0.00,0.00,0.90,"",0,0.0,-1,-1.2,-2,-2.5,-5,-6.0,5737,0.5,0,0.0,0,0.0,41,4.0
"39039","2","10","71","0","2017","4","",9,80,77,83,1108964,0,0,1066,"",1.46,0.16,0.15,0.16,0.20,0.00,0.00,1.26,"",0,0.0,2,2.6,1,1.3,6,7.8,-203410,-15.5,0,0.0,0,0.0,-245,-18.7
"39039","3","10","71","0","2017","4","",72,1920,1942,1913,20097482,8803,118,803,"",4.83,1.24,1.24,1.22,1.38,0.04,0.08,1.12,"",0,0.0,-9,-0.5,-8,-0.4,-15,-0.8,1801256,9.8,4706,114.9,106,883.3,76,10.5
"39039","5","10","71","0","2017","4","",787,13573,13637,13760,147354228,11790195,294507,830,"",0.93,1.02,1.02,1.02,1.02,1.03,1.01,1.00,"",13,1.7,56,0.4,63,0.5,159,1.2,-1729509,-1.2,1513174,14.7,81930,38.5,-15,-1.8
"39041","0","10","70","0","2017","4","",5398,89316,89536,88556,1188625224,79812435,2004895,1026,"",1.00,1.00,1.00,1.00,1.00,1.00,1.00,1.00,"",262,5.1,3637,4.2,3429,4.0,2272,2.6,73105824,6.6,5546607,7.5,448699,28.8,28,2.8
"39041","1","10","71","0","2017","4","",15,233,233,240,3861618,0,0,1262,"",0.46,0.14,0.14,0.14,0.12,0.00,0.00,0.86,"",0,0.0,0,0.0,2,0.9,1,0.4,87931,2.3,0,0.0,0,0.0,23,1.9
"39041","2","10","71","0","2017","4","",16,363,343,344,5211398,0,0,1145,"",0.42,0.13,0.12,0.12,0.13,0.00,0.00,1.09,"",-1,-5.9,-2,-0.5,-3,-0.9,-1,-0.3,-673316,-11.4,0,0.0,0,0.0,-141,-11.0
"39041","3","10","71","0","2017","4","",125,7395,7576,7331,97061503,26460,508,1004,"",1.36,0.84,0.85,0.84,0.95,0.02,0.05,1.13,"",-1,-0.8,185,2.6,222,3.0,117,1.6,6553307,7.2,9648,57.4,158,45.1,45,4.7
"39041","5","10","71","0","2017","4","",5242,81325,81384,80641,1082490705,79785975,2004387,1027,"",1.00,1.07,1.07,1.07,1.07,1.03,1.01,1.00,"",264,5.3,3454,4.4,3208,4.1,2155,2.7,67137902,6.6,5536959,7.5,448541,28.8,28,2.8
"39043","0","10","70","0","2017","4","",1970,37824,36134,35285,385543312,29219692,726273,814,"",1.00,1.00,1.00,1.00,1.00,1.00,1.00,1.00,"",-20,-1.0,600,1.6,564,1.6,303,0.9,30746220,8.7,3562837,13.9,159479,28.1,54,7.1
"39043","1","10","71","0","2017","4","",16,238,243,238,4308007,0,0,1383,"",1.35,0.33,0.35,0.35,0.41,0.00,0.00,1.19,"",1,6.7,28,13.3,35,16.8,29,13.9,820994,23.5,0,0.0,0,0.0,100,7.8
"39043","2","10","71","0","2017","4","",14,1057,1050,1044,12200492,0,0,894,"",1.01,0.87,0.91,0.93,0.97,0.00,0.00,1.08,"",-2,-12.5,-17,-1.6,-16,-1.5,-31,-2.9,-1412687,-10.4,0,0.0,0,0.0,-83,-8.5
"39043","3","10","71","0","2017","4","",104,3905,3982,3921,44629689,27161,245,872,"",3.11,1.04,1.11,1.12,1.35,0.05,0.06,1.23,"",0,0.0,-52,-1.3,-45,-1.1,-33,-0.8,1279012,3.0,19012,233.3,220,880.0,34,4.1
"39043","5","10","71","0","2017","4","",1836,32624,30859,30082,324405124,29192531,726028,800,"",0.96,1.02,1.01,1.00,0.99,1.03,1.01,0.98,"",-19,-1.0,641,2.0,590,1.9,338,1.1,30058901,10.2,3543825,13.8,159259,28.1,62,8.4
"39045","0","10","70","0","2017","4","",2971,43973,44341,44347,444056337,36450667,865043,772,"",1.00,1.00,1.00,1.00,1.00,1.00,1.00,1.00,"",87,3.0,1027,2.4,1168,2.7,1614,3.8,28792981,6.9,2126813,6.2,227365,35.7,28,3.8
"39045","1","10","71","0","2017","4","",23,239,244,237,3927080,0,0,1259,"",1.29,0.28,0.29,0.28,0.32,0.00,0.00,1.14,"",1,4.5,4,1.7,14,6.1,4,1.7,240992,6.5,0,0.0,0,0.0,40,3.3
"39045","2","10","71","0","2017","4","",17,838,831,859,9720581,0,0,887,"",0.82,0.59,0.59,0.61,0.67,0.00,0.00,1.13,"",-2,-10.5,-21,-2.4,-13,-1.5,40,4.9,-1313203,-11.9,0,0.0,0,0.0,-123,-12.2
"39045","3","10","71","0","2017","4","",135,5806,5888,5829,66110019,0,0,871,"",2.67,1.33,1.34,1.33,1.73,0.00,0.00,1.30,"",-1,-0.7,-15,-0.3,-35,-0.6,81,1.4,1886438,2.9,0,0.0,0,0.0,24,2.8
"39045","5","10","71","0","2017","4","",2796,37090,37378,37422,364298657,36450667,865043,751,"",0.97,0.99,0.99,0.99,0.96,1.03,1.01,0.97,"",89,3.3,1059,2.9,1202,3.3,1489,4.1,27978754,8.3,2126813,6.2,227365,35.7,33,4.6
"39047","0","10","70","0","2017","4","",667,11742,11967,11903,103806540,11116670,271604,673,"",1.00,1.00,1.00,1.00,1.00,1.00,1.00,1.00,"",-1,-0.1,-282,-2.3,-264,-2.2,-381,-3.1,2005165,2.0,-980329,-8.1,-10574,-3.7,30,4.7
"39047","1","10","71","0","2017","4","",7,46,47,48,676288,0,0,1107,"",1.75,0.20,0.21,0.21,0.24,0.00,0.00,1.15,"",0,0.0,-3,-6.1,0,0.0,-5,-9.4,12868,1.9,0,0.0,0,0.0,80,7.8
"39047","2","10","71","0","2017","4","",7,46,46,47,565078,0,0,938,"",1.50,0.12,0.12,0.12,0.17,0.00,0.00,1.37,"",1,16.7,4,9.5,4,9.5,1,2.2,1118,0.2,0,0.0,0,0.0,-63,-6.3
"39047","3","10","71","0","2017","4","",51,1613,1634,1630,16182208,0,0,766,"",4.50,1.39,1.38,1.38,1.81,0.00,0.00,1.31,"",0,0.0,20,1.3,22,1.4,26,1.6,288203,1.8,0,0.0,0,0.0,3,0.4
"39047","5","10","71","0","2017","4","",602,10037,10240,10178,86382966,11116670,271604,655,"",0.93,1.01,1.01,1.01,0.97,1.03,1.01,0.97,"",-2,-0.3,-303,-2.9,-290,-2.8,-403,-3.8,1702976,2.0,-980329,-8.1,-10574,-3.7,34,5.5
"39049","0","10","70","0","2017","4","",32395,756740,762884,761306,10415549663,624515628,16117322,1054,"",1.00,1.00,1.00,1.00,1.00,1.00,1.00,1.00,"",709,2.2,4879,0.6,3419,0.5,2085,0.3,341408169,3.4,-8835629,-1.4,1794607,12.5,30,2.9
"39049","1","10","71","0","2017","4","",105,13100,13152,13361,259850012,0,0,1514,"",0.54,0.90,0.90,0.91,0.91,0.00,0.00,1.00,"",2,1.9,-12,-0.1,23,0.2,-11,-0.1,6651152,2.6,0,0.0,0,0.0,39,2.6
"39049","2","10","71","0","2017","4","",157,55070,55053,55766,972146413,0,0,1352,"",0.69,2.27,2.25,2.30,2.86,0.00,0.00,1.26,"",-1,-0.6,1212,2.3,1136,2.1,790,1.4,7261523,0.8,0,0.0,0,0.0,-16,-1.2
"39049","3","10","71","0","2017","4","",616,51945,52232,51016,731210422,1412367,45445,1087,"",1.12,0.69,0.69,0.68,0.82,0.11,0.54,1.19,"",1,0.2,131,0.3,90,0.2,27,0.1,22720726,3.2,139240,10.9,13421,41.9,32,3.0
"39049","5","10","71","0","2017","4","",31517,636625,642447,641163,8452342816,623103261,16071877,1016,"",1.00,0.99,0.99,0.99,0.95,1.03,1.00,0.96,"",707,2.3,3548,0.6,2170,0.3,1279,0.2,304774768,3.7,-8974869,-1.4,1781186,12.5,33,3.4
"39051","0","10","70","0","2017","4","",1080,18828,18673,18632,195343603,10595113,291207,803,"",1.00,1.00,1.00,1.00,1.00,1.00,1.00,1.00,"",3,0.3,-293,-1.5,-207,-1.1,-148,-0.8,3611393,1.9,-836034,-7.3,19656,7.2,24,3.1
"39051","1","10","71","0","2017","4","",12,88,95,93,1211244,0,0,1013,"",1.85,0.24,0.27,0.26,0.23,0.00,0.00,0.88,"",0,0.0,-4,-4.3,7,8.0,2,2.2,-1841,-0.2,0,0.0,0,0.0,-20,-1.9
"39051","2","10","71","0","2017","4","",8,119,109,110,1621644,0,0,1107,"",1.06,0.20,0.18,0.19,0.25,0.00,0.00,1.35,"",0,0.0,-2,-1.7,-5,-4.4,-2,-1.8,-348023,-17.7,0,0.0,0,0.0,-203,-15.5
"39051","3","10","71","0","2017","4","",75,2434,2402,2438,21205640,7286,66,673,"",4.09,1.30,1.30,1.32,1.26,0.03,0.04,0.97,"",0,0.0,-10,-0.4,-20,-0.8,38,1.6,920190,4.5,-1167,-13.8,41,164.0,29,4.5
"39051","5","10","71","0","2017","4","",985,16187,16067,15991,171305075,10587827,291141,819,"",0.94,1.01,1.01,1.01,1.03,1.03,1.01,1.01,"",3,0.3,-277,-1.7,-189,-1.2,-186,-1.1,3041067,1.8,-834867,-7.3,19615,7.2,25,3.1
"39053","0","10","70","0","2017","4","",706,11344,11326,11266,101243898,6205607,157525,688,"",1.00,1.00,1.00,1.00,1.00,1.00,1.00,1.00,"",7,1.0,387,3.5,-9,-0.1,52,0.5,1584147,1.6,286240,4.8,46542,41.9,2,0.3
"39053","1","10","71","0","2017","4","",11,60,59,59,820784,0,0,1064,"",2.60,0.27,0.27,0.27,0.29,0.00,0.00,1.08,"",-1,-8.3,-6,-9.1,-5,-7.8,-15,-20.3,-30705,-3.6,0,0.0,0,0.0,101,10.5
"39053","2","10","71","0","2017","4","",8,259,257,265,3146938,0,0,930,"",1.62,0.71,0.71,0.74,0.95,0.00,0.00,1.33,"",-1,-11.1,14,5.7,14,5.8,23,9.5,-305276,-8.8,0,0.0,0,0.0,-161,-14.8
"39053","3","10","71","0","2017","4","",77,1819,1813,1780,13049362,26707,480,556,"",6.42,1.62,1.61,1.60,1.50,0.22,0.58,0.93,"",0,0.0,357,24.4,48,2.7,11,0.6,-326149,-2.4,-12209,-31.4,-136,-22.1,-62,-10.0
"39053","5","10","71","0","2017","4","",610,9206,9197,9162,84226814,6178900,157045,705,"",0.89,0.96,0.96,0.96,0.97,1.03,1.00,1.02,"",9,1.5,22,0.2,-66,-0.7,33,0.4,2246277,2.7,298449,5.1,46678,42.3,19,2.8
"39055","0","10","70","0","2017","4","",2933,35331,34993,34511,389731552,25558551,752700,858,"",1.00,1.00,1.00,1.00,1.00,1.00,1.00,1.00,"",12,0.4,441,1.3,197,0.6,206,0.6,18003466,4.8,139622,0.5,130181,20.9,33,4.0
"39055","1","10","71","0","2017","4","",11,103,99,101,1440476,0,0,1097,"",0.63,0.15,0.15,0.15,0.13,0.00,0.00,0.89,"",0,0.0,4,4.0,-5,-4.8,-2,-1.9,-28116,-1.9,0,0.0,0,0.0,-11,-1.0
"39055","2","10","71","0","2017","4","",8,269,260,263,2264095,0,0,660,"",0.39,0.24,0.23,0.24,0.18,0.00,0.00,0.75,"",0,0.0,-1,-0.4,-10,-3.7,-9,-3.3,-872336,-27.8,0,0.0,0,0.0,-231,-25.9
"39055","3","10","71","0","2017","4","",69,3593,3558,3527,37326767,12196,134,807,"",1.38,1.03,1.02,1.03,1.11,0.02,0.03,1.08,"",0,0.0,-60,-1.6,-92,-2.5,-15,-0.4,519104,1.4,-8629,-41.4,30,28.8,24,3.1
"39055","5","10","71","0","2017","4","",2845,31366,31076,30620,348700214,25546355,752566,865,"",1.00,1.04,1.05,1.04,1.05,1.03,1.01,1.00,"",12,0.4,498,1.6,304,1.0,232,0.8,18384814,5.6,148251,0.6,130151,20.9,37,4.5
"39057","0","10","70","0","2017","4","",3530,74872,75694,75556,1049362869,49268183,1263022,1071,"",1.00,1.00,1.00,1.00,1.00,1.00,1.00,1.00,"",57,1.6,2522,3.5,2834,3.9,2737,3.8,59946257,6.1,1829893,3.9,256484,25.5,24,2.3
"39057","1","10","71","0","2017","4","",46,14004,14060,14049,339639547,0,0,1861,"",2.17,9.72,9.71,9.65,11.78,0.00,0.00,1.22,"",2,4.5,-105,-0.7,-41,-0.3,-87,-0.6,7926042,2.4,0,0.0,0,0.0,53,2.9
"39057","2","10","71","0","2017","4","N",11,0,0,0,0,0,0,0,"N",0.44,0,0,0,0,0,0,0,"N",-1,-8.3,0,0,0,0,0,0,0,0,0,0,0,0,0,0
"39057","3","10","71","0","2017","4","N",141,0,0,0,0,0,0,0,"N",2.35,0,0,0,0,0,0,0,"N",0,0.0,0,0,0,0,0,0,0,0,0,0,0,0,0,0
"39057","5","10","71","0","2017","4","",3332,52037,52804,52674,595060926,49256389,1262833,872,"",0.97,0.82,0.82,0.82,0.66,1.03,1.01,0.81,"",56,1.7,2680,5.4,2973,6.0,2865,5.8,50240930,9.2,1828694,3.9,256390,25.5,28,3.3
"39059","0","10","70","0","2017","4","",949,15647,15533,15416,164321014,12966088,489683,814,"",1.00,1.00,1.00,1.00,1.00,1.00,1.00,1.00,"",-1,-0.1,496,3.3,523,3.5,296,2.0,13507685,9.0,2569341,24.7,252741,106.7,45,5.9
"39059","1","10","71","0","2017","4","",19,117,117,117,1782665,0,0,1172,"",3.34,0.39,0.39,0.39,0.39,0.00,0.00,1.01,"",0,0.0,-1,-0.8,1,0.9,-6,-4.9,52583,3.0,0,0.0,0,0.0,54,4.8
"39059","2","10","71","0","2017","4","",16,498,494,498,6280468,0,0,973,"",2.41,0.99,0.99,1.01,1.17,0.00,0.00,1.17,"",0,0.0,4,0.8,6,1.2,8,1.6,-974787,-13.4,0,0.0,0,0.0,-164,-14.4
"39059","3","10","71","0","2017","4","",83,1697,1696,1647,14981983,1877,17,686,"",5.15,1.09,1.10,1.08,1.06,0.01,0.01,0.97,"",-2,-2.4,-25,-1.5,-5,-0.3,-19,-1.1,310955,2.1,-5159,-73.3,-4,-19.0,21,3.2
"39059","5","10","71","0","2017","4","",831,13335,13226,13154,141275898,12964211,489666,821,"",0.90,1.00,1.00,1.00,1.01,1.03,1.01,1.00,"",1,0.1,518,4.0,521,4.1,313,2.4,14118934,11.1,2574500,24.8,252745,106.7,56,7.3
"39061","0","10","70","0","2017","4","",23978,517865,518433,520051,7806279021,382794054,10484356,1157,"",1.00,1.00,1.00,1.00,1.00,1.00,1.00,1.00,"",196,0.8,4810,0.9,4304,0.8,5147,1.0,299238458,4.0,6603685,1.8,1499022,16.7,34,3.0
"39061","1","10","71","0","2017","4","",78,8338,8311,8503,174722729,0,0,1603,"",0.54,0.84,0.84,0.85,0.81,0.00,0.00,0.97,"",1,1.3,41,0.5,-12,-0.1,-61,-0.7,543187,0.3,0,0.0,0,0.0,7,0.4
"39061","2","10","71","0","2017","4","",26,8943,8931,8910,117822748,0,0,1015,"",0.15,0.54,0.54,0.54,0.46,0.00,0.00,0.86,"",-1,-3.7,86,1.0,58,0.7,18,0.2,2247998,1.9,0,0.0,0,0.0,13,1.3
"39061","3","10","71","0","2017","4","",463,34646,34551,34287,461927162,568609,15336,1030,"",1.14,0.68,0.67,0.67,0.69,0.08,0.28,1.03,"",0,0.0,381,1.1,273,0.8,378,1.1,29405158,6.8,4577,0.8,1605,11.7,56,5.7
"39061","5","10","71","0","2017","4","",23411,465938,466640,468351,7051806382,382225445,10469020,1162,"",1.01,1.06,1.06,1.06,1.06,1.03,1.01,1.00,"",196,0.8,4302,0.9,3985,0.9,4812,1.0,267042115,3.9,6599108,1.8,1497417,16.7,34,3.0
"39063","0","10","70","0","2017","4","",1815,45943,46540,46563,565999484,37024615,850115,939,"",1.00,1.00,1.00,1.00,1.00,1.00,1.00,1.00,"",8,0.4,131,0.3,749,1.6,1081,2.4,42547558,8.1,3035095,8.9,219420,34.8,58,6.6
"39063","1","10","71","0","2017","4","",17,148,142,146,2277677,0,0,1206,"",1.56,0.17,0.16,0.16,0.15,0.00,0.00,0.90,"",-1,-5.6,1,0.7,-10,-6.6,-7,-4.6,46960,2.1,0,0.0,0,0.0,67,5.9
"39063","2","10","71","0","2017","4","",10,172,170,174,2601716,0,0,1164,"",0.79,0.12,0.11,0.12,0.14,0.00,0.00,1.22,"",0,0.0,-6,-3.4,-8,-4.5,-5,-2.8,-645143,-19.9,0,0.0,0,0.0,-237,-16.9
"39063","3","10","71","0","2017","4","",102,3080,3089,3089,33281439,5804,61,830,"",3.31,0.68,0.67,0.67,0.68,0.01,0.01,1.02,"",0,0.0,-7,-0.2,-63,-2.0,-21,-0.7,1060258,3.3,-1731,-23.0,10,19.6,35,4.4
"39063","5","10","71","0","2017","4","",1686,42543,43139,43154,527838652,37018811,850054,945,"",0.96,1.09,1.09,1.09,1.09,1.03,1.01,1.00,"",9,0.5,143,0.3,830,2.0,1114,2.6,42085483,8.7,3036826,8.9,219410,34.8,61,6.9
"39065","0","10","70","0","2017","4","",515,8539,8564,8529,76705006,4179128,107704,691,"",1.00,1.00,1.00,1.00,1.00,1.00,1.00,1.00,"",-14,-2.6,-140,-1.6,-82,-0.9,-27,-0.3,586886,0.8,-77361,-1.8,15621,17.0,12,1.8
"39065","1","10","71","0","2017","4","",13,65,64,60,833291,0,0,1017,"",4.21,0.40,0.39,0.37,0.40,0.00,0.00,1.03,"",0,0.0,-7,-9.7,-2,-3.0,-12,-16.7,-50563,-5.7,0,0.0,0,0.0,46,4.7
"39065","2","10","71","0","2017","4","",6,39,40,43,499590,0,0,945,"",1.66,0.14,0.15,0.16,0.20,0.00,0.00,1.34,"",0,0.0,2,5.4,2,5.3,5,13.2,-589,-0.1,0,0.0,0,0.0,-76,-7.4
"39065","3","10","71","0","2017","4","",71,1392,1387,1406,11989653,0,0,661,"",8.11,1.65,1.63,1.67,1.82,0.00,0.00,1.10,"",0,0.0,12,0.9,4,0.3,36,2.6,327941,2.8,0,0.0,0,0.0,10,1.5
"39065","5","10","71","0","2017","4","",425,7043,7073,7020,63382472,4179128,107704,692,"",0.85,0.97,0.97,0.97,0.97,1.03,1.01,1.00,"",-14,-3.2,-147,-2.0,-86,-1.2,-56,-0.8,310097,0.5,-77361,-1.8,15621,17.0,13,1.9
"39067","0","10","70","0","2017","4","",354,3956,3932,3848,45838507,3127286,145443,901,"",1.00,1.00,1.00,1.00,1.00,1.00,1.00,1.00,"",4,1.1,350,9.7,339,9.4,358,10.3,10370494,29.2,1028048,49.0,92553,175.0,135,17.6
"39067","1","10","71","0","2017","4","",11,48,46,51,622686,0,0,991,"",5.18,0.63,0.61,0.69,0.49,0.00,0.00,0.77,"",0,0.0,-3,-5.9,-7,-13.2,-3,-5.6,-27731,-4.3,0,0.0,0,0.0,41,4.3
"39067","2","10","71","0","2017","4","",5,44,44,49,641155,0,0,1080,"",2.02,0.35,0.35,0.40,0.43,0.00,0.00,1.18,"",0,0.0,-2,-4.3,-6,-12.0,0,0.0,-113190,-15.0,0,0.0,0,0.0,-121,-10.1
"39067","3","10","71","0","2017","4","",52,700,696,670,5448367,11670,158,609,"",8.64,1.79,1.78,1.76,1.38,0.19,0.21,0.78,"",1,2.0,8,1.2,-6,-0.9,-17,-2.5,340468,6.7,-1666,-12.5,34,27.4,43,7.6
"39067","5","10","71","0","2017","4","",286,3164,3146,3078,39126299,3115616,145285,962,"",0.83,0.94,0.94,0.94,1.00,1.03,1.01,1.06,"",3,1.1,347,12.3,358,12.8,378,14.0,10170947,35.1,1029714,49.4,92519,175.3,157,19.5
"39069","0","10","70","0","2017","4","",664,11482,11507,11058,124055379,7386268,259044,841,"",1.00,1.00,1.00,1.00,1.00,1.00,1.00,1.00,"",1,0.2,-136,-1.2,4,0.0,-141,-1.3,3172068,2.6,-564495,-7.1,9178,3.7,28,3.4
"39069","1","10","71","0","2017","4","",13,67,67,68,913393,0,0,1043,"",3.26,0.30,0.30,0.32,0.27,0.00,0.00,0.87,"",0,0.0,2,3.1,6,9.8,0,0.0,76840,9.2,0,0.0,0,0.0,48,4.8
"39069","2","10","71","0","2017","4","",7,42,42,43,545788,0,0,992,"",1.50,0.11,0.11,0.12,0.13,0.00,0.00,1.16,"",0,0.0,-1,-2.3,1,2.4,1,2.4,-38424,-6.6,0,0.0,0,0.0,-78,-7.3
"39069","3","10","71","0","2017","4","",79,1873,1835,1810,18159013,0,0,759,"",7.00,1.65,1.61,1.65,1.70,0.00,0.00,1.04,"",-2,-2.5,-49,-2.5,-91,-4.7,-105,-5.5,-212526,-1.2,0,0.0,0,0.0,23,3.1
"39069","5","10","71","0","2017","4","",565,9500,9563,9137,104437185,7386268,259044,855,"",0.88,0.97,0.98,0.97,0.99,1.03,1.01,1.01,"",3,0.5,-88,-0.9,88,0.9,-37,-0.4,3346178,3.3,-564495,-7.1,9178,3.7,29,3.5
"39071","0","10","70","0","2017","4","",766,10668,10663,10450,92887906,7632460,197787,674,"",1.00,1.00,1.00,1.00,1.00,1.00,1.00,1.00,"",-4,-0.5,280,2.7,270,2.6,136,1.3,5493607,6.3,55687,0.7,36958,23.0,25,3.9
"39071","1","10","71","0","2017","4","",10,94,101,99,1256254,0,0,986,"",2.18,0.46,0.49,0.49,0.49,0.00,0.00,1.02,"",0,0.0,1,1.1,4,4.1,1,1.0,21889,1.8,0,0.0,0,0.0,-3,-0.3
"39071","2","10","71","0","2017","4","",9,101,84,82,1095355,0,0,947,"",1.68,0.29,0.25,0.25,0.36,0.00,0.00,1.38,"",-1,-10.0,3,3.1,9,12.0,7,9.3,-14403,-1.3,0,0.0,0,0.0,-86,-8.3
"39071","3","10","71","0","2017","4","",76,2316,2266,2181,20917330,19871,380,714,"",5.84,2.19,2.14,2.11,2.62,0.13,0.37,1.22,"",-1,-1.3,18,0.8,-45,-1.9,-107,-4.7,824110,4.1,-4876,-19.7,-520,-57.8,42,6.2
"39071","5","10","71","0","2017","4","",671,8157,8212,8088,69618967,7612589,197407,657,"",0.90,0.90,0.91,0.91,0.88,1.03,1.00,0.97,"",-2,-0.3,258,3.3,302,3.8,235,3.0,4662011,7.2,60563,0.8,37478,23.4,23,3.6
"39073","0","10","70","0","2017","4","",533,6820,6691,6619,56623117,4661782,118234,649,"",1.00,1.00,1.00,1.00,1.00,1.00,1.00,1.00,"",-1,-0.2,-54,-0.8,-108,-1.6,-129,-1.9,-974852,-1.7,-94103,-2.0,7130,6.4,-2,-0.3
"39073","1","10","71","0","2017","4","",7,48,45,44,600884,0,0,1012,"",2.19,0.37,0.35,0.35,0.39,0.00,0.00,1.09,"",0,0.0,2,4.3,-3,-6.2,-2,-4.3,65258,12.2,0,0.0,0,0.0,129,14.6
"39073","2","10","71","0","2017","4","",10,312,303,289,4114546,0,0,1050,"",2.68,1.43,1.41,1.37,2.23,0.00,0.00,1.59,"",0,0.0,18,6.1,14,4.8,8,2.8,-408230,-9.0,0,0.0,0,0.0,-158,-13.1
"39073","3","10","71","0","2017","4","",52,1419,1388,1402,14329441,7844,94,786,"",5.74,2.10,2.09,2.14,2.94,0.08,0.15,1.40,"",-2,-3.7,-30,-2.1,-41,-2.9,-26,-1.8,146271,1.0,5268,204.5,83,754.5,26,3.4
"39073","5","10","71","0","2017","4","",464,5041,4955,4884,37578246,4653938,118140,583,"",0.90,0.87,0.87,0.87,0.78,1.03,1.01,0.89,"",1,0.2,-44,-0.9,-78,-1.5,-109,-2.2,-778151,-2.0,-99371,-2.1,7047,6.3,-3,-0.5
"39075","0","10","70","0","2017","4","",1392,19641,19487,19522,200624949,14539862,312894,789,"",1.00,1.00,1.00,1.00,1.00,1.00,1.00,1.00,"",47,3.5,-112,-0.6,-110,-0.6,70,0.4,10118787,5.3,613064,4.4,82660,35.9,41,5.5
"39075","1","10","71","0","2017","4","",16,59,58,61,822123,0,0,1066,"",1.92,0.16,0.16,0.16,0.15,0.00,0.00,0.94,"",0,0.0,-3,-4.8,-5,-7.9,-5,-7.6,-8204,-1.0,0,0.0,0,0.0,63,6.3
"39075","2","10","71","0","2017","4","",7,41,42,45,568620,0,0,1025,"",0.72,0.07,0.07,0.07,0.09,0.00,0.00,1.27,"",0,0.0,3,7.9,3,7.7,1,2.3,5523,1.0,0,0.0,0,0.0,-49,-4.6
"39075","3","10","71","0","2017","4","",61,1523,1531,1492,14336240,7899,134,728,"",2.58,0.78,0.79,0.77,0.83,0.03,0.08,1.06,"",-1,-1.6,-5,-0.3,1,0.1,-23,-1.5,386070,2.8,-9135,-53.6,-139,-50.9,24,3.4
"39075","5","10","71","0","2017","4","",1308,18018,17856,17924,184897966,14531963,312760,793,"",0.97,1.08,1.08,1.08,1.08,1.03,1.01,1.00,"",48,3.8,-107,-0.6,-109,-0.6,97,0.5,9735398,5.6,622199,4.5,82799,36.0,43,5.7
"39077","0","10","70","0","2017","4","",1295,21623,21105,20579,227836521,14561587,487519,831,"",1.00,1.00,1.00,1.00,1.00,1.00,1.00,1.00,"",6,0.5,-15,-0.1,-13,-0.1,-24,-0.1,7253400,3.3,183506,1.3,71531,17.2,28,3.5
"39077","1","10","71","0","2017","4","",14,141,138,141,1836618,0,0,1009,"",1.80,0.34,0.34,0.36,0.29,0.00,0.00,0.85,"",0,0.0,2,1.4,2,1.5,-6,-4.1,100970,5.8,0,0.0,0,0.0,60,6.3
"39077","2","10","71","0","2017","4","",11,74,75,75,1009392,0,0,1040,"",1.21,0.11,0.11,0.11,0.14,0.00,0.00,1.23,"",0,0.0,3,4.2,5,7.1,0,0.0,-146189,-12.7,0,0.0,0,0.0,-195,-15.8
"39077","3","10","71","0","2017","4","",116,2267,2283,2280,22899211,20774,249,774,"",5.27,1.06,1.09,1.12,1.17,0.07,0.10,1.07,"",1,0.9,-24,-1.0,-20,-0.9,-11,-0.5,497610,2.2,-5375,-20.6,66,36.1,23,3.1
"39077","5","10","71","0","2017","4","",1154,19141,18609,18083,202091300,14540813,487270,835,"",0.92,1.04,1.04,1.03,1.04,1.03,1.01,1.00,"",5,0.4,4,0.0,0,0.0,-7,0.0,6801009,3.5,188881,1.3,71465,17.2,28,3.5
"39079","0","10","70","0","2017","4","",721,10328,10367,10352,93573305,8094824,209663,696,"",1.00,1.00,1.00,1.00,1.00,1.00,1.00,1.00,"",13,1.8,97,0.9,104,1.0,241,2.4,2048878,2.2,1137656,16.4,72085,52.4,6,0.9
"39079","1","10","71","0","2017","4","",7,69,71,64,928112,0,0,1050,"",1.62,0.35,0.36,0.32,0.36,0.00,0.00,1.05,"",0,0.0,2,3.0,5,7.6,-4,-5.9,49342,5.6,0,0.0,0,0.0,41,4.1
"39079","2","10","71","0","2017","4","",11,131,132,136,1956393,0,0,1132,"",2.18,0.40,0.40,0.41,0.64,0.00,0.00,1.59,"",0,0.0,-5,-3.7,-3,-2.2,-2,-1.4,-581883,-22.9,0,0.0,0,0.0,-300,-20.9
"39079","3","10","71","0","2017","4","",76,1375,1384,1379,13611898,0,0,759,"",6.20,1.34,1.34,1.35,1.69,0.00,0.00,1.26,"",2,2.7,-8,-0.6,-2,-0.1,19,1.4,-31631,-0.2,0,0.0,0,0.0,-4,-0.5
"39079","5","10","71","0","2017","4","",627,8753,8780,8773,77076902,8094824,209663,676,"",0.90,1.00,1.00,1.00,0.96,1.03,1.01,0.97,"",11,1.8,108,1.2,104,1.2,228,2.7,2613050,3.5,1137656,16.4,72085,52.4,12,1.8
"39081","0","10","70","0","2017","4","",1414,20697,20637,20442,211937108,15894383,554138,792,"",1.00,1.00,1.00,1.00,1.00,1.00,1.00,1.00,"",-2,-0.1,86,0.4,-107,-0.5,-138,-0.7,8074706,4.0,313990,2.0,122825,28.5,32,4.2
"39081","1","10","71","0","2017","4","",23,168,165,164,2313739,0,0,1074,"",2.71,0.42,0.42,0.42,0.40,0.00,0.00,0.95,"",0,0.0,2,1.2,-1,-0.6,-5,-3.0,3295,0.1,0,0.0,0,0.0,10,0.9
"39081","2","10","71","0","2017","4","",8,69,68,70,966858,0,0,1078,"",0.81,0.10,0.10,0.11,0.14,0.00,0.00,1.33,"",0,0.0,-1,-1.4,-6,-8.1,-5,-6.7,-206576,-17.6,0,0.0,0,0.0,-158,-12.8
"39081","3","10","71","0","2017","4","",129,3169,3242,3135,27975055,61409,863,676,"",5.37,1.55,1.58,1.55,1.54,0.20,0.30,0.98,"",-3,-2.3,113,3.7,39,1.2,12,0.4,1060802,3.9,37387,155.6,761,746.1,14,2.1
"39081","5","10","71","0","2017","4","",1254,17291,17162,17073,180681456,15832974,553275,809,"",0.91,0.98,0.98,0.98,1.00,1.03,1.01,1.02,"",1,0.1,-28,-0.2,-139,-0.8,-140,-0.8,7217185,4.2,276603,1.8,122064,28.3,37,4.8
"39083","0","10","70","0","2017","4","",1195,20345,20174,20163,225012559,14413194,372677,856,"",1.00,1.00,1.00,1.00,1.00,1.00,1.00,1.00,"",35,3.0,146,0.7,-155,-0.8,-7,0.0,15350625,7.3,1464855,11.3,86030,30.0,59,7.4
"39083","1","10","71","0","2017","4","",12,104,105,107,1577287,0,0,1152,"",1.67,0.27,0.27,0.28,0.26,0.00,0.00,0.94,"",0,0.0,1,1.0,3,2.9,1,0.9,79941,5.3,0,0.0,0,0.0,41,3.7
"39083","2","10","71","0","2017","4","",9,288,291,290,3323967,0,0,883,"",1.07,0.44,0.45,0.45,0.45,0.00,0.00,1.01,"",-1,-10.0,2,0.7,7,2.5,5,1.8,-224413,-6.3,0,0.0,0,0.0,-75,-7.8
"39083","3","10","71","0","2017","4","",89,2408,2421,2405,20839762,40189,501,665,"",4.38,1.19,1.21,1.21,1.08,0.14,0.26,0.90,"",-1,-1.1,39,1.6,-3,-0.1,11,0.5,1608239,8.4,8187,25.6,252,101.2,47,7.6
"39083","5","10","71","0","2017","4","",1085,17545,17357,17361,199271543,14373005,372176,880,"",0.94,1.02,1.01,1.01,1.04,1.03,1.01,1.02,"",37,3.5,104,0.6,-162,-0.9,-24,-0.1,13886858,7.5,1456668,11.3,85778,30.0,63,7.7
"39085","0","10","70","0","2017","4","",6280,96380,96159,95232,1113762055,73617680,2102276,893,"",1.00,1.00,1.00,1.00,1.00,1.00,1.00,1.00,"",10,0.2,1247,1.3,696,0.7,850,0.9,45359829,4.2,5230129,7.6,408587,24.1,28,3.2
"39085","1","10","71","0","2017","4","",14,472,460,470,7734021,0,0,1273,"",0.37,0.25,0.25,0.26,0.25,0.00,0.00,1.00,"",0,0.0,22,4.9,-5,-1.1,1,0.2,-141931,-1.8,0,0.0,0,0.0,-40,-3.0
"39085","2","10","71","0","2017","4","",8,83,82,85,1179539,0,0,1089,"",0.18,0.03,0.03,0.03,0.03,0.00,0.00,1.20,"",0,0.0,5,6.4,4,5.1,8,10.4,-82886,-6.6,0,0.0,0,0.0,-161,-12.9
"39085","3","10","71","0","2017","4","",217,10920,11034,10896,128372449,7349,172,902,"",2.03,1.14,1.16,1.16,1.34,0.01,0.02,1.16,"",0,0.0,-24,-0.2,-13,-0.1,-129,-1.2,2142589,1.7,4269,138.6,97,129.3,20,2.3
"39085","5","10","71","0","2017","4","",6041,84905,84583,83781,976476046,73610331,2102104,890,"",0.99,1.04,1.04,1.04,1.03,1.03,1.01,0.99,"",10,0.2,1244,1.5,710,0.8,970,1.2,43442057,4.7,5225860,7.6,408490,24.1,30,3.5
"39087","0","10","70","0","2017","4","",966,12849,12896,12730,114447768,10344676,343885,686,"",1.00,1.00,1.00,1.00,1.00,1.00,1.00,1.00,"",26,2.8,-99,-0.8,-182,-1.4,-121,-0.9,2301652,2.1,-375510,-3.5,45234,15.1,20,3.0
"39087","1","10","71","0","2017","4","",12,134,131,129,1788761,0,0,1048,"",2.07,0.54,0.53,0.53,0.57,0.00,0.00,1.07,"",0,0.0,3,2.3,1,0.8,1,0.8,52036,3.0,0,0.0,0,0.0,18,1.7
"39087","2","10","71","0","2017","4","",11,314,311,310,2891647,0,0,714,"",1.63,0.76,0.75,0.76,0.77,0.00,0.00,1.02,"",1,10.0,-20,-6.0,-25,-7.4,-1,-0.3,-226844,-7.3,0,0.0,0,0.0,-20,-2.7
"39087","3","10","71","0","2017","4","",78,2432,2454,2439,25104254,0,0,791,"",4.75,1.91,1.92,1.94,2.55,0.00,0.00,1.33,"",-1,-1.3,-81,-3.2,-40,-1.6,-60,-2.4,227768,0.9,0,0.0,0,0.0,26,3.4
"39087","5","10","71","0","2017","4","",865,9969,10000,9852,84663106,10344676,343885,655,"",0.92,0.91,0.91,0.91,0.87,1.03,1.01,0.95,"",26,3.1,-1,0.0,-118,-1.2,-61,-0.6,2248692,2.7,-375510,-3.5,45234,15.1,21,3.3
"39089","0","10","70","0","2017","4","",3384,59603,60266,59864,623002415,59564093,1614781,800,"",1.00,1.00,1.00,1.00,1.00,1.00,1.00,1.00,"",42,1.3,5432,10.0,6042,11.1,5633,10.4,57403880,10.1,15773558,36.0,631622,64.2,-3,-0.4
"39089","1","10","71","0","2017","4","",24,358,360,362,6783437,0,0,1449,"",1.18,0.31,0.31,0.31,0.40,0.00,0.00,1.27,"",-1,-4.0,-5,-1.4,-3,-0.8,1,0.3,121359,1.8,0,0.0,0,0.0,35,2.5
"39089","2","10","71","0","2017","4","",18,862,858,861,13325849,0,0,1191,"",0.76,0.45,0.44,0.45,0.66,0.00,0.00,1.46,"",-1,-5.3,31,3.7,23,2.8,27,3.2,-731911,-5.2,0,0.0,0,0.0,-107,-8.2
"39089","3","10","71","0","2017","4","",146,6918,7022,6679,74743981,48319,734,837,"",2.54,1.17,1.17,1.13,1.40,0.04,0.09,1.21,"",2,1.4,64,0.9,77,1.1,-36,-0.5,3092374,4.3,26089,117.4,157,27.2,31,3.8
"39089","5","10","71","0","2017","4","",3196,51465,52026,51962,528149148,59515774,1614047,784,"",0.97,1.02,1.02,1.02,0.99,1.03,1.01,0.97,"",42,1.3,5342,11.6,5945,12.9,5641,12.2,54922058,11.6,15747469,36.0,631465,64.3,-4,-0.5
"39091","0","10","70","0","2017","4","",936,19851,20241,20290,250377557,16329033,353530,957,"",1.00,1.00,1.00,1.00,1.00,1.00,1.00,1.00,"",9,1.0,66,0.3,106,0.5,14,0.1,6135535,2.5,567033,3.6,69621,24.5,21,2.2
"39091","1","10","71","0","2017","4","",18,125,124,124,1918291,0,0,1187,"",3.21,0.33,0.32,0.32,0.28,0.00,0.00,0.87,"",0,0.0,2,1.6,3,2.5,-1,-0.8,79608,4.3,0,0.0,0,0.0,37,3.2
"39091","2","10","71","0","2017","4","",9,81,73,73,900716,0,0,916,"",1.37,0.13,0.11,0.11,0.11,0.00,0.00,0.94,"",-1,-10.0,-1,-1.2,1,1.4,0,0.0,-81549,-8.3,0,0.0,0,0.0,-83,-8.3
"39091","3","10","71","0","2017","4","",78,2074,2096,2082,20037335,0,0,740,"",4.90,1.05,1.04,1.04,0.93,0.00,0.00,0.89,"",1,1.3,83,4.2,105,5.3,72,3.6,992000,5.2,0,0.0,0,0.0,7,1.0
"39091","5","10","71","0","2017","4","",831,17571,17948,18011,227521215,16329033,353530,981,"",0.92,1.04,1.04,1.04,1.06,1.03,1.01,1.02,"",9,1.1,-18,-0.1,-3,0.0,-57,-0.3,5145476,2.3,567033,3.6,69621,24.5,24,2.5
"39093","0","10","70","0","2017","4","",6217,99017,98949,98417,1066978078,72109730,2103845,831,"",1.00,1.00,1.00,1.00,1.00,1.00,1.00,1.00,"",9,0.1,706,0.7,367,0.4,642,0.7,13750914,1.3,100019,0.1,329341,18.6,6,0.7
"39093","1","10","71","0","2017","4","",23,1089,1085,1084,28623794,0,0,2027,"",0.62,0.57,0.57,0.57,0.98,0.00,0.00,1.71,"",-1,-4.2,43,4.1,33,3.1,23,2.2,741580,2.7,0,0.0,0,0.0,-10,-0.5
"39093","2","10","71","0","2017","4","",16,1165,1149,1161,16116221,0,0,1070,"",0.37,0.37,0.36,0.37,0.46,0.00,0.00,1.26,"",0,0.0,18,1.6,7,0.6,19,1.7,-2096855,-11.5,0,0.0,0,0.0,-155,-12.7
"39093","3","10","71","0","2017","4","",284,13316,13318,13259,138970472,299077,6054,804,"",2.69,1.36,1.36,1.36,1.51,0.21,0.55,1.12,"",-7,-2.4,119,0.9,45,0.3,75,0.6,2950919,2.2,-7192,-2.3,614,11.3,12,1.5
"39093","5","10","71","0","2017","4","",5894,83447,83397,82913,883267591,71810653,2097791,816,"",0.98,0.99,0.99,0.99,0.97,1.03,1.00,0.98,"",17,0.3,526,0.6,282,0.3,525,0.6,12155270,1.4,107211,0.1,328727,18.6,7,0.9
"39095","0","10","70","0","2017","4","",10189,208777,210536,210723,2509722445,161627480,4616253,919,"",1.00,1.00,1.00,1.00,1.00,1.00,1.00,1.00,"",101,1.0,-1601,-0.8,-405,-0.2,-74,0.0,36045771,1.5,8646018,5.7,999955,27.7,16,1.8
"39095","1","10","71","0","2017","4","",50,1812,1817,1844,32331341,0,0,1363,"",0.82,0.45,0.45,0.45,0.47,0.00,0.00,1.04,"",0,0.0,-6,-0.3,-20,-1.1,-18,-1.0,-176418,-0.5,0,0.0,0,0.0,3,0.2
"39095","2","10","71","0","2017","4","",31,7422,7423,7350,103659589,0,0,1078,"",0.43,1.11,1.10,1.09,1.27,0.00,0.00,1.15,"",0,0.0,-123,-1.6,-87,-1.2,-134,-1.8,-18023738,-14.8,0,0.0,0,0.0,-168,-13.5
"39095","3","10","71","0","2017","4","",241,17963,18028,17770,223563841,607503,14054,960,"",1.39,0.87,0.86,0.85,1.04,0.19,0.58,1.20,"",3,1.3,-238,-1.3,-164,-0.9,-166,-0.9,-4488721,-2.0,-21957,-3.5,1483,11.8,-9,-0.9
"39095","5","10","71","0","2017","4","",9867,181580,183268,183759,2150167674,161019977,4602199,904,"",1.00,1.02,1.02,1.03,1.00,1.03,1.00,0.98,"",98,1.0,-1234,-0.7,-134,-0.1,244,0.1,58734648,2.8,8667975,5.7,998472,27.7,26,3.0
"39097","0","10","70","0","2017","4","",842,17647,17954,17924,195122543,16970476,396352,841,"",1.00,1.00,1.00,1.00,1.00,1.00,1.00,1.00,"",0,0.0,-124,-0.7,12,0.1,115,0.6,-69014,0.0,1077926,6.8,109605,38.2,-1,-0.1
"39097","1","10","71","0","2017","4","",9,78,76,79,1206023,0,0,1194,"",1.78,0.23,0.22,0.23,0.22,0.00,0.00,0.99,"",0,0.0,3,4.0,-2,-2.6,-4,-4.8,68259,6.0,0,0.0,0,0.0,81,7.3
"39097","2","10","71","0","2017","4","",11,1314,1313,1311,18872041,0,0,1106,"",1.86,2.32,2.28,2.29,2.96,0.00,0.00,1.29,"",-2,-15.4,-37,-2.7,-40,-3.0,-57,-4.2,-2509847,-11.7,0,0.0,0,0.0,-106,-8.7
"39097","3","10","71","0","2017","4","",71,1764,1768,1723,18944898,8385,119,832,"",4.96,1.01,0.99,0.97,1.13,0.02,0.06,1.14,"",-1,-1.4,-36,-2.0,-41,-2.3,-78,-4.3,265914,1.4,3532,72.8,105,750.0,35,4.4
"39097","5","10","71","0","2017","4","",751,14491,14797,14811,156099581,16962091,396233,817,"",0.92,0.97,0.97,0.97,0.94,1.03,1.01,0.97,"",3,0.4,-54,-0.4,95,0.6,254,1.7,2106660,1.4,1074394,6.8,109500,38.2,6,0.7
"39099","0","10","70","0","2017","4","",5917,97773,98369,97990,989842430,76382449,2164273,777,"",1.00,1.00,1.00,1.00,1.00,1.00,1.00,1.00,"",9,0.2,-761,-0.8,-744,-0.8,-530,-0.5,31423015,3.3,-1757568,-2.2,296377,15.9,30,4.0
"39099","1","10","71","0","2017","4","",35,1199,1194,1220,20877929,0,0,1334,"",0.99,0.64,0.63,0.65,0.77,0.00,0.00,1.20,"",-1,-2.8,43,3.7,37,3.2,58,5.0,1338303,6.8,0,0.0,0,0.0,36,2.8
"39099","2","10","71","0","2017","4","",23,2804,2797,2774,40431402,0,0,1114,"",0.55,0.89,0.89,0.89,1.25,0.00,0.00,1.41,"",0,0.0,-4,-0.1,-10,-0.4,-27,-1.0,-1233840,-3.0,0,0.0,0,0.0,-28,-2.5
"39099","3","10","71","0","2017","4","",192,10032,10171,10062,104681021,113737,2570,798,"",1.91,1.04,1.04,1.04,1.23,0.08,0.23,1.18,"",1,0.5,176,1.8,206,2.1,260,2.7,4588239,4.6,4284,3.9,514,25.0,18,2.3
"39099","5","10","71","0","2017","4","",5667,83738,84207,83934,823852078,76268712,2161703,755,"",0.99,1.01,1.01,1.01,0.97,1.03,1.01,0.97,"",9,0.2,-976,-1.2,-977,-1.1,-821,-1.0,26730313,3.4,-1761852,-2.3,295863,15.9,33,4.6
"39101","0","10","70","0","2017","4","",1233,24674,24852,24801,257737410,18928613,508779,800,"",1.00,1.00,1.00,1.00,1.00,1.00,1.00,1.00,"",-10,-0.8,454,1.9,501,2.1,435,1.8,3240552,1.3,1937940,11.4,153961,43.4,-5,-0.6
"39101","1","10","71","0","2017","4","",12,110,110,107,1702837,0,0,1202,"",1.62,0.23,0.23,0.22,0.24,0.00,0.00,1.05,"",0,0.0,2,1.9,3,2.8,-6,-5.3,33477,2.0,0,0.0,0,0.0,27,2.3
"39101","2","10","71","0","2017","4","",13,700,713,712,9520249,0,0,1034,"",1.50,0.88,0.90,0.90,1.13,0.00,0.00,1.27,"",0,0.0,-8,-1.1,5,0.7,0,0.0,-1052916,-10.0,0,0.0,0,0.0,-113,-9.9
"39101","3","10","71","0","2017","4","",92,3098,3103,3114,32887780,3825,34,815,"",4.39,1.27,1.26,1.27,1.48,0.01,0.01,1.17,"",1,1.1,-50,-1.6,-50,-1.6,-28,-0.9,262479,0.8,-1582,-29.3,18,112.5,18,2.3
"39101","5","10","71","0","2017","4","",1116,20766,20926,20868,213626544,18924788,508745,788,"",0.93,0.99,0.99,0.99,0.97,1.03,1.01,0.98,"",-11,-1.0,510,2.5,543,2.7,469,2.3,3997512,1.9,1939522,11.4,153943,43.4,-5,-0.6
"39103","0","10","70","0","2017","4","",4556,61187,61133,60821,676136474,50008087,1278728,852,"",1.00,1.00,1.00,1.00,1.00,1.00,1.00,1.00,"",75,1.7,915,1.5,947,1.6,965,1.6,27275343,4.2,1914179,4.0,285937,28.8,22,2.7
"39103","1","10","71","0","2017","4","",22,348,343,339,5896486,0,0,1321,"",0.81,0.30,0.29,0.29,0.32,0.00,0.00,1.08,"",0,0.0,26,8.1,7,2.1,-15,-4.2,282904,5.0,0,0.0,0,0.0,41,3.2
"39103","2","10","71","0","2017","4","",8,121,127,128,1533819,0,0,941,"",0.25,0.06,0.06,0.07,0.07,0.00,0.00,1.08,"",0,0.0,16,15.2,23,22.1,19,17.4,-114315,-6.9,0,0.0,0,0.0,-255,-21.3
"39103","3","10","71","0","2017","4","",156,6643,6813,6762,72052075,2978,68,822,"",2.01,1.10,1.12,1.12,1.24,0.00,0.01,1.11,"",-1,-0.6,-51,-0.8,19,0.3,38,0.6,2017532,2.9,-819,-21.6,-19,-21.8,22,2.8
"39103","5","10","71","0","2017","4","",4370,54075,53850,53592,596654094,50005109,1278660,852,"",0.99,1.04,1.04,1.04,1.03,1.03,1.01,0.99,"",76,1.8,924,1.7,898,1.7,923,1.8,25089222,4.4,1914998,4.0,285956,28.8,21,2.5
"39105","0","10","70","0","2017","4","",350,3677,3667,3606,29374505,2426349,66835,619,"",1.00,1.00,1.00,1.00,1.00,1.00,1.00,1.00,"",10,2.9,116,3.3,120,3.4,113,3.2,1543367,5.5,114758,5.0,7269,12.2,13,2.1
"39105","1","10","71","0","2017","4","",11,59,59,59,755223,0,0,985,"",5.24,0.83,0.84,0.85,0.94,0.00,0.00,1.11,"",0,0.0,-2,-3.3,0,0.0,0,0.0,37372,5.2,0,0.0,0,0.0,60,6.5
"39105","2","10","71","0","2017","4","",5,39,38,36,416552,0,0,851,"",2.04,0.33,0.32,0.31,0.43,0.00,0.00,1.35,"",0,0.0,2,5.4,1,2.7,0,0.0,-21786,-5.0,0,0.0,0,0.0,-69,-7.5
"39105","3","10","71","0","2017","4","",50,1014,1022,1006,9031000,31961,653,685,"",8.40,2.78,2.81,2.82,3.58,0.67,1.86,1.28,"",0,0.0,-5,-0.5,-1,-0.1,1,0.1,367172,4.2,-260,-0.8,226,52.9,29,4.4
"39105","5","10","71","0","2017","4","",284,2565,2548,2505,19171730,2394388,66182,581,"",0.84,0.82,0.82,0.82,0.76,1.02,1.00,0.93,"",10,3.6,121,5.0,120,4.9,112,4.7,1160609,6.4,115018,5.0,7043,11.9,9,1.6
"39107","0","10","70","0","2017","4","",1089,20080,19994,20076,223252865,13310563,284456,857,"",1.00,1.00,1.00,1.00,1.00,1.00,1.00,1.00,"",3,0.3,213,1.1,114,0.6,185,0.9,10473189,4.9,1180579,9.7,84401,42.2,34,4.1
"39107","1","10","71","0","2017","4","",13,88,89,92,1299868,0,0,1115,"",1.99,0.23,0.23,0.24,0.21,0.00,0.00,0.91,"",0,0.0,-7,-7.4,-4,-4.3,-1,-1.1,78233,6.4,0,0.0,0,0.0,112,11.2
"39107","2","10","71","0","2017","4","",9,172,175,185,1842476,0,0,799,"",1.18,0.27,0.27,0.29,0.25,0.00,0.00,0.91,"",0,0.0,-27,-13.6,-17,-8.9,-2,-1.1,-61720,-3.2,0,0.0,0,0.0,39,5.1
"39107","3","10","71","0","2017","4","",83,2419,2429,2398,23515272,0,0,749,"",4.48,1.22,1.22,1.21,1.22,0.00,0.00,1.01,"",0,0.0,-46,-1.9,-51,-2.1,-39,-1.6,423685,1.8,0,0.0,0,0.0,27,3.7
"39107","5","10","71","0","2017","4","",984,17401,17301,17401,196595249,13310563,284456,871,"",0.93,1.02,1.02,1.02,1.03,1.03,1.01,1.01,"",3,0.3,293,1.7,186,1.1,227,1.3,10032991,5.4,1180579,9.7,84401,42.2,33,3.9
"39109","0","10","70","0","2017","4","",2304,40914,41106,41021,453928675,34876376,890598,851,"",1.00,1.00,1.00,1.00,1.00,1.00,1.00,1.00,"",4,0.2,251,0.6,118,0.3,75,0.2,14230957,3.2,2021846,6.2,221599,33.1,23,2.8
"39109","1","10","71","0","2017","4","",18,186,191,188,2881691,0,0,1177,"",1.30,0.24,0.24,0.24,0.23,0.00,0.00,0.97,"",0,0.0,4,2.2,6,3.2,-2,-1.1,96809,3.5,0,0.0,0,0.0,23,2.0
"39109","2","10","71","0","2017","4","",8,126,127,127,1807638,0,0,1098,"",0.50,0.10,0.10,0.10,0.12,0.00,0.00,1.27,"",0,0.0,6,5.0,4,3.3,1,0.8,-391771,-17.8,0,0.0,0,0.0,-277,-20.1
"39109","3","10","71","0","2017","4","",135,4655,4727,4655,50247692,15282,424,826,"",3.45,1.15,1.16,1.15,1.29,0.02,0.09,1.12,"",0,0.0,80,1.7,81,1.7,77,1.7,3137568,6.7,-490,-3.1,-185,-30.4,38,4.8
"39109","5","10","71","0","2017","4","",2143,35947,36061,36051,398991654,34861094,890174,852,"",0.96,1.03,1.03,1.03,1.03,1.03,1.01,1.00,"",4,0.2,161,0.4,27,0.1,-1,0.0,11388351,2.9,2022336,6.2,221784,33.2,23,2.8
"39111","0","10","70","0","2017","4","",352,2785,2775,2812,23818815,2092006,72844,657,"",1.00,1.00,1.00,1.00,1.00,1.00,1.00,1.00,"",4,1.1,102,3.8,115,4.3,143,5.4,2843158,13.6,293363,16.3,25434,53.6,53,8.8
"39111","1","10","71","0","2017","4","",8,50,49,49,623275,0,0,972,"",3.79,0.93,0.92,0.90,0.95,0.00,0.00,1.03,"",0,0.0,0,0.0,-2,-3.9,0,0.0,60463,10.7,0,0.0,0,0.0,106,12.2
"39111","2","10","71","0","2017","4","",5,39,38,37,469777,0,0,951,"",2.03,0.44,0.43,0.41,0.60,0.00,0.00,1.42,"",0,0.0,4,11.4,2,5.6,0,0.0,-14115,-2.9,0,0.0,0,0.0,-83,-8.0
"39111","3","10","71","0","2017","4","",57,756,771,801,6243977,19687,363,619,"",9.53,2.74,2.80,2.88,3.05,0.48,0.95,1.09,"",0,0.0,35,4.9,65,9.2,78,10.8,754605,13.7,-9551,-32.7,-386,-51.5,30,5.1
"39111","5","10","71","0","2017","4","",282,1940,1917,1925,16481786,2072319,72481,658,"",0.83,0.82,0.81,0.81,0.81,1.02,1.00,1.00,"",4,1.4,63,3.4,50,2.7,65,3.5,2042205,14.1,302914,17.1,25820,55.3,63,10.6
"39113","0","10","70","0","2017","4","",11925,256467,257924,257403,3079676473,189955265,5233353,921,"",1.00,1.00,1.00,1.00,1.00,1.00,1.00,1.00,"",-9,-0.1,2335,0.9,2569,1.0,1651,0.6,105384181,3.5,755489,0.4,939824,21.9,24,2.7
"39113","1","10","71","0","2017","4","",52,4294,4325,4387,85563437,0,0,1518,"",0.73,0.87,0.88,0.88,1.01,0.00,0.00,1.15,"",-3,-5.5,50,1.2,97,2.3,49,1.1,3592484,4.4,0,0.0,0,0.0,41,2.8
"39113","2","10","71","0","2017","4","",24,1143,1140,1144,18933217,0,0,1275,"",0.29,0.14,0.14,0.14,0.19,0.00,0.00,1.36,"",0,0.0,-149,-11.5,-143,-11.1,-131,-10.3,-3993770,-17.4,0,0.0,0,0.0,-99,-7.2
"39113","3","10","71","0","2017","4","",383,25895,26007,25840,304172263,512908,14149,903,"",1.89,1.02,1.02,1.01,1.15,0.14,0.51,1.13,"",0,0.0,127,0.5,46,0.2,95,0.4,8966751,3.0,-4859,-0.9,2154,18.0,24,2.7
"39113","5","10","71","0","2017","4","",11466,225135,226452,226032,2671007556,189442357,5219204,910,"",0.99,1.03,1.03,1.03,1.02,1.03,1.00,0.98,"",-6,-0.1,2307,1.0,2569,1.1,1638,0.7,96818716,3.8,760348,0.4,937670,21.9,25,2.8
"39115","0","10","70","0","2017","4","",216,2715,2705,2695,25961828,1554485,44504,738,"",1.00,1.00,1.00,1.00,1.00,1.00,1.00,1.00,"",3,1.4,133,5.2,114,4.4,115,4.5,2689059,11.6,165113,11.9,10292,30.1,45,6.5
"39115","1","10","71","0","2017","4","",5,41,41,41,505564,0,0,949,"",3.86,0.78,0.79,0.79,0.71,0.00,0.00,0.90,"",0,0.0,-5,-10.9,-5,-10.9,-5,-10.9,-46325,-8.4,0,0.0,0,0.0,26,2.8
"39115","2","10","71","0","2017","4","",7,56,56,55,670131,0,0,926,"",4.63,0.64,0.65,0.64,0.79,0.00,0.00,1.23,"",0,0.0,0,0.0,-1,-1.8,-1,-1.8,-91338,-12.0,0,0.0,0,0.0,-114,-11.0
"39115","3","10","71","0","2017","4","",45,554,557,555,4901520,0,0,679,"",12.26,2.06,2.07,2.08,2.20,0.00,0.00,1.06,"",0,0.0,11,2.0,-7,-1.2,-6,-1.1,198390,4.2,0,0.0,0,0.0,28,4.3
"39115","5","10","71","0","2017","4","",159,2064,2051,2044,19884613,1554485,44504,745,"",0.76,0.89,0.89,0.89,0.90,1.03,1.01,1.00,"",3,1.9,127,6.6,127,6.6,127,6.6,2628332,15.2,165113,11.9,10292,30.1,56,8.1
"39117","0","10","70","0","2017","4","",462,5226,5081,5010,47383092,2934055,68354,714,"",1.00,1.00,1.00,1.00,1.00,1.00,1.00,1.00,"",13,2.9,-530,-9.2,-736,-12.7,-764,-13.2,-11793716,-19.9,-1453846,-33.1,-115086,-62.7,-73,-9.3
"39117","1","10","71","0","2017","4","",9,46,49,47,608333,0,0,989,"",3.25,0.46,0.50,0.49,0.47,0.00,0.00,0.97,"",0,0.0,1,2.2,6,14.0,2,4.4,12015,2.0,0,0.0,0,0.0,-46,-4.4
"39117","2","10","71","0","2017","4","",7,66,67,66,938491,0,0,1088,"",2.16,0.39,0.41,0.41,0.61,0.00,0.00,1.49,"",0,0.0,2,3.1,5,8.1,1,1.5,-126135,-11.8,0,0.0,0,0.0,-198,-15.4
"39117","3","10","71","0","2017","4","",48,1507,1523,1530,13291032,19114,172,673,"",6.11,2.91,3.02,3.09,3.26,0.33,0.48,1.09,"",0,0.0,2,0.1,-1,-0.1,-29,-1.9,168284,1.3,676,3.7,116,207.1,13,2.0
"39117","5","10","71","0","2017","4","",398,3607,3442,3367,32545236,2914941,68182,721,"",0.89,0.81,0.80,0.79,0.80,1.03,1.00,1.00,"",13,3.4,-535,-12.9,-746,-17.8,-738,-18.0,-11847880,-26.7,-1454522,-33.3,-115202,-62.8,-103,-12.5
"39119","0","10","70","0","2017","4","",1841,33929,34484,34087,345786764,27326883,746892,779,"",1.00,1.00,1.00,1.00,1.00,1.00,1.00,1.00,"",11,0.6,-240,-0.7,-368,-1.1,-875,-2.5,7033953,2.1,-1873104,-6.4,75150,11.2,27,3.6
"39119","1","10","71","0","2017","4","",21,221,215,215,3309334,0,0,1173,"",1.90,0.34,0.33,0.33,0.35,0.00,0.00,1.05,"",0,0.0,5,2.3,-4,-1.8,-12,-5.3,46424,1.4,0,0.0,0,0.0,36,3.2
"39119","2","10","71","0","2017","4","",11,350,335,323,3813828,0,0,873,"",0.85,0.32,0.30,0.30,0.34,0.00,0.00,1.10,"",-1,-8.3,-20,-5.4,-30,-8.2,-6,-1.8,-516665,-11.9,0,0.0,0,0.0,-66,-7.0
"39119","3","10","71","0","2017","4","",120,4740,4858,4729,44728449,79069,1401,720,"",3.83,1.41,1.42,1.40,1.50,0.15,0.36,1.07,"",0,0.0,10,0.2,114,2.4,134,2.9,1156225,2.7,16041,25.5,639,83.9,5,0.7
"39119","5","10","71","0","2017","4","",1689,28618,29076,28820,293935153,27247814,745491,784,"",0.95,0.99,0.99,0.99,1.00,1.03,1.00,1.00,"",12,0.7,-235,-0.8,-448,-1.5,-991,-3.3,6347969,2.2,-1889145,-6.5,74511,11.1,31,4.1
"39121","0","10","70","0","2017","4","",272,2985,2977,2974,28428080,1765721,60020,734,"",1.00,1.00,1.00,1.00,1.00,1.00,1.00,1.00,"",-8,-2.9,-32,-1.1,-58,-1.9,-58,-1.9,-509639,-1.8,20211,1.2,13913,30.2,-1,-0.1
"39121","1","10","71","0","2017","4","",6,22,23,20,243878,0,0,866,"",3.68,0.38,0.40,0.35,0.31,0.00,0.00,0.82,"",0,0.0,-2,-8.3,-1,-4.2,-3,-13.0,-12864,-5.0,0,0.0,0,0.0,32,3.8
"39121","2","10","71","0","2017","4","",10,469,474,471,6095475,0,0,995,"",5.25,4.89,4.97,4.97,6.57,0.00,0.00,1.33,"",-1,-9.1,-5,-1.1,1,0.2,-2,-0.4,-663424,-9.8,0,0.0,0,0.0,-103,-9.4
"39121","3","10","71","0","2017","4","",41,500,503,498,4211380,0,0,647,"",8.87,1.69,1.70,1.69,1.72,0.00,0.00,1.02,"",-1,-2.4,23,4.8,20,4.1,17,3.5,272455,6.9,0,0.0,0,0.0,16,2.5
"39121","5","10","71","0","2017","4","",215,1994,1977,1985,17877347,1765721,60020,693,"",0.81,0.79,0.78,0.79,0.74,1.03,1.01,0.94,"",-6,-2.7,-48,-2.4,-78,-3.8,-70,-3.4,-105806,-0.6,20211,1.2,13913,30.2,18,2.7
"39123","0","10","70","0","2017","4","",1134,13966,12875,12488,138082110,7500233,245107,810,"",1.00,1.00,1.00,1.00,1.00,1.00,1.00,1.00,"",28,2.5,46,0.3,29,0.2,30,0.2,2289482,1.7,106533,1.4,28534,13.2,11,1.4
"39123","1","10","71","0","2017","4","",22,255,251,249,4460933,0,0,1364,"",3.23,0.95,1.02,1.04,1.18,0.00,0.00,1.18,"",0,0.0,-19,-6.9,-12,-4.6,-18,-6.7,-154887,-3.4,0,0.0,0,0.0,39,2.9
"39123","2","10","71","0","2017","4","",11,166,146,150,1915064,0,0,957,"",1.38,0.37,0.35,0.38,0.42,0.00,0.00,1.16,"",1,10.0,8,5.1,-1,-0.7,13,9.5,-126318,-6.2,0,0.0,0,0.0,-109,-10.2
"39123","3","10","71","0","2017","4","",73,1958,1988,1942,19047108,39183,1851,747,"",3.79,1.41,1.55,1.57,1.60,0.26,1.43,1.06,"",0,0.0,-9,-0.5,20,1.0,-16,-0.8,107977,0.6,-15837,-28.8,729,65.0,5,0.7
"39123","5","10","71","0","2017","4","",1028,11587,10490,10147,112659005,7461050,243256,807,"",0.93,0.98,0.96,0.96,0.96,1.03,1.00,0.99,"",27,2.7,66,0.6,22,0.2,51,0.5,2462710,2.2,122370,1.7,27805,12.9,14,1.8
"39125","0","10","70","0","2017","4","",394,4955,4941,4934,47271289,3606645,101961,736,"",1.00,1.00,1.00,1.00,1.00,1.00,1.00,1.00,"",12,3.1,103,2.1,73,1.5,54,1.1,2942508,6.6,419356,13.2,37650,58.5,35,5.0
"39125","1","10","71","0","2017","4","",11,49,52,53,594657,0,0,891,"",4.65,0.51,0.55,0.56,0.46,0.00,0.00,0.85,"",0,0.0,4,8.9,1,2.0,2,3.9,25283,4.4,0,0.0,0,0.0,-3,-0.3
"39125","2","10","71","0","2017","4","",4,33,33,34,376232,0,0,868,"",1.45,0.21,0.21,0.22,0.24,0.00,0.00,1.16,"",0,0.0,1,3.1,1,3.1,0,0.0,-18454,-4.7,0,0.0,0,0.0,-61,-6.6
"39125","3","10","71","0","2017","4","",45,1030,1043,1024,9166141,0,0,683,"",6.72,2.10,2.13,2.10,2.26,0.00,0.00,1.07,"",-2,-4.3,36,3.6,37,3.7,33,3.3,693743,8.2,0,0.0,0,0.0,29,4.4
"39125","5","10","71","0","2017","4","",334,3843,3813,3823,37134259,3606645,101961,747,"",0.87,0.91,0.91,0.91,0.92,1.03,1.01,1.01,"",14,4.4,62,1.6,34,0.9,19,0.5,2241936,6.4,419356,13.2,37650,58.5,38,5.4
"39127","0","10","70","0","2017","4","",540,6115,6095,5981,60210649,4742968,175049,764,"",1.00,1.00,1.00,1.00,1.00,1.00,1.00,1.00,"",6,1.1,419,7.4,418,7.4,313,5.5,11766184,24.3,772602,19.5,70390,67.3,108,16.5
"39127","1","10","71","0","2017","4","",10,61,62,59,769657,0,0,976,"",3.09,0.52,0.53,0.51,0.47,0.00,0.00,0.89,"",0,0.0,-3,-4.7,1,1.6,-3,-4.8,6300,0.8,0,0.0,0,0.0,34,3.6
"39127","2","10","71","0","2017","4","",7,36,36,36,460144,0,0,983,"",1.85,0.18,0.18,0.19,0.23,0.00,0.00,1.26,"",0,0.0,-4,-10.0,-3,-7.7,-5,-12.2,-109463,-19.2,0,0.0,0,0.0,-112,-10.2
"39127","3","10","71","0","2017","4","",66,1508,1512,1490,13820300,39819,1206,707,"",7.19,2.49,2.50,2.52,2.67,0.42,1.31,1.07,"",1,1.5,9,0.6,6,0.4,-9,-0.6,610402,4.6,28121,240.4,984,443.2,30,4.4
"39127","5","10","71","0","2017","4","",457,4510,4485,4396,45160548,4703149,173843,778,"",0.87,0.87,0.87,0.86,0.88,1.02,1.00,1.01,"",5,1.1,417,10.2,414,10.2,330,8.1,11258945,33.2,744481,18.8,69406,66.5,138,21.6
"39129","0","10","70","0","2017","4","",909,13654,13535,13575,149587465,10178711,274306,847,"",1.00,1.00,1.00,1.00,1.00,1.00,1.00,1.00,"",1,0.1,-243,-1.7,-295,-2.1,-203,-1.5,1764171,1.2,868490,9.3,55703,25.5,25,3.0
"39129","1","10","71","0","2017","4","",10,93,86,84,1282783,0,0,1126,"",1.83,0.35,0.33,0.32,0.31,0.00,0.00,0.93,"",0,0.0,1,1.1,-4,-4.4,-11,-11.6,34551,2.8,0,0.0,0,0.0,86,8.3
"39129","2","10","71","0","2017","4","",17,1363,1342,1333,18604969,0,0,1063,"",2.67,3.11,3.10,3.08,3.81,0.00,0.00,1.23,"",3,21.4,-3,-0.2,-5,-0.4,-11,-0.8,-2506003,-11.9,0,0.0,0,0.0,-138,-11.5
"39129","3","10","71","0","2017","4","",74,2565,2560,2556,28055895,14052,298,843,"",4.79,1.90,1.90,1.90,2.18,0.07,0.21,1.15,"",1,1.4,-7,-0.3,-8,-0.3,2,0.1,1388517,5.2,-2538,-15.3,180,152.5,43,5.4
"39129","5","10","71","0","2017","4","",808,9633,9547,9602,101643818,10164659,274008,815,"",0.92,0.83,0.83,0.83,0.80,1.03,1.01,0.96,"",-3,-0.4,-234,-2.4,-278,-2.8,-183,-1.9,2847106,2.9,871028,9.4,55523,25.4,42,5.4
"39131","0","10","70","0","2017","4","",522,9764,9747,9659,119746691,5520949,160328,947,"",1.00,1.00,1.00,1.00,1.00,1.00,1.00,1.00,"",2,0.4,46,0.5,71,0.7,-6,-0.1,7782189,7.0,-591979,-9.7,-29306,-15.5,58,6.5
"39131","1","10","71","0","2017","4","",8,60,62,61,1026163,0,0,1294,"",2.56,0.32,0.33,0.33,0.31,0.00,0.00,0.96,"",0,0.0,-6,-9.1,-3,-4.6,-4,-6.2,-137401,-11.8,0,0.0,0,0.0,-76,-5.5
"39131","2","10","71","0","2017","4","",7,93,85,83,1009896,0,0,893,"",1.91,0.30,0.27,0.27,0.26,0.00,0.00,0.92,"",0,0.0,1,1.1,-2,-2.3,-3,-3.5,-4946,-0.5,0,0.0,0,0.0,9,1.0
"39131","3","10","71","0","2017","4","",65,1325,1328,1305,13591896,2885,30,792,"",7.33,1.37,1.37,1.37,1.32,0.03,0.04,0.96,"",-2,-3.0,7,0.5,0,0.0,-23,-1.7,2372417,21.1,-5230,-64.4,-14,-31.8,140,21.5
"39131","5","10","71","0","2017","4","",442,8286,8272,8210,104118736,5518064,160298,970,"",0.87,1.00,1.00,1.00,1.02,1.03,1.01,1.02,"",4,0.9,44,0.5,76,0.9,24,0.3,5552119,5.6,-586749,-9.6,-29292,-15.5,46,5.0
"39133","0","10","70","0","2017","4","",3350,55087,55035,54654,636604240,36756784,995277,892,"",1.00,1.00,1.00,1.00,1.00,1.00,1.00,1.00,"",67,2.0,127,0.2,168,0.3,172,0.3,16547005,2.7,1253971,3.5,198111,24.9,21,2.4
"39133","1","10","71","0","2017","4","",24,339,333,335,5396694,0,0,1237,"",1.19,0.32,0.32,0.32,0.31,0.00,0.00,0.97,"",0,0.0,2,0.6,-2,-0.6,-6,-1.8,108728,2.1,0,0.0,0,0.0,32,2.7
"39133","2","10","71","0","2017","4","N",12,0,0,0,0,0,0,0,"N",0.51,0,0,0,0,0,0,0,"N",0,0.0,0,0,0,0,0,0,0,0,0,0,0,0,0,0
"39133","3","10","71","0","2017","4","N",164,0,0,0,0,0,0,0,"N",2.88,0,0,0,0,0,0,0,"N",0,0.0,0,0,0,0,0,0,0,0,0,0,0,0,0,0
"39133","5","10","71","0","2017","4","",3150,43606,43484,43217,496672659,36549528,992433,880,"",0.97,0.93,0.93,0.93,0.91,1.03,1.00,0.98,"",67,2.2,343,0.8,386,0.9,378,0.9,24891782,5.3,1345243,3.8,197799,24.9,37,4.4
"39135","0","10","70","0","2017","4","",748,11160,11171,11108,101906136,7131956,178637,703,"",1.00,1.00,1.00,1.00,1.00,1.00,1.00,1.00,"",10,1.4,623,5.9,600,5.7,565,5.4,5402489,5.6,69017,1.0,23641,15.3,-1,-0.1
"39135","1","10","71","0","2017","4","",12,68,68,68,930172,0,0,1052,"",2.67,0.32,0.32,0.32,0.33,0.00,0.00,1.05,"",0,0.0,-3,-4.2,-1,-1.4,-7,-9.3,69948,8.1,0,0.0,0,0.0,129,14.0
"39135","2","10","71","0","2017","4","",6,78,65,57,797125,0,0,920,"",1.14,0.22,0.18,0.16,0.24,0.00,0.00,1.28,"",0,0.0,7,9.9,0,0.0,0,0.0,-2579,-0.3,0,0.0,0,0.0,-36,-3.8
"39135","3","10","71","0","2017","4","",76,1712,1739,1724,15669642,0,0,699,"",5.98,1.55,1.57,1.57,1.79,0.00,0.00,1.15,"",0,0.0,-50,-2.8,-30,-1.7,-42,-2.4,902144,6.1,0,0.0,0,0.0,56,8.7
"39135","5","10","71","0","2017","4","",654,9302,9299,9259,84509197,7131956,178637,700,"",0.90,0.98,0.98,0.98,0.97,1.03,1.01,0.99,"",10,1.6,669,7.7,631,7.3,614,7.1,4432976,5.5,69017,1.0,23641,15.3,-12,-1.7
"39137","0","10","70","0","2017","4","",807,11945,11739,11754,117698519,8002942,209466,766,"",1.00,1.00,1.00,1.00,1.00,1.00,1.00,1.00,"",-2,-0.2,142,1.2,55,0.5,116,1.0,4064771,3.6,579784,7.8,56037,36.5,19,2.5
"39137","1","10","71","0","2017","4","",13,65,63,64,858493,0,0,1032,"",2.69,0.28,0.28,0.28,0.27,0.00,0.00,0.94,"",-1,-7.1,2,3.2,0,0.0,-2,-3.0,29246,3.5,0,0.0,0,0.0,35,3.5
"39137","2","10","71","0","2017","4","",6,38,37,39,491164,0,0,994,"",1.06,0.10,0.10,0.10,0.13,0.00,0.00,1.27,"",0,0.0,1,2.7,0,0.0,2,5.4,-24455,-4.7,0,0.0,0,0.0,-78,-7.3
"39137","3","10","71","0","2017","4","",72,1552,1551,1528,13125245,22735,537,654,"",5.25,1.31,1.33,1.31,1.30,0.14,0.49,0.98,"",0,0.0,-40,-2.5,-41,-2.6,-53,-3.4,272179,2.1,17909,371.1,508,1751.7,32,5.1
"39137","5","10","71","0","2017","4","",716,10290,10088,10123,103223617,7980207,208929,781,"",0.91,1.01,1.01,1.01,1.03,1.03,1.00,1.01,"",-1,-0.1,179,1.8,96,1.0,169,1.7,3787801,3.8,561875,7.6,55529,36.2,18,2.4
"39139","0","10","70","0","2017","4","",2742,50122,50545,50285,503663580,40292597,1003876,770,"",1.00,1.00,1.00,1.00,1.00,1.00,1.00,1.00,"",19,0.7,-854,-1.7,-382,-0.8,-520,-1.0,17382634,3.6,1321328,3.4,192532,23.7,35,4.8
"39139","1","10","71","0","2017","4","",21,610,625,648,10417714,0,0,1277,"",1.28,0.63,0.65,0.67,0.75,0.00,0.00,1.16,"",-1,-4.5,-39,-6.0,-30,-4.6,-14,-2.1,-373864,-3.5,0,0.0,0,0.0,10,0.8
"39139","2","10","71","0","2017","4","",19,1450,1439,1435,19236823,0,0,1027,"",0.99,0.90,0.89,0.89,1.17,0.00,0.00,1.31,"",0,0.0,19,1.3,14,1.0,-9,-0.6,-2009535,-9.5,0,0.0,0,0.0,-113,-9.9
"39139","3","10","71","0","2017","4","",126,5501,5524,5403,53991485,80449,3675,758,"",2.70,1.11,1.10,1.09,1.25,0.10,0.70,1.13,"",2,1.6,-107,-1.9,-104,-1.8,7,0.1,337564,0.6,10287,14.7,1583,75.7,14,1.9
"39139","5","10","71","0","2017","4","",2576,42561,42957,42799,420017558,40212148,1000201,755,"",0.97,1.00,1.00,1.00,0.98,1.03,1.00,0.98,"",18,0.7,-727,-1.7,-262,-0.6,-504,-1.2,19428469,4.8,1311041,3.4,190949,23.6,43,6.0
"39141","0","10","70","0","2017","4","",1370,28433,28835,28851,318835220,18719285,548157,854,"",1.00,1.00,1.00,1.00,1.00,1.00,1.00,1.00,"",-3,-0.2,551,2.0,843,3.0,995,3.6,16839244,5.6,2064192,12.4,229904,72.2,22,2.6
"39141","1","10","71","0","2017","4","",18,1627,1629,1659,30445151,0,0,1429,"",2.19,2.97,2.95,2.98,3.47,0.00,0.00,1.17,"",0,0.0,7,0.4,20,1.2,49,3.0,1503103,5.2,0,0.0,0,0.0,49,3.6
"39141","2","10","71","0","2017","4","",15,1669,1663,1660,21497946,0,0,994,"",1.56,1.83,1.80,1.80,2.07,0.00,0.00,1.14,"",-1,-6.2,-39,-2.3,-38,-2.2,-21,-1.2,-2358591,-9.9,0,0.0,0,0.0,-88,-8.1
"39141","3","10","71","0","2017","4","",86,3245,3290,3263,33599824,40257,2610,791,"",3.69,1.15,1.15,1.14,1.23,0.11,0.90,1.07,"",0,0.0,-32,-1.0,-28,-0.8,13,0.4,1037731,3.2,5899,17.2,506,24.0,28,3.7
"39141","5","10","71","0","2017","4","",1251,21892,22253,22269,233292299,18679028,545547,811,"",0.94,0.91,0.91,0.91,0.86,1.03,1.00,0.94,"",-2,-0.2,615,2.9,889,4.2,954,4.5,16657001,7.7,2058293,12.4,229398,72.6,29,3.7
"39143","0","10","70","0","2017","4","",1393,26369,26309,26308,276474565,19795203,524485,808,"",1.00,1.00,1.00,1.00,1.00,1.00,1.00,1.00,"",-5,-0.4,172,0.7,530,2.1,627,2.4,13681301,5.2,-9210,0.0,65092,14.2,27,3.5
"39143","1","10","71","0","2017","4","",11,107,105,113,1523378,0,0,1082,"",1.32,0.21,0.21,0.22,0.20,0.00,0.00,0.94,"",0,0.0,1,0.9,-5,-4.5,-2,-1.7,16635,1.1,0,0.0,0,0.0,32,3.0
"39143","2","10","71","0","2017","4","",10,105,102,104,1297357,0,0,963,"",1.02,0.12,0.12,0.12,0.14,0.00,0.00,1.17,"",0,0.0,-1,-0.9,1,1.0,6,6.1,-180414,-12.2,0,0.0,0,0.0,-155,-13.9
"39143","3","10","71","0","2017","4","",93,2890,2872,2830,30302462,9935,94,814,"",3.93,1.11,1.10,1.09,1.27,0.03,0.03,1.16,"",0,0.0,-49,-1.7,-68,-2.3,-58,-2.0,1189618,4.1,-946,-8.7,59,168.6,48,6.3
"39143","5","10","71","0","2017","4","",1279,23267,23230,23261,243351368,19785268,524391,805,"",0.95,1.04,1.04,1.04,1.03,1.03,1.01,0.99,"",-5,-0.4,221,1.0,602,2.7,681,3.0,12655462,5.5,-8264,0.0,65033,14.2,25,3.2
"39145","0","10","70","0","2017","4","",1435,23902,23974,23840,234383856,15464784,396723,754,"",1.00,1.00,1.00,1.00,1.00,1.00,1.00,1.00,"",12,0.8,-34,-0.1,-37,-0.2,-129,-0.5,2225880,1.0,504791,3.4,57334,16.9,9,1.2
"39145","1","10","71","0","2017","4","",18,156,168,159,2497220,0,0,1193,"",2.09,0.34,0.37,0.35,0.39,0.00,0.00,1.11,"",0,0.0,-9,-5.5,5,3.1,-5,-3.0,165437,7.1,0,0.0,0,0.0,99,9.0
"39145","2","10","71","0","2017","4","",13,1443,1424,1431,16539277,0,0,888,"",1.29,1.88,1.85,1.88,2.16,0.00,0.00,1.15,"",-1,-7.1,-10,-0.7,-26,-1.8,-20,-1.4,-2075697,-11.2,0,0.0,0,0.0,-99,-10.0
"39145","3","10","71","0","2017","4","",97,3409,3467,3361,32826087,16815,237,740,"",3.98,1.44,1.46,1.42,1.63,0.05,0.11,1.13,"",0,0.0,-34,-1.0,-12,-0.3,-60,-1.8,208127,0.6,3529,26.6,-16,-6.3,12,1.6
"39145","5","10","71","0","2017","4","",1307,18894,18915,18889,182521272,15447969,396486,743,"",0.94,0.93,0.93,0.93,0.91,1.03,1.01,0.98,"",13,1.0,19,0.1,-4,0.0,-44,-0.2,3928013,2.2,501262,3.4,57350,16.9,16,2.2
"39147","0","10","70","0","2017","4","",1155,19551,19581,19500,182218984,11556283,279709,717,"",1.00,1.00,1.00,1.00,1.00,1.00,1.00,1.00,"",-19,-1.6,300,1.6,416,2.2,294,1.5,6188717,3.5,-23226,-0.2,52161,22.9,12,1.7
"39147","1","10","71","0","2017","4","",17,122,118,118,1545286,0,0,996,"",2.45,0.32,0.31,0.31,0.31,0.00,0.00,0.97,"",0,0.0,-3,-2.4,-5,-4.1,-9,-7.1,-75402,-4.7,0,0.0,0,0.0,-1,-0.1
"39147","2","10","71","0","2017","4","",10,279,281,292,3275861,0,0,887,"",1.24,0.44,0.45,0.47,0.55,0.00,0.00,1.21,"",0,0.0,16,6.1,18,6.8,27,10.2,-177548,-5.1,0,0.0,0,0.0,-121,-12.0
"39147","3","10","71","0","2017","4","",96,2301,2328,2295,21565920,2629,34,719,"",4.89,1.19,1.20,1.19,1.38,0.01,0.02,1.16,"",0,0.0,45,2.0,79,3.5,65,2.9,1059281,5.2,-1431,-35.2,-61,-64.2,16,2.3
"39147","5","10","71","0","2017","4","",1032,16849,16854,16795,155831917,11553654,279675,712,"",0.92,1.01,1.01,1.01,1.00,1.03,1.01,0.99,"",-19,-1.8,242,1.5,324,2.0,211,1.3,5382386,3.6,-21795,-0.2,52222,23.0,14,2.0
"39149","0","10","70","0","2017","4","",1020,27313,27515,27396,376716164,19714794,439102,1057,"",1.00,1.00,1.00,1.00,1.00,1.00,1.00,1.00,"",-12,-1.2,-160,-0.6,-101,-0.4,12,0.0,8399780,2.3,1726883,9.6,80085,22.3,26,2.5
"39149","1","10","71","0","2017","4","",13,70,71,70,992441,0,0,1085,"",2.12,0.13,0.13,0.13,0.10,0.00,0.00,0.72,"",0,0.0,3,4.5,3,4.4,-3,-4.1,72686,7.9,0,0.0,0,0.0,65,6.4
"39149","2","10","71","0","2017","4","",7,200,191,189,3113628,0,0,1239,"",0.98,0.23,0.22,0.22,0.25,0.00,0.00,1.15,"",0,0.0,-4,-2.0,-10,-5.0,-6,-3.1,-441031,-12.4,0,0.0,0,0.0,-128,-9.4
"39149","3","10","71","0","2017","4","",84,2150,2223,2170,22663378,9432,28,799,"",4.85,0.79,0.81,0.80,0.70,0.02,0.01,0.87,"",-1,-1.2,-158,-6.8,-101,-4.3,-141,-6.1,-528332,-2.3,-713,-7.0,-2,-6.7,28,3.6
"39149","5","10","71","0","2017","4","",916,24893,25030,24967,349946717,19705362,439074,1078,"",0.93,1.07,1.07,1.07,1.09,1.03,1.01,1.01,"",-11,-1.2,-1,0.0,7,0.0,162,0.7,9296457,2.7,1727596,9.6,80087,22.3,26,2.5
"39151","0","10","70","0","2017","4","",8614,161620,162014,161552,1751600258,127480594,3628281,833,"",1.00,1.00,1.00,1.00,1.00,1.00,1.00,1.00,"",0,0.0,1686,1.1,1769,1.1,2255,1.4,100983620,6.1,13766857,12.1,1113594,44.3,39,4.9
"39151","1","10","71","0","2017","4","",43,988,985,986,16753860,0,0,1307,"",0.83,0.32,0.32,0.32,0.35,0.00,0.00,1.10,"",1,2.4,45,4.8,40,4.2,25,2.6,921057,5.8,0,0.0,0,0.0,25,2.0
"39151","2","10","71","0","2017","4","",16,1406,1417,1408,18495213,0,0,1009,"",0.27,0.27,0.27,0.27,0.32,0.00,0.00,1.19,"",0,0.0,47,3.5,62,4.6,49,3.6,-1898041,-9.3,0,0.0,0,0.0,-146,-12.6
"39151","3","10","71","0","2017","4","",256,16823,16972,16744,172739635,57004,818,789,"",1.75,1.05,1.05,1.05,1.15,0.02,0.04,1.09,"",2,0.8,146,0.9,292,1.8,145,0.9,5268912,3.1,14513,34.2,419,105.0,15,1.9
"39151","5","10","71","0","2017","4","",8299,142403,142640,142414,1543611550,127423590,3627463,833,"",0.99,1.04,1.04,1.04,1.03,1.03,1.01,0.99,"",-3,0.0,1448,1.0,1375,1.0,2036,1.5,96691692,6.7,13752344,12.1,1113175,44.3,43,5.4
"39153","0","10","70","0","2017","4","",14381,270179,269912,268795,3370120149,204782379,5832690,961,"",1.00,1.00,1.00,1.00,1.00,1.00,1.00,1.00,"",104,0.7,492,0.2,-74,0.0,407,0.2,61110106,1.8,6027786,3.0,1049916,22.0,16,1.7
"39153","1","10","71","0","2017","4","",49,1771,1787,1809,32319404,0,0,1390,"",0.57,0.34,0.35,0.35,0.35,0.00,0.00,1.01,"",2,4.3,89,5.3,89,5.2,100,5.9,1683917,5.5,0,0.0,0,0.0,1,0.1
"39153","2","10","71","0","2017","4","",29,4352,4360,4328,67754363,0,0,1199,"",0.29,0.50,0.50,0.50,0.62,0.00,0.00,1.22,"",-2,-6.5,-107,-2.4,-84,-1.9,-46,-1.1,-3512956,-4.9,0,0.0,0,0.0,-40,-3.2
"39153","3","10","71","0","2017","4","",374,22171,22065,21643,273809758,83988,2814,959,"",1.53,0.83,0.82,0.81,0.94,0.02,0.09,1.15,"",0,0.0,-160,-0.7,-252,-1.1,-140,-0.6,3070880,1.1,-13829,-14.1,-587,-17.3,19,2.0
"39153","5","10","71","0","2017","4","",13929,241885,241700,241015,2996236624,204698391,5829876,954,"",1.00,1.05,1.05,1.06,1.04,1.03,1.01,0.99,"",104,0.8,670,0.3,173,0.1,493,0.2,59868265,2.0,6041615,3.0,1050503,22.0,17,1.8
"39155","0","10","70","0","2017","4","",4299,67787,68146,67686,685074985,52391145,1542291,776,"",1.00,1.00,1.00,1.00,1.00,1.00,1.00,1.00,"",-6,-0.1,-1621,-2.3,-1499,-2.2,-1251,-1.8,-25104741,-3.5,1883008,3.7,320831,26.3,-12,-1.5
"39155","1","10","71","0","2017","4","",38,524,532,536,7780343,0,0,1128,"",1.47,0.40,0.41,0.41,0.41,0.00,0.00,1.02,"",0,0.0,-9,-1.7,1,0.2,5,0.9,148167,1.9,0,0.0,0,0.0,24,2.2
"39155","2","10","71","0","2017","4","",16,727,727,725,9577077,0,0,1014,"",0.53,0.33,0.33,0.34,0.43,0.00,0.00,1.28,"",-1,-5.9,-134,-15.6,-137,-15.9,-151,-17.2,-3159062,-24.8,0,0.0,0,0.0,-116,-10.3
"39155","3","10","71","0","2017","4","",217,8310,8410,8322,83056602,88511,3666,765,"",2.97,1.24,1.24,1.24,1.41,0.09,0.45,1.14,"",-1,-0.5,13,0.2,101,1.2,108,1.3,2637585,3.3,24330,37.9,1977,117.1,17,2.3
"39155","5","10","71","0","2017","4","",4028,58226,58477,58103,584660963,52302634,1538625,772,"",0.97,1.01,1.01,1.01,1.00,1.03,1.00,0.99,"",-4,-0.1,-1491,-2.5,-1464,-2.4,-1213,-2.0,-24731431,-4.1,1858678,3.7,318854,26.1,-14,-1.8
"39157","0","10","70","0","2017","4","",2327,37136,37054,37111,377229436,28144404,787894,782,"",1.00,1.00,1.00,1.00,1.00,1.00,1.00,1.00,"",33,1.4,525,1.4,602,1.7,993,2.7,20863958,5.9,2138895,8.2,156694,24.8,29,3.9
"39157","1","10","71","0","2017","4","",28,255,259,261,3793708,0,0,1130,"",2.01,0.36,0.37,0.37,0.37,0.00,0.00,1.01,"",1,3.7,0,0.0,8,3.2,5,2.0,166595,4.6,0,0.0,0,0.0,32,2.9
"39157","2","10","71","0","2017","4","",10,489,493,501,5783239,0,0,900,"",0.61,0.41,0.42,0.42,0.47,0.00,0.00,1.13,"",0,0.0,-13,-2.6,-13,-2.6,-9,-1.8,-1073130,-15.7,0,0.0,0,0.0,-142,-13.6
"39157","3","10","71","0","2017","4","",146,4226,4257,4199,41104861,96304,1610,748,"",3.69,1.15,1.16,1.14,1.27,0.17,0.39,1.10,"",-1,-0.7,-54,-1.3,-128,-2.9,-36,-0.9,1664129,4.2,-63375,-39.7,-450,-21.8,42,5.9
"39157","5","10","71","0","2017","4","",2143,32166,32045,32150,326547628,28048100,786284,782,"",0.95,1.02,1.02,1.02,1.01,1.03,1.00,0.99,"",33,1.6,592,1.9,735,2.3,1033,3.3,20106364,6.6,2202270,8.5,157144,25.0,30,4.0
"39159","0","10","70","0","2017","4","",1285,33369,33846,33267,583775201,32387545,852371,1341,"",1.00,1.00,1.00,1.00,1.00,1.00,1.00,1.00,"",41,3.3,1257,3.9,1257,3.9,1547,4.9,57733000,11.0,1489955,4.8,127999,17.7,82,6.5
"39159","1","10","71","0","2017","4","",11,70,72,73,1065319,0,0,1143,"",1.43,0.11,0.11,0.11,0.07,0.00,0.00,0.60,"",0,0.0,3,4.5,0,0.0,-4,-5.2,36496,3.5,0,0.0,0,0.0,44,4.0
"39159","2","10","71","0","2017","4","",12,553,553,558,7763747,0,0,1077,"",1.33,0.52,0.51,0.53,0.41,0.00,0.00,0.79,"",-3,-20.0,17,3.2,12,2.2,14,2.6,-1023848,-11.7,0,0.0,0,0.0,-174,-13.9
"39159","3","10","71","0","2017","4","",71,3028,3011,2966,40694904,0,0,1043,"",3.25,0.92,0.90,0.90,0.81,0.00,0.00,0.90,"",-1,-1.4,73,2.5,49,1.7,50,1.7,3936878,10.7,0,0.0,0,0.0,83,8.6
"39159","5","10","71","0","2017","4","",1191,29718,30210,29670,534251231,32387545,852371,1376,"",0.96,1.05,1.05,1.05,1.07,1.03,1.01,1.02,"",45,3.9,1164,4.1,1196,4.1,1487,5.3,54783474,11.4,1489955,4.8,127999,17.7,86,6.7
"39161","0","10","70","0","2017","4","",627,11276,11210,11187,109341332,7995943,229687,749,"",1.00,1.00,1.00,1.00,1.00,1.00,1.00,1.00,"",-2,-0.3,384,3.5,400,3.7,284,2.6,9044233,9.0,830818,11.6,57230,33.2,39,5.5
"39161","1","10","71","0","2017","4","",10,47,47,46,623255,0,0,1027,"",2.66,0.22,0.22,0.21,0.21,0.00,0.00,0.96,"",0,0.0,-3,-6.0,-3,-6.0,-6,-11.5,1138,0.2,0,0.0,0,0.0,82,8.7
"39161","2","10","71","0","2017","4","",8,65,66,70,893031,0,0,1025,"",1.82,0.18,0.18,0.20,0.25,0.00,0.00,1.34,"",0,0.0,-4,-5.8,-2,-2.9,-1,-1.4,-279090,-23.8,0,0.0,0,0.0,-275,-21.2
"39161","3","10","71","0","2017","4","",72,1457,1443,1441,12058426,0,0,641,"",6.76,1.30,1.30,1.30,1.28,0.00,0.00,0.99,"",-1,-1.4,52,3.7,44,3.1,16,1.1,193325,1.6,0,0.0,0,0.0,-6,-0.9
"39161","5","10","71","0","2017","4","",537,9707,9654,9630,95766620,7995943,229687,762,"",0.88,1.01,1.01,1.01,1.03,1.03,1.01,1.01,"",-1,-0.2,339,3.6,361,3.9,275,2.9,9128860,10.5,830818,11.6,57230,33.2,48,6.7
"39163","0","10","70","0","2017","4","",207,2252,2266,2263,20099537,1505447,41995,684,"",1.00,1.00,1.00,1.00,1.00,1.00,1.00,1.00,"",7,3.5,44,2.0,79,3.6,94,4.3,941041,4.9,308193,25.7,8159,24.1,10,1.5
"39163","1","10","71","0","2017","4","",5,17,16,15,177356,0,0,853,"",4.03,0.39,0.37,0.34,0.32,0.00,0.00,0.87,"",0,0.0,1,6.2,-1,-5.9,-2,-11.8,-14159,-7.4,0,0.0,0,0.0,-31,-3.5
"39163","2","10","71","0","2017","4","",5,97,93,92,1044278,0,0,855,"",3.45,1.34,1.28,1.27,1.59,0.00,0.00,1.23,"",0,0.0,9,10.2,3,3.3,4,4.5,-91771,-8.1,0,0.0,0,0.0,-131,-13.3
"39163","3","10","71","0","2017","4","",35,544,538,527,5083360,0,0,729,"",9.95,2.44,2.39,2.35,2.94,0.00,0.00,1.23,"",-1,-2.8,-21,-3.7,-14,-2.5,-33,-5.9,2427,0.0,0,0.0,0,0.0,30,4.3
"39163","5","10","71","0","2017","4","",162,1594,1619,1629,13794543,1505447,41995,657,"",0.81,0.83,0.84,0.85,0.80,1.03,1.01,0.96,"",8,5.2,55,3.6,91,6.0,125,8.3,1044544,8.2,308193,25.7,8159,24.1,13,2.0
"39165","0","10","70","0","2017","4","",4951,93151,91344,91778,1141375079,74455703,2087360,953,"",1.00,1.00,1.00,1.00,1.00,1.00,1.00,1.00,"",112,2.3,1005,1.1,545,0.6,1686,1.9,19639792,1.8,-2529747,-3.3,285906,15.9,5,0.5
"39165","1","10","71","0","2017","4","",18,311,303,313,4858588,0,0,1210,"",0.61,0.17,0.17,0.18,0.15,0.00,0.00,0.89,"",-1,-5.3,7,2.3,2,0.7,3,1.0,-47015,-1.0,0,0.0,0,0.0,-27,-2.2
"39165","2","10","71","0","2017","4","",14,1259,1264,1262,18073389,0,0,1102,"",0.40,0.42,0.43,0.43,0.49,0.00,0.00,1.13,"",0,0.0,11,0.9,25,2.0,25,2.0,-2036963,-10.1,0,0.0,0,0.0,-144,-11.6
"39165","3","10","71","0","2017","4","",147,8769,8820,8416,97993311,145251,3313,870,"",1.75,0.95,0.97,0.93,1.00,0.10,0.30,1.05,"",-1,-0.7,165,1.9,120,1.4,104,1.3,4456213,4.8,6983,5.1,125,3.9,27,3.2
"39165","5","10","71","0","2017","4","",4772,82812,80957,81787,1020449791,74310452,2084047,959,"",0.99,1.05,1.04,1.05,1.05,1.03,1.01,1.00,"",114,2.4,822,1.0,398,0.5,1554,1.9,17267557,1.7,-2536730,-3.3,285781,15.9,5,0.5
"39167","0","10","70","0","2017","4","",1646,25139,25131,25069,297549116,17275665,599497,911,"",1.00,1.00,1.00,1.00,1.00,1.00,1.00,1.00,"",15,0.9,-68,-0.3,41,0.2,257,1.0,12514483,4.4,546693,3.3,133354,28.6,35,4.0
"39167","1","10","71","0","2017","4","",22,200,199,198,2940395,0,0,1137,"",2.23,0.41,0.41,0.41,0.36,0.00,0.00,0.87,"",0,0.0,1,0.5,-7,-3.4,1,0.5,-11447,-0.4,0,0.0,0,0.0,5,0.4
"39167","2","10","71","0","2017","4","",11,260,261,254,3901391,0,0,1162,"",0.95,0.32,0.32,0.32,0.40,0.00,0.00,1.25,"",0,0.0,0,0.0,2,0.8,-4,-1.6,-413205,-9.6,0,0.0,0,0.0,-119,-9.3
"39167","3","10","71","0","2017","4","",108,2550,2552,2491,22685287,40749,587,689,"",3.86,1.02,1.02,1.00,0.89,0.12,0.19,0.87,"",0,0.0,-46,-1.8,-52,-2.0,-31,-1.2,350068,1.6,12188,42.7,-80,-12.0,22,3.3
"39167","5","10","71","0","2017","4","",1505,22129,22119,22126,268022043,17234916,598910,932,"",0.94,1.04,1.04,1.04,1.05,1.03,1.01,1.02,"",15,1.0,-23,-0.1,98,0.4,291,1.3,12589067,4.9,534505,3.2,133434,28.7,39,4.4
"39169","0","10","70","0","2017","4","",2725,48858,48708,48666,562121263,33336704,872540,887,"",1.00,1.00,1.00,1.00,1.00,1.00,1.00,1.00,"",8,0.3,837,1.7,601,1.2,722,1.5,38169294,7.3,3943150,13.4,328868,60.5,48,5.7
"39169","1","10","71","0","2017","4","",23,263,253,256,3933948,0,0,1176,"",1.41,0.28,0.27,0.27,0.25,0.00,0.00,0.93,"",0,0.0,2,0.8,-3,-1.2,-3,-1.2,94208,2.5,0,0.0,0,0.0,34,3.0
"39169","2","10","71","0","2017","4","",13,828,822,846,10039269,0,0,928,"",0.68,0.53,0.53,0.55,0.55,0.00,0.00,1.03,"",0,0.0,-8,-1.0,-18,-2.1,-28,-3.2,-93247,-0.9,0,0.0,0,0.0,11,1.2
"39169","3","10","71","0","2017","4","",131,5782,5826,5792,56933438,16122,145,755,"",2.83,1.19,1.20,1.20,1.18,0.02,0.03,0.98,"",-1,-0.8,92,1.6,146,2.6,209,3.7,2232051,4.1,-2262,-12.3,70,93.3,10,1.3
"39169","5","10","71","0","2017","4","",2558,41985,41807,41772,491214608,33320582,872395,903,"",0.97,1.01,1.01,1.01,1.02,1.03,1.01,1.01,"",9,0.4,751,1.8,476,1.2,544,1.3,35936282,7.9,3945412,13.4,328798,60.5,54,6.4
"39171","0","10","70","0","2017","4","",888,17517,17554,17658,176124882,14284346,360351,771,"",1.00,1.00,1.00,1.00,1.00,1.00,1.00,1.00,"",-9,-1.0,165,1.0,242,1.4,284,1.6,7520683,4.5,1907389,15.4,105347,41.3,23,3.1
"39171","1","10","71","0","2017","4","",10,84,82,77,1021761,0,0,970,"",1.88,0.25,0.24,0.23,0.21,0.00,0.00,0.88,"",0,0.0,3,3.7,8,10.8,0,0.0,36688,3.7,0,0.0,0,0.0,-10,-1.0
"39171","2","10","71","0","2017","4","",8,110,109,113,1415422,0,0,984,"",1.29,0.20,0.19,0.20,0.25,0.00,0.00,1.25,"",0,0.0,-1,-0.9,1,0.9,2,1.8,-163882,-10.4,0,0.0,0,0.0,-120,-10.9
"39171","3","10","71","0","2017","4","",76,2007,1996,1982,17854585,0,0,688,"",5.04,1.16,1.15,1.13,1.18,0.00,0.00,1.03,"",0,0.0,49,2.5,11,0.6,18,0.9,577328,3.3,0,0.0,0,0.0,13,1.9
"39171","5","10","71","0","2017","4","",794,15316,15367,15486,155833114,14284346,360351,779,"",0.92,1.03,1.03,1.03,1.04,1.03,1.01,1.00,"",-9,-1.1,114,0.7,222,1.5,264,1.7,7070549,4.8,1907389,15.4,105347,41.3,26,3.5
"39173","0","10","70","0","2017","4","",3030,67968,68472,67099,762730795,54357131,1605760,865,"",1.00,1.00,1.00,1.00,1.00,1.00,1.00,1.00,"",61,2.1,580,0.9,551,0.8,-518,-0.8,34169223,4.7,1512140,2.9,58930,3.8,36,4.3
"39173","1","10","71","0","2017","4","",29,208,206,205,2810578,0,0,1048,"",1.60,0.16,0.16,0.16,0.13,0.00,0.00,0.85,"",1,3.6,8,4.0,9,4.6,-1,-0.5,-10763,-0.4,0,0.0,0,0.0,-32,-3.0
"39173","2","10","71","0","2017","4","",15,2934,2964,2926,46227907,0,0,1209,"",0.71,1.34,1.35,1.37,1.86,0.00,0.00,1.37,"",0,0.0,-10,-0.3,4,0.1,-15,-0.5,153753,0.3,0,0.0,0,0.0,7,0.6
"39173","3","10","71","0","2017","4","",157,6756,6761,6762,66485538,19450,240,757,"",3.05,1.00,0.99,1.02,1.01,0.02,0.03,1.01,"",0,0.0,65,1.0,52,0.8,94,1.4,2084211,3.2,8479,77.3,182,313.8,16,2.2
"39173","5","10","71","0","2017","4","",2829,58070,58541,57206,647206772,54337681,1605520,859,"",0.96,1.01,1.01,1.00,0.99,1.03,1.01,0.99,"",60,2.2,517,0.9,486,0.8,-596,-1.0,31942022,5.2,1503661,2.8,58748,3.8,40,4.9
"39175","0","10","70","0","2017","4","",582,9164,9158,9399,102568928,6028798,142039,854,"",1.00,1.00,1.00,1.00,1.00,1.00,1.00,1.00,"",5,0.9,-19,-0.2,-58,-0.6,69,0.7,4879697,5.0,294347,5.1,36924,35.1,41,5.0
"39175","1","10","71","0","2017","4","",11,53,53,53,682129,0,0,990,"",3.15,0.30,0.30,0.29,0.24,0.00,0.00,0.81,"",0,0.0,-1,-1.9,-1,-1.9,-4,-7.0,15796,2.4,0,0.0,0,0.0,58,6.2
"39175","2","10","71","0","2017","4","",5,38,38,40,425174,0,0,846,"",1.23,0.13,0.13,0.13,0.13,0.00,0.00,0.97,"",0,0.0,0,0.0,0,0.0,2,5.3,-54886,-11.4,0,0.0,0,0.0,-126,-13.0
"39175","3","10","71","0","2017","4","",62,1422,1431,1450,13944777,1636,15,748,"",6.27,1.57,1.57,1.56,1.58,0.01,0.02,1.01,"",0,0.0,0,0.0,-6,-0.4,3,0.2,1151070,9.0,-528,-24.4,8,114.3,62,9.0
"39175","5","10","71","0","2017","4","",504,7651,7636,7856,87516848,6027162,142024,873,"",0.89,0.98,0.98,0.98,1.00,1.03,1.01,1.02,"",5,1.0,-18,-0.2,-51,-0.7,68,0.9,3767717,4.5,294875,5.1,36916,35.1,38,4.6
"39999","0","10","70","0","2017","4","",18185,117610,116406,115170,2335456811,142945262,5934782,1543,"",1.00,1.00,1.00,1.00,1.00,1.00,1.00,1.00,"",324,1.8,6507,5.9,5030,4.5,5635,5.1,230838350,11.0,6293741,4.6,1070262,22.0,80,5.5
"39999","1","10","71","0","2017","4","",49,1440,1428,1417,30668337,0,0,1652,"",0.45,0.64,0.64,0.64,0.48,0.00,0.00,0.75,"",3,6.5,210,17.1,228,19.0,207,17.1,4869161,18.9,0,0.0,0,0.0,16,1.0
"39999","2","10","71","0","2017","4","",6,1289,1219,1215,19057588,0,0,1181,"",0.05,0.34,0.33,0.33,0.25,0.00,0.00,0.75,"N",-1,-14.3,0,0,0,0,0,0,0,0,0,0,0,0,0,0
"39999","3","10","71","0","2017","4","",7,134,135,139,1592604,103998,3007,901,"",0.02,0.01,0.01,0.01,0.01,0.04,0.10,0.67,"N",1,16.7,0,0,0,0,0,0,0,0,0,0,0,0,0,0
"39999","5","10","71","0","2017","4","",18123,114747,113624,112399,2284138282,142841264,5931775,1547,"",1.03,1.15,1.15,1.15,1.15,1.03,1.01,1.00,"",321,1.8,6234,5.7,4805,4.4,5427,5.1,228215676,11.1,6261612,4.6,1068984,22.0,84,5.7
"40000","0","10","50","0","2017","4","",111342,1599854,1605890,1608755,18676898005,2669949818,26382417,895,"",1.00,1.00,1.00,1.00,1.00,1.00,1.00,1.00,"",2094,1.9,16806,1.1,17195,1.1,20424,1.3,824799451,4.6,154761579,6.2,3610200,15.9,30,3.5
"40000","1","10","51","0","2017","4","",1172,48524,48557,48691,871404349,0,0,1380,"",1.75,1.58,1.58,1.57,1.70,0.00,0.00,1.08,"",-6,-0.5,-18,0.0,-87,-0.2,-215,-0.4,23650452,2.8,0,0.0,0,0.0,41,3.1
"40000","2","10","51","0","2017","4","",1046,69490,69123,69133,821446998,48690048,50326,912,"",1.34,1.35,1.34,1.35,1.35,1.44,1.45,1.00,"",1,0.1,-1033,-1.5,-1329,-1.9,-1270,-1.8,7997556,1.0,3936433,8.8,-7562,-13.1,24,2.7
"40000","3","10","51","0","2017","4","",3484,209726,210863,210556,2019639630,118840273,729348,738,"",1.84,1.32,1.32,1.32,1.26,2.25,5.25,0.95,"",-1,0.0,-222,-0.1,-373,-0.2,-559,-0.3,34621689,1.7,-7657616,-6.1,-51602,-6.6,14,1.9
"40000","5","10","51","0","2017","4","",105640,1272114,1277347,1280375,14964407028,2502419497,25602743,902,"",0.98,0.94,0.94,0.94,0.94,0.97,0.98,1.00,"",2100,2.0,18079,1.4,18984,1.5,22468,1.8,758529754,5.3,158482762,6.8,3669364,16.7,33,3.8
"40000","8","10","96","0","2017","4","",5702,327740,328543,328380,3712490977,167530321,779674,870,"",1.71,1.36,1.36,1.36,1.36,1.93,4.49,1.00,"",-6,-0.1,-1273,-0.4,-1789,-0.5,-2044,-0.6,66269697,1.8,-3721183,-2.2,-59164,-7.1,20,2.4
"40001","0","10","70","0","2017","4","",277,4531,4568,4601,36968510,7893790,112760,623,"",1.00,1.00,1.00,1.00,1.00,1.00,1.00,1.00,"",4,1.5,88,2.0,100,2.2,164,3.7,-1769461,-4.6,489836,6.6,48921,76.6,-47,-7.0
"40001","1","10","71","0","2017","4","",7,41,42,42,481702,0,0,889,"",4.21,0.47,0.48,0.47,0.47,0.00,0.00,1.00,"",-1,-12.5,-1,-2.4,-1,-2.3,-1,-2.3,-7003,-1.4,0,0.0,0,0.0,8,0.9
"40001","2","10","71","0","2017","4","",8,74,73,71,619349,810,8,656,"",4.12,0.51,0.50,0.48,0.51,0.01,0.05,1.03,"",0,0.0,-9,-10.8,-10,-12.0,-12,-14.5,-52177,-7.8,153,23.3,1,14.3,34,5.5
"40001","3","10","71","0","2017","4","",38,1018,1026,1032,7543420,641606,6360,566,"",8.07,2.27,2.26,2.27,2.37,4.11,10.72,1.05,"",0,0.0,-244,-19.3,-240,-19.0,-224,-17.8,-2154757,-22.2,-1267410,-66.4,-1002,-13.6,-25,-4.2
"40001","5","10","71","0","2017","4","",224,3398,3427,3456,28324039,7251374,106392,636,"",0.83,0.88,0.88,0.88,0.90,0.95,0.95,1.02,"",5,2.3,342,11.2,351,11.4,401,13.1,444476,1.6,1757093,32.0,49922,88.4,-64,-9.1
"40003","0","10","70","0","2017","4","",164,1515,1492,1537,16023016,2102727,26890,814,"",1.00,1.00,1.00,1.00,1.00,1.00,1.00,1.00,"",-3,-1.8,15,1.0,-1,-0.1,34,2.3,595996,3.9,173581,9.0,12082,81.6,22,2.8
"40003","1","10","71","0","2017","4","",8,30,34,31,419930,0,0,1020,"",8.13,1.03,1.19,1.05,0.95,0.00,0.00,0.88,"",0,0.0,-3,-9.1,1,3.0,-4,-11.4,-11698,-2.7,0,0.0,0,0.0,34,3.4
"40003","2","10","71","0","2017","4","",7,207,203,211,2139482,11722,117,795,"",6.09,4.26,4.25,4.30,4.09,0.44,3.30,0.96,"",0,0.0,8,4.0,12,6.3,17,8.8,138959,6.9,879,8.1,9,8.3,4,0.5
"40003","3","10","71","0","2017","4","",21,405,388,391,3079566,107966,1075,600,"",7.53,2.70,2.62,2.57,2.24,2.59,7.60,0.85,"",1,5.0,2,0.5,-8,-2.0,-18,-4.4,49976,1.6,-12146,-10.1,-122,-10.2,21,3.6
"40003","5","10","71","0","2017","4","",128,873,867,904,10384038,1983039,25698,906,"",0.80,0.68,0.68,0.69,0.76,0.97,0.96,1.11,"",-4,-3.0,8,0.9,-6,-0.7,39,4.5,418759,4.2,184848,10.3,12195,90.3,23,2.6
"40005","0","10","70","0","2017","4","",323,3436,3459,3498,30312558,6671085,56143,673,"",1.00,1.00,1.00,1.00,1.00,1.00,1.00,1.00,"",3,0.9,9,0.3,-18,-0.5,-14,-0.4,2682045,9.7,309960,4.9,10,0.0,61,10.0
"40005","1","10","71","0","2017","4","",8,37,34,37,413408,0,0,883,"",4.13,0.56,0.51,0.55,0.50,0.00,0.00,0.92,"",0,0.0,1,2.8,-6,-15.0,-1,-2.6,-22950,-5.3,0,0.0,0,0.0,0,0.0
"40005","2","10","71","0","2017","4","",11,332,335,333,3016397,9680,97,696,"",4.86,3.01,3.02,2.99,3.05,0.11,1.31,1.01,"",0,0.0,-2,-0.6,8,2.4,1,0.3,-708545,-19.0,-44,-0.5,0,0.0,-170,-19.6
"40005","3","10","71","0","2017","4","",29,715,728,727,5665597,542923,4127,603,"",5.28,2.10,2.12,2.10,2.17,4.11,13.97,1.03,"",0,0.0,-84,-10.5,-92,-11.2,-88,-10.8,-332521,-5.5,-141106,-20.6,-1180,-22.2,34,6.0
"40005","5","10","71","0","2017","4","",275,2352,2362,2401,21217156,6118482,51919,688,"",0.88,0.81,0.80,0.81,0.82,0.95,0.93,1.02,"",3,1.1,94,4.2,72,3.1,74,3.2,3746061,21.4,451110,8.0,1190,2.3,102,17.4
"40007","0","10","70","0","2017","4","",170,1693,1760,1693,18699385,2907512,39746,839,"",1.00,1.00,1.00,1.00,1.00,1.00,1.00,1.00,"",-6,-3.4,149,9.7,224,14.6,154,10.0,4161978,28.6,1602512,122.8,32708,464.7,113,15.6
"40007","1","10","71","0","2017","4","",7,28,24,23,253290,0,0,779,"",6.87,0.86,0.71,0.71,0.49,0.00,0.00,0.65,"",0,0.0,-2,-6.7,-4,-14.3,-7,-23.3,-7066,-2.7,0,0.0,0,0.0,96,14.1
"40007","2","10","71","0","2017","4","",7,19,19,19,180210,418,4,730,"",5.88,0.35,0.34,0.35,0.30,0.01,0.08,0.85,"",1,16.7,-1,-5.0,-1,-5.0,-2,-9.5,-2658,-1.5,305,269.9,3,300.0,38,5.5
"40007","3","10","71","0","2017","4","",18,454,457,461,3595162,58401,582,605,"",6.23,2.71,2.61,2.75,2.24,1.01,2.78,0.83,"",0,0.0,-27,-5.6,-23,-4.8,-25,-5.1,73391,2.1,-19457,-25.0,-194,-25.0,43,7.7
"40007","5","10","71","0","2017","4","",138,1192,1260,1190,14670723,2848693,39160,930,"",0.84,0.83,0.84,0.83,0.92,1.01,0.99,1.10,"",-7,-4.8,179,17.7,252,25.0,188,18.8,4098311,38.8,1621664,132.2,32899,525.5,123,15.2
"40009","0","10","70","0","2017","4","",829,10376,10272,10322,124759384,23839410,390522,930,"",1.00,1.00,1.00,1.00,1.00,1.00,1.00,1.00,"",-19,-2.2,606,6.2,610,6.3,628,6.5,13172762,11.8,5436961,29.5,210799,117.3,46,5.2
"40009","1","10","71","0","2017","4","",8,53,49,51,631118,0,0,952,"",1.61,0.27,0.25,0.26,0.18,0.00,0.00,0.72,"",0,0.0,1,1.9,0,0.0,-2,-3.8,10422,1.7,0,0.0,0,0.0,22,2.4
"40009","2","10","71","0","2017","4","",11,353,342,349,3058925,37772,55,676,"",1.89,1.06,1.04,1.06,0.75,0.12,0.11,0.71,"",0,0.0,-13,-3.6,-20,-5.5,-21,-5.7,2015,0.1,4037,12.0,1,1.9,34,5.3
"40009","3","10","71","0","2017","4","",33,957,961,962,8181002,183727,1703,656,"",2.34,0.93,0.94,0.94,0.76,0.39,0.83,0.81,"",-1,-2.9,21,2.2,16,1.7,12,1.3,243279,3.1,-5773,-3.0,-25,-1.4,9,1.4
"40009","5","10","71","0","2017","4","",777,9013,8920,8960,112888339,23617911,388764,969,"",0.97,1.02,1.02,1.02,1.06,1.02,1.00,1.04,"",-18,-2.3,597,7.1,614,7.4,639,7.7,12917046,12.9,5438697,29.9,210823,118.5,48,5.2
"40011","0","10","70","0","2017","4","",320,3318,3285,3118,34794906,4724725,40828,826,"",1.00,1.00,1.00,1.00,1.00,1.00,1.00,1.00,"",-8,-2.4,285,9.4,345,11.7,181,6.2,6375902,22.4,546667,13.1,1592,4.1,90,12.2
"40011","1","10","71","0","2017","4","",13,57,50,53,680971,0,0,982,"",6.77,0.89,0.80,0.88,0.71,0.00,0.00,0.83,"",0,0.0,9,18.8,1,2.0,2,3.9,52869,8.4,0,0.0,0,0.0,3,0.3
"40011","2","10","71","0","2017","4","",10,89,87,81,617706,40209,402,555,"",4.46,0.84,0.83,0.81,0.54,0.67,7.47,0.66,"",0,0.0,-4,-4.3,-5,-5.4,-9,-10.0,5358,0.9,-1090,-2.6,-10,-2.4,41,8.0
"40011","3","10","71","0","2017","4","",34,608,616,637,4771723,303055,3024,592,"",6.25,1.85,1.89,2.06,1.59,3.24,14.07,0.83,"",-1,-2.9,-68,-10.1,-62,-9.1,-62,-8.9,23191,0.5,28716,10.5,280,10.2,58,10.9
"40011","5","10","71","0","2017","4","",263,2564,2532,2347,28724506,4381461,37402,891,"",0.85,0.91,0.91,0.89,0.97,0.96,0.92,1.07,"",-7,-2.6,348,15.7,411,19.4,250,11.9,6294484,28.1,519041,13.4,1322,3.7,86,10.7
"40013","0","10","70","0","2017","4","",946,17758,17625,17922,178821800,32483950,176127,774,"",1.00,1.00,1.00,1.00,1.00,1.00,1.00,1.00,"",61,6.9,973,5.8,730,4.3,948,5.6,20269179,12.8,1375240,4.4,-2139,-1.2,52,7.2
"40013","1","10","71","0","2017","4","",19,84,83,87,1262555,0,0,1147,"",3.35,0.25,0.25,0.25,0.26,0.00,0.00,1.04,"",-1,-5.0,-8,-8.7,-10,-10.8,-6,-6.5,346,0.0,0,0.0,0,0.0,99,9.4
"40013","2","10","71","0","2017","4","",13,719,718,751,6926567,906341,23,731,"",1.96,1.26,1.27,1.31,1.19,2.20,0.10,0.93,"",0,0.0,5,0.7,4,0.6,39,5.5,180079,2.7,177625,24.4,1,4.5,3,0.4
"40013","3","10","71","0","2017","4","",50,6775,6819,6958,75836583,10090354,7032,852,"",3.11,3.85,3.90,3.92,4.93,15.69,7.59,1.27,"",-1,-2.0,419,6.6,308,4.7,432,6.6,9657870,14.6,71100,0.7,825,13.3,64,8.1
"40013","5","10","71","0","2017","4","",864,10180,10005,10126,94796095,21487255,169072,722,"",0.94,0.67,0.67,0.66,0.62,0.68,0.97,0.93,"",63,7.9,557,5.8,428,4.5,483,5.0,10430884,12.4,1126515,5.5,-2965,-1.7,47,7.0
"40015","0","10","70","0","2017","4","",605,7751,8060,8020,81565000,14916959,297235,790,"",1.00,1.00,1.00,1.00,1.00,1.00,1.00,1.00,"",11,1.9,308,4.1,610,8.2,608,8.2,9212647,12.7,2388960,19.1,143869,93.8,41,5.5
"40015","1","10","71","0","2017","4","",21,532,531,537,8176433,0,0,1179,"",5.79,3.57,3.44,3.48,3.65,0.00,0.00,1.04,"",0,0.0,-4,-0.7,3,0.6,2,0.4,294209,3.7,0,0.0,0,0.0,41,3.6
"40015","2","10","71","0","2017","4","",11,132,130,132,1126347,26175,262,660,"",2.59,0.53,0.50,0.52,0.42,0.14,0.67,0.82,"",0,0.0,0,0.0,0,0.0,4,3.1,-13066,-1.1,-1146,-4.2,-12,-4.4,-14,-2.1
"40015","3","10","71","0","2017","4","",71,2072,2103,2098,15904839,2246050,30748,585,"",6.90,2.70,2.63,2.64,2.27,7.61,19.66,0.85,"",0,0.0,-102,-4.7,-60,-2.8,-66,-3.0,-59833,-0.4,-534756,-19.2,-15959,-34.2,18,3.2
"40015","5","10","71","0","2017","4","",502,5015,5296,5253,56357381,12644734,266225,836,"",0.86,0.76,0.77,0.77,0.81,0.88,0.90,1.05,"",11,2.2,414,9.0,667,14.4,668,14.6,8991337,19.0,2924862,30.1,159840,150.2,45,5.7
"40017","0","10","70","0","2017","4","",3097,34994,35265,35727,389643197,71841204,968703,848,"",1.00,1.00,1.00,1.00,1.00,1.00,1.00,1.00,"",105,3.5,2461,7.6,2838,8.8,3125,9.6,63885181,19.6,15923647,28.5,487144,101.2,77,10.0
"40017","1","10","71","0","2017","4","",26,583,585,586,9058003,0,0,1192,"",1.40,0.87,0.87,0.85,0.85,0.00,0.00,0.98,"",1,4.0,-4,-0.7,3,0.5,-1,-0.2,140611,1.6,0,0.0,0,0.0,20,1.7
"40017","2","10","71","0","2017","4","",14,527,516,520,4730806,443683,63,698,"",0.65,0.47,0.46,0.46,0.37,0.49,0.05,0.81,"",0,0.0,-72,-12.0,-87,-14.4,-83,-13.8,27620,0.6,-31682,-6.7,7,12.5,97,16.1
"40017","3","10","71","0","2017","4","",52,5379,5511,5594,50613486,1773873,32219,709,"",0.99,1.55,1.57,1.58,1.51,1.25,6.32,0.96,"",0,0.0,-88,-1.6,59,1.1,143,2.6,1280921,2.6,-99903,-5.3,991,3.2,14,2.0
"40017","5","10","71","0","2017","4","",3005,28505,28653,29027,325240902,69623648,936421,871,"",1.00,0.96,0.96,0.96,0.98,1.00,0.97,1.02,"",104,3.6,2625,10.1,2863,11.1,3066,11.8,62436029,23.8,16055232,30.0,486146,108.0,90,11.5
"40019","0","10","70","0","2017","4","",1750,23889,24022,24117,253467578,41727949,373990,812,"",1.00,1.00,1.00,1.00,1.00,1.00,1.00,1.00,"",2,0.1,-312,-1.3,-231,-1.0,119,0.5,6781479,2.7,710426,1.7,-33218,-8.2,26,3.3
"40019","1","10","71","0","2017","4","",16,100,101,104,1680873,0,0,1272,"",1.52,0.22,0.22,0.22,0.24,0.00,0.00,1.10,"",0,0.0,-8,-7.4,-5,-4.7,-2,-1.9,33355,2.0,0,0.0,0,0.0,84,7.1
"40019","2","10","71","0","2017","4","",18,766,745,745,6344465,155717,1434,649,"",1.47,1.00,0.97,0.97,0.77,0.29,2.91,0.78,"",0,0.0,-32,-4.0,-48,-6.1,-52,-6.5,-225038,-3.4,-2273,-1.4,-54,-3.6,14,2.2
"40019","3","10","71","0","2017","4","",67,2592,2603,2616,23373973,1416808,8757,691,"",2.25,1.10,1.09,1.10,1.07,1.72,4.45,0.98,"",0,0.0,43,1.7,36,1.4,38,1.5,571217,2.5,-98677,-6.5,-1624,-15.6,7,1.0
"40019","5","10","71","0","2017","4","",1649,20431,20573,20652,222068267,40155424,363799,831,"",0.97,1.01,1.01,1.01,1.03,0.99,0.98,1.02,"",2,0.1,-315,-1.5,-214,-1.0,135,0.7,6401945,3.0,811376,2.1,-31540,-8.0,29,3.6
"40021","0","10","70","0","2017","4","",774,15644,15577,15301,140049252,20640174,149741,695,"",1.00,1.00,1.00,1.00,1.00,1.00,1.00,1.00,"",9,1.2,278,1.8,269,1.8,96,0.6,2157324,1.6,-34666,-0.2,410,0.3,1,0.1
"40021","1","10","71","0","2017","4","",12,209,205,204,3459208,0,0,1292,"",2.58,0.69,0.69,0.69,0.90,0.00,0.00,1.30,"",0,0.0,-6,-2.8,-18,-8.1,-16,-7.3,-94489,-2.7,0,0.0,0,0.0,46,3.7
"40021","2","10","71","0","2017","4","",14,1526,1528,1604,10384740,1200390,355,514,"",2.58,3.04,3.06,3.29,2.27,4.58,1.80,0.73,"",0,0.0,411,36.9,416,37.4,505,46.0,-478509,-4.4,76219,6.8,-30,-7.8,-240,-31.8
"40021","3","10","71","0","2017","4","",49,6877,6892,6539,77703520,4882246,34401,883,"",3.72,4.44,4.46,4.32,6.45,11.95,43.65,1.46,"",-1,-2.0,34,0.5,22,0.3,-303,-4.4,2311773,3.1,-89773,-1.8,6734,24.3,37,4.4
"40021","5","10","71","0","2017","4","",699,7032,6952,6954,48501784,14557538,114985,535,"",0.93,0.53,0.53,0.53,0.41,0.73,0.77,0.77,"",10,1.5,-161,-2.2,-151,-2.1,-90,-1.3,418549,0.9,-21112,-0.1,-6294,-5.2,15,2.9
"40023","0","10","70","0","2017","4","",351,4177,4211,4249,34477366,6704619,61251,630,"",1.00,1.00,1.00,1.00,1.00,1.00,1.00,1.00,"",7,2.0,106,2.6,28,0.7,36,0.9,1246661,3.8,-450247,-6.3,-9626,-13.6,15,2.4
"40023","1","10","71","0","2017","4","",11,42,42,38,494823,0,0,936,"",5.23,0.52,0.52,0.46,0.52,0.00,0.00,1.04,"",0,0.0,1,2.4,5,13.5,-2,-5.0,51077,11.5,0,0.0,0,0.0,68,7.8
"40023","2","10","71","0","2017","4","",10,75,74,73,651960,751,8,678,"",4.07,0.56,0.55,0.54,0.58,0.01,0.10,1.06,"",0,0.0,0,0.0,-2,-2.6,-3,-3.9,20040,3.2,143,23.5,2,33.3,36,5.6
"40023","3","10","71","0","2017","4","",35,1306,1302,1333,11067264,1240470,5346,648,"",5.87,3.16,3.11,3.17,3.73,9.35,16.58,1.19,"",1,2.9,53,4.2,31,2.4,55,4.3,618426,5.9,-193131,-13.5,-1783,-25.0,14,2.2
"40023","5","10","71","0","2017","4","",295,2754,2793,2805,22263319,5463398,55897,615,"",0.87,0.78,0.78,0.78,0.76,0.84,0.92,0.97,"",6,2.1,52,1.9,-6,-0.2,-14,-0.5,557118,2.6,-257259,-4.5,-7845,-12.3,13,2.2
"40025","0","10","70","0","2017","4","",96,745,735,739,6186249,864891,4240,643,"",1.00,1.00,1.00,1.00,1.00,1.00,1.00,1.00,"",0,0.0,-8,-1.1,-4,-0.5,-10,-1.3,98253,1.6,-233048,-21.2,-2673,-38.7,16,2.6
"40025","1","10","71","0","2017","4","",7,17,14,14,148898,0,0,764,"",12.16,1.19,1.00,0.98,0.88,0.00,0.00,0.83,"",0,0.0,4,30.8,-2,-12.5,-3,-17.6,13845,10.3,0,0.0,0,0.0,86,12.7
"40025","2","10","71","0","2017","4","",4,18,18,18,139461,2763,28,596,"",5.95,0.75,0.76,0.76,0.69,0.25,5.01,0.91,"",0,0.0,1,5.9,1,5.9,1,5.9,2255,1.6,665,31.7,7,33.3,-25,-4.0
"40025","3","10","71","0","2017","4","",17,244,238,235,1567800,67056,668,505,"",10.42,3.31,3.26,3.21,2.95,3.92,29.94,0.91,"",1,6.2,2,0.8,-1,-0.4,-6,-2.5,4748,0.3,-92588,-58.0,-928,-58.1,5,1.0
"40025","5","10","71","0","2017","4","",68,466,465,472,4330090,795072,3544,712,"",0.73,0.74,0.74,0.75,0.82,0.95,0.84,1.10,"",-1,-1.4,-15,-3.1,-2,-0.4,-2,-0.4,77405,1.8,-141125,-15.1,-1752,-33.1,22,3.2
"40027","0","10","70","0","2017","4","",5865,82263,82632,82076,822801615,133034362,982996,769,"",1.00,1.00,1.00,1.00,1.00,1.00,1.00,1.00,"",222,3.9,1406,1.7,1274,1.6,1596,2.0,18049569,2.2,10175828,8.3,130075,15.3,4,0.5
"40027","1","10","71","0","2017","4","",19,719,709,706,13162867,0,0,1423,"",0.54,0.45,0.45,0.45,0.58,0.00,0.00,1.29,"",0,0.0,35,5.1,26,3.8,9,1.3,183786,1.4,0,0.0,0,0.0,-28,-1.9
"40027","2","10","71","0","2017","4","",24,9028,8895,8786,129539713,6551780,3896,1119,"",0.58,3.42,3.36,3.36,4.82,3.88,3.01,1.43,"",1,4.3,139,1.6,47,0.5,32,0.4,1914945,1.5,831601,14.5,23,0.6,7,0.6
"40027","3","10","71","0","2017","4","",67,12570,12580,12299,134469420,2466877,6751,829,"",0.67,1.54,1.53,1.51,1.90,0.94,1.30,1.24,"",0,0.0,-14,-0.1,-76,-0.6,-26,-0.2,-3172179,-2.3,329786,15.4,1922,39.8,-17,-2.0
"40027","5","10","71","0","2017","4","",5755,59946,60448,60285,545629615,124015705,972349,697,"",1.01,0.86,0.86,0.86,0.78,0.96,1.00,0.90,"",221,4.0,1246,2.1,1277,2.2,1581,2.7,19123017,3.6,9014441,7.8,128130,15.2,9,1.3
"40029","0","10","70","0","2017","4","",106,1143,1147,1185,9162875,1968294,22852,608,"",1.00,1.00,1.00,1.00,1.00,1.00,1.00,1.00,"",-6,-5.4,-40,-3.4,-30,-2.5,2,0.2,300403,3.4,-137754,-6.5,2927,14.7,31,5.4
"40029","1","10","71","0","2017","4","",4,14,16,15,173593,0,0,890,"",6.29,0.64,0.73,0.66,0.69,0.00,0.00,1.02,"",0,0.0,-2,-12.5,2,14.3,1,7.1,10371,6.4,0,0.0,0,0.0,34,4.0
"40029","2","10","71","0","2017","4","",7,37,37,37,324013,427,4,674,"",9.42,1.01,1.01,0.98,1.08,0.02,0.13,1.09,"",0,0.0,-8,-17.8,-6,-14.0,-6,-14.0,-36835,-10.2,81,23.4,1,33.3,38,6.0
"40029","3","10","71","0","2017","4","",16,341,339,343,2123189,297921,2975,479,"",8.88,3.01,2.98,2.92,2.69,7.65,24.74,0.91,"",0,0.0,-1,-0.3,-10,-2.9,-2,-0.6,-20432,-1.0,51716,21.0,516,21.0,2,0.4
"40029","5","10","71","0","2017","4","",79,751,755,790,6542080,1669946,19873,658,"",0.77,0.77,0.77,0.78,0.84,0.88,0.88,1.08,"",-6,-7.1,-29,-3.7,-16,-2.1,9,1.2,347299,5.6,-189551,-10.2,2410,13.8,45,7.3
"40031","0","10","70","0","2017","4","",2382,41838,41923,41809,399013095,56906568,500185,733,"",1.00,1.00,1.00,1.00,1.00,1.00,1.00,1.00,"",-14,-0.6,-1078,-2.5,-1324,-3.1,-1259,-2.9,1456016,0.4,-4289936,-7.0,-82859,-14.2,23,3.2
"40031","1","10","71","0","2017","4","",50,3791,3776,3769,53454397,0,0,1088,"",3.50,4.71,4.71,4.68,4.87,0.00,0.00,1.04,"",0,0.0,-142,-3.6,-171,-4.3,-174,-4.4,-1439978,-2.6,0,0.0,0,0.0,17,1.6
"40031","2","10","71","0","2017","4","",17,1508,1522,1510,11690176,1369655,57,594,"",1.02,1.12,1.13,1.13,0.90,1.90,0.09,0.79,"",0,0.0,-68,-4.3,-59,-3.7,-44,-2.8,-484311,-4.0,112307,8.9,4,7.5,-2,-0.3
"40031","3","10","71","0","2017","4","",68,8454,8489,8365,76448310,3174420,26959,697,"",1.68,2.04,2.04,2.02,2.23,2.82,10.24,1.10,"",0,0.0,-27,-0.3,-69,-0.8,-55,-0.7,849942,1.1,-131732,-4.0,-3803,-12.4,12,1.8
"40031","5","10","71","0","2017","4","",2247,28085,28136,28165,257420212,52362493,473169,704,"",0.97,0.79,0.79,0.79,0.76,0.95,0.95,0.96,"",-14,-0.6,-841,-2.9,-1025,-3.5,-986,-3.4,2530363,1.0,-4270511,-7.5,-79060,-14.3,30,4.5
"40033","0","10","70","0","2017","4","",107,1736,1763,1783,16231579,4016295,35532,709,"",1.00,1.00,1.00,1.00,1.00,1.00,1.00,1.00,"",2,1.9,281,19.3,305,20.9,314,21.4,4314720,36.2,2018420,101.0,13191,59.0,81,12.9
"40033","1","10","71","0","2017","4","",7,24,24,23,280022,0,0,910,"",10.91,0.72,0.71,0.67,0.63,0.00,0.00,0.90,"",0,0.0,-1,-4.0,-5,-17.2,-6,-20.7,20476,7.9,0,0.0,0,0.0,188,26.0
"40033","2","10","71","0","2017","4","",9,42,43,44,379283,327,3,679,"",12.00,0.75,0.76,0.77,0.72,0.01,0.06,0.94,"",0,0.0,-6,-12.5,-5,-10.4,-4,-8.3,-58711,-13.4,-743,-69.4,-8,-72.7,-23,-3.3
"40033","3","10","71","0","2017","4","",16,867,888,896,7130677,1248995,16091,621,"",8.80,5.04,5.07,5.08,5.11,15.71,86.05,1.01,"",0,0.0,-19,-2.1,-7,-0.8,-1,-0.1,165125,2.4,4181,0.3,1631,11.3,21,3.5
"40033","5","10","71","0","2017","4","",75,803,808,820,8441597,2766973,19438,801,"",0.72,0.54,0.54,0.54,0.61,0.71,0.55,1.12,"",2,2.7,307,61.9,322,66.3,325,65.7,4187830,98.4,2014982,268.0,11568,147.0,136,20.5
"40035","0","10","70","0","2017","4","",422,5490,5450,5440,47970144,8807771,71650,676,"",1.00,1.00,1.00,1.00,1.00,1.00,1.00,1.00,"",3,0.7,148,2.8,127,2.4,87,1.6,1699210,3.7,1082246,14.0,11957,20.0,9,1.3
"40035","1","10","71","0","2017","4","",9,54,56,54,707689,0,0,996,"",3.56,0.51,0.54,0.52,0.54,0.00,0.00,1.03,"",0,0.0,-1,-1.8,3,5.7,-3,-5.3,14945,2.2,0,0.0,0,0.0,27,2.8
"40035","2","10","71","0","2017","4","",17,690,692,689,7479175,62618,626,833,"",5.75,3.92,3.96,3.97,4.78,0.56,6.63,1.21,"",0,0.0,7,1.0,6,0.9,-3,-0.4,54632,0.7,-7826,-11.1,-79,-11.2,2,0.2
"40035","3","10","71","0","2017","4","",32,802,810,805,6860371,1287362,5255,655,"",4.46,1.47,1.50,1.50,1.66,7.38,13.94,1.12,"",0,0.0,-65,-7.5,-40,-4.7,-27,-3.2,265340,4.0,245905,23.6,-867,-14.2,58,9.7
"40035","5","10","71","0","2017","4","",364,3944,3892,3892,32922909,7457791,65769,648,"",0.89,0.85,0.84,0.84,0.80,0.88,0.92,0.95,"",3,0.8,207,5.5,158,4.2,120,3.2,1364293,4.3,844167,12.8,12903,24.4,0,0.0
"40037","0","10","70","0","2017","4","",1493,18031,18032,18121,191731483,29098875,334957,817,"",1.00,1.00,1.00,1.00,1.00,1.00,1.00,1.00,"",41,2.8,-94,-0.5,-137,-0.8,-69,-0.4,4885846,2.6,1122117,4.0,72096,27.4,26,3.3
"40037","1","10","71","0","2017","4","",15,303,298,299,5750682,0,0,1475,"",1.68,0.87,0.86,0.86,1.09,0.00,0.00,1.26,"",0,0.0,26,9.4,25,9.2,22,7.9,571709,11.0,0,0.0,0,0.0,30,2.1
"40037","2","10","71","0","2017","4","",12,260,252,252,2362456,5394,54,714,"",1.15,0.45,0.44,0.44,0.38,0.01,0.12,0.86,"",0,0.0,-9,-3.3,-15,-5.6,-19,-7.0,-150599,-6.0,745,16.0,7,14.9,-5,-0.7
"40037","3","10","71","0","2017","4","",64,2707,2726,2748,22015244,1144489,6920,621,"",2.52,1.52,1.52,1.53,1.34,1.99,3.93,0.88,"",-2,-3.0,-106,-3.8,-122,-4.3,-106,-3.7,-1353497,-5.8,-201269,-15.0,-1910,-21.6,-12,-1.9
"40037","5","10","71","0","2017","4","",1402,14761,14756,14822,161603101,27948992,327983,841,"",0.97,0.96,0.96,0.96,0.99,0.99,0.99,1.02,"",43,3.2,-5,0.0,-25,-0.2,34,0.2,5818233,3.7,1322641,5.0,73999,29.1,30,3.7
"40039","0","10","70","0","2017","4","",986,12815,12837,12921,147388629,22852503,174802,882,"",1.00,1.00,1.00,1.00,1.00,1.00,1.00,1.00,"",-6,-0.6,650,5.3,497,4.0,529,4.3,23550414,19.0,3482579,18.0,51960,42.3,107,13.8
"40039","1","10","71","0","2017","4","",12,205,208,209,3016354,0,0,1119,"",2.03,0.83,0.85,0.84,0.74,0.00,0.00,0.89,"",0,0.0,17,9.0,11,5.6,5,2.5,196100,7.0,0,0.0,0,0.0,14,1.3
"40039","2","10","71","0","2017","4","",14,1001,988,1035,10993050,776724,16,839,"",2.03,2.43,2.40,2.51,2.28,2.68,0.07,0.93,"",-1,-6.7,-34,-3.3,-45,-4.4,-38,-3.5,527238,5.0,81720,11.8,-126,-88.7,70,9.1
"40039","3","10","71","0","2017","4","",52,1450,1426,1415,11408901,499996,4993,614,"",3.10,1.14,1.12,1.11,0.90,1.11,5.43,0.80,"",0,0.0,-4,-0.3,-26,-1.8,-30,-2.1,18575,0.2,60489,13.8,602,13.7,10,1.7
"40039","5","10","71","0","2017","4","",908,10159,10215,10262,121970324,21575783,169793,919,"",0.95,0.93,0.94,0.93,0.97,0.98,0.98,1.04,"",-5,-0.5,671,7.1,557,5.8,592,6.1,22808501,23.0,3340370,18.3,51484,43.5,125,15.7
"40041","0","10","70","0","2017","4","",826,9271,9196,9188,76449695,16262350,158100,638,"",1.00,1.00,1.00,1.00,1.00,1.00,1.00,1.00,"",39,5.0,400,4.5,209,2.3,165,1.8,5288591,7.4,1419205,9.6,-14706,-8.5,27,4.4
"40041","1","10","71","0","2017","4","",9,79,81,79,1129620,0,0,1091,"",1.82,0.44,0.46,0.45,0.54,0.00,0.00,1.20,"",0,0.0,5,6.8,7,9.5,6,8.2,69999,6.6,0,0.0,0,0.0,-15,-1.4
"40041","2","10","71","0","2017","4","",12,125,123,122,1101190,17628,177,687,"",2.07,0.42,0.42,0.42,0.44,0.09,0.85,1.06,"",0,0.0,-7,-5.3,-1,-0.8,-2,-1.6,-33859,-3.0,1341,8.2,13,7.9,-2,-0.3
"40041","3","10","71","0","2017","4","",44,2500,2501,2518,20614457,2215943,24536,633,"",3.13,2.72,2.74,2.77,3.14,6.88,29.49,1.14,"",1,2.3,115,4.8,63,2.6,3,0.1,1189300,6.1,168400,8.2,2310,10.4,22,3.6
"40041","5","10","71","0","2017","4","",761,6567,6491,6469,53604428,14028779,133387,633,"",0.95,0.83,0.83,0.83,0.82,0.89,0.85,0.99,"",38,5.3,287,4.6,140,2.2,158,2.5,4063151,8.2,1249464,9.8,-17029,-11.3,29,4.8
"40043","0","10","70","0","2017","4","",187,1585,1662,1666,20410557,2641467,27181,959,"",1.00,1.00,1.00,1.00,1.00,1.00,1.00,1.00,"",-1,-0.5,-175,-9.9,-2,-0.1,70,4.4,1257176,6.6,-367613,-12.2,-39996,-59.5,79,9.0
"40043","1","10","71","0","2017","4","",8,31,28,27,289928,0,0,778,"",7.13,1.02,0.88,0.84,0.52,0.00,0.00,0.57,"",0,0.0,-2,-6.1,2,7.7,-3,-10.0,18108,6.7,0,0.0,0,0.0,73,10.4
"40043","2","10","71","0","2017","4","",7,21,21,21,174168,0,0,638,"",5.34,0.41,0.39,0.40,0.26,0.00,0.00,0.65,"",0,0.0,-1,-4.5,0,0.0,0,0.0,-4394,-2.5,0,0.0,0,0.0,-6,-0.9
"40043","3","10","71","0","2017","4","",20,397,420,399,3135794,308128,3077,595,"",6.29,2.53,2.54,2.42,1.79,5.89,21.51,0.72,"",0,0.0,-16,-3.9,22,5.5,-23,-5.5,36254,1.2,51236,19.9,512,20.0,15,2.6
"40043","5","10","71","0","2017","4","",152,1136,1193,1219,16810667,2333339,24104,1093,"",0.84,0.84,0.84,0.86,0.96,0.91,0.89,1.13,"",-1,-0.7,-156,-12.1,-26,-2.1,96,8.5,1207208,7.7,-418849,-15.2,-40508,-62.7,102,10.3
"40045","0","10","70","0","2017","4","",142,1214,1175,1194,11925070,1679757,19042,768,"",1.00,1.00,1.00,1.00,1.00,1.00,1.00,1.00,"",-2,-1.4,-5,-0.4,-27,-2.2,-6,-0.5,1078957,9.9,-69390,-4.0,3694,24.1,77,11.1
"40045","1","10","71","0","2017","4","",6,23,19,19,202599,0,0,766,"",7.04,0.98,0.84,0.83,0.62,0.00,0.00,0.70,"",0,0.0,0,0.0,0,0.0,-5,-20.8,-13706,-6.3,0,0.0,0,0.0,10,1.3
"40045","2","10","71","0","2017","4","",5,14,14,14,122846,520,5,675,"",5.03,0.36,0.37,0.37,0.32,0.02,0.20,0.86,"",0,0.0,-1,-6.7,-1,-6.7,-1,-6.7,-7861,-6.0,99,23.5,1,25.0,5,0.7
"40045","3","10","71","0","2017","4","",15,340,336,335,2859283,110282,1100,653,"",6.21,2.83,2.88,2.84,2.79,3.32,10.98,0.98,"",0,0.0,-7,-2.0,-5,-1.5,-7,-2.0,-2673,-0.1,19489,21.5,194,21.4,12,1.9
"40045","5","10","71","0","2017","4","",116,837,806,826,8740342,1568955,17937,817,"",0.84,0.81,0.81,0.81,0.86,0.97,0.95,1.06,"",-2,-1.7,3,0.4,-21,-2.5,7,0.9,1103197,14.4,-88978,-5.4,3499,24.2,106,14.9
"40047","0","10","70","0","2017","4","",1749,24329,24418,24459,260955038,41947084,362625,823,"",1.00,1.00,1.00,1.00,1.00,1.00,1.00,1.00,"",-3,-0.2,-2321,-8.7,-2083,-7.9,-1996,-7.5,-43166264,-14.2,-4844009,-10.4,-223425,-38.1,-59,-6.7
"40047","1","10","71","0","2017","4","",33,471,476,482,7457829,0,0,1204,"",3.15,1.01,1.02,1.02,1.04,0.00,0.00,1.02,"",0,0.0,-19,-3.9,-16,-3.3,-16,-3.2,9015,0.1,0,0.0,0,0.0,43,3.7
"40047","2","10","71","0","2017","4","",16,506,509,512,5200965,223320,41,786,"",1.31,0.65,0.65,0.66,0.61,0.42,0.09,0.94,"",-1,-5.9,-2,-0.4,1,0.2,4,0.8,137635,2.7,10960,5.2,10,32.3,19,2.5
"40047","3","10","71","0","2017","4","",50,2632,2639,2636,21812762,269401,2026,637,"",1.68,1.09,1.09,1.09,0.97,0.32,1.06,0.89,"",0,0.0,-10,-0.4,-35,-1.3,-10,-0.4,-363435,-1.6,-3772,-1.4,-114,-5.3,-6,-0.9
"40047","5","10","71","0","2017","4","",1650,20720,20794,20829,226483482,41454363,360558,838,"",0.97,1.00,1.00,1.00,1.02,1.02,1.00,1.01,"",-2,-0.1,-2290,-10.0,-2033,-8.9,-1974,-8.7,-42949479,-15.9,-4851197,-10.5,-223321,-38.2,-68,-7.5
"40049","0","10","70","0","2017","4","",813,9763,9887,9789,113091191,19806037,180324,887,"",1.00,1.00,1.00,1.00,1.00,1.00,1.00,1.00,"",52,6.8,115,1.2,-84,-0.8,-70,-0.7,10002127,9.7,1858643,10.4,61318,51.5,80,9.9
"40049","1","10","71","0","2017","4","",12,81,82,81,1000065,0,0,946,"",2.46,0.43,0.43,0.43,0.32,0.00,0.00,0.75,"",-1,-7.7,-2,-2.4,5,6.5,5,6.6,66537,7.1,0,0.0,0,0.0,33,3.6
"40049","2","10","71","0","2017","4","",8,105,104,106,1013480,1175,12,742,"",1.40,0.34,0.33,0.34,0.27,0.00,0.05,0.82,"",-1,-11.1,-147,-58.3,-147,-58.6,-143,-57.4,-1679961,-62.4,222,23.3,2,20.0,-85,-10.3
"40049","3","10","71","0","2017","4","",42,1369,1491,1461,10583844,864151,8232,565,"",3.04,1.42,1.52,1.51,1.09,2.20,8.67,0.73,"",0,0.0,37,2.8,30,2.1,8,0.6,167096,1.6,-80810,-8.6,-813,-9.0,-1,-0.2
"40049","5","10","71","0","2017","4","",751,8208,8210,8141,100493802,18940711,172080,944,"",0.95,0.99,0.98,0.98,1.04,0.99,0.96,1.06,"",54,7.7,227,2.8,28,0.3,60,0.7,11448455,12.9,1939231,11.4,62129,56.5,96,11.3
"40051","0","10","70","0","2017","4","",1162,12779,12860,12900,121862222,22000706,250576,730,"",1.00,1.00,1.00,1.00,1.00,1.00,1.00,1.00,"",20,1.8,420,3.4,419,3.4,625,5.1,9178263,8.1,3188376,16.9,93501,59.5,29,4.1
"40051","1","10","71","0","2017","4","",14,89,91,89,1278135,0,0,1096,"",2.01,0.36,0.37,0.36,0.38,0.00,0.00,1.05,"",0,0.0,-2,-2.2,-1,-1.1,-1,-1.1,36812,3.0,0,0.0,0,0.0,47,4.5
"40051","2","10","71","0","2017","4","",14,538,537,526,3496227,384197,23,504,"",1.72,1.31,1.30,1.28,0.88,1.38,0.07,0.68,"",0,0.0,-8,-1.5,-5,-0.9,-4,-0.8,-106465,-3.0,38870,11.3,-5,-17.9,-10,-1.9
"40051","3","10","71","0","2017","4","",53,2181,2202,2203,19324019,659828,6668,677,"",2.68,1.72,1.72,1.73,1.84,1.52,5.06,1.07,"",1,1.9,-35,-1.6,-34,-1.5,111,5.3,533284,2.8,-17950,-2.6,-112,-1.7,14,2.1
"40051","5","10","71","0","2017","4","",1081,9971,10030,10082,97763841,20956681,243885,750,"",0.96,0.92,0.92,0.92,0.94,0.98,0.98,1.02,"",19,1.8,465,4.9,459,4.8,519,5.4,8714632,9.8,3167456,17.8,93618,62.3,32,4.5
"40053","0","10","70","0","2017","4","",170,1417,1389,1409,17458255,2353834,32048,956,"",1.00,1.00,1.00,1.00,1.00,1.00,1.00,1.00,"",-6,-3.4,-114,-7.4,-119,-7.9,-96,-6.4,-225306,-1.3,-504600,-17.7,205,0.6,58,6.5
"40053","1","10","71","0","2017","4","",8,28,28,25,285189,0,0,813,"",7.85,1.03,1.05,0.92,0.59,0.00,0.00,0.59,"",0,0.0,3,12.0,3,12.0,-5,-16.7,23436,9.0,0,0.0,0,0.0,58,7.7
"40053","2","10","71","0","2017","4","",6,17,17,17,149364,0,0,676,"",5.04,0.37,0.38,0.38,0.26,0.00,0.00,0.69,"",0,0.0,-1,-5.6,-1,-5.6,-1,-5.6,-1752,-1.2,0,0.0,0,0.0,30,4.6
"40053","3","10","71","0","2017","4","",19,306,297,299,2556344,95786,954,654,"",6.58,2.18,2.15,2.14,1.70,2.06,5.66,0.79,"",0,0.0,-6,-1.9,-12,-3.9,-26,-8.0,-25492,-1.0,-52997,-35.6,-530,-35.7,24,3.8
"40053","5","10","71","0","2017","4","",137,1066,1047,1068,14467358,2258048,31094,1050,"",0.83,0.89,0.89,0.89,0.97,0.99,0.98,1.09,"",-6,-4.2,-110,-9.4,-109,-9.4,-64,-5.7,-221498,-1.5,-451603,-16.7,735,2.4,71,7.3
"40055","0","10","70","0","2017","4","",115,1131,1081,1083,8757461,1597773,16501,613,"",1.00,1.00,1.00,1.00,1.00,1.00,1.00,1.00,"",-1,-0.9,-19,-1.7,-54,-4.8,-63,-5.5,-275957,-3.1,83353,5.5,6810,70.3,5,0.8
"40055","1","10","71","0","2017","4","",5,28,24,24,284835,0,0,865,"",7.25,1.29,1.16,1.15,1.18,0.00,0.00,0.99,"",0,0.0,1,3.7,-1,-4.0,-4,-14.3,4862,1.7,0,0.0,0,0.0,57,7.1
"40055","2","10","71","0","2017","4","",14,261,244,250,2278771,121175,1211,697,"",17.37,7.19,7.05,7.24,7.97,5.97,55.68,1.11,"",0,0.0,40,18.1,31,14.6,37,17.4,-25276,-1.1,-17792,-12.8,-178,-12.8,-125,-15.2
"40055","3","10","71","0","2017","4","",24,303,299,287,2109866,116439,1162,548,"",12.28,2.70,2.79,2.68,2.80,3.68,13.38,1.03,"",1,4.3,15,5.2,10,3.5,0,0.0,45254,2.2,-49996,-30.0,-500,-30.1,-3,-0.5
"40055","5","10","71","0","2017","4","",72,539,514,522,4083989,1360159,14128,598,"",0.65,0.56,0.56,0.57,0.55,0.88,0.86,0.97,"",-2,-2.7,-75,-12.2,-94,-15.5,-96,-15.5,-300797,-6.9,151141,12.5,7488,112.8,48,8.7
"40057","0","10","70","0","2017","4","",72,607,641,638,5463893,1149849,8961,669,"",1.00,1.00,1.00,1.00,1.00,1.00,1.00,1.00,"",-1,-1.4,-60,-9.0,-34,-5.0,-40,-5.9,-364893,-6.3,34573,3.1,2101,30.6,3,0.5
"40057","1","10","71","0","2017","4","",5,20,21,21,264400,0,0,984,"",11.58,1.71,1.71,1.71,1.76,0.00,0.00,1.03,"",0,0.0,2,11.1,1,5.0,-1,-4.5,26592,11.2,0,0.0,0,0.0,69,7.5
"40057","2","10","71","0","2017","4","",6,23,23,23,190312,482,5,636,"",11.89,1.18,1.12,1.13,1.07,0.03,0.42,0.93,"",0,0.0,-1,-4.2,-1,-4.2,-1,-4.2,-6288,-3.2,91,23.3,1,25.0,6,1.0
"40057","3","10","71","0","2017","4","",9,250,255,246,1745488,401129,4010,536,"",7.35,4.16,4.01,3.90,3.72,17.62,85.03,0.92,"",-1,-10.0,4,1.6,7,2.8,6,2.5,-70565,-3.9,54263,15.6,542,15.6,-35,-6.1
"40057","5","10","71","0","2017","4","",52,314,342,348,3263693,748238,4946,750,"",0.74,0.61,0.63,0.64,0.70,0.67,0.56,1.12,"",0,0.0,-65,-17.2,-41,-10.7,-44,-11.2,-314632,-8.8,-19781,-2.6,1558,46.0,34,4.7
"40059","0","10","70","0","2017","4","",144,1093,1096,1093,10306218,1112893,6644,725,"",1.00,1.00,1.00,1.00,1.00,1.00,1.00,1.00,"",-4,-2.7,-70,-6.0,-49,-4.3,-60,-5.2,-250423,-2.4,35702,3.3,1026,18.3,21,3.0
"40059","1","10","71","0","2017","4","",4,22,23,20,244695,0,0,869,"",4.63,1.05,1.10,0.95,0.86,0.00,0.00,0.84,"",0,0.0,-1,-4.3,2,9.5,-1,-4.8,2658,1.1,0,0.0,0,0.0,10,1.2
"40059","2","10","71","0","2017","4","",6,95,95,96,912538,0,0,736,"",5.95,2.71,2.71,2.75,2.71,0.00,0.00,1.00,"N",0,0.0,0,0,0,0,0,0,0,0,0,0,0,0,0,0
"40059","3","10","71","0","2017","4","",14,301,297,295,2016261,138410,1382,521,"",5.72,2.78,2.73,2.73,2.28,6.28,39.52,0.83,"N",-1,-6.7,0,0,0,0,0,0,0,0,0,0,0,0,0,0
"40059","5","10","71","0","2017","4","",120,675,681,682,7132724,974483,5262,808,"",0.86,0.73,0.73,0.73,0.81,0.91,0.80,1.11,"",-3,-2.4,-39,-5.5,-30,-4.2,-35,-4.9,-63781,-0.9,47278,5.1,1140,27.7,33,4.3
"40061","0","10","70","0","2017","4","",249,3492,3446,3423,25552902,5741450,62675,569,"",1.00,1.00,1.00,1.00,1.00,1.00,1.00,1.00,"",-4,-1.6,-36,-1.0,-66,-1.9,-85,-2.4,466887,1.9,137807,2.5,-2398,-3.7,20,3.6
"40061","1","10","71","0","2017","4","",8,52,51,50,665583,0,0,1004,"",5.36,0.77,0.77,0.76,0.95,0.00,0.00,1.23,"",0,0.0,-6,-10.3,-7,-12.1,-6,-10.7,-14278,-2.1,0,0.0,0,0.0,92,10.1
"40061","2","10","71","0","2017","4","",10,67,67,69,520679,16435,164,592,"",5.73,0.60,0.61,0.63,0.62,0.23,1.99,1.02,"",0,0.0,-2,-2.9,-2,-2.9,0,0.0,7889,1.5,-10244,-38.4,-102,-38.3,20,3.5
"40061","3","10","71","0","2017","4","",22,548,554,551,3948339,302190,2752,551,"",5.20,1.58,1.62,1.63,1.80,2.66,8.34,1.12,"",0,0.0,25,4.8,30,5.7,26,5.0,97344,2.5,88877,41.7,621,29.1,-14,-2.5
"40061","5","10","71","0","2017","4","",209,2825,2774,2753,20418301,5422825,59759,564,"",0.87,0.95,0.95,0.95,0.94,0.98,0.96,0.99,"",-4,-1.9,-53,-1.8,-87,-3.0,-105,-3.7,375932,1.9,59174,1.1,-2917,-4.7,26,4.8
"40063","0","10","70","0","2017","4","",280,3081,3075,3102,23171166,5401317,68401,578,"",1.00,1.00,1.00,1.00,1.00,1.00,1.00,1.00,"",8,2.9,30,1.0,3,0.1,-73,-2.3,532316,2.4,114487,2.2,18284,36.5,16,2.8
"40063","1","10","71","0","2017","4","",9,31,32,33,377252,0,0,907,"",5.36,0.52,0.54,0.55,0.59,0.00,0.00,1.10,"",0,0.0,-4,-11.4,-2,-5.9,0,0.0,-6675,-1.7,0,0.0,0,0.0,38,4.4
"40063","2","10","71","0","2017","4","",9,54,51,52,481058,307,3,707,"",4.59,0.55,0.52,0.53,0.64,0.00,0.03,1.20,"",-1,-10.0,-11,-16.9,-14,-21.5,-13,-20.0,-123046,-20.4,-715,-70.0,-7,-70.0,-8,-1.1
"40063","3","10","71","0","2017","4","",40,894,906,903,6985330,854587,12202,596,"",8.40,2.93,2.97,2.94,3.51,7.99,33.90,1.19,"",0,0.0,-52,-5.5,-54,-5.6,-73,-7.5,-376616,-5.1,-154636,-15.3,-763,-5.9,7,1.2
"40063","5","10","71","0","2017","4","",222,2102,2086,2114,15327526,4546423,56196,561,"",0.82,0.80,0.80,0.80,0.77,0.87,0.83,0.97,"",9,4.2,97,4.8,73,3.6,13,0.6,1038653,7.3,269838,6.3,19054,51.3,22,4.1
"40065","0","10","70","0","2017","4","",641,9428,9451,9521,92387853,12624086,112691,751,"",1.00,1.00,1.00,1.00,1.00,1.00,1.00,1.00,"",5,0.8,-219,-2.3,-205,-2.1,-106,-1.1,1811405,2.0,-155776,-1.2,-19668,-14.9,28,3.9
"40065","1","10","71","0","2017","4","",25,1375,1377,1383,20042421,0,0,1119,"",6.50,7.58,7.61,7.54,7.89,0.00,0.00,1.04,"",-2,-7.4,-3,-0.2,-13,-0.9,-18,-1.3,494993,2.5,0,0.0,0,0.0,37,3.4
"40065","2","10","71","0","2017","4","",14,345,341,357,2915104,407134,22,645,"",3.12,1.14,1.13,1.18,0.97,2.54,0.15,0.84,"",0,0.0,-15,-4.2,-13,-3.7,-22,-5.8,-100426,-3.3,-1938,-0.5,0,0.0,8,1.3
"40065","3","10","71","0","2017","4","",48,1860,1853,1849,19640582,196515,921,815,"",4.41,1.99,1.97,1.96,2.47,0.79,1.55,1.25,"",6,14.3,-42,-2.2,-51,-2.7,-43,-2.3,1192663,6.5,131554,202.5,276,42.8,68,9.1
"40065","5","10","71","0","2017","4","",554,5848,5880,5932,49789746,12020437,111748,651,"",0.89,0.73,0.73,0.73,0.63,0.98,1.00,0.86,"",1,0.2,-159,-2.6,-128,-2.1,-23,-0.4,224175,0.5,-285392,-2.3,-19944,-15.1,14,2.2
"40067","0","10","70","0","2017","4","",137,1030,1012,1020,8222236,1787561,16448,620,"",1.00,1.00,1.00,1.00,1.00,1.00,1.00,1.00,"",-1,-0.7,-56,-5.2,-65,-6.0,-48,-4.5,-770662,-8.6,149782,9.1,2742,20.0,-22,-3.4
"40067","1","10","71","0","2017","4","",8,28,25,24,291317,0,0,873,"",9.74,1.41,1.29,1.22,1.29,0.00,0.00,0.98,"",0,0.0,-3,-9.7,-3,-10.7,-4,-14.3,-1926,-0.7,0,0.0,0,0.0,95,12.2
"40067","2","10","71","0","2017","4","",6,25,23,24,206283,334,3,661,"",6.25,0.76,0.71,0.74,0.77,0.01,0.14,1.05,"",0,0.0,1,4.2,-1,-4.2,0,0.0,-23556,-10.2,63,23.2,0,0.0,-76,-10.3
"40067","3","10","71","0","2017","4","",19,295,304,300,2136156,210714,2084,548,"",8.16,2.89,3.03,2.97,3.02,5.95,24.07,1.02,"",0,0.0,-33,-10.1,-39,-11.4,-43,-12.5,-540685,-20.2,-16802,-7.4,-187,-8.2,-61,-10.0
"40067","5","10","71","0","2017","4","",104,682,660,672,5588480,1576513,14361,640,"",0.78,0.78,0.77,0.78,0.80,0.91,0.88,1.03,"",-1,-1.0,-21,-3.0,-22,-3.2,-1,-0.1,-204495,-3.5,166521,11.8,2929,25.6,-10,-1.5
"40069","0","10","70","0","2017","4","",231,4466,4537,4550,31295866,6698909,45164,533,"",1.00,1.00,1.00,1.00,1.00,1.00,1.00,1.00,"",0,0.0,1026,29.8,1086,31.5,1076,31.0,3980287,14.6,1967553,41.6,18693,70.6,-75,-12.3
"40069","1","10","71","0","2017","4","",13,46,46,47,559969,0,0,930,"",9.38,0.54,0.53,0.54,0.65,0.00,0.00,1.22,"",0,0.0,-1,-2.1,3,7.0,0,0.0,44695,8.7,0,0.0,0,0.0,62,7.1
"40069","2","10","71","0","2017","4","",9,322,325,328,2340646,431,4,554,"",5.56,2.25,2.24,2.26,2.29,0.01,0.07,1.02,"",0,0.0,-5,-1.5,-5,-1.5,-5,-1.5,-170326,-6.8,82,23.5,1,33.3,-31,-5.3
"40069","3","10","71","0","2017","4","",36,594,619,616,5572522,349836,2105,703,"",9.17,1.34,1.37,1.37,2.07,2.64,8.86,1.52,"",2,5.9,36,6.5,58,10.3,48,8.5,828154,17.5,-13752,-3.8,-300,-12.5,54,8.3
"40069","5","10","71","0","2017","4","",173,3504,3547,3559,22822729,6348642,43055,496,"",0.77,0.92,0.92,0.92,0.85,0.98,0.96,0.93,"",-2,-1.1,996,39.7,1030,40.9,1033,40.9,3277764,16.8,1981223,45.4,18992,78.9,-101,-16.9
"40071","0","10","70","0","2017","4","",1227,18301,18048,17937,195244602,32368409,462047,830,"",1.00,1.00,1.00,1.00,1.00,1.00,1.00,1.00,"",-16,-1.3,962,5.5,685,3.9,580,3.3,15314394,8.5,5654570,21.2,187932,68.6,32,4.0
"40071","1","10","71","0","2017","4","",11,106,106,105,1548776,0,0,1127,"",1.49,0.30,0.31,0.30,0.29,0.00,0.00,0.95,"",0,0.0,-1,-0.9,3,2.9,1,1.0,20277,1.3,0,0.0,0,0.0,4,0.4
"40071","2","10","71","0","2017","4","",13,403,397,403,3542407,364579,67,680,"",1.51,0.69,0.69,0.70,0.56,0.89,0.11,0.80,"",0,0.0,4,1.0,0,0.0,1,0.2,35001,1.0,-33658,-8.5,6,9.8,4,0.6
"40071","3","10","71","0","2017","4","",90,3819,3837,3767,29551073,3398471,48401,597,"",4.32,2.11,2.14,2.12,1.76,5.30,19.90,0.83,"",2,2.3,-27,-0.7,3,0.1,-54,-1.4,-182896,-0.6,-154074,-4.3,919,1.9,0,0.0
"40071","5","10","71","0","2017","4","",1113,13973,13708,13662,160602346,28605359,413579,896,"",0.94,0.90,0.89,0.90,0.96,0.91,0.90,1.07,"",-18,-1.6,986,7.6,679,5.2,632,4.9,15442012,10.6,5842302,25.7,187007,82.5,38,4.4
"40073","0","10","70","0","2017","4","",575,6568,6632,6666,79858681,12121054,142418,928,"",1.00,1.00,1.00,1.00,1.00,1.00,1.00,1.00,"",37,6.9,344,5.5,353,5.6,321,5.1,-3356441,-4.0,2024295,20.0,59190,71.1,-91,-8.9
"40073","1","10","71","0","2017","4","",8,43,45,39,569929,0,0,1036,"",2.32,0.34,0.35,0.30,0.26,0.00,0.00,0.78,"",0,0.0,-6,-12.2,0,0.0,-7,-15.2,12367,2.2,0,0.0,0,0.0,117,12.7
"40073","2","10","71","0","2017","4","",7,46,42,43,364154,738,7,641,"",1.74,0.22,0.20,0.20,0.14,0.00,0.04,0.68,"",0,0.0,-6,-11.5,-11,-20.8,-10,-18.9,-74383,-17.0,140,23.4,1,16.7,0,0.0
"40073","3","10","71","0","2017","4","",33,838,837,838,6034558,257185,2568,554,"",3.38,1.29,1.27,1.27,0.88,1.07,3.43,0.69,"",0,0.0,1,0.1,-19,-2.2,-20,-2.3,-635035,-9.5,58344,29.3,583,29.4,-49,-8.1
"40073","5","10","71","0","2017","4","",527,5641,5708,5746,72890040,11863131,139843,984,"",0.94,1.01,1.01,1.01,1.07,1.01,0.99,1.05,"",37,7.6,355,6.7,383,7.2,358,6.6,-2659390,-3.5,1965811,19.9,58606,72.1,-106,-9.7
"40075","0","10","70","0","2017","4","",232,2060,2038,2039,17650184,2493804,19973,664,"",1.00,1.00,1.00,1.00,1.00,1.00,1.00,1.00,"",-6,-2.5,-74,-3.5,-80,-3.8,-61,-2.9,-1146161,-6.1,-88586,-3.4,4000,25.0,-19,-2.8
"40075","1","10","71","0","2017","4","",10,43,44,47,501742,0,0,864,"",7.19,1.08,1.13,1.20,1.03,0.00,0.00,0.91,"",0,0.0,-2,-4.4,1,2.3,0,0.0,17224,3.6,0,0.0,0,0.0,36,4.3
"40075","2","10","71","0","2017","4","",11,64,64,64,576209,7479,74,693,"",6.77,0.97,0.98,0.98,1.00,0.24,2.81,1.02,"",0,0.0,2,3.2,2,3.2,2,3.2,8816,1.6,5463,271.0,54,270.0,-11,-1.6
"40075","3","10","71","0","2017","4","",35,590,587,581,4117511,42926,426,540,"",8.88,2.89,2.90,2.88,2.71,0.87,4.05,0.94,"",-1,-2.8,-25,-4.1,-12,-2.0,-13,-2.2,-346322,-7.8,-13526,-24.0,-135,-24.1,-30,-5.3
"40075","5","10","71","0","2017","4","",176,1363,1343,1347,12454722,2443399,19473,709,"",0.78,0.78,0.78,0.78,0.83,1.01,0.98,1.06,"",-5,-2.8,-49,-3.5,-71,-5.0,-50,-3.6,-825879,-6.2,-80523,-3.2,4081,26.5,-17,-2.3
"40077","0","10","70","0","2017","4","",196,2443,2418,2413,24627079,3456037,36901,781,"",1.00,1.00,1.00,1.00,1.00,1.00,1.00,1.00,"",3,1.6,-387,-13.7,-418,-14.7,-432,-15.2,-4327976,-14.9,-184582,-5.1,252,0.7,-4,-0.5
"40077","1","10","71","0","2017","4","",6,26,26,27,319954,0,0,935,"",5.10,0.55,0.56,0.58,0.47,0.00,0.00,0.84,"",0,0.0,-1,-3.7,-1,-3.7,-1,-3.6,16218,5.3,0,0.0,0,0.0,80,9.4
"40077","2","10","71","0","2017","4","",11,421,415,403,3312754,335905,424,617,"",8.01,5.37,5.36,5.24,4.12,7.65,8.72,0.77,"",0,0.0,-99,-19.0,-106,-20.3,-112,-21.7,-665461,-16.7,-22764,-6.3,94,28.5,27,4.6
"40077","3","10","71","0","2017","4","",23,444,447,449,3970050,567919,5216,684,"",6.90,1.83,1.86,1.88,1.87,8.30,26.86,1.01,"",1,4.5,-5,-1.1,7,1.6,1,0.2,19825,0.5,131156,30.0,1331,34.3,2,0.3
"40077","5","10","71","0","2017","4","",156,1552,1530,1534,17024321,2552213,31261,851,"",0.82,0.75,0.74,0.75,0.81,0.76,0.85,1.08,"",2,1.3,-282,-15.4,-318,-17.2,-320,-17.3,-3698558,-17.8,-292974,-10.3,-1173,-3.6,-13,-1.5
"40079","0","10","70","0","2017","4","",938,12326,12362,12465,115604016,21839195,170198,718,"",1.00,1.00,1.00,1.00,1.00,1.00,1.00,1.00,"",20,2.2,-477,-3.7,-457,-3.6,-351,-2.7,-1053153,-0.9,-2649839,-10.8,-46791,-21.6,18,2.6
"40079","1","10","71","0","2017","4","",25,148,151,149,2059695,0,0,1061,"",4.44,0.62,0.64,0.62,0.65,0.00,0.00,1.03,"",0,0.0,-6,-3.9,-5,-3.2,-4,-2.6,-12009,-0.6,0,0.0,0,0.0,28,2.7
"40079","2","10","71","0","2017","4","",16,541,538,543,5089416,240812,2409,724,"",2.43,1.37,1.36,1.37,1.35,0.87,10.74,0.99,"",0,0.0,-11,-2.0,-9,-1.6,7,1.3,-68548,-1.3,-49943,-17.2,-497,-17.1,-4,-0.5
"40079","3","10","71","0","2017","4","",77,4340,4374,4430,47762079,6080487,10521,839,"",4.83,3.55,3.56,3.59,4.80,14.06,11.75,1.35,"",1,1.3,248,6.1,199,4.8,222,5.3,3418993,7.7,-93945,-1.5,946,9.9,19,2.3
"40079","5","10","71","0","2017","4","",820,7297,7299,7343,60692826,15517896,157268,638,"",0.90,0.70,0.70,0.69,0.61,0.73,0.93,0.88,"",19,2.4,-708,-8.8,-642,-8.1,-576,-7.3,-4391589,-6.7,-2505951,-13.9,-47240,-23.1,9,1.4
"40081","0","10","70","0","2017","4","",645,6581,6653,6638,60896050,10894466,109975,707,"",1.00,1.00,1.00,1.00,1.00,1.00,1.00,1.00,"",38,6.3,60,0.9,140,2.1,144,2.2,3701064,6.5,944378,9.5,42911,64.0,31,4.6
"40081","1","10","71","0","2017","4","",15,77,74,76,967522,0,0,984,"",3.88,0.61,0.58,0.59,0.58,0.00,0.00,0.97,"",0,0.0,-2,-2.5,-3,-3.9,-2,-2.6,18130,1.9,0,0.0,0,0.0,48,5.1
"40081","2","10","71","0","2017","4","",10,154,154,153,1736836,1414,14,869,"",2.21,0.73,0.72,0.72,0.87,0.01,0.10,1.21,"",0,0.0,-8,-4.9,-9,-5.5,-10,-6.1,56741,3.4,268,23.4,3,27.3,75,9.4
"40081","3","10","71","0","2017","4","",38,1504,1544,1514,12093623,1479673,18117,612,"",3.47,2.31,2.34,2.30,2.31,6.86,31.30,1.00,"",0,0.0,-71,-4.5,-38,-2.4,-67,-4.2,-3226,0.0,112036,8.2,-293,-1.6,23,3.9
"40081","5","10","71","0","2017","4","",582,4846,4881,4895,46098069,9413379,91844,728,"",0.93,0.87,0.86,0.87,0.89,0.89,0.84,1.02,"",38,7.0,141,3.0,190,4.1,223,4.8,3629419,8.5,832074,9.7,43201,88.8,31,4.4
"40083","0","10","70","0","2017","4","",775,7344,7454,7513,65645062,12505444,117566,679,"",1.00,1.00,1.00,1.00,1.00,1.00,1.00,1.00,"",28,3.7,-95,-1.3,-6,-0.1,148,2.0,2339718,3.7,269216,2.2,8271,7.6,23,3.5
"40083","1","10","71","0","2017","4","",11,65,59,58,779377,0,0,988,"",2.37,0.46,0.41,0.40,0.43,0.00,0.00,1.02,"",0,0.0,8,14.0,3,5.4,-4,-6.5,42650,5.8,0,0.0,0,0.0,16,1.6
"40083","2","10","71","0","2017","4","",10,495,497,491,5297816,262328,2623,824,"",1.84,2.10,2.08,2.05,2.47,1.65,16.93,1.19,"",0,0.0,-10,-2.0,7,1.4,9,1.9,74642,1.4,-136308,-34.2,-1363,-34.2,8,1.0
"40083","3","10","71","0","2017","4","",38,971,976,990,7389461,352217,3755,581,"",2.88,1.33,1.32,1.33,1.31,1.42,6.07,0.99,"",-1,-2.6,-16,-1.6,-8,-0.8,13,1.3,-417003,-5.3,47290,15.5,652,21.0,-30,-4.9
"40083","5","10","71","0","2017","4","",716,5813,5922,5974,52178408,11890899,111188,680,"",0.95,0.93,0.94,0.94,0.93,0.98,0.95,1.00,"",29,4.2,-77,-1.3,-8,-0.1,130,2.2,2639429,5.3,358234,3.1,8982,8.8,33,5.1
"40085","0","10","70","0","2017","4","",215,6233,6235,6206,54055932,10101618,58065,668,"",1.00,1.00,1.00,1.00,1.00,1.00,1.00,1.00,"",2,0.9,-139,-2.2,-187,-2.9,-161,-2.5,2870980,5.6,60236,0.6,792,1.4,52,8.4
"40085","1","10","71","0","2017","4","",7,21,20,20,252215,0,0,954,"",5.43,0.18,0.17,0.17,0.17,0.00,0.00,1.00,"",0,0.0,-3,-12.5,-5,-20.0,-2,-9.1,-2730,-1.1,0,0.0,0,0.0,125,15.1
"40085","2","10","71","0","2017","4","",7,30,29,28,242689,460,5,644,"",4.65,0.15,0.15,0.14,0.14,0.00,0.07,0.95,"",0,0.0,0,0.0,-1,-3.3,-2,-6.7,-9598,-3.8,460,100.0,5,100.0,-3,-0.5
"40085","3","10","71","0","2017","4","",24,3448,3478,3480,33999006,3700307,2645,754,"",6.57,5.58,5.62,5.67,7.31,18.50,8.66,1.30,"",-1,-4.0,-14,-0.4,-40,-1.1,-15,-0.4,1543504,4.8,-24690,-0.7,-213,-7.5,39,5.5
"40085","5","10","71","0","2017","4","",177,2734,2708,2678,19562022,6400851,55415,556,"",0.85,0.52,0.51,0.51,0.42,0.65,0.96,0.83,"",3,1.7,-122,-4.3,-141,-4.9,-142,-5.0,1339804,7.4,84466,1.3,1000,1.8,63,12.8
"40087","0","10","70","0","2017","4","",1067,9556,9531,9646,90354733,17397356,131683,726,"",1.00,1.00,1.00,1.00,1.00,1.00,1.00,1.00,"",47,4.6,629,7.0,472,5.2,625,6.9,6865921,8.2,2273377,15.0,27146,26.0,13,1.8
"40087","1","10","71","0","2017","4","",12,70,70,70,867735,0,0,954,"",1.88,0.38,0.38,0.38,0.35,0.00,0.00,0.92,"",0,0.0,0,0.0,4,6.1,6,9.4,-20208,-2.3,0,0.0,0,0.0,-71,-6.9
"40087","2","10","71","0","2017","4","",9,96,94,95,967080,1526,15,783,"",1.20,0.31,0.31,0.31,0.33,0.01,0.09,1.06,"",0,0.0,-2,-2.0,-3,-3.1,-2,-2.1,2485,0.3,289,23.4,3,25.0,21,2.8
"40087","3","10","71","0","2017","4","",46,1734,1749,1761,15200363,598308,4252,669,"",2.54,1.83,1.85,1.84,1.96,1.74,6.14,1.06,"",0,0.0,108,6.6,94,5.7,138,8.5,1113225,7.9,51359,9.4,-61,-1.4,6,0.9
"40087","5","10","71","0","2017","4","",1000,7656,7618,7720,73319555,16797522,127416,736,"",0.97,0.94,0.94,0.94,0.95,1.00,0.97,1.01,"",47,4.9,523,7.3,377,5.2,483,6.7,5770419,8.5,2221729,15.2,27204,27.1,15,2.1
"40089","0","10","70","0","2017","4","",711,11131,10974,10982,99399365,16901979,179618,693,"",1.00,1.00,1.00,1.00,1.00,1.00,1.00,1.00,"",-11,-1.5,-86,-0.8,10,0.1,29,0.3,4868570,5.2,-1192917,-6.6,-32677,-15.4,35,5.3
"40089","1","10","71","0","2017","4","",23,125,124,125,1752880,0,0,1082,"",5.39,0.58,0.59,0.59,0.64,0.00,0.00,1.09,"",0,0.0,-8,-6.0,-15,-10.8,-14,-10.1,-66707,-3.7,0,0.0,0,0.0,60,5.9
"40089","2","10","71","0","2017","4","",16,285,276,278,2209085,108330,675,608,"",3.21,0.80,0.79,0.79,0.68,0.50,2.85,0.86,"",0,0.0,-12,-4.0,-19,-6.4,-15,-5.1,-108789,-4.7,2494,2.4,25,3.8,4,0.7
"40089","3","10","71","0","2017","4","",68,2103,2089,2113,16270244,1186977,7389,596,"",5.63,1.91,1.92,1.94,1.90,3.55,7.82,0.99,"",-1,-1.4,75,3.7,47,2.3,33,1.6,164441,1.0,-150024,-11.2,-1116,-13.1,-8,-1.3
"40089","5","10","71","0","2017","4","",604,8618,8485,8466,79167156,15606672,171554,715,"",0.88,0.91,0.91,0.91,0.93,0.95,0.96,1.03,"",-10,-1.6,-141,-1.6,-3,0.0,25,0.3,4879625,6.6,-1045387,-6.3,-31586,-15.5,48,7.2
"40091","0","10","70","0","2017","4","",406,3942,3936,3857,28666428,6768244,56609,564,"",1.00,1.00,1.00,1.00,1.00,1.00,1.00,1.00,"",2,0.5,37,0.9,36,0.9,-20,-0.5,-102586,-0.4,-407828,-5.7,-488,-0.9,-4,-0.7
"40091","1","10","71","0","2017","4","",5,37,33,31,423099,0,0,967,"",2.05,0.49,0.44,0.42,0.54,0.00,0.00,1.20,"",0,0.0,3,8.8,-4,-10.8,-6,-16.2,-38328,-8.3,0,0.0,0,0.0,-19,-1.9
"40091","2","10","71","0","2017","4","",11,102,100,101,907437,13586,136,691,"",3.87,0.81,0.79,0.82,0.97,0.16,1.82,1.20,"",0,0.0,-6,-5.6,-7,-6.5,-4,-3.8,-27031,-2.9,207,1.5,2,1.5,17,2.5
"40091","3","10","71","0","2017","4","",34,1037,1013,982,7279451,870229,5215,554,"",4.93,2.65,2.59,2.57,2.95,6.50,17.50,1.13,"",0,0.0,-13,-1.2,-41,-3.9,-74,-7.0,-672993,-8.5,-161532,-15.7,284,5.8,-27,-4.6
"40091","5","10","71","0","2017","4","",356,2766,2790,2743,20056441,5884429,51258,558,"",0.90,0.83,0.83,0.84,0.82,0.90,0.91,0.98,"",2,0.6,53,2.0,88,3.3,64,2.4,635766,3.3,-246503,-4.0,-774,-1.5,4,0.7
"40093","0","10","70","0","2017","4","",258,2490,2508,2503,26179021,4635329,62013,805,"",1.00,1.00,1.00,1.00,1.00,1.00,1.00,1.00,"",-7,-2.6,129,5.5,157,6.7,126,5.3,3855228,17.3,1309791,39.4,37217,150.1,78,10.7
"40093","1","10","71","0","2017","4","",8,31,31,27,295401,0,0,766,"",5.17,0.65,0.65,0.56,0.41,0.00,0.00,0.67,"",0,0.0,-1,-3.1,1,3.3,-5,-15.6,8966,3.1,0,0.0,0,0.0,63,9.0
"40093","2","10","71","0","2017","4","",8,40,38,39,344862,568,6,680,"",4.43,0.50,0.47,0.49,0.40,0.01,0.07,0.83,"",0,0.0,1,2.6,0,0.0,1,2.6,20948,6.5,108,23.5,1,20.0,30,4.6
"40093","3","10","71","0","2017","4","",14,333,333,330,2177655,322847,3225,505,"",3.19,1.35,1.34,1.33,0.97,3.52,9.88,0.72,"",-1,-6.7,-1,-0.3,0,0.0,-4,-1.2,-7792,-0.4,68538,27.0,686,27.0,1,0.2
"40093","5","10","71","0","2017","4","",228,2086,2106,2107,23361103,4311914,58782,856,"",0.91,0.99,0.99,0.99,1.05,0.96,0.95,1.06,"",-6,-2.6,130,6.6,156,8.0,134,6.8,3833106,19.6,1241145,40.4,36530,164.2,89,11.6
"40095","0","10","70","0","2017","4","",258,4036,4030,4029,36433934,6346433,43463,695,"",1.00,1.00,1.00,1.00,1.00,1.00,1.00,1.00,"",4,1.6,20,0.5,24,0.6,12,0.3,1586827,4.6,129527,2.1,-1130,-2.5,27,4.0
"40095","1","10","71","0","2017","4","",3,21,21,20,267688,0,0,996,"",1.94,0.27,0.27,0.26,0.27,0.00,0.00,1.00,"",-2,-40.0,-1,-4.5,1,5.0,0,0.0,11711,4.6,0,0.0,0,0.0,43,4.5
"40095","2","10","71","0","2017","4","",8,70,69,70,646696,14391,144,714,"",4.43,0.54,0.53,0.54,0.54,0.18,2.51,1.01,"",0,0.0,-2,-2.8,-1,-1.4,0,0.0,-36050,-5.3,-111,-0.8,-1,-0.7,-29,-3.9
"40095","3","10","71","0","2017","4","",21,683,690,700,5818099,319298,2170,648,"",4.79,1.71,1.72,1.76,1.86,2.54,9.49,1.07,"",0,0.0,-8,-1.2,5,0.7,-17,-2.4,70005,1.2,-39816,-11.1,-313,-12.6,14,2.2
"40095","5","10","71","0","2017","4","",226,3262,3250,3239,29701451,6012744,41149,703,"",0.90,0.95,0.95,0.95,0.95,0.98,0.95,1.01,"",6,2.7,31,1.0,19,0.6,29,0.9,1541161,5.5,169454,2.9,-816,-1.9,31,4.6
"40097","0","10","70","0","2017","4","",891,12547,12560,12504,138559240,20117769,234072,850,"",1.00,1.00,1.00,1.00,1.00,1.00,1.00,1.00,"",13,1.5,-38,-0.3,22,0.2,47,0.4,4177537,3.1,555465,2.8,-1659,-0.7,25,3.0
"40097","1","10","71","0","2017","4","",13,67,67,63,858522,0,0,1006,"",2.43,0.28,0.28,0.26,0.23,0.00,0.00,0.83,"",0,0.0,0,0.0,-1,-1.5,-3,-4.5,-4666,-0.5,0,0.0,0,0.0,15,1.5
"40097","2","10","71","0","2017","4","",27,719,716,715,11910219,361921,3619,1278,"",4.32,1.79,1.78,1.79,2.63,1.42,11.73,1.47,"",0,0.0,-16,-2.2,-13,-1.8,-12,-1.7,251406,2.2,-26817,-6.9,-266,-6.8,50,4.1
"40097","3","10","71","0","2017","4","",44,1807,1823,1794,16910126,687171,6862,719,"",2.91,1.45,1.46,1.45,1.42,1.73,5.57,0.98,"",0,0.0,6,0.3,9,0.5,7,0.4,1247359,8.0,65543,10.5,657,10.6,50,7.5
"40097","5","10","71","0","2017","4","",807,9954,9954,9932,108880373,19068677,223591,842,"",0.93,0.93,0.93,0.93,0.92,0.98,0.96,0.99,"",13,1.6,-28,-0.3,27,0.3,55,0.6,2683438,2.5,516739,2.8,-2050,-0.9,19,2.3
"40099","0","10","70","0","2017","4","",371,5642,5610,5693,53344753,8809261,79460,726,"",1.00,1.00,1.00,1.00,1.00,1.00,1.00,1.00,"",2,0.5,235,4.3,194,3.6,343,6.4,4468585,9.1,834578,10.5,29292,58.4,29,4.2
"40099","1","10","71","0","2017","4","",4,64,57,58,852012,0,0,1098,"",1.80,0.59,0.53,0.53,0.58,0.00,0.00,1.06,"",0,0.0,-1,-1.5,-5,-8.1,-2,-3.3,17906,2.1,0,0.0,0,0.0,69,6.7
"40099","2","10","71","0","2017","4","",15,329,329,329,2769942,473,5,648,"",5.77,1.82,1.83,1.81,1.59,0.00,0.05,0.88,"",0,0.0,-18,-5.2,-15,-4.4,-14,-4.1,-122107,-4.2,-192,-28.9,-2,-28.6,3,0.5
"40099","3","10","71","0","2017","4","",51,2037,2029,2026,18563048,1715322,3815,703,"",8.09,3.64,3.64,3.60,4.05,9.84,9.12,1.12,"",-1,-1.9,-17,-0.8,-46,-2.2,-14,-0.7,446558,2.5,-67426,-3.8,166,4.5,25,3.7
"40099","5","10","71","0","2017","4","",301,3212,3195,3280,31159751,7093466,75640,742,"",0.84,0.67,0.67,0.68,0.68,0.83,0.96,1.02,"",3,1.0,271,9.2,260,8.9,373,12.8,4126228,15.3,902196,14.6,29128,62.6,32,4.5
"40101","0","10","70","0","2017","4","",1566,29578,29613,29625,301435464,46848484,417460,783,"",1.00,1.00,1.00,1.00,1.00,1.00,1.00,1.00,"",21,1.4,-193,-0.6,-121,-0.4,-129,-0.4,1644990,0.5,915973,2.0,-12207,-2.8,8,1.0
"40101","1","10","71","0","2017","4","",32,2983,3010,3019,56074552,0,0,1436,"",3.41,5.24,5.31,5.29,6.77,0.00,0.00,1.28,"",-1,-3.0,37,1.3,43,1.4,51,1.7,2760494,5.2,0,0.0,0,0.0,51,3.7
"40101","2","10","71","0","2017","4","",24,1142,1143,1122,10788764,1487693,947,731,"",2.19,1.20,1.20,1.19,1.10,2.50,1.72,0.92,"",0,0.0,71,6.6,74,6.9,25,2.3,18925,0.2,809477,119.4,215,29.4,-37,-4.8
"40101","3","10","71","0","2017","4","",63,4957,4930,4911,45152481,4204449,10658,704,"",2.37,1.69,1.68,1.68,1.74,4.53,4.85,1.04,"",0,0.0,113,2.3,48,1.0,77,1.6,1560773,3.6,-1331272,-24.0,-1721,-13.9,13,1.9
"40101","5","10","71","0","2017","4","",1447,20496,20530,20573,189419667,41156342,405855,710,"",0.95,0.82,0.82,0.82,0.74,0.91,0.98,0.90,"",22,1.5,-414,-2.0,-286,-1.4,-282,-1.4,-2695202,-1.4,1437768,3.6,-10701,-2.6,2,0.3
"40103","0","10","70","0","2017","4","",259,4592,4592,4560,49337828,5685593,33913,828,"",1.00,1.00,1.00,1.00,1.00,1.00,1.00,1.00,"",3,1.2,-177,-3.7,-182,-3.8,-238,-5.0,-425802,-0.9,-206466,-3.5,1286,3.9,27,3.4
"40103","1","10","71","0","2017","4","",8,37,34,33,407079,0,0,903,"",5.15,0.42,0.39,0.38,0.30,0.00,0.00,0.76,"",0,0.0,3,8.8,-1,-2.9,-3,-8.3,-5049,-1.2,0,0.0,0,0.0,-3,-0.3
"40103","2","10","71","0","2017","4","",10,176,173,174,2060527,504,5,909,"",5.51,1.19,1.18,1.20,1.28,0.01,0.11,1.08,"",0,0.0,-2,-1.1,-5,-2.8,-4,-2.2,18051,0.9,96,23.5,1,25.0,26,2.9
"40103","3","10","71","0","2017","4","",38,1100,1084,1105,8343738,1078961,5197,585,"",8.63,2.42,2.38,2.45,1.97,9.59,29.12,0.81,"",-1,-2.6,-27,-2.4,-36,-3.2,-34,-3.0,-79728,-0.9,-123348,-10.3,-3865,-42.7,11,1.9
"40103","5","10","71","0","2017","4","",203,3279,3301,3248,38526484,4606128,28711,905,"",0.81,0.84,0.85,0.84,0.91,0.84,0.85,1.09,"",4,2.0,-151,-4.4,-140,-4.1,-197,-5.7,-359076,-0.9,-83214,-1.8,5150,21.9,35,4.0
"40105","0","10","70","0","2017","4","",171,1730,1716,1714,14878931,2200704,21450,665,"",1.00,1.00,1.00,1.00,1.00,1.00,1.00,1.00,"",-5,-2.8,37,2.2,46,2.8,28,1.7,1329744,9.8,-771978,-26.0,-12637,-37.1,46,7.4
"40105","1","10","71","0","2017","4","",7,36,32,35,387000,0,0,867,"",6.83,1.08,0.97,1.06,0.95,0.00,0.00,0.91,"",0,0.0,5,16.1,3,10.3,-2,-5.4,2602,0.7,0,0.0,0,0.0,-48,-5.2
"40105","2","10","71","0","2017","4","",7,41,41,41,367914,465,5,690,"",5.84,0.74,0.75,0.75,0.76,0.02,0.18,1.02,"",0,0.0,-4,-8.9,-3,-6.8,-3,-6.8,-22872,-5.9,88,23.3,1,25.0,12,1.8
"40105","3","10","71","0","2017","4","",27,520,515,516,3727428,367137,2403,555,"",9.29,3.03,3.02,3.04,2.91,8.43,21.29,0.96,"",0,0.0,-23,-4.2,-30,-5.5,-24,-4.4,-204643,-5.2,-55945,-13.2,-428,-15.1,-2,-0.4
"40105","5","10","71","0","2017","4","",130,1133,1128,1122,10396589,1833102,19042,709,"",0.78,0.77,0.77,0.77,0.82,0.86,0.89,1.06,"",-5,-3.7,59,5.5,76,7.2,57,5.4,1554657,17.6,-716121,-28.1,-12210,-39.1,70,11.0
"40107","0","10","70","0","2017","4","",199,2292,2268,2270,17338875,3353443,28931,586,"",1.00,1.00,1.00,1.00,1.00,1.00,1.00,1.00,"",9,4.7,-35,-1.5,-50,-2.2,-50,-2.2,-371792,-2.1,141113,4.4,2157,8.1,-1,-0.2
"40107","1","10","71","0","2017","4","",7,26,26,28,325512,0,0,939,"",5.86,0.59,0.60,0.64,0.68,0.00,0.00,1.12,"",0,0.0,1,4.0,2,8.3,4,16.7,44862,16.0,0,0.0,0,0.0,52,5.9
"40107","2","10","71","0","2017","4","",9,197,195,195,1570345,1739,17,617,"",6.45,2.68,2.68,2.69,2.77,0.04,0.45,1.03,"",0,0.0,-1,-0.5,-5,-2.5,-6,-3.0,-397814,-20.2,329,23.3,3,21.4,-141,-18.6
"40107","3","10","71","0","2017","4","",29,837,834,834,7066276,843965,6776,651,"",8.57,3.69,3.70,3.71,4.74,12.71,44.50,1.28,"",0,0.0,-44,-5.0,-54,-6.1,-46,-5.2,-209674,-2.9,-51717,-5.8,-1058,-13.5,17,2.7
"40107","5","10","71","0","2017","4","",154,1232,1213,1213,8376742,2507739,22138,528,"",0.80,0.63,0.63,0.63,0.57,0.77,0.77,0.90,"",9,6.2,9,0.7,7,0.6,-2,-0.2,190834,2.3,192501,8.3,3212,17.0,10,1.9
"40109","0","10","70","0","2017","4","",28376,452712,455276,456165,6011264031,722285177,6742116,1017,"",1.00,1.00,1.00,1.00,1.00,1.00,1.00,1.00,"",709,2.6,5624,1.3,6203,1.4,5929,1.3,315025808,5.5,35570619,5.2,743935,12.4,41,4.2
"40109","1","10","71","0","2017","4","",118,27264,27324,27415,528595613,0,0,1488,"",0.69,3.13,3.14,3.12,3.20,0.00,0.00,1.02,"",-1,-0.8,91,0.3,61,0.2,114,0.4,15519803,3.0,0,0.0,0,0.0,39,2.7
"40109","2","10","71","0","2017","4","",153,25629,25660,25727,336062406,15180613,23270,1007,"",0.77,1.76,1.76,1.77,1.71,1.66,2.62,0.97,"",2,1.3,-433,-1.7,-401,-1.5,-308,-1.2,2990236,0.9,1264626,9.1,1763,8.2,24,2.4
"40109","3","10","71","0","2017","4","",180,27386,27619,27451,278406128,2683703,11836,779,"",0.37,0.61,0.61,0.61,0.54,0.19,0.33,0.88,"",-2,-1.1,-214,-0.8,-135,-0.5,-182,-0.7,2315478,0.8,-386418,-12.6,-1412,-10.7,11,1.4
"40109","5","10","71","0","2017","4","",27925,372433,374673,375572,4868199884,704420861,6707010,1001,"",1.01,0.97,0.97,0.97,0.95,1.01,1.00,0.98,"",710,2.6,6180,1.7,6678,1.8,6305,1.7,294200291,6.4,34692411,5.2,743584,12.5,44,4.6
"40111","0","10","70","0","2017","4","",766,9722,9826,9803,89030793,15423387,120255,700,"",1.00,1.00,1.00,1.00,1.00,1.00,1.00,1.00,"",5,0.7,-172,-1.7,-24,-0.2,-50,-0.5,2689054,3.1,712024,4.8,21612,21.9,27,4.0
"40111","1","10","71","0","2017","4","",18,109,113,111,1775859,0,0,1231,"",3.92,0.58,0.60,0.59,0.73,0.00,0.00,1.23,"",0,0.0,-15,-12.1,-13,-10.3,-15,-11.9,-16172,-0.9,0,0.0,0,0.0,131,11.9
"40111","2","10","71","0","2017","4","",11,151,144,150,1388831,3603,36,720,"",2.05,0.48,0.46,0.48,0.48,0.02,0.23,1.01,"",0,0.0,4,2.7,-3,-2.0,3,2.0,-19270,-1.4,827,29.8,8,28.6,-17,-2.3
"40111","3","10","71","0","2017","4","",77,3174,3174,3163,29432388,3325624,8601,714,"",5.91,3.29,3.25,3.26,3.84,10.89,13.59,1.18,"",0,0.0,12,0.4,35,1.1,-4,-0.1,743204,2.6,-284720,-7.9,449,5.5,15,2.1
"40111","5","10","71","0","2017","4","",660,6288,6395,6379,56433715,12094160,111618,683,"",0.89,0.76,0.77,0.77,0.74,0.81,0.93,0.97,"",5,0.8,-173,-2.7,-43,-0.7,-34,-0.5,1981292,3.6,995917,9.0,21155,23.4,32,4.9
"40113","0","10","70","0","2017","4","",593,6529,6581,6595,62972062,9256439,118612,737,"",1.00,1.00,1.00,1.00,1.00,1.00,1.00,1.00,"",-2,-0.3,-332,-4.8,-76,-1.1,-166,-2.5,2342654,3.9,-938962,-9.2,-24439,-17.1,47,6.8
"40113","1","10","71","0","2017","4","",28,150,159,160,2353198,0,0,1158,"",7.87,1.19,1.26,1.26,1.36,0.00,0.00,1.10,"",-1,-3.4,-12,-7.4,-5,-3.0,-6,-3.6,29656,1.3,0,0.0,0,0.0,68,6.2
"40113","2","10","71","0","2017","4","",10,297,289,291,2724035,15567,155,717,"",2.41,1.42,1.37,1.38,1.32,0.13,0.99,0.95,"",0,0.0,-8,-2.6,-7,-2.4,-8,-2.7,-315368,-10.4,1191,8.3,11,7.6,-62,-8.0
"40113","3","10","71","0","2017","4","",59,2241,2296,2299,21249855,1505244,2412,717,"",5.85,3.46,3.51,3.52,3.92,8.21,3.86,1.12,"",-2,-3.3,-137,-5.8,-33,-1.4,-117,-4.8,481077,2.3,-207809,-12.1,-10122,-80.8,44,6.5
"40113","5","10","71","0","2017","4","",496,3841,3837,3845,36644974,7735628,116045,734,"",0.86,0.69,0.69,0.69,0.68,0.86,0.98,0.99,"",1,0.2,-175,-4.4,-31,-0.8,-35,-0.9,2147289,6.2,-732344,-8.6,-14328,-11.0,57,8.4
"40115","0","10","70","0","2017","4","",723,12175,12212,12181,104370421,20782838,182837,659,"",1.00,1.00,1.00,1.00,1.00,1.00,1.00,1.00,"",19,2.7,-137,-1.1,-75,-0.6,-204,-1.6,3352376,3.3,-38068,-0.2,-27859,-13.2,29,4.6
"40115","1","10","71","0","2017","4","",13,92,93,94,1325852,0,0,1097,"",3.00,0.39,0.40,0.40,0.46,0.00,0.00,1.16,"",0,0.0,-9,-8.9,-6,-6.1,-7,-6.9,-21667,-1.6,0,0.0,0,0.0,64,6.2
"40115","2","10","71","0","2017","4","",13,400,417,416,3182293,11025,110,596,"",2.57,1.02,1.07,1.07,0.93,0.04,0.46,0.89,"",-1,-7.1,-113,-22.0,-119,-22.2,-116,-21.8,-402595,-11.2,-3393,-23.5,-35,-24.1,73,14.0
"40115","3","10","71","0","2017","4","",70,4954,4927,4923,43574259,7091129,59521,679,"",5.70,4.11,4.06,4.08,4.86,17.24,61.86,1.19,"",-1,-1.4,37,0.8,-68,-1.4,-63,-1.3,1024458,2.4,-417316,-5.6,-3291,-5.2,20,3.0
"40115","5","10","71","0","2017","4","",627,6729,6775,6748,56288017,13680684,123206,641,"",0.89,0.65,0.65,0.65,0.63,0.68,0.68,0.97,"",21,3.5,-52,-0.8,118,1.8,-18,-0.3,2752180,5.1,382641,2.9,-24533,-16.6,30,4.9
"40117","0","10","70","0","2017","4","",296,3637,3597,3572,33175036,6023838,103032,708,"",1.00,1.00,1.00,1.00,1.00,1.00,1.00,1.00,"",10,3.5,112,3.2,126,3.6,122,3.5,1465024,4.6,156486,2.7,3632,3.7,7,1.0
"40117","1","10","71","0","2017","4","",12,210,209,211,3142940,0,0,1151,"",6.76,3.00,3.04,3.07,3.45,0.00,0.00,1.14,"",-1,-7.7,4,1.9,1,0.5,-3,-1.4,-86748,-2.7,0,0.0,0,0.0,-36,-3.0
"40117","2","10","71","0","2017","4","",8,63,61,62,494030,1685,17,613,"",3.86,0.54,0.53,0.54,0.46,0.02,0.13,0.85,"",0,0.0,3,5.0,1,1.7,2,3.3,11047,2.3,319,23.4,3,21.4,-6,-1.0
"40117","3","10","71","0","2017","4","",26,909,918,918,6210692,864382,8554,522,"",5.17,2.52,2.57,2.60,2.18,7.25,15.78,0.85,"",-1,-3.7,-23,-2.5,-21,-2.2,-25,-2.7,-332610,-5.1,-59794,-6.5,-960,-10.1,-15,-2.8
"40117","5","10","71","0","2017","4","",250,2455,2409,2381,23327374,5157771,94461,743,"",0.87,0.79,0.79,0.78,0.82,0.88,0.92,1.04,"",12,5.0,128,5.5,145,6.4,148,6.6,1873335,8.7,215961,4.4,4589,5.1,17,2.3
"40119","0","10","70","0","2017","4","",2028,34234,34259,34218,361212701,58514178,371530,812,"",1.00,1.00,1.00,1.00,1.00,1.00,1.00,1.00,"",16,0.8,-99,-0.3,-137,-0.4,371,1.1,28228439,8.5,2572851,4.6,56336,17.9,63,8.4
"40119","1","10","71","0","2017","4","",16,236,241,239,3641138,0,0,1174,"",1.32,0.36,0.37,0.36,0.37,0.00,0.00,1.01,"",0,0.0,8,3.5,7,3.0,2,0.8,-59624,-1.6,0,0.0,0,0.0,-48,-3.9
"40119","2","10","71","0","2017","4","N",16,0,0,0,0,0,0,0,"N",1.13,0,0,0,0,0,0,0,"N",0,0.0,0,0,0,0,0,0,0,0,0,0,0,0,0,0
"40119","3","10","71","0","2017","4","N",68,0,0,0,0,0,0,0,"N",1.97,0,0,0,0,0,0,0,"N",0,0.0,0,0,0,0,0,0,0,0,0,0,0,0,0,0
"40119","5","10","71","0","2017","4","",1928,21782,21866,21893,198319817,46405217,353097,698,"",0.98,0.75,0.75,0.75,0.64,0.82,0.96,0.85,"",16,0.8,289,1.3,295,1.4,900,4.3,17226835,9.5,3875554,9.1,60586,20.7,46,7.1
"40121","0","10","70","0","2017","4","",1051,16678,16674,16984,189215028,29019844,396219,867,"",1.00,1.00,1.00,1.00,1.00,1.00,1.00,1.00,"",25,2.4,365,2.2,289,1.8,807,5.0,11558078,6.5,2654633,10.1,80869,25.6,28,3.3
"40121","1","10","71","0","2017","4","",34,1873,1897,1916,31316092,0,0,1271,"",5.39,5.83,5.94,5.86,6.02,0.00,0.00,1.03,"",1,3.0,-37,-1.9,-11,-0.6,-9,-0.5,1574045,5.3,0,0.0,0,0.0,76,6.4
"40121","2","10","71","0","2017","4","",18,962,945,941,10529844,52106,215,853,"",2.44,1.80,1.77,1.74,1.70,0.14,0.41,0.96,"",0,0.0,39,4.2,13,1.4,8,0.9,-78160,-0.7,7183,16.0,6,2.9,-25,-2.8
"40121","3","10","71","0","2017","4","",72,3113,3090,3118,30392427,3953017,32143,752,"",4.03,1.88,1.87,1.86,1.87,6.88,15.41,1.00,"",2,2.9,45,1.5,3,0.1,46,1.5,947664,3.2,51105,1.3,-2113,-6.2,16,2.2
"40121","5","10","71","0","2017","4","",927,10730,10742,11009,116976665,25014721,363861,831,"",0.91,0.76,0.76,0.76,0.72,0.89,0.92,0.95,"",22,2.4,318,3.1,284,2.7,762,7.4,9114529,8.5,2596345,11.6,82976,29.5,31,3.9
"40123","0","10","70","0","2017","4","",1129,18176,18397,18385,205666330,28535073,200453,864,"",1.00,1.00,1.00,1.00,1.00,1.00,1.00,1.00,"",11,1.0,-142,-0.8,8,0.0,-26,-0.1,8630888,4.4,-1340292,-4.5,-17968,-8.2,39,4.7
"40123","1","10","71","0","2017","4","",17,154,155,155,2636351,0,0,1311,"",2.51,0.44,0.44,0.44,0.47,0.00,0.00,1.06,"",0,0.0,-5,-3.1,-6,-3.7,-9,-5.5,-63516,-2.4,0,0.0,0,0.0,24,1.9
"40123","2","10","71","0","2017","4","",12,735,726,733,7251358,690957,24,763,"",1.52,1.26,1.23,1.25,1.08,1.91,0.09,0.87,"",0,0.0,-6,-0.8,-11,-1.5,-6,-0.8,258222,3.7,-152584,-18.1,-3,-11.1,35,4.8
"40123","3","10","71","0","2017","4","",111,5687,5769,5769,87587223,5878177,2705,1173,"",5.78,3.16,3.16,3.17,4.95,10.41,2.56,1.57,"",-2,-1.8,-107,-1.8,-105,-1.8,-107,-1.8,6106467,7.5,-663072,-10.1,173,6.8,101,9.4
"40123","5","10","71","0","2017","4","",989,11600,11747,11728,108191398,21965939,197724,712,"",0.90,0.75,0.75,0.75,0.62,0.80,0.99,0.82,"",13,1.3,-24,-0.2,130,1.1,96,0.8,2329715,2.2,-524636,-2.3,-18138,-8.4,11,1.6
"40125","0","10","70","0","2017","4","",1437,23082,23184,23064,203295476,38796256,344680,677,"",1.00,1.00,1.00,1.00,1.00,1.00,1.00,1.00,"",38,2.7,-273,-1.2,-134,-0.6,-416,-1.8,3641875,1.8,2013330,5.5,53894,18.5,20,3.0
"40125","1","10","71","0","2017","4","",18,149,141,144,2154772,0,0,1146,"",2.09,0.34,0.32,0.32,0.39,0.00,0.00,1.18,"",0,0.0,-1,-0.7,-7,-4.7,-6,-4.0,-31244,-1.4,0,0.0,0,0.0,20,1.8
"40125","2","10","71","0","2017","4","",13,634,620,620,5757123,2985,30,709,"",1.29,0.86,0.83,0.84,0.87,0.01,0.07,1.03,"",0,0.0,25,4.1,10,1.6,2,0.3,-50667,-0.9,-316,-9.6,-2,-6.2,-21,-2.9
"40125","3","10","71","0","2017","4","",55,5736,5704,5743,47781439,6252270,51166,642,"",2.25,2.51,2.48,2.52,2.73,8.14,28.21,1.09,"",-2,-3.5,34,0.6,6,0.1,23,0.4,1176156,2.5,-606684,-8.8,-5765,-10.1,14,2.2
"40125","5","10","71","0","2017","4","",1351,16563,16719,16557,147602142,32541001,293484,683,"",0.97,0.84,0.85,0.84,0.85,0.87,0.86,1.00,"",40,3.1,-331,-2.0,-143,-0.8,-435,-2.6,2547630,1.8,2620330,8.8,59661,25.5,23,3.5
"40127","0","10","70","0","2017","4","",261,2642,2617,2609,19704834,4119971,29002,578,"",1.00,1.00,1.00,1.00,1.00,1.00,1.00,1.00,"",17,7.0,-229,-8.0,-254,-8.8,-266,-9.3,-1973750,-9.1,-250478,-5.7,-18661,-39.2,-3,-0.5
"40127","1","10","71","0","2017","4","",12,26,26,26,294812,0,0,872,"",7.67,0.51,0.52,0.52,0.54,0.00,0.00,1.05,"",0,0.0,2,8.3,1,4.0,1,4.0,8009,2.8,0,0.0,0,0.0,-22,-2.5
"40127","2","10","71","0","2017","4","",12,155,150,153,1639662,3333,8,826,"",6.56,1.83,1.79,1.84,2.55,0.06,0.21,1.40,"",0,0.0,-7,-4.3,-11,-6.8,-6,-3.8,-42431,-2.5,-1868,-35.9,1,14.3,21,2.6
"40127","3","10","71","0","2017","4","",30,697,700,690,4828557,592615,4788,534,"",6.76,2.66,2.69,2.67,2.85,7.27,31.37,1.07,"",0,0.0,-104,-13.0,-99,-12.4,-120,-14.8,-1260805,-20.7,-16315,-2.7,129,2.8,-49,-8.4
"40127","5","10","71","0","2017","4","",207,1764,1741,1740,12941803,3524023,24206,569,"",0.82,0.79,0.78,0.78,0.77,0.88,0.84,0.98,"",17,8.9,-120,-6.4,-145,-7.7,-141,-7.5,-678523,-5.0,-232295,-6.2,-18791,-43.7,13,2.3
"40129","0","10","70","0","2017","4","",119,903,879,851,9534788,1366800,15097,836,"",1.00,1.00,1.00,1.00,1.00,1.00,1.00,1.00,"",0,0.0,100,12.5,78,9.7,39,4.8,-524491,-5.2,555488,68.5,6455,74.7,-125,-13.0
"40129","1","10","71","0","2017","4","",7,35,34,35,430610,0,0,955,"",9.81,2.01,2.02,2.13,1.64,0.00,0.00,0.80,"",0,0.0,0,0.0,-5,-12.8,-5,-12.5,28158,7.0,0,0.0,0,0.0,140,17.2
"40129","2","10","71","0","2017","4","",4,13,13,13,111462,817,8,660,"",4.80,0.45,0.46,0.48,0.36,0.05,0.40,0.77,"",0,0.0,-2,-13.3,-2,-13.3,-2,-13.3,-27846,-20.0,155,23.4,1,14.3,-54,-7.6
"40129","3","10","71","0","2017","4","",19,368,366,361,3397974,209271,2090,716,"",9.39,4.11,4.19,4.29,4.14,7.73,26.30,0.99,"",2,11.8,6,1.7,2,0.5,-2,-0.6,-2111660,-38.3,77603,58.9,777,59.2,-452,-38.7
"40129","5","10","71","0","2017","4","",89,487,466,442,5594742,1156712,12999,926,"",0.77,0.63,0.62,0.61,0.69,0.87,0.87,1.10,"",-2,-2.2,96,24.6,83,21.7,48,12.2,1586857,39.6,477730,70.4,5677,77.5,134,16.9
"40131","0","10","70","0","2017","4","",1929,26979,27063,27482,313632918,46792352,617523,888,"",1.00,1.00,1.00,1.00,1.00,1.00,1.00,1.00,"",33,1.7,530,2.0,835,3.2,1154,4.4,22209575,7.6,5721018,13.9,247812,67.0,37,4.3
"40131","1","10","71","0","2017","4","",15,494,490,496,8920344,0,0,1391,"",1.30,0.95,0.95,0.94,1.03,0.00,0.00,1.10,"",0,0.0,24,5.1,11,2.3,9,1.8,723091,8.8,0,0.0,0,0.0,74,5.6
"40131","2","10","71","0","2017","4","",14,1058,1056,1069,9149367,700450,94,663,"",1.04,1.22,1.22,1.22,0.89,1.18,0.12,0.73,"",-1,-6.7,-102,-8.8,-95,-8.3,-61,-5.4,-306619,-3.2,-27485,-3.8,-7185,-98.7,29,4.6
"40131","3","10","71","0","2017","4","",78,5215,5203,5171,64618253,4110632,10145,957,"",2.38,1.95,1.94,1.90,2.40,4.44,3.12,1.24,"",-4,-4.9,42,0.8,24,0.5,29,0.6,4124111,6.8,-462376,-10.1,-863,-7.8,56,6.2
"40131","5","10","71","0","2017","4","",1822,20212,20314,20746,230944954,41981270,607284,870,"",0.97,0.88,0.88,0.89,0.86,0.93,0.99,0.97,"",38,2.1,566,2.9,895,4.6,1177,6.0,17668992,8.3,6210879,17.4,255860,72.8,31,3.7
"40133","0","10","70","0","2017","4","",526,7405,7424,7466,67993328,14214214,157638,704,"",1.00,1.00,1.00,1.00,1.00,1.00,1.00,1.00,"",4,0.8,340,4.8,391,5.6,561,8.1,5125894,8.2,3747748,35.8,44987,39.9,13,1.9
"40133","1","10","71","0","2017","4","",10,157,164,165,2565802,0,0,1218,"",3.17,1.10,1.15,1.15,1.37,0.00,0.00,1.21,"",0,0.0,0,0.0,12,7.9,10,6.5,138170,5.7,0,0.0,0,0.0,11,0.9
"40133","2","10","71","0","2017","4","",11,309,312,308,2671874,1399339,30,664,"",2.98,1.30,1.31,1.29,1.20,7.75,0.14,0.92,"",0,0.0,7,2.3,7,2.3,-3,-1.0,38906,1.5,1123896,408.0,-25,-45.5,2,0.3
"40133","3","10","71","0","2017","4","",60,1527,1540,1547,11607646,1444614,29165,581,"",6.71,2.08,2.09,2.09,1.99,5.13,35.15,0.95,"",1,1.7,-55,-3.5,29,1.9,54,3.6,-526527,-4.3,72855,5.3,638,2.2,-30,-4.9
"40133","5","10","71","0","2017","4","",445,5412,5408,5446,51148006,11370261,128443,726,"",0.87,0.86,0.86,0.86,0.88,0.83,0.82,1.03,"",3,0.7,388,7.7,343,6.8,500,10.1,5475345,12.0,2550997,28.9,44374,52.8,25,3.6
"40135","0","10","70","0","2017","4","",688,8877,8856,8941,63820218,14660695,118320,552,"",1.00,1.00,1.00,1.00,1.00,1.00,1.00,1.00,"",21,3.1,318,3.7,185,2.1,279,3.2,3046942,5.0,229769,1.6,-4497,-3.7,10,1.8
"40135","1","10","71","0","2017","4","",14,128,126,129,1831004,0,0,1103,"",3.39,0.75,0.74,0.75,1.04,0.00,0.00,1.40,"",1,7.7,4,3.2,2,1.6,5,4.0,93913,5.4,0,0.0,0,0.0,25,2.3
"40135","2","10","71","0","2017","4","",13,256,247,255,2438495,63517,635,742,"",2.70,0.90,0.87,0.89,1.17,0.34,4.07,1.32,"",0,0.0,-19,-6.9,-30,-10.8,-20,-7.3,-158770,-6.1,-9141,-12.6,-92,-12.7,17,2.3
"40135","3","10","71","0","2017","4","",54,2742,2757,2763,21494376,2293048,10178,600,"",4.62,3.12,3.14,3.12,3.92,7.90,16.34,1.25,"",0,0.0,-58,-2.1,-64,-2.3,-58,-2.1,-409090,-1.9,-547354,-19.3,-2595,-20.3,1,0.2
"40135","5","10","71","0","2017","4","",607,5751,5726,5794,38056343,12304130,107507,508,"",0.91,0.76,0.76,0.76,0.70,0.87,0.91,0.92,"",20,3.4,391,7.3,277,5.1,352,6.5,3520889,10.2,786264,6.8,-1810,-1.7,18,3.7
"40137","0","10","70","0","2017","4","",1139,13948,13975,14051,146707317,25710336,386474,807,"",1.00,1.00,1.00,1.00,1.00,1.00,1.00,1.00,"",3,0.3,531,4.0,453,3.4,533,3.9,12529575,9.3,4514627,21.3,214597,124.9,42,5.5
"40137","1","10","71","0","2017","4","",10,80,81,81,1082023,0,0,1032,"",1.46,0.30,0.30,0.30,0.27,0.00,0.00,0.89,"",0,0.0,3,3.9,3,3.8,-3,-3.6,30131,2.9,0,0.0,0,0.0,16,1.6
"40137","2","10","71","0","2017","4","",11,177,175,177,1832930,2005,20,800,"",1.38,0.40,0.39,0.40,0.38,0.01,0.04,0.97,"",0,0.0,-8,-4.3,-9,-4.9,-5,-2.7,-35861,-1.9,-55,-2.7,0,0.0,17,2.2
"40137","3","10","71","0","2017","4","",47,1877,1876,1875,14879270,508941,3754,610,"",2.43,1.36,1.35,1.35,1.18,1.00,1.85,0.87,"",-2,-4.1,-5,-0.3,-14,-0.7,-14,-0.7,-197883,-1.3,38688,8.2,503,15.5,-5,-0.8
"40137","5","10","71","0","2017","4","",1071,11814,11843,11918,128913094,25199390,382700,836,"",0.97,1.00,1.00,1.00,1.03,1.01,1.00,1.03,"",5,0.5,541,4.8,473,4.2,555,4.9,12733188,11.0,4475994,21.6,214094,127.0,48,6.1
"40139","0","10","70","0","2017","4","",576,9880,9822,9909,102400560,15323994,92675,798,"",1.00,1.00,1.00,1.00,1.00,1.00,1.00,1.00,"",-24,-4.0,-21,-0.2,-71,-0.7,-86,-0.9,4451547,4.5,910667,6.3,15150,19.5,39,5.1
"40139","1","10","71","0","2017","4","",11,75,72,73,1088890,0,0,1142,"",3.18,0.39,0.38,0.38,0.39,0.00,0.00,1.00,"",0,0.0,1,1.4,-4,-5.3,-2,-2.7,12899,1.2,0,0.0,0,0.0,38,3.4
"40139","2","10","71","0","2017","4","",13,291,293,290,2753226,234370,2344,727,"",3.22,0.92,0.93,0.92,0.82,1.20,19.19,0.89,"",0,0.0,-19,-6.1,-18,-5.8,-23,-7.3,-203362,-6.9,-9101,-3.7,-90,-3.7,-4,-0.5
"40139","3","10","71","0","2017","4","",36,1371,1362,1355,11026606,339092,2301,622,"",3.68,1.40,1.40,1.38,1.25,1.12,4.72,0.90,"",-8,-18.2,111,8.8,93,7.3,55,4.2,1018592,10.2,123604,57.4,160,7.5,19,3.2
"40139","5","10","71","0","2017","4","",516,8143,8095,8191,87531838,14750532,88030,827,"",0.92,0.97,0.97,0.97,1.00,0.99,0.96,1.03,"",-16,-3.0,-114,-1.4,-142,-1.7,-116,-1.4,3623418,4.3,796164,5.7,15080,20.7,46,5.9
"40141","0","10","70","0","2017","4","",191,1869,1901,1948,17734449,2489168,15765,716,"",1.00,1.00,1.00,1.00,1.00,1.00,1.00,1.00,"",-2,-1.0,-38,-2.0,-15,-0.8,-5,-0.3,604897,3.5,42757,1.7,-413,-2.6,32,4.7
"40141","1","10","71","0","2017","4","",9,31,30,31,356242,0,0,894,"",7.86,0.86,0.82,0.83,0.73,0.00,0.00,0.87,"",0,0.0,-3,-8.8,-1,-3.2,-4,-11.4,5800,1.7,0,0.0,0,0.0,85,10.5
"40141","2","10","71","0","2017","4","",10,182,177,180,1414080,307,3,605,"",7.47,3.03,2.91,2.90,2.44,0.01,0.14,0.83,"",0,0.0,-4,-2.2,-12,-6.3,-7,-3.7,-61350,-4.2,58,23.3,1,50.0,-1,-0.2
"40141","3","10","71","0","2017","4","",20,410,397,408,2884933,208430,2002,548,"",6.16,2.21,2.10,2.12,1.89,4.23,24.13,0.88,"",-1,-4.8,-46,-10.1,-51,-11.4,-49,-10.7,-445374,-13.4,-100091,-32.4,-998,-33.3,-17,-3.0
"40141","5","10","71","0","2017","4","",152,1246,1297,1329,13079194,2280431,13760,780,"",0.82,0.78,0.80,0.80,0.86,0.95,0.88,1.08,"",-1,-0.7,15,1.2,49,3.9,55,4.3,1105821,9.2,142790,6.7,584,4.4,44,6.0
"40143","0","10","70","0","2017","4","",22676,355068,357190,358624,4490282762,598552942,5903929,968,"",1.00,1.00,1.00,1.00,1.00,1.00,1.00,1.00,"",650,3.0,3661,1.0,3307,0.9,4619,1.3,169289086,3.9,36576045,6.5,645675,12.3,27,2.9
"40143","1","10","71","0","2017","4","",59,3393,3384,3390,62865575,0,0,1427,"",0.43,0.50,0.50,0.49,0.51,0.00,0.00,1.03,"",0,0.0,23,0.7,-6,-0.2,-55,-1.6,1381871,2.2,0,0.0,0,0.0,37,2.7
"40143","2","10","71","0","2017","4","",34,3790,3774,3728,33197207,4073132,1752,678,"",0.21,0.33,0.33,0.33,0.23,0.54,0.23,0.69,"",0,0.0,48,1.3,-44,-1.2,-96,-2.5,916536,2.8,330296,8.8,261,17.5,24,3.7
"40143","3","10","71","0","2017","4","",178,27410,27656,28042,273002352,4006912,26056,758,"",0.46,0.78,0.78,0.79,0.71,0.34,0.84,0.90,"",6,3.5,397,1.5,498,1.8,405,1.5,1096209,0.4,548789,15.9,-867,-3.2,-9,-1.2
"40143","5","10","71","0","2017","4","",22405,320475,322376,323464,4121217628,590472898,5876121,984,"",1.02,1.06,1.06,1.06,1.07,1.02,1.00,1.01,"",644,3.0,3193,1.0,2859,0.9,4365,1.4,165894470,4.2,35696960,6.4,646281,12.4,29,3.0
"40145","0","10","70","0","2017","4","",781,8987,9030,8993,92871103,14369990,140925,793,"",1.00,1.00,1.00,1.00,1.00,1.00,1.00,1.00,"",19,2.5,242,2.8,256,2.9,279,3.2,6903651,8.0,368901,2.6,21336,17.8,37,4.9
"40145","1","10","71","0","2017","4","",7,68,69,68,923115,0,0,1039,"",1.49,0.39,0.40,0.39,0.36,0.00,0.00,0.92,"",0,0.0,-1,-1.4,1,1.5,-3,-4.2,38825,4.4,0,0.0,0,0.0,58,5.9
"40145","2","10","71","0","2017","4","",12,387,377,379,3379375,314486,601,682,"",2.19,1.34,1.30,1.32,1.11,1.72,3.24,0.84,"",0,0.0,39,11.2,33,9.6,39,11.5,-82646,-2.4,29300,10.3,-68,-10.2,-92,-11.9
"40145","3","10","71","0","2017","4","",24,1455,1466,1465,11794559,749595,6559,621,"",1.81,1.63,1.63,1.65,1.48,2.64,8.84,0.90,"",0,0.0,-19,-1.3,-16,-1.1,-27,-1.8,-336897,-2.8,-47351,-5.9,-806,-10.9,-8,-1.3
"40145","5","10","71","0","2017","4","",738,7077,7118,7081,76774054,13305909,133765,833,"",0.97,0.93,0.93,0.93,0.97,0.96,0.96,1.04,"",19,2.6,223,3.3,238,3.5,270,4.0,7284369,10.5,386952,3.0,22210,19.9,52,6.7
"40147","0","10","70","0","2017","4","",1283,19732,19693,19603,233828209,30668653,249251,914,"",1.00,1.00,1.00,1.00,1.00,1.00,1.00,1.00,"",-16,-1.2,-395,-2.0,-353,-1.8,-395,-2.0,-7117800,-3.0,1450442,5.0,-4867,-1.9,-10,-1.1
"40147","1","10","71","0","2017","4","",11,95,95,94,1395462,0,0,1134,"",1.43,0.25,0.25,0.25,0.22,0.00,0.00,0.87,"",0,0.0,3,3.3,7,8.0,4,4.4,11033,0.8,0,0.0,0,0.0,-49,-4.1
"40147","2","10","71","0","2017","4","",10,112,112,113,1066903,2311,23,731,"",1.11,0.18,0.18,0.18,0.14,0.01,0.07,0.78,"",1,11.1,-9,-7.4,-7,-5.9,-6,-5.0,-115408,-9.8,318,16.0,3,15.0,-29,-3.8
"40147","3","10","71","0","2017","4","",31,2107,2130,2113,17937308,462012,2464,652,"",1.42,1.08,1.09,1.09,0.89,0.76,1.88,0.82,"",0,0.0,-95,-4.3,-81,-3.7,-71,-3.3,33073,0.2,-25000,-5.1,156,6.8,26,4.2
"40147","5","10","71","0","2017","4","",1231,17418,17356,17283,213428536,30204330,246764,946,"",0.99,1.04,1.04,1.04,1.07,1.02,1.00,1.03,"",-17,-1.4,-294,-1.7,-272,-1.5,-322,-1.8,-7046498,-3.2,1475124,5.1,-5026,-2.0,-15,-1.6
"40149","0","10","70","0","2017","4","",259,2041,2018,1986,19222159,3174468,29576,734,"",1.00,1.00,1.00,1.00,1.00,1.00,1.00,1.00,"",-2,-0.8,153,8.1,63,3.2,41,2.1,2660478,16.1,709869,28.8,11945,67.7,74,11.2
"40149","1","10","71","0","2017","4","",13,43,44,49,530622,0,0,900,"",8.37,1.09,1.14,1.28,1.00,0.00,0.00,0.86,"",0,0.0,-3,-6.5,-1,-2.2,2,4.3,29900,6.0,0,0.0,0,0.0,63,7.5
"40149","2","10","71","0","2017","4","",8,38,36,38,342546,12320,123,706,"",4.41,0.58,0.56,0.60,0.55,0.31,3.15,0.94,"",1,14.3,6,18.8,4,12.5,6,18.8,41650,13.8,11676,1813.0,117,1950.0,-17,-2.4
"40149","3","10","71","0","2017","4","",34,661,652,653,5250035,228087,1592,616,"",7.72,3.27,3.25,3.32,3.18,3.63,10.23,0.97,"",-2,-5.6,-36,-5.2,-60,-8.4,-59,-8.3,-172843,-3.2,-41317,-15.3,-485,-23.4,26,4.4
"40149","5","10","71","0","2017","4","",204,1299,1286,1246,13098956,2934061,27861,789,"",0.81,0.75,0.75,0.74,0.80,0.96,0.95,1.07,"",-1,-0.5,186,16.7,120,10.3,92,8.0,2761771,26.7,739510,33.7,12313,79.2,94,13.5
"40151","0","10","70","0","2017","4","",336,3607,3595,3579,37906800,4639583,29627,811,"",1.00,1.00,1.00,1.00,1.00,1.00,1.00,1.00,"",7,2.1,-114,-3.1,-138,-3.7,-164,-4.4,-811271,-2.1,364771,8.5,9546,47.5,13,1.6
"40151","1","10","71","0","2017","4","",5,23,23,26,290788,0,0,932,"",2.48,0.33,0.33,0.38,0.28,0.00,0.00,0.80,"",0,0.0,-4,-14.8,-2,-8.0,-3,-10.3,-9856,-3.3,0,0.0,0,0.0,75,8.8
"40151","2","10","71","0","2017","4","",14,440,437,451,4433863,493443,258,770,"",5.95,3.80,3.79,3.95,3.58,8.38,6.61,0.93,"",0,0.0,-35,-7.4,-42,-8.8,-53,-10.5,7007,0.2,-30426,-5.8,-3,-1.1,69,9.8
"40151","3","10","71","0","2017","4","",27,744,744,734,6435998,139936,1396,668,"",4.73,2.08,2.08,2.07,1.97,1.52,8.95,0.95,"",0,0.0,-19,-2.5,-6,-0.8,-17,-2.3,-63145,-1.0,-15522,-10.0,-157,-10.1,6,0.9
"40151","5","10","71","0","2017","4","",290,2400,2391,2368,26746151,4006204,27973,862,"",0.89,0.78,0.78,0.78,0.83,0.89,0.95,1.06,"",7,2.5,-56,-2.3,-88,-3.5,-91,-3.7,-745277,-2.7,410719,11.4,9706,53.1,4,0.5
"40153","0","10","70","0","2017","4","",842,8890,8896,8953,108283841,17028865,227897,935,"",1.00,1.00,1.00,1.00,1.00,1.00,1.00,1.00,"",1,0.1,280,3.3,174,2.0,218,2.5,9286642,9.4,3129066,22.5,112934,98.2,59,6.7
"40153","1","10","71","0","2017","4","",12,86,82,82,1228422,0,0,1134,"",2.38,0.50,0.48,0.48,0.41,0.00,0.00,0.85,"",-1,-7.7,1,1.2,-2,-2.4,-9,-9.9,-12496,-1.0,0,0.0,0,0.0,33,3.0
"40153","2","10","71","0","2017","4","",16,409,400,402,3811939,53831,101,726,"",2.71,1.43,1.40,1.41,1.08,0.25,0.34,0.76,"",1,6.7,7,1.7,-2,-0.5,0,0.0,135063,3.7,31879,145.2,-4,-3.8,22,3.1
"40153","3","10","71","0","2017","4","",47,986,995,1003,7988810,426592,2769,618,"",3.28,1.12,1.13,1.13,0.86,1.27,2.31,0.76,"",11,30.6,-59,-5.6,-59,-5.6,-43,-4.1,-44968,-0.6,-120779,-22.1,-2006,-42.0,29,4.9
"40153","5","10","71","0","2017","4","",767,7409,7419,7466,95254670,16548442,225027,986,"",0.94,0.98,0.98,0.98,1.03,1.00,0.99,1.05,"",-10,-1.3,331,4.7,237,3.3,270,3.8,9209043,10.7,3217966,24.1,114944,104.4,61,6.6
"40999","0","10","70","0","2017","4","",4396,24860,24706,24319,415885419,66547399,1194638,1299,"",1.00,1.00,1.00,1.00,1.00,1.00,1.00,1.00,"",-141,-3.1,603,2.5,325,1.3,-273,-1.1,8276005,2.0,976523,1.5,127925,12.0,15,1.2
"40999","1","10","71","0","2017","4","",42,200,190,185,3067480,0,0,1231,"",1.59,0.42,0.40,0.39,0.27,0.00,0.00,0.66,"",3,7.7,3,1.5,17,9.8,10,5.7,730702,31.3,0,0.0,0,0.0,242,24.5
"40999","2","10","71","0","2017","4","N",1,0,0,0,0,0,0,0,"N",0.03,0,0,0,0,0,0,0,"N",0,0.0,0,0,0,0,0,0,0,0,0,0,0,0,0,0
"40999","3","10","71","0","2017","4","N",4,0,0,0,0,0,0,0,"N",0.05,0,0,0,0,0,0,0,"N",1,33.3,0,0,0,0,0,0,0,0,0,0,0,0,0,0
"40999","5","10","71","0","2017","4","",4349,24655,24509,24128,412737422,66534752,1194638,1300,"",1.02,1.17,1.17,1.17,1.16,1.03,1.01,1.00,"",-145,-3.2,599,2.5,305,1.3,-285,-1.2,7516164,1.9,968076,1.5,127967,12.0,13,1.0
"41000","0","10","50","0","2017","4","",152129,1911376,1908832,1903183,25137541621,7004138630,155972045,1014,"",1.00,1.00,1.00,1.00,1.00,1.00,1.00,1.00,"",4131,2.8,41071,2.2,36782,2.0,40947,2.2,1582970422,6.7,623349604,9.8,13003089,9.1,44,4.5
"41000","1","10","51","0","2017","4","",864,28576,27646,27776,530042524,0,0,1456,"",0.95,0.78,0.76,0.76,0.77,0.00,0.00,1.00,"",-7,-0.8,-13,0.0,-363,-1.3,-218,-0.8,12499545,2.4,0,0.0,0,0.0,44,3.1
"41000","2","10","51","0","2017","4","",950,55815,55761,55130,686018429,0,0,950,"",0.89,0.91,0.91,0.91,0.84,0.00,0.00,0.92,"",-25,-2.6,-386,-0.7,-413,-0.7,-632,-1.1,12356116,1.8,0,0.0,0,0.0,25,2.7
"41000","3","10","51","0","2017","4","",3564,210562,212843,212029,2797525814,64298456,846156,1016,"",1.38,1.11,1.12,1.13,1.29,0.46,1.03,1.16,"",17,0.5,854,0.4,293,0.1,1556,0.7,102234545,3.8,1309787,2.1,3802,0.5,33,3.4
"41000","5","10","51","0","2017","4","",146751,1616423,1612582,1608248,21123954854,6939840174,155125889,1008,"",0.99,1.00,0.99,0.99,0.98,1.02,1.00,0.99,"",4146,2.9,40616,2.6,37265,2.4,40241,2.6,1455880216,7.4,622039817,9.8,12999287,9.1,46,4.8
"41000","8","10","96","0","2017","4","",5378,294953,296250,294935,4013586767,64298456,846156,1045,"",1.18,1.03,1.03,1.03,1.09,0.28,0.82,1.06,"",-15,-0.3,455,0.2,-483,-0.2,706,0.2,127090206,3.3,1309787,2.1,3802,0.5,32,3.2
"41001","0","10","70","0","2017","4","",683,5594,5440,5355,50301261,18979936,397897,708,"",1.00,1.00,1.00,1.00,1.00,1.00,1.00,1.00,"",1,0.1,-71,-1.3,-9,-0.2,-64,-1.2,948309,1.9,1151052,6.5,27065,7.3,19,2.8
"41001","1","10","71","0","2017","4","",15,215,186,179,2810414,0,0,1118,"",3.66,2.00,1.79,1.74,2.03,0.00,0.00,1.10,"",0,0.0,-6,-2.7,-16,-7.9,-12,-6.3,-122275,-4.2,0,0.0,0,0.0,16,1.5
"41001","2","10","71","0","2017","4","",19,252,262,256,3220231,0,0,965,"",3.97,1.40,1.50,1.50,1.96,0.00,0.00,1.34,"",0,0.0,-4,-1.6,9,3.6,1,0.4,53403,1.7,0,0.0,0,0.0,8,0.8
"41001","3","10","71","0","2017","4","",47,715,731,709,6256492,121583,1680,670,"",4.05,1.29,1.35,1.34,1.45,0.32,0.80,1.09,"",2,4.4,-13,-1.8,8,1.1,-15,-2.1,317484,5.3,8348,7.4,26,1.6,40,6.3
"41001","5","10","71","0","2017","4","",602,4412,4261,4211,38014124,18858353,396217,681,"",0.91,0.93,0.92,0.93,0.89,1.03,1.00,0.96,"",-1,-0.2,-48,-1.1,-10,-0.2,-38,-0.9,699697,1.9,1142704,6.5,27039,7.3,18,2.7
"41003","0","10","70","0","2017","4","",2741,38911,39038,38317,504075543,102476732,2089322,1001,"",1.00,1.00,1.00,1.00,1.00,1.00,1.00,1.00,"",46,1.7,1447,3.9,1413,3.8,1175,3.2,27167105,5.7,11020303,12.0,186646,9.8,20,2.0
"41003","1","10","71","0","2017","4","",16,491,480,480,9085469,0,0,1445,"",0.97,0.66,0.64,0.65,0.66,0.00,0.00,1.01,"",-1,-5.9,-18,-3.5,-28,-5.5,-34,-6.6,127971,1.4,0,0.0,0,0.0,95,7.0
"41003","2","10","71","0","2017","4","",16,425,425,418,3998296,0,0,728,"",0.83,0.34,0.34,0.34,0.24,0.00,0.00,0.71,"",0,0.0,26,6.5,29,7.3,23,5.8,238075,6.3,0,0.0,0,0.0,-1,-0.1
"41003","3","10","71","0","2017","4","",78,9184,9169,9108,138419731,45101,908,1163,"",1.67,2.38,2.37,2.40,3.19,0.02,0.08,1.34,"",-1,-1.3,228,2.5,191,2.1,168,1.9,6647639,5.0,-4106,-8.3,116,14.6,31,2.7
"41003","5","10","71","0","2017","4","",2631,28811,28964,28311,352572047,102431631,2088414,945,"",0.99,0.87,0.87,0.87,0.82,1.03,1.01,0.94,"",48,1.9,1211,4.4,1221,4.4,1018,3.7,20153420,6.1,11024409,12.1,186530,9.8,17,1.8
"41005","0","10","70","0","2017","4","",15008,164307,164893,164872,2190889385,664221077,14400402,1023,"",1.00,1.00,1.00,1.00,1.00,1.00,1.00,1.00,"",519,3.6,5142,3.2,4424,2.8,5117,3.2,140604825,6.9,65367673,10.9,1327469,10.2,36,3.6
"41005","1","10","71","0","2017","4","",51,1074,1001,998,17338459,0,0,1302,"",0.57,0.34,0.32,0.31,0.29,0.00,0.00,0.89,"",0,0.0,-29,-2.6,-76,-7.1,-61,-5.8,-542251,-3.0,0,0.0,0,0.0,28,2.2
"41005","2","10","71","0","2017","4","",34,2700,2697,2669,23445400,0,0,671,"",0.32,0.51,0.51,0.51,0.33,0.00,0.00,0.64,"",-1,-2.9,61,2.3,51,1.9,27,1.0,-99533,-0.4,0,0.0,0,0.0,-14,-2.0
"41005","3","10","71","0","2017","4","",228,14318,14536,14492,181600703,955062,14950,967,"",0.89,0.88,0.89,0.89,0.96,0.07,0.20,1.09,"",-3,-1.3,251,1.8,288,2.0,384,2.7,9288189,5.4,41794,4.6,-869,-5.5,30,3.2
"41005","5","10","71","0","2017","4","",14695,146215,146659,146713,1968504823,663266015,14385452,1033,"",1.01,1.05,1.05,1.05,1.05,1.03,1.01,1.00,"",523,3.7,4859,3.4,4161,2.9,4767,3.4,131958420,7.2,65325879,10.9,1328338,10.2,38,3.8
"41007","0","10","70","0","2017","4","",1709,18814,18560,18210,174359866,65256920,1400248,724,"",1.00,1.00,1.00,1.00,1.00,1.00,1.00,1.00,"",66,4.0,345,1.9,353,1.9,299,1.7,8199136,4.9,5568317,9.3,89926,6.9,22,3.1
"41007","1","10","71","0","2017","4","",15,208,205,217,3212770,0,0,1177,"",1.46,0.57,0.58,0.62,0.67,0.00,0.00,1.14,"",0,0.0,5,2.5,13,6.8,16,8.0,634,0.0,0,0.0,0,0.0,-67,-5.4
"41007","2","10","71","0","2017","4","",23,389,370,363,4309595,0,0,886,"",1.92,0.64,0.62,0.63,0.76,0.00,0.00,1.20,"",0,0.0,-64,-14.1,-68,-15.5,-72,-16.6,-794288,-15.6,0,0.0,0,0.0,-2,-0.2
"41007","3","10","71","0","2017","4","",50,2256,2277,2292,22270100,668623,12347,753,"",1.72,1.21,1.24,1.27,1.49,0.52,1.68,1.20,"",-1,-2.0,36,1.6,79,3.6,78,3.5,1130692,5.3,50944,8.2,-670,-5.1,17,2.3
"41007","5","10","71","0","2017","4","",1621,15961,15708,15338,144567401,64588297,1387901,710,"",0.98,1.00,1.00,0.99,0.97,1.02,1.00,0.98,"",67,4.3,368,2.4,329,2.1,277,1.8,7862098,5.8,5517373,9.3,90596,7.0,25,3.6
"41009","0","10","70","0","2017","4","",1270,11746,11763,11600,116848212,40006560,897781,768,"",1.00,1.00,1.00,1.00,1.00,1.00,1.00,1.00,"",15,1.2,547,4.9,580,5.2,498,4.5,11127931,10.5,4723441,13.4,126270,16.4,39,5.3
"41009","1","10","71","0","2017","4","",7,71,72,71,969224,0,0,1045,"",0.92,0.31,0.32,0.32,0.30,0.00,0.00,0.95,"",0,0.0,1,1.4,4,5.9,0,0.0,-20547,-2.1,0,0.0,0,0.0,-48,-4.4
"41009","2","10","71","0","2017","4","",10,371,368,355,2860961,0,0,603,"",1.12,0.98,0.98,0.96,0.75,0.00,0.00,0.77,"",-1,-9.1,17,4.8,17,4.8,4,1.1,92414,3.3,0,0.0,0,0.0,-2,-0.3
"41009","3","10","71","0","2017","4","",54,1795,1846,1856,20849138,123399,2111,875,"",2.50,1.54,1.58,1.62,2.08,0.16,0.45,1.31,"",1,1.9,38,2.2,64,3.6,84,4.7,1333952,6.8,-44975,-26.7,-462,-18.0,27,3.2
"41009","5","10","71","0","2017","4","",1199,9509,9477,9318,92168889,39883161,895670,751,"",0.97,0.95,0.95,0.95,0.92,1.03,1.00,0.97,"",15,1.3,491,5.4,495,5.5,410,4.6,9722112,11.8,4768416,13.6,126732,16.5,44,6.2
"41011","0","10","70","0","2017","4","",1956,23085,23159,23038,225749302,81267343,1986055,752,"",1.00,1.00,1.00,1.00,1.00,1.00,1.00,1.00,"",7,0.4,317,1.4,349,1.5,225,1.0,9822432,4.5,4659331,6.1,119227,6.4,23,3.2
"41011","1","10","71","0","2017","4","",26,328,319,325,5230495,0,0,1242,"",2.22,0.74,0.72,0.73,0.84,0.00,0.00,1.15,"",-2,-7.1,7,2.2,7,2.2,9,2.8,212796,4.2,0,0.0,0,0.0,22,1.8
"41011","2","10","71","0","2017","4","",26,1077,1072,1053,8727056,0,0,629,"",1.90,1.45,1.45,1.43,1.18,0.00,0.00,0.82,"",0,0.0,14,1.3,9,0.8,-13,-1.2,21835,0.3,0,0.0,0,0.0,0,0.0
"41011","3","10","71","0","2017","4","",92,4717,4876,4870,55286484,1866552,32297,882,"",2.77,2.06,2.12,2.14,2.85,1.16,3.09,1.35,"",1,1.1,106,2.3,89,1.9,128,2.7,1111114,2.1,-96622,-4.9,-9816,-23.3,-2,-0.2
"41011","5","10","71","0","2017","4","",1812,16963,16892,16790,156505267,79400791,1953758,713,"",0.96,0.86,0.86,0.86,0.81,1.01,0.99,0.94,"",8,0.4,190,1.1,244,1.5,101,0.6,8476687,5.7,4755953,6.4,129043,7.1,31,4.5
"41013","0","10","70","0","2017","4","",674,6292,6190,6086,71461310,23044957,516699,888,"",1.00,1.00,1.00,1.00,1.00,1.00,1.00,1.00,"",21,3.2,98,1.6,121,2.0,99,1.7,3884199,5.7,2223912,10.7,36051,7.5,33,3.9
"41013","1","10","71","0","2017","4","",6,291,244,228,4057056,0,0,1227,"",1.48,2.40,2.06,1.94,2.07,0.00,0.00,0.97,"",0,0.0,-25,-7.9,-22,-8.3,-17,-6.9,5258,0.1,0,0.0,0,0.0,96,8.5
"41013","2","10","71","0","2017","4","",16,241,221,218,2166788,0,0,735,"",3.39,1.19,1.11,1.12,0.93,0.00,0.00,0.81,"",0,0.0,-14,-5.5,-21,-8.7,-12,-5.2,-4563,-0.2,0,0.0,0,0.0,46,6.7
"41013","3","10","71","0","2017","4","",23,772,789,781,8311853,164613,3723,819,"",2.01,1.24,1.28,1.30,1.35,0.36,1.37,1.06,"",1,4.5,-17,-2.2,17,2.2,27,3.6,328937,4.1,24034,17.1,406,12.2,23,2.9
"41013","5","10","71","0","2017","4","",629,4988,4936,4859,56925613,22880344,512976,889,"",0.96,0.93,0.94,0.94,0.93,1.03,1.00,1.00,"",20,3.3,154,3.2,147,3.1,101,2.1,3554567,6.7,2199878,10.6,35645,7.5,33,3.9
"41015","0","10","70","0","2017","4","",838,6682,6575,6581,60194789,24838332,565436,700,"",1.00,1.00,1.00,1.00,1.00,1.00,1.00,1.00,"",3,0.4,-94,-1.4,-26,-0.4,86,1.3,2138899,3.7,1481497,6.3,25337,4.7,26,3.9
"41015","1","10","71","0","2017","4","",10,89,73,68,1224962,0,0,1229,"",1.99,0.69,0.58,0.54,0.74,0.00,0.00,1.23,"",0,0.0,-2,-2.2,-6,-7.6,-3,-4.2,107487,9.6,0,0.0,0,0.0,159,14.9
"41015","2","10","71","0","2017","4","",13,247,248,245,1894379,0,0,591,"",2.21,1.15,1.18,1.17,0.96,0.00,0.00,0.83,"",0,0.0,-11,-4.3,1,0.4,-7,-2.8,31505,1.7,0,0.0,0,0.0,23,4.0
"41015","3","10","71","0","2017","4","",41,1049,1082,1106,12545476,597943,12498,894,"",2.88,1.58,1.66,1.70,2.42,1.22,4.20,1.47,"",0,0.0,19,1.8,11,1.0,43,4.0,1273187,11.3,-29111,-4.6,1082,9.5,72,8.8
"41015","5","10","71","0","2017","4","",774,5297,5172,5162,44529972,24240389,552938,657,"",0.95,0.93,0.93,0.92,0.87,1.01,0.98,0.93,"",3,0.4,-100,-1.9,-32,-0.6,53,1.0,726720,1.7,1510608,6.6,24255,4.6,14,2.2
"41017","0","10","70","0","2017","4","",8512,81173,81387,81073,922705973,330797354,7384995,874,"",1.00,1.00,1.00,1.00,1.00,1.00,1.00,1.00,"",496,6.2,2907,3.7,2833,3.6,3050,3.9,70007292,8.2,30241298,10.1,576587,8.5,36,4.3
"41017","1","10","71","0","2017","4","",34,952,884,872,15674279,0,0,1336,"",0.67,0.61,0.57,0.56,0.62,0.00,0.00,1.07,"",-2,-5.6,3,0.3,-29,-3.2,31,3.7,591831,3.9,0,0.0,0,0.0,48,3.7
"41017","2","10","71","0","2017","4","",39,1169,1158,1142,14073218,0,0,936,"",0.65,0.45,0.44,0.44,0.47,0.00,0.00,1.05,"",0,0.0,-10,-0.8,-33,-2.8,-45,-3.8,-254433,-1.8,0,0.0,0,0.0,6,0.6
"41017","3","10","71","0","2017","4","",155,7759,8017,7902,92048940,890897,21599,897,"",1.07,0.96,0.99,0.98,1.16,0.14,0.56,1.18,"",0,0.0,165,2.2,140,1.8,187,2.4,5424380,6.3,-239008,-21.2,-6763,-23.8,35,4.1
"41017","5","10","71","0","2017","4","",8284,71293,71328,71157,800909536,329906457,7363396,865,"",1.00,1.03,1.03,1.03,1.02,1.03,1.00,0.98,"",498,6.4,2749,4.0,2755,4.0,2877,4.2,64245514,8.7,30480306,10.2,583350,8.6,37,4.5
"41019","0","10","70","0","2017","4","",3177,38493,38378,38349,401232748,131112945,3172640,804,"",1.00,1.00,1.00,1.00,1.00,1.00,1.00,1.00,"",47,1.5,615,1.6,373,1.0,410,1.1,23137039,6.1,7985609,6.5,177947,5.9,37,4.8
"41019","1","10","71","0","2017","4","",39,1490,1422,1398,27368739,0,0,1465,"",2.05,2.01,1.94,1.89,2.48,0.00,0.00,1.27,"",0,0.0,25,1.7,4,0.3,18,1.3,2660428,10.8,0,0.0,0,0.0,127,9.5
"41019","2","10","71","0","2017","4","",26,1171,1178,1178,11610315,0,0,760,"",1.17,0.95,0.96,0.96,0.89,0.00,0.00,0.93,"",-1,-3.7,11,0.9,19,1.6,19,1.6,319495,2.8,0,0.0,0,0.0,11,1.5
"41019","3","10","71","0","2017","4","",125,5358,5444,5396,53188490,564497,9910,758,"",2.31,1.40,1.43,1.42,1.54,0.22,0.59,1.09,"",2,1.6,40,0.8,-34,-0.6,-74,-1.4,1978082,3.9,-22023,-3.8,-550,-5.3,31,4.3
"41019","5","10","71","0","2017","4","",2987,30474,30334,30377,309065204,130548448,3162730,782,"",0.97,0.93,0.93,0.93,0.90,1.03,1.00,0.97,"",46,1.6,539,1.8,384,1.3,447,1.5,18179034,6.2,8007632,6.5,178497,6.0,35,4.7
"41021","0","10","70","0","2017","4","",122,809,814,808,8308985,2323617,48261,789,"",1.00,1.00,1.00,1.00,1.00,1.00,1.00,1.00,"",4,3.4,28,3.6,18,2.3,13,1.6,396830,5.0,14993,0.6,-2717,-5.3,19,2.5
"41021","1","10","71","0","2017","4","",5,13,14,12,152669,0,0,903,"",6.83,0.83,0.90,0.77,0.67,0.00,0.00,0.80,"",0,0.0,2,18.2,0,0.0,1,9.1,36638,31.6,0,0.0,0,0.0,159,21.4
"41021","2","10","71","0","2017","4","N",3,0,0,0,0,0,0,0,"N",3.51,0,0,0,0,0,0,0,"N",0,0.0,0,0,0,0,0,0,0,0,0,0,0,0,0,0
"41021","3","10","71","0","2017","4","N",17,0,0,0,0,0,0,0,"N",8.20,0,0,0,0,0,0,0,"N",0,0.0,0,0,0,0,0,0,0,0,0,0,0,0,0,0
"41021","5","10","71","0","2017","4","",97,565,573,569,6272938,2186772,46908,848,"",0.82,0.82,0.83,0.83,0.88,0.97,0.98,1.07,"",4,4.3,27,5.0,22,4.0,16,2.9,362395,6.1,22654,1.0,-2082,-4.2,17,2.0
"41023","0","10","70","0","2017","4","",334,2588,2475,2393,24149380,9000296,215859,747,"",1.00,1.00,1.00,1.00,1.00,1.00,1.00,1.00,"",-3,-0.9,50,2.0,28,1.1,24,1.0,1238710,5.4,1191924,15.3,37055,20.7,28,3.9
"41023","1","10","71","0","2017","4","",14,317,238,198,3592165,0,0,1101,"",6.99,6.36,5.02,4.30,5.41,0.00,0.00,1.03,"",1,7.7,4,1.3,-47,-16.5,-25,-11.2,8810,0.2,0,0.0,0,0.0,94,9.3
"41023","2","10","71","0","2017","4","",15,159,137,136,1767488,0,0,944,"",6.41,1.91,1.73,1.78,2.24,0.00,0.00,1.24,"",0,0.0,-4,-2.5,4,3.0,5,3.8,116931,7.1,0,0.0,0,0.0,52,5.8
"41023","3","10","71","0","2017","4","",41,619,622,617,6634332,1425742,29322,824,"",7.22,2.41,2.53,2.61,3.19,8.00,25.81,1.27,"",0,0.0,15,2.5,16,2.6,25,4.2,210870,3.3,166935,13.3,6519,28.6,1,0.1
"41023","5","10","71","0","2017","4","",264,1493,1478,1442,12155395,7574554,186537,636,"",0.81,0.68,0.70,0.71,0.59,0.87,0.87,0.85,"",-4,-1.5,35,2.4,55,3.9,19,1.3,902099,8.0,1024989,15.6,30536,19.6,33,5.5
"41025","0","10","70","0","2017","4","",301,2469,2423,2393,21999650,6583527,152181,697,"",1.00,1.00,1.00,1.00,1.00,1.00,1.00,1.00,"",2,0.7,-15,-0.6,-26,-1.1,-29,-1.2,965091,4.6,61740,0.9,3546,2.4,37,5.6
"41025","1","10","71","0","2017","4","",13,247,208,194,3232425,0,0,1149,"",7.20,5.20,4.49,4.21,5.35,0.00,0.00,1.15,"",0,0.0,-1,-0.4,-27,-11.5,-17,-8.1,95085,3.0,0,0.0,0,0.0,106,10.2
"41025","2","10","71","0","2017","4","",9,147,148,144,1618065,0,0,851,"",4.27,1.85,1.91,1.89,2.25,0.00,0.00,1.20,"",0,0.0,5,3.5,4,2.8,4,2.9,94206,6.2,0,0.0,0,0.0,26,3.2
"41025","3","10","71","0","2017","4","",31,699,705,699,6849787,355155,11026,752,"",6.06,2.86,2.93,2.95,3.62,2.73,13.77,1.24,"",-1,-3.1,19,2.8,22,3.2,-5,-0.7,188265,2.8,-40010,-10.1,-975,-8.1,8,1.1
"41025","5","10","71","0","2017","4","",248,1376,1362,1356,10299373,6228372,141155,581,"",0.85,0.66,0.66,0.67,0.55,0.98,0.93,0.83,"",3,1.2,-38,-2.7,-25,-1.8,-11,-0.8,587535,6.0,101750,1.7,4521,3.3,43,8.0
"41027","0","10","70","0","2017","4","",1355,14168,13623,13729,141026895,60486012,1366254,784,"",1.00,1.00,1.00,1.00,1.00,1.00,1.00,1.00,"",35,2.7,1312,10.2,960,7.6,675,5.2,14610132,11.6,9361009,18.3,240527,21.4,28,3.7
"41027","1","10","71","0","2017","4","",8,128,98,92,1805284,0,0,1310,"",0.98,0.47,0.38,0.35,0.47,0.00,0.00,1.17,"",0,0.0,10,8.5,-9,-8.4,1,1.1,285521,18.8,0,0.0,0,0.0,200,18.0
"41027","2","10","71","0","2017","4","",10,131,145,141,1385824,0,0,767,"",1.05,0.29,0.33,0.32,0.30,0.00,0.00,0.96,"",0,0.0,-2,-1.5,-3,-2.0,-4,-2.8,4632,0.3,0,0.0,0,0.0,19,2.5
"41027","3","10","71","0","2017","4","",34,1100,1112,1113,12456992,278081,4487,865,"",1.48,0.78,0.82,0.82,1.03,0.23,0.62,1.27,"",0,0.0,-6,-0.5,-10,-0.9,16,1.5,363293,3.0,-41574,-13.0,-396,-8.1,26,3.1
"41027","5","10","71","0","2017","4","",1303,12809,12268,12383,125378795,60207931,1361767,772,"",0.99,1.06,1.06,1.06,1.04,1.03,1.00,0.98,"",35,2.8,1310,11.4,982,8.7,662,5.6,13956686,12.5,9402583,18.5,240923,21.5,27,3.6
"41029","0","10","70","0","2017","4","",7435,90134,90236,89398,973516575,360898237,8197077,833,"",1.00,1.00,1.00,1.00,1.00,1.00,1.00,1.00,"",219,3.0,2441,2.8,2509,2.9,1961,2.2,60137977,6.6,33719247,10.3,907125,12.4,31,3.9
"41029","1","10","71","0","2017","4","",45,1757,1710,1719,30470387,0,0,1356,"",1.01,1.01,0.99,1.00,1.14,0.00,0.00,1.14,"",-2,-4.3,-12,-0.7,-40,-2.3,-48,-2.7,704858,2.4,0,0.0,0,0.0,57,4.4
"41029","2","10","71","0","2017","4","",36,1641,1650,1615,16759786,0,0,788,"",0.69,0.57,0.57,0.57,0.53,0.00,0.00,0.93,"",-1,-2.7,-70,-4.1,-51,-3.0,-77,-4.6,-169106,-1.0,0,0.0,0,0.0,23,3.0
"41029","3","10","71","0","2017","4","",141,7903,8006,7935,90928138,17960171,47802,880,"",1.12,0.88,0.89,0.90,1.09,2.51,1.11,1.22,"",5,3.7,-422,-5.1,-510,-6.0,-515,-6.1,-733077,-0.8,17429,0.1,7075,17.4,44,5.3
"41029","5","10","71","0","2017","4","",7213,78833,78870,78129,835358264,342938066,8149275,817,"",1.00,1.03,1.03,1.03,1.00,0.98,1.00,0.98,"",217,3.1,2945,3.9,3110,4.1,2601,3.4,60335302,7.8,33701818,10.9,900050,12.4,30,3.8
"41031","0","10","70","0","2017","4","",593,6849,6709,6558,65796553,22954614,527417,755,"",1.00,1.00,1.00,1.00,1.00,1.00,1.00,1.00,"",30,5.3,50,0.7,63,0.9,70,1.1,3677276,5.9,1642810,7.7,44324,9.2,36,5.0
"41031","1","10","71","0","2017","4","",9,132,131,129,1789131,0,0,1053,"",2.53,1.00,1.02,1.02,0.99,0.00,0.00,0.98,"",0,0.0,5,3.9,6,4.8,4,3.2,-32502,-1.8,0,0.0,0,0.0,-62,-5.6
"41031","2","10","71","0","2017","4","",11,377,369,371,5062706,0,0,1046,"",2.65,1.71,1.72,1.77,2.36,0.00,0.00,1.36,"",0,0.0,-21,-5.3,-30,-7.5,-19,-4.9,114305,2.3,0,0.0,0,0.0,84,8.7
"41031","3","10","71","0","2017","4","",40,1952,1947,1911,18554208,1802894,38612,737,"",3.97,2.88,2.92,2.94,3.28,3.97,13.91,1.13,"",2,5.3,-59,-2.9,-63,-3.1,-28,-1.4,33760,0.2,-92418,-4.9,-6909,-15.2,20,2.8
"41031","5","10","71","0","2017","4","",533,4388,4262,4147,40390508,21151720,488805,728,"",0.93,0.75,0.75,0.74,0.72,0.95,0.93,0.96,"",28,5.5,125,2.9,150,3.6,113,2.8,3561713,9.7,1735228,8.9,51233,11.7,43,6.3
"41033","0","10","70","0","2017","4","",2531,27462,27033,27018,258515352,107952004,2545228,732,"",1.00,1.00,1.00,1.00,1.00,1.00,1.00,1.00,"",46,1.9,935,3.5,738,2.8,759,2.9,13198319,5.4,9042939,9.1,183067,7.7,16,2.2
"41033","1","10","71","0","2017","4","",19,288,237,235,3894176,0,0,1182,"",1.25,0.54,0.46,0.45,0.55,0.00,0.00,1.13,"",0,0.0,14,5.1,-2,-0.8,6,2.6,201757,5.5,0,0.0,0,0.0,34,3.0
"41033","2","10","71","0","2017","4","",14,820,790,777,6642737,0,0,642,"",0.79,0.93,0.91,0.90,0.79,0.00,0.00,0.86,"",-2,-12.5,-39,-4.5,-29,-3.5,-42,-5.1,-18821,-0.3,0,0.0,0,0.0,26,4.2
"41033","3","10","71","0","2017","4","",57,2685,2686,2665,29103705,249973,3501,836,"",1.32,0.99,1.00,1.00,1.31,0.12,0.26,1.32,"",2,3.6,53,2.0,75,2.9,66,2.5,2282377,8.5,91487,57.7,176,5.3,47,6.0
"41033","5","10","71","0","2017","4","",2441,23669,23320,23341,218874734,107702031,2541727,718,"",0.99,1.01,1.02,1.02,0.99,1.03,1.01,0.98,"",46,1.9,907,4.0,694,3.1,729,3.2,10733006,5.2,8951452,9.1,182891,7.8,12,1.7
"41035","0","10","70","0","2017","4","",2070,23998,23319,22998,233572608,87480848,2117895,767,"",1.00,1.00,1.00,1.00,1.00,1.00,1.00,1.00,"",56,2.8,365,1.5,220,1.0,180,0.8,12319407,5.6,5881109,7.2,110222,5.5,33,4.5
"41035","1","10","71","0","2017","4","",35,959,864,840,13567431,0,0,1176,"",2.82,2.08,1.94,1.90,2.11,0.00,0.00,1.07,"",1,2.9,58,6.4,21,2.5,31,3.8,508236,3.9,0,0.0,0,0.0,-4,-0.3
"41035","2","10","71","0","2017","4","",22,770,769,756,7790224,0,0,783,"",1.52,1.00,1.03,1.03,1.02,0.00,0.00,1.00,"",0,0.0,-34,-4.2,-23,-2.9,-35,-4.4,229091,3.0,0,0.0,0,0.0,52,7.1
"41035","3","10","71","0","2017","4","",150,3563,3575,3519,37084753,4902135,92927,803,"",4.26,1.50,1.54,1.55,1.85,2.83,8.34,1.21,"",0,0.0,30,0.8,24,0.7,36,1.0,1176576,3.3,506790,11.5,9764,11.7,19,2.4
"41035","5","10","71","0","2017","4","",1863,18706,18111,17883,175130200,82578713,2024968,739,"",0.93,0.92,0.91,0.91,0.88,0.98,0.96,0.96,"",55,3.0,311,1.7,198,1.1,148,0.8,10405504,6.3,5374319,7.0,100458,5.2,36,5.1
"41037","0","10","70","0","2017","4","",322,2621,2479,2441,24837433,7924513,179639,760,"",1.00,1.00,1.00,1.00,1.00,1.00,1.00,1.00,"",16,5.2,116,4.6,39,1.6,1,0.0,1193724,5.0,720564,10.0,20422,12.8,21,2.8
"41037","1","10","71","0","2017","4","",14,272,233,220,3422791,0,0,1089,"",7.25,5.39,4.91,4.68,5.01,0.00,0.00,1.00,"",0,0.0,2,0.7,-2,-0.9,-11,-4.8,-42789,-1.2,0,0.0,0,0.0,2,0.2
"41037","2","10","71","0","2017","4","",9,208,208,201,2586470,0,0,967,"",3.99,2.47,2.62,2.58,3.19,0.00,0.00,1.25,"",0,0.0,19,10.1,17,8.9,11,5.8,162404,6.7,0,0.0,0,0.0,-14,-1.4
"41037","3","10","71","0","2017","4","",21,679,666,657,6882707,1199343,19360,793,"",3.84,2.61,2.71,2.72,3.22,7.65,20.48,1.20,"",0,0.0,12,1.8,9,1.4,-16,-2.4,395109,6.1,-111576,-8.5,446,2.4,43,5.7
"41037","5","10","71","0","2017","4","",278,1462,1372,1363,11945465,6725170,160279,657,"",0.89,0.66,0.65,0.66,0.56,0.88,0.90,0.86,"",16,6.1,83,6.0,15,1.1,17,1.3,679000,6.0,832140,14.1,19976,14.2,20,3.1
"41039","0","10","70","0","2017","4","",12142,156807,156624,156374,1755313079,566232712,12680303,862,"",1.00,1.00,1.00,1.00,1.00,1.00,1.00,1.00,"",285,2.4,2780,1.8,1978,1.3,2470,1.6,59912240,3.5,46307410,8.9,1046294,9.0,16,1.9
"41039","1","10","71","0","2017","4","",62,1807,1736,1769,31468977,0,0,1367,"",0.85,0.60,0.58,0.59,0.65,0.00,0.00,1.11,"",0,0.0,60,3.4,16,0.9,9,0.5,1857080,6.3,0,0.0,0,0.0,60,4.6
"41039","2","10","71","0","2017","4","",56,3448,3449,3436,31928235,0,0,713,"",0.66,0.69,0.69,0.69,0.56,0.00,0.00,0.81,"",0,0.0,34,1.0,47,1.4,47,1.4,762687,2.4,0,0.0,0,0.0,8,1.1
"41039","3","10","71","0","2017","4","",289,21117,21388,21230,270349009,5483912,71134,979,"",1.40,1.36,1.38,1.37,1.79,0.49,1.07,1.31,"",5,1.8,267,1.3,155,0.7,282,1.3,10367145,4.0,481242,9.6,8658,13.9,27,2.8
"41039","5","10","71","0","2017","4","",11735,130435,130051,129939,1421566858,560748800,12609169,840,"",1.00,0.98,0.98,0.98,0.95,1.02,1.00,0.97,"",280,2.4,2419,1.9,1760,1.4,2132,1.7,46925328,3.4,45826168,8.9,1037636,9.0,14,1.7
"41041","0","10","70","0","2017","4","",1896,18578,18184,17871,172686004,61700824,1385031,729,"",1.00,1.00,1.00,1.00,1.00,1.00,1.00,1.00,"",12,0.6,401,2.2,194,1.1,-12,-0.1,9314645,5.7,6076225,10.9,120203,9.5,31,4.4
"41041","1","10","71","0","2017","4","",20,327,318,323,5679652,0,0,1354,"",1.76,0.91,0.91,0.94,1.20,0.00,0.00,1.30,"",0,0.0,-8,-2.4,-1,-0.3,5,1.6,91675,1.6,0,0.0,0,0.0,27,2.0
"41041","2","10","71","0","2017","4","",22,636,614,604,5265043,0,0,655,"",1.66,1.07,1.05,1.06,0.93,0.00,0.00,0.88,"",0,0.0,-8,-1.2,-5,-0.8,-16,-2.6,-196838,-3.6,0,0.0,0,0.0,-14,-2.1
"41041","3","10","71","0","2017","4","",82,3128,3158,3158,37662287,869663,17186,920,"",2.54,1.70,1.75,1.79,2.54,0.71,2.36,1.45,"",0,0.0,56,1.8,35,1.1,33,1.1,2080973,5.8,320827,58.5,6113,55.2,39,4.4
"41041","5","10","71","0","2017","4","",1772,14487,14094,13786,124079022,60831161,1367845,676,"",0.96,0.92,0.91,0.91,0.84,1.02,0.99,0.92,"",12,0.7,361,2.6,165,1.2,-34,-0.2,7338835,6.3,5755398,10.4,114090,9.1,33,5.1
"41043","0","10","70","0","2017","4","",3519,46945,46753,46886,499248759,169932950,3942649,820,"",1.00,1.00,1.00,1.00,1.00,1.00,1.00,1.00,"",76,2.2,1027,2.2,842,1.8,1164,2.5,187318,0.0,16463358,10.7,409938,11.6,-17,-2.0
"41043","1","10","71","0","2017","4","",26,307,308,318,5533948,0,0,1369,"",1.23,0.34,0.34,0.35,0.40,0.00,0.00,1.17,"",0,0.0,-11,-3.5,-13,-4.0,-2,-0.6,-55815,-1.0,0,0.0,0,0.0,24,1.8
"41043","2","10","71","0","2017","4","",32,1393,1382,1370,11593193,0,0,645,"",1.30,0.92,0.92,0.92,0.71,0.00,0.00,0.77,"",0,0.0,-33,-2.3,-40,-2.8,-39,-2.8,3074,0.0,0,0.0,0,0.0,17,2.7
"41043","3","10","71","0","2017","4","",115,6057,6059,6071,61722767,230641,3547,783,"",1.92,1.30,1.31,1.31,1.44,0.07,0.17,1.10,"",0,0.0,39,0.6,45,0.7,143,2.4,3545874,6.1,80028,53.1,1028,40.8,35,4.7
"41043","5","10","71","0","2017","4","",3346,39188,39004,39127,420398851,169702309,3939102,827,"",0.98,0.98,0.98,0.98,0.99,1.03,1.01,1.00,"",76,2.3,1032,2.7,850,2.2,1062,2.8,-3305815,-0.8,16383330,10.7,408910,11.6,-28,-3.3
"41045","0","10","70","0","2017","4","",1056,13578,13189,12887,118867073,47574401,1103558,692,"",1.00,1.00,1.00,1.00,1.00,1.00,1.00,1.00,"",19,1.8,93,0.7,-6,0.0,-8,-0.1,5034864,4.4,3950961,9.1,75201,7.3,28,4.2
"41045","1","10","71","0","2017","4","",15,228,190,198,2794835,0,0,1047,"",2.37,0.87,0.75,0.80,0.86,0.00,0.00,1.06,"",1,7.1,4,1.8,-19,-9.1,-4,-2.0,-101401,-3.5,0,0.0,0,0.0,-6,-0.6
"41045","2","10","71","0","2017","4","",20,1267,1272,1259,19192339,0,0,1166,"",2.70,2.91,3.01,3.06,4.95,0.00,0.00,1.65,"",0,0.0,-7,-0.5,-10,-0.8,-1,-0.1,337884,1.8,0,0.0,0,0.0,26,2.3
"41045","3","10","71","0","2017","4","",76,1915,1915,1890,15986236,539154,9277,645,"",4.23,1.42,1.46,1.48,1.56,0.57,1.60,1.07,"",0,0.0,32,1.7,-11,-0.6,-7,-0.4,572546,3.7,-20411,-3.6,-1541,-14.2,22,3.5
"41045","5","10","71","0","2017","4","",945,10168,9812,9540,80893663,47035247,1094281,632,"",0.92,0.88,0.88,0.87,0.80,1.02,1.00,0.91,"",18,1.9,64,0.6,34,0.3,4,0.0,4225835,5.5,3971372,9.2,76742,7.5,31,5.2
"41047","0","10","70","0","2017","4","",10807,154054,153487,152302,1794032720,510894806,11273899,900,"",1.00,1.00,1.00,1.00,1.00,1.00,1.00,1.00,"",414,4.0,2308,1.5,1857,1.2,2665,1.8,102870229,6.1,43447084,9.3,831454,8.0,39,4.5
"41047","1","10","71","0","2017","4","",55,1284,1266,1281,22085427,0,0,1330,"",0.85,0.43,0.43,0.44,0.45,0.00,0.00,1.03,"",-1,-1.8,-24,-1.8,-34,-2.6,-51,-3.8,-231246,-1.0,0,0.0,0,0.0,23,1.8
"41047","2","10","71","0","2017","4","",182,20303,20492,20190,322552522,0,0,1221,"",2.40,4.11,4.17,4.16,5.51,0.00,0.00,1.33,"",-12,-6.2,-399,-1.9,-363,-1.7,-451,-2.2,8017919,2.5,0,0.0,0,0.0,54,4.6
"41047","3","10","71","0","2017","4","",320,15254,15322,15273,181740347,2090156,14510,915,"",1.74,1.00,1.01,1.01,1.18,0.21,0.24,1.17,"",-3,-0.9,-104,-0.7,-230,-1.5,-38,-0.2,656804,0.4,211115,11.2,-27,-0.2,11,1.2
"41047","5","10","71","0","2017","4","",10250,117213,116407,115558,1267654424,508804650,11259389,838,"",0.98,0.90,0.89,0.89,0.83,1.03,1.01,0.93,"",430,4.4,2835,2.5,2484,2.2,3205,2.9,94426752,8.0,43235969,9.3,831481,8.0,43,5.4
"41049","0","10","70","0","2017","4","",349,6048,5849,5716,78560099,25893538,621578,1029,"",1.00,1.00,1.00,1.00,1.00,1.00,1.00,1.00,"",2,0.6,370,6.5,320,5.8,236,4.3,9747317,14.2,2998923,13.1,94249,17.9,77,8.1
"41049","1","10","71","0","2017","4","",7,61,52,47,707664,0,0,1021,"",3.34,0.52,0.46,0.43,0.33,0.00,0.00,0.69,"",0,0.0,0,0.0,-8,-13.3,-5,-9.6,20762,3.0,0,0.0,0,0.0,105,11.5
"41049","2","10","71","0","2017","4","",9,135,134,133,1194767,0,0,686,"",3.68,0.70,0.72,0.73,0.47,0.00,0.00,0.65,"",0,0.0,8,6.3,4,3.1,5,3.9,51525,4.5,0,0.0,0,0.0,1,0.1
"41049","3","10","71","0","2017","4","",34,872,849,852,10155172,494043,9589,911,"",5.73,1.46,1.46,1.51,1.50,0.96,2.93,1.02,"",-1,-2.9,58,7.1,22,2.7,50,6.2,1020410,11.2,-20804,-4.0,78,0.8,48,5.6
"41049","5","10","71","0","2017","4","",299,4980,4814,4684,66502496,25399495,611989,1060,"",0.88,0.97,0.97,0.96,0.99,1.01,0.99,1.02,"",3,1.0,304,6.5,302,6.7,186,4.1,8654620,15.0,3019727,13.5,94171,18.2,85,8.7
"41051","0","10","70","0","2017","4","",34895,508435,510355,511124,7594897893,1802486019,39979249,1146,"",1.00,1.00,1.00,1.00,1.00,1.00,1.00,1.00,"",1047,3.1,10326,2.1,10251,2.0,11879,2.4,463043380,6.5,160540535,9.8,3433002,9.4,47,4.3
"41051","1","10","71","0","2017","4","",92,12297,12287,12500,261564330,0,0,1628,"",0.44,1.26,1.26,1.27,1.25,0.00,0.00,0.99,"",-1,-1.1,-49,-0.4,-35,-0.3,-133,-1.1,4926624,1.9,0,0.0,0,0.0,40,2.5
"41051","2","10","71","0","2017","4","",98,8514,8440,8452,86251375,0,0,783,"",0.40,0.52,0.52,0.52,0.35,0.00,0.00,0.67,"",-2,-2.0,160,1.9,90,1.1,131,1.6,2303985,2.7,0,0.0,0,0.0,9,1.2
"41051","3","10","71","0","2017","4","",480,56026,56615,56706,942700344,907794,12318,1285,"",0.81,1.11,1.12,1.12,1.44,0.03,0.06,1.29,"",6,1.3,46,0.1,-96,-0.2,392,0.7,31495816,3.5,-232132,-20.4,322,2.7,41,3.3
"41051","5","10","71","0","2017","4","",34225,431598,433013,433466,6304381844,1801578225,39966931,1121,"",1.01,1.00,1.00,1.00,0.97,1.03,1.01,0.97,"",1044,3.1,10169,2.4,10292,2.4,11489,2.7,424316955,7.2,160772667,9.8,3432680,9.4,49,4.6
"41053","0","10","70","0","2017","4","",1957,21036,20575,20212,194568084,72940521,1610802,726,"",1.00,1.00,1.00,1.00,1.00,1.00,1.00,1.00,"",49,2.6,1226,6.2,635,3.2,679,3.5,13926810,7.7,7670499,11.8,133083,9.0,23,3.3
"41053","1","10","71","0","2017","4","",12,105,106,119,1626480,0,0,1137,"",1.02,0.26,0.27,0.31,0.30,0.00,0.00,1.10,"",1,9.1,33,45.8,33,45.2,47,65.3,598377,58.2,0,0.0,0,0.0,44,4.0
"41053","2","10","71","0","2017","4","",10,702,693,690,5754708,0,0,637,"",0.73,1.04,1.05,1.07,0.91,0.00,0.00,0.86,"",0,0.0,-28,-3.8,-32,-4.4,-30,-4.2,-398182,-6.5,0,0.0,0,0.0,-16,-2.5
"41053","3","10","71","0","2017","4","",71,4659,4673,4683,55456546,6881151,165264,913,"",2.13,2.24,2.29,2.34,3.31,4.77,19.49,1.45,"",5,7.6,-59,-1.3,-66,-1.4,-62,-1.3,2989264,5.7,182699,2.7,-15214,-8.4,60,7.0
"41053","5","10","71","0","2017","4","",1864,15570,15103,14720,131730350,66059370,1445538,670,"",0.98,0.87,0.86,0.86,0.79,0.94,0.90,0.92,"",43,2.4,1280,9.0,700,4.9,724,5.2,10737351,8.9,7487800,12.8,148297,11.4,16,2.4
"41055","0","10","70","0","2017","4","",109,813,788,801,8995791,2019475,50332,864,"",1.00,1.00,1.00,1.00,1.00,1.00,1.00,1.00,"",-1,-0.9,-37,-4.4,-45,-5.4,-35,-4.2,-759869,-7.8,-191981,-8.7,-4250,-7.8,-30,-3.4
"41055","1","10","71","0","2017","4","",8,132,137,135,2668792,0,0,1524,"",12.24,8.43,9.08,8.75,10.79,0.00,0.00,1.23,"",0,0.0,0,0.0,2,1.5,-2,-1.5,17868,0.7,0,0.0,0,0.0,10,0.7
"41055","2","10","71","0","2017","4","",6,48,44,44,497095,0,0,843,"",7.86,1.84,1.74,1.72,1.69,0.00,0.00,0.96,"",0,0.0,9,23.1,8,22.2,7,18.9,92593,22.9,0,0.0,0,0.0,10,1.2
"41055","3","10","71","0","2017","4","",19,144,141,160,1107848,92747,2033,575,"",10.26,1.79,1.80,2.02,1.43,2.32,7.67,0.77,"",0,0.0,7,5.1,-2,-1.4,-5,-3.0,43845,4.1,3773,4.2,480,30.9,23,4.2
"41055","5","10","71","0","2017","4","",76,489,466,462,4722056,1926728,48299,769,"",0.72,0.71,0.70,0.68,0.61,0.99,0.97,0.89,"",-1,-1.3,-53,-9.8,-53,-10.2,-35,-7.0,-914175,-16.2,-195754,-9.2,-4730,-8.9,-66,-7.9
"41057","0","10","70","0","2017","4","",983,9534,9322,9200,91859332,32486975,692059,756,"",1.00,1.00,1.00,1.00,1.00,1.00,1.00,1.00,"",2,0.2,71,0.8,-26,-0.3,20,0.2,4042834,4.6,1827809,6.0,26356,4.0,32,4.4
"41057","1","10","71","0","2017","4","",15,105,106,104,1475468,0,0,1081,"",2.54,0.57,0.59,0.59,0.58,0.00,0.00,1.00,"",0,0.0,-6,-5.4,3,2.9,2,2.0,-21960,-1.5,0,0.0,0,0.0,-13,-1.2
"41057","2","10","71","0","2017","4","",21,392,370,368,4561830,0,0,932,"",3.05,1.28,1.24,1.25,1.52,0.00,0.00,1.21,"",-1,-4.5,-2,-0.5,-14,-3.6,-12,-3.2,117330,2.6,0,0.0,0,0.0,46,5.2
"41057","3","10","71","0","2017","4","",73,1461,1486,1449,15265441,747963,14148,801,"",4.37,1.55,1.61,1.59,1.93,1.16,3.88,1.22,"",1,1.4,28,2.0,35,2.4,37,2.6,567894,3.9,61034,8.9,2247,18.9,11,1.4
"41057","5","10","71","0","2017","4","",874,7576,7360,7279,70556593,31739012,677911,733,"",0.92,0.94,0.93,0.93,0.90,1.01,0.99,0.96,"",2,0.2,51,0.7,-50,-0.7,-7,-0.1,3379570,5.0,1766775,5.9,24109,3.7,35,5.0
"41059","0","10","70","0","2017","4","",2223,31735,31025,30065,314740502,128059368,3009359,782,"",1.00,1.00,1.00,1.00,1.00,1.00,1.00,1.00,"",22,1.0,442,1.4,268,0.9,112,0.4,16115155,5.4,7891241,6.6,138299,4.8,33,4.4
"41059","1","10","71","0","2017","4","",33,505,486,456,8568930,0,0,1367,"",2.48,0.83,0.82,0.79,0.99,0.00,0.00,1.22,"",0,0.0,-2,-0.4,-20,-4.0,-10,-2.1,165619,2.0,0,0.0,0,0.0,56,4.3
"41059","2","10","71","0","2017","4","",45,1809,1777,1730,23778704,0,0,1032,"",2.89,1.78,1.79,1.80,2.31,0.00,0.00,1.29,"",-3,-6.2,-11,-0.6,-7,-0.4,-30,-1.7,-167216,-0.7,0,0.0,0,0.0,2,0.2
"41059","3","10","71","0","2017","4","",105,5200,5236,5213,54769604,4822553,114710,808,"",2.78,1.65,1.70,1.75,2.02,1.90,7.24,1.19,"",-3,-2.8,67,1.3,91,1.8,97,1.9,2535612,4.9,81998,1.7,1158,1.0,25,3.2
"41059","5","10","71","0","2017","4","",2040,24221,23526,22666,227623264,123236815,2894649,746,"",0.95,0.90,0.89,0.89,0.85,0.99,0.97,0.95,"",28,1.4,388,1.6,204,0.9,55,0.2,13581140,6.3,7809243,6.8,137141,5.0,38,5.4
"41061","0","10","70","0","2017","4","",992,10239,10121,10082,99288945,31985762,711009,753,"",1.00,1.00,1.00,1.00,1.00,1.00,1.00,1.00,"",18,1.8,72,0.7,40,0.4,138,1.4,5847163,6.3,2879353,9.9,53956,8.2,39,5.5
"41061","1","10","71","0","2017","4","",16,244,199,183,3281960,0,0,1210,"",2.69,1.24,1.03,0.94,1.20,0.00,0.00,1.12,"",0,0.0,-1,-0.4,-18,-8.3,4,2.2,129422,4.1,0,0.0,0,0.0,75,6.6
"41061","2","10","71","0","2017","4","",19,479,485,468,5875007,0,0,947,"",2.73,1.46,1.50,1.46,1.81,0.00,0.00,1.23,"",0,0.0,7,1.5,8,1.7,-4,-0.8,213289,3.8,0,0.0,0,0.0,28,3.0
"41061","3","10","71","0","2017","4","",47,1587,1555,1566,14843639,180392,3797,728,"",2.79,1.56,1.55,1.57,1.74,0.28,1.01,1.11,"",0,0.0,-6,-0.4,-40,-2.5,3,0.2,457028,3.2,50718,39.1,813,27.2,29,4.1
"41061","5","10","71","0","2017","4","",910,7929,7882,7865,75288339,31805370,707212,734,"",0.95,0.91,0.92,0.92,0.89,1.03,1.00,0.97,"",18,2.0,72,0.9,90,1.2,135,1.7,5047424,7.2,2828635,9.8,53143,8.1,41,5.9
"41063","0","10","70","0","2017","4","",438,2641,2480,2412,23272041,9511796,229410,713,"",1.00,1.00,1.00,1.00,1.00,1.00,1.00,1.00,"",-10,-2.2,-30,-1.1,-87,-3.4,-69,-2.8,826342,3.7,572727,6.4,16549,7.8,42,6.3
"41063","1","10","71","0","2017","4","",9,83,70,65,991381,0,0,1049,"",3.43,1.63,1.47,1.40,1.55,0.00,0.00,1.03,"",0,0.0,-31,-27.2,-23,-24.7,-9,-12.2,-294999,-22.9,0,0.0,0,0.0,-7,-0.7
"41063","2","10","71","0","2017","4","",11,130,122,120,1027128,0,0,637,"",3.58,1.53,1.54,1.56,1.35,0.00,0.00,0.88,"",1,10.0,4,3.2,-3,-2.4,-3,-2.4,23967,2.4,0,0.0,0,0.0,18,2.9
"41063","3","10","71","0","2017","4","",24,484,471,476,5477965,149887,3118,883,"",3.22,1.85,1.91,1.99,2.74,0.80,2.58,1.43,"",0,0.0,-6,-1.2,-12,-2.5,10,2.1,390871,7.7,59384,65.6,1658,113.6,67,8.2
"41063","5","10","71","0","2017","4","",394,1944,1817,1751,15775567,9361909,226292,660,"",0.93,0.87,0.86,0.85,0.79,1.02,0.99,0.92,"",-11,-2.7,3,0.2,-49,-2.6,-67,-3.7,706503,4.7,513343,5.8,14891,7.0,42,6.8
"41065","0","10","70","0","2017","4","",1048,11108,11161,11034,112727004,41626243,859540,781,"",1.00,1.00,1.00,1.00,1.00,1.00,1.00,1.00,"",30,2.9,-165,-1.5,-110,-1.0,-38,-0.3,2235939,2.0,3092967,8.0,85359,11.0,22,2.9
"41065","1","10","71","0","2017","4","",17,287,287,290,5883293,0,0,1571,"",2.70,1.34,1.34,1.36,1.90,0.00,0.00,1.41,"",0,0.0,-7,-2.4,-12,-4.0,-7,-2.4,42751,0.7,0,0.0,0,0.0,57,3.8
"41065","2","10","71","0","2017","4","",19,350,346,340,3799542,0,0,846,"",2.59,0.98,0.97,0.97,1.03,0.00,0.00,1.06,"",0,0.0,0,0.0,1,0.3,0,0.0,-52117,-1.4,0,0.0,0,0.0,-13,-1.5
"41065","3","10","71","0","2017","4","",60,1478,1490,1475,15533378,5759311,34601,807,"",3.37,1.34,1.34,1.35,1.60,6.99,7.65,1.19,"",0,0.0,-100,-6.3,-85,-5.4,-86,-5.5,135258,0.9,-212636,-3.6,-1870,-5.1,53,7.0
"41065","5","10","71","0","2017","4","",952,8993,9038,8929,87510791,35866932,824939,749,"",0.94,0.95,0.95,0.95,0.91,0.89,0.97,0.95,"",30,3.3,-58,-0.6,-14,-0.2,55,0.6,2110047,2.5,3305603,10.2,87229,11.8,18,2.5
"41067","0","10","70","0","2017","4","",19358,292583,294410,295155,4996675177,1091926468,23725749,1307,"",1.00,1.00,1.00,1.00,1.00,1.00,1.00,1.00,"",512,2.7,5563,1.9,5819,2.0,6943,2.4,469496634,10.4,107867906,11.0,2036062,9.4,98,8.1
"41067","1","10","71","0","2017","4","",28,811,813,836,15489460,0,0,1453,"",0.24,0.14,0.14,0.15,0.11,0.00,0.00,0.78,"",-2,-6.7,-13,-1.6,5,0.6,27,3.3,352552,2.3,0,0.0,0,0.0,22,1.5
"41067","2","10","71","0","2017","4","",34,3336,3349,3316,38025421,0,0,877,"",0.25,0.36,0.36,0.35,0.23,0.00,0.00,0.66,"",-1,-2.9,9,0.3,31,0.9,22,0.7,865658,2.3,0,0.0,0,0.0,14,1.6
"41067","3","10","71","0","2017","4","",234,19873,20159,20078,270467983,308305,4781,1038,"",0.71,0.69,0.69,0.69,0.63,0.01,0.04,0.92,"",1,0.4,183,0.9,167,0.8,273,1.4,12401602,4.8,40543,15.1,563,13.3,37,3.7
"41067","5","10","71","0","2017","4","",19062,268563,270089,270925,4672692313,1091618163,23720968,1332,"",1.02,1.08,1.08,1.08,1.10,1.03,1.01,1.01,"",514,2.8,5384,2.0,5616,2.1,6621,2.5,455876822,10.8,107827363,11.0,2035499,9.4,103,8.4
"41069","0","10","70","0","2017","4","",66,323,327,303,2271193,830505,16508,550,"",1.00,1.00,1.00,1.00,1.00,1.00,1.00,1.00,"",6,10.0,14,4.5,18,5.8,-5,-1.6,61175,2.8,-27725,-3.2,-3440,-17.2,-1,-0.2
"41069","1","10","71","0","2017","4","",3,4,4,4,39644,0,0,762,"",7.58,0.64,0.64,0.69,0.64,0.00,0.00,0.97,"",0,0.0,-1,-20.0,-1,-20.0,-1,-20.0,-19486,-33.0,0,0.0,0,0.0,-148,-16.3
"41069","2","10","71","0","2017","4","N",2,0,0,0,0,0,0,0,"N",4.32,0,0,0,0,0,0,0,"N",0,0.0,0,0,0,0,0,0,0,0,0,0,0,0,0,0
"41069","3","10","71","0","2017","4","N",10,0,0,0,0,0,0,0,"N",8.91,0,0,0,0,0,0,0,"N",0,0.0,0,0,0,0,0,0,0,0,0,0,0,0,0,0
"41069","5","10","71","0","2017","4","",51,200,196,180,1301827,784539,15198,522,"",0.80,0.73,0.71,0.70,0.67,0.98,0.93,0.94,"",6,13.3,12,6.4,11,5.9,-5,-2.7,43186,3.4,-29329,-3.6,-3515,-18.8,1,0.2
"41071","0","10","70","0","2017","4","",3216,36756,35873,35625,383411311,141065194,2973101,817,"",1.00,1.00,1.00,1.00,1.00,1.00,1.00,1.00,"",61,1.9,1339,3.8,833,2.4,960,2.8,23495652,6.5,15507597,12.4,307066,11.5,27,3.4
"41071","1","10","71","0","2017","4","",16,453,451,456,7545550,0,0,1280,"",0.83,0.64,0.66,0.66,0.72,0.00,0.00,1.10,"",-1,-5.9,-40,-8.1,-39,-8.0,-28,-5.8,-177067,-2.3,0,0.0,0,0.0,65,5.3
"41071","2","10","71","0","2017","4","",12,536,537,534,4073803,0,0,585,"",0.53,0.45,0.47,0.47,0.33,0.00,0.00,0.70,"",0,0.0,-9,-1.7,-19,-3.4,-17,-3.1,-16966,-0.4,0,0.0,0,0.0,14,2.5
"41071","3","10","71","0","2017","4","",90,3803,3860,3747,41951333,363296,3848,848,"",1.65,1.04,1.08,1.06,1.27,0.13,0.25,1.20,"",-1,-1.1,-135,-3.4,-116,-2.9,-144,-3.7,405400,1.0,61411,20.3,1654,75.4,36,4.4
"41071","5","10","71","0","2017","4","",3098,31964,31025,30888,329840625,140701898,2969253,811,"",0.99,1.02,1.02,1.02,1.01,1.03,1.01,0.99,"",63,2.1,1523,5.0,1007,3.4,1149,3.9,23284285,7.6,15446186,12.3,305412,11.5,27,3.4
"41999","0","10","70","0","2017","4","",5444,23968,23815,23917,426584794,119365249,2946623,1373,"",1.00,1.00,1.00,1.00,1.00,1.00,1.00,1.00,"",-39,-0.7,-1264,-5.0,-959,-3.9,-701,-2.8,-7202039,-1.7,415947,0.3,-32388,-1.1,32,2.4
"41999","1","10","71","0","2017","4","",49,214,211,217,3738407,0,0,1344,"",1.50,0.46,0.46,0.47,0.32,0.00,0.00,0.68,"",1,2.1,40,23.0,50,31.1,51,30.7,411843,12.4,0,0.0,0,0.0,-188,-12.3
"41999","2","10","71","0","2017","4","N",1,0,0,0,0,0,0,0,"N",0.03,0,0,0,0,0,0,0,"N",-1,-50.0,0,0,0,0,0,0,0,0,0,0,0,0,0,0
"41999","3","10","71","0","2017","4","N",10,0,0,0,0,0,0,0,"N",0.11,0,0,0,0,0,0,0,"N",-3,-23.1,0,0,0,0,0,0,0,0,0,0,0,0,0,0
"41999","5","10","71","0","2017","4","",5384,23681,23538,23634,421867423,119342336,2946051,1374,"",1.02,1.16,1.16,1.16,1.16,1.03,1.01,1.00,"",-36,-0.7,-1288,-5.2,-979,-4.0,-735,-3.0,-7655956,-1.8,435230,0.4,-32430,-1.1,32,2.4
"42000","0","10","50","0","2017","4","",353949,5857661,5876113,5872180,82002816752,4648934922,249294854,1075,"",1.00,1.00,1.00,1.00,1.00,1.00,1.00,1.00,"",827,0.2,61770,1.1,68557,1.2,71302,1.2,3640748622,4.6,207801556,4.7,-1268542,-0.5,36,3.5
"42000","1","10","51","0","2017","4","",2730,96564,96552,97820,1875172169,0,0,1487,"",1.29,0.86,0.86,0.86,0.83,0.00,0.00,0.97,"",-15,-0.5,-274,-0.3,-266,-0.3,-946,-1.0,50907715,2.8,0,0.0,0,0.0,47,3.3
"42000","2","10","51","0","2017","4","",1450,132003,133955,133096,1985508942,1034,27,1148,"",0.58,0.70,0.71,0.71,0.74,0.00,0.00,1.05,"",-5,-0.3,-2795,-2.1,-2229,-1.6,-2073,-1.5,24580137,1.3,-11262,-91.6,-318,-92.2,34,3.1
"42000","3","10","51","0","2017","4","",9128,456211,458669,456041,5878767595,18405639,938444,990,"",1.52,0.79,0.79,0.78,0.83,0.20,0.72,1.06,"",-15,-0.2,129,0.0,-670,-0.1,-683,-0.1,145381643,2.5,-2489614,-11.9,-281718,-23.1,26,2.7
"42000","5","10","51","0","2017","4","",340641,5172883,5186937,5185223,72263368046,4630528249,248356383,1073,"",0.99,1.04,1.04,1.04,1.03,1.03,1.00,0.99,"",862,0.3,64710,1.3,71722,1.4,75004,1.5,3419879127,5.0,210302432,4.8,-986506,-0.4,37,3.6
"42000","8","10","96","0","2017","4","",13308,684778,689176,686957,9739448706,18406673,938471,1091,"",1.25,0.78,0.78,0.78,0.81,0.12,0.57,1.04,"",-35,-0.3,-2940,-0.4,-3165,-0.5,-3702,-0.5,220869495,2.3,-2500876,-12.0,-282036,-23.1,30,2.8
"42001","0","10","70","0","2017","4","",2187,35975,35173,34945,375212989,28667757,1415947,816,"",1.00,1.00,1.00,1.00,1.00,1.00,1.00,1.00,"",2,0.1,107,0.3,184,0.5,146,0.4,16634326,4.6,-2901161,-9.2,-165307,-10.5,33,4.2
"42001","1","10","71","0","2017","4","",28,669,664,662,14391838,0,0,1665,"",2.13,0.97,0.99,0.98,1.40,0.00,0.00,1.43,"",0,0.0,-24,-3.5,-16,-2.4,-16,-2.4,427678,3.1,0,0.0,0,0.0,94,6.0
"42001","2","10","71","0","2017","4","",13,182,187,190,2343351,0,0,967,"",0.85,0.16,0.17,0.17,0.19,0.00,0.00,1.16,"",1,8.3,-5,-2.7,-7,-3.6,0,0.0,-37220,-1.6,0,0.0,0,0.0,5,0.5
"42001","3","10","71","0","2017","4","",95,3288,3325,3272,39334908,184095,7147,918,"",2.56,0.92,0.95,0.95,1.22,0.32,0.96,1.30,"",4,4.4,170,5.5,158,5.0,149,4.8,2576567,7.0,50302,37.6,1794,33.5,16,1.8
"42001","5","10","71","0","2017","4","",2051,31836,30997,30821,319142892,28483662,1408800,786,"",0.97,1.04,1.04,1.04,1.00,1.03,1.00,0.96,"",-3,-0.1,-34,-0.1,49,0.2,13,0.0,13667301,4.5,-2951463,-9.4,-167101,-10.6,33,4.4
"42003","0","10","70","0","2017","4","",35275,701083,702411,702657,10693417317,521880821,28196040,1172,"",1.00,1.00,1.00,1.00,1.00,1.00,1.00,1.00,"",-101,-0.3,8954,1.3,6799,1.0,8461,1.2,398982116,3.9,20207058,4.0,-340861,-1.2,31,2.7
"42003","1","10","71","0","2017","4","",172,12734,12728,13073,255974911,0,0,1533,"",0.81,0.94,0.95,0.97,0.87,0.00,0.00,0.91,"",0,0.0,-81,-0.6,-15,-0.1,-262,-2.0,4395419,1.7,0,0.0,0,0.0,40,2.7
"42003","2","10","71","0","2017","4","",42,4329,4394,4426,56983967,0,0,1000,"",0.17,0.19,0.20,0.20,0.16,0.00,0.00,0.84,"",0,0.0,-647,-13.0,-609,-12.2,-605,-12.0,-11629821,-16.9,0,0.0,0,0.0,-55,-5.2
"42003","3","10","71","0","2017","4","",646,47482,47701,47367,679861803,1379342,56753,1101,"",1.08,0.68,0.68,0.68,0.74,0.13,0.38,1.08,"",-4,-0.6,348,0.7,172,0.4,-70,-0.1,21955034,3.3,76695,5.9,-5348,-8.6,33,3.1
"42003","5","10","71","0","2017","4","",34415,636538,637588,637791,9700596636,520501479,28139287,1171,"",1.01,1.07,1.07,1.07,1.06,1.03,1.00,0.99,"",-97,-0.3,9334,1.5,7251,1.2,9398,1.5,384261484,4.1,20130363,4.0,-335513,-1.2,31,2.7
"42005","0","10","70","0","2017","4","",1500,16357,16415,16394,171801119,11592619,604607,806,"",1.00,1.00,1.00,1.00,1.00,1.00,1.00,1.00,"",-21,-1.4,-162,-1.0,-56,-0.3,-30,-0.2,5281646,3.2,646321,5.9,-1343,-0.2,28,3.6
"42005","1","10","71","0","2017","4","",34,188,192,191,2573157,0,0,1040,"",3.78,0.60,0.61,0.60,0.54,0.00,0.00,0.90,"",0,0.0,-5,-2.6,-1,-0.5,-2,-1.0,63779,2.5,0,0.0,0,0.0,40,4.0
"42005","2","10","71","0","2017","4","",16,260,271,274,3463801,0,0,993,"",1.52,0.50,0.52,0.52,0.62,0.00,0.00,1.21,"",0,0.0,-12,-4.4,-5,-1.8,-1,-0.4,71941,2.1,0,0.0,0,0.0,42,4.4
"42005","3","10","71","0","2017","4","",108,2079,2136,2086,24406133,33101,1531,894,"",4.24,1.28,1.31,1.29,1.65,0.14,0.48,1.28,"",-3,-2.7,-137,-6.2,-104,-4.6,-125,-5.7,-754109,-3.0,-12937,-28.1,-501,-24.7,23,2.6
"42005","5","10","71","0","2017","4","",1342,13830,13816,13843,141358028,11559518,603076,786,"",0.92,1.00,0.99,0.99,0.96,1.03,1.00,0.97,"",-18,-1.3,-8,-0.1,54,0.4,98,0.7,5900035,4.4,659258,6.0,-842,-0.1,30,4.0
"42007","0","10","70","0","2017","4","",3661,52310,52415,52010,600366215,40255837,2320546,884,"",1.00,1.00,1.00,1.00,1.00,1.00,1.00,1.00,"",2,0.1,1075,2.1,1449,2.8,1482,2.9,44645379,8.0,6153852,18.0,411696,21.6,44,5.2
"42007","1","10","71","0","2017","4","",25,308,307,305,5072605,0,0,1272,"",1.14,0.31,0.31,0.30,0.31,0.00,0.00,1.01,"",0,0.0,13,4.4,6,2.0,-1,-0.3,267852,5.6,0,0.0,0,0.0,43,3.5
"42007","2","10","71","0","2017","4","",22,577,591,588,6721598,0,0,883,"",0.86,0.34,0.35,0.35,0.34,0.00,0.00,0.98,"",0,0.0,-21,-3.5,-7,-1.2,-27,-4.4,-152832,-2.2,0,0.0,0,0.0,7,0.8
"42007","3","10","71","0","2017","4","",167,6345,6357,6299,75895451,131914,4922,922,"",2.68,1.22,1.22,1.22,1.47,0.17,0.40,1.20,"",-1,-0.6,17,0.3,68,1.1,4,0.1,5567545,7.9,-100022,-43.1,-5773,-54.0,64,7.5
"42007","5","10","71","0","2017","4","",3447,45080,45160,44818,512676561,40123923,2315624,876,"",0.97,1.01,1.01,1.01,1.00,1.03,1.00,0.99,"",3,0.1,1066,2.4,1382,3.2,1506,3.5,38962814,8.2,6253874,18.5,417469,22.0,42,5.0
"42009","0","10","70","0","2017","4","",1221,15613,15448,15230,143799340,12718009,663914,717,"",1.00,1.00,1.00,1.00,1.00,1.00,1.00,1.00,"",18,1.5,70,0.5,115,0.8,78,0.5,6025089,4.4,730075,6.1,-20260,-3.0,26,3.8
"42009","1","10","71","0","2017","4","",23,102,105,100,1136192,0,0,854,"",3.14,0.34,0.36,0.34,0.29,0.00,0.00,0.83,"",-1,-4.2,-8,-7.3,-6,-5.4,-15,-13.0,-47384,-4.0,0,0.0,0,0.0,41,5.0
"42009","2","10","71","0","2017","4","",14,437,458,453,6206665,0,0,1063,"",1.64,0.87,0.93,0.93,1.32,0.00,0.00,1.45,"",0,0.0,5,1.2,-6,-1.3,-4,-0.9,126274,2.1,0,0.0,0,0.0,26,2.5
"42009","3","10","71","0","2017","4","",85,1709,1720,1700,14742185,195816,9890,663,"",4.10,1.10,1.12,1.13,1.19,0.78,2.83,1.07,"",-4,-4.5,-4,-0.2,17,1.0,2,0.1,376709,2.6,-12163,-5.8,-775,-7.3,15,2.3
"42009","5","10","71","0","2017","4","",1099,13365,13165,12977,121714298,12522193,654024,711,"",0.93,1.01,1.00,1.00,0.99,1.02,0.99,0.99,"",23,2.1,77,0.6,110,0.8,95,0.7,5569490,4.8,742238,6.3,-19485,-2.9,28,4.1
"42011","0","10","70","0","2017","4","",8890,173084,174042,174550,2196080350,137479657,6952764,971,"",1.00,1.00,1.00,1.00,1.00,1.00,1.00,1.00,"",-59,-0.7,1205,0.7,1342,0.8,1602,0.9,88514293,4.2,10223554,8.0,-17390,-0.2,31,3.3
"42011","1","10","71","0","2017","4","",70,934,942,932,16380877,0,0,1346,"",1.31,0.28,0.28,0.28,0.27,0.00,0.00,0.97,"",-1,-1.4,24,2.6,30,3.3,1,0.1,552937,3.5,0,0.0,0,0.0,19,1.4
"42011","2","10","71","0","2017","4","",29,3207,3235,3227,44713375,0,0,1067,"",0.47,0.58,0.58,0.58,0.62,0.00,0.00,1.08,"",0,0.0,-99,-3.0,-88,-2.6,-81,-2.4,-58909,-0.1,0,0.0,0,0.0,27,2.6
"42011","3","10","71","0","2017","4","",269,16479,16619,16595,191973272,292707,13549,892,"",1.78,0.96,0.96,0.96,1.02,0.11,0.37,1.06,"",-4,-1.5,-8,0.0,-6,0.0,-36,-0.2,1540504,0.8,-66213,-18.4,-10859,-44.5,9,1.0
"42011","5","10","71","0","2017","4","",8522,152464,153246,153796,1943012826,137186950,6939215,976,"",0.99,1.04,1.04,1.04,1.04,1.03,1.00,1.00,"",-54,-0.6,1288,0.9,1406,0.9,1718,1.1,86479761,4.7,10289767,8.1,-6531,-0.1,35,3.7
"42013","0","10","70","0","2017","4","",3353,58369,58675,58791,625640460,43075091,2130585,821,"",1.00,1.00,1.00,1.00,1.00,1.00,1.00,1.00,"",-14,-0.4,-19,0.0,305,0.5,486,0.8,25039552,4.2,2121967,5.2,-40954,-1.9,29,3.7
"42013","1","10","71","0","2017","4","",29,1054,1055,1065,18123634,0,0,1318,"",1.44,0.94,0.94,0.94,1.05,0.00,0.00,1.12,"",1,3.6,43,4.3,45,4.5,39,3.8,700253,4.0,0,0.0,0,0.0,-2,-0.2
"42013","2","10","71","0","2017","4","",22,2058,2072,2082,26300984,0,0,977,"",0.94,1.10,1.10,1.11,1.29,0.00,0.00,1.17,"",-1,-4.3,-88,-4.1,-114,-5.2,-106,-4.8,-1107668,-4.0,0,0.0,0,0.0,7,0.7
"42013","3","10","71","0","2017","4","",102,4489,4455,4465,48306524,129177,6314,831,"",1.79,0.78,0.76,0.77,0.90,0.15,0.56,1.17,"",-2,-1.9,-99,-2.2,-95,-2.1,-64,-1.4,203044,0.4,-6935,-5.1,778,14.1,19,2.3
"42013","5","10","71","0","2017","4","",3200,50768,51093,51179,532909318,42945914,2124271,804,"",0.98,1.02,1.03,1.02,1.00,1.03,1.00,0.97,"",-12,-0.4,125,0.2,469,0.9,617,1.2,25243923,5.0,2128902,5.2,-41732,-1.9,32,4.1
"42015","0","10","70","0","2017","4","",1633,23152,23165,23051,268198582,16107144,989347,892,"",1.00,1.00,1.00,1.00,1.00,1.00,1.00,1.00,"",-31,-1.9,-222,-0.9,-244,-1.0,-120,-0.5,13522909,5.3,651731,4.2,99500,11.2,52,6.2
"42015","1","10","71","0","2017","4","",30,214,211,216,2963727,0,0,1067,"",3.06,0.48,0.48,0.49,0.40,0.00,0.00,0.84,"",0,0.0,7,3.4,5,2.4,0,0.0,138477,4.9,0,0.0,0,0.0,30,2.9
"42015","2","10","71","0","2017","4","",14,261,267,268,3201650,0,0,928,"",1.22,0.35,0.36,0.36,0.37,0.00,0.00,1.02,"",1,7.7,-5,-1.9,-7,-2.6,-4,-1.5,-94331,-2.9,0,0.0,0,0.0,-9,-1.0
"42015","3","10","71","0","2017","4","",98,2539,2560,2570,27563251,137681,5149,829,"",3.53,1.11,1.11,1.13,1.20,0.43,0.99,1.07,"",1,1.0,-21,-0.8,-45,-1.7,-8,-0.3,531534,2.0,46780,51.5,757,17.2,23,2.9
"42015","5","10","71","0","2017","4","",1491,20138,20127,19997,234469954,15969463,984198,898,"",0.94,1.02,1.02,1.02,1.02,1.02,1.00,1.00,"",-33,-2.2,-203,-1.0,-197,-1.0,-108,-0.5,12947229,5.8,604951,3.9,98743,11.2,57,6.8
"42017","0","10","70","0","2017","4","",19842,266425,266140,266038,3568005660,234128053,12323138,1031,"",1.00,1.00,1.00,1.00,1.00,1.00,1.00,1.00,"",18,0.1,3472,1.3,3027,1.2,2961,1.1,73378638,2.1,20151819,9.4,507028,4.3,9,0.9
"42017","1","10","71","0","2017","4","",65,1138,1125,1138,19838781,0,0,1346,"",0.55,0.22,0.22,0.22,0.20,0.00,0.00,0.91,"",0,0.0,-15,-1.3,-14,-1.2,-17,-1.5,-821304,-4.0,0,0.0,0,0.0,-37,-2.7
"42017","2","10","71","0","2017","4","",28,994,1022,1003,12380452,0,0,946,"",0.20,0.12,0.12,0.12,0.11,0.00,0.00,0.90,"",-2,-6.7,-38,-3.7,-23,-2.2,-15,-1.5,-448149,-3.5,0,0.0,0,0.0,-11,-1.1
"42017","3","10","71","0","2017","4","",276,21192,21375,21026,326828857,132539,6075,1186,"",0.82,0.80,0.81,0.80,1.07,0.03,0.09,1.33,"",2,0.7,199,0.9,92,0.4,79,0.4,4585446,1.4,19199,16.9,30,0.5,10,0.9
"42017","5","10","71","0","2017","4","",19473,243101,242618,242871,3208957570,233995514,12317063,1016,"",1.01,1.07,1.07,1.07,1.05,1.03,1.01,0.98,"",18,0.1,3326,1.4,2972,1.2,2914,1.2,70062645,2.2,20132620,9.4,506998,4.3,9,0.9
"42019","0","10","70","0","2017","4","",5031,86517,86008,86048,1128601798,64383219,3613493,1007,"",1.00,1.00,1.00,1.00,1.00,1.00,1.00,1.00,"",6,0.1,935,1.1,624,0.7,707,0.8,11223850,1.0,4069750,6.7,284621,8.6,1,0.1
"42019","1","10","71","0","2017","4","",50,2973,2981,3189,57221074,0,0,1444,"",1.66,1.79,1.81,1.92,1.84,0.00,0.00,1.00,"",0,0.0,81,2.8,76,2.6,93,3.0,2645107,4.8,0,0.0,0,0.0,28,2.0
"42019","2","10","71","0","2017","4","",23,1475,1499,1500,22019798,0,0,1136,"",0.65,0.53,0.54,0.55,0.60,0.00,0.00,1.11,"",1,4.5,25,1.7,58,4.0,60,4.2,948116,4.5,0,0.0,0,0.0,13,1.2
"42019","3","10","71","0","2017","4","",136,5853,5828,5762,67230141,191179,6474,889,"",1.59,0.68,0.68,0.68,0.69,0.15,0.34,1.02,"",2,1.5,-56,-0.9,-31,-0.5,-57,-1.0,995777,1.5,-34878,-15.4,-1588,-19.7,20,2.3
"42019","5","10","71","0","2017","4","",4822,76216,75700,75597,982130785,64192040,3607019,996,"",0.99,1.04,1.04,1.03,1.02,1.03,1.00,0.98,"",3,0.1,885,1.2,521,0.7,611,0.8,6634850,0.7,4104628,6.8,286209,8.6,-2,-0.2
"42021","0","10","70","0","2017","4","",3486,51574,51752,51626,509847009,36580101,2024340,759,"",1.00,1.00,1.00,1.00,1.00,1.00,1.00,1.00,"",-53,-1.5,-1285,-2.4,-899,-1.7,-939,-1.8,5609425,1.1,729247,2.0,41921,2.1,23,3.1
"42021","1","10","71","0","2017","4","",69,992,991,992,16047354,0,0,1245,"",3.30,1.00,1.00,1.00,1.15,0.00,0.00,1.15,"",1,1.5,-32,-3.1,-39,-3.8,-52,-5.0,1761521,12.3,0,0.0,0,0.0,181,17.0
"42021","2","10","71","0","2017","4","",27,1548,1589,1570,18322690,0,0,898,"",1.11,0.94,0.96,0.95,1.10,0.00,0.00,1.16,"",0,0.0,-86,-5.3,-75,-4.5,-86,-5.2,-270900,-1.5,0,0.0,0,0.0,32,3.7
"42021","3","10","71","0","2017","4","",206,4964,5026,5021,47096330,407400,17853,724,"",3.48,0.97,0.98,0.98,1.07,0.56,1.68,1.10,"",-9,-4.2,-101,-2.0,-39,-0.8,-17,-0.3,-250444,-0.5,36473,9.8,619,3.6,4,0.6
"42021","5","10","71","0","2017","4","",3184,44070,44146,44043,428380635,36172701,2006487,747,"",0.94,1.01,1.00,1.00,0.98,1.02,1.00,0.98,"",-45,-1.4,-1066,-2.4,-746,-1.7,-784,-1.7,4369248,1.0,692774,2.0,41302,2.1,21,2.9
"42023","0","10","70","0","2017","4","",148,1938,1932,1916,19177103,1212486,81451,765,"",1.00,1.00,1.00,1.00,1.00,1.00,1.00,1.00,"",2,1.4,-1,-0.1,-11,-0.6,-32,-1.6,469472,2.5,55985,4.8,2266,2.9,24,3.2
"42023","1","10","71","0","2017","4","",3,12,13,13,143874,0,0,874,"",3.38,0.32,0.35,0.35,0.27,0.00,0.00,0.80,"",0,0.0,0,0.0,1,8.3,1,8.3,8616,6.4,0,0.0,0,0.0,7,0.8
"42023","2","10","71","0","2017","4","N",8,0,0,0,0,0,0,0,"N",7.71,0,0,0,0,0,0,0,"N",0,0.0,0,0,0,0,0,0,0,0,0,0,0,0,0,0
"42023","3","10","71","0","2017","4","N",12,0,0,0,0,0,0,0,"N",4.77,0,0,0,0,0,0,0,"N",0,0.0,0,0,0,0,0,0,0,0,0,0,0,0,0,0
"42023","5","10","71","0","2017","4","",125,1569,1564,1548,15591119,1207289,81312,769,"",0.87,0.95,0.95,0.95,0.95,1.03,1.00,1.00,"",2,1.6,-2,-0.1,-12,-0.8,-37,-2.3,351557,2.3,55138,4.8,2249,2.8,26,3.5
"42025","0","10","70","0","2017","4","",1244,16088,16780,17158,147084622,11708383,610079,678,"",1.00,1.00,1.00,1.00,1.00,1.00,1.00,1.00,"",-14,-1.1,-482,-2.9,-25,-0.1,-101,-0.6,-708734,-0.5,935178,8.7,7102,1.2,4,0.6
"42025","1","10","71","0","2017","4","",18,111,109,112,1553658,0,0,1080,"",2.41,0.36,0.34,0.34,0.38,0.00,0.00,1.11,"",1,5.9,4,3.7,3,2.8,7,6.7,113191,7.9,0,0.0,0,0.0,35,3.3
"42025","2","10","71","0","2017","4","",16,370,368,368,5226187,0,0,1090,"",1.84,0.72,0.68,0.67,1.09,0.00,0.00,1.58,"",0,0.0,10,2.8,3,0.8,12,3.4,212188,4.2,0,0.0,0,0.0,20,1.9
"42025","3","10","71","0","2017","4","",63,2181,2194,2166,21058206,21701,1091,743,"",2.98,1.37,1.32,1.28,1.66,0.09,0.34,1.26,"",-1,-1.6,-13,-0.6,-24,-1.1,-32,-1.5,22174,0.1,-2853,-11.6,-690,-38.7,9,1.2
"42025","5","10","71","0","2017","4","",1147,13426,14109,14512,119246571,11686682,608988,654,"",0.95,0.98,0.99,1.00,0.95,1.03,1.00,0.96,"",-14,-1.2,-483,-3.5,-7,0.0,-88,-0.6,-1056287,-0.9,938031,8.7,7792,1.3,3,0.5
"42027","0","10","70","0","2017","4","",3556,69857,70444,69121,864653380,41728658,1982766,953,"",1.00,1.00,1.00,1.00,1.00,1.00,1.00,1.00,"",-29,-0.8,254,0.4,596,0.9,431,0.6,23802243,2.8,3388450,8.8,85893,4.5,21,2.3
"42027","1","10","71","0","2017","4","",49,475,471,468,8083391,0,0,1319,"",2.30,0.35,0.35,0.35,0.34,0.00,0.00,0.97,"",-2,-3.9,2,0.4,2,0.4,-6,-1.3,94242,1.2,0,0.0,0,0.0,17,1.3
"42027","2","10","71","0","2017","4","",30,18638,18956,18722,311758478,0,0,1278,"",1.20,8.31,8.40,8.49,11.04,0.00,0.00,1.31,"N",1,3.4,0,0,0,0,0,0,0,0,0,0,0,0,0,0
"42027","3","10","71","0","2017","4","",120,4640,4688,4646,53664915,171007,6299,886,"",1.99,0.67,0.67,0.68,0.72,0.21,0.60,1.07,"N",1,0.8,0,0,0,0,0,0,0,0,0,0,0,0,0,0
"42027","5","10","71","0","2017","4","",3357,46104,46329,45285,491146596,41557651,1976467,823,"",0.97,0.78,0.77,0.77,0.67,1.03,1.00,0.86,"",-29,-0.9,480,1.1,643,1.4,161,0.4,12847763,2.7,3446517,9.0,87575,4.6,14,1.7
"42029","0","10","70","0","2017","4","",15429,252308,253683,253492,4410166974,194160266,9820943,1340,"",1.00,1.00,1.00,1.00,1.00,1.00,1.00,1.00,"",105,0.7,1544,0.6,2415,1.0,1794,0.7,131075203,3.1,10790632,5.9,-121408,-1.2,30,2.3
"42029","1","10","71","0","2017","4","",60,2352,2357,2376,45434160,0,0,1480,"",0.65,0.48,0.49,0.49,0.37,0.00,0.00,0.77,"",-1,-1.6,-65,-2.7,-47,-2.0,-48,-2.0,143632,0.3,0,0.0,0,0.0,37,2.6
"42029","2","10","71","0","2017","4","",26,3080,3136,3107,44985772,0,0,1114,"",0.24,0.38,0.39,0.38,0.31,0.00,0.00,0.82,"",2,8.3,7,0.2,36,1.2,16,0.5,2432862,5.7,0,0.0,0,0.0,54,5.1
"42029","3","10","71","0","2017","4","",298,18231,18312,18253,258459026,743041,39519,1088,"",1.14,0.73,0.73,0.73,0.68,0.19,0.76,0.94,"",5,1.7,144,0.8,242,1.3,215,1.2,10643605,4.3,-182428,-19.7,-16544,-29.5,33,3.1
"42029","5","10","71","0","2017","4","",15045,228645,229878,229756,4061288016,193417225,9781424,1362,"",1.01,1.07,1.07,1.07,1.08,1.03,1.00,1.01,"",99,0.7,1458,0.6,2184,1.0,1611,0.7,117855104,3.0,10973060,6.0,-104864,-1.1,30,2.3
"42031","0","10","70","0","2017","4","",1081,13473,13489,13412,123462073,8965677,492425,706,"",1.00,1.00,1.00,1.00,1.00,1.00,1.00,1.00,"",-9,-0.8,-124,-0.9,-62,-0.5,48,0.4,4225850,3.5,-104173,-1.1,-12785,-2.5,27,4.0
"42031","1","10","71","0","2017","4","",29,99,97,103,1164724,0,0,899,"",4.47,0.38,0.38,0.40,0.34,0.00,0.00,0.89,"",0,0.0,7,7.6,-2,-2.0,4,4.0,125835,12.1,0,0.0,0,0.0,72,8.7
"42031","2","10","71","0","2017","4","",19,863,887,877,12028978,0,0,1057,"",2.51,2.00,2.05,2.05,2.98,0.00,0.00,1.47,"",0,0.0,3,0.3,15,1.7,2,0.2,183633,1.6,0,0.0,0,0.0,8,0.8
"42031","3","10","71","0","2017","4","",65,1558,1552,1547,16439548,47162,1630,815,"",3.54,1.17,1.16,1.17,1.55,0.27,0.63,1.33,"",1,1.6,-8,-0.5,-8,-0.5,-20,-1.3,667726,4.2,7301,18.3,93,6.1,39,5.0
"42031","5","10","71","0","2017","4","",968,10953,10953,10885,93828823,8918515,490795,660,"",0.92,0.96,0.96,0.95,0.89,1.03,1.00,0.93,"",-10,-1.0,-126,-1.1,-67,-0.6,62,0.6,3248656,3.6,-111474,-1.2,-12878,-2.6,25,3.9
"42033","0","10","70","0","2017","4","",2126,29820,29957,29874,296949872,22237756,1136862,764,"",1.00,1.00,1.00,1.00,1.00,1.00,1.00,1.00,"",-30,-1.4,180,0.6,182,0.6,196,0.7,15821998,5.6,1778717,8.7,37483,3.4,36,4.9
"42033","1","10","71","0","2017","4","",48,246,245,238,3519476,0,0,1114,"",3.76,0.43,0.43,0.41,0.43,0.00,0.00,1.02,"",-1,-2.0,10,4.2,14,6.1,1,0.4,197626,5.9,0,0.0,0,0.0,25,2.3
"42033","2","10","71","0","2017","4","",23,1626,1669,1660,26273873,0,0,1224,"",1.54,1.70,1.74,1.74,2.71,0.00,0.00,1.57,"",-1,-4.2,28,1.8,43,2.6,14,0.9,1342418,5.4,0,0.0,0,0.0,43,3.6
"42033","3","10","71","0","2017","4","",116,2591,2607,2558,24857616,124581,4348,740,"",3.21,0.88,0.88,0.87,0.97,0.28,0.73,1.12,"",7,6.4,-5,-0.2,-37,-1.4,-89,-3.4,927839,3.9,2782,2.3,-301,-6.5,40,5.7
"42033","5","10","71","0","2017","4","",1939,25357,25436,25418,242298907,22113175,1132514,734,"",0.94,1.00,1.00,1.00,0.96,1.03,1.00,0.96,"",-35,-1.8,147,0.6,162,0.6,270,1.1,13354115,5.8,1775935,8.7,37784,3.5,35,5.0
"42035","0","10","70","0","2017","4","",912,13116,13132,13131,143155095,9480255,520499,839,"",1.00,1.00,1.00,1.00,1.00,1.00,1.00,1.00,"",12,1.3,114,0.9,250,1.9,282,2.2,7662942,5.7,790004,9.1,28550,5.8,32,4.0
"42035","1","10","71","0","2017","4","",22,154,149,145,2054353,0,0,1058,"",4.02,0.61,0.59,0.57,0.52,0.00,0.00,0.88,"",0,0.0,7,4.8,3,2.1,-2,-1.4,99100,5.1,0,0.0,0,0.0,33,3.2
"42035","2","10","71","0","2017","4","",20,723,724,718,10899613,0,0,1162,"",3.13,1.72,1.72,1.71,2.33,0.00,0.00,1.36,"",0,0.0,-6,-0.8,0,0.0,-1,-0.1,308587,2.9,0,0.0,0,0.0,37,3.3
"42035","3","10","71","0","2017","4","",62,1471,1482,1479,17046172,119506,4365,888,"",4.00,1.13,1.14,1.14,1.38,0.64,1.59,1.22,"",-1,-1.6,-58,-3.8,-23,-1.5,-29,-1.9,523915,3.2,-58608,-32.9,-3560,-44.9,49,5.8
"42035","5","10","71","0","2017","4","",808,10768,10777,10789,113154957,9360749,516134,808,"",0.91,0.97,0.97,0.97,0.93,1.02,1.00,0.96,"",13,1.6,171,1.6,270,2.6,314,3.0,6731340,6.3,848612,10.0,32110,6.6,30,3.9
"42037","0","10","70","0","2017","4","",1562,25293,25352,24855,252377540,18003693,952738,771,"",1.00,1.00,1.00,1.00,1.00,1.00,1.00,1.00,"",30,2.0,-199,-0.8,-107,-0.4,-108,-0.4,3858031,1.6,-787492,-4.2,-127063,-11.8,16,2.1
"42037","1","10","71","0","2017","4","",16,148,148,146,2227559,0,0,1163,"",1.71,0.30,0.31,0.30,0.32,0.00,0.00,1.05,"",0,0.0,4,2.8,-3,-2.0,-6,-3.9,65365,3.0,0,0.0,0,0.0,47,4.2
"42037","2","10","71","0","2017","4","",18,1399,1397,1398,20106817,0,0,1106,"",1.64,1.72,1.72,1.76,2.44,0.00,0.00,1.41,"",0,0.0,-22,-1.5,-3,-0.2,24,1.7,848243,4.4,0,0.0,0,0.0,47,4.4
"42037","3","10","71","0","2017","4","",115,2168,2205,2216,21072883,83905,3620,738,"",4.33,0.87,0.88,0.90,0.97,0.24,0.72,1.10,"",27,30.7,-84,-3.7,-90,-3.9,-63,-2.8,-117684,-0.6,-3577,-4.1,7,0.2,22,3.1
"42037","5","10","71","0","2017","4","",1413,21578,21602,21095,208970281,17919788,949118,750,"",0.93,1.00,1.00,1.00,0.97,1.03,1.00,0.97,"",3,0.2,-97,-0.4,-11,-0.1,-63,-0.3,3062107,1.5,-783915,-4.2,-127070,-11.8,13,1.8
"42039","0","10","70","0","2017","4","",2189,30378,30154,30125,307647827,20480164,1134474,783,"",1.00,1.00,1.00,1.00,1.00,1.00,1.00,1.00,"",-29,-1.3,-382,-1.2,-365,-1.2,-222,-0.7,12008858,4.1,658618,3.3,34270,3.1,38,5.1
"42039","1","10","71","0","2017","4","",29,250,250,248,3463439,0,0,1069,"",2.21,0.43,0.43,0.43,0.41,0.00,0.00,0.95,"",0,0.0,2,0.8,-5,-2.0,-12,-4.6,75925,2.2,0,0.0,0,0.0,44,4.3
"42039","2","10","71","0","2017","4","",20,849,863,848,12966799,0,0,1169,"",1.30,0.87,0.89,0.88,1.29,0.00,0.00,1.46,"",-1,-4.8,-16,-1.8,-3,-0.3,-20,-2.3,330828,2.6,0,0.0,0,0.0,47,4.2
"42039","3","10","71","0","2017","4","",126,2869,2892,2873,30214159,108907,4158,808,"",3.39,0.95,0.97,0.96,1.14,0.27,0.70,1.19,"",-1,-0.8,-41,-1.4,-44,-1.5,-36,-1.2,515597,1.7,-39082,-26.4,-2574,-38.2,25,3.2
"42039","5","10","71","0","2017","4","",2014,26410,26149,26156,261003430,20371257,1130316,765,"",0.95,1.02,1.02,1.02,0.99,1.03,1.00,0.97,"",-27,-1.3,-327,-1.2,-313,-1.2,-154,-0.6,11086508,4.4,697700,3.5,36844,3.4,40,5.5
"42041","0","10","70","0","2017","4","",6438,134216,135322,135399,1704714539,124553511,6098221,971,"",1.00,1.00,1.00,1.00,1.00,1.00,1.00,1.00,"",-5,-0.1,795,0.6,882,0.7,1015,0.8,96589471,6.0,6663007,5.7,-177899,-2.8,48,5.2
"42041","1","10","71","0","2017","4","",79,4457,4484,4490,87817630,0,0,1509,"",2.05,1.73,1.73,1.72,1.87,0.00,0.00,1.09,"",-4,-4.8,-69,-1.5,-62,-1.4,-72,-1.6,1051222,1.2,0,0.0,0,0.0,40,2.7
"42041","2","10","71","0","2017","4","",35,3768,3800,3771,58510740,0,0,1191,"",0.78,0.87,0.88,0.87,1.05,0.00,0.00,1.20,"",-1,-2.8,-151,-3.9,-133,-3.4,-166,-4.2,1349417,2.4,-1100,-100.0,-31,-100.0,72,6.4
"42041","3","10","71","0","2017","4","",146,7439,7473,7357,91997358,122169,4288,953,"",1.33,0.56,0.56,0.55,0.63,0.05,0.13,1.13,"",0,0.0,-5,-0.1,-87,-1.2,-72,-1.0,2316384,2.6,-53254,-30.4,-4842,-53.0,30,3.3
"42041","5","10","71","0","2017","4","",6178,118552,119565,119781,1466388811,124431342,6093933,946,"",0.99,1.04,1.04,1.04,1.01,1.03,1.01,0.97,"",0,0.0,1020,0.9,1164,1.0,1325,1.1,91872448,6.7,6717361,5.7,-173026,-2.8,51,5.7
"42043","0","10","70","0","2017","4","",7526,182988,182929,183309,2545448242,121998704,6385779,1070,"",1.00,1.00,1.00,1.00,1.00,1.00,1.00,1.00,"",60,0.8,2920,1.6,2392,1.3,2491,1.4,130526642,5.4,10397986,9.3,13159,0.2,41,4.0
"42043","1","10","71","0","2017","4","",69,2681,2725,2738,50507434,0,0,1431,"",1.53,0.76,0.78,0.78,0.72,0.00,0.00,0.94,"",0,0.0,34,1.3,38,1.4,-44,-1.6,278221,0.6,0,0.0,0,0.0,3,0.2
"42043","2","10","71","0","2017","4","",74,23647,23710,23681,348618274,0,0,1132,"",1.40,4.03,4.05,4.05,4.20,0.00,0.00,1.04,"",0,0.0,-463,-1.9,-641,-2.6,-650,-2.7,-1111961,-0.3,-8979,-100.0,-252,-100.0,23,2.1
"42043","3","10","71","0","2017","4","",191,11162,11185,11128,136736077,418765,18391,943,"",1.49,0.62,0.62,0.61,0.62,0.17,0.55,1.02,"",1,0.5,170,1.5,216,2.0,203,1.9,6498726,5.0,30571,7.9,628,3.5,29,3.2
"42043","5","10","71","0","2017","4","",7192,145498,145309,145762,2009586457,121579939,6367388,1062,"",0.99,0.94,0.94,0.94,0.92,1.03,1.00,0.99,"",59,0.8,3179,2.2,2779,1.9,2982,2.1,124861656,6.6,10376394,9.3,12783,0.2,45,4.4
"42045","0","10","70","0","2017","4","",14022,225292,226758,226995,3376664193,177532667,9310852,1148,"",1.00,1.00,1.00,1.00,1.00,1.00,1.00,1.00,"",67,0.5,3176,1.4,3517,1.6,3009,1.3,154316059,4.8,8068657,4.8,7732,0.1,37,3.3
"42045","1","10","71","0","2017","4","",62,2048,2044,2034,43813142,0,0,1650,"",0.74,0.47,0.47,0.47,0.47,0.00,0.00,1.01,"",0,0.0,-26,-1.3,-26,-1.3,-54,-2.6,769512,1.8,0,0.0,0,0.0,56,3.5
"42045","2","10","71","0","2017","4","",28,2340,2397,2403,36104903,0,0,1167,"",0.28,0.32,0.33,0.33,0.33,0.00,0.00,1.00,"",0,0.0,-44,-1.8,40,1.7,-2,-0.1,394335,1.1,0,0.0,0,0.0,14,1.2
"42045","3","10","71","0","2017","4","",251,20564,20714,20642,269094070,617820,25147,1003,"",1.05,0.92,0.92,0.92,0.93,0.18,0.51,1.01,"",-1,-0.4,-270,-1.3,-219,-1.0,-173,-0.8,3870570,1.5,114567,22.8,5339,27.0,25,2.6
"42045","5","10","71","0","2017","4","",13681,200340,201603,201916,3027652078,176914847,9285705,1157,"",1.01,1.05,1.05,1.05,1.05,1.03,1.00,1.00,"",68,0.5,3516,1.8,3722,1.9,3238,1.6,149281642,5.2,7954090,4.7,2393,0.0,38,3.4
"42047","0","10","70","0","2017","4","",955,14859,14873,14932,165766921,9614854,514460,856,"",1.00,1.00,1.00,1.00,1.00,1.00,1.00,1.00,"",5,0.5,81,0.5,72,0.5,70,0.5,2493327,1.5,979259,11.3,41148,8.7,8,0.9
"42047","1","10","71","0","2017","4","",14,87,89,90,1194974,0,0,1037,"",2.44,0.30,0.31,0.31,0.26,0.00,0.00,0.85,"",0,0.0,2,2.4,6,7.2,6,7.1,47233,4.1,0,0.0,0,0.0,-14,-1.3
"42047","2","10","71","0","2017","4","",16,146,151,156,1899702,0,0,968,"",2.39,0.31,0.32,0.33,0.35,0.00,0.00,1.11,"",1,6.7,-2,-1.4,0,0.0,2,1.3,-8170,-0.4,0,0.0,0,0.0,-4,-0.4
"42047","3","10","71","0","2017","4","",41,950,955,963,10204699,68245,2481,821,"",2.53,0.65,0.65,0.65,0.72,0.36,0.92,1.11,"",1,2.5,-23,-2.4,-19,-2.0,-19,-1.9,302913,3.1,-6189,-8.3,-1958,-44.1,41,5.3
"42047","5","10","71","0","2017","4","",884,13676,13678,13723,152467546,9546609,511979,857,"",0.95,1.08,1.08,1.08,1.08,1.03,1.00,1.00,"",3,0.3,104,0.8,85,0.6,81,0.6,2151351,1.4,985448,11.5,43106,9.2,7,0.8
"42049","0","10","70","0","2017","4","",6913,122336,122569,121771,1289821455,84569901,4374778,812,"",1.00,1.00,1.00,1.00,1.00,1.00,1.00,1.00,"",-61,-0.9,-568,-0.5,-44,0.0,225,0.2,2026701,0.2,3830701,4.7,-948,0.0,2,0.2
"42049","1","10","71","0","2017","4","",50,1548,1559,1566,28389240,0,0,1402,"",1.21,0.66,0.66,0.67,0.80,0.00,0.00,1.21,"",0,0.0,25,1.6,23,1.5,25,1.6,1133991,4.2,0,0.0,0,0.0,35,2.6
"42049","2","10","71","0","2017","4","",31,3417,3423,3402,49350052,0,0,1112,"",0.64,0.87,0.87,0.88,1.17,0.00,0.00,1.34,"",0,0.0,-67,-1.9,-86,-2.5,-65,-1.9,-315705,-0.6,0,0.0,0,0.0,16,1.5
"42049","3","10","71","0","2017","4","",240,10114,10315,10147,109709915,369833,22447,828,"",2.04,0.83,0.85,0.84,0.99,0.22,0.97,1.18,"",-4,-1.6,113,1.1,122,1.2,104,1.0,1170359,1.1,39581,12.0,395,1.8,0,0.0
"42049","5","10","71","0","2017","4","",6592,107257,107272,106656,1102372248,84200068,4352331,792,"",0.98,1.03,1.03,1.03,1.00,1.03,1.00,0.97,"",-57,-0.9,-639,-0.6,-103,-0.1,161,0.2,38056,0.0,3791120,4.7,-1343,0.0,1,0.1
"42051","0","10","70","0","2017","4","",2853,39515,39262,38961,386463772,29545324,1579888,757,"",1.00,1.00,1.00,1.00,1.00,1.00,1.00,1.00,"",34,1.2,248,0.6,-93,-0.2,21,0.1,-2237894,-0.6,-410800,-1.4,-41236,-2.5,-6,-0.8
"42051","1","10","71","0","2017","4","",57,356,342,341,4939261,0,0,1097,"",3.33,0.47,0.46,0.45,0.46,0.00,0.00,1.01,"",0,0.0,1,0.3,-8,-2.3,-11,-3.1,58282,1.2,0,0.0,0,0.0,31,2.9
"42051","2","10","71","0","2017","4","",25,1685,1738,1738,26436604,0,0,1182,"",1.25,1.33,1.38,1.40,2.10,0.00,0.00,1.53,"",-1,-3.8,53,3.2,28,1.6,52,3.1,969577,3.8,0,0.0,0,0.0,13,1.1
"42051","3","10","71","0","2017","4","",139,3986,4036,3977,45925988,64524,3025,883,"",2.87,1.02,1.04,1.03,1.38,0.11,0.36,1.34,"",1,0.7,-24,-0.6,-14,-0.3,-45,-1.1,196311,0.4,-4138,-6.0,-870,-22.3,10,1.1
"42051","5","10","71","0","2017","4","",2632,33488,33146,32905,309161919,29480800,1576863,717,"",0.95,1.00,0.99,0.99,0.94,1.03,1.00,0.94,"",34,1.3,218,0.7,-99,-0.3,25,0.1,-3462064,-1.1,-406662,-1.4,-40366,-2.5,-9,-1.2
"42053","0","10","70","0","2017","4","",171,2026,1991,1969,23821756,749995,44835,918,"",1.00,1.00,1.00,1.00,1.00,1.00,1.00,1.00,"",2,1.2,-46,-2.2,-41,-2.0,-29,-1.5,913870,4.0,-101537,-11.9,-3550,-7.3,52,6.0
"42053","1","10","71","0","2017","4","",7,69,67,65,868966,0,0,998,"",6.83,1.77,1.76,1.71,1.33,0.00,0.00,0.76,"",0,0.0,-6,-8.0,-6,-8.2,2,3.2,13008,1.5,0,0.0,0,0.0,62,6.6
"42053","2","10","71","0","2017","4","",12,750,768,763,13161207,0,0,1332,"",10.02,11.53,12.04,12.15,16.92,0.00,0.00,1.42,"",0,0.0,11,1.5,22,2.9,19,2.6,804185,6.5,0,0.0,0,0.0,53,4.1
"42053","3","10","71","0","2017","4","N",18,0,0,0,0,0,0,0,"N",6.19,0,0,0,0,0,0,0,"N",0,0.0,0,0,0,0,0,0,0,0,0,0,0,0,0,0
"42053","5","10","71","0","2017","4","N",134,0,0,0,0,0,0,0,"N",0.81,0,0,0,0,0,0,0,"N",2,1.5,0,0,0,0,0,0,0,0,0,0,0,0,0,0
"42055","0","10","70","0","2017","4","",3289,58701,58788,59384,639645592,51280178,2619886,835,"",1.00,1.00,1.00,1.00,1.00,1.00,1.00,1.00,"",22,0.7,754,1.3,680,1.2,791,1.3,25204152,4.1,2658028,5.5,21662,0.8,23,2.8
"42055","1","10","71","0","2017","4","",46,2197,2214,2235,40375311,0,0,1402,"",2.33,1.94,1.97,1.95,2.30,0.00,0.00,1.17,"",-1,-2.1,10,0.5,26,1.2,24,1.1,1460781,3.8,0,0.0,0,0.0,38,2.8
"42055","2","10","71","0","2017","4","",22,890,907,892,11226754,0,0,963,"",0.95,0.47,0.48,0.47,0.54,0.00,0.00,1.13,"",2,10.0,-21,-2.3,-20,-2.2,-30,-3.3,432109,4.0,0,0.0,0,0.0,60,6.6
"42055","3","10","71","0","2017","4","",118,4591,4613,4505,49398579,131457,3830,832,"",2.11,0.79,0.79,0.77,0.90,0.13,0.28,1.15,"",2,1.7,-22,-0.5,-46,-1.0,-100,-2.2,9002,0.0,-48383,-26.9,-1546,-28.8,11,1.3
"42055","5","10","71","0","2017","4","",3103,51023,51054,51752,538644948,51148721,2616056,808,"",0.97,1.02,1.02,1.03,0.99,1.03,1.01,0.96,"",19,0.6,787,1.6,720,1.4,897,1.8,23302260,4.5,2706411,5.6,23208,0.9,23,2.9
"42057","0","10","70","0","2017","4","",326,5132,5268,5516,66926042,4814243,418828,970,"",1.00,1.00,1.00,1.00,1.00,1.00,1.00,1.00,"",14,4.5,364,7.6,518,10.9,827,17.6,13170354,24.5,2997099,164.9,312877,295.3,97,11.1
"42057","1","10","71","0","2017","4","",8,27,28,28,320248,0,0,890,"",4.09,0.27,0.28,0.26,0.17,0.00,0.00,0.64,"",0,0.0,0,0.0,1,3.7,1,3.7,9251,3.0,0,0.0,0,0.0,4,0.5
"42057","2","10","71","0","2017","4","",11,165,179,177,2055672,0,0,911,"",4.82,1.00,1.06,1.01,0.94,0.00,0.00,0.92,"",-1,-8.3,-2,-1.2,-3,-1.6,1,0.6,-58184,-2.8,0,0.0,0,0.0,-18,-1.9
"42057","3","10","71","0","2017","4","",37,555,505,549,4645270,85504,3209,666,"",6.68,1.09,0.97,1.01,0.81,0.90,1.46,0.79,"",5,15.6,9,1.6,-38,-7.0,52,10.5,135819,3.0,37403,77.8,1367,74.2,10,1.5
"42057","5","10","71","0","2017","4","",270,4385,4556,4762,59904852,4728739,415619,1009,"",0.85,1.01,1.02,1.02,1.05,1.02,1.00,1.03,"",10,3.8,357,8.9,558,14.0,773,19.4,13083468,27.9,2959696,167.3,311510,299.2,110,12.2
"42059","0","10","70","0","2017","4","",811,12849,12966,12870,173249100,9028515,553716,1033,"",1.00,1.00,1.00,1.00,1.00,1.00,1.00,1.00,"",-53,-6.1,-313,-2.4,-277,-2.1,-316,-2.4,534533,0.3,-1515070,-14.4,-32921,-5.6,26,2.6
"42059","1","10","71","0","2017","4","",25,109,112,109,1517246,0,0,1061,"",5.14,0.44,0.45,0.44,0.32,0.00,0.00,0.72,"",0,0.0,-7,-6.0,-1,-0.9,-4,-3.5,-43379,-2.8,0,0.0,0,0.0,8,0.8
"42059","2","10","71","0","2017","4","",15,935,955,950,16013483,0,0,1301,"",2.64,2.27,2.30,2.31,2.83,0.00,0.00,1.23,"",0,0.0,80,9.4,78,8.9,66,7.5,1287159,8.7,0,0.0,0,0.0,2,0.2
"42059","3","10","71","0","2017","4","",57,1500,1536,1521,15343254,13819,546,777,"",4.14,1.18,1.19,1.19,1.03,0.08,0.19,0.87,"",0,0.0,-28,-1.8,-6,-0.4,-12,-0.8,349931,2.3,3853,38.7,-146,-21.1,25,3.3
"42059","5","10","71","0","2017","4","",714,10305,10363,10290,140375117,9014696,553170,1046,"",0.91,0.94,0.94,0.94,0.95,1.03,1.01,1.01,"",-53,-6.9,-358,-3.4,-348,-3.2,-366,-3.4,-1059178,-0.7,-1518923,-14.4,-32775,-5.6,27,2.6
"42061","0","10","70","0","2017","4","",962,12695,12569,12356,123298577,7775763,424917,756,"",1.00,1.00,1.00,1.00,1.00,1.00,1.00,1.00,"",18,1.9,190,1.5,147,1.2,157,1.3,5264438,4.5,-1027510,-11.7,-98174,-18.8,22,3.0
"42061","1","10","71","0","2017","4","",26,107,102,102,1332098,0,0,988,"",4.51,0.44,0.42,0.43,0.39,0.00,0.00,0.91,"",-2,-7.1,4,3.9,-7,-6.4,-1,-1.0,59164,4.6,0,0.0,0,0.0,55,5.9
"42061","2","10","71","0","2017","4","",21,1514,1535,1523,25751115,0,0,1300,"",3.12,3.72,3.81,3.87,6.40,0.00,0.00,1.69,"",-1,-4.5,3,0.2,8,0.5,5,0.3,1264157,5.2,0,0.0,0,0.0,60,4.8
"42061","3","10","71","0","2017","4","",90,1410,1421,1389,11825192,185367,7375,647,"",5.50,1.12,1.14,1.14,1.12,1.20,3.30,0.99,"",1,1.1,-9,-0.6,-4,-0.3,-30,-2.1,401481,3.5,35279,23.5,159,2.2,29,4.7
"42061","5","10","71","0","2017","4","",825,9664,9511,9342,84390172,7590396,417542,683,"",0.88,0.90,0.89,0.89,0.80,1.01,0.99,0.90,"",20,2.5,192,2.0,150,1.6,183,2.0,3539636,4.4,-1062789,-12.3,-98333,-19.1,16,2.4
"42063","0","10","70","0","2017","4","",1956,30111,30312,30232,334571876,21765164,1264996,852,"",1.00,1.00,1.00,1.00,1.00,1.00,1.00,1.00,"",-49,-2.4,-136,-0.4,-61,-0.2,229,0.8,15577207,4.9,1182548,5.7,23612,1.9,40,4.9
"42063","1","10","71","0","2017","4","",42,181,190,194,2521500,0,0,1030,"",3.58,0.31,0.33,0.33,0.27,0.00,0.00,0.85,"",-1,-2.3,-12,-6.2,-3,-1.6,-1,-0.5,2072,0.1,0,0.0,0,0.0,29,2.9
"42063","2","10","71","0","2017","4","",23,2554,2558,2567,41454129,0,0,1246,"",1.68,2.64,2.63,2.66,3.80,0.00,0.00,1.43,"",0,0.0,-15,-0.6,3,0.1,17,0.7,1513514,3.8,0,0.0,0,0.0,45,3.7
"42063","3","10","71","0","2017","4","",84,2670,2689,2686,29156852,95778,6051,836,"",2.53,0.89,0.89,0.90,1.01,0.22,0.91,1.13,"",-1,-1.2,-104,-3.7,-51,-1.9,-56,-2.0,91382,0.3,25786,36.8,1762,41.1,24,3.0
"42063","5","10","71","0","2017","4","",1807,24706,24875,24785,261439395,21669386,1258945,811,"",0.95,0.97,0.97,0.96,0.92,1.03,1.00,0.95,"",-47,-2.5,-5,0.0,-10,0.0,269,1.1,13970239,5.6,1156762,5.6,21850,1.8,40,5.2
"42065","0","10","70","0","2017","4","",1212,15851,15812,15721,156659531,12426710,689839,763,"",1.00,1.00,1.00,1.00,1.00,1.00,1.00,1.00,"",-20,-1.6,415,2.7,496,3.2,494,3.2,9895199,6.7,1951374,18.6,95954,16.2,26,3.5
"42065","1","10","71","0","2017","4","",21,116,117,121,1426321,0,0,930,"",2.89,0.38,0.39,0.40,0.33,0.00,0.00,0.85,"",0,0.0,5,4.5,7,6.4,9,8.0,77938,5.8,0,0.0,0,0.0,-4,-0.4
"42065","2","10","71","0","2017","4","",17,278,286,286,4171276,0,0,1132,"",2.00,0.55,0.56,0.57,0.82,0.00,0.00,1.45,"",0,0.0,-35,-11.2,-30,-9.5,-26,-8.3,-802167,-16.1,0,0.0,0,0.0,-88,-7.2
"42065","3","10","71","0","2017","4","",65,1509,1489,1476,13108351,56041,2206,676,"",3.16,0.96,0.95,0.95,0.97,0.23,0.61,1.02,"",-1,-1.5,-4,-0.3,-35,-2.3,-26,-1.7,95005,0.7,28551,103.9,1121,103.3,14,2.1
"42065","5","10","71","0","2017","4","",1109,13948,13920,13838,137953583,12370669,687633,763,"",0.94,1.04,1.04,1.04,1.03,1.03,1.00,0.99,"",-19,-1.7,449,3.3,554,4.1,537,4.0,10524423,8.3,1922823,18.4,94833,16.0,31,4.2
"42067","0","10","70","0","2017","4","",534,6803,6740,6755,61363482,5012859,246623,698,"",1.00,1.00,1.00,1.00,1.00,1.00,1.00,1.00,"",8,1.5,450,7.1,411,6.5,420,6.6,4890587,8.7,447446,9.8,8899,3.7,13,1.9
"42067","1","10","71","0","2017","4","",14,60,63,61,803418,0,0,1008,"",4.37,0.46,0.49,0.47,0.48,0.00,0.00,1.01,"",0,0.0,-11,-15.5,-1,-1.6,-9,-12.9,-11905,-1.5,0,0.0,0,0.0,90,9.8
"42067","2","10","71","0","2017","4","N",9,0,0,0,0,0,0,0,"N",2.41,0,0,0,0,0,0,0,"N",-1,-10.0,0,0,0,0,0,0,0,0,0,0,0,0,0,0
"42067","3","10","71","0","2017","4","N",52,0,0,0,0,0,0,0,"N",5.73,0,0,0,0,0,0,0,"N",4,8.3,0,0,0,0,0,0,0,0,0,0,0,0,0,0
"42067","5","10","71","0","2017","4","",459,6011,5927,5950,53041712,4987242,245761,684,"",0.89,1.04,1.04,1.04,1.01,1.03,1.00,0.97,"",5,1.1,443,8.0,403,7.3,426,7.7,4663784,9.6,452011,10.0,8990,3.8,12,1.8
"42069","0","10","70","0","2017","4","",5654,99061,99380,99481,1080487481,82191657,4552629,837,"",1.00,1.00,1.00,1.00,1.00,1.00,1.00,1.00,"",-77,-1.3,500,0.5,733,0.7,364,0.4,58368066,5.7,5329166,6.9,119306,2.7,41,5.2
"42069","1","10","71","0","2017","4","",45,923,928,931,17341487,0,0,1438,"",1.33,0.48,0.49,0.49,0.58,0.00,0.00,1.20,"",0,0.0,-4,-0.4,-8,-0.9,-14,-1.5,357194,2.1,0,0.0,0,0.0,42,3.0
"42069","2","10","71","0","2017","4","",37,2290,2322,2322,31081090,0,0,1034,"",0.93,0.72,0.73,0.73,0.88,0.00,0.00,1.21,"",1,2.8,-52,-2.2,-50,-2.1,-26,-1.1,132788,0.4,0,0.0,0,0.0,23,2.3
"42069","3","10","71","0","2017","4","",156,7011,7031,6991,86295544,740120,36127,947,"",1.62,0.71,0.71,0.71,0.93,0.45,1.51,1.30,"",-3,-1.9,-151,-2.1,-139,-1.9,-150,-2.1,-129256,-0.1,150571,25.5,3709,11.4,18,1.9
"42069","5","10","71","0","2017","4","",5416,88837,89099,89237,945769360,81451537,4516502,817,"",0.99,1.06,1.06,1.06,1.03,1.02,1.00,0.97,"",-75,-1.4,707,0.8,930,1.1,554,0.6,58007340,6.5,5178595,6.8,115597,2.6,44,5.7
"42071","0","10","70","0","2017","4","",13458,239462,240218,241156,2818968476,184979313,8712630,902,"",1.00,1.00,1.00,1.00,1.00,1.00,1.00,1.00,"",123,0.9,3542,1.5,4005,1.7,3790,1.6,122117694,4.5,10796998,6.2,-176839,-2.0,25,2.9
"42071","1","10","71","0","2017","4","",71,1280,1266,1331,21127660,0,0,1258,"",0.88,0.28,0.28,0.29,0.27,0.00,0.00,0.98,"",0,0.0,46,3.7,17,1.4,-1,-0.1,-563441,-2.6,0,0.0,0,0.0,-54,-4.1
"42071","2","10","71","0","2017","4","",32,2250,2278,2246,30945354,0,0,1054,"",0.34,0.29,0.30,0.29,0.34,0.00,0.00,1.15,"",-1,-3.0,-125,-5.3,-125,-5.2,-127,-5.4,-582325,-1.8,0,0.0,0,0.0,37,3.6
"42071","3","10","71","0","2017","4","",267,15962,16031,15839,193739190,166428,5722,935,"",1.17,0.67,0.67,0.66,0.80,0.05,0.12,1.19,"",0,0.0,154,1.0,120,0.8,143,0.9,6794008,3.6,-56319,-25.3,-7449,-56.6,25,2.7
"42071","5","10","71","0","2017","4","",13088,219970,220643,221740,2573156272,184812885,8706908,897,"",1.00,1.08,1.08,1.08,1.07,1.03,1.01,0.99,"",124,1.0,3467,1.6,3993,1.8,3775,1.7,116469452,4.7,10853317,6.2,-169390,-1.9,26,3.0
"42073","0","10","70","0","2017","4","",1994,28012,27867,27726,294552270,20105519,1121024,813,"",1.00,1.00,1.00,1.00,1.00,1.00,1.00,1.00,"",-6,-0.3,-335,-1.2,-425,-1.5,-171,-0.6,5888426,2.0,848506,4.4,26105,2.4,25,3.2
"42073","1","10","71","0","2017","4","",18,210,205,206,3153398,0,0,1172,"",1.51,0.39,0.38,0.39,0.39,0.00,0.00,1.01,"",0,0.0,8,4.0,4,2.0,7,3.5,46659,1.5,0,0.0,0,0.0,-19,-1.6
"42073","2","10","71","0","2017","4","",18,328,343,333,4189738,0,0,963,"",1.29,0.36,0.38,0.38,0.44,0.00,0.00,1.16,"",-2,-10.0,-23,-6.6,-14,-3.9,-24,-6.7,-514755,-10.9,0,0.0,0,0.0,-56,-5.5
"42073","3","10","71","0","2017","4","",66,2918,2893,2893,32720957,53216,1848,868,"",1.95,1.05,1.05,1.05,1.29,0.13,0.31,1.23,"",-1,-1.5,-43,-1.5,-92,-3.1,-73,-2.5,-80979,-0.2,-16188,-23.3,-812,-30.5,19,2.2
"42073","5","10","71","0","2017","4","",1892,24556,24426,24294,254488177,20052303,1119176,801,"",0.98,1.03,1.03,1.03,1.01,1.03,1.00,0.98,"",-3,-0.2,-277,-1.1,-323,-1.3,-81,-0.3,6437501,2.6,864694,4.5,26917,2.5,27,3.5
"42075","0","10","70","0","2017","4","",2795,50085,50139,50176,547284767,38353149,1874071,840,"",1.00,1.00,1.00,1.00,1.00,1.00,1.00,1.00,"",-8,-0.3,348,0.7,281,0.6,214,0.4,30004552,5.8,2874918,8.1,-93199,-4.7,42,5.3
"42075","1","10","71","0","2017","4","",36,3168,3208,3213,54208391,0,0,1305,"",2.15,3.29,3.34,3.32,3.60,0.00,0.00,1.09,"",0,0.0,56,1.8,55,1.7,36,1.1,2490267,4.8,0,0.0,0,0.0,41,3.2
"42075","2","10","71","0","2017","4","",19,653,663,668,8791513,0,0,1023,"",0.97,0.41,0.41,0.42,0.49,0.00,0.00,1.19,"",0,0.0,-2,-0.3,3,0.5,-1,-0.1,199645,2.3,0,0.0,0,0.0,24,2.4
"42075","3","10","71","0","2017","4","",93,4392,4357,4348,49280154,43821,1431,868,"",1.96,0.89,0.88,0.88,1.05,0.06,0.15,1.19,"",2,2.2,-25,-0.6,-44,-1.0,-4,-0.1,2384245,5.1,16093,58.0,550,62.4,46,5.6
"42075","5","10","71","0","2017","4","",2647,41872,41911,41947,435004709,38309328,1872640,798,"",0.98,0.98,0.98,0.98,0.93,1.03,1.01,0.94,"",-10,-0.4,319,0.8,267,0.6,183,0.4,24930395,6.1,2858825,8.1,-93749,-4.8,41,5.4
"42077","0","10","70","0","2017","4","",8781,191367,191795,191722,2703212334,155940978,8178640,1085,"",1.00,1.00,1.00,1.00,1.00,1.00,1.00,1.00,"",54,0.6,2778,1.5,2832,1.5,3387,1.8,123523652,4.8,4937716,3.3,-552100,-6.3,33,3.1
"42077","1","10","71","0","2017","4","",45,883,851,865,16603311,0,0,1474,"",0.85,0.24,0.23,0.23,0.22,0.00,0.00,0.95,"",-1,-2.2,63,7.7,18,2.2,26,3.1,832147,5.3,0,0.0,0,0.0,14,1.0
"42077","2","10","71","0","2017","4","",25,1346,1346,1344,19201519,0,0,1098,"",0.41,0.22,0.22,0.22,0.22,0.00,0.00,0.99,"",0,0.0,-103,-7.1,-122,-8.3,-150,-10.0,-661864,-3.3,0,0.0,0,0.0,59,5.7
"42077","3","10","71","0","2017","4","",155,15066,15206,15115,186988825,657618,34148,951,"",1.04,0.79,0.80,0.80,0.80,0.21,0.79,1.01,"",2,1.3,272,1.8,349,2.3,187,1.3,6253158,3.5,-49890,-7.1,737,2.2,15,1.6
"42077","5","10","71","0","2017","4","",8556,174072,174392,174398,2480418679,155283360,8144492,1095,"",1.00,1.07,1.07,1.07,1.07,1.03,1.00,1.00,"",53,0.6,2546,1.5,2587,1.5,3324,1.9,117100211,5.0,4987606,3.3,-552837,-6.4,35,3.3
"42079","0","10","70","0","2017","4","",7373,146518,147928,146990,1599652115,124875570,6856177,836,"",1.00,1.00,1.00,1.00,1.00,1.00,1.00,1.00,"",-85,-1.1,1686,1.2,2338,1.6,2138,1.5,60946604,4.0,9952866,8.7,-133422,-1.9,20,2.5
"42079","1","10","71","0","2017","4","",53,3284,3284,3312,55879700,0,0,1305,"",1.20,1.16,1.16,1.17,1.27,0.00,0.00,1.09,"",-2,-3.6,3,0.1,20,0.6,16,0.5,3218442,6.1,0,0.0,0,0.0,70,5.7
"42079","2","10","71","0","2017","4","",39,3332,3389,3398,51133121,0,0,1166,"",0.75,0.71,0.72,0.72,0.98,0.00,0.00,1.37,"",1,2.6,-37,-1.1,-35,-1.0,-12,-0.4,862126,1.7,0,0.0,0,0.0,29,2.6
"42079","3","10","71","0","2017","4","",210,10991,10999,10700,126322636,347420,15936,892,"",1.68,0.76,0.75,0.74,0.92,0.14,0.44,1.23,"",0,0.0,94,0.9,35,0.3,11,0.1,3093999,2.5,-11346,-3.2,-3174,-16.6,18,2.1
"42079","5","10","71","0","2017","4","",7071,128911,130256,129580,1366316658,124528150,6840241,811,"",0.99,1.04,1.04,1.04,1.00,1.03,1.00,0.96,"",-84,-1.2,1626,1.3,2318,1.8,2123,1.7,53772037,4.1,9964212,8.7,-130248,-1.9,19,2.4
"42081","0","10","70","0","2017","4","",3143,51716,52139,51527,582774290,39122887,2318850,866,"",1.00,1.00,1.00,1.00,1.00,1.00,1.00,1.00,"",-11,-0.3,383,0.7,484,0.9,201,0.4,37222363,6.8,5876921,17.7,383455,19.8,50,6.1
"42081","1","10","71","0","2017","4","",37,361,363,365,5972625,0,0,1266,"",1.96,0.36,0.36,0.37,0.37,0.00,0.00,1.02,"",-1,-2.6,-1,-0.3,1,0.3,2,0.6,210033,3.6,0,0.0,0,0.0,43,3.5
"42081","2","10","71","0","2017","4","",22,2935,3109,2644,41293328,0,0,1097,"",1.00,1.77,1.86,1.61,2.17,0.00,0.00,1.24,"",-1,-4.3,1,0.0,134,4.5,-83,-3.0,1048661,2.6,0,0.0,0,0.0,22,2.0
"42081","3","10","71","0","2017","4","",167,3961,4048,4013,42465954,38852,1615,815,"",3.13,0.77,0.78,0.79,0.85,0.05,0.13,1.08,"",3,1.8,-120,-2.9,-92,-2.2,-93,-2.3,-936490,-2.2,-8007,-17.1,-327,-16.8,2,0.2
"42081","5","10","71","0","2017","4","",2917,44459,44619,44505,493042383,39084035,2317235,852,"",0.96,1.01,1.01,1.02,0.99,1.03,1.01,0.98,"",-12,-0.4,503,1.1,441,1.0,375,0.8,36900159,8.1,5884928,17.7,383782,19.8,56,7.0
"42083","0","10","70","0","2017","4","",1167,15245,15256,15187,160496870,9241385,513659,811,"",1.00,1.00,1.00,1.00,1.00,1.00,1.00,1.00,"",-6,-0.5,66,0.4,104,0.7,82,0.5,8721157,5.7,758708,8.9,41725,8.8,40,5.2
"42083","1","10","71","0","2017","4","",23,414,409,409,6043961,0,0,1132,"",3.29,1.41,1.40,1.40,1.37,0.00,0.00,0.98,"",0,0.0,-25,-5.7,-23,-5.3,-28,-6.4,-106335,-1.7,0,0.0,0,0.0,47,4.3
"42083","2","10","71","0","2017","4","",13,163,171,171,2164138,0,0,989,"",1.59,0.33,0.35,0.35,0.41,0.00,0.00,1.20,"",-1,-7.1,-9,-5.2,4,2.4,-1,-0.6,-115296,-5.1,0,0.0,0,0.0,-40,-3.9
"42083","3","10","71","0","2017","4","",62,1808,1814,1809,17364180,43506,2220,738,"",3.13,1.20,1.20,1.20,1.26,0.24,0.82,1.05,"",2,3.3,-13,-0.7,-30,-1.6,-72,-3.8,-84905,-0.5,14015,47.5,625,39.2,12,1.7
"42083","5","10","71","0","2017","4","",1069,12860,12862,12798,134924591,9197879,511439,808,"",0.94,0.99,0.99,0.99,0.98,1.03,1.00,0.99,"",-7,-0.7,113,0.9,153,1.2,183,1.5,9027693,7.2,744693,8.8,41100,8.7,45,5.9
"42085","0","10","70","0","2017","4","",2925,46911,47002,47002,495874885,33049323,1722581,812,"",1.00,1.00,1.00,1.00,1.00,1.00,1.00,1.00,"",-3,-0.1,-302,-0.6,-331,-0.7,-252,-0.5,15446350,3.2,1979622,6.4,36224,2.1,30,3.8
"42085","1","10","71","0","2017","4","",31,245,239,246,3548653,0,0,1122,"",1.77,0.27,0.27,0.27,0.26,0.00,0.00,0.97,"",1,3.3,4,1.7,-4,-1.6,-1,-0.4,69650,2.0,0,0.0,0,0.0,24,2.2
"42085","2","10","71","0","2017","4","",22,1008,1011,1007,15745102,0,0,1201,"",1.07,0.67,0.67,0.67,0.97,0.00,0.00,1.45,"",0,0.0,81,8.7,85,9.2,82,8.9,2046591,14.9,0,0.0,0,0.0,63,5.5
"42085","3","10","71","0","2017","4","",116,3887,3852,3842,41524387,40522,1134,827,"",2.33,0.84,0.83,0.83,0.97,0.06,0.13,1.17,"",0,0.0,61,1.6,41,1.1,39,1.0,1086356,2.7,-7599,-15.8,-462,-28.9,11,1.3
"42085","5","10","71","0","2017","4","",2756,41771,41900,41907,435056743,33008801,1721447,799,"",0.97,1.05,1.05,1.05,1.03,1.03,1.01,0.98,"",-4,-0.1,-448,-1.1,-453,-1.1,-372,-0.9,12243753,2.9,1987221,6.4,36686,2.2,30,3.9
"42087","0","10","70","0","2017","4","",1052,15814,15768,15808,159092584,9552898,485804,775,"",1.00,1.00,1.00,1.00,1.00,1.00,1.00,1.00,"",3,0.3,199,1.3,199,1.3,208,1.3,9930515,6.7,-252198,-2.6,-37208,-7.1,39,5.3
"42087","1","10","71","0","2017","4","",14,86,85,86,1122271,0,0,1008,"",2.22,0.28,0.28,0.28,0.26,0.00,0.00,0.91,"",0,0.0,-1,-1.1,-1,-1.2,0,0.0,15975,1.4,0,0.0,0,0.0,22,2.2
"42087","2","10","71","0","2017","4","",16,139,169,165,1541017,0,0,752,"",2.17,0.27,0.33,0.33,0.30,0.00,0.00,0.95,"",0,0.0,-19,-12.0,4,2.4,-13,-7.3,-27071,-1.7,0,0.0,0,0.0,30,4.2
"42087","3","10","71","0","2017","4","",50,1439,1446,1433,14596875,37377,1085,780,"",2.80,0.92,0.92,0.92,1.07,0.20,0.42,1.16,"",-18,-26.5,-87,-5.7,-80,-5.2,-99,-6.5,-954033,-6.1,-2516,-6.3,-300,-21.7,-3,-0.4
"42087","5","10","71","0","2017","4","",972,14150,14068,14124,141832421,9515521,484719,773,"",0.95,1.05,1.05,1.05,1.04,1.03,1.00,0.99,"",21,2.2,306,2.2,276,2.0,320,2.3,10895644,8.3,-249682,-2.6,-36908,-7.1,44,6.0
"42089","0","10","70","0","2017","4","",3563,56014,56087,56239,592314610,48778458,2431222,812,"",1.00,1.00,1.00,1.00,1.00,1.00,1.00,1.00,"",-11,-0.3,419,0.8,274,0.5,487,0.9,18599959,3.2,4871697,11.1,60598,2.6,20,2.5
"42089","1","10","71","0","2017","4","",61,3067,3089,3081,51897678,0,0,1297,"",2.85,2.84,2.88,2.84,3.19,0.00,0.00,1.12,"",0,0.0,-101,-3.2,-75,-2.4,-84,-2.7,1388414,2.7,0,0.0,0,0.0,70,5.7
"42089","2","10","71","0","2017","4","",18,1195,1219,1217,18356707,0,0,1167,"",0.72,0.66,0.68,0.68,0.95,0.00,0.00,1.41,"",0,0.0,-13,-1.1,-24,-1.9,-5,-0.4,124861,0.7,0,0.0,0,0.0,22,1.9
"42089","3","10","71","0","2017","4","",98,5982,6044,5990,80591810,59134,1917,1032,"",1.62,1.08,1.09,1.08,1.58,0.06,0.15,1.47,"",0,0.0,-33,-0.5,-19,-0.3,13,0.2,-1607394,-2.0,13260,28.9,-696,-26.6,-19,-1.8
"42089","5","10","71","0","2017","4","",3386,45770,45735,45951,441468415,48719324,2429305,741,"",0.98,0.96,0.96,0.96,0.87,1.03,1.01,0.91,"",-11,-0.3,566,1.3,392,0.9,563,1.2,18694078,4.4,4858437,11.1,61294,2.6,23,3.2
"42091","0","10","70","0","2017","4","",27543,496773,500426,500953,8578290703,406715311,21498213,1321,"",1.00,1.00,1.00,1.00,1.00,1.00,1.00,1.00,"",78,0.3,7042,1.4,8428,1.7,7446,1.5,345586372,4.2,15344771,3.9,-800901,-3.6,33,2.6
"42091","1","10","71","0","2017","4","",98,2502,2507,2499,51194642,0,0,1574,"",0.59,0.26,0.26,0.26,0.22,0.00,0.00,0.83,"",-2,-2.0,-59,-2.3,-33,-1.3,-33,-1.3,800692,1.6,0,0.0,0,0.0,50,3.3
"42091","2","10","71","0","2017","4","",33,4678,4771,4792,72666660,0,0,1178,"",0.17,0.29,0.30,0.30,0.26,0.00,0.00,0.87,"",-1,-2.9,-25,-0.5,27,0.6,54,1.1,2955521,4.2,0,0.0,0,0.0,44,3.9
"42091","3","10","71","0","2017","4","",341,27408,27660,27636,417698149,453166,20700,1166,"",0.73,0.56,0.56,0.56,0.57,0.06,0.18,1.02,"",-12,-3.4,10,0.0,-79,-0.3,72,0.3,4911693,1.2,-33914,-7.0,-3472,-14.4,14,1.2
"42091","5","10","71","0","2017","4","",27071,462185,465488,466026,8036731252,406262145,21477513,1331,"",1.01,1.10,1.09,1.09,1.10,1.03,1.01,1.00,"",93,0.3,7116,1.6,8513,1.9,7353,1.6,336918466,4.4,15378685,3.9,-797429,-3.6,35,2.7
"42093","0","10","70","0","2017","4","",450,15639,15807,15753,275608647,4568460,229442,1348,"",1.00,1.00,1.00,1.00,1.00,1.00,1.00,1.00,"",-11,-2.4,199,1.3,326,2.1,235,1.5,12486488,4.7,271758,6.3,1849,0.8,40,3.1
"42093","1","10","71","0","2017","4","",4,42,39,38,568116,0,0,1102,"",1.48,0.14,0.13,0.13,0.07,0.00,0.00,0.57,"",0,0.0,5,13.5,0,0.0,0,0.0,-11693,-2.0,0,0.0,0,0.0,-72,-6.1
"42093","2","10","71","0","2017","4","",10,694,696,703,9009405,0,0,993,"",3.17,1.38,1.37,1.40,1.00,0.00,0.00,0.72,"",0,0.0,-16,-2.3,-17,-2.4,-6,-0.8,209883,2.4,0,0.0,0,0.0,41,4.3
"42093","3","10","71","0","2017","4","",39,759,785,774,8365504,26210,725,833,"",5.10,0.49,0.50,0.50,0.35,0.29,0.60,0.71,"",0,0.0,-7,-0.9,-8,-1.0,-12,-1.5,249321,3.1,-2078,-7.3,-98,-11.9,34,4.3
"42093","5","10","71","0","2017","4","",397,14144,14287,14238,257665622,4542250,228717,1394,"",0.91,1.06,1.06,1.06,1.09,1.03,1.00,1.03,"",-11,-2.7,217,1.6,351,2.5,253,1.8,12038977,4.9,273836,6.4,1947,0.9,40,3.0
"42095","0","10","70","0","2017","4","",6739,116148,117103,116745,1397377697,101102962,5252957,921,"",1.00,1.00,1.00,1.00,1.00,1.00,1.00,1.00,"",30,0.4,718,0.6,1443,1.2,1011,0.9,53136491,4.0,1096111,1.1,-915247,-14.8,27,3.0
"42095","1","10","71","0","2017","4","",32,1083,1055,1085,19891911,0,0,1424,"",0.79,0.48,0.47,0.48,0.52,0.00,0.00,1.08,"",0,0.0,5,0.5,-14,-1.3,-7,-0.6,151147,0.8,0,0.0,0,0.0,18,1.3
"42095","2","10","71","0","2017","4","",22,491,510,521,6118509,0,0,928,"",0.47,0.13,0.14,0.14,0.13,0.00,0.00,0.99,"",0,0.0,-5,-1.0,-17,-3.2,-17,-3.2,-189771,-3.0,0,0.0,0,0.0,-5,-0.5
"42095","3","10","71","0","2017","4","",234,13141,13277,13200,163742222,466324,21811,954,"",2.04,1.14,1.14,1.14,1.36,0.23,0.79,1.19,"",-2,-0.8,-100,-0.8,-99,-0.7,-62,-0.5,6684273,4.3,-9343,-2.0,-1665,-7.1,45,5.0
"42095","5","10","71","0","2017","4","",6451,101433,102261,101939,1207625055,100636638,5231146,912,"",0.99,1.03,1.03,1.03,1.01,1.03,1.00,0.98,"",32,0.5,818,0.8,1573,1.6,1097,1.1,46490842,4.0,1105454,1.1,-913582,-14.9,25,2.8
"42097","0","10","70","0","2017","4","",1877,28460,27362,27318,286540732,23426612,1227393,795,"",1.00,1.00,1.00,1.00,1.00,1.00,1.00,1.00,"",-10,-0.5,-261,-0.9,-243,-0.9,53,0.2,8430782,3.0,2327250,11.0,63889,5.5,27,3.5
"42097","1","10","71","0","2017","4","",23,162,153,158,2372375,0,0,1157,"",2.04,0.30,0.29,0.30,0.30,0.00,0.00,1.02,"",-1,-4.2,5,3.2,-4,-2.5,0,0.0,118334,5.2,0,0.0,0,0.0,55,5.0
"42097","2","10","71","0","2017","4","",19,863,880,869,13660702,0,0,1207,"",1.44,0.94,1.00,1.00,1.46,0.00,0.00,1.49,"",0,0.0,19,2.3,20,2.3,6,0.7,300649,2.3,0,0.0,0,0.0,6,0.5
"42097","3","10","71","0","2017","4","",114,3161,3179,3163,32064560,84792,3932,779,"",3.57,1.12,1.17,1.17,1.30,0.18,0.61,1.13,"",-6,-5.0,-78,-2.4,-87,-2.7,-84,-2.6,123179,0.4,-4669,-5.2,-285,-6.8,23,3.0
"42097","5","10","71","0","2017","4","",1721,24274,23150,23128,238443095,23341820,1223461,780,"",0.95,1.00,1.00,1.00,0.97,1.03,1.00,0.98,"",-3,-0.2,-207,-0.8,-172,-0.7,131,0.6,7888620,3.4,2331919,11.1,64174,5.5,29,3.9
"42099","0","10","70","0","2017","4","",896,7881,7878,7846,67227242,6848866,376809,657,"",1.00,1.00,1.00,1.00,1.00,1.00,1.00,1.00,"",-6,-0.7,-29,-0.4,-22,-0.3,-21,-0.3,1054285,1.6,715095,11.7,4931,1.3,12,1.9
"42099","1","10","71","0","2017","4","",14,83,83,86,1103635,0,0,1011,"",2.61,0.55,0.55,0.57,0.60,0.00,0.00,1.08,"",0,0.0,6,7.8,4,5.1,7,8.9,98715,9.8,0,0.0,0,0.0,24,2.4
"42099","2","10","71","0","2017","4","",21,417,422,413,5548026,0,0,1023,"",3.34,1.65,1.67,1.65,2.53,0.00,0.00,1.53,"",3,16.7,-7,-1.7,-7,-1.6,-16,-3.7,25287,0.5,0,0.0,0,0.0,29,2.9
"42099","3","10","71","0","2017","4","",63,1330,1350,1332,13102043,29945,1176,754,"",4.14,1.70,1.73,1.72,2.27,0.22,0.59,1.32,"",-1,-1.6,-24,-1.8,-30,-2.2,-59,-4.2,210814,1.6,4321,16.9,196,20.0,33,4.6
"42099","5","10","71","0","2017","4","",798,6051,6023,6015,47473538,6818921,375633,606,"",0.92,0.90,0.90,0.90,0.83,1.03,1.00,0.92,"",-8,-1.0,-4,-0.1,11,0.2,47,0.8,719469,1.5,710774,11.6,4735,1.3,8,1.3
"42101","0","10","70","0","2017","4","",34475,682505,684284,685133,11459330563,485060472,25710741,1289,"",1.00,1.00,1.00,1.00,1.00,1.00,1.00,1.00,"",-147,-0.4,8984,1.3,8657,1.3,8597,1.3,622302069,5.7,35137011,7.8,-263371,-1.0,54,4.4
"42101","1","10","71","0","2017","4","",148,29326,29289,29684,636684843,0,0,1664,"",0.72,2.23,2.24,2.25,2.02,0.00,0.00,0.90,"",-3,-2.0,-311,-1.0,-348,-1.2,-641,-2.1,16116285,2.6,0,0.0,0,0.0,66,4.1
"42101","2","10","71","0","2017","4","",34,10583,10674,10752,173480947,1034,27,1251,"",0.14,0.48,0.49,0.49,0.46,0.00,0.00,0.95,"",-1,-2.9,-355,-3.2,-276,-2.5,-199,-1.8,6781391,4.1,-1183,-53.4,-35,-56.5,80,6.8
"42101","3","10","71","0","2017","4","",614,61957,61986,62399,957505852,6463884,401729,1186,"",1.05,0.92,0.91,0.92,0.97,0.67,2.97,1.06,"",-9,-1.4,526,0.9,229,0.4,606,1.0,39973141,4.4,-2125465,-24.7,-209023,-34.2,41,3.6
"42101","5","10","71","0","2017","4","",33679,580639,582335,582298,9691658921,478595554,25308985,1281,"",1.01,1.00,1.00,1.00,0.99,1.02,0.99,0.99,"",-134,-0.4,9124,1.6,9052,1.6,8831,1.5,559431252,6.1,37263659,8.4,-54313,-0.2,55,4.5
"42103","0","10","70","0","2017","4","",1054,11259,11147,10955,98523818,9109215,440656,682,"",1.00,1.00,1.00,1.00,1.00,1.00,1.00,1.00,"",20,1.9,129,1.2,167,1.5,92,0.8,2601449,2.7,346225,4.0,-20790,-4.5,11,1.6
"42103","1","10","71","0","2017","4","",18,205,192,195,3315267,0,0,1292,"",2.85,0.95,0.90,0.92,1.22,0.00,0.00,1.32,"",0,0.0,10,5.1,-6,-3.0,-8,-3.9,42965,1.3,0,0.0,0,0.0,25,2.0
"42103","2","10","71","0","2017","4","",12,201,214,210,2697260,0,0,996,"",1.62,0.56,0.60,0.60,0.84,0.00,0.00,1.43,"",0,0.0,-10,-4.7,-1,-0.5,2,1.0,-130714,-4.6,0,0.0,0,0.0,-33,-3.2
"42103","3","10","71","0","2017","4","",39,2139,2154,2140,26667112,13451,764,957,"",2.18,1.92,1.95,1.97,3.15,0.07,0.33,1.62,"",0,0.0,-8,-0.4,-14,-0.6,-24,-1.1,704641,2.7,-2524,-15.8,-164,-17.7,32,3.5
"42103","5","10","71","0","2017","4","",985,8714,8587,8410,65844179,9095764,439892,591,"",0.96,0.91,0.91,0.90,0.78,1.03,1.00,0.86,"",20,2.1,137,1.6,188,2.2,122,1.5,1984557,3.1,348749,4.0,-20626,-4.5,8,1.4
"42105","0","10","70","0","2017","4","",459,5469,5431,5403,58651817,3935051,207172,830,"",1.00,1.00,1.00,1.00,1.00,1.00,1.00,1.00,"",6,1.3,126,2.4,110,2.1,87,1.6,7054786,13.7,638235,19.4,40445,24.3,85,11.4
"42105","1","10","71","0","2017","4","",11,48,41,42,488832,0,0,861,"",4.00,0.46,0.39,0.40,0.30,0.00,0.00,0.73,"",0,0.0,1,2.1,-11,-21.2,-10,-19.2,14346,3.0,0,0.0,0,0.0,136,18.8
"42105","2","10","71","0","2017","4","",12,206,206,194,2339360,0,0,891,"",3.73,1.17,1.18,1.13,1.22,0.00,0.00,1.05,"",0,0.0,1,0.5,-2,-1.0,-9,-4.4,23101,1.0,0,0.0,0,0.0,23,2.6
"42105","3","10","71","0","2017","4","",53,813,803,810,6799826,10305,426,647,"",6.79,1.50,1.49,1.51,1.35,0.13,0.39,0.90,"",0,0.0,2,0.2,-12,-1.5,-16,-1.9,162210,2.4,-3316,-24.3,-209,-32.9,22,3.5
"42105","5","10","71","0","2017","4","",383,4402,4381,4357,49023799,3924746,206746,861,"",0.86,0.95,0.95,0.95,0.98,1.03,1.00,1.03,"",6,1.6,122,2.9,135,3.2,122,2.9,6855129,16.3,641551,19.5,40654,24.5,98,12.8
"42107","0","10","70","0","2017","4","",3045,49118,49219,49341,516273520,38135591,2081270,807,"",1.00,1.00,1.00,1.00,1.00,1.00,1.00,1.00,"",-64,-2.1,-941,-1.9,-1042,-2.1,-1014,-2.0,7460062,1.5,-666419,-1.7,-193794,-8.5,28,3.6
"42107","1","10","71","0","2017","4","",59,599,581,591,9197054,0,0,1198,"",3.23,0.63,0.62,0.62,0.65,0.00,0.00,1.04,"",0,0.0,-25,-4.0,-42,-6.7,-29,-4.7,-99369,-1.1,0,0.0,0,0.0,49,4.3
"42107","2","10","71","0","2017","4","",26,1569,1604,1603,26087084,0,0,1260,"",1.22,1.00,1.02,1.02,1.55,0.00,0.00,1.53,"",-2,-7.1,-47,-2.9,-35,-2.1,-37,-2.3,563900,2.2,0,0.0,0,0.0,57,4.7
"42107","3","10","71","0","2017","4","",153,5115,5143,5145,51707458,242299,12742,775,"",2.96,1.05,1.05,1.05,1.16,0.32,1.16,1.11,"",-1,-0.6,-89,-1.7,-15,-0.3,-46,-0.9,1292045,2.6,-61997,-20.4,-3474,-21.4,27,3.6
"42107","5","10","71","0","2017","4","",2807,41835,41891,42002,429281924,37893292,2068528,788,"",0.95,1.00,1.00,1.00,0.97,1.03,1.00,0.97,"",-61,-2.1,-780,-1.8,-950,-2.2,-902,-2.1,5703486,1.3,-604422,-1.6,-190320,-8.4,26,3.4
"42109","0","10","70","0","2017","4","",975,16582,16675,16701,159262735,12503982,693783,736,"",1.00,1.00,1.00,1.00,1.00,1.00,1.00,1.00,"",10,1.0,201,1.2,135,0.8,93,0.6,12174240,8.3,-126868,-1.0,-83688,-10.8,51,7.4
"42109","1","10","71","0","2017","4","",19,89,87,86,1319399,0,0,1162,"",3.25,0.28,0.27,0.27,0.30,0.00,0.00,1.10,"",1,5.6,4,4.7,-4,-4.4,-7,-7.5,66307,5.3,0,0.0,0,0.0,87,8.1
"42109","2","10","71","0","2017","4","",13,934,933,930,10136906,0,0,836,"",1.90,1.75,1.75,1.75,1.95,0.00,0.00,1.11,"",-1,-7.1,25,2.8,-9,-1.0,-10,-1.1,84645,0.8,0,0.0,0,0.0,5,0.6
"42109","3","10","71","0","2017","4","",59,1188,1205,1197,12185522,34314,1355,783,"",3.56,0.72,0.73,0.72,0.89,0.14,0.37,1.23,"",2,3.5,17,1.5,19,1.6,25,2.1,492234,4.2,2499,7.9,-94,-6.5,18,2.4
"42109","5","10","71","0","2017","4","",884,14371,14450,14488,135620908,12469668,692428,723,"",0.93,1.02,1.02,1.02,1.00,1.03,1.00,0.98,"",8,0.9,155,1.1,129,0.9,85,0.6,11531054,9.3,-129367,-1.0,-83594,-10.8,56,8.4
"42111","0","10","70","0","2017","4","",1880,24204,24014,24032,239614344,15606356,924751,765,"",1.00,1.00,1.00,1.00,1.00,1.00,1.00,1.00,"",-6,-0.3,166,0.7,198,0.8,215,0.9,15175288,6.8,1252906,8.7,87761,10.5,42,5.8
"42111","1","10","71","0","2017","4","",38,186,182,185,2447311,0,0,1021,"",3.37,0.40,0.40,0.40,0.37,0.00,0.00,0.93,"",0,0.0,-6,-3.1,-3,-1.6,-4,-2.1,99276,4.2,0,0.0,0,0.0,64,6.7
"42111","2","10","71","0","2017","4","",23,1590,1600,1600,27118548,0,0,1306,"",1.75,2.05,2.08,2.09,3.47,0.00,0.00,1.67,"",0,0.0,28,1.8,17,1.1,24,1.5,1772916,7.0,0,0.0,0,0.0,67,5.4
"42111","3","10","71","0","2017","4","",94,2612,2645,2630,23959411,61104,2308,701,"",2.94,1.09,1.11,1.11,1.16,0.20,0.47,1.06,"",0,0.0,-23,-0.9,-48,-1.8,-50,-1.9,-10991,0.0,-22920,-27.3,-1162,-33.5,10,1.4
"42111","5","10","71","0","2017","4","",1725,19816,19587,19617,186089074,15545252,922443,728,"",0.95,0.96,0.96,0.96,0.91,1.03,1.00,0.95,"",-6,-0.3,167,0.8,232,1.2,245,1.3,13314087,7.7,1275826,8.9,88923,10.7,45,6.6
"42113","0","10","70","0","2017","4","",210,1807,1797,1795,15820490,1627424,87237,676,"",1.00,1.00,1.00,1.00,1.00,1.00,1.00,1.00,"",16,8.2,180,11.1,150,9.1,190,11.8,1681930,11.9,49450,3.1,-2074,-2.3,7,1.0
"42113","1","10","71","0","2017","4","",9,16,17,18,203730,0,0,922,"",7.15,0.46,0.49,0.52,0.47,0.00,0.00,0.95,"",0,0.0,-2,-11.1,0,0.0,0,0.0,10624,5.5,0,0.0,0,0.0,81,9.6
"42113","2","10","71","0","2017","4","",10,151,147,149,1699905,0,0,878,"",6.80,2.60,2.55,2.60,3.29,0.00,0.00,1.27,"",2,25.0,6,4.1,0,0.0,13,9.6,35107,2.1,0,0.0,0,0.0,-20,-2.2
"42113","3","10","71","0","2017","4","",18,228,229,230,2288983,5923,179,769,"",5.04,1.27,1.28,1.29,1.68,0.18,0.39,1.31,"",0,0.0,-7,-3.0,-7,-3.0,-4,-1.7,37692,1.7,2610,78.8,77,75.5,32,4.3
"42113","5","10","71","0","2017","4","",173,1412,1404,1398,11627872,1621501,87058,637,"",0.85,0.92,0.92,0.92,0.86,1.03,1.00,0.94,"",14,8.8,183,14.9,157,12.6,181,14.9,1598507,15.9,46840,3.0,-2151,-2.4,10,1.6
"42115","0","10","70","0","2017","4","",1006,9295,9132,9102,92711166,6537452,348428,777,"",1.00,1.00,1.00,1.00,1.00,1.00,1.00,1.00,"",-39,-3.7,166,1.8,35,0.4,80,0.9,9961390,12.0,296523,4.8,-15534,-4.3,76,10.8
"42115","1","10","71","0","2017","4","",26,101,100,106,1285657,0,0,966,"",4.31,0.56,0.57,0.60,0.50,0.00,0.00,0.87,"",0,0.0,-1,-1.0,-5,-4.8,0,0.0,66784,5.5,0,0.0,0,0.0,67,7.5
"42115","2","10","71","0","2017","4","",12,187,207,208,2531315,0,0,970,"",1.70,0.63,0.71,0.72,0.84,0.00,0.00,1.22,"",1,9.1,-4,-2.1,-7,-3.3,-2,-1.0,-142394,-5.3,0,0.0,0,0.0,-33,-3.3
"42115","3","10","71","0","2017","4","",75,1594,1615,1611,16770586,44458,1440,803,"",4.39,1.73,1.78,1.79,2.10,0.34,0.79,1.19,"",1,1.4,-32,-2.0,-53,-3.2,-48,-2.9,421364,2.6,2629,6.3,-7,-0.5,41,5.4
"42115","5","10","71","0","2017","4","",893,7413,7210,7177,72123608,6492994,346988,763,"",0.92,0.94,0.93,0.93,0.91,1.03,1.00,0.98,"",-41,-4.4,203,2.8,100,1.4,130,1.8,9615636,15.4,293894,4.7,-15527,-4.3,88,13.0
"42117","0","10","70","0","2017","4","",1093,12737,12594,12461,127480886,8356243,460602,778,"",1.00,1.00,1.00,1.00,1.00,1.00,1.00,1.00,"",-10,-0.9,-22,-0.2,-7,-0.1,49,0.4,3185774,2.6,1017915,13.9,46744,11.3,19,2.5
"42117","1","10","71","0","2017","4","",26,140,137,137,1815848,0,0,1012,"",3.97,0.57,0.57,0.57,0.52,0.00,0.00,0.91,"",0,0.0,-1,-0.7,-1,-0.7,-2,-1.4,107773,6.3,0,0.0,0,0.0,69,7.3
"42117","2","10","71","0","2017","4","",15,658,656,643,8598343,0,0,1014,"",1.96,1.61,1.63,1.62,2.07,0.00,0.00,1.28,"",1,7.1,-10,-1.5,-13,-1.9,-10,-1.5,-37022,-0.4,0,0.0,0,0.0,13,1.3
"42117","3","10","71","0","2017","4","",76,1484,1474,1469,13562252,47149,1743,707,"",4.09,1.18,1.18,1.19,1.24,0.29,0.72,1.05,"",-3,-3.8,-27,-1.8,-45,-3.0,-53,-3.5,-402108,-2.9,157,0.3,-88,-4.8,-1,-0.1
"42117","5","10","71","0","2017","4","",976,10455,10327,10212,103504443,8309094,458859,771,"",0.92,0.97,0.97,0.96,0.95,1.03,1.00,0.99,"",-8,-0.8,16,0.2,52,0.5,114,1.1,3517131,3.5,1017758,14.0,46832,11.4,22,2.9
"42119","0","10","70","0","2017","4","",1001,17810,17778,17767,191194821,10512420,513725,827,"",1.00,1.00,1.00,1.00,1.00,1.00,1.00,1.00,"",10,1.0,135,0.8,57,0.3,123,0.7,6617812,3.6,751809,7.7,-7233,-1.4,24,3.0
"42119","1","10","71","0","2017","4","",18,1532,1509,1506,24222316,0,0,1229,"",3.00,4.47,4.44,4.40,4.61,0.00,0.00,1.04,"",1,5.9,-73,-4.5,-93,-5.8,-123,-7.6,-1096289,-4.3,0,0.0,0,0.0,21,1.7
"42119","2","10","71","0","2017","4","",13,129,134,134,1351811,0,0,786,"",1.85,0.23,0.24,0.24,0.22,0.00,0.00,0.93,"",1,8.3,-8,-5.8,-4,-2.9,-1,-0.7,-63971,-4.5,0,0.0,0,0.0,-11,-1.4
"42119","3","10","71","0","2017","4","",53,1254,1276,1255,13239383,65564,2460,807,"",3.12,0.71,0.72,0.71,0.81,0.32,0.91,1.12,"",1,1.9,11,0.9,3,0.2,26,2.1,389617,3.0,6536,11.1,52,2.2,15,1.9
"42119","5","10","71","0","2017","4","",917,14895,14859,14872,152381311,10446856,511265,788,"",0.94,0.98,0.98,0.98,0.93,1.03,1.00,0.95,"",7,0.8,205,1.4,151,1.0,221,1.5,7388455,5.1,745273,7.7,-7285,-1.4,28,3.7
"42121","0","10","70","0","2017","4","",1254,18115,18112,18052,183559684,11768908,608249,780,"",1.00,1.00,1.00,1.00,1.00,1.00,1.00,1.00,"",1,0.1,9,0.0,97,0.5,15,0.1,6642106,3.8,951039,8.8,28298,4.9,26,3.4
"42121","1","10","71","0","2017","4","",17,108,105,105,1441161,0,0,1046,"",2.26,0.31,0.30,0.30,0.29,0.00,0.00,0.94,"",0,0.0,9,9.1,-3,-2.8,-2,-1.9,6779,0.5,0,0.0,0,0.0,-8,-0.8
"42121","2","10","71","0","2017","4","",20,1334,1360,1360,17693713,0,0,1007,"",2.28,2.29,2.34,2.36,2.95,0.00,0.00,1.27,"N",-2,-9.1,0,0,0,0,0,0,0,0,0,0,0,0,0,0
"42121","3","10","71","0","2017","4","",59,1728,1760,1737,17505869,40273,1286,773,"",2.77,0.96,0.98,0.97,1.11,0.17,0.40,1.14,"N",0,0.0,0,0,0,0,0,0,0,0,0,0,0,0,0,0
"42121","5","10","71","0","2017","4","",1158,14945,14887,14850,146918941,11728635,606963,759,"",0.95,0.97,0.97,0.97,0.94,1.03,1.00,0.97,"",3,0.3,35,0.2,97,0.7,46,0.3,6192804,4.4,969085,9.0,29783,5.2,29,4.0
"42123","0","10","70","0","2017","4","",1070,14555,14575,14648,151149362,9354606,480948,797,"",1.00,1.00,1.00,1.00,1.00,1.00,1.00,1.00,"",-27,-2.5,-176,-1.2,-147,-1.0,-76,-0.5,-1105892,-0.7,-776482,-7.7,-22982,-4.6,2,0.3
"42123","1","10","71","0","2017","4","",20,164,160,162,2483222,0,0,1179,"",3.12,0.59,0.57,0.57,0.60,0.00,0.00,1.03,"",0,0.0,-12,-6.8,-11,-6.4,-5,-3.0,17571,0.7,0,0.0,0,0.0,72,6.5
"42123","2","10","71","0","2017","4","",14,612,618,614,8659736,0,0,1084,"",1.87,1.31,1.32,1.31,1.75,0.00,0.00,1.33,"",0,0.0,-13,-2.1,-12,-1.9,-17,-2.7,457671,5.6,0,0.0,0,0.0,80,8.0
"42123","3","10","71","0","2017","4","",50,1245,1248,1231,11938801,94877,3253,740,"",2.75,0.86,0.86,0.85,0.92,0.51,1.29,1.07,"",0,0.0,-3,-0.2,2,0.2,-13,-1.0,66819,0.6,41336,77.2,1086,50.1,7,1.0
"42123","5","10","71","0","2017","4","",986,12534,12549,12641,128067603,9259729,477695,783,"",0.95,1.01,1.01,1.02,0.99,1.02,1.00,0.98,"",-27,-2.7,-148,-1.2,-126,-1.0,-41,-0.3,-1647953,-1.3,-817818,-8.1,-24068,-4.8,-4,-0.5
"42125","0","10","70","0","2017","4","",5480,88022,88042,87771,1350077654,81975723,5012472,1181,"",1.00,1.00,1.00,1.00,1.00,1.00,1.00,1.00,"",24,0.4,2287,2.7,2345,2.7,2328,2.7,114515810,9.3,14434424,21.4,1001623,25.0,71,6.4
"42125","1","10","71","0","2017","4","",64,469,466,454,7109657,0,0,1181,"",1.95,0.28,0.28,0.27,0.19,0.00,0.00,0.70,"",1,1.6,2,0.4,10,2.2,-12,-2.6,13618,0.2,0,0.0,0,0.0,2,0.2
"42125","2","10","71","0","2017","4","",23,1429,1460,1471,21235810,0,0,1124,"",0.60,0.51,0.52,0.53,0.48,0.00,0.00,0.93,"",-1,-4.2,-30,-2.1,-26,-1.7,-16,-1.1,494560,2.4,0,0.0,0,0.0,44,4.1
"42125","3","10","71","0","2017","4","",182,6990,6676,6702,78151684,89163,3501,885,"",1.95,0.80,0.76,0.77,0.67,0.05,0.13,0.86,"",-1,-0.5,-99,-1.4,-427,-6.0,-313,-4.5,-1225889,-1.5,20793,30.4,283,8.8,21,2.4
"42125","5","10","71","0","2017","4","",5211,79134,79440,79144,1243580503,81886560,5008971,1207,"",0.98,1.06,1.06,1.06,1.08,1.03,1.01,1.02,"",25,0.5,2414,3.1,2788,3.6,2669,3.5,115233521,10.2,14413631,21.4,1001340,25.0,74,6.5
"42127","0","10","70","0","2017","4","",1434,14943,14831,14693,151748736,9932585,497408,788,"",1.00,1.00,1.00,1.00,1.00,1.00,1.00,1.00,"",-25,-1.7,263,1.8,182,1.2,157,1.1,5802300,4.0,542269,5.8,-2820,-0.6,20,2.6
"42127","1","10","71","0","2017","4","",23,541,539,538,8129922,0,0,1160,"",2.67,1.88,1.90,1.90,1.95,0.00,0.00,1.03,"",0,0.0,5,0.9,0,0.0,-2,-0.4,380565,4.9,0,0.0,0,0.0,53,4.8
"42127","2","10","71","0","2017","4","",17,880,896,890,14907645,0,0,1290,"",1.69,1.83,1.89,1.90,3.01,0.00,0.00,1.61,"",0,0.0,-19,-2.1,-21,-2.3,-26,-2.8,347088,2.4,0,0.0,0,0.0,60,4.9
"42127","3","10","71","0","2017","4","",58,1687,1687,1671,18508736,91247,3962,847,"",2.38,1.14,1.15,1.15,1.42,0.46,1.51,1.24,"",0,0.0,72,4.5,39,2.4,49,3.0,715148,4.0,23241,34.2,1114,39.1,6,0.7
"42127","5","10","71","0","2017","4","",1336,11835,11709,11594,110202433,9841338,493446,724,"",0.96,0.93,0.93,0.93,0.85,1.02,1.00,0.91,"",-25,-1.8,205,1.8,164,1.4,136,1.2,4359499,4.1,519028,5.6,-3934,-0.8,19,2.7
"42129","0","10","70","0","2017","4","",9234,134867,135191,134423,1553855029,110311250,6207070,887,"",1.00,1.00,1.00,1.00,1.00,1.00,1.00,1.00,"",29,0.3,1003,0.7,1135,0.8,1179,0.9,102422643,7.1,8867141,8.7,387312,6.7,52,6.2
"42129","1","10","71","0","2017","4","",93,840,842,852,13171297,0,0,1199,"",1.68,0.32,0.33,0.33,0.31,0.00,0.00,0.95,"",-1,-1.1,10,1.2,12,1.4,6,0.7,448044,3.5,0,0.0,0,0.0,27,2.3
"42129","2","10","71","0","2017","4","",33,2457,2534,2550,37626712,0,0,1151,"",0.51,0.57,0.59,0.59,0.74,0.00,0.00,1.27,"",0,0.0,-9,-0.4,-13,-0.5,30,1.2,1250605,3.4,0,0.0,0,0.0,37,3.3
"42129","3","10","71","0","2017","4","",320,11219,11498,11350,135768138,198037,9063,920,"",2.04,0.84,0.86,0.85,1.02,0.09,0.28,1.20,"",-1,-0.3,-178,-1.6,-153,-1.3,-218,-1.9,577879,0.4,14804,8.1,-14,-0.2,19,2.1
"42129","5","10","71","0","2017","4","",8788,120351,120317,119671,1367288882,110113213,6198007,876,"",0.98,1.05,1.05,1.05,1.03,1.03,1.01,0.98,"",31,0.4,1180,1.0,1289,1.1,1361,1.2,100146115,7.9,8852337,8.7,387326,6.7,56,6.8
"42131","0","10","70","0","2017","4","",717,9750,9672,9625,123265559,6621068,385966,979,"",1.00,1.00,1.00,1.00,1.00,1.00,1.00,1.00,"",-16,-2.2,-24,-0.2,-52,-0.5,-27,-0.3,5553023,4.7,-97973,-1.5,-35585,-8.4,47,5.0
"42131","1","10","71","0","2017","4","",9,58,57,54,748593,0,0,1022,"",2.09,0.31,0.31,0.29,0.22,0.00,0.00,0.73,"",0,0.0,3,5.5,3,5.6,0,0.0,20592,2.8,0,0.0,0,0.0,-9,-0.9
"42131","2","10","71","0","2017","4","",12,115,131,130,1645983,0,0,1010,"",2.39,0.37,0.42,0.42,0.41,0.00,0.00,1.01,"N",0,0.0,0,0,0,0,0,0,0,0,0,0,0,0,0,0
"42131","3","10","71","0","2017","4","",38,922,908,906,9692018,14650,583,817,"",3.12,0.95,0.95,0.95,0.91,0.11,0.29,0.96,"N",0,0.0,0,0,0,0,0,0,0,0,0,0,0,0,0,0
"42131","5","10","71","0","2017","4","",658,8655,8576,8535,111178965,6606418,385383,996,"",0.95,1.04,1.04,1.04,1.06,1.03,1.01,1.01,"",-16,-2.4,1,0.0,-9,-0.1,0,0.0,5614930,5.3,-104260,-1.6,-35586,-8.5,51,5.4
"42133","0","10","70","0","2017","4","",9128,179195,180705,180889,2238851256,151148350,7836812,955,"",1.00,1.00,1.00,1.00,1.00,1.00,1.00,1.00,"",78,0.9,1195,0.7,1609,0.9,2210,1.2,128772295,6.1,5818158,4.0,-426851,-5.2,46,5.1
"42133","1","10","71","0","2017","4","",83,4259,4306,4305,82867557,0,0,1486,"",1.52,1.23,1.25,1.24,1.35,0.00,0.00,1.09,"",0,0.0,109,2.6,146,3.5,175,4.2,5593373,7.2,0,0.0,0,0.0,53,3.7
"42133","2","10","71","0","2017","4","",26,979,1036,1005,11198721,0,0,856,"",0.41,0.17,0.18,0.17,0.15,0.00,0.00,0.88,"",-1,-3.7,-38,-3.7,13,1.3,-18,-1.8,-368279,-3.2,0,0.0,0,0.0,-15,-1.7
"42133","3","10","71","0","2017","4","",260,14996,15177,14996,190790971,696638,39017,975,"",1.68,0.84,0.85,0.84,0.99,0.23,0.95,1.18,"",2,0.8,-73,-0.5,-57,-0.4,-70,-0.5,5586030,3.0,-172647,-19.9,-8214,-17.4,33,3.5
"42133","5","10","71","0","2017","4","",8759,158961,160186,160583,1953994007,150451712,7797795,940,"",0.99,1.04,1.04,1.04,1.02,1.03,1.00,0.98,"",77,0.9,1197,0.8,1507,0.9,2123,1.3,117961171,6.4,5990805,4.1,-418637,-5.1,48,5.4
"42999","0","10","70","0","2017","4","",28730,166218,168033,167166,3757629206,252070844,16950887,1729,"",1.00,1.00,1.00,1.00,1.00,1.00,1.00,1.00,"",1066,3.9,7772,4.9,10384,6.6,11306,7.3,332230049,9.7,-44775032,-15.1,-678443,-3.8,54,3.2
"42999","1","10","71","0","2017","4","",55,894,902,1003,23015116,0,0,1898,"",0.32,0.28,0.28,0.31,0.22,0.00,0.00,0.77,"",3,5.8,70,8.5,109,13.7,214,27.1,4069013,21.5,0,0.0,0,0.0,81,4.5
"42999","2","10","71","0","2017","4","-",0,0,0,0,0,0,0,0,"N",0.00,0,0,0,0,0,0,0,"N",0,0,0,0,0,0,0,0,0,0,0,0,0,0,0,0
"42999","3","10","71","0","2017","4","N",2,0,0,0,0,0,0,0,"N",0.00,0,0,0,0,0,0,0,"N",0,0.0,0,0,0,0,0,0,0,0,0,0,0,0,0,0
"42999","5","10","71","0","2017","4","N",28673,0,0,0,0,0,0,0,"N",1.03,0,0,0,0,0,0,0,"N",1063,3.9,0,0,0,0,0,0,0,0,0,0,0,0,0,0
"44000","0","10","50","0","2017","4","",37498,484273,483842,483408,6646062496,899314526,26372933,1057,"",1.00,1.00,1.00,1.00,1.00,1.00,1.00,1.00,"",357,1.0,4299,0.9,4671,1.0,5163,1.1,245471871,3.8,40509082,4.7,-3546912,-11.9,29,2.8
"44000","1","10","51","0","2017","4","",186,10946,10908,10962,236216073,0,0,1661,"",0.83,1.17,1.18,1.18,1.29,0.00,0.00,1.10,"",1,0.5,165,1.5,108,1.0,27,0.2,6229458,2.7,0,0.0,0,0.0,29,1.8
"44000","2","10","51","0","2017","4","",116,16536,16383,16488,295986185,0,0,1382,"",0.44,1.06,1.06,1.07,1.36,0.00,0.00,1.28,"",5,4.5,70,0.4,109,0.7,77,0.5,-1720062,-0.6,-68527,-100.0,-1619,-100.0,-16,-1.1
"44000","3","10","51","0","2017","4","",402,33838,33776,34088,520836683,1167440,25689,1182,"",0.63,0.71,0.70,0.71,0.91,0.07,0.19,1.29,"",-11,-2.7,145,0.4,-258,-0.8,73,0.2,9829581,1.9,34511,3.0,-5069,-16.5,23,2.0
"44000","5","10","51","0","2017","4","",36794,422953,422775,421870,5593023555,898147086,26347244,1018,"",1.01,1.03,1.03,1.03,0.99,1.03,1.01,0.96,"",362,1.0,3919,0.9,4712,1.1,4986,1.2,231132894,4.3,40543098,4.7,-3540224,-11.8,31,3.1
"44000","8","10","96","0","2017","4","",704,61320,61067,61538,1053038941,1167440,25689,1321,"",0.63,0.84,0.84,0.85,1.08,0.04,0.15,1.29,"",-5,-0.7,380,0.6,-41,-0.1,177,0.3,14338977,1.4,-34016,-2.8,-6688,-20.7,14,1.1
"44001","0","10","70","0","2017","4","",1547,13838,13806,13801,150556492,24232580,707054,838,"",1.00,1.00,1.00,1.00,1.00,1.00,1.00,1.00,"",49,3.3,-363,-2.6,-392,-2.8,-432,-3.0,-2804501,-1.8,-1285136,-5.0,-146401,-17.2,8,1.0
"44001","1","10","71","0","2017","4","",5,91,91,95,1576522,0,0,1313,"",0.54,0.34,0.34,0.36,0.38,0.00,0.00,1.10,"",0,0.0,-6,-6.2,-3,-3.2,1,1.1,-39065,-2.4,0,0.0,0,0.0,5,0.4
"44001","2","10","71","0","2017","4","N",3,0,0,0,0,0,0,0,"N",0.28,0,0,0,0,0,0,0,"N",0,0.0,0,0,0,0,0,0,0,0,0,0,0,0,0,0
"44001","3","10","71","0","2017","4","N",27,0,0,0,0,0,0,0,"N",1.03,0,0,0,0,0,0,0,"N",0,0.0,0,0,0,0,0,0,0,0,0,0,0,0,0,0
"44001","5","10","71","0","2017","4","N",1512,0,0,0,0,0,0,0,"N",1.01,0,0,0,0,0,0,0,"N",49,3.3,0,0,0,0,0,0,0,0,0,0,0,0,0,0
"44003","0","10","70","0","2017","4","",5577,75753,76406,76986,920565338,154725655,4290042,927,"",1.00,1.00,1.00,1.00,1.00,1.00,1.00,1.00,"",96,1.8,432,0.6,744,1.0,946,1.2,26774411,3.0,3029633,2.0,-760745,-15.1,18,2.0
"44003","1","10","71","0","2017","4","",19,720,721,730,12516841,0,0,1330,"",0.57,0.49,0.49,0.49,0.49,0.00,0.00,1.00,"",0,0.0,2,0.3,5,0.7,15,2.1,459128,3.8,0,0.0,0,0.0,35,2.7
"44003","2","10","71","0","2017","4","",12,1089,1087,1104,18105941,0,0,1274,"",0.31,0.45,0.44,0.45,0.60,0.00,0.00,1.35,"",1,9.1,9,0.8,8,0.7,12,1.1,-583413,-3.1,0,0.0,0,0.0,-53,-4.0
"44003","3","10","71","0","2017","4","",59,5565,5599,5664,81252294,28858,609,1114,"",0.62,0.74,0.74,0.74,1.03,0.01,0.03,1.39,"",0,0.0,8,0.1,17,0.3,80,1.4,747694,0.9,-8510,-22.8,-323,-34.7,3,0.3
"44003","5","10","71","0","2017","4","",5487,68379,68999,69488,808690262,154696797,4289433,902,"",1.01,1.06,1.06,1.06,1.03,1.03,1.01,0.97,"",95,1.8,413,0.6,714,1.0,839,1.2,26151002,3.3,3038143,2.0,-760422,-15.1,21,2.4
"44005","0","10","70","0","2017","4","",3366,41221,40232,39540,529937697,68964993,2215130,1011,"",1.00,1.00,1.00,1.00,1.00,1.00,1.00,1.00,"",37,1.1,1267,3.2,940,2.4,979,2.5,17114088,3.3,3666332,5.6,-255322,-10.3,6,0.6
"44005","1","10","71","0","2017","4","",30,4916,4923,4926,118562587,0,0,1853,"",1.49,6.20,6.39,6.47,8.14,0.00,0.00,1.28,"",0,0.0,120,2.5,116,2.4,96,2.0,2625671,2.3,0,0.0,0,0.0,-1,-0.1
"44005","2","10","71","0","2017","4","N",7,0,0,0,0,0,0,0,"N",0.30,0,0,0,0,0,0,0,"N",0,0.0,0,0,0,0,0,0,0,0,0,0,0,0,0,0
"44005","3","10","71","0","2017","4","N",60,0,0,0,0,0,0,0,"N",1.05,0,0,0,0,0,0,0,"N",-3,-4.8,0,0,0,0,0,0,0,0,0,0,0,0,0,0
"44005","5","10","71","0","2017","4","N",3269,0,0,0,0,0,0,0,"N",1.00,0,0,0,0,0,0,0,"N",40,1.2,0,0,0,0,0,0,0,0,0,0,0,0,0,0
"44007","0","10","70","0","2017","4","",18456,289974,290791,290505,4216961638,526027741,15397131,1117,"",1.00,1.00,1.00,1.00,1.00,1.00,1.00,1.00,"",337,1.9,2273,0.8,2775,1.0,2533,0.9,185607885,4.6,26578534,5.3,-2005005,-11.5,40,3.7
"44007","1","10","71","0","2017","4","",78,4504,4439,4469,88923721,0,0,1530,"",0.70,0.81,0.80,0.80,0.77,0.00,0.00,0.96,"",-5,-6.0,42,0.9,-50,-1.1,-85,-1.9,2218774,2.6,0,0.0,0,0.0,48,3.2
"44007","2","10","71","0","2017","4","",76,11179,11039,11133,212638751,0,0,1471,"",0.59,1.20,1.19,1.20,1.54,0.00,0.00,1.29,"",3,4.1,-71,-0.6,-30,-0.3,-57,-0.5,-57797,0.0,-30200,-100.0,-511,-100.0,6,0.4
"44007","3","10","71","0","2017","4","",170,19257,19185,19369,313985747,567778,8939,1253,"",0.54,0.67,0.66,0.67,0.87,0.05,0.11,1.29,"",-7,-4.0,369,2.0,188,1.0,302,1.6,7442047,2.4,32235,6.0,-2566,-22.3,11,0.9
"44007","5","10","71","0","2017","4","",18132,255034,256128,255534,3601413419,525459963,15388192,1084,"",1.01,1.04,1.04,1.03,1.00,1.03,1.01,0.97,"",346,1.9,1933,0.8,2667,1.1,2373,0.9,176004861,5.1,26576499,5.3,-2001928,-11.5,44,4.2
"44009","0","10","70","0","2017","4","",4458,53414,52488,52407,626721680,96974123,2818010,914,"",1.00,1.00,1.00,1.00,1.00,1.00,1.00,1.00,"",43,1.0,989,1.9,741,1.4,1075,2.1,16612949,2.7,9307550,10.6,-218651,-7.2,9,1.0
"44009","1","10","71","0","2017","4","",30,604,611,618,11417727,0,0,1437,"",1.12,0.59,0.61,0.61,0.66,0.00,0.00,1.10,"",1,3.4,-5,-0.8,14,2.3,-26,-4.0,236712,2.1,0,0.0,0,0.0,42,3.0
"44009","2","10","71","0","2017","4","",16,3704,3696,3685,55794114,0,0,1162,"",0.51,2.16,2.20,2.20,2.73,0.00,0.00,1.25,"",0,0.0,97,2.7,97,2.7,83,2.3,-1510960,-2.6,0,0.0,0,0.0,-62,-5.1
"44009","3","10","71","0","2017","4","",86,4379,4402,4400,61964818,202723,6191,1085,"",1.13,0.83,0.84,0.85,1.15,0.11,0.42,1.37,"",-1,-1.1,-212,-4.6,-324,-6.9,-190,-4.1,2051303,3.4,-28522,-12.3,-2008,-24.5,91,9.2
"44009","5","10","71","0","2017","4","",4326,44727,43779,43704,497545021,96771400,2811819,868,"",1.00,0.99,0.98,0.98,0.93,1.03,1.00,0.94,"",43,1.0,1109,2.5,954,2.2,1208,2.8,15835894,3.3,9336072,10.7,-216643,-7.2,6,0.7
"44999","0","10","70","0","2017","4","",4094,10073,10119,10169,201319651,28389434,945566,1530,"",1.00,1.00,1.00,1.00,1.00,1.00,1.00,1.00,"",-205,-4.8,-299,-2.9,-137,-1.3,62,0.6,2167039,1.1,-787831,-2.7,-160788,-14.5,35,2.3
"44999","1","10","71","0","2017","4","",24,111,123,124,3218675,0,0,2075,"",0.98,0.57,0.64,0.63,0.58,0.00,0.00,0.95,"",5,26.3,12,12.1,26,26.8,26,26.5,728238,29.2,0,0.0,0,0.0,120,6.1
"44999","2","10","71","0","2017","4","N",2,0,0,0,0,0,0,0,"N",0.07,0,0,0,0,0,0,0,"N",1,100.0,0,0,0,0,0,0,0,0,0,0,0,0,0,0
"44999","5","10","71","0","2017","4","N",4068,0,0,0,0,0,0,0,"N",1.02,0,0,0,0,0,0,0,"N",-211,-4.9,0,0,0,0,0,0,0,0,0,0,0,0,0,0
"45000","0","10","50","0","2017","4","",132014,2045634,2062257,2061054,23428120104,2695533920,38956790,876,"",1.00,1.00,1.00,1.00,1.00,1.00,1.00,1.00,"",5260,4.1,41087,2.0,36423,1.8,34125,1.7,976940945,4.4,105683509,4.1,-2201083,-5.3,21,2.5
"45000","1","10","51","0","2017","4","",1008,33807,33900,34242,603033581,0,0,1365,"",1.27,0.86,0.86,0.86,0.94,0.00,0.00,1.09,"",7,0.7,450,1.3,293,0.9,52,0.2,19281963,3.3,0,0.0,0,0.0,33,2.5
"45000","2","10","51","0","2017","4","",1084,93130,93779,93468,1135883399,726985,9019,935,"",1.17,1.42,1.42,1.42,1.49,0.02,0.18,1.05,"",5,0.5,-22,0.0,318,0.3,37,0.0,28582095,2.6,-50232,-6.5,-527,-5.5,23,2.5
"45000","3","10","51","0","2017","4","",2007,225465,226703,226390,2472616450,14081110,102931,841,"",0.89,1.11,1.11,1.11,1.23,0.26,0.50,1.11,"",-47,-2.3,2974,1.3,3449,1.5,2422,1.1,68828358,2.9,-2092254,-12.9,-75817,-42.4,13,1.6
"45000","5","10","51","0","2017","4","",127915,1693232,1707875,1706954,19216586674,2680725825,38844840,868,"",1.00,0.97,0.97,0.97,0.96,1.03,1.00,0.99,"",5295,4.3,37685,2.3,32363,1.9,31614,1.9,860248529,4.7,107825995,4.2,-2124739,-5.2,22,2.6
"45000","8","10","96","0","2017","4","",4099,352402,354382,354100,4211533430,14808095,111950,916,"",1.03,1.15,1.14,1.14,1.23,0.17,0.44,1.08,"",-35,-0.8,3402,1.0,4060,1.2,2511,0.7,116692416,2.8,-2142486,-12.6,-76344,-40.5,17,1.9
"45001","0","10","70","0","2017","4","",356,5487,5547,5517,55331192,5043773,75701,771,"",1.00,1.00,1.00,1.00,1.00,1.00,1.00,1.00,"",17,5.0,-146,-2.6,-55,-1.0,-76,-1.4,2450356,4.6,107491,2.2,1732,2.3,46,6.3
"45001","1","10","71","0","2017","4","",9,41,37,37,513310,0,0,1030,"",4.21,0.39,0.35,0.35,0.34,0.00,0.00,0.93,"",0,0.0,-2,-4.7,-4,-9.8,-8,-17.8,-14303,-2.7,0,0.0,0,0.0,86,9.1
"45001","2","10","71","0","2017","4","",16,157,155,157,1348644,28370,397,664,"",6.41,0.89,0.87,0.89,0.75,0.44,3.98,0.84,"",0,0.0,17,12.1,13,9.2,15,10.6,82502,6.5,4144,17.1,75,23.3,-25,-3.6
"45001","3","10","71","0","2017","4","",21,1274,1301,1304,12907873,70477,148,768,"",3.47,2.34,2.36,2.39,2.71,0.71,0.37,1.15,"",0,0.0,-20,-1.5,11,0.9,0,0.0,334844,2.7,47039,200.7,23,18.4,22,2.9
"45001","5","10","71","0","2017","4","",310,4015,4054,4019,40561365,4944926,75156,774,"",0.90,0.86,0.86,0.86,0.86,1.01,1.00,1.00,"",17,5.8,-141,-3.4,-75,-1.8,-83,-2.0,2047313,5.3,56308,1.2,1634,2.2,56,7.8
"45003","0","10","70","0","2017","4","",2921,59449,59730,60095,757848976,66927893,941833,976,"",1.00,1.00,1.00,1.00,1.00,1.00,1.00,1.00,"",64,2.2,461,0.8,748,1.3,354,0.6,28812757,4.0,-2404951,-3.5,-163083,-14.8,29,3.1
"45003","1","10","71","0","2017","4","",30,667,671,661,12844906,0,0,1483,"",1.71,0.58,0.59,0.57,0.62,0.00,0.00,1.06,"",0,0.0,-29,-4.2,-12,-1.8,-26,-3.8,-1643984,-11.3,0,0.0,0,0.0,-135,-8.3
"45003","2","10","71","0","2017","4","",29,1429,1442,1444,13434738,11680,0,718,"",1.42,0.75,0.75,0.75,0.54,0.01,0.00,0.72,"",1,3.6,42,3.0,40,2.9,52,3.7,-390467,-2.8,-844,-6.7,0,0.0,-45,-5.9
"45003","3","10","71","0","2017","4","",66,5478,5522,5576,58641447,253062,4013,816,"",1.33,0.93,0.93,0.94,0.90,0.19,0.81,0.96,"",-2,-2.9,-63,-1.1,268,5.1,-102,-1.8,5557972,10.5,52596,26.2,-465,-10.4,72,9.7
"45003","5","10","71","0","2017","4","",2796,51875,52095,52414,672927885,66663151,937820,993,"",0.99,1.03,1.03,1.03,1.04,1.03,1.00,1.01,"",65,2.4,511,1.0,452,0.9,430,0.8,25289236,3.9,-2456703,-3.6,-162618,-14.8,29,3.0
"45005","0","10","70","0","2017","4","",172,2831,2869,2863,31065727,1972772,25974,837,"",1.00,1.00,1.00,1.00,1.00,1.00,1.00,1.00,"",-3,-1.7,140,5.2,109,3.9,76,2.7,2867783,10.2,69734,3.7,-385,-1.5,47,5.9
"45005","1","10","71","0","2017","4","",6,16,18,19,181436,0,0,790,"",5.82,0.29,0.33,0.34,0.21,0.00,0.00,0.66,"",0,0.0,-3,-15.8,2,12.5,1,5.6,10841,6.4,0,0.0,0,0.0,47,6.3
"45005","2","10","71","0","2017","4","",13,396,399,402,3777056,0,0,728,"",10.79,4.36,4.34,4.40,3.72,0.00,0.00,0.85,"",0,0.0,23,6.2,15,3.9,18,4.7,349868,10.2,0,0.0,0,0.0,35,5.1
"45005","3","10","71","0","2017","4","",15,668,680,653,5729184,159284,1886,661,"",5.13,2.38,2.39,2.30,2.14,4.08,13.80,0.91,"",0,0.0,10,1.5,-18,-2.6,-56,-7.9,270273,5.0,67816,74.1,777,70.1,51,8.4
"45005","5","10","71","0","2017","4","",138,1751,1772,1789,21378051,1813488,24088,929,"",0.83,0.73,0.73,0.74,0.81,0.95,0.93,1.10,"",-3,-2.1,110,6.7,110,6.6,113,6.7,2236801,11.7,1918,0.1,-1162,-4.6,42,4.7
"45007","0","10","70","0","2017","4","",3576,64903,65315,65448,665350137,80527392,1011485,785,"",1.00,1.00,1.00,1.00,1.00,1.00,1.00,1.00,"",27,0.8,235,0.4,531,0.8,261,0.4,25880055,4.0,1239123,1.6,-149068,-12.8,27,3.6
"45007","1","10","71","0","2017","4","",20,347,350,349,5612787,0,0,1238,"",0.93,0.28,0.28,0.28,0.31,0.00,0.00,1.10,"",-1,-4.8,20,6.1,16,4.8,12,3.6,596241,11.9,0,0.0,0,0.0,78,6.7
"45007","2","10","71","0","2017","4","",29,1756,1763,1755,16708707,0,0,731,"",1.16,0.84,0.84,0.84,0.77,0.00,0.00,0.91,"",2,7.4,37,2.2,17,1.0,15,0.9,1352766,8.8,0,0.0,0,0.0,50,7.3
"45007","3","10","71","0","2017","4","",87,10507,10540,10492,114053270,359323,909,835,"",1.43,1.63,1.63,1.62,1.99,0.23,0.17,1.23,"",-1,-1.1,38,0.4,158,1.5,62,0.6,3605715,3.3,5596,1.6,-525,-36.6,20,2.5
"45007","5","10","71","0","2017","4","",3440,52293,52662,52852,528975373,80168069,1010576,774,"",0.99,0.95,0.95,0.95,0.93,1.03,1.01,0.98,"",27,0.8,140,0.3,340,0.6,172,0.3,20325333,4.0,1233527,1.6,-148543,-12.8,27,3.6
"45009","0","10","70","0","2017","4","",292,3885,3953,3960,33441213,4568130,67410,654,"",1.00,1.00,1.00,1.00,1.00,1.00,1.00,1.00,"",-9,-3.0,-179,-4.4,-116,-2.9,-108,-2.7,-550558,-1.6,-277626,-5.7,-13258,-16.4,11,1.7
"45009","1","10","71","0","2017","4","",7,33,35,34,392171,0,0,887,"",4.00,0.44,0.46,0.45,0.43,0.00,0.00,0.95,"",0,0.0,0,0.0,0,0.0,-2,-5.6,-17142,-4.2,0,0.0,0,0.0,-21,-2.3
"45009","2","10","71","0","2017","4","",12,121,121,122,1146719,0,0,727,"",5.87,0.97,0.96,0.97,1.05,0.00,0.00,1.09,"",0,0.0,1,0.8,0,0.0,1,0.8,-23858,-2.0,0,0.0,0,0.0,-19,-2.5
"45009","3","10","71","0","2017","4","",11,562,564,569,4788210,243874,780,652,"",2.22,1.46,1.44,1.45,1.67,2.70,2.20,1.15,"",0,0.0,-48,-7.9,-52,-8.4,-43,-7.0,71210,1.5,8012,3.4,-886,-53.2,60,10.1
"45009","5","10","71","0","2017","4","",262,3169,3233,3235,27114113,4324256,66630,649,"",0.93,0.96,0.96,0.96,0.95,0.98,0.99,0.99,"",-9,-3.3,-132,-4.0,-64,-1.9,-64,-1.9,-580768,-2.1,-285638,-6.2,-12372,-15.7,3,0.5
"45011","0","10","70","0","2017","4","",380,5171,5203,5228,48920878,7374321,108646,724,"",1.00,1.00,1.00,1.00,1.00,1.00,1.00,1.00,"",-6,-1.6,143,2.8,200,4.0,168,3.3,4071430,9.1,2261924,44.2,26835,32.8,38,5.5
"45011","1","10","71","0","2017","4","",8,51,42,44,535415,0,0,902,"",3.51,0.51,0.42,0.44,0.40,0.00,0.00,0.87,"",0,0.0,4,8.5,-8,-16.0,-9,-17.0,-37773,-6.6,0,0.0,0,0.0,20,2.3
"45011","2","10","71","0","2017","4","N",14,0,0,0,0,0,0,0,"N",5.26,0,0,0,0,0,0,0,"N",0,0.0,0,0,0,0,0,0,0,0,0,0,0,0,0,0
"45011","3","10","71","0","2017","4","N",27,0,0,0,0,0,0,0,"N",4.18,0,0,0,0,0,0,0,"N",0,0.0,0,0,0,0,0,0,0,0,0,0,0,0,0,0
"45011","5","10","71","0","2017","4","",331,3717,3741,3774,36702474,6145321,104591,754,"",0.90,0.85,0.85,0.85,0.88,0.86,0.97,1.04,"",-6,-1.8,137,3.8,206,5.8,187,5.2,4101230,12.6,1554851,33.9,25502,32.2,51,7.3
"45013","0","10","70","0","2017","4","",5547,65039,65152,64225,659187934,88846762,863280,782,"",1.00,1.00,1.00,1.00,1.00,1.00,1.00,1.00,"",224,4.2,3737,6.1,2216,3.5,1402,2.2,22083404,3.5,1436517,1.6,-113936,-11.7,-4,-0.5
"45013","1","10","71","0","2017","4","",37,2190,2196,2175,31172700,0,0,1096,"",1.11,1.75,1.76,1.76,1.72,0.00,0.00,0.98,"",1,2.8,-22,-1.0,-24,-1.1,-29,-1.3,238328,0.8,0,0.0,0,0.0,20,1.9
"45013","2","10","71","0","2017","4","",27,1110,1128,1125,10838145,14715,0,744,"",0.69,0.53,0.54,0.55,0.50,0.01,0.00,0.93,"",1,3.8,18,1.6,28,2.5,25,2.3,-72952,-0.7,12055,453.2,0,0.0,-21,-2.7
"45013","3","10","71","0","2017","4","",19,6912,6870,6695,88865930,111809,689,1001,"",0.20,1.07,1.06,1.05,1.57,0.06,0.15,1.48,"",0,0.0,165,2.4,33,0.5,-68,-1.0,-3651323,-3.9,-10514,-8.6,-311,-31.1,-48,-4.6
"45013","5","10","71","0","2017","4","",5464,54827,54958,54230,528311159,88720238,862591,743,"",1.02,0.99,0.99,0.99,0.94,1.03,1.01,0.95,"",222,4.2,3576,7.0,2179,4.1,1474,2.8,25569351,5.1,1434976,1.6,-113625,-11.6,3,0.4
"45015","0","10","70","0","2017","4","",2951,50564,51094,51186,649900074,61381359,729313,981,"",1.00,1.00,1.00,1.00,1.00,1.00,1.00,1.00,"",108,3.8,1795,3.7,1850,3.8,2054,4.2,32943600,5.3,6149184,11.1,-5113,-0.7,13,1.3
"45015","1","10","71","0","2017","4","",43,840,859,852,10747567,0,0,972,"",2.43,0.86,0.88,0.86,0.60,0.00,0.00,0.69,"",3,7.5,-11,-1.3,-2,-0.2,-24,-2.7,-128567,-1.2,0,0.0,0,0.0,2,0.2
"45015","2","10","71","0","2017","4","",31,1685,1681,1681,28934487,0,0,1323,"",1.50,1.04,1.03,1.03,1.36,0.00,0.00,1.32,"",-24,-43.6,-253,-13.1,-266,-13.7,-268,-13.8,-5371495,-15.7,0,0.0,0,0.0,-34,-2.5
"45015","3","10","71","0","2017","4","",65,6701,6714,6720,66217256,66718,104,759,"",1.30,1.34,1.32,1.33,1.18,0.05,0.03,0.89,"",0,0.0,169,2.6,167,2.6,163,2.5,1397042,2.2,-6824,-9.3,-604,-85.3,-3,-0.4
"45015","5","10","71","0","2017","4","",2812,41338,41840,41933,544000764,61314641,729209,1003,"",0.98,0.96,0.96,0.96,0.98,1.03,1.01,1.02,"",129,4.8,1890,4.8,1951,4.9,2183,5.5,37046620,7.3,6156008,11.2,-4509,-0.6,21,2.1
"45017","0","10","70","0","2017","4","",251,4589,4612,4583,51434467,5489386,109328,861,"",1.00,1.00,1.00,1.00,1.00,1.00,1.00,1.00,"",-1,-0.4,-64,-1.4,-105,-2.2,-82,-1.8,584899,1.2,68907,1.3,16676,18.0,25,3.0
"45017","1","10","71","0","2017","4","",5,23,23,24,318325,0,0,1049,"",3.32,0.26,0.26,0.27,0.23,0.00,0.00,0.85,"",0,0.0,0,0.0,-3,-11.5,-2,-7.7,2031,0.6,0,0.0,0,0.0,76,7.8
"45017","2","10","71","0","2017","4","",13,223,234,223,1316424,0,0,447,"",7.39,1.51,1.58,1.53,0.78,0.00,0.00,0.51,"",0,0.0,-10,-4.3,5,2.2,-12,-5.1,-54621,-4.0,0,0.0,0,0.0,-7,-1.5
"45017","3","10","71","0","2017","4","",10,567,565,573,4636514,0,0,628,"",2.34,1.25,1.23,1.26,1.05,0.00,0.00,0.84,"",0,0.0,-9,-1.6,-17,-2.9,-7,-1.2,-47425,-1.0,0,0.0,0,0.0,6,1.0
"45017","5","10","71","0","2017","4","",223,3776,3790,3763,45163204,5489386,109328,920,"",0.92,0.97,0.97,0.97,1.03,1.03,1.01,1.06,"",-1,-0.4,-45,-1.2,-90,-2.3,-61,-1.6,684914,1.5,68907,1.3,16676,18.0,29,3.3
"45019","0","10","70","0","2017","4","",15520,247443,249022,249001,3150634173,321453820,3991319,975,"",1.00,1.00,1.00,1.00,1.00,1.00,1.00,1.00,"",516,3.4,6086,2.5,4162,1.7,4061,1.7,183718515,6.2,16987724,5.6,-404254,-9.2,39,4.2
"45019","1","10","71","0","2017","4","",98,9751,9750,9850,211634803,0,0,1664,"",1.05,2.05,2.05,2.05,2.44,0.00,0.00,1.19,"",-2,-2.0,103,1.1,85,0.9,105,1.1,8302650,4.1,0,0.0,0,0.0,49,3.0
"45019","2","10","71","0","2017","4","",40,19615,19733,19701,265933878,0,0,1039,"",0.37,2.47,2.47,2.48,2.59,0.00,0.00,1.04,"",0,0.0,267,1.4,363,1.9,184,0.9,9346521,3.6,0,0.0,0,0.0,22,2.2
"45019","3","10","71","0","2017","4","",155,15967,16109,16190,178176747,2507259,9184,852,"",0.59,0.65,0.65,0.66,0.66,0.39,0.44,1.01,"",4,2.6,413,2.7,412,2.6,432,2.7,2736072,1.6,1141955,83.6,555,6.4,-9,-1.0
"45019","5","10","71","0","2017","4","",15227,202110,203430,203260,2494888745,318946561,3982135,946,"",1.01,0.96,0.96,0.96,0.93,1.03,1.00,0.97,"",514,3.5,5303,2.7,3302,1.6,3340,1.7,163333272,7.0,15845769,5.2,-404809,-9.2,45,5.0
"45021","0","10","70","0","2017","4","",879,19744,19835,19978,181437733,25022633,380622,703,"",1.00,1.00,1.00,1.00,1.00,1.00,1.00,1.00,"",-23,-2.5,424,2.2,443,2.3,510,2.6,7348177,4.2,2862560,12.9,8192,2.2,12,1.7
"45021","1","10","71","0","2017","4","",5,104,101,101,1564859,0,0,1180,"",0.95,0.27,0.27,0.26,0.31,0.00,0.00,1.17,"",0,0.0,4,4.0,4,4.1,2,2.0,66741,4.5,0,0.0,0,0.0,12,1.0
"45021","2","10","71","0","2017","4","",17,224,224,222,2003511,0,0,690,"",2.76,0.35,0.35,0.35,0.34,0.00,0.00,0.96,"",0,0.0,21,10.3,21,10.3,18,8.8,160130,8.7,0,0.0,0,0.0,-7,-1.0
"45021","3","10","71","0","2017","4","",31,2226,2223,2229,20506949,272089,3054,709,"",2.07,1.14,1.13,1.13,1.31,0.55,1.52,1.16,"",0,0.0,13,0.6,-36,-1.6,-8,-0.4,1068835,5.5,-50019,-15.5,-1081,-26.1,40,6.0
"45021","5","10","71","0","2017","4","",826,17190,17287,17426,157362414,24750544,377568,700,"",0.97,1.02,1.03,1.03,1.02,1.02,1.00,0.99,"",-23,-2.7,386,2.3,454,2.7,498,2.9,6052471,4.0,2912579,13.3,9273,2.5,9,1.3
"45023","0","10","70","0","2017","4","",537,8777,8809,8828,94576779,11346702,135561,826,"",1.00,1.00,1.00,1.00,1.00,1.00,1.00,1.00,"",-1,-0.2,449,5.4,495,6.0,501,6.0,7958706,9.2,2218803,24.3,11435,9.2,25,3.1
"45023","1","10","71","0","2017","4","",10,55,56,57,871114,0,0,1197,"",3.10,0.33,0.33,0.34,0.34,0.00,0.00,1.01,"",0,0.0,-5,-8.3,0,0.0,-1,-1.7,48284,5.9,0,0.0,0,0.0,106,9.7
"45023","2","10","71","0","2017","4","",17,227,227,229,2382755,0,0,805,"",4.52,0.81,0.80,0.81,0.77,0.00,0.00,0.96,"",0,0.0,5,2.3,5,2.3,8,3.6,18944,0.8,0,0.0,0,0.0,-15,-1.8
"45023","3","10","71","0","2017","4","",12,1349,1344,1337,12847673,39570,283,736,"",1.31,1.55,1.54,1.53,1.58,0.18,0.40,1.03,"",0,0.0,18,1.4,15,1.1,2,0.1,378529,3.0,25358,178.4,107,60.8,16,2.2
"45023","5","10","71","0","2017","4","",498,7146,7182,7205,78475237,11307132,135278,841,"",0.96,0.96,0.96,0.96,0.97,1.03,1.00,1.01,"",-1,-0.2,431,6.4,475,7.1,492,7.3,7512949,10.6,2193445,24.1,11328,9.1,28,3.4
"45025","0","10","70","0","2017","4","",684,14800,14858,14915,144471370,15446562,179784,748,"",1.00,1.00,1.00,1.00,1.00,1.00,1.00,1.00,"",-20,-2.8,68,0.5,117,0.8,171,1.2,5723813,4.1,172956,1.1,-29520,-14.1,24,3.3
"45025","1","10","71","0","2017","4","",14,85,86,90,1163498,0,0,1029,"",3.41,0.30,0.30,0.31,0.29,0.00,0.00,0.96,"",0,0.0,-1,-1.2,0,0.0,-3,-3.2,-37484,-3.1,0,0.0,0,0.0,-17,-1.6
"45025","2","10","71","0","2017","4","",15,370,367,365,2747168,0,0,575,"",3.13,0.78,0.77,0.77,0.58,0.00,0.00,0.75,"",0,0.0,-9,-2.4,-16,-4.2,-12,-3.2,-112754,-3.9,0,0.0,0,0.0,-4,-0.7
"45025","3","10","71","0","2017","4","",29,1603,1605,1649,13570605,36865,0,645,"",2.49,1.09,1.09,1.12,1.09,0.12,0.00,0.99,"",0,0.0,2,0.1,-52,-3.1,37,2.3,94110,0.7,-6192,-14.4,0,0.0,6,0.9
"45025","5","10","71","0","2017","4","",626,12742,12800,12811,126990099,15409697,179784,764,"",0.94,1.01,1.01,1.01,1.03,1.03,1.01,1.02,"",-20,-3.1,76,0.6,185,1.5,149,1.2,5779941,4.8,179148,1.2,-29520,-14.1,27,3.7
"45027","0","10","70","0","2017","4","",593,6926,6943,6912,53452703,8922836,157470,594,"",1.00,1.00,1.00,1.00,1.00,1.00,1.00,1.00,"",-4,-0.7,277,4.2,250,3.7,193,2.9,1286562,2.5,-1437897,-13.9,19220,13.9,-6,-1.0
"45027","1","10","71","0","2017","4","",12,63,63,63,862746,0,0,1053,"",3.37,0.47,0.47,0.47,0.59,0.00,0.00,1.24,"",0,0.0,4,6.8,3,5.0,2,3.3,60641,7.6,0,0.0,0,0.0,25,2.4
"45027","2","10","71","0","2017","4","",17,403,402,401,3975281,0,0,761,"",4.09,1.81,1.81,1.82,2.28,0.00,0.00,1.26,"",0,0.0,22,5.8,21,5.5,18,4.7,403101,11.3,0,0.0,0,0.0,41,5.7
"45027","3","10","71","0","2017","4","",32,1685,1706,1673,16207277,0,0,739,"",3.17,2.46,2.47,2.45,3.53,0.00,0.00,1.43,"",0,0.0,37,2.2,59,3.6,51,3.1,693371,4.5,-2825340,-100.0,-37577,-100.0,11,1.5
"45027","5","10","71","0","2017","4","",532,4775,4772,4775,32407399,8922836,157470,522,"",0.92,0.81,0.81,0.81,0.71,1.03,1.01,0.87,"",-4,-0.7,214,4.7,167,3.6,122,2.6,129449,0.4,1387443,18.4,56797,56.4,-17,-3.2
"45029","0","10","70","0","2017","4","",759,10709,10605,10608,94079209,13707278,166484,680,"",1.00,1.00,1.00,1.00,1.00,1.00,1.00,1.00,"",6,0.8,-21,-0.2,-193,-1.8,-226,-2.1,1674019,1.8,-1446904,-9.5,-76113,-31.4,21,3.2
"45029","1","10","71","0","2017","4","",17,93,95,93,1198296,0,0,984,"",3.73,0.45,0.47,0.46,0.46,0.00,0.00,1.01,"",1,6.2,0,0.0,-4,-4.0,-6,-6.1,28265,2.4,0,0.0,0,0.0,56,6.0
"45029","2","10","71","0","2017","4","",21,304,304,295,2870212,0,0,734,"",3.95,0.88,0.89,0.87,0.93,0.00,0.00,1.06,"",1,5.0,6,2.0,7,2.4,-2,-0.7,29200,1.0,0,0.0,0,0.0,-1,-0.1
"45029","3","10","71","0","2017","4","",6,1659,1640,1645,14689959,10617,525,686,"",0.47,1.56,1.56,1.57,1.82,0.04,0.60,1.16,"",0,0.0,-40,-2.4,3,0.2,3,0.2,-48391,-0.3,-660751,-98.4,-17624,-97.1,3,0.4
"45029","5","10","71","0","2017","4","",715,8653,8566,8575,75320742,13696661,165959,674,"",0.97,0.95,0.95,0.95,0.94,1.03,1.00,0.99,"",4,0.6,13,0.2,-199,-2.3,-221,-2.5,1664945,2.3,-786153,-5.4,-58489,-26.1,25,3.9
"45031","0","10","70","0","2017","4","",1075,20165,20367,20400,227454945,24684562,372959,861,"",1.00,1.00,1.00,1.00,1.00,1.00,1.00,1.00,"",-27,-2.5,-13,-0.1,30,0.1,-119,-0.6,5149502,2.3,1259147,5.4,-54297,-12.7,20,2.4
"45031","1","10","71","0","2017","4","",12,150,146,149,2164438,0,0,1122,"",1.86,0.39,0.37,0.38,0.35,0.00,0.00,0.91,"",0,0.0,2,1.4,-2,-1.4,-4,-2.6,63284,3.0,0,0.0,0,0.0,42,3.9
"45031","2","10","71","0","2017","4","",20,343,346,345,3672660,0,0,820,"",2.66,0.53,0.53,0.53,0.49,0.00,0.00,0.93,"",1,5.3,6,1.8,9,2.7,8,2.4,137804,3.9,0,0.0,0,0.0,13,1.6
"45031","3","10","71","0","2017","4","",55,2729,2735,2728,22282679,848973,13871,628,"",3.01,1.37,1.35,1.35,1.14,1.74,7.07,0.84,"",0,0.0,21,0.8,22,0.8,-1,0.0,812663,3.8,-15615,-1.8,-2120,-13.3,20,3.3
"45031","5","10","71","0","2017","4","",988,16943,17140,17178,199335168,23835589,359088,897,"",0.95,0.99,0.99,0.99,1.03,1.00,0.97,1.04,"",-28,-2.8,-42,-0.2,1,0.0,-122,-0.7,4135751,2.1,1274762,5.7,-52177,-12.7,21,2.4
"45033","0","10","70","0","2017","4","",490,8808,8807,8802,74689322,10452815,139404,652,"",1.00,1.00,1.00,1.00,1.00,1.00,1.00,1.00,"",-11,-2.2,316,3.7,49,0.6,29,0.3,1008740,1.4,250266,2.5,2808,2.1,-1,-0.2
"45033","1","10","71","0","2017","4","",10,76,78,75,1011982,0,0,1020,"",3.40,0.45,0.46,0.44,0.49,0.00,0.00,1.09,"",0,0.0,-2,-2.6,2,2.6,-7,-8.5,-10774,-1.1,0,0.0,0,0.0,20,2.0
"45033","2","10","71","0","2017","4","",16,154,154,153,1268007,0,0,635,"",4.66,0.54,0.55,0.55,0.52,0.00,0.00,0.95,"",0,0.0,4,2.7,5,3.4,3,2.0,-49837,-3.8,0,0.0,0,0.0,-42,-6.2
"45033","3","10","71","0","2017","4","",8,1324,1340,1316,10940483,0,0,634,"",0.96,1.52,1.53,1.51,1.70,0.00,0.00,1.12,"",0,0.0,27,2.1,42,3.2,8,0.6,226144,2.1,0,0.0,0,0.0,1,0.2
"45033","5","10","71","0","2017","4","",456,7254,7235,7258,61468850,10452815,139404,652,"",0.96,0.97,0.97,0.97,0.96,1.03,1.01,0.99,"",-11,-2.4,287,4.1,0,0.0,25,0.3,843207,1.4,250266,2.5,2808,2.1,-1,-0.2
"45035","0","10","70","0","2017","4","",2383,34808,35048,35099,334097736,48598374,484791,735,"",1.00,1.00,1.00,1.00,1.00,1.00,1.00,1.00,"",19,0.8,1197,3.6,1079,3.2,1062,3.1,24374342,7.9,4578060,10.4,-32408,-6.3,32,4.6
"45035","1","10","71","0","2017","4","",15,228,227,221,3547728,0,0,1211,"",1.05,0.34,0.34,0.33,0.39,0.00,0.00,1.15,"",0,0.0,18,8.6,11,5.1,5,2.3,231560,7.0,0,0.0,0,0.0,19,1.6
"45035","2","10","71","0","2017","4","",18,963,962,957,9207616,0,0,737,"",1.08,0.86,0.86,0.86,0.84,0.00,0.00,0.98,"",-2,-10.0,32,3.4,31,3.3,17,1.8,634250,7.4,0,0.0,0,0.0,31,4.4
"45035","3","10","71","0","2017","4","",53,5699,5739,5717,51492967,271558,2304,693,"",1.31,1.65,1.65,1.65,1.79,0.28,0.90,1.09,"",1,1.9,151,2.7,153,2.7,117,2.1,1673036,3.4,79485,41.4,598,35.1,6,0.9
"45035","5","10","71","0","2017","4","",2297,27918,28120,28204,269849425,48326816,482487,739,"",0.99,0.94,0.94,0.95,0.95,1.03,1.00,1.00,"",20,0.9,996,3.7,884,3.2,923,3.4,21835496,8.8,4498575,10.3,-33006,-6.4,36,5.1
"45037","0","10","70","0","2017","4","",353,5314,5319,5333,51393856,5230951,71229,743,"",1.00,1.00,1.00,1.00,1.00,1.00,1.00,1.00,"",-10,-2.8,-184,-3.3,-168,-3.1,-162,-2.9,-1169702,-2.2,46197,0.9,-15289,-17.7,7,1.0
"45037","1","10","71","0","2017","4","",10,411,405,405,6270298,0,0,1185,"",4.72,4.02,3.98,3.94,4.44,0.00,0.00,1.12,"",0,0.0,-18,-4.2,-30,-6.9,-33,-7.5,-59862,-0.9,0,0.0,0,0.0,63,5.6
"45037","2","10","71","0","2017","4","",17,298,298,300,2788006,42635,597,718,"",6.87,1.75,1.75,1.76,1.66,0.64,6.36,0.95,"",0,0.0,31,11.6,28,10.4,35,13.2,448570,19.2,2998,7.6,70,13.3,45,6.7
"45037","3","10","71","0","2017","4","",15,909,929,924,8507565,26387,277,711,"",2.50,1.73,1.76,1.75,1.93,0.25,0.74,1.10,"",0,0.0,-40,-4.2,-17,-1.8,-27,-2.8,-316058,-3.6,1895,7.7,39,16.4,-4,-0.6
"45037","5","10","71","0","2017","4","",311,3696,3687,3704,33827987,5161929,70355,704,"",0.91,0.82,0.82,0.82,0.77,1.02,0.99,0.94,"",-10,-3.1,-157,-4.1,-149,-3.9,-137,-3.6,-1242352,-3.5,41304,0.8,-15398,-18.0,2,0.3
"45039","0","10","70","0","2017","4","",361,6360,6379,6439,90903268,6804674,114798,1094,"",1.00,1.00,1.00,1.00,1.00,1.00,1.00,1.00,"",-8,-2.2,-4510,-41.5,-4728,-42.6,-4910,-43.3,-96644604,-51.5,-12009265,-63.8,-165183,-59.0,-205,-15.8
"45039","1","10","71","0","2017","4","",7,40,42,43,467152,0,0,862,"",3.23,0.33,0.34,0.35,0.19,0.00,0.00,0.55,"",0,0.0,2,5.3,5,13.5,6,16.2,168,0.0,0,0.0,0,0.0,-100,-10.4
"45039","2","10","71","0","2017","4","",21,133,133,132,1202538,248,3,697,"",8.30,0.65,0.65,0.64,0.41,0.00,0.02,0.62,"",1,5.0,16,13.7,14,11.8,15,12.8,140458,13.2,-4764,-95.1,-64,-95.5,3,0.4
"45039","3","10","71","0","2017","4","",20,1185,1192,1225,11010724,128497,1279,705,"",3.26,1.88,1.88,1.92,1.41,0.95,2.12,0.74,"",0,0.0,-33,-2.7,-43,-3.5,-28,-2.2,-13390,-0.1,17798,16.1,150,13.3,19,2.8
"45039","5","10","71","0","2017","4","",313,5002,5012,5039,78222854,6675929,113516,1199,"",0.89,0.93,0.92,0.92,1.01,1.01,1.00,1.09,"",-9,-2.8,-4495,-47.3,-4704,-48.4,-4903,-49.3,-96771840,-55.3,-12022299,-64.3,-165269,-59.3,-186,-13.4
"45041","0","10","70","0","2017","4","",3182,63351,63796,64034,656846800,74080418,968285,793,"",1.00,1.00,1.00,1.00,1.00,1.00,1.00,1.00,"",-54,-1.7,774,1.2,65,0.1,370,0.6,10134021,1.6,-221100,-0.3,-68173,-6.6,7,0.9
"45041","1","10","71","0","2017","4","",33,537,606,602,9500131,0,0,1256,"",1.73,0.44,0.50,0.49,0.53,0.00,0.00,1.11,"",0,0.0,-17,-3.1,29,5.0,66,12.3,484334,5.4,0,0.0,0,0.0,8,0.6
"45041","2","10","71","0","2017","4","",28,2763,2782,2772,28230515,21166,0,783,"",1.26,1.36,1.36,1.36,1.32,0.02,0.00,0.97,"",0,0.0,-12,-0.4,-12,-0.4,5,0.2,-605812,-2.1,12785,152.5,0,0.0,-15,-1.9
"45041","3","10","71","0","2017","4","",45,9725,9734,9832,109764192,738735,6343,865,"",0.83,1.55,1.54,1.55,1.94,0.50,1.24,1.26,"",-3,-6.2,12,0.1,-81,-0.8,33,0.3,1170203,1.1,34069,4.8,-262,-4.0,10,1.2
"45041","5","10","71","0","2017","4","",3076,50326,50674,50828,509351962,73320517,961942,774,"",1.00,0.94,0.94,0.93,0.91,1.02,1.00,0.97,"",-51,-1.6,791,1.6,129,0.3,266,0.5,9085296,1.8,-267954,-0.4,-67911,-6.6,8,1.0
"45043","0","10","70","0","2017","4","",1869,23458,23133,22947,236083243,29299723,447107,783,"",1.00,1.00,1.00,1.00,1.00,1.00,1.00,1.00,"",-52,-2.7,870,3.9,349,1.5,245,1.1,12317157,5.5,2242509,8.3,54438,13.9,24,3.2
"45043","1","10","71","0","2017","4","",15,123,125,124,1940059,0,0,1204,"",1.34,0.27,0.28,0.28,0.30,0.00,0.00,1.08,"",0,0.0,3,2.5,4,3.3,-3,-2.4,98828,5.4,0,0.0,0,0.0,49,4.2
"45043","2","10","71","0","2017","4","",23,465,467,468,6184290,0,0,1019,"",1.76,0.62,0.63,0.64,0.80,0.00,0.00,1.28,"",1,4.5,25,5.7,27,6.1,29,6.6,35530,0.6,0,0.0,0,0.0,-57,-5.3
"45043","3","10","71","0","2017","4","",13,4263,4263,4220,46255390,49831,0,837,"",0.41,1.83,1.86,1.86,2.28,0.09,0.00,1.23,"",0,0.0,110,2.6,92,2.2,59,1.4,1960736,4.4,-43994,-46.9,0,0.0,18,2.2
"45043","5","10","71","0","2017","4","",1818,18607,18278,18135,181703504,29249892,447107,762,"",1.00,0.93,0.93,0.93,0.90,1.03,1.01,0.97,"",-53,-2.8,732,4.1,226,1.3,160,0.9,10222063,6.0,2286503,8.5,54438,13.9,28,3.8
"45045","0","10","70","0","2017","4","",14227,269293,271556,272372,3362111184,394047925,6579178,954,"",1.00,1.00,1.00,1.00,1.00,1.00,1.00,1.00,"",227,1.6,4787,1.8,5059,1.9,5105,1.9,144816498,4.5,10110925,2.6,-724301,-9.9,24,2.6
"45045","1","10","71","0","2017","4","",51,2055,2069,2203,37801107,0,0,1379,"",0.60,0.40,0.40,0.42,0.41,0.00,0.00,1.01,"",-1,-1.9,18,0.9,7,0.3,-14,-0.6,542470,1.5,0,0.0,0,0.0,18,1.3
"45045","2","10","71","0","2017","4","",32,3527,3550,3559,34315468,0,0,745,"",0.32,0.41,0.41,0.41,0.31,0.00,0.00,0.77,"",0,0.0,171,5.1,176,5.2,153,4.5,1882608,5.8,0,0.0,0,0.0,7,0.9
"45045","3","10","71","0","2017","4","",222,27032,27244,27269,335708556,1207321,13279,950,"",0.92,1.01,1.01,1.01,1.16,0.15,0.38,1.15,"",-31,-12.3,688,2.6,825,3.1,851,3.2,25617482,8.3,-865169,-41.7,-10561,-44.3,46,5.1
"45045","5","10","71","0","2017","4","",13922,236679,238693,239341,2954286053,392840604,6565899,954,"",1.01,1.03,1.03,1.03,1.03,1.03,1.00,0.99,"",259,1.9,3910,1.7,4051,1.7,4115,1.7,116773938,4.1,10976094,2.9,-713740,-9.8,22,2.4
"45047","0","10","70","0","2017","4","",1402,28247,28524,28732,297915311,34958199,557676,804,"",1.00,1.00,1.00,1.00,1.00,1.00,1.00,1.00,"",-14,-1.0,-520,-1.8,-765,-2.6,-1104,-3.7,3503784,1.2,1493429,4.5,94989,20.5,31,4.0
"45047","1","10","71","0","2017","4","",13,140,133,135,2009820,0,0,1137,"",1.55,0.26,0.24,0.24,0.25,0.00,0.00,0.99,"",0,0.0,7,5.3,-3,-2.2,-5,-3.6,153586,8.3,0,0.0,0,0.0,90,8.6
"45047","2","10","71","0","2017","4","",29,1736,1755,1749,17596731,288340,3841,775,"",2.95,1.91,1.92,1.91,1.81,0.65,5.23,0.95,"",0,0.0,-25,-1.4,-21,-1.2,-24,-1.4,434431,2.5,-24732,-7.9,-2,-0.1,29,3.9
"45047","3","10","71","0","2017","4","",60,5192,5229,5204,57528778,406487,3898,850,"",2.52,1.86,1.85,1.83,2.25,0.59,1.33,1.22,"",0,0.0,76,1.5,86,1.7,90,1.8,1628144,2.9,-6399,-1.5,27,0.7,11,1.3
"45047","5","10","71","0","2017","4","",1300,21179,21407,21644,220779982,34263372,549937,793,"",0.96,0.88,0.88,0.89,0.87,1.01,0.99,0.98,"",-14,-1.1,-578,-2.7,-827,-3.7,-1165,-5.1,1287623,0.6,1524560,4.7,94964,20.9,35,4.6
"45049","0","10","70","0","2017","4","",383,4602,4638,4670,54243873,4920711,57067,900,"",1.00,1.00,1.00,1.00,1.00,1.00,1.00,1.00,"",7,1.9,-12,-0.3,-34,-0.7,-68,-1.4,-771280,-1.4,247229,5.3,-3257,-5.4,-5,-0.6
"45049","1","10","71","0","2017","4","",15,336,331,329,5410696,0,0,1254,"",6.53,3.79,3.73,3.66,3.63,0.00,0.00,0.97,"",0,0.0,-17,-4.8,-23,-6.5,-25,-7.1,207540,4.0,0,0.0,0,0.0,122,10.8
"45049","2","10","71","0","2017","4","",16,125,126,127,1131439,0,0,691,"",5.96,0.85,0.85,0.85,0.64,0.00,0.00,0.75,"",1,6.7,12,10.6,12,10.5,13,11.4,123377,12.2,0,0.0,0,0.0,9,1.3
"45049","3","10","71","0","2017","4","",27,992,1011,1008,8498081,409426,3288,651,"",4.15,2.18,2.20,2.18,1.82,4.20,10.95,0.83,"",0,0.0,27,2.8,44,4.6,-26,-2.5,207228,2.5,-72374,-15.0,-1794,-35.3,6,0.9
"45049","5","10","71","0","2017","4","",325,3149,3170,3206,39203657,4511285,53779,950,"",0.87,0.81,0.80,0.81,0.85,0.95,0.95,1.05,"",6,1.9,-34,-1.1,-67,-2.1,-30,-0.9,-1309425,-3.2,319603,7.6,-1463,-2.6,-18,-1.9
"45051","0","10","70","0","2017","4","",8960,126406,125369,122666,1090510601,175830979,2795192,672,"",1.00,1.00,1.00,1.00,1.00,1.00,1.00,1.00,"",260,3.0,6719,5.6,5464,4.6,4486,3.8,74633708,7.3,9956060,6.0,-66617,-2.3,17,2.6
"45051","1","10","71","0","2017","4","",31,704,724,715,12382158,0,0,1333,"",0.58,0.29,0.30,0.30,0.41,0.00,0.00,1.39,"",-1,-3.1,57,8.8,71,10.9,38,5.6,1462029,13.4,0,0.0,0,0.0,58,4.5
"45051","2","10","71","0","2017","4","",44,3524,3562,3583,44211736,0,0,956,"",0.70,0.87,0.89,0.92,1.24,0.00,0.00,1.39,"",12,37.5,256,7.8,265,8.0,291,8.8,5300876,13.6,0,0.0,0,0.0,45,4.9
"45051","3","10","71","0","2017","4","",20,12749,12792,12618,135426178,482284,2831,819,"",0.13,1.02,1.03,1.04,1.44,0.14,0.19,1.40,"",0,0.0,596,4.9,451,3.7,273,2.2,-171895,-0.1,-60578,-11.2,-4852,-63.2,-30,-3.5
"45051","5","10","71","0","2017","4","",8865,109429,108291,105750,898490529,175348695,2792361,641,"",1.02,1.02,1.02,1.01,0.96,1.03,1.01,0.95,"",249,2.9,5810,5.6,4677,4.5,3884,3.8,68042698,8.2,10016638,6.1,-61765,-2.2,21,3.4
"45053","0","10","70","0","2017","4","",682,9216,9324,9355,88660223,13891793,159790,733,"",1.00,1.00,1.00,1.00,1.00,1.00,1.00,1.00,"",40,6.2,740,8.7,564,6.4,506,5.7,6607529,8.1,1001136,7.8,-22938,-12.6,7,1.0
"45053","1","10","71","0","2017","4","",7,57,57,58,833915,0,0,1119,"",1.71,0.32,0.32,0.32,0.34,0.00,0.00,1.07,"",-1,-12.5,2,3.6,-1,-1.7,-1,-1.7,21987,2.7,0,0.0,0,0.0,30,2.8
"45053","2","10","71","0","2017","4","",14,300,301,301,2925231,0,0,748,"",2.93,1.01,1.01,1.01,1.01,0.00,0.00,1.00,"",0,0.0,13,4.5,14,4.9,14,4.9,274961,10.4,0,0.0,0,0.0,38,5.4
"45053","3","10","71","0","2017","4","",11,975,986,988,9133373,80721,592,715,"",0.95,1.07,1.06,1.07,1.20,0.29,0.70,1.12,"",0,0.0,25,2.6,37,3.9,35,3.7,-45445,-0.5,-19952,-19.8,-450,-43.2,-28,-3.8
"45053","5","10","71","0","2017","4","",650,7884,7980,8008,75767704,13811072,159198,732,"",0.98,1.01,1.01,1.01,1.00,1.03,1.00,0.99,"",41,6.7,700,9.7,514,6.9,458,6.1,6356026,9.2,1021088,8.0,-22488,-12.4,10,1.4
"45055","0","10","70","0","2017","4","",1237,17503,17627,17502,172943780,25751677,388337,758,"",1.00,1.00,1.00,1.00,1.00,1.00,1.00,1.00,"",15,1.2,-788,-4.3,-712,-3.9,-855,-4.7,-8243546,-4.5,2466349,10.6,71609,22.6,-2,-0.3
"45055","1","10","71","0","2017","4","",15,102,102,100,1469350,0,0,1115,"",2.02,0.30,0.30,0.30,0.31,0.00,0.00,1.03,"",2,15.4,6,6.2,5,5.2,-2,-2.0,98658,7.2,0,0.0,0,0.0,43,4.0
"45055","2","10","71","0","2017","4","",23,207,207,207,1872849,0,0,696,"",2.65,0.37,0.37,0.37,0.33,0.00,0.00,0.90,"",1,4.5,9,4.5,9,4.5,9,4.5,-5688,-0.3,0,0.0,0,0.0,-34,-4.7
"45055","3","10","71","0","2017","4","",9,2842,2858,2840,27620668,729096,8298,746,"",0.43,1.64,1.63,1.64,1.86,1.43,4.06,1.13,"",-1,-10.0,13,0.5,15,0.5,7,0.2,586637,2.2,38743,5.6,-798,-8.8,12,1.6
"45055","5","10","71","0","2017","4","",1190,14352,14460,14355,141980913,25022581,380039,759,"",0.99,0.97,0.97,0.97,0.96,1.00,0.99,1.00,"",13,1.1,-816,-5.4,-741,-4.9,-869,-5.7,-8923153,-5.9,2427606,10.7,72407,23.5,-5,-0.7
"45057","0","10","70","0","2017","4","",1247,23741,23976,23883,280690938,27590809,295847,905,"",1.00,1.00,1.00,1.00,1.00,1.00,1.00,1.00,"",-24,-1.9,244,1.0,311,1.3,198,0.8,18059197,6.9,460823,1.7,-33513,-10.2,50,5.8
"45057","1","10","71","0","2017","4","",8,101,104,104,1452247,0,0,1085,"",1.07,0.22,0.23,0.23,0.19,0.00,0.00,0.84,"",0,0.0,10,11.0,4,4.0,1,1.0,22113,1.5,0,0.0,0,0.0,-38,-3.4
"45057","2","10","71","0","2017","4","",20,652,661,653,5934446,14294,200,697,"",2.29,0.86,0.86,0.86,0.65,0.04,0.51,0.76,"",0,0.0,28,4.5,37,5.9,31,5.0,126261,2.2,866,6.4,21,11.7,-20,-2.8
"45057","3","10","71","0","2017","4","",29,3147,3201,3144,29555773,166158,73,719,"",1.37,1.34,1.34,1.33,1.22,0.30,0.05,0.92,"",-1,-3.3,73,2.4,80,2.6,14,0.4,1034656,3.6,52341,46.0,-636,-89.7,13,1.8
"45057","5","10","71","0","2017","4","",1190,19841,20010,19982,243748472,27410357,295574,940,"",0.98,0.98,0.98,0.98,1.02,1.03,1.01,1.03,"",-23,-1.9,133,0.7,190,1.0,152,0.8,16876167,7.4,407616,1.5,-32898,-10.0,58,6.6
"45059","0","10","70","0","2017","4","",866,22238,22692,22879,235436122,28257628,303251,801,"",1.00,1.00,1.00,1.00,1.00,1.00,1.00,1.00,"",-25,-2.8,61,0.3,385,1.7,660,3.0,9077799,4.0,-703310,-2.4,-84318,-21.8,18,2.3
"45059","1","10","71","0","2017","4","",12,100,101,101,1416999,0,0,1083,"",2.31,0.23,0.23,0.23,0.22,0.00,0.00,0.95,"",0,0.0,4,4.2,1,1.0,-4,-3.8,45661,3.3,0,0.0,0,0.0,32,3.0
"45059","2","10","71","0","2017","4","",21,743,744,734,6947726,53647,505,722,"",3.46,1.04,1.02,1.01,0.90,0.15,1.26,0.88,"",0,0.0,-26,-3.4,-23,-3.0,-29,-3.8,174417,2.6,-3169,-5.6,-172,-25.4,42,6.2
"45059","3","10","71","0","2017","4","",29,2974,2992,2989,27474728,11223,404,708,"",1.97,1.35,1.33,1.32,1.36,0.02,0.25,1.02,"",-7,-19.4,49,1.7,49,1.7,20,0.7,262584,1.0,2204,24.4,51,14.4,-3,-0.4
"45059","5","10","71","0","2017","4","",804,18421,18855,19055,199596669,28192758,302342,818,"",0.96,0.98,0.98,0.98,0.99,1.03,1.00,1.02,"",-18,-2.2,34,0.2,358,1.9,673,3.7,8595137,4.5,-702345,-2.4,-84197,-21.8,20,2.5
"45061","0","10","70","0","2017","4","",298,3497,3539,3517,33497661,3696643,55804,733,"",1.00,1.00,1.00,1.00,1.00,1.00,1.00,1.00,"",-3,-1.0,-9,-0.3,57,1.6,12,0.3,1351010,4.2,52080,1.4,-3827,-6.4,26,3.7
"45061","1","10","71","0","2017","4","",7,26,25,25,352684,0,0,1071,"",3.92,0.39,0.37,0.37,0.38,0.00,0.00,1.02,"",0,0.0,1,4.0,-1,-3.8,-5,-16.7,10976,3.2,0,0.0,0,0.0,97,10.0
"45061","2","10","71","0","2017","4","",15,435,436,436,4472911,0,0,790,"",7.18,3.88,3.85,3.89,4.09,0.00,0.00,1.06,"",1,7.1,52,13.6,53,13.8,54,14.1,688883,18.2,0,0.0,0,0.0,29,3.8
"45061","3","10","71","0","2017","4","",14,593,599,591,4895887,2849,0,634,"",2.76,1.71,1.70,1.70,1.70,0.04,0.00,1.00,"",0,0.0,-5,-0.8,5,0.8,-41,-6.5,-8647,-0.2,-1344,-32.1,0,0.0,13,2.1
"45061","5","10","71","0","2017","4","",262,2443,2479,2465,23776179,3693794,55804,743,"",0.91,0.82,0.82,0.82,0.83,1.03,1.01,1.01,"",-4,-1.5,-57,-2.3,0,0.0,4,0.2,659798,2.9,53424,1.5,-3827,-6.4,26,3.6
"45063","0","10","70","0","2017","4","",6713,119526,122110,122991,1271421589,159927002,2166582,805,"",1.00,1.00,1.00,1.00,1.00,1.00,1.00,1.00,"",353,5.6,3082,2.6,3241,2.7,3777,3.2,53124586,4.4,8328860,5.5,-84321,-3.7,12,1.5
"45063","1","10","71","0","2017","4","",33,661,655,643,11614280,0,0,1368,"",0.82,0.29,0.28,0.27,0.33,0.00,0.00,1.19,"",2,6.5,19,3.0,11,1.7,-18,-2.7,448110,4.0,0,0.0,0,0.0,45,3.4
"45063","2","10","71","0","2017","4","",38,3298,3306,3297,34931078,34354,481,814,"",0.81,0.86,0.85,0.84,0.84,0.02,0.17,0.99,"",2,5.6,270,8.9,259,8.5,262,8.6,3245675,10.2,-4826,-12.3,-40,-7.7,11,1.4
"45063","3","10","71","0","2017","4","",135,17254,17333,17335,218608614,936497,4124,972,"",1.18,1.46,1.43,1.42,2.00,0.30,0.36,1.39,"",0,0.0,438,2.6,439,2.6,453,2.7,12069771,5.8,164937,21.4,-160,-3.7,30,3.2
"45063","5","10","71","0","2017","4","",6507,98313,100816,101716,1006267617,158956151,2161977,772,"",1.00,0.97,0.97,0.97,0.93,1.03,1.00,0.95,"",349,5.7,2355,2.5,2532,2.6,3080,3.1,37361030,3.9,8168749,5.4,-84121,-3.7,9,1.2
"45065","0","10","70","0","2017","4","",140,1730,1739,1732,15260376,1117455,12401,677,"",1.00,1.00,1.00,1.00,1.00,1.00,1.00,1.00,"",1,0.7,94,5.7,109,6.7,36,2.1,654203,4.5,1389,0.1,-1341,-9.8,-2,-0.3
"45065","1","10","71","0","2017","4","",8,82,79,79,1360965,0,0,1309,"",9.53,2.46,2.37,2.37,3.24,0.00,0.00,1.35,"",0,0.0,1,1.2,-3,-3.7,-7,-8.1,77721,6.1,0,0.0,0,0.0,120,10.1
"45065","2","10","71","0","2017","4","",16,413,416,414,3264440,12941,181,606,"",16.31,7.44,7.47,7.50,6.55,0.91,11.07,0.88,"",-1,-5.9,29,7.6,41,10.9,39,10.4,172334,5.6,677,5.5,18,11.0,-23,-3.7
"45065","3","10","71","0","2017","4","N",14,0,0,0,0,0,0,0,"N",5.88,0,0,0,0,0,0,0,"N",1,7.7,0,0,0,0,0,0,0,0,0,0,0,0,0,0
"45065","5","10","71","0","2017","4","N",102,0,0,0,0,0,0,0,"N",0.75,0,0,0,0,0,0,0,"N",1,1.0,0,0,0,0,0,0,0,0,0,0,0,0,0,0
"45067","0","10","70","0","2017","4","",517,6416,6378,6417,55447151,7226352,119909,666,"",1.00,1.00,1.00,1.00,1.00,1.00,1.00,1.00,"",9,1.8,67,1.1,3,0.0,-4,-0.1,1038886,1.9,367717,5.4,-8226,-6.4,10,1.5
"45067","1","10","71","0","2017","4","",11,71,65,68,828281,0,0,937,"",3.55,0.57,0.53,0.55,0.54,0.00,0.00,0.98,"",0,0.0,1,1.4,2,3.2,0,0.0,-27365,-3.2,0,0.0,0,0.0,-45,-4.6
"45067","2","10","71","0","2017","4","",15,171,170,169,1490371,0,0,674,"",4.14,0.83,0.83,0.83,0.82,0.00,0.00,0.99,"",0,0.0,-4,-2.3,-5,-2.9,-7,-4.0,-171359,-10.3,0,0.0,0,0.0,-55,-7.5
"45067","3","10","71","0","2017","4","",12,1219,1219,1228,9558362,55221,367,602,"",1.37,1.92,1.92,1.93,2.00,0.39,0.58,1.04,"",0,0.0,-32,-2.6,25,2.1,-4,-0.3,-32479,-0.3,-17618,-24.2,-578,-61.2,0,0.0
"45067","5","10","71","0","2017","4","",479,4955,4924,4952,43570137,7171131,119542,678,"",0.96,0.91,0.91,0.91,0.92,1.03,1.00,1.01,"",9,1.9,102,2.1,-19,-0.4,7,0.1,1270089,3.0,385335,5.7,-7648,-6.0,16,2.4
"45069","0","10","70","0","2017","4","",355,6820,6820,6780,71533591,6558871,139114,808,"",1.00,1.00,1.00,1.00,1.00,1.00,1.00,1.00,"",4,1.1,109,1.6,100,1.5,64,1.0,2728739,4.0,992929,17.8,24002,20.9,20,2.5
"45069","1","10","71","0","2017","4","",12,361,355,356,5549758,0,0,1195,"",5.64,2.75,2.72,2.73,2.82,0.00,0.00,1.03,"",-1,-7.7,-18,-4.7,-16,-4.3,-22,-5.8,36830,0.7,0,0.0,0,0.0,67,5.9
"45069","2","10","71","0","2017","4","",19,392,393,393,4109057,0,0,805,"",7.64,1.79,1.80,1.82,1.76,0.00,0.00,0.98,"",0,0.0,0,0.0,2,0.5,-1,-0.3,345014,9.2,0,0.0,0,0.0,67,9.1
"45069","3","10","71","0","2017","4","",13,951,960,955,8656706,18521,437,697,"",2.15,1.41,1.42,1.42,1.41,0.14,0.60,0.99,"",0,0.0,-13,-1.3,-8,-0.8,-11,-1.1,79249,0.9,4822,35.2,85,24.1,14,2.0
"45069","5","10","71","0","2017","4","",311,5116,5112,5076,53218070,6540350,138677,802,"",0.90,0.88,0.88,0.88,0.87,1.03,1.00,0.99,"",5,1.6,140,2.8,122,2.4,98,2.0,2267646,4.5,988107,17.8,23917,20.8,15,1.9
"45071","0","10","70","0","2017","4","",784,13807,14095,14186,130337112,17976439,179452,715,"",1.00,1.00,1.00,1.00,1.00,1.00,1.00,1.00,"",47,6.4,-1077,-7.2,-849,-5.7,-1018,-6.7,-701783,-0.5,1263023,7.6,-2635,-1.4,43,6.4
"45071","1","10","71","0","2017","4","",14,110,107,104,1575789,0,0,1133,"",2.98,0.41,0.40,0.38,0.44,0.00,0.00,1.11,"",0,0.0,1,0.9,-1,-0.9,-7,-6.3,54684,3.6,0,0.0,0,0.0,63,5.9
"45071","2","10","71","0","2017","4","",23,243,242,242,2193935,37594,527,696,"",4.19,0.55,0.54,0.53,0.52,0.16,2.23,0.95,"",1,4.5,-2,-0.8,-1,-0.4,-3,-1.2,97987,4.7,-5549,-12.9,-47,-8.2,36,5.5
"45071","3","10","71","0","2017","4","",36,2095,2125,2092,19957830,259132,858,730,"",2.70,1.53,1.52,1.49,1.78,0.73,0.91,1.18,"",0,0.0,-55,-2.6,13,0.6,-2,-0.1,711186,3.7,-31733,-10.9,-1141,-57.1,31,4.4
"45071","5","10","71","0","2017","4","",711,11359,11621,11748,106609558,17679713,178067,708,"",0.93,0.97,0.97,0.97,0.96,1.02,1.00,0.98,"",46,6.9,-1021,-8.2,-860,-6.9,-1006,-7.9,-1565640,-1.4,1300305,7.9,-1447,-0.8,44,6.6
"45073","0","10","70","0","2017","4","",1599,23423,24111,23516,284808341,25045248,320715,925,"",1.00,1.00,1.00,1.00,1.00,1.00,1.00,1.00,"",63,4.1,153,0.7,559,2.4,404,1.7,347139,0.1,1566367,6.7,26912,9.2,-14,-1.5
"45073","1","10","71","0","2017","4","",20,170,169,168,2096099,0,0,954,"",2.09,0.38,0.37,0.37,0.27,0.00,0.00,0.72,"",-2,-9.1,7,4.3,0,0.0,-5,-2.9,34822,1.7,0,0.0,0,0.0,12,1.3
"45073","2","10","71","0","2017","4","",18,309,309,309,2654192,0,0,661,"",1.61,0.41,0.40,0.41,0.29,0.00,0.00,0.70,"",0,0.0,34,12.4,34,12.4,34,12.4,256375,10.7,0,0.0,0,0.0,-10,-1.5
"45073","3","10","71","0","2017","4","",17,3694,3717,3709,39230127,120115,1588,814,"",0.63,1.59,1.55,1.59,1.60,0.24,0.94,1.01,"",-4,-19.0,34,0.9,38,1.0,34,0.9,-2191413,-5.3,8764,7.9,501,46.1,-54,-6.2
"45073","5","10","71","0","2017","4","",1544,19250,19916,19330,240827923,24925133,319127,950,"",1.00,0.97,0.97,0.97,0.99,1.03,1.00,1.02,"",69,4.7,78,0.4,487,2.5,341,1.8,2247355,0.9,1557603,6.7,26411,9.0,-6,-0.6
"45075","0","10","70","0","2017","4","",1684,27832,28566,28745,286358988,33022091,505809,776,"",1.00,1.00,1.00,1.00,1.00,1.00,1.00,1.00,"",17,1.0,-326,-1.2,-291,-1.0,-204,-0.7,12306179,4.5,1264111,4.0,-79087,-13.5,40,5.4
"45075","1","10","71","0","2017","4","",25,216,209,211,3206361,0,0,1163,"",2.48,0.40,0.38,0.38,0.41,0.00,0.00,1.05,"",0,0.0,-2,-0.9,-9,-4.1,-6,-2.8,94735,3.0,0,0.0,0,0.0,63,5.7
"45075","2","10","71","0","2017","4","",25,1543,1557,1557,16469972,8440,118,816,"",2.12,1.73,1.70,1.70,1.76,0.02,0.18,1.03,"",0,0.0,-42,-2.6,-37,-2.3,-30,-1.9,-148290,-0.9,-3791,-31.0,-45,-27.6,11,1.4
"45075","3","10","71","0","2017","4","",39,4713,4673,4837,56302282,173963,1777,914,"",1.36,1.71,1.65,1.70,2.29,0.27,0.67,1.36,"",-2,-4.9,-83,-1.7,-150,-3.1,-24,-0.5,2647921,4.9,68393,64.8,999,128.4,59,6.9
"45075","5","10","71","0","2017","4","",1595,21360,22127,22140,210380373,32839688,503914,740,"",0.98,0.90,0.91,0.91,0.86,1.03,1.00,0.95,"",19,1.2,-199,-0.9,-95,-0.4,-144,-0.6,9711813,4.8,1199509,3.8,-80041,-13.7,39,5.6
"45077","0","10","70","0","2017","4","",2206,35756,35978,35673,374131521,38636560,435423,804,"",1.00,1.00,1.00,1.00,1.00,1.00,1.00,1.00,"",41,1.9,651,1.9,713,2.0,880,2.5,18873338,5.3,2213539,6.1,21168,5.1,24,3.1
"45077","1","10","71","0","2017","4","",14,207,198,197,2975991,0,0,1141,"",1.06,0.30,0.29,0.29,0.29,0.00,0.00,0.99,"",0,0.0,19,10.1,-1,-0.5,-6,-3.0,93472,3.2,0,0.0,0,0.0,14,1.2
"45077","2","10","71","0","2017","4","N",19,0,0,0,0,0,0,0,"N",1.23,0,0,0,0,0,0,0,"N",0,0.0,0,0,0,0,0,0,0,0,0,0,0,0,0,0
"45077","3","10","71","0","2017","4","N",48,0,0,0,0,0,0,0,"N",1.28,0,0,0,0,0,0,0,"N",-1,-2.0,0,0,0,0,0,0,0,0,0,0,0,0,0,0
"45077","5","10","71","0","2017","4","",2125,26225,26479,26233,232870795,38584803,435402,681,"",0.99,0.86,0.87,0.87,0.73,1.03,1.01,0.84,"",42,2.0,478,1.9,645,2.5,773,3.0,9813445,4.4,2217970,6.1,21364,5.2,13,1.9
"45079","0","10","70","0","2017","4","",10302,219805,221532,220684,2619644428,240459698,3913154,913,"",1.00,1.00,1.00,1.00,1.00,1.00,1.00,1.00,"",249,2.5,310,0.1,98,0.0,470,0.2,84536025,3.3,1203313,0.5,-189335,-4.6,28,3.2
"45079","1","10","71","0","2017","4","",92,9371,9428,9562,157652903,0,0,1283,"",1.49,2.21,2.22,2.25,2.19,0.00,0.00,0.98,"",-2,-2.1,174,1.9,118,1.3,11,0.1,4405073,2.9,0,0.0,0,0.0,23,1.8
"45079","2","10","71","0","2017","4","",108,28987,29261,29161,365919105,114511,1557,966,"",1.50,4.11,4.12,4.14,4.28,0.04,0.30,1.04,"",3,2.9,-1233,-4.1,-1001,-3.3,-1063,-3.5,3182204,0.9,-35592,-23.7,-361,-18.8,43,4.7
"45079","3","10","71","0","2017","4","",175,15855,15814,15762,169658593,226378,962,825,"",1.00,0.73,0.72,0.72,0.75,0.05,0.05,1.04,"",1,0.6,170,1.1,117,0.7,-16,-0.1,812857,0.5,24447,12.1,-775,-44.6,-1,-0.1
"45079","5","10","71","0","2017","4","",9927,165592,167029,166199,1926413827,240118809,3910635,891,"",0.99,0.89,0.89,0.89,0.86,1.03,1.01,0.97,"",247,2.6,1199,0.7,864,0.5,1538,0.9,76135891,4.1,1214458,0.5,-188199,-4.6,29,3.4
"45081","0","10","70","0","2017","4","",282,4611,4595,4630,40149906,6548939,61823,670,"",1.00,1.00,1.00,1.00,1.00,1.00,1.00,1.00,"",17,6.4,109,2.4,164,3.7,213,4.8,2102775,5.5,1104527,20.3,5848,10.4,12,1.8
"45081","1","10","71","0","2017","4","",8,33,30,32,442581,0,0,1075,"",4.73,0.37,0.34,0.36,0.40,0.00,0.00,1.12,"",0,0.0,1,3.1,-2,-6.2,-2,-5.9,21201,5.0,0,0.0,0,0.0,83,8.4
"45081","2","10","71","0","2017","4","",13,136,137,133,1109530,41926,587,631,"",6.58,0.92,0.93,0.90,0.85,0.50,7.20,0.92,"",0,0.0,-5,-3.5,-5,-3.5,-8,-5.7,-69576,-5.9,1814,4.5,54,10.1,-11,-1.7
"45081","3","10","71","0","2017","4","",17,868,861,871,6843815,22857,240,607,"",3.55,1.90,1.89,1.90,1.98,0.18,0.74,1.04,"",0,0.0,25,3.0,28,3.4,14,1.6,-434414,-6.0,-2195,-8.8,-250,-51.0,-56,-8.4
"45081","5","10","71","0","2017","4","",244,3574,3567,3594,31753980,6484156,60996,683,"",0.89,0.91,0.91,0.91,0.93,1.02,0.99,1.01,"",17,7.5,88,2.5,143,4.2,209,6.2,2585564,8.9,1104908,20.5,6044,11.0,29,4.4
"45083","0","10","70","0","2017","4","",6313,138862,140146,141061,1645652688,182751765,2596944,904,"",1.00,1.00,1.00,1.00,1.00,1.00,1.00,1.00,"",271,4.5,4529,3.4,4010,2.9,3891,2.8,95551069,6.2,12308098,7.2,-155780,-5.7,26,3.0
"45083","1","10","71","0","2017","4","",47,545,525,550,9066103,0,0,1291,"",1.24,0.20,0.20,0.20,0.20,0.00,0.00,1.00,"",1,2.2,5,0.9,-21,-3.8,6,1.1,278798,3.2,0,0.0,0,0.0,47,3.8
"45083","2","10","71","0","2017","4","",28,3148,3172,3156,29255778,0,0,712,"",0.63,0.71,0.71,0.70,0.54,0.00,0.00,0.77,"",0,0.0,40,1.3,37,1.2,37,1.2,-1531420,-5.0,0,0.0,0,0.0,-47,-6.2
"45083","3","10","71","0","2017","4","",128,17399,17846,17770,225964056,448103,3260,984,"",1.19,1.26,1.28,1.27,1.60,0.12,0.24,1.25,"",-1,-0.8,-119,-0.7,222,1.3,204,1.2,4257013,1.9,-107914,-19.4,1000,44.2,13,1.3
"45083","5","10","71","0","2017","4","",6110,117770,118603,119585,1381366751,182303662,2593684,896,"",1.00,1.00,1.00,1.00,0.98,1.03,1.01,0.99,"",271,4.6,4603,4.1,3772,3.3,3644,3.1,92546678,7.2,12416012,7.3,-156780,-5.7,31,3.6
"45085","0","10","70","0","2017","4","",2063,37263,37468,37673,366667953,44128924,666105,753,"",1.00,1.00,1.00,1.00,1.00,1.00,1.00,1.00,"",71,3.6,155,0.4,127,0.3,402,1.1,12402334,3.5,-517336,-1.2,-83512,-11.1,21,2.9
"45085","1","10","71","0","2017","4","",36,1190,1187,1191,17665069,0,0,1143,"",2.91,1.66,1.66,1.64,1.75,0.00,0.00,1.06,"",1,2.9,10,0.8,14,1.2,9,0.8,867207,5.2,0,0.0,0,0.0,46,4.2
"45085","2","10","71","0","2017","4","",28,1288,1316,1311,12040789,2124,25,710,"",1.94,1.08,1.10,1.09,1.01,0.00,0.03,0.92,"",0,0.0,4,0.3,31,2.4,22,1.7,180429,1.5,-2304,-52.0,-34,-57.6,1,0.1
"45085","3","10","71","0","2017","4","",51,3883,3887,3885,34812790,157502,2475,689,"",1.45,1.05,1.04,1.04,1.10,0.18,0.71,1.05,"",0,0.0,-326,-7.7,-315,-7.5,-326,-7.7,-2461897,-6.6,55803,54.9,117,5.0,8,1.2
"45085","5","10","71","0","2017","4","",1948,30902,31078,31286,302149305,43969298,663605,748,"",0.97,0.98,0.98,0.98,0.97,1.03,1.00,0.99,"",70,3.7,467,1.5,397,1.3,697,2.3,13816595,4.8,-570835,-1.3,-83595,-11.2,22,3.0
"45087","0","10","70","0","2017","4","",454,7774,7989,7939,71803999,12532703,188066,699,"",1.00,1.00,1.00,1.00,1.00,1.00,1.00,1.00,"",11,2.5,-236,-2.9,-167,-2.0,-236,-2.9,1308739,1.9,-926459,-6.9,-67185,-26.3,31,4.6
"45087","1","10","71","0","2017","4","",9,51,53,54,696867,0,0,1018,"",3.31,0.34,0.35,0.35,0.35,0.00,0.00,1.02,"",1,12.5,-4,-7.3,-1,-1.9,2,3.8,50597,7.8,0,0.0,0,0.0,92,9.9
"45087","2","10","71","0","2017","4","",21,297,298,296,2643772,0,0,685,"",6.60,1.19,1.16,1.17,1.13,0.00,0.00,0.96,"",1,5.0,35,13.4,36,13.7,32,12.1,193371,7.9,0,0.0,0,0.0,-33,-4.6
"45087","3","10","71","0","2017","4","",23,1518,1518,1471,12383217,129995,548,634,"",2.98,1.97,1.91,1.87,2.01,0.52,0.55,1.05,"",-1,-4.2,-14,-0.9,5,0.3,-36,-2.4,-1087944,-8.1,-8814,-6.3,-257,-31.9,-49,-7.2
"45087","5","10","71","0","2017","4","",401,5908,6120,6118,56080143,12402708,187518,713,"",0.91,0.89,0.90,0.91,0.91,1.02,1.00,1.01,"",10,2.6,-253,-4.1,-207,-3.3,-234,-3.7,2152715,4.0,-917645,-6.9,-66928,-26.3,52,7.9
"45089","0","10","70","0","2017","4","",623,9122,9047,9075,91423138,10500357,162889,774,"",1.00,1.00,1.00,1.00,1.00,1.00,1.00,1.00,"",31,5.2,50,0.6,-90,-1.0,-166,-1.8,1106770,1.2,-419919,-3.8,-35451,-17.9,15,2.0
"45089","1","10","71","0","2017","4","",17,361,358,359,5325478,0,0,1140,"",4.55,2.06,2.07,2.05,2.12,0.00,0.00,1.03,"",0,0.0,-5,-1.4,-17,-4.5,-15,-4.0,-207483,-3.7,0,0.0,0,0.0,-5,-0.4
"45089","2","10","71","0","2017","4","",17,290,291,290,2407700,0,0,638,"",3.89,0.99,1.00,1.00,0.81,0.00,0.00,0.81,"",2,13.3,11,3.9,10,3.6,9,3.2,105515,4.6,0,0.0,0,0.0,6,0.9
"45089","3","10","71","0","2017","4","",24,1433,1409,1427,11693389,9711,0,632,"",2.27,1.59,1.57,1.59,1.49,0.05,0.00,0.94,"",1,4.3,50,3.6,14,1.0,-19,-1.3,191214,1.7,2278,30.6,0,0.0,4,0.6
"45089","5","10","71","0","2017","4","",565,7038,6989,6999,71996571,10490646,162889,790,"",0.93,0.91,0.91,0.91,0.92,1.03,1.01,1.02,"",28,5.2,-6,-0.1,-97,-1.4,-141,-2.0,1017524,1.4,-422197,-3.9,-35451,-17.9,20,2.6
"45091","0","10","70","0","2017","4","",5799,94282,94549,94867,1071906191,128685464,1888743,872,"",1.00,1.00,1.00,1.00,1.00,1.00,1.00,1.00,"",456,8.5,4026,4.5,3183,3.5,3267,3.6,66922946,6.7,9232894,7.7,107467,6.0,23,2.7
"45091","1","10","71","0","2017","4","",25,464,481,491,7286050,0,0,1171,"",0.72,0.26,0.27,0.27,0.25,0.00,0.00,0.94,"",1,4.2,32,7.4,41,9.3,36,7.9,271597,3.9,0,0.0,0,0.0,-49,-4.0
"45091","2","10","71","0","2017","4","",28,2394,2403,2408,23477417,0,0,752,"",0.69,0.79,0.79,0.80,0.67,0.00,0.00,0.85,"",0,0.0,-24,-1.0,-40,-1.6,-67,-2.7,187414,0.8,0,0.0,0,0.0,19,2.6
"45091","3","10","71","0","2017","4","",58,9841,9871,9834,102611992,542664,3814,801,"",0.59,1.05,1.05,1.05,1.11,0.21,0.38,1.06,"",0,0.0,346,3.6,310,3.2,296,3.1,5210106,5.3,112788,26.2,1705,80.8,15,1.9
"45091","5","10","71","0","2017","4","",5688,81583,81794,82134,938530732,128142800,1884929,882,"",1.01,1.02,1.02,1.02,1.03,1.03,1.00,1.01,"",455,8.7,3672,4.7,2872,3.6,3002,3.8,61253829,7.0,9120106,7.7,105762,5.9,24,2.8
"45999","0","10","70","0","2017","4","",17747,61281,63493,63108,1072961704,154286552,2864736,1318,"",1.00,1.00,1.00,1.00,1.00,1.00,1.00,1.00,"",2384,15.5,6314,11.5,7856,14.1,7635,13.8,93581327,9.6,18462376,13.6,241310,9.2,-43,-3.2
"45999","1","10","71","0","2017","4","",55,369,344,339,8046309,0,0,1765,"",0.52,0.31,0.28,0.28,0.27,0.00,0.00,0.94,"",5,10.0,71,23.8,46,15.4,51,17.7,1934637,31.7,0,0.0,0,0.0,170,10.7
"45999","3","10","71","0","2017","4","N",1,0,0,0,0,0,0,0,"N",0.00,0,0,0,0,0,0,0,"N",0,0.0,0,0,0,0,0,0,0,0,0,0,0,0,0,0
"45999","5","10","71","0","2017","4","N",17691,0,0,0,0,0,0,0,"N",1.03,0,0,0,0,0,0,0,"N",2379,15.5,0,0,0,0,0,0,0,0,0,0,0,0,0,0
"46000","0","10","50","0","2017","4","",33484,425622,423793,423293,4723619879,465335295,3441542,856,"",1.00,1.00,1.00,1.00,1.00,1.00,1.00,1.00,"",261,0.8,2306,0.5,1622,0.4,3446,0.8,183850434,4.0,5208074,1.1,-115844,-3.3,28,3.4
"46000","1","10","51","0","2017","4","",711,11326,11272,11337,187084387,0,0,1272,"",3.54,1.38,1.39,1.39,1.44,0.00,0.00,1.04,"",-3,-0.4,24,0.2,-28,-0.2,-163,-1.4,4700581,2.6,0,0.0,0,0.0,38,3.1
"46000","2","10","51","0","2017","4","",869,14709,14672,14576,178546659,0,0,937,"",3.70,1.08,1.08,1.08,1.16,0.00,0.00,1.07,"",7,0.8,79,0.5,9,0.1,12,0.1,-233100,-0.1,0,0.0,0,0.0,-4,-0.4
"46000","3","10","51","0","2017","4","",844,48260,48184,48389,433375895,13506282,143636,691,"",1.48,1.14,1.14,1.16,1.07,1.47,7.93,0.93,"",1,0.1,428,0.9,281,0.6,358,0.7,15244709,3.6,-752451,-5.3,-33075,-18.7,20,3.0
"46000","5","10","51","0","2017","4","",31060,351327,349665,348991,3924612938,451829013,3297906,863,"",0.96,0.97,0.97,0.97,0.97,1.00,0.96,1.00,"",256,0.8,1775,0.5,1360,0.4,3239,0.9,164138244,4.4,5960525,1.3,-82769,-2.4,31,3.7
"46000","8","10","96","0","2017","4","",2424,74295,74128,74302,799006941,13506282,143636,828,"",2.41,1.16,1.16,1.17,1.16,0.89,6.34,1.00,"",5,0.2,531,0.7,262,0.4,207,0.3,19712190,2.5,-752451,-5.3,-33075,-18.7,17,2.1
"46003","0","10","70","0","2017","4","",102,906,909,923,7644965,1121014,6549,644,"",1.00,1.00,1.00,1.00,1.00,1.00,1.00,1.00,"",-3,-2.9,22,2.5,26,2.9,37,4.2,609627,8.7,1646,0.1,2066,46.1,32,5.2
"46003","1","10","71","0","2017","4","",6,12,13,14,155993,0,0,923,"",9.81,0.69,0.75,0.79,0.74,0.00,0.00,1.00,"",0,0.0,-2,-14.3,-5,-27.8,-3,-17.6,-12372,-7.3,0,0.0,0,0.0,130,16.4
"46003","2","10","71","0","2017","4","",8,11,12,12,119126,0,0,785,"",11.19,0.38,0.41,0.41,0.48,0.00,0.00,1.20,"",0,0.0,0,0.0,-2,-14.3,0,0.0,-18323,-13.3,0,0.0,0,0.0,-72,-8.4
"46003","3","10","71","0","2017","4","",7,161,162,165,1067593,140745,685,505,"",4.04,1.79,1.79,1.81,1.62,6.34,19.87,0.90,"",0,0.0,-4,-2.4,-10,-5.8,-3,-1.8,10234,1.0,3506,2.6,66,10.7,22,4.6
"46003","5","10","71","0","2017","4","",81,722,722,732,6302253,980269,5864,668,"",0.82,0.94,0.93,0.93,0.97,0.90,0.90,1.03,"",-3,-3.6,28,4.0,43,6.3,43,6.2,630088,11.1,-1860,-0.2,2000,51.8,33,5.2
"46005","0","10","70","0","2017","4","",670,8517,8553,8603,87408348,8842923,61549,786,"",1.00,1.00,1.00,1.00,1.00,1.00,1.00,1.00,"",-9,-1.3,24,0.3,52,0.6,79,0.9,975460,1.1,431949,5.1,-1376,-2.2,4,0.5
"46005","1","10","71","0","2017","4","",16,278,280,281,4711852,0,0,1296,"",3.98,1.70,1.71,1.70,1.96,0.00,0.00,1.15,"",-1,-5.9,-5,-1.8,-12,-4.1,-28,-9.1,-277288,-5.6,0,0.0,0,0.0,-6,-0.5
"46005","2","10","71","0","2017","4","",26,127,119,116,1286896,0,0,820,"",5.54,0.46,0.43,0.42,0.45,0.00,0.00,1.02,"",0,0.0,2,1.6,-1,-0.8,-4,-3.3,-50222,-3.8,0,0.0,0,0.0,-25,-3.0
"46005","3","10","71","0","2017","4","",16,888,906,896,8088949,11837,27,694,"",1.40,1.05,1.07,1.05,1.08,0.07,0.08,1.02,"",0,0.0,14,1.6,30,3.4,18,2.1,194088,2.5,1633,16.0,0,0.0,1,0.1
"46005","5","10","71","0","2017","4","",612,7224,7248,7310,73320651,8831086,61522,777,"",0.94,1.00,1.00,1.00,0.98,1.03,1.01,0.98,"",-8,-1.3,13,0.2,35,0.5,93,1.3,1108882,1.5,430316,5.1,-1376,-2.2,7,0.9
"46007","0","10","70","0","2017","4","",94,889,883,892,7550411,1156688,11583,654,"",1.00,1.00,1.00,1.00,1.00,1.00,1.00,1.00,"",-5,-5.1,-4,-0.4,-23,-2.5,1,0.1,352964,4.9,268835,30.3,2659,29.8,37,6.0
"46007","1","10","71","0","2017","4","",7,30,30,30,448540,0,0,1150,"",12.42,1.75,1.78,1.75,2.16,0.00,0.00,1.23,"",0,0.0,-6,-16.7,-5,-14.3,-4,-11.8,3093,0.7,0,0.0,0,0.0,171,17.5
"46007","2","10","71","0","2017","4","",11,18,17,17,182443,0,0,810,"",16.70,0.63,0.60,0.60,0.74,0.00,0.00,1.21,"",0,0.0,0,0.0,-1,-5.6,-1,-5.6,-7273,-3.8,0,0.0,0,0.0,-1,-0.1
"46007","3","10","71","0","2017","4","",9,322,339,351,3538055,307434,2590,807,"",5.63,3.66,3.87,3.98,5.45,13.43,42.49,1.42,"",0,0.0,-18,-5.3,-10,-2.9,11,3.2,338599,10.6,80608,35.5,915,54.6,89,12.4
"46007","5","10","71","0","2017","4","",67,519,497,494,3381373,849254,8993,517,"",0.73,0.69,0.66,0.65,0.52,0.76,0.78,0.79,"",-5,-6.9,20,4.0,-7,-1.4,-5,-1.0,18545,0.6,188227,28.5,1744,24.1,0,0.0
"46009","0","10","70","0","2017","4","",210,1729,1725,1732,16030883,1187027,7239,713,"",1.00,1.00,1.00,1.00,1.00,1.00,1.00,1.00,"",-6,-2.8,-30,-1.7,-22,-1.3,7,0.4,841070,5.5,-139117,-10.5,-3178,-30.5,43,6.4
"46009","1","10","71","0","2017","4","",7,24,26,23,240063,0,0,759,"",5.56,0.72,0.79,0.69,0.54,0.00,0.00,0.74,"",0,0.0,-2,-7.7,2,8.3,-6,-20.7,-30665,-11.3,0,0.0,0,0.0,-32,-4.0
"46009","2","10","71","0","2017","4","",18,205,208,210,2399439,0,0,889,"",12.23,3.69,3.76,3.80,4.58,0.00,0.00,1.22,"",0,0.0,-20,-8.9,-14,-6.3,-12,-5.4,8351,0.3,0,0.0,0,0.0,64,7.8
"46009","3","10","71","0","2017","4","",11,347,355,352,2577123,99194,297,564,"",3.08,2.03,2.07,2.05,1.87,4.22,7.80,0.91,"",0,0.0,3,0.9,2,0.6,4,1.1,57798,2.3,7812,8.5,48,19.3,8,1.4
"46009","5","10","71","0","2017","4","",174,1153,1136,1147,10814258,1087833,6942,726,"",0.85,0.78,0.78,0.78,0.79,0.95,0.97,1.01,"",-6,-3.3,-11,-0.9,-12,-1.0,21,1.9,805586,8.0,-146929,-11.9,-3226,-31.7,54,8.0
"46011","0","10","70","0","2017","4","",1074,18649,18585,18313,197084467,18170141,125004,819,"",1.00,1.00,1.00,1.00,1.00,1.00,1.00,1.00,"",-2,-0.2,-387,-2.0,-510,-2.7,-376,-2.0,-2338547,-1.2,-1930582,-9.6,-122332,-49.5,9,1.1
"46011","1","10","71","0","2017","4","",16,131,130,135,1754620,0,0,1023,"",2.48,0.36,0.37,0.38,0.32,0.00,0.00,0.87,"",0,0.0,-3,-2.2,0,0.0,0,0.0,22393,1.3,0,0.0,0,0.0,21,2.1
"46011","2","10","71","0","2017","4","N",31,0,0,0,0,0,0,0,"N",4.12,0,0,0,0,0,0,0,"N",1,3.3,0,0,0,0,0,0,0,0,0,0,0,0,0,0
"46011","3","10","71","0","2017","4","N",20,0,0,0,0,0,0,0,"N",1.10,0,0,0,0,0,0,0,"N",0,0.0,0,0,0,0,0,0,0,0,0,0,0,0,0,0
"46011","5","10","71","0","2017","4","",1007,14160,14103,13887,146938911,18064988,124693,804,"",0.97,0.89,0.89,0.89,0.87,1.03,1.00,0.98,"",-3,-0.3,-411,-2.8,-496,-3.4,-365,-2.6,-2433164,-1.6,-1979955,-9.9,-122480,-49.6,10,1.3
"46013","0","10","70","0","2017","4","",1481,20680,20658,20646,225129691,22229970,140409,838,"",1.00,1.00,1.00,1.00,1.00,1.00,1.00,1.00,"",-9,-0.6,-357,-1.7,-429,-2.0,-363,-1.7,4384505,2.0,-2647636,-10.6,-20611,-12.8,31,3.8
"46013","1","10","71","0","2017","4","",29,467,457,462,8459273,0,0,1408,"",3.26,1.17,1.16,1.16,1.37,0.00,0.00,1.17,"",0,0.0,-20,-4.1,-23,-4.8,-16,-3.3,-209346,-2.4,0,0.0,0,0.0,24,1.7
"46013","2","10","71","0","2017","4","",37,816,833,825,9257174,0,0,863,"",3.57,1.23,1.26,1.25,1.26,0.00,0.00,1.01,"",1,2.8,-12,-1.4,1,0.1,-3,-0.4,38220,0.4,0,0.0,0,0.0,8,0.9
"46013","3","10","71","0","2017","4","",21,1704,1642,1664,14534195,199267,761,669,"",0.83,0.83,0.80,0.81,0.75,0.45,1.03,0.92,"",-1,-4.5,52,3.1,6,0.4,17,1.0,393484,2.8,-7017,-3.4,160,26.6,8,1.2
"46013","5","10","71","0","2017","4","",1394,17693,17726,17695,192879049,22030703,139648,838,"",0.97,1.01,1.01,1.01,1.00,1.02,1.00,0.99,"",-9,-0.6,-377,-2.1,-413,-2.3,-361,-2.0,4162147,2.2,-2640619,-10.7,-20771,-12.9,35,4.4
"46015","0","10","70","0","2017","4","",268,1938,1914,1897,16199048,2169939,13202,650,"",1.00,1.00,1.00,1.00,1.00,1.00,1.00,1.00,"",5,1.9,39,2.1,4,0.2,24,1.3,654887,4.2,121269,5.9,2085,18.8,19,3.0
"46015","1","10","71","0","2017","4","",8,38,36,35,449821,0,0,952,"",4.98,1.02,0.98,0.96,1.01,0.00,0.00,1.02,"",0,0.0,2,5.6,-1,-2.7,-5,-12.5,11909,2.7,0,0.0,0,0.0,58,6.5
"46015","2","10","71","0","2017","4","",12,55,57,57,574489,0,0,784,"",6.39,0.88,0.93,0.94,1.09,0.00,0.00,1.18,"",0,0.0,1,1.9,2,3.6,1,1.8,10164,1.8,0,0.0,0,0.0,-5,-0.6
"46015","3","10","71","0","2017","4","",7,304,306,311,2733706,1830,4,685,"",1.54,1.58,1.61,1.66,1.96,0.04,0.06,1.21,"",0,0.0,-8,-2.6,2,0.7,7,2.3,102313,3.9,-8335,-82.0,-18,-81.8,25,3.8
"46015","5","10","71","0","2017","4","",241,1541,1515,1494,12441032,2168109,13198,631,"",0.93,0.94,0.93,0.93,0.90,1.03,1.01,0.97,"",5,2.1,44,2.9,1,0.1,21,1.4,530501,4.5,129604,6.4,2103,19.0,18,2.9
"46017","0","10","70","0","2017","4","",30,521,512,520,5224468,581312,14342,776,"",1.00,1.00,1.00,1.00,1.00,1.00,1.00,1.00,"",4,15.4,1,0.2,-13,-2.5,-6,-1.1,193761,3.9,-142919,-19.7,-11168,-43.8,37,5.0
"46017","1","10","71","0","2017","4","",7,152,151,149,2535388,0,0,1294,"",38.90,15.16,15.41,14.87,17.66,0.00,0.00,1.17,"",0,0.0,3,2.0,2,1.3,-1,-0.7,120542,5.0,0,0.0,0,0.0,50,4.0
"46017","3","10","71","0","2017","4","",7,269,265,271,1976819,389643,12871,567,"",13.73,5.21,5.21,5.27,4.40,33.86,170.52,0.84,"",0,0.0,-20,-6.9,-25,-8.6,-19,-6.6,-48933,-2.4,-215190,-35.6,-12122,-48.5,29,5.4
"46017","5","10","71","0","2017","4","",16,100,96,100,712261,191669,1471,555,"",0.55,0.23,0.22,0.23,0.16,0.34,0.10,0.71,"",4,33.3,18,22.0,10,11.6,14,16.3,122152,20.7,72271,60.5,954,184.5,19,3.5
"46019","0","10","70","0","2017","4","",400,2888,2880,2826,25080674,3820178,24080,673,"",1.00,1.00,1.00,1.00,1.00,1.00,1.00,1.00,"",12,3.1,43,1.5,40,1.4,6,0.2,834930,3.4,331830,9.5,1111,4.8,15,2.3
"46019","1","10","71","0","2017","4","",8,50,43,43,609395,0,0,1034,"",3.33,0.90,0.78,0.79,0.88,0.00,0.00,1.07,"",0,0.0,3,6.4,0,0.0,-2,-4.4,42284,7.5,0,0.0,0,0.0,65,6.7
"46019","2","10","71","0","2017","4","",12,53,51,51,606144,0,0,902,"",4.28,0.57,0.55,0.57,0.74,0.00,0.00,1.31,"",1,9.1,0,0.0,-1,-1.9,-3,-5.6,1847,0.3,0,0.0,0,0.0,25,2.9
"46019","3","10","71","0","2017","4","",10,559,554,552,3753620,48001,173,520,"",1.47,1.95,1.94,1.97,1.74,0.63,1.37,0.89,"",0,0.0,16,2.9,12,2.2,26,4.9,233751,6.6,6759,16.4,-56,-24.5,16,3.2
"46019","5","10","71","0","2017","4","",370,2226,2232,2180,20111515,3772177,23907,699,"",0.95,0.91,0.91,0.91,0.94,1.02,1.00,1.03,"",11,3.1,24,1.1,29,1.3,-15,-0.7,557048,2.8,325071,9.4,1167,5.1,15,2.2
"46021","0","10","70","0","2017","4","",71,470,479,495,4292816,559195,2720,686,"",1.00,1.00,1.00,1.00,1.00,1.00,1.00,1.00,"",-3,-4.1,-15,-3.1,-2,-0.4,8,1.6,151945,3.7,18752,3.5,-687,-20.2,28,4.3
"46021","1","10","71","0","2017","4","",3,3,3,3,23336,0,0,598,"",7.04,0.33,0.33,0.31,0.20,0.00,0.00,0.61,"",0,0.0,0,0.0,0,0.0,0,0.0,1062,4.8,0,0.0,0,0.0,27,4.7
"46021","2","10","71","0","2017","4","N",3,0,0,0,0,0,0,0,"N",6.03,0,0,0,0,0,0,0,"N",0,0.0,0,0,0,0,0,0,0,0,0,0,0,0,0,0
"46021","3","10","71","0","2017","4","N",6,0,0,0,0,0,0,0,"N",4.97,0,0,0,0,0,0,0,"N",0,0.0,0,0,0,0,0,0,0,0,0,0,0,0,0,0
"46021","5","10","71","0","2017","4","",59,397,406,415,3789311,547403,2685,718,"",0.86,0.99,1.00,0.99,1.03,1.01,0.99,1.04,"",-3,-4.8,-14,-3.4,0,0.0,9,2.2,139110,3.8,9056,1.7,-716,-21.1,29,4.2
"46023","0","10","70","0","2017","4","",346,3421,3381,3400,30070448,2924088,20657,680,"",1.00,1.00,1.00,1.00,1.00,1.00,1.00,1.00,"",5,1.5,55,1.6,30,0.9,81,2.4,963432,3.3,52915,1.8,-4094,-16.5,11,1.6
"46023","1","10","71","0","2017","4","",13,191,191,187,3185095,0,0,1292,"",6.26,2.90,2.95,2.86,3.85,0.00,0.00,1.33,"",0,0.0,-2,-1.0,-4,-2.1,-17,-8.3,94346,3.1,0,0.0,0,0.0,87,7.2
"46023","2","10","71","0","2017","4","",12,48,42,41,425782,0,0,750,"",4.95,0.44,0.39,0.38,0.43,0.00,0.00,1.08,"",0,0.0,0,0.0,6,16.7,6,17.1,13876,3.4,0,0.0,0,0.0,-49,-6.1
"46023","3","10","71","0","2017","4","",27,1100,1095,1112,9061922,416874,6972,632,"",4.59,3.25,3.26,3.30,3.50,7.20,64.13,1.07,"",0,0.0,59,5.7,72,7.0,106,10.5,798353,9.7,-14984,-3.5,-3283,-32.0,11,1.8
"46023","5","10","71","0","2017","4","",294,2082,2053,2060,17397649,2507214,13685,648,"",0.88,0.72,0.71,0.71,0.68,0.89,0.67,0.95,"",5,1.7,-2,-0.1,-44,-2.1,-14,-0.7,56857,0.3,67899,2.8,-811,-5.6,8,1.2
"46025","0","10","70","0","2017","4","",166,1001,982,954,8869634,1300587,11932,697,"",1.00,1.00,1.00,1.00,1.00,1.00,1.00,1.00,"",1,0.6,-50,-4.8,-51,-4.9,-27,-2.8,-238089,-2.6,-62244,-4.6,-880,-6.9,11,1.6
"46025","1","10","71","0","2017","4","",9,28,22,21,280782,0,0,913,"",9.04,1.45,1.17,1.14,1.15,0.00,0.00,0.92,"",0,0.0,2,7.7,-1,-4.3,-7,-25.0,17970,6.8,0,0.0,0,0.0,125,15.9
"46025","2","10","71","0","2017","4","",9,9,9,8,87250,0,0,774,"",7.74,0.28,0.29,0.26,0.30,0.00,0.00,1.09,"",0,0.0,2,28.6,2,28.6,1,14.3,320,0.4,0,0.0,0,0.0,-181,-19.0
"46025","3","10","71","0","2017","4","",11,237,230,217,1470481,39462,149,496,"",3.90,2.39,2.36,2.30,1.93,1.53,2.37,0.82,"",1,10.0,1,0.4,3,1.3,2,0.9,25951,1.8,-16835,-29.9,-68,-31.3,4,0.8
"46025","5","10","71","0","2017","4","",137,727,721,708,7031121,1261125,11783,753,"",0.85,0.85,0.86,0.87,0.93,1.00,0.99,1.07,"",0,0.0,-55,-7.0,-55,-7.1,-23,-3.1,-282330,-3.9,-45409,-3.5,-812,-6.4,16,2.2
"46027","0","10","70","0","2017","4","",391,5947,5967,5917,55746087,5288498,35783,721,"",1.00,1.00,1.00,1.00,1.00,1.00,1.00,1.00,"",17,4.5,223,3.9,222,3.9,248,4.4,3288734,6.3,124618,2.4,1062,3.1,15,2.1
"46027","1","10","71","0","2017","4","",6,27,27,28,332303,0,0,935,"",2.56,0.24,0.24,0.25,0.22,0.00,0.00,0.91,"",0,0.0,0,0.0,1,3.8,0,0.0,-11115,-3.2,0,0.0,0,0.0,-43,-4.4
"46027","2","10","71","0","2017","4","N",24,0,0,0,0,0,0,0,"N",8.76,0,0,0,0,0,0,0,"N",1,4.3,0,0,0,0,0,0,0,0,0,0,0,0,0,0
"46027","3","10","71","0","2017","4","N",9,0,0,0,0,0,0,0,"N",1.35,0,0,0,0,0,0,0,"N",0,0.0,0,0,0,0,0,0,0,0,0,0,0,0,0,0
"46027","5","10","71","0","2017","4","",352,3580,3591,3576,26672866,5275082,35744,573,"",0.93,0.71,0.71,0.71,0.56,1.03,1.01,0.79,"",16,4.8,197,5.8,178,5.2,220,6.6,2592997,10.8,120465,2.3,1037,3.0,26,4.8
"46029","0","10","70","0","2017","4","",1220,15941,15983,16065,160566641,17410737,142726,772,"",1.00,1.00,1.00,1.00,1.00,1.00,1.00,1.00,"",-24,-1.9,-6,0.0,101,0.6,263,1.7,9126135,6.0,1099309,6.7,19911,16.2,38,5.2
"46029","1","10","71","0","2017","4","",16,194,194,189,3627628,0,0,1451,"",2.19,0.63,0.63,0.61,0.82,0.00,0.00,1.31,"",0,0.0,5,2.6,6,3.2,4,2.2,-254801,-6.6,0,0.0,0,0.0,-143,-9.0
"46029","2","10","71","0","2017","4","",32,170,170,165,1947096,0,0,890,"",3.74,0.33,0.33,0.32,0.37,0.00,0.00,1.13,"",0,0.0,1,0.6,-2,-1.2,-2,-1.2,-37157,-1.9,0,0.0,0,0.0,-11,-1.2
"46029","3","10","71","0","2017","4","",15,1822,1816,1859,17628327,223838,903,740,"",0.72,1.15,1.14,1.17,1.28,0.65,1.20,1.11,"",0,0.0,-68,-3.6,-40,-2.2,-49,-2.6,370393,2.1,-81829,-26.8,-340,-27.4,36,5.1
"46029","5","10","71","0","2017","4","",1157,13755,13803,13852,137363590,17186899,141823,765,"",0.98,1.02,1.02,1.01,1.00,1.02,1.00,0.99,"",-24,-2.0,56,0.4,137,1.0,310,2.3,9047700,7.1,1181138,7.4,20251,16.7,41,5.7
"46031","0","10","70","0","2017","4","",69,853,860,863,8048442,902562,15334,721,"",1.00,1.00,1.00,1.00,1.00,1.00,1.00,1.00,"",0,0.0,-2,-0.2,-13,-1.5,8,0.9,12784,0.2,-65456,-6.8,-2787,-15.4,3,0.4
"46031","1","10","71","0","2017","4","",9,73,76,77,1091103,0,0,1114,"",21.75,4.45,4.62,4.63,4.93,0.00,0.00,1.08,"",0,0.0,3,4.3,1,1.3,1,1.3,1230,0.1,0,0.0,0,0.0,-24,-2.1
"46031","2","10","71","0","2017","4","",5,10,10,10,70408,0,0,542,"",10.34,0.37,0.36,0.36,0.27,0.00,0.00,0.74,"",0,0.0,1,11.1,1,11.1,-1,-9.1,1086,1.6,0,0.0,0,0.0,-10,-1.8
"46031","3","10","71","0","2017","4","",13,554,556,551,4649617,542107,12820,646,"",11.08,6.55,6.51,6.45,6.72,30.34,158.86,1.03,"",0,0.0,-3,-0.5,-3,-0.5,-5,-0.9,-11317,-0.2,-87730,-13.9,-2719,-17.5,3,0.5
"46031","5","10","71","0","2017","4","",42,216,218,225,2237314,360455,2514,783,"",0.63,0.30,0.30,0.31,0.33,0.41,0.17,1.08,"",0,0.0,-3,-1.4,-12,-5.2,13,6.1,21785,1.0,22274,6.6,-68,-2.6,10,1.3
"46033","0","10","70","0","2017","4","",340,2355,1974,1955,18938108,2681143,23703,695,"",1.00,1.00,1.00,1.00,1.00,1.00,1.00,1.00,"",0,0.0,27,1.2,42,2.2,83,4.4,903118,5.0,186334,7.5,2976,14.4,16,2.4
"46033","1","10","71","0","2017","4","",7,152,142,153,2109303,0,0,1089,"",3.43,3.35,3.76,4.06,4.05,0.00,0.00,1.10,"",0,0.0,-2,-1.3,-1,-0.7,12,8.5,89498,4.4,0,0.0,0,0.0,25,2.3
"46033","2","10","71","0","2017","4","",21,112,87,82,1006721,0,0,827,"",8.81,1.48,1.38,1.32,1.63,0.00,0.00,1.17,"",0,0.0,5,4.7,-1,-1.1,1,1.2,-61915,-5.8,0,0.0,0,0.0,-67,-7.5
"46033","3","10","71","0","2017","4","",9,301,299,298,2309989,15980,60,594,"",1.56,1.29,1.53,1.54,1.42,0.30,0.48,0.99,"",0,0.0,-12,-3.8,-21,-6.6,-17,-5.4,47056,2.1,11679,271.5,45,300.0,43,7.8
"46033","5","10","71","0","2017","4","",303,1790,1446,1422,13512095,2665163,23643,669,"",0.92,0.89,0.86,0.86,0.84,1.03,1.00,0.96,"",0,0.0,36,2.1,65,4.7,87,6.5,828479,6.5,174655,7.0,2931,14.2,14,2.1
"46035","0","10","70","0","2017","4","",820,12153,12138,12054,123179908,13186630,71462,782,"",1.00,1.00,1.00,1.00,1.00,1.00,1.00,1.00,"",-6,-0.7,-331,-2.7,-272,-2.2,-254,-2.1,3675679,3.1,303595,2.4,-4486,-5.9,41,5.5
"46035","1","10","71","0","2017","4","",9,110,124,116,1511649,0,0,997,"",1.83,0.47,0.53,0.50,0.45,0.00,0.00,0.89,"",0,0.0,-13,-10.6,4,3.3,-6,-4.9,-44247,-2.8,0,0.0,0,0.0,13,1.3
"46035","2","10","71","0","2017","4","",28,171,167,167,2017838,0,0,922,"",4.87,0.44,0.43,0.43,0.50,0.00,0.00,1.16,"",0,0.0,3,1.8,-2,-1.2,2,1.2,-1541,-0.1,0,0.0,0,0.0,-6,-0.6
"46035","3","10","71","0","2017","4","",11,1088,1085,1063,9871679,14954,30,704,"",0.79,0.90,0.90,0.89,0.93,0.06,0.08,1.04,"",0,0.0,2,0.2,13,1.2,-2,-0.2,199144,2.1,1806,13.7,3,11.1,11,1.6
"46035","5","10","71","0","2017","4","",772,10784,10762,10708,109778742,13171676,71432,785,"",0.97,1.04,1.04,1.05,1.04,1.03,1.01,1.00,"",-6,-0.8,-323,-2.9,-287,-2.6,-248,-2.3,3522323,3.3,301789,2.3,-4489,-5.9,44,5.9
"46037","0","10","70","0","2017","4","",231,1943,1932,1873,15921460,1831321,19420,639,"",1.00,1.00,1.00,1.00,1.00,1.00,1.00,1.00,"",-1,-0.4,-11,-0.6,-11,-0.6,-80,-4.1,148431,0.9,-83759,-4.4,-4862,-20.0,17,2.7
"46037","1","10","71","0","2017","4","",12,63,59,59,708577,0,0,903,"",8.66,1.68,1.60,1.64,1.62,0.00,0.00,0.99,"",0,0.0,1,1.6,-5,-7.8,-4,-6.3,31154,4.6,0,0.0,0,0.0,76,9.2
"46037","2","10","71","0","2017","4","",14,38,36,35,368926,0,0,781,"",8.65,0.61,0.58,0.59,0.71,0.00,0.00,1.20,"",0,0.0,4,11.8,2,5.9,1,2.9,-2253,-0.6,0,0.0,0,0.0,-59,-7.0
"46037","3","10","71","0","2017","4","",16,362,357,347,2330405,210846,807,504,"",4.08,1.88,1.86,1.87,1.70,5.82,7.90,0.91,"",0,0.0,-5,-1.4,0,0.0,-17,-4.7,-25381,-1.1,-3213,-1.5,105,15.0,4,0.8
"46037","5","10","71","0","2017","4","",189,1480,1480,1432,12513552,1620475,18613,658,"",0.84,0.90,0.90,0.90,0.92,0.91,0.96,1.02,"",-1,-0.5,-11,-0.7,-8,-0.5,-60,-4.0,144911,1.2,-80546,-4.7,-4967,-21.1,20,3.1
"46039","0","10","70","0","2017","4","",179,1338,1323,1284,15817844,1054423,25564,925,"",1.00,1.00,1.00,1.00,1.00,1.00,1.00,1.00,"",-6,-3.2,-51,-3.7,-5,-0.4,14,1.1,-51856,-0.3,-251374,-19.3,3381,15.2,6,0.7
"46039","1","10","71","0","2017","4","",9,25,22,22,249711,0,0,835,"",8.38,0.97,0.87,0.89,0.57,0.00,0.00,0.63,"",0,0.0,4,19.0,0,0.0,-4,-15.4,4705,1.9,0,0.0,0,0.0,16,2.0
"46039","2","10","71","0","2017","4","",7,9,11,11,92686,0,0,690,"",5.58,0.21,0.26,0.27,0.18,0.00,0.00,0.73,"",0,0.0,-1,-10.0,0,0.0,-1,-8.3,-27854,-23.1,0,0.0,0,0.0,-153,-18.1
"46039","3","10","71","0","2017","4","",12,217,218,208,1443615,31090,67,518,"",3.94,1.64,1.66,1.64,1.06,1.49,0.50,0.65,"",0,0.0,-16,-6.9,-5,-2.2,-18,-8.0,34836,2.5,-11820,-27.5,-12,-15.2,41,8.6
"46039","5","10","71","0","2017","4","",151,1087,1072,1043,14031832,1023333,25497,1011,"",0.87,0.96,0.95,0.96,1.04,1.00,1.00,1.09,"",-6,-3.8,-38,-3.4,0,0.0,37,3.7,-63543,-0.5,-239554,-19.0,3393,15.4,-5,-0.5
"46041","0","10","70","0","2017","4","",143,2136,2166,2180,22369602,2005324,21625,796,"",1.00,1.00,1.00,1.00,1.00,1.00,1.00,1.00,"",2,1.4,-71,-3.2,-86,-3.8,-45,-2.0,-18040,-0.1,-461124,-18.7,-8555,-28.3,23,3.0
"46041","1","10","71","0","2017","4","",15,419,414,412,6535533,0,0,1211,"",17.49,10.19,9.99,9.81,10.63,0.00,0.00,1.06,"",1,7.1,9,2.2,12,3.0,-2,-0.5,430929,7.1,0,0.0,0,0.0,62,5.4
"46041","2","10","71","0","2017","4","",8,28,28,27,277279,0,0,771,"",7.98,0.41,0.40,0.39,0.38,0.00,0.00,0.95,"",0,0.0,-4,-12.5,-5,-15.2,-7,-20.6,-54970,-16.5,0,0.0,0,0.0,-3,-0.4
"46041","3","10","71","0","2017","4","",15,1082,1126,1132,9640626,969584,11798,666,"",6.17,5.11,5.24,5.25,5.01,24.42,103.66,0.96,"",0,0.0,-17,-1.5,-30,-2.6,-4,-0.4,240233,2.6,-25498,-2.6,-3951,-25.1,26,4.1
"46041","5","10","71","0","2017","4","",105,607,598,609,5916164,1035740,9827,753,"",0.76,0.33,0.32,0.33,0.31,0.53,0.46,0.94,"",1,1.0,-59,-8.9,-63,-9.5,-32,-5.0,-634232,-9.7,-435626,-29.6,-4604,-31.9,-15,-2.0
"46043","0","10","70","0","2017","4","",124,1037,1004,1009,9804486,1057703,4978,742,"",1.00,1.00,1.00,1.00,1.00,1.00,1.00,1.00,"",-2,-1.6,-117,-10.1,-136,-11.9,-166,-14.1,-937561,-8.7,16909,1.6,815,19.6,27,3.8
"46043","1","10","71","0","2017","4","",5,26,25,25,384405,0,0,1167,"",6.72,1.30,1.30,1.29,1.43,0.00,0.00,1.10,"",0,0.0,3,13.0,1,4.2,-1,-3.8,16868,4.6,0,0.0,0,0.0,5,0.4
"46043","2","10","71","0","2017","4","",4,7,10,7,77847,0,0,749,"",4.60,0.21,0.31,0.22,0.24,0.00,0.00,0.99,"",0,0.0,1,16.7,2,25.0,0,0.0,9385,13.7,0,0.0,0,0.0,-3,-0.4
"46043","3","10","71","0","2017","4","",8,189,175,170,1061353,13105,15,459,"",3.80,1.84,1.76,1.70,1.26,0.63,0.57,0.71,"",0,0.0,-1,-0.5,-5,-2.8,-25,-12.8,-106381,-9.1,448,3.5,-8,-34.8,-18,-3.8
"46043","5","10","71","0","2017","4","",107,815,794,807,8280881,1044598,4963,791,"",0.89,0.93,0.93,0.94,0.99,1.02,1.00,1.06,"",-2,-1.8,-120,-12.8,-134,-14.4,-140,-14.8,-857433,-9.4,16461,1.6,823,19.9,41,5.5
"46045","0","10","70","0","2017","4","",172,1168,1177,1161,11882147,1036648,5845,782,"",1.00,1.00,1.00,1.00,1.00,1.00,1.00,1.00,"",0,0.0,-58,-4.7,-27,-2.2,-28,-2.4,-70397,-0.6,-139411,-11.9,-106,-1.8,20,2.6
"46045","1","10","71","0","2017","4","",7,20,21,21,220328,0,0,820,"",6.79,0.89,0.93,0.94,0.67,0.00,0.00,0.73,"",0,0.0,-1,-4.8,0,0.0,-4,-16.0,-9725,-4.2,0,0.0,0,0.0,28,3.5
"46045","2","10","71","0","2017","4","",7,7,7,7,72743,0,0,799,"",5.81,0.19,0.19,0.19,0.19,0.00,0.00,1.00,"",0,0.0,-1,-12.5,-1,-12.5,-1,-12.5,-16346,-18.3,0,0.0,0,0.0,-58,-6.8
"46045","3","10","71","0","2017","4","",11,333,332,334,2580118,31292,79,596,"",3.76,2.88,2.84,2.91,2.53,1.52,2.57,0.88,"",0,0.0,1,0.3,12,3.8,8,2.5,226241,9.6,296,1.0,-45,-36.3,41,7.4
"46045","5","10","71","0","2017","4","",147,808,817,799,9008958,1005356,5766,858,"",0.88,0.81,0.82,0.81,0.89,1.00,0.99,1.09,"",0,0.0,-57,-6.6,-38,-4.4,-31,-3.7,-270567,-2.9,-139707,-12.2,-61,-1.0,18,2.1
"46047","0","10","70","0","2017","4","",300,2427,2369,2364,23360040,2474710,16926,753,"",1.00,1.00,1.00,1.00,1.00,1.00,1.00,1.00,"",4,1.4,-12,-0.5,-27,-1.1,14,0.6,1320675,6.0,38783,1.6,1881,12.5,45,6.4
"46047","1","10","71","0","2017","4","",11,491,472,479,7638830,0,0,1222,"",6.11,10.51,10.41,10.52,11.90,0.00,0.00,1.13,"",0,0.0,35,7.7,22,4.9,30,6.7,742949,10.8,0,0.0,0,0.0,48,4.1
"46047","2","10","71","0","2017","4","",18,183,181,177,1801636,0,0,769,"",8.56,2.35,2.39,2.35,2.36,0.00,0.00,1.00,"",0,0.0,7,4.0,8,4.6,5,2.9,43399,2.5,0,0.0,0,0.0,-10,-1.3
"46047","3","10","71","0","2017","4","",12,408,414,402,2940634,82840,505,554,"",2.35,1.70,1.76,1.72,1.46,1.69,5.67,0.85,"",0,0.0,-25,-5.8,-12,-2.8,-14,-3.4,-40125,-1.3,-21673,-20.7,59,13.2,14,2.6
"46047","5","10","71","0","2017","4","",259,1345,1302,1306,10978940,2391870,16421,641,"",0.89,0.65,0.65,0.65,0.55,1.00,0.98,0.85,"",4,1.6,-29,-2.1,-45,-3.3,-7,-0.5,574452,5.5,60456,2.6,1822,12.5,46,7.7
"46049","0","10","70","0","2017","4","",96,618,616,628,5101274,741771,3372,632,"",1.00,1.00,1.00,1.00,1.00,1.00,1.00,1.00,"",-2,-2.0,5,0.8,2,0.3,14,2.3,-86331,-1.7,15116,2.1,-106,-3.0,-18,-2.8
"46049","1","10","71","0","2017","4","",9,17,17,17,208547,0,0,944,"",15.63,1.43,1.44,1.41,1.49,0.00,0.00,1.04,"",0,0.0,3,21.4,-2,-10.5,-1,-5.6,29586,16.5,0,0.0,0,0.0,134,16.5
"46049","2","10","71","0","2017","4","",5,6,6,6,48782,0,0,625,"",7.43,0.30,0.30,0.30,0.29,0.00,0.00,0.97,"",0,0.0,0,0.0,0,0.0,0,0.0,-5191,-9.6,0,0.0,0,0.0,-67,-9.7
"46049","3","10","71","0","2017","4","",8,117,118,124,792665,7783,20,510,"",4.90,1.91,1.93,2.00,1.81,0.53,1.13,0.93,"",0,0.0,-10,-7.9,-2,-1.7,-1,-0.8,71575,9.9,481,6.6,2,11.1,63,14.1
"46049","5","10","71","0","2017","4","",74,478,475,481,4051280,733988,3352,652,"",0.79,0.91,0.91,0.90,0.93,1.02,1.00,1.03,"",-2,-2.6,12,2.6,6,1.3,16,3.4,-182301,-4.3,14635,2.0,-108,-3.1,-46,-6.6
"46051","0","10","70","0","2017","4","",357,3803,3774,3768,39518596,3837097,34872,804,"",1.00,1.00,1.00,1.00,1.00,1.00,1.00,1.00,"",-4,-1.1,-52,-1.3,-43,-1.1,-71,-1.8,784928,2.0,-583379,-13.2,-22641,-39.4,27,3.5
"46051","1","10","71","0","2017","4","",7,29,28,29,307462,0,0,825,"",3.27,0.40,0.39,0.40,0.28,0.00,0.00,0.72,"",0,0.0,-2,-6.5,-2,-6.7,-1,-3.3,-17643,-5.4,0,0.0,0,0.0,1,0.1
"46051","2","10","71","0","2017","4","",13,15,15,16,172651,0,0,866,"",5.20,0.12,0.12,0.13,0.13,0.00,0.00,1.06,"",0,0.0,-2,-11.8,-3,-16.7,-2,-11.1,-17200,-9.1,0,0.0,0,0.0,39,4.7
"46051","3","10","71","0","2017","4","",11,313,308,328,2401127,38174,416,584,"",1.81,0.83,0.82,0.88,0.71,0.50,2.27,0.84,"",-1,-8.3,-25,-7.4,-24,-7.2,-29,-8.1,-125411,-5.0,-20094,-34.5,-60,-12.6,16,2.8
"46051","5","10","71","0","2017","4","",326,3446,3423,3395,36637356,3798923,34456,824,"",0.94,1.07,1.07,1.06,1.09,1.02,0.99,1.02,"",-3,-0.9,-23,-0.7,-14,-0.4,-39,-1.1,945182,2.6,-563285,-12.9,-22581,-39.6,27,3.4
"46053","0","10","70","0","2017","4","",235,1572,1574,1544,13005817,1888458,10068,640,"",1.00,1.00,1.00,1.00,1.00,1.00,1.00,1.00,"",3,1.3,-3,-0.2,9,0.6,-1,-0.1,277513,2.2,-58955,-3.0,-3490,-25.7,13,2.1
"46053","1","10","71","0","2017","4","",7,29,28,27,324626,0,0,892,"",4.97,0.96,0.93,0.91,0.91,0.00,0.00,0.97,"",0,0.0,-3,-9.4,0,0.0,-5,-15.6,19582,6.4,0,0.0,0,0.0,127,16.6
"46053","2","10","71","0","2017","4","",8,11,13,11,124888,0,0,823,"",4.86,0.22,0.26,0.22,0.29,0.00,0.00,1.26,"",0,0.0,0,0.0,-1,-7.1,-1,-8.3,-2072,-1.6,0,0.0,0,0.0,31,3.9
"46053","3","10","71","0","2017","4","",12,221,241,258,1799208,15170,22,577,"",3.00,1.42,1.54,1.69,1.61,0.41,0.42,1.04,"",0,0.0,-10,-4.3,14,6.2,-2,-0.8,32179,1.8,-15698,-50.9,-32,-59.3,9,1.6
"46053","5","10","71","0","2017","4","",208,1311,1292,1248,10757095,1873288,10046,645,"",0.91,0.98,0.97,0.95,0.97,1.03,1.00,1.00,"",3,1.5,10,0.8,-4,-0.3,7,0.6,227824,2.2,-43257,-2.3,-3458,-25.6,12,1.9
"46055","0","10","70","0","2017","4","",107,827,799,778,7759342,729476,6163,745,"",1.00,1.00,1.00,1.00,1.00,1.00,1.00,1.00,"",-1,-0.9,23,2.9,-29,-3.5,-32,-4.0,551771,7.7,-33867,-4.4,1173,23.5,64,9.4
"46055","1","10","71","0","2017","4","",6,20,19,19,302752,0,0,1205,"",9.35,1.26,1.24,1.27,1.42,0.00,0.00,1.13,"",0,0.0,2,11.1,-1,-5.0,-4,-17.4,7969,2.7,0,0.0,0,0.0,90,8.1
"46055","2","10","71","0","2017","4","",5,10,8,8,85117,0,0,755,"",6.67,0.38,0.31,0.32,0.34,0.00,0.00,0.99,"",0,0.0,1,11.1,-1,-11.1,-1,-11.1,-8825,-9.4,0,0.0,0,0.0,-48,-6.0
"46055","3","10","71","0","2017","4","",5,94,88,86,739751,0,0,637,"",2.75,1.15,1.11,1.12,1.11,0.00,0.00,0.99,"",0,0.0,-1,-1.1,-3,-3.3,-1,-1.1,32411,4.6,0,0.0,0,0.0,39,6.5
"46055","5","10","71","0","2017","4","",91,703,684,665,6631722,729476,6163,746,"",0.88,1.00,1.01,1.01,1.00,1.03,1.01,1.00,"",-1,-1.1,21,3.1,-24,-3.4,-26,-3.8,520216,8.5,-33867,-4.4,1173,23.5,68,10.0
"46057","0","10","70","0","2017","4","",231,1929,1926,1891,19604944,2425544,22515,787,"",1.00,1.00,1.00,1.00,1.00,1.00,1.00,1.00,"",-5,-2.1,-43,-2.2,-34,-1.7,-39,-2.0,1215087,6.6,177620,7.9,-7705,-25.5,63,8.7
"46057","1","10","71","0","2017","4","",8,15,15,15,164735,0,0,845,"",5.77,0.40,0.41,0.41,0.31,0.00,0.00,0.75,"",0,0.0,-1,-6.2,-5,-25.0,-3,-16.7,11509,7.5,0,0.0,0,0.0,190,29.0
"46057","2","10","71","0","2017","4","",7,5,6,6,48237,0,0,655,"",4.32,0.08,0.10,0.10,0.08,0.00,0.00,0.82,"",0,0.0,-1,-16.7,0,0.0,-2,-25.0,-7657,-13.7,0,0.0,0,0.0,10,1.6
"46057","3","10","71","0","2017","4","",16,442,472,448,3354260,37880,141,568,"",4.08,2.31,2.47,2.39,1.99,0.79,1.19,0.83,"",0,0.0,-27,-5.8,-13,-2.7,-23,-4.9,-22487,-0.7,-8825,-18.9,-57,-28.8,21,3.8
"46057","5","10","71","0","2017","4","",200,1467,1433,1422,16037712,2387664,22374,856,"",0.89,0.90,0.88,0.88,0.96,1.02,1.00,1.08,"",-5,-2.4,-14,-0.9,-16,-1.1,-11,-0.8,1233722,8.3,186445,8.5,-7648,-25.5,73,9.3
"46059","0","10","70","0","2017","4","",166,1467,1464,1457,14697155,1745115,7681,773,"",1.00,1.00,1.00,1.00,1.00,1.00,1.00,1.00,"",9,5.7,38,2.7,82,5.9,97,7.1,1815118,14.1,342214,24.4,2022,35.7,60,8.4
"46059","1","10","71","0","2017","4","",6,18,18,17,212627,0,0,926,"",6.03,0.64,0.64,0.61,0.53,0.00,0.00,0.84,"",0,0.0,1,5.9,-2,-10.0,-2,-10.5,3733,1.8,0,0.0,0,0.0,65,7.5
"46059","2","10","71","0","2017","4","",6,10,8,8,81090,0,0,720,"",5.16,0.21,0.17,0.17,0.17,0.00,0.00,0.91,"",0,0.0,2,25.0,0,0.0,0,0.0,-77,-0.1,0,0.0,0,0.0,-60,-7.7
"46059","3","10","71","0","2017","4","",8,202,206,202,1600921,20179,57,606,"",2.84,1.39,1.42,1.40,1.27,0.58,1.41,0.90,"",0,0.0,-9,-4.3,-12,-5.5,-2,-1.0,54371,3.5,-2278,-10.1,-22,-27.8,42,7.4
"46059","5","10","71","0","2017","4","",146,1237,1232,1230,12802517,1724936,7624,799,"",0.91,0.99,0.99,0.99,1.02,1.02,1.00,1.03,"",9,6.6,44,3.7,96,8.5,101,8.9,1757091,15.9,344492,25.0,2044,36.6,62,8.4
"46061","0","10","70","0","2017","4","",95,610,622,624,6251663,748713,5414,777,"",1.00,1.00,1.00,1.00,1.00,1.00,1.00,1.00,"",-4,-4.0,-18,-2.9,10,1.6,10,1.6,233202,3.9,74216,11.0,-830,-13.3,28,3.7
"46061","1","10","71","0","2017","4","",3,4,3,3,24251,0,0,560,"",5.27,0.34,0.25,0.25,0.14,0.00,0.00,0.50,"",0,0.0,0,0.0,-1,-25.0,-1,-25.0,481,2.0,0,0.0,0,0.0,103,22.5
"46061","2","10","71","0","2017","4","",3,3,3,3,38427,0,0,985,"",4.51,0.15,0.15,0.15,0.19,0.00,0.00,1.24,"",0,0.0,0,0.0,0,0.0,0,0.0,-3910,-9.2,0,0.0,0,0.0,-101,-9.3
"46061","3","10","71","0","2017","4","",7,193,197,199,1343971,69607,183,527,"",4.34,3.19,3.19,3.22,2.50,4.70,6.42,0.78,"",0,0.0,2,1.0,16,8.8,12,6.4,696,0.1,-9623,-12.1,-19,-9.4,-28,-5.0
"46061","5","10","71","0","2017","4","",82,410,419,419,4845014,679106,5231,896,"",0.89,0.79,0.79,0.79,0.91,0.94,0.97,1.15,"",-4,-4.7,-20,-4.7,-5,-1.2,-1,-0.2,235935,5.1,83839,14.1,-811,-13.4,61,7.3
"46063","0","10","70","0","2017","4","",66,463,462,452,4339241,504398,2318,727,"",1.00,1.00,1.00,1.00,1.00,1.00,1.00,1.00,"",2,3.1,16,3.6,27,6.2,21,4.9,110948,2.6,59339,13.3,-1379,-37.3,-16,-2.2
"46063","1","10","71","0","2017","4","",7,24,22,21,247298,0,0,852,"",17.68,2.69,2.49,2.41,2.07,0.00,0.00,0.82,"",0,0.0,3,14.3,3,15.8,3,16.7,4084,1.7,0,0.0,0,0.0,-116,-12.0
"46063","2","10","71","0","2017","4","",4,8,7,9,62628,0,0,602,"",8.65,0.54,0.47,0.62,0.44,0.00,0.00,0.81,"",0,0.0,-1,-11.1,0,0.0,2,28.6,-3895,-5.9,0,0.0,0,0.0,-65,-9.7
"46063","3","10","71","0","2017","4","",5,92,99,95,687958,0,0,555,"",4.46,2.01,2.16,2.12,1.84,0.00,0.00,0.88,"",0,0.0,0,0.0,8,8.8,3,3.3,26507,4.0,0,0.0,0,0.0,0,0.0
"46063","5","10","71","0","2017","4","",50,339,334,327,3341357,504398,2318,771,"",0.78,0.86,0.85,0.85,0.90,1.03,1.01,1.05,"",2,4.2,14,4.3,16,5.0,13,4.1,84252,2.6,59339,13.3,-1379,-37.3,-14,-1.8
"46065","0","10","70","0","2017","4","",860,10763,10661,10691,118111141,8981697,57087,849,"",1.00,1.00,1.00,1.00,1.00,1.00,1.00,1.00,"",14,1.7,-138,-1.3,-248,-2.3,-212,-1.9,1125642,1.0,-1256844,-12.3,-34513,-37.7,24,2.9
"46065","1","10","71","0","2017","4","",28,266,264,268,5118129,0,0,1480,"",5.43,1.28,1.29,1.30,1.58,0.00,0.00,1.22,"",0,0.0,-6,-2.2,-5,-1.9,-8,-2.9,74092,1.5,0,0.0,0,0.0,55,3.9
"46065","2","10","71","0","2017","4","",59,2907,2899,2928,37320640,0,0,986,"",9.79,8.41,8.49,8.59,9.68,0.00,0.00,1.14,"",0,0.0,20,0.7,11,0.4,46,1.6,107790,0.3,0,0.0,0,0.0,-6,-0.6
"46065","3","10","71","0","2017","4","",15,796,773,769,7937487,33646,567,783,"",1.03,0.75,0.73,0.73,0.78,0.19,1.89,1.06,"",1,7.1,-30,-3.6,-33,-4.1,-42,-5.2,-8405,-0.1,-248135,-88.1,-3634,-86.5,32,4.3
"46065","5","10","71","0","2017","4","",758,6794,6725,6726,67734885,8948051,56520,772,"",0.91,0.74,0.74,0.74,0.67,1.03,1.00,0.90,"",13,1.7,-122,-1.8,-221,-3.2,-208,-3.0,952165,1.4,-1008709,-10.1,-30879,-35.3,31,4.2
"46067","0","10","70","0","2017","4","",272,2614,2560,2610,25325814,2483214,13028,751,"",1.00,1.00,1.00,1.00,1.00,1.00,1.00,1.00,"",0,0.0,24,0.9,-5,-0.2,-5,-0.2,1498406,6.3,253173,11.4,1487,12.9,43,6.1
"46067","1","10","71","0","2017","4","",9,39,38,37,437910,0,0,886,"",5.52,0.78,0.78,0.74,0.63,0.00,0.00,0.82,"",0,0.0,-3,-7.1,-1,-2.6,-8,-17.8,-2969,-0.7,0,0.0,0,0.0,79,9.8
"46067","2","10","71","0","2017","4","",10,8,9,8,93479,0,0,863,"",5.25,0.10,0.11,0.10,0.11,0.00,0.00,1.13,"",0,0.0,0,0.0,0,0.0,-2,-20.0,-801,-0.8,0,0.0,0,0.0,57,7.1
"46067","3","10","71","0","2017","4","",21,420,413,413,2808732,86707,258,520,"",4.54,1.62,1.62,1.60,1.29,1.76,3.76,0.80,"",0,0.0,-4,-0.9,-4,-1.0,5,1.2,7745,0.3,18792,27.7,24,10.3,2,0.4
"46067","5","10","71","0","2017","4","",232,2147,2100,2152,21985693,2396507,12770,793,"",0.88,0.97,0.97,0.97,1.02,1.00,0.99,1.05,"",0,0.0,31,1.5,0,0.0,0,0.0,1494431,7.3,234381,10.8,1463,12.9,50,6.7
"46069","0","10","70","0","2017","4","",65,539,544,549,5478855,481135,2566,775,"",1.00,1.00,1.00,1.00,1.00,1.00,1.00,1.00,"",2,3.2,-5,-0.9,9,1.7,9,1.7,-5332,-0.1,28680,6.3,301,13.3,-7,-0.9
"46069","1","10","71","0","2017","4","",3,5,8,5,94667,0,0,1214,"",7.70,0.48,0.77,0.47,0.63,0.00,0.00,1.10,"",0,0.0,-2,-28.6,1,14.3,-5,-50.0,9001,10.5,0,0.0,0,0.0,390,47.3
"46069","2","10","71","0","2017","4","N",3,0,0,0,0,0,0,0,"N",6.59,0,0,0,0,0,0,0,"N",0,0.0,0,0,0,0,0,0,0,0,0,0,0,0,0,0
"46069","3","10","71","0","2017","4","N",5,0,0,0,0,0,0,0,"N",4.53,0,0,0,0,0,0,0,"N",0,0.0,0,0,0,0,0,0,0,0,0,0,0,0,0,0
"46069","5","10","71","0","2017","4","",54,354,355,359,3789059,478533,2563,819,"",0.86,0.77,0.77,0.77,0.81,1.03,1.01,1.05,"",2,3.8,-9,-2.5,3,0.9,9,2.6,-171577,-4.3,28480,6.3,300,13.3,-39,-4.5
"46071","0","10","70","0","2017","4","",84,736,674,712,5443437,606376,8232,592,"",1.00,1.00,1.00,1.00,1.00,1.00,1.00,1.00,"",0,0.0,30,4.2,34,5.3,30,4.4,439054,8.8,-6453,-1.1,2628,46.9,23,4.0
"46071","1","10","71","0","2017","4","",6,107,85,101,1442363,0,0,1136,"",11.91,7.55,6.59,7.36,9.64,0.00,0.00,1.34,"",0,0.0,-8,-7.0,-13,-13.3,-5,-4.7,101241,7.5,0,0.0,0,0.0,166,17.1
"46071","2","10","71","0","2017","4","",7,14,13,13,141714,0,0,818,"",11.89,0.59,0.60,0.57,0.80,0.00,0.00,1.35,"",0,0.0,1,7.7,2,18.2,1,8.3,-11192,-7.3,0,0.0,0,0.0,-162,-16.5
"46071","3","10","71","0","2017","4","",8,237,246,245,1916674,6706,32,608,"",5.60,3.25,3.68,3.48,4.09,0.56,0.74,1.18,"",0,0.0,31,15.0,33,15.5,23,10.4,245115,14.7,-1180,-15.0,-18,-36.0,6,1.0
"46071","5","10","71","0","2017","4","",63,378,330,353,1942686,599670,8200,423,"",0.77,0.60,0.58,0.58,0.42,1.02,1.00,0.71,"",0,0.0,6,1.6,12,3.8,11,3.2,103890,5.6,-5273,-0.9,2646,47.6,12,2.9
"46073","0","10","70","0","2017","4","",109,1571,1553,1542,13750078,2001772,11558,680,"",1.00,1.00,1.00,1.00,1.00,1.00,1.00,1.00,"",-2,-1.8,195,14.2,184,13.4,190,14.1,2109284,18.1,682284,51.7,4190,56.9,24,3.7
"46073","1","10","71","0","2017","4","",4,12,9,9,114796,0,0,883,"",6.12,0.40,0.30,0.30,0.30,0.00,0.00,0.91,"",0,0.0,3,33.3,-1,-10.0,-2,-18.2,3141,2.8,0,0.0,0,0.0,24,2.8
"46073","2","10","71","0","2017","4","N",4,0,0,0,0,0,0,0,"N",5.24,0,0,0,0,0,0,0,"N",0,0.0,0,0,0,0,0,0,0,0,0,0,0,0,0,0
"46073","3","10","71","0","2017","4","N",7,0,0,0,0,0,0,0,"N",3.78,0,0,0,0,0,0,0,"N",0,0.0,0,0,0,0,0,0,0,0,0,0,0,0,0,0
"46073","5","10","71","0","2017","4","",94,1435,1417,1401,12793446,1954337,11454,694,"",0.89,1.08,1.07,1.07,1.09,1.01,1.00,1.02,"",-2,-2.1,190,15.3,184,14.9,190,15.7,2135253,20.0,693050,54.9,4196,57.8,27,4.0
"46075","0","10","70","0","2017","4","",70,421,404,389,3116686,491936,2478,592,"",1.00,1.00,1.00,1.00,1.00,1.00,1.00,1.00,"",0,0.0,-9,-2.1,-6,-1.5,-33,-7.8,-86922,-2.7,-44624,-8.3,-115,-4.4,6,1.0
"46075","1","10","71","0","2017","4","",4,8,8,8,96617,0,0,929,"",9.53,0.99,1.03,1.07,1.13,0.00,0.00,1.10,"",0,0.0,0,0.0,0,0.0,-4,-33.3,7900,8.9,0,0.0,0,0.0,198,27.1
"46075","2","10","71","0","2017","4","",4,11,11,11,124422,0,0,870,"",8.16,0.81,0.85,0.89,1.22,0.00,0.00,1.44,"",0,0.0,2,22.2,0,0.0,-1,-8.3,-1703,-1.4,0,0.0,0,0.0,-40,-4.4
"46075","3","10","71","0","2017","4","",9,117,108,108,812568,32180,160,563,"",7.56,2.80,2.69,2.81,3.03,3.30,12.27,1.10,"",0,0.0,10,9.3,1,0.9,-2,-1.8,16862,2.1,-16872,-34.4,-277,-63.4,-4,-0.7
"46075","5","10","71","0","2017","4","",53,285,277,262,2083079,459756,2318,583,"",0.78,0.80,0.81,0.79,0.78,0.97,0.94,0.98,"",0,0.0,-21,-6.9,-7,-2.5,-26,-9.0,-109981,-5.0,-27752,-5.7,162,7.5,7,1.2
"46077","0","10","70","0","2017","4","",222,1632,1619,1656,15711182,1658861,13156,739,"",1.00,1.00,1.00,1.00,1.00,1.00,1.00,1.00,"",3,1.4,-129,-7.3,-104,-6.0,-87,-5.0,-946728,-5.7,-373937,-18.4,-5273,-28.6,4,0.5
"46077","1","10","71","0","2017","4","",9,33,33,34,363486,0,0,839,"",6.76,1.05,1.07,1.07,0.84,0.00,0.00,0.79,"",0,0.0,-1,-2.9,0,0.0,-4,-10.5,-25587,-6.6,0,0.0,0,0.0,-16,-1.9
"46077","2","10","71","0","2017","4","",9,14,11,13,117269,0,0,712,"",5.79,0.27,0.21,0.25,0.23,0.00,0.00,0.94,"",0,0.0,0,0.0,-1,-8.3,2,18.2,-3417,-2.8,0,0.0,0,0.0,-41,-5.4
"46077","3","10","71","0","2017","4","",13,264,255,278,1999165,70591,231,579,"",3.45,1.63,1.59,1.70,1.48,2.15,3.34,0.90,"",0,0.0,-10,-3.6,3,1.2,19,7.3,59886,3.1,1901,2.8,62,36.7,9,1.6
"46077","5","10","71","0","2017","4","",191,1321,1320,1331,13231262,1588270,12925,769,"",0.89,0.95,0.96,0.95,0.99,0.99,0.99,1.03,"",3,1.6,-118,-8.2,-106,-7.4,-104,-7.2,-977610,-6.9,-375838,-19.1,-5335,-29.2,6,0.8
"46079","0","10","70","0","2017","4","",474,4964,4986,4933,51262529,4678663,37971,795,"",1.00,1.00,1.00,1.00,1.00,1.00,1.00,1.00,"",8,1.7,29,0.6,95,1.9,124,2.6,2317250,4.7,408605,9.6,5891,18.4,23,3.0
"46079","1","10","71","0","2017","4","",10,54,56,57,761086,0,0,1052,"",3.52,0.57,0.59,0.60,0.54,0.00,0.00,0.93,"",0,0.0,-9,-14.3,0,0.0,-4,-6.6,2095,0.3,0,0.0,0,0.0,79,8.1
"46079","2","10","71","0","2017","4","",21,386,389,390,5124066,0,0,1015,"",6.32,2.42,2.44,2.48,3.06,0.00,0.00,1.25,"",0,0.0,2,0.5,2,0.5,10,2.6,321511,6.7,0,0.0,0,0.0,52,5.4
"46079","3","10","71","0","2017","4","",12,614,603,600,4751812,138331,516,604,"",1.49,1.25,1.22,1.23,1.08,1.49,2.58,0.88,"",-1,-7.7,18,3.0,7,1.2,8,1.4,46751,1.0,6161,4.7,81,18.6,-5,-0.8
"46079","5","10","71","0","2017","4","",431,3910,3938,3886,40625565,4540332,37455,799,"",0.94,0.93,0.93,0.93,0.93,1.00,0.99,1.00,"",9,2.1,18,0.5,86,2.2,110,2.9,1946893,5.0,402444,9.7,5810,18.4,24,3.1
"46081","0","10","70","0","2017","4","",1203,11780,11560,11529,103484843,14183983,105016,685,"",1.00,1.00,1.00,1.00,1.00,1.00,1.00,1.00,"",26,2.2,19,0.2,1,0.0,30,0.3,3818649,3.8,-2027,0.0,13959,15.3,24,3.6
"46081","1","10","71","0","2017","4","",8,173,168,153,2159036,0,0,1009,"",1.11,0.76,0.76,0.69,0.76,0.00,0.00,1.03,"",0,0.0,-9,-4.9,-1,-0.6,-8,-5.0,-3872,-0.2,0,0.0,0,0.0,34,3.5
"46081","2","10","71","0","2017","4","",31,627,636,643,6737395,0,0,816,"",3.68,1.66,1.72,1.75,1.99,0.00,0.00,1.17,"",1,3.3,30,5.0,33,5.5,29,4.7,9452,0.1,0,0.0,0,0.0,-40,-4.7
"46081","3","10","71","0","2017","4","",11,933,913,923,8462382,70030,277,705,"",0.54,0.80,0.80,0.81,0.95,0.25,0.50,1.19,"",0,0.0,-3,-0.3,-3,-0.3,10,1.1,207209,2.5,22605,47.7,91,48.9,16,2.3
"46081","5","10","71","0","2017","4","",1153,10047,9843,9810,86126030,14113953,104739,669,"",0.99,1.00,1.00,1.00,0.97,1.03,1.00,0.97,"",25,2.2,1,0.0,-28,-0.3,-1,0.0,3605860,4.4,-24632,-0.2,13868,15.3,28,4.4
"46083","0","10","70","0","2017","4","",1954,22418,22349,22351,287586495,27070294,241324,989,"",1.00,1.00,1.00,1.00,1.00,1.00,1.00,1.00,"",54,2.8,1212,5.7,1235,5.8,1268,6.0,24335350,9.2,2292823,9.3,38065,18.7,31,3.2
"46083","1","10","71","0","2017","4","",10,57,57,57,716659,0,0,967,"",0.85,0.13,0.13,0.13,0.09,0.00,0.00,0.68,"",0,0.0,4,7.5,4,7.5,0,0.0,80474,12.6,0,0.0,0,0.0,66,7.3
"46083","2","10","71","0","2017","4","",13,40,38,34,351708,0,0,725,"",0.95,0.06,0.05,0.05,0.04,0.00,0.00,0.72,"",0,0.0,1,2.6,0,0.0,1,3.0,9905,2.9,0,0.0,0,0.0,8,1.1
"46083","3","10","71","0","2017","4","",32,1681,1681,1685,14740678,75387,241,674,"",0.96,0.76,0.76,0.76,0.60,0.14,0.19,0.79,"",0,0.0,74,4.6,65,4.0,70,4.3,960162,7.0,-9337,-11.0,-32,-11.7,17,2.6
"46083","5","10","71","0","2017","4","",1899,20640,20573,20575,271777450,26994907,241083,1015,"",1.00,1.08,1.08,1.08,1.11,1.03,1.01,1.02,"",54,2.9,1133,5.8,1166,6.0,1197,6.2,23284809,9.4,2302160,9.3,38097,18.8,31,3.2
"46085","0","10","70","0","2017","4","",125,1429,1416,1381,11011361,1900769,19589,601,"",1.00,1.00,1.00,1.00,1.00,1.00,1.00,1.00,"",3,2.5,-58,-3.9,-50,-3.4,-49,-3.4,-124874,-1.1,-98243,-4.9,2986,18.0,15,2.6
"46085","1","10","71","0","2017","4","",10,80,76,77,1226413,0,0,1215,"",13.34,2.91,2.80,2.89,4.05,0.00,0.00,1.41,"",0,0.0,1,1.3,-2,-2.6,-3,-3.8,-66704,-5.2,0,0.0,0,0.0,-44,-3.5
"46085","2","10","71","0","2017","4","",6,10,10,10,94826,0,0,729,"",6.85,0.22,0.22,0.23,0.26,0.00,0.00,1.19,"",0,0.0,-1,-9.1,-1,-9.1,-1,-9.1,-19434,-17.0,0,0.0,0,0.0,-70,-8.8
"46085","3","10","71","0","2017","4","",14,589,586,580,4694821,551720,10491,617,"",6.59,4.16,4.17,4.24,4.96,14.66,101.76,1.18,"",0,0.0,-4,-0.7,-8,-1.3,-18,-3.0,35262,0.8,-40648,-6.9,2256,27.4,15,2.5
"46085","5","10","71","0","2017","4","",95,750,744,714,4995301,1349049,9098,522,"",0.78,0.62,0.62,0.61,0.53,0.73,0.47,0.86,"",3,3.3,-54,-6.7,-39,-5.0,-27,-3.6,-73998,-1.5,-57595,-4.1,730,8.7,19,3.8
"46087","0","10","70","0","2017","4","",224,1288,1283,1249,11983450,1411912,8196,724,"",1.00,1.00,1.00,1.00,1.00,1.00,1.00,1.00,"",-8,-3.4,-56,-4.2,-39,-3.0,-81,-6.1,-239874,-2.0,-163660,-10.4,-5803,-41.5,18,2.5
"46087","1","10","71","0","2017","4","",7,23,23,23,220230,0,0,737,"",5.21,0.93,0.94,0.96,0.67,0.00,0.00,0.71,"",-1,-12.5,-2,-8.0,-3,-11.5,-6,-20.7,-80065,-26.7,0,0.0,0,0.0,-129,-14.9
"46087","2","10","71","0","2017","4","",9,18,17,15,157432,0,0,727,"",5.73,0.44,0.41,0.38,0.40,0.00,0.00,0.98,"",0,0.0,0,0.0,2,13.3,0,0.0,1347,0.9,0,0.0,0,0.0,-23,-3.1
"46087","3","10","71","0","2017","4","",10,247,247,245,1876022,86420,277,586,"",2.63,1.94,1.94,1.98,1.82,3.09,6.42,0.93,"",0,0.0,-6,-2.4,5,2.1,-2,-0.8,54591,3.0,-163,-0.2,43,18.4,20,3.5
"46087","5","10","71","0","2017","4","",198,1000,996,966,9729766,1325492,7919,758,"",0.91,0.91,0.91,0.91,0.95,0.97,0.97,1.04,"",-7,-3.4,-48,-4.6,-43,-4.1,-73,-7.0,-215747,-2.2,-163497,-11.0,-5846,-42.5,24,3.3
"46089","0","10","70","0","2017","4","",91,602,614,628,5008356,487522,3772,627,"",1.00,1.00,1.00,1.00,1.00,1.00,1.00,1.00,"",2,2.2,-3,-0.5,21,3.5,24,4.0,227172,4.8,15223,3.2,925,32.5,15,2.5
"46089","1","10","71","0","2017","4","",4,12,11,10,138784,0,0,971,"",7.33,1.04,0.94,0.83,1.01,0.00,0.00,1.08,"",0,0.0,1,9.1,0,0.0,-4,-28.6,-9033,-6.1,0,0.0,0,0.0,23,2.4
"46089","2","10","71","0","2017","4","N",2,0,0,0,0,0,0,0,"N",3.14,0,0,0,0,0,0,0,"N",0,0.0,0,0,0,0,0,0,0,0,0,0,0,0,0,0
"46089","3","10","71","0","2017","4","N",10,0,0,0,0,0,0,0,"N",6.47,0,0,0,0,0,0,0,"N",0,0.0,0,0,0,0,0,0,0,0,0,0,0,0,0,0
"46089","5","10","71","0","2017","4","",75,430,440,450,3656290,468393,3726,639,"",0.85,0.84,0.84,0.84,0.85,0.99,0.99,1.01,"",2,2.7,-5,-1.1,11,2.6,14,3.2,142561,4.1,4744,1.0,894,31.6,15,2.4
"46091","0","10","70","0","2017","4","",189,1628,1600,1614,16077675,1641774,11870,766,"",1.00,1.00,1.00,1.00,1.00,1.00,1.00,1.00,"",-4,-2.1,-24,-1.5,-18,-1.1,-8,-0.5,658145,4.3,42766,2.7,-2173,-15.5,39,5.4
"46091","1","10","71","0","2017","4","",7,23,22,25,218847,0,0,721,"",6.18,0.73,0.72,0.80,0.50,0.00,0.00,0.66,"",0,0.0,1,4.5,1,4.8,-2,-7.4,-5878,-2.6,0,0.0,0,0.0,-20,-2.7
"46091","2","10","71","0","2017","4","",10,20,17,14,149395,0,0,676,"",7.55,0.38,0.33,0.27,0.28,0.00,0.00,0.87,"",0,0.0,-2,-9.1,-2,-10.5,-5,-26.3,1313,0.9,0,0.0,0,0.0,106,18.6
"46091","3","10","71","0","2017","4","",10,315,318,328,2406704,165770,505,578,"",3.11,1.95,2.00,2.05,1.74,5.10,8.08,0.87,"",0,0.0,-4,-1.3,6,1.9,-2,-0.6,4585,0.2,-21276,-11.4,-53,-9.5,1,0.2
"46091","5","10","71","0","2017","4","",162,1270,1243,1247,13302729,1476004,11365,816,"",0.88,0.92,0.91,0.91,0.97,0.93,0.96,1.06,"",-4,-2.4,-19,-1.5,-23,-1.8,1,0.1,658125,5.2,64042,4.5,-2120,-15.7,48,6.2
"46093","0","10","70","0","2017","4","",818,7026,6956,6973,72795456,7710754,61349,802,"",1.00,1.00,1.00,1.00,1.00,1.00,1.00,1.00,"",16,2.0,273,4.0,253,3.8,311,4.7,2984486,4.3,412471,5.7,-2250,-3.5,1,0.1
"46093","1","10","71","0","2017","4","",20,1106,1112,1132,20007823,0,0,1378,"",4.08,8.18,8.35,8.43,10.00,0.00,0.00,1.20,"",-2,-9.1,97,9.6,106,10.5,107,10.4,1640977,8.9,0,0.0,0,0.0,-16,-1.1
"46093","2","10","71","0","2017","4","",17,76,77,76,779992,0,0,786,"",2.97,0.34,0.35,0.34,0.33,0.00,0.00,0.96,"",0,0.0,5,7.0,1,1.3,-1,-1.3,-10321,-1.3,0,0.0,0,0.0,-28,-3.4
"46093","3","10","71","0","2017","4","",12,1321,1300,1292,10721478,336358,1312,632,"",0.86,1.90,1.88,1.87,1.71,2.20,4.06,0.91,"",1,9.1,41,3.2,-12,-0.9,3,0.2,314050,3.0,29776,9.7,140,11.9,13,2.1
"46093","5","10","71","0","2017","4","",769,4523,4467,4473,41286163,7374396,60037,708,"",0.97,0.76,0.76,0.75,0.66,0.99,0.99,0.88,"",17,2.3,130,3.0,158,3.7,202,4.7,1039780,2.6,382695,5.5,-2390,-3.8,-8,-1.1
"46095","0","10","70","0","2017","4","",48,335,339,333,2246040,476057,5075,515,"",1.00,1.00,1.00,1.00,1.00,1.00,1.00,1.00,"",0,0.0,30,9.8,30,9.7,0,0.0,62051,2.8,-11200,-2.3,-32,-0.6,-17,-3.2
"46095","1","10","71","0","2017","4","",6,10,10,10,124165,0,0,955,"",20.84,1.55,1.54,1.56,2.01,0.00,0.00,1.30,"",0,0.0,1,11.1,1,11.1,-2,-16.7,-960,-0.8,0,0.0,0,0.0,-8,-0.8
"46095","2","10","71","0","2017","4","",6,9,10,10,78263,0,0,623,"",17.84,0.84,0.92,0.94,1.07,0.00,0.00,1.19,"",0,0.0,-2,-18.2,-1,-9.1,-1,-9.1,-16949,-17.8,0,0.0,0,0.0,-43,-6.5
"46095","3","10","71","0","2017","4","",7,205,216,211,1428157,289360,3741,521,"",8.58,6.18,6.42,6.40,7.39,30.70,140.06,1.17,"",0,0.0,25,13.9,26,13.7,7,3.4,83332,6.2,-8936,-3.0,17,0.5,-20,-3.7
"46095","5","10","71","0","2017","4","",29,111,103,102,615455,186697,1334,449,"",0.62,0.39,0.36,0.36,0.32,0.41,0.26,0.87,"",0,0.0,6,5.7,4,4.0,-4,-3.8,-3372,-0.5,-2264,-1.2,-49,-3.5,-12,-2.6
"46097","0","10","70","0","2017","4","",106,766,773,768,6381914,651142,3836,638,"",1.00,1.00,1.00,1.00,1.00,1.00,1.00,1.00,"",5,5.0,43,5.9,46,6.3,33,4.5,266755,4.4,37578,6.1,628,19.6,-8,-1.2
"46097","1","10","71","0","2017","4","",6,17,18,16,188175,0,0,851,"",9.44,1.15,1.22,1.08,1.07,0.00,0.00,0.93,"",0,0.0,-2,-10.5,-1,-5.3,-4,-20.0,-20171,-9.7,0,0.0,0,0.0,22,2.7
"46097","2","10","71","0","2017","4","",4,5,5,5,58864,0,0,906,"",5.39,0.20,0.20,0.20,0.28,0.00,0.00,1.39,"",0,0.0,1,25.0,1,25.0,1,25.0,-3840,-6.1,0,0.0,0,0.0,-300,-24.9
"46097","3","10","71","0","2017","4","",8,145,145,134,1137055,17433,21,619,"",4.44,1.91,1.89,1.76,2.07,1.35,1.04,1.12,"",0,0.0,-2,-1.4,-1,-0.7,-16,-10.7,24641,2.2,-1300,-6.9,-8,-27.6,40,6.9
"46097","5","10","71","0","2017","4","",88,599,605,613,4997820,633709,3815,635,"",0.86,0.92,0.92,0.94,0.92,1.01,1.00,0.99,"",5,6.0,46,8.3,47,8.4,52,9.3,266125,5.6,38878,6.5,636,20.0,-18,-2.8
"46099","0","10","70","0","2017","4","",7299,126153,126565,126714,1559944906,131821415,906129,949,"",1.00,1.00,1.00,1.00,1.00,1.00,1.00,1.00,"",121,1.7,964,0.8,550,0.4,649,0.5,54902902,3.6,-74498,-0.1,8469,0.9,28,3.0
"46099","1","10","71","0","2017","4","",53,2586,2592,2630,49083816,0,0,1451,"",1.21,1.06,1.07,1.08,1.14,0.00,0.00,1.07,"",0,0.0,-14,-0.5,-43,-1.6,-33,-1.2,1131912,2.4,0,0.0,0,0.0,50,3.6
"46099","2","10","71","0","2017","4","",49,1401,1395,1397,16690849,0,0,919,"",0.96,0.35,0.34,0.35,0.33,0.00,0.00,0.95,"",0,0.0,23,1.7,8,0.6,10,0.7,188716,1.1,0,0.0,0,0.0,2,0.2
"46099","3","10","71","0","2017","4","",48,7854,7767,7846,81753808,214078,757,804,"",0.39,0.63,0.62,0.63,0.61,0.08,0.16,0.98,"",1,2.1,218,2.9,109,1.4,143,1.9,1801265,2.3,43705,25.7,80,11.8,2,0.2
"46099","5","10","71","0","2017","4","",7149,114312,114811,114841,1412416433,131607337,905372,948,"",1.01,1.07,1.07,1.07,1.06,1.03,1.01,0.99,"",120,1.7,737,0.6,476,0.4,529,0.5,51781009,3.8,-118203,-0.1,8389,0.9,30,3.3
"46101","0","10","70","0","2017","4","",209,2522,2493,2477,24491396,3329719,33864,754,"",1.00,1.00,1.00,1.00,1.00,1.00,1.00,1.00,"",5,2.5,68,2.8,105,4.4,132,5.6,1343955,5.8,168719,5.3,-9830,-22.5,11,1.5
"46101","1","10","71","0","2017","4","",7,116,112,115,1420143,0,0,955,"",5.58,2.39,2.35,2.41,2.11,0.00,0.00,0.89,"",0,0.0,1,0.9,-4,-3.4,-5,-4.2,-22613,-1.6,0,0.0,0,0.0,6,0.6
"46101","2","10","71","0","2017","4","",7,10,10,11,109876,0,0,818,"",4.78,0.12,0.13,0.14,0.14,0.00,0.00,1.06,"",0,0.0,1,11.1,0,0.0,1,10.0,-2573,-2.3,0,0.0,0,0.0,-77,-8.6
"46101","3","10","71","0","2017","4","",14,666,661,671,5168090,739655,3875,597,"",3.94,2.67,2.67,2.74,2.45,11.22,21.74,0.91,"",0,0.0,30,4.7,18,2.8,24,3.7,338311,7.0,50430,7.3,730,23.2,18,3.1
"46101","5","10","71","0","2017","4","",181,1730,1710,1680,17793287,2590064,29989,802,"",0.89,0.81,0.81,0.80,0.85,0.80,0.89,1.06,"",5,2.8,36,2.1,91,5.6,112,7.1,1030830,6.1,118289,4.8,-10560,-26.0,9,1.1
"46102","0","10","70","0","2017","4","",123,3701,3716,3704,39750854,3051205,27845,825,"",1.00,1.00,1.00,1.00,1.00,1.00,1.00,1.00,"",3,2.5,42,1.1,25,0.7,8,0.2,1638143,4.3,18371,0.6,-1965,-6.6,29,3.6
"46102","1","10","71","0","2017","4","",12,621,624,631,11096944,0,0,1365,"",16.27,8.72,8.77,8.84,10.16,0.00,0.00,1.16,"",1,9.1,-3,-0.5,-2,-0.3,4,0.6,578665,5.5,0,0.0,0,0.0,72,5.6
"46102","2","10","71","0","2017","4","",4,31,30,31,302321,0,0,758,"",4.64,0.26,0.25,0.26,0.23,0.00,0.00,0.90,"",0,0.0,-1,-3.1,-2,-6.2,-2,-6.1,-28602,-8.6,0,0.0,0,0.0,-29,-3.7
"46102","3","10","71","0","2017","4","",20,2400,2393,2374,23871084,1631423,16990,769,"",9.57,6.54,6.48,6.48,6.98,27.01,115.94,1.07,"",0,0.0,25,1.1,-5,-0.2,-45,-1.9,770974,3.3,-122557,-7.0,-3449,-16.9,28,3.8
"46102","5","10","71","0","2017","4","",87,649,669,668,4480505,1419782,10855,521,"",0.73,0.21,0.21,0.21,0.13,0.48,0.39,0.63,"",2,2.4,21,3.3,34,5.4,51,8.3,317106,7.6,140928,11.0,1484,15.8,10,2.0
"46103","0","10","70","0","2017","4","",4486,57442,56502,56397,606315238,70152179,509950,821,"",1.00,1.00,1.00,1.00,1.00,1.00,1.00,1.00,"",32,0.7,897,1.6,569,1.0,999,1.8,27598552,4.8,2267410,3.3,35608,7.5,25,3.1
"46103","1","10","71","0","2017","4","",61,1835,1859,1866,28339179,0,0,1176,"",2.27,1.66,1.72,1.72,1.70,0.00,0.00,1.00,"",-2,-3.2,-53,-2.8,-48,-2.5,-45,-2.4,45972,0.2,0,0.0,0,0.0,32,2.8
"46103","2","10","71","0","2017","4","",50,1313,1301,1297,16075790,0,0,949,"",1.59,0.71,0.72,0.72,0.81,0.00,0.00,1.13,"",2,4.2,28,2.2,12,0.9,14,1.1,-196510,-1.2,0,0.0,0,0.0,-25,-2.6
"46103","3","10","71","0","2017","4","",26,4999,5025,5046,50420709,35254,117,772,"",0.34,0.88,0.90,0.90,0.97,0.03,0.04,1.08,"",1,4.0,97,2.0,41,0.8,65,1.3,3435437,7.3,3563,11.2,-3,-2.5,43,5.9
"46103","5","10","71","0","2017","4","",4349,49295,48317,48188,511479560,70116925,509833,810,"",1.00,1.01,1.01,1.01,0.99,1.03,1.01,0.98,"",31,0.7,825,1.7,564,1.2,965,2.0,24313653,5.0,2263847,3.3,35611,7.5,26,3.3
"46105","0","10","70","0","2017","4","",150,1251,1232,1235,10104023,1495575,11864,627,"",1.00,1.00,1.00,1.00,1.00,1.00,1.00,1.00,"",-4,-2.6,28,2.3,-12,-1.0,-31,-2.4,179082,1.8,-414777,-21.7,-3850,-24.5,13,2.1
"46105","1","10","71","0","2017","4","",5,26,26,22,321831,0,0,1004,"",5.56,1.08,1.10,0.92,1.16,0.00,0.00,1.12,"",0,0.0,2,8.3,-1,-3.7,-7,-24.1,-3024,-0.9,0,0.0,0,0.0,67,7.2
"46105","2","10","71","0","2017","4","",8,14,15,15,132534,0,0,695,"",7.61,0.35,0.38,0.38,0.40,0.00,0.00,1.09,"",0,0.0,-4,-22.2,-4,-21.1,-5,-25.0,-44131,-25.0,0,0.0,0,0.0,-20,-2.8
"46105","3","10","71","0","2017","4","",9,208,214,207,1587986,5652,6,583,"",3.53,1.68,1.75,1.69,1.83,0.19,0.10,1.07,"",0,0.0,-6,-2.8,-5,-2.3,-14,-6.3,57394,3.7,-724,-11.4,-7,-53.8,43,8.0
"46105","5","10","71","0","2017","4","",128,1003,977,991,8061672,1489923,11858,626,"",0.88,0.94,0.93,0.94,0.93,1.03,1.01,0.99,"",-4,-3.0,36,3.7,-2,-0.2,-5,-0.5,168843,2.1,-414053,-21.7,-3843,-24.5,7,1.1
"46107","0","10","70","0","2017","4","",133,860,849,853,8215510,894960,5728,740,"",1.00,1.00,1.00,1.00,1.00,1.00,1.00,1.00,"",4,3.1,-6,-0.7,-18,-2.1,-30,-3.4,785864,10.6,160850,21.9,-552,-8.8,85,13.0
"46107","1","10","71","0","2017","4","",6,14,19,15,173310,0,0,833,"",7.52,0.85,1.17,0.91,0.77,0.00,0.00,0.79,"",0,0.0,2,16.7,3,18.8,-4,-21.1,-9495,-5.2,0,0.0,0,0.0,-65,-7.2
"46107","2","10","71","0","2017","4","",8,15,13,14,131371,0,0,722,"",8.58,0.54,0.48,0.51,0.49,0.00,0.00,0.96,"",0,0.0,0,0.0,1,8.3,3,27.3,17330,15.2,0,0.0,0,0.0,29,4.2
"46107","3","10","71","0","2017","4","",7,149,143,149,1186217,13076,39,621,"",3.10,1.75,1.70,1.77,1.68,0.74,1.29,0.97,"",0,0.0,0,0.0,-10,-6.5,-18,-10.8,153060,14.8,1180,9.9,2,5.4,113,22.2
"46107","5","10","71","0","2017","4","",112,682,674,675,6724612,881884,5689,764,"",0.87,0.93,0.93,0.93,0.96,1.02,1.00,1.03,"",4,3.7,-8,-1.2,-12,-1.7,-11,-1.6,624969,10.2,159670,22.1,-554,-8.9,81,11.9
"46109","0","10","70","0","2017","4","",290,3684,3672,3564,32057637,5088835,46848,677,"",1.00,1.00,1.00,1.00,1.00,1.00,1.00,1.00,"",1,0.3,-111,-2.9,-36,-1.0,-3,-0.1,625646,2.0,252008,5.2,5945,14.5,22,3.4
"46109","1","10","71","0","2017","4","",14,193,192,190,2895576,0,0,1162,"",8.05,2.72,2.73,2.77,3.29,0.00,0.00,1.20,"",-1,-6.7,0,0.0,5,2.7,0,0.0,39280,1.4,0,0.0,0,0.0,6,0.5
"46109","2","10","71","0","2017","4","",15,39,40,37,390174,0,0,776,"",7.38,0.33,0.34,0.33,0.37,0.00,0.00,1.12,"",0,0.0,0,0.0,1,2.6,-1,-2.6,-15410,-3.8,0,0.0,0,0.0,-31,-3.8
"46109","3","10","71","0","2017","4","",23,1322,1342,1320,12027438,1852700,14763,697,"",4.67,3.62,3.68,3.74,4.36,18.39,59.88,1.19,"",0,0.0,10,0.8,30,2.3,10,0.8,793562,7.1,203740,12.4,4546,44.5,38,5.8
"46109","5","10","71","0","2017","4","",238,2130,2098,2017,16744449,3236135,32085,619,"",0.85,0.68,0.67,0.67,0.61,0.66,0.69,0.91,"",2,0.8,-121,-5.4,-72,-3.3,-12,-0.6,-191786,-1.1,48268,1.5,1399,4.6,13,2.1
"46111","0","10","70","0","2017","4","",77,544,550,535,4605855,492393,3068,652,"",1.00,1.00,1.00,1.00,1.00,1.00,1.00,1.00,"",1,1.3,6,1.1,23,4.4,-16,-2.9,199151,4.5,5317,1.1,777,33.9,23,3.7
"46111","1","10","71","0","2017","4","",4,13,11,11,130029,0,0,857,"",8.66,1.24,1.05,1.07,1.03,0.00,0.00,0.92,"",0,0.0,3,30.0,0,0.0,-3,-21.4,9183,7.6,0,0.0,0,0.0,60,7.5
"46111","2","10","71","0","2017","4","",3,7,8,7,63554,0,0,667,"",5.56,0.40,0.45,0.41,0.42,0.00,0.00,1.00,"",0,0.0,0,0.0,1,14.3,0,0.0,2665,4.4,0,0.0,0,0.0,-2,-0.3
"46111","3","10","71","0","2017","4","",8,147,153,151,989922,6465,13,507,"",6.11,2.73,2.80,2.85,2.50,0.66,0.81,0.90,"",0,0.0,-1,-0.7,7,4.8,-16,-9.6,6145,0.6,3290,103.6,7,116.7,15,3.0
"46111","5","10","71","0","2017","4","",62,377,378,366,3422350,485928,3055,705,"",0.83,0.82,0.81,0.80,0.87,1.02,1.00,1.08,"",1,1.6,4,1.1,15,4.1,3,0.8,181158,5.6,2027,0.4,770,33.7,24,3.5
"46115","0","10","70","0","2017","4","",279,2399,2389,2385,22415259,2027263,15982,721,"",1.00,1.00,1.00,1.00,1.00,1.00,1.00,1.00,"",0,0.0,17,0.7,-10,-0.4,-9,-0.4,375453,1.7,-119367,-5.6,-8628,-35.1,12,1.7
"46115","1","10","71","0","2017","4","",13,34,36,35,410170,0,0,901,"",7.77,0.74,0.79,0.76,0.67,0.00,0.00,0.87,"",0,0.0,-1,-2.9,-3,-7.7,-3,-7.9,28280,7.4,0,0.0,0,0.0,114,14.5
"46115","2","10","71","0","2017","4","N",16,0,0,0,0,0,0,0,"N",8.18,0,0,0,0,0,0,0,"N",0,0.0,0,0,0,0,0,0,0,0,0,0,0,0,0,0
"46115","3","10","71","0","2017","4","N",18,0,0,0,0,0,0,0,"N",3.80,0,0,0,0,0,0,0,"N",0,0.0,0,0,0,0,0,0,0,0,0,0,0,0,0,0
"46115","5","10","71","0","2017","4","",232,1462,1445,1442,14377310,1928497,15689,763,"",0.86,0.72,0.71,0.71,0.75,0.98,0.99,1.05,"",0,0.0,29,2.0,17,1.2,17,1.2,481672,3.5,-79733,-4.0,-8512,-35.2,15,2.0
"46117","0","10","70","0","2017","4","",144,1320,1273,1240,12551274,1856965,25436,756,"",1.00,1.00,1.00,1.00,1.00,1.00,1.00,1.00,"",3,2.1,7,0.5,-25,-1.9,10,0.8,275068,2.2,140371,8.2,7532,42.1,18,2.4
"46117","1","10","71","0","2017","4","",2,12,10,8,157407,0,0,1211,"",2.32,0.47,0.41,0.33,0.46,0.00,0.00,1.12,"",0,0.0,1,9.1,0,0.0,0,0.0,-271,-0.2,0,0.0,0,0.0,-44,-3.5
"46117","2","10","71","0","2017","4","",8,41,41,37,455738,0,0,884,"",7.93,0.97,1.01,0.94,1.11,0.00,0.00,1.15,"",0,0.0,3,7.9,3,7.9,3,8.8,24007,5.6,0,0.0,0,0.0,-22,-2.4
"46117","3","10","71","0","2017","4","",4,151,150,155,1359849,8042,32,688,"",1.63,1.15,1.19,1.26,1.26,0.22,0.24,1.05,"",0,0.0,10,7.1,8,5.6,5,3.3,61731,4.8,-2232,-21.7,-9,-22.0,-4,-0.6
"46117","5","10","71","0","2017","4","",130,1116,1072,1040,10578280,1848923,25404,756,"",0.93,1.00,0.99,0.99,0.99,1.03,1.01,0.99,"",3,2.4,-7,-0.6,-36,-3.2,2,0.2,189601,1.8,142603,8.4,7541,42.2,23,3.1
"46119","0","10","70","0","2017","4","",91,623,629,598,6331935,1091544,6566,790,"",1.00,1.00,1.00,1.00,1.00,1.00,1.00,1.00,"",-5,-5.2,2,0.3,21,3.5,15,2.6,662992,11.7,80318,7.9,747,12.8,68,9.4
"46119","1","10","71","0","2017","4","",4,9,12,12,98653,0,0,690,"",7.33,0.75,1.00,1.04,0.57,0.00,0.00,0.61,"",0,0.0,-4,-30.8,0,0.0,0,0.0,-6921,-6.6,0,0.0,0,0.0,32,4.9
"46119","2","10","71","0","2017","4","N",3,0,0,0,0,0,0,0,"N",4.70,0,0,0,0,0,0,0,"N",0,0.0,0,0,0,0,0,0,0,0,0,0,0,0,0,0
"46119","3","10","71","0","2017","4","N",5,0,0,0,0,0,0,0,"N",3.23,0,0,0,0,0,0,0,"N",0,0.0,0,0,0,0,0,0,0,0,0,0,0,0,0,0
"46119","5","10","71","0","2017","4","",79,501,503,474,5413584,1084514,6548,845,"",0.89,0.95,0.94,0.93,1.00,1.03,1.00,1.06,"",-5,-6.0,2,0.4,21,4.4,14,3.0,625735,13.1,78549,7.8,742,12.8,78,10.2
"46121","0","10","70","0","2017","4","",104,2903,2960,3026,28224803,3012377,45585,733,"",1.00,1.00,1.00,1.00,1.00,1.00,1.00,1.00,"",0,0.0,9,0.3,41,1.4,150,5.2,1484703,5.6,-7431,-0.2,-8910,-16.4,23,3.2
"46121","1","10","71","0","2017","4","",9,249,247,248,4258017,0,0,1321,"",14.43,4.46,4.36,4.25,5.49,0.00,0.00,1.26,"",-1,-10.0,0,0.0,-4,-1.6,0,0.0,-23771,-0.6,0,0.0,0,0.0,0,0.0
"46121","2","10","71","0","2017","4","",5,30,33,35,316813,0,0,746,"",6.86,0.32,0.35,0.36,0.34,0.00,0.00,1.00,"",0,0.0,-3,-9.1,-1,-2.9,1,2.9,-23364,-6.9,0,0.0,0,0.0,-31,-4.0
"46121","3","10","71","0","2017","4","",18,2029,2084,2145,18655009,1993338,32063,688,"",10.18,7.05,7.09,7.16,7.69,33.43,133.65,1.08,"",0,0.0,-39,-1.9,-8,-0.4,94,4.6,588891,3.3,-153109,-7.1,-11882,-27.0,17,2.5
"46121","5","10","71","0","2017","4","",72,595,596,598,4994964,1019039,13522,644,"",0.71,0.24,0.24,0.23,0.21,0.35,0.30,0.87,"",1,1.4,51,9.4,54,10.0,55,10.1,942947,23.3,145678,16.7,2972,28.2,70,12.2
"46123","0","10","70","0","2017","4","",261,2232,2226,2230,19118242,2301442,11867,660,"",1.00,1.00,1.00,1.00,1.00,1.00,1.00,1.00,"",-9,-3.3,33,1.5,9,0.4,74,3.4,761366,4.1,-103022,-4.3,619,5.5,15,2.3
"46123","1","10","71","0","2017","4","",7,30,30,28,349753,0,0,917,"",4.47,0.70,0.70,0.65,0.67,0.00,0.00,0.97,"",0,0.0,-1,-3.2,2,7.1,-2,-6.7,1000,0.3,0,0.0,0,0.0,13,1.4
"46123","2","10","71","0","2017","4","",16,49,49,46,613002,0,0,982,"",8.75,0.68,0.69,0.65,0.98,0.00,0.00,1.46,"",0,0.0,-1,-2.0,-1,-2.0,-3,-6.1,-8814,-1.4,0,0.0,0,0.0,19,2.0
"46123","3","10","71","0","2017","4","",8,325,319,339,2575100,960,2,605,"",1.80,1.47,1.44,1.54,1.57,0.02,0.03,1.06,"",0,0.0,7,2.2,5,1.6,29,9.4,49150,1.9,0,0.0,0,0.0,-14,-2.3
"46123","5","10","71","0","2017","4","",230,1828,1828,1817,15580387,2300482,11865,657,"",0.91,0.96,0.97,0.96,0.95,1.03,1.01,0.99,"",-9,-3.8,28,1.6,3,0.2,50,2.8,720030,4.8,-103022,-4.3,619,5.5,21,3.3
"46125","0","10","70","0","2017","4","",305,2125,2129,2112,20444095,2404833,22297,741,"",1.00,1.00,1.00,1.00,1.00,1.00,1.00,1.00,"",4,1.3,64,3.1,84,4.1,30,1.4,1617346,8.6,230790,10.6,6637,42.4,39,5.6
"46125","1","10","71","0","2017","4","",11,26,27,27,352631,0,0,1017,"",6.01,0.64,0.66,0.66,0.63,0.00,0.00,0.96,"",1,10.0,1,4.0,1,3.8,-1,-3.6,27769,8.5,0,0.0,0,0.0,68,7.2
"46125","2","10","71","0","2017","4","",7,8,8,7,89537,0,0,898,"",3.28,0.12,0.12,0.10,0.13,0.00,0.00,1.19,"",0,0.0,0,0.0,-1,-11.1,-1,-12.5,-8927,-9.1,0,0.0,0,0.0,-11,-1.2
"46125","3","10","71","0","2017","4","",24,395,393,396,2563163,49175,111,500,"",4.63,1.88,1.86,1.89,1.46,1.03,0.95,0.78,"",0,0.0,19,5.1,21,5.6,-5,-1.2,227998,9.8,-7387,-13.1,-38,-25.5,31,6.6
"46125","5","10","71","0","2017","4","",263,1696,1701,1682,17438764,2355658,22186,792,"",0.89,0.94,0.94,0.94,1.00,1.01,1.00,1.06,"",3,1.2,44,2.7,63,3.8,37,2.2,1370506,8.5,238177,11.2,6675,43.0,41,5.5
"46127","0","10","70","0","2017","4","",730,9668,9651,9840,164634074,12557320,85359,1303,"",1.00,1.00,1.00,1.00,1.00,1.00,1.00,1.00,"",40,5.8,38,0.4,44,0.5,123,1.3,16259025,11.0,1256024,11.1,-176,-0.2,120,10.1
"46127","1","10","71","0","2017","4","",8,55,53,53,641351,0,0,919,"",1.83,0.30,0.29,0.28,0.14,0.00,0.00,0.49,"",0,0.0,3,5.8,2,3.9,0,0.0,42677,7.1,0,0.0,0,0.0,33,3.7
"46127","2","10","71","0","2017","4","",12,26,24,23,267751,0,0,846,"",2.35,0.08,0.08,0.07,0.05,0.00,0.00,0.64,"",0,0.0,-1,-3.7,-1,-4.0,-2,-8.0,-15916,-5.6,0,0.0,0,0.0,-4,-0.5
"46127","3","10","71","0","2017","4","",23,753,742,715,6164010,322182,1057,644,"",1.85,0.79,0.77,0.73,0.44,1.30,2.35,0.57,"",-1,-4.2,0,0.0,-3,-0.4,-11,-1.5,47147,0.8,-31744,-9.0,-173,-14.1,9,1.4
"46127","5","10","71","0","2017","4","",687,8834,8832,9049,157560962,12235138,84302,1361,"",0.97,1.08,1.08,1.08,1.12,1.01,0.99,1.04,"",41,6.3,36,0.4,46,0.5,136,1.5,16185117,11.4,1287768,11.8,-3,0.0,130,10.6
"46129","0","10","70","0","2017","4","",259,2231,2197,2211,20104582,2428388,21265,699,"",1.00,1.00,1.00,1.00,1.00,1.00,1.00,1.00,"",3,1.2,46,2.1,39,1.8,59,2.7,932199,4.9,123999,5.4,2818,15.3,18,2.6
"46129","1","10","71","0","2017","4","",9,31,30,30,355549,0,0,902,"",5.79,0.72,0.71,0.70,0.64,0.00,0.00,0.90,"",0,0.0,1,3.3,-1,-3.2,-2,-6.2,14227,4.2,0,0.0,0,0.0,55,6.5
"46129","2","10","71","0","2017","4","",14,62,61,58,651880,0,0,831,"",7.71,0.87,0.87,0.82,0.99,0.00,0.00,1.17,"",0,0.0,2,3.3,2,3.4,3,5.5,22704,3.6,0,0.0,0,0.0,-3,-0.4
"46129","3","10","71","0","2017","4","",12,332,331,349,2595793,71985,228,592,"",2.73,1.50,1.52,1.59,1.50,1.50,2.04,0.98,"",0,0.0,-3,-0.9,2,0.6,3,0.9,102526,4.1,-32792,-31.3,-36,-13.6,22,3.9
"46129","5","10","71","0","2017","4","",224,1806,1775,1774,16501360,2356403,21037,711,"",0.89,0.95,0.95,0.94,0.96,1.00,1.00,1.01,"",3,1.4,46,2.6,36,2.1,55,3.2,792742,5.0,156791,7.1,2854,15.7,16,2.3
"46135","0","10","70","0","2017","4","",840,12634,12676,12713,140796234,14278406,82537,855,"",1.00,1.00,1.00,1.00,1.00,1.00,1.00,1.00,"",0,0.0,141,1.1,179,1.4,255,2.0,9933765,7.6,2405648,20.3,13197,19.0,49,6.1
"46135","1","10","71","0","2017","4","",16,193,193,189,2935199,0,0,1178,"",3.18,0.79,0.80,0.77,0.76,0.00,0.00,0.96,"",0,0.0,-3,-1.5,-2,-1.0,-15,-7.4,-36451,-1.2,0,0.0,0,0.0,25,2.2
"46135","2","10","71","0","2017","4","",27,737,730,725,8835050,0,0,930,"",4.59,1.82,1.80,1.79,1.92,0.00,0.00,1.07,"",0,0.0,-14,-1.9,-25,-3.3,-28,-3.7,114490,1.3,0,0.0,0,0.0,39,4.4
"46135","3","10","71","0","2017","4","",13,938,914,934,8273532,163079,473,685,"",0.91,0.75,0.73,0.74,0.68,0.58,1.09,0.92,"",0,0.0,2,0.2,-19,-2.0,-2,-0.2,220288,2.7,-14792,-8.3,-49,-9.4,22,3.3
"46135","5","10","71","0","2017","4","",784,10766,10839,10865,120752453,14115327,82064,858,"",0.96,1.00,1.01,1.01,1.00,1.02,1.00,1.00,"",0,0.0,156,1.5,225,2.1,300,2.8,9635438,8.7,2420440,20.7,13246,19.2,51,6.3
"46137","0","10","70","0","2017","4","",35,308,313,310,2755416,472073,3167,683,"",1.00,1.00,1.00,1.00,1.00,1.00,1.00,1.00,"",1,2.9,-3,-1.0,-7,-2.2,-7,-2.2,165552,6.4,30803,7.0,101,3.3,53,8.4
"46137","1","10","71","0","2017","4","",3,7,7,7,97595,0,0,1072,"",14.29,1.18,1.17,1.17,1.29,0.00,0.00,1.10,"",0,0.0,-4,-36.4,-3,-30.0,-3,-30.0,5186,5.6,0,0.0,0,0.0,384,55.8
"46137","2","10","71","0","2017","4","N",4,0,0,0,0,0,0,0,"N",16.31,0,0,0,0,0,0,0,"N",0,0.0,0,0,0,0,0,0,0,0,0,0,0,0,0,0
"46137","3","10","71","0","2017","4","N",5,0,0,0,0,0,0,0,"N",8.40,0,0,0,0,0,0,0,"N",0,0.0,0,0,0,0,0,0,0,0,0,0,0,0,0,0
"46137","5","10","71","0","2017","4","",23,126,131,129,1098594,317533,1987,657,"",0.68,0.48,0.49,0.49,0.47,0.70,0.63,0.96,"",1,4.5,2,1.6,5,4.0,-1,-0.8,96199,9.6,44869,16.5,295,17.4,48,7.9
"46999","0","10","70","0","2017","4","",501,2314,2289,2173,39484584,4047209,55047,1345,"",1.00,1.00,1.00,1.00,1.00,1.00,1.00,1.00,"",-30,-5.6,-267,-10.3,-311,-12.0,-33,-1.5,-4014727,-9.2,-495500,-10.9,-5153,-8.6,-14,-1.0
"46999","1","10","71","0","2017","4","",28,91,86,86,1482222,0,0,1301,"",9.32,2.04,1.96,2.05,1.37,0.00,0.00,0.68,"",2,7.7,10,12.3,0,0.0,-5,-5.5,334620,29.2,0,0.0,0,0.0,275,26.8
"46999","5","10","71","0","2017","4","",473,2223,2203,2087,38002362,4047209,55047,1347,"",0.97,1.13,1.13,1.13,1.13,1.03,1.01,1.00,"",-32,-6.3,-277,-11.1,-311,-12.4,-28,-1.3,-4349347,-10.3,-495500,-10.9,-5153,-8.6,-24,-1.8
"47000","0","10","50","0","2017","4","",158521,2957544,2983906,2985547,38693910642,2419627238,29849676,1000,"",1.00,1.00,1.00,1.00,1.00,1.00,1.00,1.00,"",3491,2.3,36653,1.3,42742,1.5,38566,1.3,1636012511,4.4,12768579,0.5,-1160814,-3.7,29,3.0
"47000","1","10","51","0","2017","4","",1278,48505,48754,49010,1087056548,0,0,1715,"",1.34,0.85,0.85,0.85,1.02,0.00,0.00,1.20,"",3,0.2,-699,-1.4,-321,-0.7,-1112,-2.2,10169474,0.9,0,0.0,0,0.0,40,2.4
"47000","2","10","51","0","2017","4","",1324,86112,86251,85195,1070055323,44002,399,959,"",1.19,0.91,0.90,0.89,0.85,0.00,0.01,0.94,"",-18,-1.3,1875,2.2,1625,1.9,1714,2.1,46853168,4.6,24533,126.0,191,91.8,23,2.5
"47000","3","10","51","0","2017","4","",1726,285815,286862,287912,3054480434,23327198,249667,819,"",0.64,0.98,0.97,0.97,0.92,0.49,1.59,0.94,"",19,1.1,506,0.2,-848,-0.3,1090,0.4,117634464,4.0,-7398412,-24.1,-53901,-17.8,31,3.9
"47000","5","10","51","0","2017","4","",154193,2537112,2562039,2563430,33482318337,2396256038,29599610,1008,"",1.00,1.01,1.01,1.01,1.01,1.02,1.00,1.00,"",3487,2.3,34971,1.4,42286,1.7,36874,1.5,1461355405,4.6,20142458,0.8,-1107104,-3.6,29,3.0
"47000","8","10","96","0","2017","4","",4328,420432,421867,422117,5211592305,23371200,250066,951,"",0.91,0.94,0.94,0.94,0.92,0.30,1.27,0.98,"",4,0.1,1682,0.4,456,0.1,1692,0.4,174657106,3.5,-7373879,-24.0,-53710,-17.7,29,3.1
"47001","0","10","70","0","2017","4","",1653,39283,39365,39289,573654101,23501486,230064,1122,"",1.00,1.00,1.00,1.00,1.00,1.00,1.00,1.00,"",2,0.1,-249,-0.6,-131,-0.3,-108,-0.3,13834927,2.5,-3298435,-12.3,-91872,-28.5,31,2.8
"47001","1","10","71","0","2017","4","",15,864,864,859,21119922,0,0,1884,"",1.51,1.14,1.15,1.13,1.34,0.00,0.00,1.17,"",0,0.0,-22,-2.5,-22,-2.5,-26,-2.9,-2590106,-10.9,0,0.0,0,0.0,-175,-8.5
"47001","2","10","71","0","2017","4","",13,300,295,291,3537090,0,0,921,"",1.12,0.24,0.23,0.23,0.19,0.00,0.00,0.80,"",-1,-7.1,10,3.4,3,1.0,-3,-1.0,72620,2.1,0,0.0,0,0.0,8,0.9
"47001","3","10","71","0","2017","4","",19,3525,3569,3535,36987232,307765,2743,803,"",0.68,0.91,0.91,0.91,0.75,0.66,2.27,0.83,"",0,0.0,-11,-0.3,-5,-0.1,-37,-1.0,1120262,3.1,-45314,-12.8,-1206,-30.5,28,3.6
"47001","5","10","71","0","2017","4","",1606,34594,34637,34604,512009857,23193721,227321,1138,"",1.00,1.04,1.04,1.04,1.05,1.02,0.99,1.01,"",3,0.2,-226,-0.6,-107,-0.3,-42,-0.1,15232151,3.1,-3253121,-12.3,-90666,-28.5,38,3.5
"47003","0","10","70","0","2017","4","",830,17525,17477,17509,176682875,15504054,135402,776,"",1.00,1.00,1.00,1.00,1.00,1.00,1.00,1.00,"",7,0.9,-985,-5.3,-1056,-5.7,-963,-5.2,-15261436,-8.0,497883,3.3,-17500,-11.4,-22,-2.8
"47003","1","10","71","0","2017","4","",8,68,64,64,1065498,0,0,1255,"",1.61,0.20,0.19,0.19,0.22,0.00,0.00,1.13,"",0,0.0,1,1.5,-1,-1.5,-3,-4.5,35490,3.4,0,0.0,0,0.0,61,5.1
"47003","2","10","71","0","2017","4","",13,201,206,215,2417029,0,0,897,"",2.24,0.36,0.37,0.39,0.42,0.00,0.00,1.13,"",-1,-7.1,6,3.1,7,3.5,5,2.4,219931,10.0,0,0.0,0,0.0,58,6.9
"47003","3","10","71","0","2017","4","",24,1958,1958,1946,16881327,364852,3879,665,"",1.70,1.13,1.13,1.12,1.11,1.19,5.44,0.99,"",0,0.0,-89,-4.3,-114,-5.5,-40,-2.0,279157,1.7,-10990,-2.9,-825,-17.5,37,5.9
"47003","5","10","71","0","2017","4","",785,15298,15249,15284,156319021,15139202,131523,787,"",0.98,1.03,1.03,1.03,1.04,1.01,0.98,1.01,"",8,1.0,-903,-5.6,-948,-5.9,-925,-5.7,-15796014,-9.2,508873,3.5,-16675,-11.3,-30,-3.7
"47005","0","10","70","0","2017","4","",313,3941,3948,4026,33935119,2793647,38563,657,"",1.00,1.00,1.00,1.00,1.00,1.00,1.00,1.00,"",8,2.6,3,0.1,42,1.1,109,2.8,2353998,7.5,274768,10.9,10221,36.1,37,6.0
"47005","1","10","71","0","2017","4","",8,60,55,56,765662,0,0,1033,"",4.26,0.79,0.73,0.72,0.82,0.00,0.00,1.10,"",0,0.0,0,0.0,-4,-6.8,-5,-8.2,-18141,-2.3,0,0.0,0,0.0,28,2.8
"47005","2","10","71","0","2017","4","",9,81,79,80,957433,0,0,921,"",4.10,0.64,0.62,0.62,0.86,0.00,0.00,1.37,"",0,0.0,4,5.2,2,2.6,5,6.7,59043,6.6,0,0.0,0,0.0,16,1.8
"47005","3","10","71","0","2017","4","",19,779,794,786,6403043,99534,1491,626,"",3.57,1.99,2.03,1.97,2.19,1.80,7.35,1.10,"",-1,-5.0,-4,-0.5,1,0.1,-15,-1.9,187538,3.0,1124,1.1,-14,-0.9,23,3.8
"47005","5","10","71","0","2017","4","",277,3021,3020,3104,25808981,2694113,37072,651,"",0.91,0.90,0.90,0.91,0.89,1.00,0.97,0.99,"",9,3.4,3,0.1,43,1.4,124,4.2,2125558,9.0,273644,11.3,10235,38.1,42,6.9
"47007","0","10","70","0","2017","4","",133,2248,2219,2184,18440455,784302,14992,640,"",1.00,1.00,1.00,1.00,1.00,1.00,1.00,1.00,"",-6,-4.3,-56,-2.4,-5,-0.2,-33,-1.5,214577,1.2,37699,5.0,428,2.9,16,2.6
"47007","1","10","71","0","2017","4","",3,19,19,18,225662,0,0,930,"",3.76,0.44,0.45,0.43,0.45,0.00,0.00,1.02,"",0,0.0,-1,-5.0,-1,-5.0,-1,-5.3,427,0.2,0,0.0,0,0.0,49,5.6
"47007","2","10","71","0","2017","4","N",10,0,0,0,0,0,0,0,"N",10.73,0,0,0,0,0,0,0,"N",-1,-9.1,0,0,0,0,0,0,0,0,0,0,0,0,0,0
"47007","3","10","71","0","2017","4","N",8,0,0,0,0,0,0,0,"N",3.54,0,0,0,0,0,0,0,"N",0,0.0,0,0,0,0,0,0,0,0,0,0,0,0,0,0
"47007","5","10","71","0","2017","4","",112,831,782,740,6333108,636403,12215,621,"",0.87,0.44,0.41,0.40,0.40,0.84,0.82,0.97,"",-5,-4.3,17,2.1,35,4.7,14,1.9,148107,2.4,10516,1.7,442,3.8,-3,-0.5
"47009","0","10","70","0","2017","4","",2409,48595,49052,48600,609042008,39803569,682415,961,"",1.00,1.00,1.00,1.00,1.00,1.00,1.00,1.00,"",23,1.0,571,1.2,956,2.0,1066,2.2,33750383,5.9,528203,1.3,-46197,-6.3,37,4.0
"47009","1","10","71","0","2017","4","",12,250,251,249,3932085,0,0,1210,"",0.83,0.27,0.27,0.27,0.23,0.00,0.00,0.88,"",-1,-7.7,-1,-0.4,5,2.0,1,0.4,115948,3.0,0,0.0,0,0.0,28,2.4
"47009","2","10","71","0","2017","4","",13,370,372,375,4097911,0,0,847,"",0.77,0.24,0.24,0.24,0.21,0.00,0.00,0.86,"",0,0.0,21,6.0,17,4.8,21,5.9,422495,11.5,0,0.0,0,0.0,45,5.6
"47009","3","10","71","0","2017","4","",33,6791,6816,6850,73917729,381169,2537,834,"",0.81,1.41,1.40,1.42,1.41,0.48,0.71,1.00,"",0,0.0,-33,-0.5,-26,-0.4,33,0.5,462398,0.6,-65100,-14.6,-389,-13.3,6,0.7
"47009","5","10","71","0","2017","4","",2351,41184,41613,41126,527094283,39422400,679878,982,"",1.01,1.00,1.00,1.00,1.01,1.02,1.00,1.02,"",24,1.0,584,1.4,960,2.4,1011,2.5,32749542,6.6,593303,1.5,-45808,-6.3,42,4.5
"47011","0","10","70","0","2017","4","",1863,42186,44246,45251,461777827,42567986,553552,809,"",1.00,1.00,1.00,1.00,1.00,1.00,1.00,1.00,"",-28,-1.5,-1122,-2.6,449,1.0,-1709,-3.6,9439041,2.1,-4185414,-9.0,56,0.0,30,3.9
"47011","1","10","71","0","2017","4","",8,209,207,203,4150517,0,0,1547,"",0.72,0.26,0.24,0.23,0.33,0.00,0.00,1.34,"",0,0.0,-6,-2.8,-1,-0.5,-11,-5.1,1063,0.0,0,0.0,0,0.0,44,2.9
"47011","2","10","71","0","2017","4","",17,732,725,757,6341043,0,0,661,"",1.30,0.54,0.51,0.52,0.42,0.00,0.00,0.80,"",0,0.0,101,16.0,86,13.5,81,12.0,412372,7.0,0,0.0,0,0.0,-42,-6.0
"47011","3","10","71","0","2017","4","",16,3993,4035,3977,38560614,49384,714,741,"",0.51,0.96,0.92,0.89,0.97,0.06,0.25,1.06,"",-1,-5.9,-27,-0.7,-18,-0.4,-39,-1.0,1415043,3.8,3954,8.7,-28,-3.8,32,4.5
"47011","5","10","71","0","2017","4","",1822,37252,39279,40314,412725653,42518602,552838,815,"",1.01,1.04,1.04,1.05,1.05,1.03,1.01,1.00,"",-27,-1.5,-1190,-3.1,382,1.0,-1740,-4.1,7610563,1.9,-4189368,-9.0,84,0.0,32,4.1
"47013","0","10","70","0","2017","4","",631,9292,9262,9249,83677919,6835416,159606,695,"",1.00,1.00,1.00,1.00,1.00,1.00,1.00,1.00,"",12,1.9,101,1.1,126,1.4,129,1.4,3731787,4.7,814849,13.5,56815,55.3,23,3.4
"47013","1","10","71","0","2017","4","",9,81,78,80,1229446,0,0,1187,"",2.38,0.45,0.44,0.45,0.53,0.00,0.00,1.19,"",0,0.0,4,5.2,0,0.0,1,1.3,74122,6.4,0,0.0,0,0.0,48,4.2
"47013","2","10","71","0","2017","4","",17,281,278,271,2801434,0,0,779,"",3.84,0.94,0.94,0.92,1.03,0.00,0.00,1.10,"",0,0.0,12,4.5,9,3.3,4,1.5,217855,8.4,0,0.0,0,0.0,38,5.1
"47013","3","10","71","0","2017","4","",13,1681,1683,1679,13317805,36972,526,609,"",1.21,1.83,1.83,1.83,1.85,0.27,0.63,1.01,"",0,0.0,-69,-3.9,-70,-4.0,-73,-4.2,226236,1.7,-540,-1.4,11,2.1,34,5.9
"47013","5","10","71","0","2017","4","",592,7249,7223,7219,66329234,6798444,159080,706,"",0.97,0.92,0.92,0.92,0.93,1.03,1.00,1.01,"",12,2.1,154,2.2,187,2.7,197,2.8,3213574,5.1,815389,13.6,56804,55.5,17,2.5
"47015","0","10","70","0","2017","4","",214,2223,2239,2247,21100022,1485557,18478,726,"",1.00,1.00,1.00,1.00,1.00,1.00,1.00,1.00,"",7,3.4,64,3.0,65,3.0,6,0.3,2234754,11.8,-265131,-15.1,970,5.5,64,9.7
"47015","1","10","71","0","2017","4","",6,29,28,32,384306,0,0,996,"",4.67,0.68,0.65,0.74,0.66,0.00,0.00,0.96,"",0,0.0,3,11.5,-2,-6.7,0,0.0,38208,11.0,0,0.0,0,0.0,88,9.7
"47015","2","10","71","0","2017","4","",6,20,20,20,192811,0,0,742,"",4.00,0.28,0.28,0.28,0.28,0.00,0.00,1.00,"",0,0.0,1,5.3,0,0.0,1,5.3,21019,12.2,0,0.0,0,0.0,58,8.5
"47015","3","10","71","0","2017","4","",7,537,536,548,3774861,64315,224,537,"",1.92,2.44,2.41,2.46,2.08,2.19,2.30,0.85,"",0,0.0,-10,-1.8,-6,-1.1,-4,-0.7,112952,3.1,-31218,-32.7,-234,-51.1,22,4.3
"47015","5","10","71","0","2017","4","",195,1637,1655,1647,16748044,1421242,18254,783,"",0.94,0.87,0.87,0.86,0.93,0.99,0.99,1.07,"",7,3.7,70,4.5,73,4.6,9,0.5,2062575,14.0,-233913,-14.1,1204,7.1,75,10.6
"47017","0","10","70","0","2017","4","",460,7363,7462,7480,67019717,5373185,74959,693,"",1.00,1.00,1.00,1.00,1.00,1.00,1.00,1.00,"",2,0.4,61,0.8,141,1.9,160,2.2,1468292,2.2,60187,1.1,-3109,-4.0,4,0.6
"47017","1","10","71","0","2017","4","",14,74,69,69,858757,0,0,935,"",5.07,0.52,0.48,0.48,0.47,0.00,0.00,0.94,"",-1,-6.7,2,2.8,-6,-8.0,-6,-8.0,-38211,-4.3,0,0.0,0,0.0,3,0.3
"47017","2","10","71","0","2017","4","",15,218,216,216,2353859,5873,47,836,"",4.65,0.92,0.90,0.91,1.08,0.09,0.48,1.18,"",0,0.0,4,1.9,0,0.0,-1,-0.5,162326,7.4,472,8.7,-34,-42.0,54,6.9
"47017","3","10","71","0","2017","4","",25,1363,1370,1362,11170760,186685,1009,630,"",3.20,1.87,1.85,1.84,1.94,1.76,2.56,1.05,"",0,0.0,20,1.5,10,0.7,10,0.7,325941,3.0,-33466,-15.2,-416,-29.2,13,2.1
"47017","5","10","71","0","2017","4","",406,5708,5807,5833,52636341,5180627,73903,700,"",0.91,0.91,0.92,0.92,0.92,1.00,0.99,1.00,"",3,0.7,35,0.6,137,2.4,157,2.8,1018236,2.0,93181,1.8,-2659,-3.5,0,0.0
"47019","0","10","70","0","2017","4","",695,11287,11282,11153,104238382,6809312,113502,713,"",1.00,1.00,1.00,1.00,1.00,1.00,1.00,1.00,"",12,1.8,200,1.8,187,1.7,182,1.7,7793328,8.1,-88899,-1.3,12777,12.7,42,6.3
"47019","1","10","71","0","2017","4","",9,82,82,80,1137207,0,0,1076,"",2.16,0.38,0.38,0.37,0.40,0.00,0.00,1.06,"",0,0.0,4,5.1,4,5.1,1,1.3,-157371,-12.2,0,0.0,0,0.0,-195,-15.3
"47019","2","10","71","0","2017","4","",15,204,203,204,2268065,0,0,857,"",3.08,0.56,0.56,0.57,0.67,0.00,0.00,1.18,"",0,0.0,17,9.1,11,5.7,9,4.6,220457,10.8,0,0.0,0,0.0,34,4.1
"47019","3","10","71","0","2017","4","",17,2247,2264,2254,17724530,110257,1010,605,"",1.44,2.01,2.02,2.04,1.98,0.82,1.69,0.98,"",0,0.0,-30,-1.3,-21,-0.9,-35,-1.5,125402,0.7,-42760,-27.9,-669,-39.8,12,2.0
"47019","5","10","71","0","2017","4","",654,8754,8733,8615,83108580,6699055,112492,735,"",0.97,0.91,0.91,0.91,0.93,1.02,1.00,1.03,"",12,1.9,209,2.4,193,2.3,207,2.5,7604840,10.1,-46139,-0.7,13446,13.6,52,7.6
"47021","0","10","70","0","2017","4","",672,8529,8526,8555,90374916,7109049,97246,814,"",1.00,1.00,1.00,1.00,1.00,1.00,1.00,1.00,"",38,6.0,506,6.3,428,5.3,454,5.6,5511680,6.5,852831,13.6,16674,20.7,5,0.6
"47021","1","10","71","0","2017","4","",9,73,74,74,1103743,0,0,1153,"",2.23,0.44,0.45,0.45,0.44,0.00,0.00,0.99,"",0,0.0,1,1.4,1,1.4,-9,-10.8,30362,2.8,0,0.0,0,0.0,67,6.2
"47021","2","10","71","0","2017","4","",13,76,76,75,1020706,0,0,1038,"",2.76,0.28,0.28,0.27,0.35,0.00,0.00,1.25,"",-1,-7.1,-3,-3.8,-3,-3.8,-5,-6.2,40256,4.1,0,0.0,0,0.0,87,9.1
"47021","3","10","71","0","2017","4","",13,1387,1401,1378,12183241,56794,417,675,"",1.14,1.64,1.65,1.63,1.57,0.40,0.81,0.96,"",0,0.0,14,1.0,3,0.2,7,0.5,176237,1.5,416,0.7,-55,-11.7,6,0.9
"47021","5","10","71","0","2017","4","",637,6993,6975,7028,76067226,7052255,96829,836,"",0.98,0.97,0.96,0.97,0.99,1.03,1.00,1.02,"",39,6.5,494,7.6,427,6.5,461,7.0,5264825,7.4,852415,13.7,16729,20.9,3,0.4
"47023","0","10","70","0","2017","4","",268,3875,3872,3854,36577635,2669386,44666,728,"",1.00,1.00,1.00,1.00,1.00,1.00,1.00,1.00,"",1,0.4,158,4.3,170,4.6,150,4.0,933257,2.6,183527,7.4,3695,9.0,-12,-1.6
"47023","1","10","71","0","2017","4","",4,35,36,37,456579,0,0,976,"",2.49,0.47,0.49,0.50,0.45,0.00,0.00,0.94,"",0,0.0,-1,-2.8,3,9.1,3,8.8,30679,7.2,0,0.0,0,0.0,22,2.3
"47023","2","10","71","0","2017","4","",8,51,51,51,471121,0,0,711,"",4.26,0.41,0.41,0.41,0.39,0.00,0.00,0.96,"",0,0.0,0,0.0,-1,-1.9,0,0.0,15912,3.5,0,0.0,0,0.0,29,4.3
"47023","3","10","71","0","2017","4","",9,1051,1055,1062,8466160,370487,9328,617,"",1.98,2.74,2.74,2.78,2.69,7.01,39.68,0.98,"",2,28.6,86,8.9,81,8.3,95,9.8,214640,2.6,-8335,-2.2,-839,-8.3,-38,-5.8
"47023","5","10","71","0","2017","4","",247,2738,2730,2704,27183775,2298899,35338,768,"",0.95,0.83,0.83,0.83,0.87,0.89,0.80,1.05,"",-1,-0.4,73,2.7,87,3.3,52,2.0,672026,2.5,191862,9.1,4534,14.7,-1,-0.1
"47025","0","10","70","0","2017","4","",493,9103,9097,9100,86974941,5843466,74495,735,"",1.00,1.00,1.00,1.00,1.00,1.00,1.00,1.00,"",7,1.4,261,3.0,272,3.1,226,2.5,6950367,8.7,1068366,22.4,15678,26.7,39,5.6
"47025","1","10","71","0","2017","4","",9,62,60,60,763249,0,0,968,"",3.04,0.35,0.34,0.34,0.32,0.00,0.00,0.92,"",0,0.0,1,1.6,-1,-1.6,-3,-4.8,3651,0.5,0,0.0,0,0.0,20,2.1
"47025","2","10","71","0","2017","4","",11,60,61,61,671934,0,0,852,"",3.18,0.21,0.21,0.21,0.24,0.00,0.00,1.14,"",-1,-8.3,0,0.0,0,0.0,-1,-1.6,42502,6.8,0,0.0,0,0.0,58,7.3
"47025","3","10","71","0","2017","4","",27,1708,1697,1712,12579409,225524,4119,567,"",3.22,1.89,1.88,1.90,1.68,1.95,10.51,0.89,"",0,0.0,-67,-3.8,-69,-3.9,-53,-3.0,-24569,-0.2,14433,6.8,208,5.3,19,3.5
"47025","5","10","71","0","2017","4","",446,7273,7279,7267,72960349,5617942,70376,772,"",0.93,0.94,0.94,0.94,0.98,0.99,0.95,1.04,"",8,1.8,327,4.7,342,4.9,283,4.1,6928783,10.5,1053933,23.1,15470,28.2,42,5.8
"47027","0","10","70","0","2017","4","",131,1633,1615,1621,12871980,1161311,13946,610,"",1.00,1.00,1.00,1.00,1.00,1.00,1.00,1.00,"",-3,-2.2,26,1.6,33,2.1,17,1.1,381659,3.1,56325,5.1,2428,21.1,9,1.5
"47027","1","10","71","0","2017","4","",4,45,46,42,692193,0,0,1201,"",5.09,1.43,1.49,1.34,1.96,0.00,0.00,1.38,"",0,0.0,-1,-2.2,1,2.2,-2,-4.5,52354,8.2,0,0.0,0,0.0,107,9.8
"47027","2","10","71","0","2017","4","",6,16,16,16,162872,0,0,783,"",6.54,0.31,0.31,0.31,0.39,0.00,0.00,1.26,"",0,0.0,-1,-5.9,-1,-5.9,-1,-5.9,-9685,-5.6,0,0.0,0,0.0,2,0.3
"47027","3","10","71","0","2017","4","",8,420,417,418,2656360,260099,2006,488,"",3.59,2.60,2.60,2.61,2.40,11.31,27.33,0.92,"",0,0.0,12,2.9,5,1.2,-14,-3.2,117701,4.6,24524,10.4,88,4.6,20,4.3
"47027","5","10","71","0","2017","4","",113,1152,1136,1145,9360555,901212,11940,629,"",0.89,0.83,0.83,0.83,0.85,0.80,0.86,1.03,"",-3,-2.6,16,1.4,28,2.5,34,3.1,221289,2.4,31801,3.7,2340,24.4,0,0.0
"47029","0","10","70","0","2017","4","",506,7695,7494,7477,69896385,4664862,49571,712,"",1.00,1.00,1.00,1.00,1.00,1.00,1.00,1.00,"",17,3.5,28,0.4,18,0.2,49,0.7,4976915,7.7,-75357,-1.6,1560,3.2,48,7.2
"47029","1","10","71","0","2017","4","",8,55,53,58,737131,0,0,1025,"",2.64,0.37,0.37,0.40,0.38,0.00,0.00,1.01,"",0,0.0,-2,-3.5,-5,-8.6,-6,-9.4,-32467,-4.2,0,0.0,0,0.0,33,3.3
"47029","2","10","71","0","2017","4","",14,126,127,126,1433270,5760,17,873,"",3.95,0.51,0.53,0.53,0.63,0.10,0.26,1.20,"",-1,-6.7,3,2.4,2,1.6,-1,-0.8,70126,5.1,240,4.3,0,0.0,34,4.1
"47029","3","10","71","0","2017","4","",17,1640,1649,1649,13650945,230692,3375,638,"",1.98,2.15,2.22,2.23,2.27,2.50,12.94,1.03,"",0,0.0,-105,-6.0,-85,-4.9,-94,-5.4,219008,1.6,6869,3.1,151,4.7,44,7.4
"47029","5","10","71","0","2017","4","",467,5874,5665,5644,54075039,4428410,46179,726,"",0.95,0.90,0.89,0.89,0.91,0.98,0.94,1.01,"",18,4.0,132,2.3,106,1.9,150,2.7,4720248,9.6,-82466,-1.8,1409,3.1,48,7.1
"47031","0","10","70","0","2017","4","",1298,26108,26278,26288,311491329,20586032,219485,914,"",1.00,1.00,1.00,1.00,1.00,1.00,1.00,1.00,"",-1,-0.1,296,1.1,334,1.3,361,1.4,9020553,3.0,-4061481,-16.5,-112533,-33.9,15,1.7
"47031","1","10","71","0","2017","4","",22,496,502,504,9299064,0,0,1429,"",2.83,0.99,1.00,1.00,1.09,0.00,0.00,1.09,"",1,4.8,-14,-2.7,-14,-2.7,-17,-3.3,-103202,-1.1,0,0.0,0,0.0,26,1.9
"47031","2","10","71","0","2017","4","",19,275,272,271,3240973,0,0,914,"",2.09,0.33,0.32,0.32,0.32,0.00,0.00,0.98,"",0,0.0,-2,-0.7,-9,-3.2,-15,-5.2,105487,3.4,0,0.0,0,0.0,57,6.7
"47031","3","10","71","0","2017","4","",35,2702,2680,2688,24234909,670029,4331,693,"",1.59,1.04,1.03,1.03,0.90,1.64,3.75,0.87,"",0,0.0,48,1.8,-12,-0.4,5,0.2,727464,3.1,3273,0.5,-1227,-22.1,17,2.5
"47031","5","10","71","0","2017","4","",1222,22635,22824,22825,274716383,19916003,215154,928,"",0.97,1.02,1.02,1.02,1.03,1.00,0.99,1.01,"",-2,-0.2,264,1.2,369,1.6,388,1.7,8290804,3.1,-4064754,-17.0,-111306,-34.1,14,1.5
"47033","0","10","70","0","2017","4","",271,3877,3860,3861,40364793,3342806,98932,803,"",1.00,1.00,1.00,1.00,1.00,1.00,1.00,1.00,"",4,1.5,15,0.4,57,1.5,79,2.1,2479093,6.5,53340,1.6,12122,14.0,39,5.1
"47033","1","10","71","0","2017","4","",9,31,33,32,430420,0,0,1035,"",5.54,0.42,0.45,0.43,0.39,0.00,0.00,0.90,"",0,0.0,2,6.9,0,0.0,-4,-11.1,31482,7.9,0,0.0,0,0.0,96,10.2
"47033","2","10","71","0","2017","4","",5,27,27,27,238376,0,0,679,"",2.63,0.22,0.22,0.22,0.18,0.00,0.00,0.83,"",0,0.0,-1,-3.6,-1,-3.6,-1,-3.6,11168,4.9,0,0.0,0,0.0,55,8.8
"47033","3","10","71","0","2017","4","",13,717,713,712,5681691,75144,656,612,"",2.82,1.87,1.86,1.86,1.64,1.14,1.26,0.88,"",0,0.0,1,0.1,-3,-0.4,-8,-1.1,157875,2.9,-251,-0.3,267,68.6,20,3.4
"47033","5","10","71","0","2017","4","",244,3102,3087,3090,34014306,3267662,98276,846,"",0.93,0.94,0.94,0.94,0.99,1.01,1.00,1.05,"",4,1.7,13,0.4,61,2.0,92,3.1,2278568,7.2,53591,1.7,11855,13.7,42,5.2
"47035","0","10","70","0","2017","4","",1109,17961,17766,17729,171724957,14358029,159608,741,"",1.00,1.00,1.00,1.00,1.00,1.00,1.00,1.00,"",0,0.0,-185,-1.0,-335,-1.9,-257,-1.4,3397233,2.0,2927,0.0,-6660,-4.0,25,3.5
"47035","1","10","71","0","2017","4","",7,115,125,116,2224817,0,0,1442,"",1.05,0.33,0.37,0.34,0.47,0.00,0.00,1.36,"",0,0.0,5,4.5,5,4.2,-5,-4.1,103080,4.9,0,0.0,0,0.0,47,3.4
"47035","2","10","71","0","2017","4","",14,316,312,306,2996085,0,0,740,"",1.80,0.55,0.55,0.54,0.53,0.00,0.00,0.98,"",0,0.0,-2,-0.6,-13,-4.0,-20,-6.1,-22144,-0.7,0,0.0,0,0.0,21,2.9
"47035","3","10","71","0","2017","4","",15,1959,1969,1979,15679537,332401,2581,613,"",0.80,1.10,1.12,1.13,1.06,1.17,3.07,0.95,"",0,0.0,-22,-1.1,-15,-0.8,-2,-0.1,274199,1.8,-3417,-1.0,-491,-16.0,15,2.5
"47035","5","10","71","0","2017","4","",1073,15571,15360,15328,150824518,14025628,157027,752,"",1.00,1.02,1.02,1.02,1.03,1.01,0.99,1.01,"",0,0.0,-166,-1.1,-312,-2.0,-230,-1.5,3042098,2.1,6344,0.0,-6169,-3.8,26,3.6
"47037","0","10","70","0","2017","4","",22648,491704,494123,492960,7668513772,414536621,5225183,1197,"",1.00,1.00,1.00,1.00,1.00,1.00,1.00,1.00,"",888,4.1,13652,2.9,13118,2.7,11726,2.4,407320203,5.6,15530375,3.9,-108656,-2.0,34,2.9
"47037","1","10","71","0","2017","4","",98,8170,8158,8232,167608385,0,0,1575,"",0.72,0.86,0.86,0.87,0.80,0.00,0.00,0.92,"",0,0.0,-99,-1.2,-179,-2.1,-121,-1.4,73679,0.0,0,0.0,0,0.0,26,1.7
"47037","2","10","71","0","2017","4","",70,19955,20049,20095,283470950,0,0,1088,"",0.44,1.26,1.27,1.28,1.13,0.00,0.00,0.89,"",-1,-1.4,694,3.6,581,3.0,878,4.6,17924268,6.7,0,0.0,0,0.0,30,2.8
"47037","3","10","71","0","2017","4","",29,24302,24374,24437,340778608,846415,6195,1076,"",0.08,0.50,0.50,0.50,0.52,0.10,0.23,1.04,"",0,0.0,69,0.3,-273,-1.1,-117,-0.5,14602708,4.5,-3961,-0.5,-2127,-25.6,51,5.0
"47037","5","10","71","0","2017","4","",22451,439277,441542,440196,6876655829,413690206,5218988,1201,"",1.02,1.05,1.05,1.05,1.05,1.03,1.01,1.00,"",889,4.1,12988,3.0,12989,3.0,11086,2.6,374719548,5.8,15534336,3.9,-106529,-2.0,32,2.7
"47039","0","10","70","0","2017","4","",216,3560,3545,3580,34202205,2162611,24773,739,"",1.00,1.00,1.00,1.00,1.00,1.00,1.00,1.00,"",-7,-3.1,-10,-0.3,-42,-1.2,-24,-0.7,1526288,4.7,72690,3.5,883,3.7,38,5.4
"47039","1","10","71","0","2017","4","",6,26,27,28,307822,0,0,877,"",4.63,0.38,0.40,0.41,0.33,0.00,0.00,0.83,"",0,0.0,-1,-3.7,-1,-3.6,0,0.0,-11325,-3.5,0,0.0,0,0.0,-10,-1.1
"47039","2","10","71","0","2017","4","",8,34,35,35,500632,0,0,1111,"",5.29,0.30,0.31,0.31,0.45,0.00,0.00,1.47,"",-1,-11.1,-1,-2.9,-1,-2.8,-1,-2.8,9075,1.8,0,0.0,0,0.0,51,4.8
"47039","3","10","71","0","2017","4","",9,703,697,717,4381418,125913,1910,478,"",2.45,1.99,1.98,2.02,1.49,2.94,14.65,0.75,"",0,0.0,10,1.4,11,1.6,15,2.1,-72884,-1.6,-18027,-12.5,-588,-23.5,-16,-3.2
"47039","5","10","71","0","2017","4","",193,2797,2786,2800,29012333,2036698,22863,799,"",0.92,0.92,0.93,0.92,0.99,0.97,0.93,1.08,"",-6,-3.0,-18,-0.6,-51,-1.8,-38,-1.3,1601422,5.8,90717,4.7,1471,6.9,54,7.2
"47041","0","10","70","0","2017","4","",339,5509,5516,5539,54530527,3491090,41969,760,"",1.00,1.00,1.00,1.00,1.00,1.00,1.00,1.00,"",21,6.6,-84,-1.5,-107,-1.9,-17,-0.3,-347802,-0.6,-1989379,-36.3,-33534,-44.4,5,0.7
"47041","1","10","71","0","2017","4","",7,33,35,38,538835,0,0,1173,"",3.44,0.31,0.33,0.36,0.36,0.00,0.00,1.08,"",0,0.0,-2,-5.7,-2,-5.4,-2,-5.0,5444,1.0,0,0.0,0,0.0,74,6.7
"47041","2","10","71","0","2017","4","",8,54,51,50,493835,0,0,735,"",3.37,0.31,0.29,0.28,0.28,0.00,0.00,0.95,"",0,0.0,5,10.2,1,2.0,1,2.0,16994,3.6,0,0.0,0,0.0,-9,-1.2
"47041","3","10","71","0","2017","4","",13,886,886,887,6983157,151692,1539,606,"",2.26,1.62,1.62,1.62,1.49,2.19,6.97,0.92,"",0,0.0,-9,-1.0,-1,-0.1,-9,-1.0,209618,3.1,18367,13.8,210,15.8,22,3.8
"47041","5","10","71","0","2017","4","",311,4536,4544,4564,46514700,3339398,40430,787,"",0.95,0.97,0.97,0.97,1.00,0.99,0.97,1.03,"",21,7.2,-78,-1.7,-105,-2.3,-7,-0.2,-579858,-1.2,-2007746,-37.5,-33744,-45.5,1,0.1
"47043","0","10","70","0","2017","4","",1011,17183,17354,17349,179306923,13695730,158179,797,"",1.00,1.00,1.00,1.00,1.00,1.00,1.00,1.00,"",10,1.0,600,3.6,500,3.0,326,1.9,8863485,5.2,-212530,-1.5,-11640,-6.9,18,2.3
"47043","1","10","71","0","2017","4","",11,86,89,88,1417379,0,0,1244,"",1.81,0.26,0.27,0.26,0.29,0.00,0.00,1.09,"",0,0.0,2,2.4,5,6.0,0,0.0,142154,11.1,0,0.0,0,0.0,94,8.2
"47043","2","10","71","0","2017","4","",15,319,325,311,3229823,0,0,780,"",2.12,0.58,0.58,0.56,0.55,0.00,0.00,0.96,"",0,0.0,24,8.1,28,9.4,15,5.1,280934,9.5,0,0.0,0,0.0,14,1.8
"47043","3","10","71","0","2017","4","",27,2198,2208,2203,20730037,420713,2446,724,"",1.57,1.29,1.28,1.28,1.34,1.55,2.94,1.05,"",0,0.0,31,1.4,25,1.1,7,0.3,958794,4.8,17063,4.2,-237,-8.8,27,3.9
"47043","5","10","71","0","2017","4","",958,14580,14732,14747,153929684,13275017,155733,806,"",0.98,1.00,1.00,1.00,1.01,1.00,0.99,1.01,"",10,1.1,543,3.9,442,3.1,304,2.1,7481603,5.1,-229593,-1.7,-11403,-6.8,16,2.0
"47045","0","10","70","0","2017","4","",826,15120,15240,15234,157113558,11178793,160275,795,"",1.00,1.00,1.00,1.00,1.00,1.00,1.00,1.00,"",3,0.4,-380,-2.5,-277,-1.8,-247,-1.6,1888870,1.2,-992846,-8.2,13111,8.9,25,3.2
"47045","1","10","71","0","2017","4","",13,98,93,95,1492967,0,0,1205,"",2.62,0.34,0.32,0.32,0.35,0.00,0.00,1.06,"",-1,-7.1,-1,-1.0,-4,-4.1,-5,-5.0,5594,0.4,0,0.0,0,0.0,45,3.9
"47045","2","10","71","0","2017","4","",19,556,581,568,5578072,0,0,755,"",3.28,1.15,1.19,1.17,1.09,0.00,0.00,0.93,"",-1,-5.0,-29,-5.0,-23,-3.8,-31,-5.2,-143975,-2.5,0,0.0,0,0.0,16,2.2
"47045","3","10","71","0","2017","4","",16,1827,1838,1826,15883663,114699,412,668,"",1.14,1.22,1.21,1.21,1.18,0.52,0.49,0.97,"",0,0.0,11,0.6,14,0.8,7,0.4,698826,4.6,-22481,-16.4,-256,-38.3,26,4.0
"47045","5","10","71","0","2017","4","",778,12639,12728,12745,134158856,11064094,159863,812,"",0.97,0.98,0.98,0.98,1.00,1.02,1.00,1.02,"",5,0.6,-361,-2.8,-264,-2.0,-218,-1.7,1328425,1.0,-970365,-8.1,13367,9.1,25,3.2
"47047","0","10","70","0","2017","4","",606,7945,7861,7859,122853918,5724956,79544,1198,"",1.00,1.00,1.00,1.00,1.00,1.00,1.00,1.00,"",10,1.7,174,2.2,43,0.6,105,1.4,30279940,32.7,-225935,-3.8,987,1.3,283,30.9
"47047","1","10","71","0","2017","4","",10,57,56,56,763715,0,0,1043,"",2.75,0.37,0.37,0.37,0.23,0.00,0.00,0.61,"",0,0.0,6,11.8,1,1.8,-2,-3.4,20023,2.7,0,0.0,0,0.0,-3,-0.3
"47047","2","10","71","0","2017","4","",10,253,247,249,2884187,0,0,889,"",2.36,0.99,0.98,0.99,0.72,0.00,0.00,0.73,"",0,0.0,-16,-5.9,-24,-8.9,-23,-8.5,314842,12.3,0,0.0,0,0.0,159,21.8
"47047","3","10","71","0","2017","4","",14,1068,1080,1073,9322189,94102,1791,668,"",1.36,1.36,1.38,1.38,0.88,0.83,4.28,0.64,"",0,0.0,-24,-2.2,-68,-5.9,-68,-6.0,249146,2.7,-14781,-13.6,-129,-6.7,49,7.9
"47047","5","10","71","0","2017","4","",572,6567,6478,6481,109883827,5630854,77753,1299,"",0.97,0.97,0.97,0.97,1.05,1.02,0.98,1.08,"",10,1.8,208,3.3,134,2.1,198,3.2,29695929,37.0,-211154,-3.6,1116,1.5,324,33.2
"47049","0","10","70","0","2017","4","",287,4796,4801,4826,41100236,3348884,29567,658,"",1.00,1.00,1.00,1.00,1.00,1.00,1.00,1.00,"",13,4.7,-74,-1.5,-115,-2.3,9,0.2,638551,1.6,-270330,-7.5,-7890,-21.1,19,3.0
"47049","1","10","71","0","2017","4","",9,37,36,41,476958,0,0,966,"",5.23,0.40,0.39,0.44,0.42,0.00,0.00,1.03,"",0,0.0,-2,-5.1,-3,-7.7,-2,-4.7,5730,1.2,0,0.0,0,0.0,67,7.5
"47049","2","10","71","0","2017","4","",8,134,133,134,1387021,0,0,798,"",3.98,0.87,0.86,0.87,1.03,0.00,0.00,1.19,"",0,0.0,27,25.2,21,18.8,21,18.6,200966,16.9,0,0.0,0,0.0,-26,-3.2
"47049","3","10","71","0","2017","4","",11,717,726,720,5510677,185722,3243,588,"",2.25,1.51,1.52,1.51,1.56,2.80,20.84,1.03,"",0,0.0,-38,-5.0,-77,-9.6,-28,-3.7,-1710,0.0,46107,33.0,200,6.6,36,6.5
"47049","5","10","71","0","2017","4","",259,3908,3906,3931,33725580,3163162,26324,663,"",0.93,0.96,0.96,0.96,0.96,0.98,0.90,1.00,"",13,5.3,-61,-1.5,-56,-1.4,18,0.5,433565,1.3,-316437,-9.1,-8090,-23.5,14,2.2
"47051","0","10","70","0","2017","4","",796,11867,11827,11812,108047311,7343962,79871,702,"",1.00,1.00,1.00,1.00,1.00,1.00,1.00,1.00,"",24,3.1,-215,-1.8,-295,-2.4,-281,-2.3,2166678,2.0,-1443592,-16.4,-20471,-20.4,29,4.3
"47051","1","10","71","0","2017","4","",16,122,126,122,2123772,0,0,1325,"",3.35,0.53,0.56,0.54,0.72,0.00,0.00,1.32,"",0,0.0,-1,-0.8,3,2.4,-6,-4.7,74040,3.6,0,0.0,0,0.0,60,4.7
"47051","2","10","71","0","2017","4","",14,253,250,246,2830124,0,0,872,"",2.51,0.66,0.66,0.65,0.80,0.00,0.00,1.22,"",0,0.0,4,1.6,2,0.8,0,0.0,164433,6.2,0,0.0,0,0.0,44,5.3
"47051","3","10","71","0","2017","4","",20,1520,1515,1521,12589416,165191,1421,638,"",1.48,1.29,1.29,1.30,1.36,1.14,3.38,1.05,"",0,0.0,-125,-7.6,-129,-7.8,-136,-8.2,345679,2.8,-69242,-29.5,-1148,-44.7,67,11.7
"47051","5","10","71","0","2017","4","",746,9972,9936,9923,90503999,7178771,78450,700,"",0.97,0.99,0.99,0.99,0.98,1.01,0.99,0.99,"",24,3.3,-93,-0.9,-171,-1.7,-139,-1.4,1582526,1.8,-1374350,-16.1,-19323,-19.8,21,3.1
"47053","0","10","70","0","2017","4","",962,13980,14020,14008,135147272,10777881,125699,742,"",1.00,1.00,1.00,1.00,1.00,1.00,1.00,1.00,"",-3,-0.3,-35,-0.2,26,0.2,-10,-0.1,4362424,3.3,654746,6.5,-10090,-7.4,24,3.3
"47053","1","10","71","0","2017","4","",18,143,140,137,2009114,0,0,1104,"",3.12,0.53,0.52,0.51,0.54,0.00,0.00,1.04,"",0,0.0,-3,-2.1,-4,-2.8,-13,-8.7,-67009,-3.2,0,0.0,0,0.0,15,1.4
"47053","2","10","71","0","2017","4","",15,200,202,202,2397233,0,0,916,"",2.23,0.45,0.45,0.45,0.54,0.00,0.00,1.21,"",0,0.0,7,3.6,9,4.7,10,5.2,177845,8.0,0,0.0,0,0.0,30,3.4
"47053","3","10","71","0","2017","4","",30,2380,2386,2398,21011090,183004,1771,677,"",1.83,1.72,1.71,1.73,1.81,0.86,2.68,1.05,"",0,0.0,-32,-1.3,-12,-0.5,-28,-1.2,568364,2.8,49430,37.0,642,56.9,25,3.8
"47053","5","10","71","0","2017","4","",899,11257,11292,11271,109729835,10594877,123928,749,"",0.96,0.95,0.95,0.95,0.95,1.02,0.99,1.00,"",-3,-0.3,-7,-0.1,33,0.3,21,0.2,3683224,3.5,605316,6.1,-10732,-8.0,24,3.3
"47055","0","10","70","0","2017","4","",605,10755,10846,10827,113005913,9326423,118093,804,"",1.00,1.00,1.00,1.00,1.00,1.00,1.00,1.00,"",-1,-0.2,-139,-1.3,-121,-1.1,-236,-2.1,3300954,3.0,-1444487,-13.4,-9357,-7.3,35,4.6
"47055","1","10","71","0","2017","4","",10,67,64,67,883711,0,0,1030,"",2.76,0.32,0.31,0.32,0.28,0.00,0.00,0.90,"",0,0.0,1,1.5,-5,-7.2,-3,-4.3,58830,7.1,0,0.0,0,0.0,101,10.9
"47055","2","10","71","0","2017","4","",13,140,140,145,1535393,0,0,834,"",3.07,0.41,0.40,0.42,0.42,0.00,0.00,1.02,"",-1,-7.1,7,5.3,7,5.3,13,9.8,134624,9.6,0,0.0,0,0.0,22,2.7
"47055","3","10","71","0","2017","4","",22,1183,1184,1187,9704410,171987,1330,630,"",2.14,1.11,1.10,1.11,1.00,0.93,2.14,0.90,"",0,0.0,-54,-4.4,-53,-4.3,-54,-4.4,162807,1.7,-54272,-24.0,-398,-23.0,37,6.2
"47055","5","10","71","0","2017","4","",560,9365,9458,9428,100882399,9154436,116763,824,"",0.95,1.02,1.03,1.02,1.05,1.01,1.00,1.02,"",0,0.0,-93,-1.0,-70,-0.7,-192,-2.0,2944693,3.0,-1390215,-13.2,-8959,-7.1,34,4.3
"47057","0","10","70","0","2017","4","",276,3808,3773,3758,40873150,2466085,29117,832,"",1.00,1.00,1.00,1.00,1.00,1.00,1.00,1.00,"",2,0.7,61,1.6,65,1.8,69,1.9,3235642,8.6,-54138,-2.1,-2395,-7.6,53,6.8
"47057","1","10","71","0","2017","4","",7,60,61,61,872265,0,0,1106,"",4.23,0.82,0.84,0.84,0.78,0.00,0.00,0.93,"",0,0.0,2,3.4,5,8.9,1,1.7,-19552,-2.2,0,0.0,0,0.0,-77,-6.5
"47057","2","10","71","0","2017","4","",8,68,68,68,721147,0,0,816,"",4.14,0.56,0.56,0.57,0.54,0.00,0.00,0.96,"",-1,-11.1,2,3.0,1,1.5,1,1.5,49884,7.4,0,0.0,0,0.0,41,5.3
"47057","3","10","71","0","2017","4","",12,758,755,766,6742217,145183,2691,683,"",2.56,2.01,2.02,2.06,1.92,2.97,17.56,0.95,"",0,0.0,-6,-0.8,-10,-1.3,5,0.7,154234,2.3,-35314,-19.6,-955,-26.2,19,2.9
"47057","5","10","71","0","2017","4","",249,2922,2889,2863,32537521,2320902,26426,866,"",0.93,0.90,0.90,0.90,0.93,0.97,0.91,1.04,"",3,1.2,63,2.2,69,2.4,62,2.2,3051076,10.3,-18824,-0.8,-1440,-5.2,64,8.0
"47059","0","10","70","0","2017","4","",1171,25504,25737,25679,257999123,20672143,229594,774,"",1.00,1.00,1.00,1.00,1.00,1.00,1.00,1.00,"",4,0.3,-552,-2.1,-436,-1.7,-260,-1.0,10869836,4.4,-226361,-1.1,13610,6.3,44,6.0
"47059","1","10","71","0","2017","4","",15,223,223,218,3778279,0,0,1313,"",2.14,0.45,0.45,0.44,0.53,0.00,0.00,1.19,"",0,0.0,-2,-0.9,-1,-0.4,-7,-3.1,147605,4.1,0,0.0,0,0.0,70,5.6
"47059","2","10","71","0","2017","4","",18,577,566,575,6162457,0,0,828,"",2.19,0.70,0.69,0.70,0.73,0.00,0.00,1.05,"",-1,-5.3,-320,-35.7,-326,-36.5,-311,-35.1,-2983195,-32.6,0,0.0,0,0.0,39,4.9
"47059","3","10","71","0","2017","4","",20,2470,2570,2519,22096567,298176,1334,675,"",1.00,0.98,1.01,0.99,1.00,0.73,1.10,1.01,"",0,0.0,-2,-0.1,101,4.1,13,0.5,806464,3.8,61750,26.1,-56,-4.0,15,2.3
"47059","5","10","71","0","2017","4","",1118,22234,22378,22367,225961820,20373967,228260,779,"",0.98,1.03,1.02,1.02,1.03,1.02,1.00,1.00,"",5,0.4,-228,-1.0,-210,-0.9,45,0.2,12898962,6.1,-288111,-1.4,13666,6.4,49,6.7
"47061","0","10","70","0","2017","4","",174,2045,2037,2051,14562749,1324514,21027,548,"",1.00,1.00,1.00,1.00,1.00,1.00,1.00,1.00,"",1,0.6,-26,-1.3,-28,-1.4,13,0.6,380233,2.7,6920,0.5,2605,14.1,18,3.4
"47061","1","10","71","0","2017","4","",8,20,21,22,270402,0,0,990,"",7.67,0.51,0.54,0.56,0.68,0.00,0.00,1.26,"",0,0.0,-1,-4.8,1,5.0,2,10.0,24548,10.0,0,0.0,0,0.0,60,6.5
"47061","2","10","71","0","2017","4","",8,54,56,57,523479,0,0,723,"",6.56,0.82,0.86,0.87,1.10,0.00,0.00,1.29,"",0,0.0,7,14.9,8,16.7,10,21.3,96350,22.6,0,0.0,0,0.0,29,4.2
"47061","3","10","71","0","2017","4","",11,651,652,678,4615479,96396,1166,538,"",3.72,3.21,3.22,3.34,3.69,3.68,10.54,1.13,"",0,0.0,-12,-1.8,-3,-0.5,9,1.3,269011,6.2,2396,2.5,41,3.6,33,6.5
"47061","5","10","71","0","2017","4","",147,1320,1308,1294,9153389,1228118,19861,539,"",0.87,0.76,0.76,0.74,0.74,0.96,0.95,0.98,"",1,0.7,-20,-1.5,-34,-2.5,-8,-0.6,-9676,-0.1,4524,0.4,2564,14.8,8,1.5
"47063","0","10","70","0","2017","4","",1339,31539,31791,32050,324413489,25580052,234752,785,"",1.00,1.00,1.00,1.00,1.00,1.00,1.00,1.00,"",20,1.5,483,1.6,644,2.1,648,2.1,18244606,6.0,1181786,4.8,-132106,-36.0,30,4.0
"47063","1","10","71","0","2017","4","",14,173,177,173,3096425,0,0,1366,"",1.74,0.28,0.29,0.28,0.35,0.00,0.00,1.22,"",0,0.0,7,4.2,7,4.1,1,0.6,206285,7.1,0,0.0,0,0.0,53,4.0
"47063","2","10","71","0","2017","4","",17,1128,1070,1075,10419944,0,0,735,"",1.81,1.11,1.05,1.05,0.98,0.00,0.00,0.92,"",0,0.0,48,4.4,-11,-1.0,-59,-5.2,404656,4.0,0,0.0,0,0.0,34,4.9
"47063","3","10","71","0","2017","4","",37,2711,2710,2756,26088499,273537,7979,736,"",1.63,0.87,0.86,0.87,0.94,0.54,6.46,1.08,"",0,0.0,-69,-2.5,-86,-3.1,-44,-1.6,777249,3.1,597,0.2,-171,-2.1,39,5.6
"47063","5","10","71","0","2017","4","",1271,27527,27834,28046,284808621,25306515,226773,788,"",0.98,1.03,1.03,1.03,1.03,1.02,0.97,1.00,"",20,1.6,497,1.8,734,2.7,750,2.7,16856416,6.3,1181189,4.9,-131935,-36.8,29,3.8
"47065","0","10","70","0","2017","4","",9692,201345,203366,203595,2751191468,160781590,1788607,1044,"",1.00,1.00,1.00,1.00,1.00,1.00,1.00,1.00,"",320,3.4,3615,1.8,4482,2.3,4100,2.1,154620813,6.0,1580595,1.0,52153,3.0,39,3.9
"47065","1","10","71","0","2017","4","",59,5038,5025,5067,191482732,0,0,2921,"",1.01,1.30,1.29,1.29,2.53,0.00,0.00,1.96,"",0,0.0,-159,-3.1,-150,-2.9,-118,-2.3,-1901795,-1.0,0,0.0,0,0.0,52,1.8
"47065","2","10","71","0","2017","4","",29,4872,4870,4883,55001119,0,0,868,"",0.43,0.75,0.75,0.75,0.61,0.00,0.00,0.82,"",0,0.0,69,1.4,48,1.0,76,1.6,2620560,5.0,0,0.0,0,0.0,30,3.6
"47065","3","10","71","0","2017","4","",105,17830,17897,17992,233914499,292720,2413,1005,"",0.64,0.89,0.89,0.89,0.99,0.09,0.26,1.11,"",2,1.9,258,1.5,205,1.2,137,0.8,15516423,7.1,-2200864,-88.3,-6689,-73.5,56,5.9
"47065","5","10","71","0","2017","4","",9499,173605,175574,175653,2270793118,160488870,1786194,998,"",1.01,1.01,1.02,1.02,0.97,1.03,1.01,0.95,"",318,3.5,3447,2.0,4379,2.6,4005,2.3,138385625,6.5,3781459,2.4,58842,3.4,39,4.1
"47067","0","10","70","0","2017","4","",66,817,830,832,5804796,361422,5819,540,"",1.00,1.00,1.00,1.00,1.00,1.00,1.00,1.00,"",0,0.0,-65,-7.4,-49,-5.6,-44,-5.0,189325,3.4,6735,1.9,1430,32.6,49,10.0
"47067","1","10","71","0","2017","4","",1,9,10,9,124410,0,0,1025,"",2.53,0.57,0.63,0.56,0.78,0.00,0.00,1.33,"",0,0.0,-2,-18.2,0,0.0,-2,-18.2,-3456,-2.7,0,0.0,0,0.0,103,11.2
"47067","2","10","71","0","2017","4","",7,17,17,18,169199,1609,24,751,"",15.14,0.65,0.64,0.68,0.89,0.35,3.13,1.36,"",1,16.7,1,6.2,1,6.2,2,12.5,2567,1.5,1609,100.0,24,100.0,-50,-6.2
"47067","3","10","71","0","2017","4","",6,382,382,384,2526231,79326,1707,508,"",5.35,4.72,4.63,4.66,5.06,11.09,55.74,1.08,"",0,0.0,-41,-9.7,-41,-9.7,-36,-8.6,27209,1.1,-21769,-21.5,-249,-12.7,52,11.4
"47067","5","10","71","0","2017","4","",52,409,421,421,2984956,280487,4088,551,"",0.81,0.59,0.60,0.60,0.60,0.80,0.71,1.01,"",-1,-1.9,-23,-5.3,-9,-2.1,-8,-1.9,163005,5.8,26895,10.6,1655,68.0,47,9.3
"47069","0","10","70","0","2017","4","",378,6699,6749,6699,65607877,3564407,31436,751,"",1.00,1.00,1.00,1.00,1.00,1.00,1.00,1.00,"",5,1.3,-63,-0.9,-38,-0.6,-60,-0.9,2107780,3.3,66323,1.9,-7563,-19.4,29,4.0
"47069","1","10","71","0","2017","4","",12,55,56,56,763089,0,0,1054,"",5.29,0.43,0.43,0.43,0.42,0.00,0.00,0.98,"",0,0.0,2,3.8,-1,-1.8,0,0.0,31357,4.3,0,0.0,0,0.0,37,3.6
"47069","2","10","71","0","2017","4","",14,541,538,539,6355047,0,0,906,"",5.29,2.52,2.49,2.52,2.97,0.00,0.00,1.18,"",1,7.7,-5,-0.9,-10,-1.8,-9,-1.6,322343,5.3,0,0.0,0,0.0,58,6.8
"47069","3","10","71","0","2017","4","",17,1272,1321,1261,9943864,211227,1908,595,"",2.65,1.92,1.97,1.90,1.76,2.99,11.53,0.91,"",2,13.3,-49,-3.7,-37,-2.7,-66,-5.0,200075,2.1,-5260,-2.4,-277,-12.7,34,6.1
"47069","5","10","71","0","2017","4","",335,4831,4834,4843,48545877,3353180,29528,772,"",0.91,0.85,0.84,0.85,0.87,0.97,0.95,1.02,"",2,0.6,-11,-0.2,10,0.2,15,0.3,1554005,3.3,71583,2.2,-7286,-19.8,24,3.2
"47071","0","10","70","0","2017","4","",535,8151,8164,8118,89525166,5206080,65268,846,"",1.00,1.00,1.00,1.00,1.00,1.00,1.00,1.00,"",12,2.3,239,3.0,264,3.3,258,3.3,-20257932,-18.5,515934,11.0,7964,13.9,-224,-20.9
"47071","1","10","71","0","2017","4","",13,108,104,107,1783606,0,0,1290,"",4.05,0.69,0.67,0.68,0.72,0.00,0.00,1.07,"",0,0.0,0,0.0,-1,-1.0,0,0.0,58663,3.4,0,0.0,0,0.0,46,3.7
"47071","2","10","71","0","2017","4","",13,206,207,202,1649433,0,0,619,"",3.47,0.79,0.79,0.78,0.56,0.00,0.00,0.72,"",0,0.0,26,14.4,22,11.9,24,13.5,61347,3.9,0,0.0,0,0.0,-56,-8.3
"47071","3","10","71","0","2017","4","",16,1497,1479,1483,11728999,254483,1527,607,"",1.76,1.85,1.82,1.85,1.52,2.47,4.45,0.83,"",0,0.0,-27,-1.8,-29,-1.9,7,0.5,259753,2.3,-58613,-18.7,-670,-30.5,20,3.4
"47071","5","10","71","0","2017","4","",493,6340,6374,6326,74363128,4951597,63741,901,"",0.95,0.92,0.92,0.92,0.97,0.98,0.98,1.06,"",12,2.5,240,3.9,272,4.5,227,3.7,-20637695,-21.7,574547,13.1,8634,15.7,-297,-24.8
"47073","0","10","70","0","2017","4","",687,13077,13074,13022,138603193,10630884,108111,817,"",1.00,1.00,1.00,1.00,1.00,1.00,1.00,1.00,"",33,5.0,83,0.6,65,0.5,-110,-0.8,7579803,5.8,-447210,-4.0,-120049,-52.6,44,5.7
"47073","1","10","71","0","2017","4","",11,132,136,132,3063997,0,0,1768,"",2.67,0.52,0.54,0.53,0.80,0.00,0.00,1.51,"",1,10.0,-1,-0.8,2,1.5,-9,-6.4,135207,4.6,0,0.0,0,0.0,111,6.7
"47073","2","10","71","0","2017","4","",11,114,119,118,1261859,0,0,830,"",2.29,0.27,0.28,0.28,0.28,0.00,0.00,1.00,"",1,10.0,4,3.6,9,8.2,6,5.4,140823,12.6,0,0.0,0,0.0,51,6.5
"47073","3","10","71","0","2017","4","",23,2140,2154,2143,17314033,364427,2187,621,"",1.97,1.65,1.66,1.66,1.45,1.73,3.84,0.88,"",0,0.0,-103,-4.6,-86,-3.8,-66,-3.0,-121076,-0.7,-59997,-14.1,-382,-14.9,20,3.3
"47073","5","10","71","0","2017","4","",642,10691,10665,10629,116963304,10266457,105924,844,"",0.96,0.96,0.96,0.96,0.99,1.00,0.99,1.03,"",31,5.1,183,1.7,140,1.3,-41,-0.4,7424849,6.8,-387213,-3.6,-119667,-53.0,47,5.9
"47075","0","10","70","0","2017","4","",336,5076,5078,5078,52731681,3413019,77366,799,"",1.00,1.00,1.00,1.00,1.00,1.00,1.00,1.00,"",6,1.8,6,0.1,29,0.6,35,0.7,2987244,6.0,-166430,-4.6,3761,5.1,42,5.5
"47075","1","10","71","0","2017","4","",8,92,90,89,2693727,0,0,2294,"",3.97,0.94,0.93,0.91,1.86,0.00,0.00,2.01,"",0,0.0,0,0.0,-8,-8.2,-10,-10.1,-67794,-2.5,0,0.0,0,0.0,89,4.0
"47075","2","10","71","0","2017","4","",8,70,77,78,856967,0,0,879,"",3.40,0.43,0.47,0.48,0.50,0.00,0.00,1.08,"",0,0.0,-4,-5.4,2,2.7,4,5.4,-20232,-2.3,0,0.0,0,0.0,-29,-3.2
"47075","3","10","71","0","2017","4","",9,948,956,952,8471600,145076,894,685,"",1.58,1.88,1.90,1.89,1.87,2.15,2.20,0.99,"",0,0.0,-37,-3.8,-29,-2.9,-31,-3.2,123282,1.5,-14699,-9.2,-261,-22.6,33,5.1
"47075","5","10","71","0","2017","4","",311,3966,3955,3959,40709387,3267943,76472,791,"",0.95,0.92,0.92,0.92,0.90,0.99,0.99,0.98,"",6,2.0,47,1.2,64,1.6,72,1.9,2951988,7.8,-151731,-4.4,4022,5.6,46,6.2
"47077","0","10","70","0","2017","4","",511,7851,7909,7958,79343265,5626474,82135,772,"",1.00,1.00,1.00,1.00,1.00,1.00,1.00,1.00,"",9,1.8,79,1.0,131,1.7,206,2.7,4742909,6.4,77361,1.4,1467,1.8,33,4.5
"47077","1","10","71","0","2017","4","",8,53,59,60,748509,0,0,1004,"",2.61,0.35,0.39,0.39,0.34,0.00,0.00,0.91,"",0,0.0,0,0.0,4,7.3,0,0.0,8233,1.1,0,0.0,0,0.0,-13,-1.3
"47077","2","10","71","0","2017","4","",12,161,164,166,1537667,0,0,723,"",3.35,0.64,0.65,0.65,0.59,0.00,0.00,0.92,"",-1,-7.7,-1,-0.6,0,0.0,5,3.1,19384,1.3,0,0.0,0,0.0,4,0.6
"47077","3","10","71","0","2017","4","",15,1275,1289,1296,10988833,83503,896,657,"",1.73,1.64,1.64,1.65,1.61,0.75,2.07,0.98,"",0,0.0,-31,-2.4,-8,-0.6,-7,-0.5,456778,4.3,-82539,-49.7,-1283,-58.9,35,5.6
"47077","5","10","71","0","2017","4","",476,6362,6397,6436,66068256,5542971,81239,794,"",0.96,0.95,0.95,0.95,0.98,1.02,1.00,1.02,"",10,2.1,111,1.8,135,2.2,208,3.3,4258514,6.9,159900,3.0,2750,3.5,33,4.3
"47079","0","10","70","0","2017","4","",735,11260,11396,11466,113344590,7224528,98354,767,"",1.00,1.00,1.00,1.00,1.00,1.00,1.00,1.00,"",7,1.0,-56,-0.5,65,0.6,99,0.9,1506311,1.3,137951,1.9,-3735,-3.7,8,1.1
"47079","1","10","71","0","2017","4","",15,103,103,104,1754845,0,0,1306,"",3.40,0.48,0.47,0.47,0.56,0.00,0.00,1.19,"",0,0.0,-3,-2.8,-5,-4.6,-10,-8.8,10165,0.6,0,0.0,0,0.0,79,6.4
"47079","2","10","71","0","2017","4","",17,222,216,211,1956041,0,0,696,"",3.30,0.61,0.59,0.58,0.53,0.00,0.00,0.89,"",0,0.0,-8,-3.5,-11,-4.8,-8,-3.7,5367,0.3,0,0.0,0,0.0,30,4.5
"47079","3","10","71","0","2017","4","",20,2127,2147,2139,21588661,90709,2303,777,"",1.60,1.91,1.90,1.89,2.22,0.63,4.45,1.17,"",1,5.3,-16,-0.7,-10,-0.5,-23,-1.1,1243586,6.1,-9987,-9.9,-386,-14.4,50,6.9
"47079","5","10","71","0","2017","4","",683,8808,8930,9012,88045043,7133819,96051,760,"",0.96,0.92,0.92,0.92,0.91,1.02,0.98,0.99,"",6,0.9,-29,-0.3,91,1.0,140,1.6,247193,0.3,147938,2.1,-3349,-3.4,-3,-0.4
"47081","0","10","70","0","2017","4","",298,3679,3703,3681,35567757,2227645,33808,742,"",1.00,1.00,1.00,1.00,1.00,1.00,1.00,1.00,"",-3,-1.0,-67,-1.8,0,0.0,-30,-0.8,-1613533,-4.3,249704,12.6,7630,29.1,-27,-3.5
"47081","1","10","71","0","2017","4","",7,51,52,52,716942,0,0,1067,"",3.92,0.72,0.73,0.73,0.73,0.00,0.00,1.01,"",-1,-12.5,-1,-1.9,2,4.0,1,2.0,23650,3.4,0,0.0,0,0.0,21,2.0
"47081","2","10","71","0","2017","4","",9,299,300,293,3157242,0,0,817,"",4.31,2.53,2.53,2.50,2.72,0.00,0.00,1.08,"",-1,-10.0,-43,-12.6,-22,-6.8,-51,-14.8,-180074,-5.4,0,0.0,0,0.0,53,6.9
"47081","3","10","71","0","2017","4","",8,934,933,932,7132930,102322,1024,588,"",1.58,2.56,2.54,2.56,2.33,2.32,5.76,0.91,"",0,0.0,9,1.0,3,0.3,5,0.5,144995,2.1,-3694,-3.5,-83,-7.5,8,1.4
"47081","5","10","71","0","2017","4","",274,2395,2418,2404,24560643,2125323,32784,785,"",0.95,0.77,0.77,0.77,0.81,0.99,0.98,1.05,"",-1,-0.4,-32,-1.3,17,0.7,15,0.6,-1602104,-6.1,253398,13.5,7713,30.8,-52,-6.2
"47083","0","10","70","0","2017","4","",124,1464,1448,1439,11795779,1056952,14565,626,"",1.00,1.00,1.00,1.00,1.00,1.00,1.00,1.00,"",4,3.3,-31,-2.1,-70,-4.6,-74,-4.9,135631,1.2,11961,1.1,-4207,-22.4,31,5.2
"47083","1","10","71","0","2017","4","",4,20,20,20,212073,0,0,816,"",5.38,0.71,0.72,0.72,0.65,0.00,0.00,0.91,"",0,0.0,2,11.1,2,11.1,0,0.0,6886,3.4,0,0.0,0,0.0,-30,-3.5
"47083","2","10","71","0","2017","4","",9,18,18,18,195923,0,0,837,"",10.36,0.38,0.39,0.39,0.51,0.00,0.00,1.31,"",0,0.0,-1,-5.3,-1,-5.3,-1,-5.3,-6357,-3.1,0,0.0,0,0.0,18,2.2
"47083","3","10","71","0","2017","4","",8,491,489,494,3281596,158312,3772,514,"",3.80,3.38,3.40,3.47,3.24,7.57,49.21,0.95,"",0,0.0,-19,-3.7,-18,-3.6,2,0.4,16830,0.5,30572,23.9,792,26.6,15,3.0
"47083","5","10","71","0","2017","4","",103,935,921,907,8106187,898640,10793,677,"",0.86,0.75,0.75,0.74,0.80,0.88,0.75,1.08,"",4,4.0,-13,-1.4,-53,-5.4,-75,-7.6,118272,1.5,-18611,-2.0,-4999,-31.7,42,6.6
"47085","0","10","70","0","2017","4","",341,5953,5945,5928,76410331,4011878,78411,989,"",1.00,1.00,1.00,1.00,1.00,1.00,1.00,1.00,"",8,2.4,110,1.9,66,1.1,97,1.7,2889576,3.9,-290279,-6.7,-59163,-43.0,22,2.3
"47085","1","10","71","0","2017","4","",7,187,184,181,6246266,0,0,2611,"",3.42,1.63,1.62,1.58,2.97,0.00,0.00,1.85,"",0,0.0,-17,-8.3,-19,-9.4,-23,-11.3,-24377,-0.4,0,0.0,0,0.0,243,10.3
"47085","2","10","71","0","2017","4","",14,75,74,73,924031,0,0,961,"",5.86,0.39,0.39,0.39,0.37,0.00,0.00,0.95,"",0,0.0,2,2.7,1,1.4,-1,-1.4,80819,9.6,0,0.0,0,0.0,77,8.7
"47085","3","10","71","0","2017","4","",10,905,930,906,6727550,144819,1305,566,"",1.73,1.53,1.58,1.54,1.02,1.82,3.16,0.66,"",0,0.0,2,0.2,21,2.3,-11,-1.2,23431,0.3,22351,18.3,40,3.2,-1,-0.2
"47085","5","10","71","0","2017","4","",310,4786,4757,4768,62512484,3867059,77106,1008,"",0.94,0.95,0.94,0.95,0.96,1.00,0.99,1.01,"",8,2.6,123,2.6,63,1.3,132,2.8,2809703,4.7,-312630,-7.5,-59203,-43.4,23,2.3
"47087","0","10","70","0","2017","4","",132,1440,1425,1435,12899590,891572,12035,692,"",1.00,1.00,1.00,1.00,1.00,1.00,1.00,1.00,"",13,10.9,86,6.4,30,2.2,52,3.8,-190931,-1.5,135803,18.0,677,6.0,-39,-5.3
"47087","1","10","71","0","2017","4","",5,27,24,23,284078,0,0,886,"",6.32,0.97,0.88,0.83,0.80,0.00,0.00,0.90,"",0,0.0,3,12.5,0,0.0,-7,-23.3,5841,2.1,0,0.0,0,0.0,63,7.7
"47087","2","10","71","0","2017","4","",6,33,33,33,387469,0,0,903,"",6.49,0.71,0.72,0.72,0.92,0.00,0.00,1.28,"",0,0.0,5,17.9,2,6.5,3,10.0,43369,12.6,0,0.0,0,0.0,11,1.2
"47087","3","10","71","0","2017","4","",7,487,478,471,3433568,101983,1789,552,"",3.12,3.41,3.38,3.32,3.10,5.78,28.24,0.92,"",0,0.0,2,0.4,-11,-2.2,-3,-0.6,175923,5.4,979,1.0,-161,-8.3,33,6.4
"47087","5","10","71","0","2017","4","",114,893,890,908,8794475,789589,10246,754,"",0.89,0.73,0.74,0.74,0.80,0.92,0.86,1.08,"",13,12.9,76,9.3,39,4.6,59,6.9,-416064,-4.5,134824,20.6,838,8.9,-90,-10.7
"47089","0","10","70","0","2017","4","",744,13531,13543,13519,141433608,9400269,128526,804,"",1.00,1.00,1.00,1.00,1.00,1.00,1.00,1.00,"",21,2.9,231,1.7,299,2.3,330,2.5,9301945,7.0,740951,8.6,23491,22.4,37,4.8
"47089","1","10","71","0","2017","4","",13,120,123,116,1720004,0,0,1106,"",2.91,0.46,0.47,0.45,0.44,0.00,0.00,0.96,"",0,0.0,4,3.4,0,0.0,-1,-0.9,71850,4.4,0,0.0,0,0.0,38,3.6
"47089","2","10","71","0","2017","4","",12,212,216,213,3102236,0,0,1117,"",2.30,0.49,0.50,0.49,0.67,0.00,0.00,1.36,"",0,0.0,-62,-22.6,-60,-21.7,-65,-23.4,101996,3.4,0,0.0,0,0.0,281,33.6
"47089","3","10","71","0","2017","4","",30,2144,2190,2208,16877227,535120,4661,595,"",2.37,1.60,1.63,1.65,1.39,2.88,6.89,0.85,"",0,0.0,3,0.1,24,1.1,15,0.7,887666,5.6,-12077,-2.2,-376,-7.5,27,4.8
"47089","5","10","71","0","2017","4","",689,11055,11014,10982,119734141,8865149,123865,836,"",0.95,0.96,0.96,0.96,0.99,0.97,0.97,1.03,"",21,3.1,286,2.7,335,3.1,381,3.6,8240433,7.4,753028,9.3,23867,23.9,33,4.1
"47091","0","10","70","0","2017","4","",260,4332,4427,4318,54056116,3233091,38469,954,"",1.00,1.00,1.00,1.00,1.00,1.00,1.00,1.00,"",-3,-1.1,-31,-0.7,-52,-1.2,-23,-0.5,4369684,8.8,-120944,-3.6,-3375,-8.1,84,9.7
"47091","1","10","71","0","2017","4","",7,32,38,33,407249,0,0,912,"",4.49,0.38,0.45,0.40,0.27,0.00,0.00,0.67,"",0,0.0,1,3.2,3,8.6,-7,-17.5,-69159,-14.5,0,0.0,0,0.0,-125,-12.1
"47091","2","10","71","0","2017","4","",11,514,512,517,5164384,0,0,772,"",6.04,3.70,3.61,3.75,2.93,0.00,0.00,0.79,"",0,0.0,-27,-5.0,-25,-4.7,-27,-5.0,138922,2.8,0,0.0,0,0.0,57,8.0
"47091","3","10","71","0","2017","4","",6,650,654,651,4831565,91122,811,570,"",1.36,1.51,1.49,1.52,1.04,1.42,4.01,0.69,"",-1,-14.3,-20,-3.0,-15,-2.2,-38,-5.5,-97944,-2.0,7396,8.8,-189,-18.9,9,1.6
"47091","5","10","71","0","2017","4","",236,3136,3223,3117,43652918,3141969,37658,1063,"",0.94,0.85,0.86,0.85,0.95,1.00,0.99,1.11,"",-2,-0.8,15,0.5,-15,-0.5,49,1.6,4397865,11.2,-128340,-3.9,-3186,-7.8,102,10.6
"47093","0","10","70","0","2017","4","",12266,237749,240400,240784,3050083921,187444743,2104645,979,"",1.00,1.00,1.00,1.00,1.00,1.00,1.00,1.00,"",304,2.5,-30,0.0,440,0.2,1093,0.5,66108226,2.2,976324,0.5,-69433,-3.2,19,2.0
"47093","1","10","71","0","2017","4","",63,3488,3506,3573,93743812,0,0,2047,"",0.86,0.76,0.76,0.77,1.12,0.00,0.00,1.46,"",0,0.0,13,0.4,11,0.3,-3,-0.1,314117,0.3,0,0.0,0,0.0,3,0.1
"47093","2","10","71","0","2017","4","",37,12555,12572,12647,174058659,0,0,1063,"",0.43,1.65,1.63,1.65,1.75,0.00,0.00,1.06,"",0,0.0,102,0.8,88,0.7,158,1.3,3175051,1.9,0,0.0,0,0.0,9,0.9
"47093","3","10","71","0","2017","4","",29,15645,15718,15888,172627270,546143,11270,843,"",0.14,0.66,0.66,0.67,0.66,0.15,1.02,0.99,"",0,0.0,-671,-4.1,-1355,-7.9,-406,-2.5,2723752,1.6,190762,53.7,3212,39.9,54,6.8
"47093","5","10","71","0","2017","4","",12137,206061,208604,208676,2609654180,186898600,2093375,966,"",1.02,1.02,1.02,1.02,1.00,1.03,1.00,0.98,"",304,2.6,526,0.3,1696,0.8,1344,0.6,59895306,2.3,785562,0.4,-72645,-3.4,17,1.8
"47095","0","10","70","0","2017","4","",112,1755,1728,1724,14406682,961153,24157,638,"",1.00,1.00,1.00,1.00,1.00,1.00,1.00,1.00,"",-6,-5.1,-160,-8.4,-151,-8.0,-109,-5.9,-704449,-4.7,-158163,-14.1,-1445,-5.6,18,2.9
"47095","1","10","71","0","2017","4","",4,16,16,15,172080,0,0,845,"",5.95,0.47,0.48,0.45,0.43,0.00,0.00,0.93,"",0,0.0,1,6.7,1,6.7,0,0.0,7247,4.4,0,0.0,0,0.0,0,0.0
"47095","2","10","71","0","2017","4","N",7,0,0,0,0,0,0,0,"N",8.92,0,0,0,0,0,0,0,"N",-1,-12.5,0,0,0,0,0,0,0,0,0,0,0,0,0,0
"47095","3","10","71","0","2017","4","N",13,0,0,0,0,0,0,0,"N",6.83,0,0,0,0,0,0,0,"N",0,0.0,0,0,0,0,0,0,0,0,0,0,0,0,0,0
"47095","5","10","71","0","2017","4","",88,823,805,792,6196729,856269,22719,591,"",0.81,0.55,0.55,0.54,0.50,0.92,0.95,0.92,"",-5,-5.4,-82,-9.1,-68,-7.8,-27,-3.3,-519779,-7.7,-158343,-15.6,-1168,-4.9,-6,-1.0
"47097","0","10","70","0","2017","4","",353,6218,6225,6300,58641985,3264112,57229,722,"",1.00,1.00,1.00,1.00,1.00,1.00,1.00,1.00,"",12,3.5,71,1.2,52,0.8,144,2.3,2014689,3.6,51858,1.6,-8774,-13.3,15,2.1
"47097","1","10","71","0","2017","4","",7,48,51,54,657611,0,0,992,"",3.31,0.40,0.43,0.44,0.41,0.00,0.00,0.96,"",1,16.7,1,2.1,4,8.5,1,1.9,5727,0.9,0,0.0,0,0.0,-31,-3.0
"47097","2","10","71","0","2017","4","",15,662,666,678,6629907,2350,35,763,"",6.06,3.32,3.34,3.37,3.46,0.06,0.46,1.04,"",1,7.1,17,2.6,17,2.6,23,3.5,339675,5.4,2350,100.0,35,100.0,18,2.4
"47097","3","10","71","0","2017","4","",15,1335,1317,1356,9749585,97018,505,561,"",2.50,2.17,2.13,2.17,1.93,1.50,1.68,0.90,"",0,0.0,-13,-1.0,-69,-5.0,6,0.4,-80067,-0.8,-35023,-26.5,-577,-53.3,6,1.1
"47097","5","10","71","0","2017","4","",316,4173,4191,4212,41604882,3164744,56689,763,"",0.92,0.79,0.79,0.79,0.83,1.00,1.00,1.05,"",10,3.3,66,1.6,100,2.4,114,2.8,1749354,4.4,84531,2.7,-8232,-12.7,15,2.0
"47099","0","10","70","0","2017","4","",735,10198,10241,10251,95418759,6882456,71087,717,"",1.00,1.00,1.00,1.00,1.00,1.00,1.00,1.00,"",4,0.5,3,0.0,-84,-0.8,-133,-1.3,3569796,3.9,-615720,-8.2,-8598,-10.8,31,4.5
"47099","1","10","71","0","2017","4","",14,110,107,110,1559290,0,0,1100,"",3.18,0.56,0.55,0.56,0.59,0.00,0.00,1.07,"",0,0.0,-2,-1.8,-6,-5.3,-9,-7.6,-53853,-3.3,0,0.0,0,0.0,18,1.7
"47099","2","10","71","0","2017","4","",13,201,208,197,2250683,0,0,857,"",2.52,0.61,0.63,0.60,0.72,0.00,0.00,1.17,"",0,0.0,-3,-1.5,5,2.5,-5,-2.5,69750,3.2,0,0.0,0,0.0,31,3.8
"47099","3","10","71","0","2017","4","",24,1807,1785,1800,16136646,157195,1079,691,"",1.92,1.79,1.76,1.77,1.97,1.15,2.88,1.11,"",0,0.0,-15,-0.8,-29,-1.6,-13,-0.7,276510,1.7,29935,23.5,-39,-3.5,19,2.8
"47099","5","10","71","0","2017","4","",684,8080,8141,8144,75472140,6725261,70008,715,"",0.96,0.93,0.94,0.93,0.93,1.01,0.99,0.99,"",4,0.6,23,0.3,-54,-0.7,-106,-1.3,3277389,4.5,-645655,-8.8,-8559,-10.9,35,5.1
"47101","0","10","70","0","2017","4","",223,2690,2713,2692,24167817,2721752,36611,689,"",1.00,1.00,1.00,1.00,1.00,1.00,1.00,1.00,"",6,2.8,-9,-0.3,27,1.0,49,1.9,2519142,11.6,693289,34.2,9750,36.3,67,10.8
"47101","1","10","71","0","2017","4","",2,26,25,26,354227,0,0,1062,"",1.50,0.50,0.48,0.50,0.53,0.00,0.00,1.08,"",0,0.0,4,18.2,2,8.7,3,13.0,38044,12.0,0,0.0,0,0.0,-11,-1.0
"47101","2","10","71","0","2017","4","",10,71,75,71,770325,0,0,819,"",6.40,0.82,0.86,0.83,0.98,0.00,0.00,1.17,"",0,0.0,4,6.0,7,10.3,4,6.0,53834,7.5,0,0.0,0,0.0,0,0.0
"47101","3","10","71","0","2017","4","",10,573,571,570,4157004,596787,9096,560,"",2.64,2.15,2.12,2.14,2.00,11.08,47.21,0.94,"",0,0.0,-9,-1.5,-8,-1.4,-7,-1.2,82624,2.0,401949,206.3,5450,149.5,19,3.5
"47101","5","10","71","0","2017","4","",201,2020,2042,2025,18886261,2124965,27515,716,"",0.93,0.88,0.89,0.89,0.92,0.81,0.76,1.03,"",6,3.1,-8,-0.4,26,1.3,49,2.5,2344640,14.2,291340,15.9,4300,18.5,82,12.9
"47103","0","10","70","0","2017","4","",621,10107,10054,10023,94853752,7537435,92333,725,"",1.00,1.00,1.00,1.00,1.00,1.00,1.00,1.00,"",15,2.5,-107,-1.0,-348,-3.3,-156,-1.5,-329524,-0.3,-903026,-10.7,-9066,-8.9,12,1.7
"47103","1","10","71","0","2017","4","",9,46,50,48,705028,0,0,1130,"",2.42,0.24,0.26,0.25,0.27,0.00,0.00,1.09,"",0,0.0,-5,-9.8,-1,-2.0,-5,-9.4,19747,2.9,0,0.0,0,0.0,110,10.8
"47103","2","10","71","0","2017","4","",12,92,92,93,1086406,0,0,905,"",2.76,0.28,0.29,0.29,0.35,0.00,0.00,1.22,"",0,0.0,2,2.2,0,0.0,0,0.0,81955,8.2,0,0.0,0,0.0,62,7.4
"47103","3","10","71","0","2017","4","",17,1957,1978,1971,18838250,282430,4069,736,"",1.61,1.95,1.98,1.99,2.31,1.89,8.37,1.17,"",0,0.0,-86,-4.2,-267,-11.9,-104,-5.0,135886,0.7,-45094,-13.8,-484,-10.6,58,8.6
"47103","5","10","71","0","2017","4","",583,8012,7934,7911,74224068,7255005,88264,718,"",0.97,0.93,0.93,0.93,0.92,0.99,0.96,0.99,"",15,2.6,-18,-0.2,-80,-1.0,-47,-0.6,-567112,-0.8,-857932,-10.6,-8582,-8.9,-1,-0.1
"47105","0","10","70","0","2017","4","",993,15248,15230,15163,175887640,12780928,153045,889,"",1.00,1.00,1.00,1.00,1.00,1.00,1.00,1.00,"",20,2.1,-98,-0.6,-33,-0.2,-117,-0.8,16016808,10.0,323639,2.6,-8979,-5.5,85,10.6
"47105","1","10","71","0","2017","4","",10,145,150,151,2805341,0,0,1452,"",1.68,0.49,0.51,0.52,0.58,0.00,0.00,1.14,"",1,11.1,5,3.6,14,10.3,11,7.9,194189,7.4,0,0.0,0,0.0,4,0.3
"47105","2","10","71","0","2017","4","",11,67,67,66,842094,0,0,972,"",1.58,0.14,0.14,0.14,0.15,0.00,0.00,1.07,"",0,0.0,0,0.0,0,0.0,-1,-1.5,61676,7.9,0,0.0,0,0.0,76,8.5
"47105","3","10","71","0","2017","4","",16,1929,1937,1914,18982597,335794,1657,758,"",0.95,1.28,1.28,1.28,1.26,1.33,2.06,0.98,"",0,0.0,35,1.8,24,1.3,39,2.1,565989,3.1,9158,2.8,-234,-12.4,10,1.3
"47105","5","10","71","0","2017","4","",956,13107,13076,13032,153257608,12445134,151388,902,"",0.99,1.01,1.01,1.01,1.02,1.01,1.00,1.01,"",19,2.0,-138,-1.0,-71,-0.5,-166,-1.3,15194954,11.0,314481,2.6,-8745,-5.5,97,12.0
"47107","0","10","70","0","2017","4","",909,17818,18068,18008,197808087,14378811,204397,847,"",1.00,1.00,1.00,1.00,1.00,1.00,1.00,1.00,"",23,2.6,134,0.8,423,2.4,376,2.1,7959832,4.2,265775,1.9,34489,20.3,20,2.4
"47107","1","10","71","0","2017","4","",11,102,102,105,1579721,0,0,1180,"",2.02,0.30,0.29,0.30,0.29,0.00,0.00,0.97,"",0,0.0,4,4.1,-6,-5.6,2,1.9,61960,4.1,0,0.0,0,0.0,46,4.1
"47107","2","10","71","0","2017","4","",10,117,117,119,1420405,0,0,929,"",1.57,0.20,0.20,0.21,0.22,0.00,0.00,1.08,"",-2,-16.7,-1,-0.8,-3,-2.5,-2,-1.7,62321,4.6,0,0.0,0,0.0,56,6.4
"47107","3","10","71","0","2017","4","",22,1912,1905,1937,17612817,224198,2163,706,"",1.42,1.08,1.06,1.09,1.04,0.79,2.01,0.96,"",0,0.0,-46,-2.3,-69,-3.5,-56,-2.8,163156,0.9,5094,2.3,-560,-20.6,26,3.8
"47107","5","10","71","0","2017","4","",866,15687,15944,15847,177195144,14154613,202234,861,"",0.98,1.04,1.04,1.04,1.05,1.02,1.00,1.01,"",25,3.0,177,1.1,501,3.2,432,2.8,7672395,4.5,260681,1.9,35049,21.0,17,2.0
"47109","0","10","70","0","2017","4","",447,5220,5248,5380,45900259,3790087,67578,668,"",1.00,1.00,1.00,1.00,1.00,1.00,1.00,1.00,"",-1,-0.2,-214,-3.9,-215,-3.9,-417,-7.2,941702,2.1,-537510,-12.4,8147,13.7,47,7.6
"47109","1","10","71","0","2017","4","",14,85,80,79,1081197,0,0,1023,"",5.22,0.85,0.80,0.76,0.86,0.00,0.00,1.07,"",0,0.0,-3,-3.4,-2,-2.4,-9,-10.2,30903,2.9,0,0.0,0,0.0,84,8.9
"47109","2","10","71","0","2017","4","",11,95,98,98,1085456,0,0,861,"",3.51,0.57,0.58,0.57,0.72,0.00,0.00,1.26,"",0,0.0,-5,-5.0,-2,-2.0,0,0.0,31856,3.0,0,0.0,0,0.0,45,5.5
"47109","3","10","71","0","2017","4","",19,1229,1216,1230,9428035,175139,1638,592,"",2.50,2.38,2.33,2.31,2.39,2.33,4.61,1.02,"",2,11.8,82,7.1,68,5.9,69,5.9,1345304,16.6,-46347,-20.9,-847,-34.1,52,9.6
"47109","5","10","71","0","2017","4","",403,3811,3854,3973,34305571,3614948,65940,680,"",0.93,0.86,0.86,0.87,0.88,0.99,0.98,1.01,"",-3,-0.7,-288,-7.0,-279,-6.8,-477,-10.7,-466361,-1.3,-491163,-12.0,8994,15.8,47,7.4
"47111","0","10","70","0","2017","4","",351,4858,4867,4924,44799625,3673854,40033,706,"",1.00,1.00,1.00,1.00,1.00,1.00,1.00,1.00,"",16,4.8,59,1.2,50,1.0,101,2.1,2625889,6.2,191430,5.5,-121,-0.3,32,4.7
"47111","1","10","71","0","2017","4","",4,41,38,37,480474,0,0,956,"",1.90,0.44,0.41,0.39,0.39,0.00,0.00,0.95,"",0,0.0,6,17.1,2,5.6,-4,-9.8,22424,4.9,0,0.0,0,0.0,12,1.3
"47111","2","10","71","0","2017","4","",9,45,45,45,531916,0,0,909,"",3.66,0.29,0.29,0.29,0.36,0.00,0.00,1.26,"",-1,-10.0,1,2.3,0,0.0,0,0.0,37168,7.5,0,0.0,0,0.0,57,6.7
"47111","3","10","71","0","2017","4","",9,1055,1070,1073,8143222,492667,2607,588,"",1.51,2.19,2.21,2.20,2.11,6.77,12.37,0.96,"",0,0.0,8,0.8,19,1.8,37,3.6,271469,3.4,92228,23.0,14,0.5,8,1.4
"47111","5","10","71","0","2017","4","",329,3717,3714,3769,35644013,3181187,37426,734,"",0.97,0.90,0.90,0.90,0.93,0.89,0.94,1.03,"",17,5.4,44,1.2,29,0.8,68,1.8,2294828,6.9,99202,3.2,-135,-0.4,38,5.5
"47113","0","10","70","0","2017","4","",2476,58633,58816,58852,674461719,45771506,551380,883,"",1.00,1.00,1.00,1.00,1.00,1.00,1.00,1.00,"",50,2.1,-314,-0.5,-343,-0.6,-57,-0.1,35058227,5.5,1646666,3.7,-37928,-6.4,49,5.9
"47113","1","10","71","0","2017","4","",30,406,412,406,8009328,0,0,1510,"",2.02,0.36,0.37,0.36,0.43,0.00,0.00,1.20,"",-1,-3.2,-24,-5.6,-18,-4.2,-30,-6.9,-281569,-3.4,0,0.0,0,0.0,34,2.3
"47113","2","10","71","0","2017","4","",34,1839,1852,1852,20481188,0,0,853,"",1.96,0.98,0.98,0.99,0.93,0.00,0.00,0.95,"",0,0.0,98,5.6,93,5.3,95,5.4,917346,4.7,0,0.0,0,0.0,-6,-0.7
"47113","3","10","71","0","2017","4","",31,9825,9800,9787,121777591,145345,1140,955,"",0.74,1.69,1.68,1.68,2.10,0.16,0.39,1.25,"",11,55.0,-90,-0.9,-14,-0.1,26,0.3,7360044,6.4,82282,130.5,454,66.2,60,6.7
"47113","5","10","71","0","2017","4","",2381,46563,46752,46807,524193612,45626161,550240,863,"",0.99,0.93,0.94,0.94,0.91,1.03,1.00,0.97,"",40,1.7,-298,-0.6,-404,-0.9,-148,-0.3,27062406,5.4,1564384,3.6,-38382,-6.5,49,6.0
"47115","0","10","70","0","2017","4","",477,7556,7520,7531,74914600,5587062,57244,765,"",1.00,1.00,1.00,1.00,1.00,1.00,1.00,1.00,"",11,2.4,-51,-0.7,-84,-1.1,-57,-0.8,2398958,3.3,111671,2.0,1855,3.3,31,4.2
"47115","1","10","71","0","2017","4","",11,69,69,73,1242151,0,0,1359,"",3.84,0.47,0.48,0.50,0.60,0.00,0.00,1.24,"",1,10.0,3,4.5,-3,-4.2,-4,-5.2,-20170,-1.6,0,0.0,0,0.0,4,0.3
"47115","2","10","71","0","2017","4","",13,109,109,108,1269775,0,0,899,"",3.89,0.45,0.45,0.45,0.52,0.00,0.00,1.15,"",-1,-7.1,-4,-3.5,-2,-1.8,-3,-2.7,11151,0.9,0,0.0,0,0.0,32,3.7
"47115","3","10","71","0","2017","4","",19,1054,1057,1039,9273637,138685,1184,679,"",2.34,1.41,1.42,1.39,1.44,1.25,3.93,1.02,"",0,0.0,-15,-1.4,-10,-0.9,4,0.4,249327,2.8,31569,29.5,581,96.4,22,3.3
"47115","5","10","71","0","2017","4","",434,6324,6285,6311,63129037,5448377,56060,770,"",0.94,0.99,0.98,0.99,0.99,1.01,0.99,1.00,"",11,2.6,-35,-0.6,-69,-1.1,-54,-0.8,2158650,3.5,80102,1.5,1274,2.3,32,4.3
"47117","0","10","70","0","2017","4","",534,10162,10142,10142,112259892,7711124,103175,851,"",1.00,1.00,1.00,1.00,1.00,1.00,1.00,1.00,"",-1,-0.2,1083,11.9,1016,11.1,939,10.2,17645185,18.6,-1379472,-15.2,-90452,-46.7,54,6.8
"47117","1","10","71","0","2017","4","",9,61,61,62,902158,0,0,1131,"",2.81,0.31,0.31,0.32,0.29,0.00,0.00,0.93,"",0,0.0,-2,-3.2,1,1.7,-5,-7.5,19610,2.2,0,0.0,0,0.0,59,5.5
"47117","2","10","71","0","2017","4","",13,179,165,162,1370862,0,0,625,"",3.47,0.55,0.51,0.50,0.37,0.00,0.00,0.72,"",0,0.0,22,14.0,9,5.8,9,5.9,-331684,-19.5,0,0.0,0,0.0,-218,-25.9
"47117","3","10","71","0","2017","4","",28,1621,1613,1657,14824265,496641,3447,699,"",3.08,1.61,1.60,1.65,1.54,3.25,6.35,0.95,"",0,0.0,14,0.9,30,1.9,47,2.9,733497,5.2,19173,4.0,-260,-7.0,22,3.2
"47117","5","10","71","0","2017","4","",484,8301,8303,8261,95162607,7214483,99728,883,"",0.93,0.96,0.96,0.96,0.99,0.97,0.97,1.03,"",-1,-0.2,1049,14.5,976,13.3,888,12.0,17223762,22.1,-1398645,-16.2,-90192,-47.5,64,7.8
"47119","0","10","70","0","2017","4","",1913,34946,35095,34624,421381505,24820629,333354,929,"",1.00,1.00,1.00,1.00,1.00,1.00,1.00,1.00,"",68,3.7,1605,4.8,1491,4.4,-45,-0.1,1446192,0.3,-10566475,-29.9,-449900,-57.4,-25,-2.6
"47119","1","10","71","0","2017","4","",17,177,174,169,3189273,0,0,1415,"",1.48,0.26,0.26,0.25,0.28,0.00,0.00,1.07,"",0,0.0,15,9.3,13,8.1,-2,-1.2,100494,3.3,0,0.0,0,0.0,-28,-1.9
"47119","2","10","71","0","2017","4","",22,973,972,966,8792786,0,0,697,"",1.64,0.87,0.86,0.87,0.64,0.00,0.00,0.74,"",0,0.0,16,1.7,16,1.7,18,1.9,156319,1.8,0,0.0,0,0.0,0,0.0
"47119","3","10","71","0","2017","4","",43,5443,5436,5642,64357978,1070866,7224,899,"",1.32,1.57,1.56,1.65,1.78,2.18,4.12,1.12,"",-2,-4.4,-25,-0.5,-9,-0.2,-29,-0.5,4745554,8.0,-5158911,-82.8,-31317,-81.3,69,8.3
"47119","5","10","71","0","2017","4","",1831,28353,28513,27847,345041468,23749763,326130,940,"",0.99,0.96,0.96,0.95,0.96,0.99,0.98,1.01,"",70,4.0,1599,6.0,1471,5.4,-32,-0.1,-3556175,-1.0,-5407564,-18.5,-418583,-56.2,-45,-4.6
"47121","0","10","70","0","2017","4","",125,2176,2171,2169,21628887,1489201,28587,766,"",1.00,1.00,1.00,1.00,1.00,1.00,1.00,1.00,"",1,0.8,160,7.9,173,8.7,145,7.2,3307119,18.1,117028,8.5,9042,46.3,66,9.4
"47121","1","10","71","0","2017","4","",4,27,27,27,378321,0,0,1078,"",5.34,0.64,0.65,0.65,0.64,0.00,0.00,0.98,"",0,0.0,-1,-3.6,-1,-3.6,0,0.0,8027,2.2,0,0.0,0,0.0,48,4.7
"47121","2","10","71","0","2017","4","",7,29,29,29,234753,0,0,623,"",7.99,0.42,0.42,0.42,0.33,0.00,0.00,0.80,"",-1,-12.5,7,31.8,7,31.8,7,31.8,3785,1.6,0,0.0,0,0.0,-185,-22.9
"47121","3","10","71","0","2017","4","",4,439,440,440,3519435,47462,726,616,"",1.88,2.04,2.04,2.05,1.89,1.61,4.83,0.93,"",0,0.0,-1,-0.2,3,0.7,-1,-0.2,18106,0.5,-3199,-6.3,-276,-27.5,3,0.5
"47121","5","10","71","0","2017","4","",110,1681,1675,1673,17496378,1441739,27861,803,"",0.91,0.91,0.91,0.91,0.95,1.00,0.98,1.04,"",2,1.9,155,10.2,164,10.9,139,9.1,3277201,23.0,120227,9.1,9318,50.3,85,11.8
"47123","0","10","70","0","2017","4","",719,14250,14231,14167,141020925,9065555,160675,763,"",1.00,1.00,1.00,1.00,1.00,1.00,1.00,1.00,"",9,1.3,265,1.9,248,1.8,132,0.9,3526954,2.6,-1083675,-10.7,-40067,-20.0,8,1.1
"47123","1","10","71","0","2017","4","",6,96,94,94,1259299,0,0,1023,"",1.39,0.35,0.35,0.34,0.32,0.00,0.00,0.94,"",0,0.0,5,5.5,1,1.1,-6,-6.0,24164,2.0,0,0.0,0,0.0,19,1.9
"47123","2","10","71","0","2017","4","",13,111,112,110,1210110,1196,20,839,"",2.58,0.24,0.25,0.24,0.26,0.01,0.09,1.08,"",0,0.0,3,2.8,3,2.8,5,4.8,74672,6.6,422,54.5,7,53.8,25,3.1
"47123","3","10","71","0","2017","4","",18,1833,1825,1838,15148211,134474,2238,636,"",1.47,1.30,1.29,1.31,1.25,0.75,2.65,0.96,"",0,0.0,-18,-1.0,-39,-2.1,-11,-0.6,460726,3.1,-41346,-23.5,-9,-0.4,27,4.4
"47123","5","10","71","0","2017","4","",682,12210,12200,12125,123403305,8929885,158417,779,"",0.98,1.01,1.01,1.01,1.02,1.02,0.99,1.02,"",9,1.3,275,2.3,283,2.4,144,1.2,2967392,2.5,-1042751,-10.5,-40065,-20.2,3,0.4
"47125","0","10","70","0","2017","4","",3081,53018,53666,53836,539864784,42130500,479748,776,"",1.00,1.00,1.00,1.00,1.00,1.00,1.00,1.00,"",122,4.1,851,1.6,859,1.6,937,1.8,35441715,7.0,-397132,-0.9,37852,8.6,39,5.3
"47125","1","10","71","0","2017","4","",22,1333,1362,1357,22717092,0,0,1294,"",1.19,1.31,1.33,1.31,1.53,0.00,0.00,1.17,"",0,0.0,-211,-13.7,-193,-12.4,-166,-10.9,-2661553,-10.5,0,0.0,0,0.0,27,2.1
"47125","2","10","71","0","2017","4","",21,2019,2015,1816,23337428,0,0,921,"",0.97,1.19,1.17,1.06,1.32,0.00,0.00,1.16,"",0,0.0,88,4.6,79,4.1,-100,-5.2,1798730,8.4,0,0.0,0,0.0,62,7.2
"47125","3","10","71","0","2017","4","",19,7445,7493,7566,77309694,38996,347,793,"",0.36,1.42,1.41,1.42,1.67,0.05,0.14,1.18,"",0,0.0,23,0.3,85,1.1,112,1.5,3718514,5.1,-44301,-53.2,-972,-73.7,31,4.1
"47125","5","10","71","0","2017","4","",3019,42221,42796,43097,416500570,42091504,479401,750,"",1.01,0.94,0.94,0.94,0.90,1.03,1.01,0.96,"",122,4.2,951,2.3,888,2.1,1091,2.6,32586024,8.5,-352831,-0.8,38824,8.8,42,5.9
"47127","0","10","70","0","2017","4","",81,2127,2124,2107,24661113,1323242,12921,895,"",1.00,1.00,1.00,1.00,1.00,1.00,1.00,1.00,"",7,9.5,64,3.1,96,4.7,64,3.1,1330247,5.7,109141,9.0,1470,12.8,17,1.9
"47127","1","10","71","0","2017","4","",1,6,6,6,77043,0,0,988,"",2.06,0.15,0.15,0.15,0.11,0.00,0.00,0.77,"",0,0.0,1,20.0,1,20.0,1,20.0,10549,15.9,0,0.0,0,0.0,-35,-3.4
"47127","2","10","71","0","2017","4","N",5,0,0,0,0,0,0,0,"N",8.81,0,0,0,0,0,0,0,"N",0,0.0,0,0,0,0,0,0,0,0,0,0,0,0,0,0
"47127","3","10","71","0","2017","4","N",8,0,0,0,0,0,0,0,"N",5.81,0,0,0,0,0,0,0,"N",0,0.0,0,0,0,0,0,0,0,0,0,0,0,0,0,0
"47127","5","10","71","0","2017","4","",67,1247,1233,1210,17629005,1243572,12380,1103,"",0.85,0.69,0.68,0.68,0.84,0.97,0.96,1.23,"",7,11.7,39,3.2,59,5.0,21,1.8,607660,3.6,107498,9.5,1623,15.1,3,0.3
"47129","0","10","70","0","2017","4","",197,3043,3033,3025,26808156,1715243,36497,680,"",1.00,1.00,1.00,1.00,1.00,1.00,1.00,1.00,"",22,12.6,107,3.6,102,3.5,57,1.9,1540328,6.1,366765,27.2,14524,66.1,20,3.0
"47129","1","10","71","0","2017","4","",9,37,36,36,444654,0,0,941,"",7.62,0.63,0.62,0.62,0.60,0.00,0.00,0.97,"",0,0.0,2,5.7,-1,-2.7,-4,-10.0,-15622,-3.4,0,0.0,0,0.0,-7,-0.7
"47129","2","10","71","0","2017","4","N",10,0,0,0,0,0,0,0,"N",7.24,0,0,0,0,0,0,0,"N",0,0.0,0,0,0,0,0,0,0,0,0,0,0,0,0,0
"47129","3","10","71","0","2017","4","N",11,0,0,0,0,0,0,0,"N",3.29,0,0,0,0,0,0,0,"N",0,0.0,0,0,0,0,0,0,0,0,0,0,0,0,0,0
"47129","5","10","71","0","2017","4","",167,1384,1380,1369,12565459,1524045,34137,702,"",0.87,0.54,0.54,0.53,0.55,0.92,0.94,1.03,"",22,15.2,173,14.3,158,12.9,126,10.1,1209276,10.6,456473,42.8,16001,88.2,-11,-1.5
"47131","0","10","70","0","2017","4","",675,9571,9586,9593,90871828,7821006,108187,729,"",1.00,1.00,1.00,1.00,1.00,1.00,1.00,1.00,"",-4,-0.6,-80,-0.8,-117,-1.2,-80,-0.8,1864526,2.1,-553243,-6.6,-17542,-14.0,21,3.0
"47131","1","10","71","0","2017","4","",15,115,110,113,1601475,0,0,1093,"",3.71,0.62,0.60,0.61,0.64,0.00,0.00,1.05,"",0,0.0,6,5.5,3,2.8,-2,-1.7,99632,6.6,0,0.0,0,0.0,46,4.4
"47131","2","10","71","0","2017","4","",14,150,145,146,1648134,0,0,862,"",2.96,0.49,0.47,0.48,0.56,0.00,0.00,1.16,"",0,0.0,27,22.0,20,16.0,22,17.7,213970,14.9,0,0.0,0,0.0,-28,-3.1
"47131","3","10","71","0","2017","4","",26,1425,1430,1424,11941156,336988,1699,644,"",2.27,1.50,1.50,1.50,1.53,2.18,2.98,1.02,"",0,0.0,-4,-0.3,-13,-0.9,-10,-0.7,114620,1.0,-12205,-3.5,-163,-8.8,10,1.6
"47131","5","10","71","0","2017","4","",620,7881,7901,7910,75681063,7484018,106488,737,"",0.95,0.97,0.97,0.97,0.98,0.99,0.99,1.01,"",-4,-0.6,-109,-1.4,-127,-1.6,-90,-1.1,1436304,1.9,-541038,-6.7,-17379,-14.0,24,3.4
"47133","0","10","70","0","2017","4","",346,4827,4863,4894,45612308,3229480,47975,722,"",1.00,1.00,1.00,1.00,1.00,1.00,1.00,1.00,"",20,6.1,274,6.0,292,6.4,342,7.5,2721372,6.3,446019,16.0,15238,46.5,-2,-0.3
"47133","1","10","71","0","2017","4","",11,46,43,43,523940,0,0,916,"",5.30,0.50,0.46,0.46,0.42,0.00,0.00,0.89,"",0,0.0,4,9.5,1,2.4,-3,-6.5,26026,5.2,0,0.0,0,0.0,32,3.6
"47133","2","10","71","0","2017","4","",11,172,168,165,1691390,0,0,773,"",4.54,1.11,1.08,1.06,1.14,0.00,0.00,1.05,"",0,0.0,28,19.4,18,12.0,17,11.5,242909,16.8,0,0.0,0,0.0,17,2.2
"47133","3","10","71","0","2017","4","",12,1115,1114,1109,7638579,412565,1935,528,"",2.04,2.33,2.31,2.29,1.95,6.45,7.66,0.84,"",0,0.0,-19,-1.7,-23,-2.0,-13,-1.2,124656,1.7,-96933,-19.0,-980,-33.6,17,3.3
"47133","5","10","71","0","2017","4","",312,3494,3538,3577,35758399,2816915,46040,778,"",0.93,0.85,0.86,0.86,0.92,0.90,0.97,1.07,"",20,6.8,261,8.1,296,9.1,341,10.5,2327781,7.0,542952,23.9,16218,54.4,-16,-2.0
"47135","0","10","70","0","2017","4","",124,2039,2066,2105,17342366,1789863,26301,644,"",1.00,1.00,1.00,1.00,1.00,1.00,1.00,1.00,"",-1,-0.8,71,3.6,89,4.5,122,6.2,2056122,13.5,261628,17.1,13870,111.6,49,8.2
"47135","1","10","71","0","2017","4","",3,17,18,17,228483,0,0,1014,"",4.03,0.43,0.46,0.42,0.48,0.00,0.00,1.10,"",0,0.0,1,6.2,1,5.9,0,0.0,10375,4.8,0,0.0,0,0.0,7,0.7
"47135","2","10","71","0","2017","4","",7,31,29,29,276122,0,0,716,"",8.06,0.47,0.44,0.43,0.49,0.00,0.00,1.09,"",0,0.0,2,6.9,0,0.0,0,0.0,15371,5.9,0,0.0,0,0.0,24,3.5
"47135","3","10","71","0","2017","4","",9,400,419,426,3118571,149578,834,578,"",4.27,1.98,2.04,2.04,2.09,4.22,6.03,1.03,"",0,0.0,-8,-2.0,2,0.5,6,1.4,238181,8.3,-26298,-15.0,-359,-30.1,44,8.2
"47135","5","10","71","0","2017","4","",105,1591,1600,1633,13719190,1640285,25467,656,"",0.87,0.92,0.91,0.91,0.93,0.95,0.97,1.01,"",-1,-0.9,76,5.0,86,5.7,116,7.6,1792195,15.0,287926,21.3,14229,126.6,51,8.4
"47137","0","10","70","0","2017","4","",106,1152,1145,1131,10190806,892156,20459,686,"",1.00,1.00,1.00,1.00,1.00,1.00,1.00,1.00,"",2,1.9,93,8.8,93,8.8,86,8.2,1713903,20.2,237259,36.2,3519,20.8,66,10.6
"47137","1","10","71","0","2017","4","",1,10,10,9,95109,0,0,757,"",1.57,0.45,0.46,0.41,0.34,0.00,0.00,0.77,"",0,0.0,0,0.0,0,0.0,-1,-10.0,-18222,-16.1,0,0.0,0,0.0,-115,-13.2
"47137","2","10","71","0","2017","4","",8,15,16,17,160854,0,0,773,"",10.77,0.41,0.44,0.47,0.48,0.00,0.00,1.10,"",0,0.0,-14,-48.3,-13,-44.8,-11,-39.3,-105811,-39.7,0,0.0,0,0.0,57,8.0
"47137","3","10","71","0","2017","4","",4,283,269,278,1926443,102286,2784,536,"",2.22,2.48,2.37,2.48,2.20,5.79,25.86,0.90,"",0,0.0,18,6.8,12,4.7,8,3.0,109895,6.0,54090,112.2,1555,126.5,7,1.3
"47137","5","10","71","0","2017","4","",93,844,850,827,8008400,789870,17675,733,"",0.90,0.86,0.87,0.86,0.92,0.92,0.87,1.06,"",2,2.2,89,11.8,94,12.4,90,12.2,1728041,27.5,183169,30.2,1964,12.5,88,13.6
"47139","0","10","70","0","2017","4","",250,2329,2130,2087,17103556,1359863,18931,603,"",1.00,1.00,1.00,1.00,1.00,1.00,1.00,1.00,"",6,2.5,-43,-1.8,-127,-5.6,-103,-4.7,-2804835,-14.1,4471,0.3,1476,8.5,-71,-10.5
"47139","1","10","71","0","2017","4","",9,70,72,73,1205000,0,0,1293,"",6.00,1.56,1.77,1.82,2.56,0.00,0.00,1.50,"",-1,-10.0,0,0.0,1,1.4,3,4.3,-173462,-12.6,0,0.0,0,0.0,-215,-14.3
"47139","2","10","71","0","2017","4","",8,49,47,48,442901,0,0,710,"",4.57,0.66,0.69,0.72,0.79,0.00,0.00,1.15,"",0,0.0,4,8.9,2,4.4,6,14.3,15744,3.7,0,0.0,0,0.0,-37,-5.0
"47139","3","10","71","0","2017","4","",17,613,607,612,4841069,132199,1127,610,"",4.00,2.66,2.87,2.96,3.29,4.91,11.31,1.17,"",0,0.0,-79,-11.4,-100,-14.1,-92,-13.1,-740783,-13.3,39048,41.9,349,44.9,-3,-0.5
"47139","5","10","71","0","2017","4","",216,1597,1404,1354,10614586,1227664,17804,562,"",0.89,0.81,0.78,0.76,0.73,0.93,0.95,0.93,"",7,3.3,32,2.0,-30,-2.1,-20,-1.5,-1906334,-15.2,-34577,-2.7,1127,6.8,-99,-15.0
"47141","0","10","70","0","2017","4","",1949,36732,37154,37042,358844884,29583369,350304,747,"",1.00,1.00,1.00,1.00,1.00,1.00,1.00,1.00,"",70,3.7,575,1.6,670,1.8,719,2.0,14737271,4.3,283546,1.0,-39344,-10.1,18,2.5
"47141","1","10","71","0","2017","4","",18,237,233,236,3818816,0,0,1248,"",1.54,0.34,0.33,0.33,0.39,0.00,0.00,1.17,"",0,0.0,-1,-0.4,-2,-0.9,-4,-1.7,47400,1.3,0,0.0,0,0.0,27,2.2
"47141","2","10","71","0","2017","4","",27,2260,2269,2291,27200186,0,0,920,"",1.98,1.92,1.91,1.94,2.32,0.00,0.00,1.21,"",-2,-6.9,-47,-2.0,-60,-2.6,-44,-1.9,333425,1.2,0,0.0,0,0.0,31,3.5
"47141","3","10","71","0","2017","4","",27,5818,5862,5886,56884260,738718,9523,747,"",0.82,1.60,1.59,1.61,1.84,1.26,5.17,1.15,"",1,3.8,76,1.3,97,1.7,123,2.1,-446999,-0.8,-43516,-5.6,-400,-4.0,-19,-2.5
"47141","5","10","71","0","2017","4","",1877,28417,28790,28629,270941622,28844651,340781,728,"",0.99,0.91,0.91,0.91,0.88,1.01,0.98,0.97,"",71,3.9,547,2.0,635,2.3,644,2.3,14803445,5.8,327062,1.1,-38944,-10.3,24,3.4
"47143","0","10","70","0","2017","4","",505,10799,10730,10707,133406949,6588940,103751,955,"",1.00,1.00,1.00,1.00,1.00,1.00,1.00,1.00,"",26,5.4,-510,-4.5,-399,-3.6,-251,-2.3,3235572,2.5,-50738,-0.8,18090,21.1,56,6.2
"47143","1","10","71","0","2017","4","",9,1049,1042,1042,46797483,0,0,3447,"",2.97,5.05,5.07,5.05,12.76,0.00,0.00,2.52,"",0,0.0,-70,-6.3,-57,-5.2,-49,-4.5,3233549,7.4,0,0.0,0,0.0,409,13.5
"47143","2","10","71","0","2017","4","",10,84,85,88,1040110,0,0,934,"",2.83,0.24,0.25,0.26,0.24,0.00,0.00,0.96,"",0,0.0,-3,-3.4,-2,-2.3,2,2.3,56085,5.7,0,0.0,0,0.0,61,7.0
"47143","3","10","71","0","2017","4","",13,1605,1606,1620,12986985,79013,418,620,"",1.51,1.50,1.51,1.53,1.13,0.61,0.77,0.75,"",0,0.0,39,2.5,35,2.2,51,3.3,328025,2.6,12227,18.3,-391,-48.3,-1,-0.2
"47143","5","10","71","0","2017","4","",473,8061,7997,7957,72582371,6509927,103333,697,"",0.97,0.88,0.88,0.87,0.64,1.02,1.00,0.73,"",26,5.8,-476,-5.6,-375,-4.5,-255,-3.1,-382087,-0.5,-62965,-1.0,18481,21.8,27,4.0
"47145","0","10","70","0","2017","4","",776,18470,18529,18537,301315562,8999224,119807,1252,"",1.00,1.00,1.00,1.00,1.00,1.00,1.00,1.00,"",20,2.6,-35,-0.2,-11,-0.1,-75,-0.4,14897926,5.2,-321264,-3.4,8039,7.2,64,5.4
"47145","1","10","71","0","2017","4","",11,406,388,386,11489974,0,0,2247,"",2.36,1.14,1.09,1.08,1.39,0.00,0.00,1.25,"",0,0.0,9,2.3,-13,-3.2,-13,-3.3,-50225,-0.4,0,0.0,0,0.0,22,1.0
"47145","2","10","71","0","2017","4","",15,1033,1031,1033,8612530,0,0,642,"",2.76,1.74,1.74,1.75,0.88,0.00,0.00,0.50,"",0,0.0,35,3.5,28,2.8,32,3.2,329976,4.0,0,0.0,0,0.0,5,0.8
"47145","3","10","71","0","2017","4","",23,2156,2246,2208,18300002,119361,1556,639,"",1.74,1.18,1.22,1.20,0.71,0.67,2.47,0.59,"",0,0.0,-49,-2.2,38,1.7,-21,-0.9,499228,2.8,-53901,-31.1,-1298,-45.5,21,3.4
"47145","5","10","71","0","2017","4","",727,14875,14864,14910,262913056,8879863,118251,1359,"",0.97,0.95,0.94,0.95,1.02,1.02,0.99,1.08,"",20,2.8,-30,-0.2,-64,-0.4,-73,-0.5,14118947,5.7,-267363,-2.9,9337,8.6,78,6.1
"47147","0","10","70","0","2017","4","",1177,23546,24257,23322,242495903,26186176,249303,787,"",1.00,1.00,1.00,1.00,1.00,1.00,1.00,1.00,"",29,2.5,-214,-0.9,-88,-0.4,-573,-2.4,6135086,2.6,-1379094,-5.0,-56159,-18.4,29,3.8
"47147","1","10","71","0","2017","4","",10,84,91,91,1245079,0,0,1080,"",1.42,0.19,0.20,0.20,0.19,0.00,0.00,0.96,"",0,0.0,-7,-7.7,2,2.2,-5,-5.2,27507,2.3,0,0.0,0,0.0,62,6.1
"47147","2","10","71","0","2017","4","",12,121,115,116,1464613,0,0,960,"",1.46,0.16,0.15,0.16,0.18,0.00,0.00,1.20,"",-1,-7.7,4,3.4,-3,-2.5,-3,-2.5,137021,10.3,0,0.0,0,0.0,95,11.0
"47147","3","10","71","0","2017","4","",18,3346,3366,3368,33535631,103177,1232,768,"",0.90,1.43,1.40,1.46,1.61,0.20,0.94,1.12,"",0,0.0,-34,-1.0,24,0.7,25,0.7,1032659,3.2,3084,3.1,-54,-4.2,23,3.1
"47147","5","10","71","0","2017","4","",1137,19995,20685,19747,206250580,26082999,248071,788,"",1.00,1.00,1.00,1.00,1.00,1.03,1.00,1.00,"",30,2.7,-177,-0.9,-111,-0.5,-590,-2.9,4937899,2.5,-1382178,-5.0,-56105,-18.4,30,4.0
"47149","0","10","70","0","2017","4","",5668,126958,129067,129122,1581030900,121388920,1502625,947,"",1.00,1.00,1.00,1.00,1.00,1.00,1.00,1.00,"",287,5.3,6098,5.0,8046,6.6,7925,6.5,91921197,6.2,13305605,12.3,293026,24.2,1,0.1
"47149","1","10","71","0","2017","4","",22,2768,2782,2799,50100443,0,0,1385,"",0.65,1.13,1.13,1.13,1.15,0.00,0.00,1.02,"",-1,-4.3,13,0.5,64,2.4,53,1.9,1011465,2.1,0,0.0,0,0.0,7,0.5
"47149","2","10","71","0","2017","4","",26,3584,3588,3581,45582465,0,0,978,"",0.65,0.88,0.87,0.87,0.88,0.00,0.00,1.01,"",0,0.0,35,1.0,45,1.3,16,0.4,837358,1.9,0,0.0,0,0.0,9,0.9
"47149","3","10","71","0","2017","4","",18,11811,11904,11912,125887849,792024,8822,815,"",0.19,0.94,0.93,0.93,0.93,0.33,1.12,0.99,"",0,0.0,481,4.2,468,4.1,518,4.5,9055053,7.8,-74732,-8.6,-1895,-17.7,26,3.3
"47149","5","10","71","0","2017","4","",5602,108795,110793,110830,1359460143,120596896,1493803,949,"",1.02,1.01,1.01,1.01,1.01,1.03,1.00,1.00,"",288,5.4,5569,5.4,7469,7.2,7338,7.1,81017321,6.3,13380337,12.5,294921,24.6,-3,-0.3
"47151","0","10","70","0","2017","4","",328,5658,5731,5762,45460531,4722167,109284,612,"",1.00,1.00,1.00,1.00,1.00,1.00,1.00,1.00,"",-7,-2.1,306,5.7,297,5.5,431,8.1,3879628,9.3,722035,18.1,39889,57.5,17,2.9
"47151","1","10","71","0","2017","4","",7,97,92,93,1160574,0,0,950,"",3.56,0.89,0.84,0.84,0.93,0.00,0.00,1.09,"",0,0.0,6,6.6,12,15.0,16,20.8,179824,18.3,0,0.0,0,0.0,37,4.1
"47151","2","10","71","0","2017","4","",9,121,123,123,1300104,0,0,818,"",3.92,0.67,0.67,0.67,0.88,0.00,0.00,1.31,"",-1,-10.0,3,2.5,4,3.4,4,3.4,144827,12.5,0,0.0,0,0.0,69,9.2
"47151","3","10","71","0","2017","4","",19,1205,1204,1200,8764090,432568,2736,560,"",3.41,2.15,2.12,2.10,2.24,4.63,4.76,1.05,"",0,0.0,26,2.2,-67,-5.3,20,1.7,77343,0.9,-28742,-6.2,-615,-18.4,8,1.4
"47151","5","10","71","0","2017","4","",293,4235,4312,4346,34235763,4289599,106548,613,"",0.92,0.88,0.89,0.89,0.88,0.94,0.98,1.00,"",-6,-2.0,271,6.8,348,8.8,391,9.9,3477634,11.3,750777,21.2,40504,61.3,16,2.7
"47153","0","10","70","0","2017","4","",220,2964,3007,2998,25515316,1914858,18406,657,"",1.00,1.00,1.00,1.00,1.00,1.00,1.00,1.00,"",6,2.8,-35,-1.2,-35,-1.2,-64,-2.1,1177672,4.8,-278140,-12.7,-4947,-21.2,40,6.5
"47153","1","10","71","0","2017","4","",1,11,12,11,158158,0,0,1073,"",0.76,0.19,0.21,0.19,0.23,0.00,0.00,1.14,"",0,0.0,-1,-8.3,1,9.1,0,0.0,1052,0.7,0,0.0,0,0.0,7,0.7
"47153","2","10","71","0","2017","4","",9,88,89,89,1074717,0,0,932,"",5.84,0.92,0.92,0.93,1.29,0.00,0.00,1.39,"",-1,-10.0,6,7.3,4,4.7,2,2.3,103377,10.6,0,0.0,0,0.0,49,5.5
"47153","3","10","71","0","2017","4","",9,797,801,807,5617241,192479,1497,539,"",2.41,2.71,2.68,2.72,2.56,5.08,15.45,0.95,"",0,0.0,-12,-1.5,-12,-1.5,-9,-1.1,100539,1.8,-13090,-6.4,-504,-25.2,17,3.3
"47153","5","10","71","0","2017","4","",201,2068,2105,2091,18665200,1722379,16909,688,"",0.94,0.82,0.82,0.82,0.86,0.93,0.92,1.04,"",7,3.6,-28,-1.3,-28,-1.3,-57,-2.7,972704,5.5,-265050,-13.3,-4443,-20.8,48,7.5
"47155","0","10","70","0","2017","4","",2793,46684,46871,46587,388571576,44555796,748575,640,"",1.00,1.00,1.00,1.00,1.00,1.00,1.00,1.00,"",84,3.1,430,0.9,510,1.1,741,1.6,20512430,5.6,308783,0.7,-64737,-8.0,27,4.4
"47155","1","10","71","0","2017","4","",9,353,342,342,5158349,0,0,1148,"",0.54,0.39,0.38,0.38,0.48,0.00,0.00,1.25,"",0,0.0,2,0.6,21,6.5,18,5.6,92647,1.8,0,0.0,0,0.0,-26,-2.2
"47155","2","10","71","0","2017","4","",20,182,184,186,2047983,18420,184,856,"",1.02,0.12,0.12,0.13,0.16,0.03,0.19,1.31,"",2,11.1,26,16.7,25,15.7,26,16.2,230519,12.7,18420,100.0,184,100.0,-27,-3.1
"47155","3","10","71","0","2017","4","",18,4657,4632,4587,49344906,381704,9315,821,"",0.38,1.01,1.00,0.99,1.48,0.43,2.36,1.48,"",0,0.0,92,2.0,48,1.0,60,1.3,1208978,2.5,8001,2.1,314,3.5,9,1.1
"47155","5","10","71","0","2017","4","",2746,41492,41713,41472,332020338,44155672,739076,615,"",1.01,1.05,1.05,1.05,1.00,1.02,0.99,0.96,"",82,3.1,310,0.8,416,1.0,637,1.6,18980286,6.1,282362,0.6,-65235,-8.1,29,4.9
"47157","0","10","70","0","2017","4","",20481,495589,501013,503054,7232665464,390069603,4335995,1113,"",1.00,1.00,1.00,1.00,1.00,1.00,1.00,1.00,"",275,1.4,2460,0.5,2000,0.4,2679,0.5,197755905,2.8,-7249697,-1.8,-143099,-3.2,25,2.3
"47157","1","10","71","0","2017","4","",89,12397,12610,12636,241752055,0,0,1482,"",0.72,1.30,1.32,1.30,1.22,0.00,0.00,0.93,"",0,0.0,-322,-2.5,-9,-0.1,-533,-4.0,4009339,1.7,0,0.0,0,0.0,57,4.0
"47157","2","10","71","0","2017","4","",35,11803,11833,10881,157647765,0,0,1054,"",0.24,0.74,0.74,0.68,0.67,0.00,0.00,0.93,"",0,0.0,529,4.7,516,4.6,546,5.3,7285164,4.8,0,0.0,0,0.0,0,0.0
"47157","3","10","71","0","2017","4","",55,37388,37535,37690,508129778,217662,4347,1041,"",0.16,0.76,0.75,0.76,0.82,0.03,0.19,1.08,"",1,1.9,1162,3.2,974,2.7,1346,3.7,21670145,4.5,111226,104.5,1657,61.6,12,1.2
"47157","5","10","71","0","2017","4","",20302,434001,439035,441847,6325135866,389851941,4331648,1110,"",1.02,1.03,1.03,1.03,1.02,1.03,1.01,0.99,"",274,1.4,1091,0.3,519,0.1,1320,0.3,164791257,2.7,-7360923,-1.9,-144756,-3.2,26,2.4
"47159","0","10","70","0","2017","4","",328,5181,5221,5267,55470395,3961599,49997,817,"",1.00,1.00,1.00,1.00,1.00,1.00,1.00,1.00,"",5,1.5,328,6.8,361,7.4,359,7.3,6325116,12.9,887485,28.9,22082,79.1,41,5.3
"47159","1","10","71","0","2017","4","",14,129,121,120,1982610,0,0,1237,"",7.12,1.29,1.21,1.18,1.30,0.00,0.00,1.06,"",0,0.0,10,8.4,5,4.3,-1,-0.8,197694,11.1,0,0.0,0,0.0,80,6.9
"47159","2","10","71","0","2017","4","",10,85,84,87,959701,0,0,865,"",4.35,0.51,0.50,0.52,0.53,0.00,0.00,1.04,"",-1,-9.1,3,3.7,-3,-3.4,-1,-1.1,71492,8.0,0,0.0,0,0.0,67,8.4
"47159","3","10","71","0","2017","4","",26,907,908,906,6495519,206207,1708,551,"",4.66,1.77,1.75,1.74,1.36,2.63,6.49,0.78,"",0,0.0,11,1.2,18,2.0,-7,-0.8,147214,2.3,27439,15.3,142,9.1,8,1.5
"47159","5","10","71","0","2017","4","",278,4060,4108,4154,46032565,3755392,48289,862,"",0.87,0.92,0.93,0.93,0.97,0.98,0.97,1.05,"",6,2.2,304,8.1,341,9.1,368,9.7,5908716,14.7,860046,29.7,21940,83.3,43,5.3
"47161","0","10","70","0","2017","4","",189,2627,2616,2614,33050938,1768074,20060,971,"",1.00,1.00,1.00,1.00,1.00,1.00,1.00,1.00,"",7,3.8,74,2.9,67,2.6,28,1.1,-926616,-2.7,-265602,-13.1,-6167,-23.5,-49,-4.8
"47161","1","10","71","0","2017","4","",12,409,403,404,13654689,0,0,2591,"",10.59,8.09,8.05,8.02,15.03,0.00,0.00,1.87,"",0,0.0,-23,-5.3,-25,-5.8,-27,-6.3,-316392,-2.3,0,0.0,0,0.0,94,3.8
"47161","2","10","71","0","2017","4","",9,39,40,40,487530,0,0,945,"",6.80,0.46,0.48,0.48,0.45,0.00,0.00,0.95,"",2,28.6,8,25.8,8,25.0,6,17.6,100113,25.8,0,0.0,0,0.0,23,2.5
"47161","3","10","71","0","2017","4","",6,503,514,516,4331234,246316,1239,652,"",1.87,1.93,1.98,1.99,1.52,7.04,11.74,0.77,"",0,0.0,12,2.4,29,6.0,27,5.5,270618,6.7,33367,15.7,289,30.4,12,1.9
"47161","5","10","71","0","2017","4","",162,1676,1659,1654,14577485,1521758,18821,674,"",0.88,0.75,0.75,0.74,0.52,0.89,0.94,0.69,"",5,3.2,77,4.8,55,3.4,22,1.3,-980955,-6.3,-298969,-16.4,-6456,-25.5,-69,-9.3
"47163","0","10","70","0","2017","4","",3431,68002,68575,68875,853084904,45895101,589510,958,"",1.00,1.00,1.00,1.00,1.00,1.00,1.00,1.00,"",42,1.2,-408,-0.6,-195,-0.3,-77,-0.1,32023813,3.9,5971297,15.0,113047,23.7,39,4.2
"47163","1","10","71","0","2017","4","",20,468,463,463,8033000,0,0,1330,"",0.97,0.36,0.35,0.35,0.34,0.00,0.00,0.97,"",2,11.1,-2,-0.4,-7,-1.5,-8,-1.7,500348,6.6,0,0.0,0,0.0,98,8.0
"47163","2","10","71","0","2017","4","",19,1022,1009,1011,9830649,0,0,746,"",0.79,0.47,0.46,0.46,0.35,0.00,0.00,0.76,"",0,0.0,-102,-9.1,-112,-10.0,-109,-9.7,-703923,-6.7,0,0.0,0,0.0,24,3.3
"47163","3","10","71","0","2017","4","",18,6166,6165,6200,58440540,398438,6160,728,"",0.31,0.92,0.91,0.91,0.80,0.44,1.99,0.88,"",0,0.0,78,1.3,27,0.4,-51,-0.8,1981147,3.5,80534,25.3,382,6.6,23,3.3
"47163","5","10","71","0","2017","4","",3374,60346,60938,61201,776780715,45496663,583350,982,"",1.01,1.04,1.05,1.05,1.07,1.02,1.00,1.02,"",40,1.2,-382,-0.6,-103,-0.2,91,0.1,30246241,4.1,5890763,14.9,112665,23.9,40,4.2
"47165","0","10","70","0","2017","4","",3668,53132,53828,54437,624002186,51580704,620303,892,"",1.00,1.00,1.00,1.00,1.00,1.00,1.00,1.00,"",132,3.7,1256,2.4,1390,2.7,1534,2.9,37883075,6.5,2881538,5.9,-5391,-0.9,32,3.7
"47165","1","10","71","0","2017","4","",19,475,475,477,11771279,0,0,1904,"",0.86,0.46,0.46,0.45,0.69,0.00,0.00,1.49,"",1,5.6,-4,-0.8,-9,-1.9,-1,-0.2,409388,3.6,0,0.0,0,0.0,84,4.6
"47165","2","10","71","0","2017","4","",16,1135,1151,1147,10276066,0,0,691,"",0.62,0.67,0.67,0.66,0.50,0.00,0.00,0.76,"",0,0.0,37,3.4,45,4.1,38,3.4,345341,3.5,0,0.0,0,0.0,-1,-0.1
"47165","3","10","71","0","2017","4","",22,6733,6757,6818,60985229,134078,1156,693,"",0.35,1.28,1.26,1.27,1.14,0.13,0.35,0.90,"",0,0.0,47,0.7,59,0.9,121,1.8,1663403,2.8,64664,93.2,380,49.0,11,1.6
"47165","5","10","71","0","2017","4","",3611,44789,45445,45995,540969612,51446626,619147,916,"",1.01,0.99,0.99,0.99,1.02,1.03,1.00,1.02,"",131,3.8,1176,2.7,1295,2.9,1376,3.1,35464943,7.0,2816874,5.8,-5771,-0.9,35,4.0
"47167","0","10","70","0","2017","4","",738,11013,11206,11128,104772065,7795515,103785,725,"",1.00,1.00,1.00,1.00,1.00,1.00,1.00,1.00,"",-14,-1.9,-39,-0.4,85,0.8,101,0.9,1287983,1.2,53062,0.7,-4254,-3.9,6,0.8
"47167","1","10","71","0","2017","4","",14,97,92,94,1500730,0,0,1224,"",3.16,0.46,0.43,0.44,0.52,0.00,0.00,1.18,"",0,0.0,-6,-5.8,-4,-4.2,-4,-4.1,70504,4.9,0,0.0,0,0.0,113,10.2
"47167","2","10","71","0","2017","4","",13,154,158,159,1852286,0,0,908,"",2.51,0.44,0.44,0.45,0.54,0.00,0.00,1.23,"",-1,-7.1,9,6.2,8,5.3,10,6.7,188293,11.3,0,0.0,0,0.0,43,5.0
"47167","3","10","71","0","2017","4","",17,2357,2397,2361,22279725,329959,2118,723,"",1.36,2.16,2.15,2.14,2.47,2.14,3.88,1.15,"",0,0.0,4,0.2,30,1.3,2,0.1,1168952,5.5,14101,4.5,-458,-17.8,35,5.1
"47167","5","10","71","0","2017","4","",694,8405,8559,8514,79139324,7465556,101667,717,"",0.97,0.90,0.90,0.90,0.88,0.99,0.99,0.98,"",-13,-1.8,-46,-0.5,51,0.6,93,1.1,-139766,-0.2,38961,0.5,-3796,-3.6,-4,-0.6
"47169","0","10","70","0","2017","4","",131,1566,1584,1594,14665597,1057028,14325,713,"",1.00,1.00,1.00,1.00,1.00,1.00,1.00,1.00,"",-5,-3.7,5,0.3,12,0.8,7,0.4,996843,7.3,-18518,-1.7,3875,37.1,45,6.7
"47169","1","10","71","0","2017","4","",2,30,31,32,737710,0,0,1831,"",2.55,1.00,1.02,1.04,1.83,0.00,0.00,1.80,"",0,0.0,-1,-3.2,0,0.0,0,0.0,-18181,-2.4,0,0.0,0,0.0,-25,-1.3
"47169","2","10","71","0","2017","4","",6,79,80,82,944767,0,0,905,"",6.54,1.57,1.58,1.61,1.97,0.00,0.00,1.24,"",0,0.0,5,6.8,5,6.7,8,10.8,80458,9.3,0,0.0,0,0.0,11,1.2
"47169","3","10","71","0","2017","4","",8,361,361,367,3199412,16634,428,678,"",3.59,2.33,2.30,2.33,2.54,0.79,5.68,1.10,"",0,0.0,6,1.7,-1,-0.3,7,1.9,164361,5.4,3080,22.7,120,39.0,28,4.3
"47169","5","10","71","0","2017","4","",115,1096,1112,1113,9783708,1040394,13897,680,"",0.91,0.82,0.83,0.82,0.78,1.02,0.98,0.95,"",-5,-4.2,-5,-0.5,8,0.7,-8,-0.7,770205,8.5,-21598,-2.0,3755,37.0,55,8.8
"47171","0","10","70","0","2017","4","",257,4793,4756,4712,55282662,2832521,31828,895,"",1.00,1.00,1.00,1.00,1.00,1.00,1.00,1.00,"",-7,-2.7,-114,-2.3,-106,-2.2,-73,-1.5,847598,1.6,-213922,-7.0,-11405,-26.4,32,3.7
"47171","1","10","71","0","2017","4","",8,71,54,50,951581,0,0,1255,"",5.19,0.77,0.59,0.55,0.63,0.00,0.00,0.98,"",1,14.3,5,7.6,-8,-12.9,-7,-12.3,-200888,-17.4,0,0.0,0,0.0,-183,-12.7
"47171","2","10","71","0","2017","4","",7,33,33,33,318581,0,0,743,"",3.89,0.21,0.22,0.22,0.18,0.00,0.00,0.81,"",-1,-12.5,-4,-10.8,-4,-10.8,-4,-10.8,-13413,-4.0,0,0.0,0,0.0,53,7.7
"47171","3","10","71","0","2017","4","",10,735,734,734,6305284,123000,1197,660,"",2.29,1.55,1.55,1.57,1.33,2.19,7.15,0.85,"",0,0.0,2,0.3,1,0.1,-2,-0.3,242209,4.0,3533,3.0,-105,-8.1,25,3.9
"47171","5","10","71","0","2017","4","",232,3954,3935,3895,47707216,2709521,30631,934,"",0.93,0.97,0.97,0.97,1.01,0.99,0.97,1.04,"",-7,-2.9,-117,-2.9,-95,-2.4,-60,-1.5,819690,1.7,-217455,-7.4,-11300,-26.9,37,4.1
"47173","0","10","70","0","2017","4","",231,2440,2420,2388,24342461,1672787,20312,775,"",1.00,1.00,1.00,1.00,1.00,1.00,1.00,1.00,"",1,0.4,-1,0.0,18,0.7,-27,-1.1,3224446,15.3,-25289,-1.5,-1130,-5.3,104,15.5
"47173","1","10","71","0","2017","4","",3,19,18,18,238240,0,0,1000,"",2.17,0.40,0.39,0.39,0.36,0.00,0.00,0.90,"",0,0.0,2,11.8,1,5.9,1,5.9,8745,3.8,0,0.0,0,0.0,-38,-3.7
"47173","2","10","71","0","2017","4","",8,56,55,53,505120,0,0,711,"",4.94,0.72,0.71,0.70,0.64,0.00,0.00,0.90,"",0,0.0,6,12.0,5,10.0,6,12.8,36008,7.7,0,0.0,0,0.0,-25,-3.4
"47173","3","10","71","0","2017","4","",11,701,695,691,6636196,183371,1727,734,"",2.80,2.90,2.89,2.92,3.17,5.54,16.16,1.09,"",0,0.0,-62,-8.1,-68,-8.9,-68,-9.0,1330811,25.1,-149396,-44.9,-1592,-48.0,198,36.9
"47173","5","10","71","0","2017","4","",209,1664,1652,1626,16962905,1489416,18585,792,"",0.93,0.80,0.80,0.80,0.82,0.92,0.92,1.02,"",1,0.5,53,3.3,80,5.1,34,2.1,1848882,12.2,124107,9.1,462,2.5,62,8.5
"47175","0","10","70","0","2017","4","",57,892,870,842,6536914,369591,6960,579,"",1.00,1.00,1.00,1.00,1.00,1.00,1.00,1.00,"",2,3.6,86,10.7,69,8.6,39,4.9,50638,0.8,14391,4.1,1252,21.9,-42,-6.8
"47175","1","10","71","0","2017","4","",1,11,12,11,106139,0,0,720,"",2.93,0.64,0.72,0.68,0.59,0.00,0.00,0.87,"",0,0.0,0,0.0,-1,-7.7,-1,-8.3,5947,5.9,0,0.0,0,0.0,78,12.1
"47175","2","10","71","0","2017","4","",8,167,156,141,973083,0,0,484,"",20.03,5.83,5.60,5.25,4.56,0.00,0.00,0.82,"",0,0.0,39,30.5,33,26.8,22,18.5,124078,14.6,0,0.0,0,0.0,-46,-8.7
"47175","3","10","71","0","2017","4","",5,292,289,285,2135646,71613,1260,569,"",5.16,3.30,3.35,3.42,3.80,9.79,34.40,1.13,"",0,0.0,11,3.9,4,1.4,-6,-2.1,140185,7.0,-40183,-35.9,-557,-30.7,32,6.0
"47175","5","10","71","0","2017","4","",43,422,413,405,3322046,297978,5700,618,"",0.78,0.56,0.56,0.57,0.60,0.83,0.82,1.06,"",2,4.9,36,9.3,33,8.7,24,6.3,-219572,-6.2,54574,22.4,1809,46.5,-95,-13.3
"47177","0","10","70","0","2017","4","",819,13017,13007,12960,132222585,7830952,88505,783,"",1.00,1.00,1.00,1.00,1.00,1.00,1.00,1.00,"",15,1.9,-655,-4.8,-795,-5.8,-910,-6.6,-7276956,-5.2,-3443696,-30.5,-49422,-35.8,4,0.5
"47177","1","10","71","0","2017","4","",11,88,86,85,1365888,0,0,1217,"",2.24,0.35,0.35,0.34,0.38,0.00,0.00,1.09,"",0,0.0,0,0.0,-6,-6.5,-12,-12.4,297,0.0,0,0.0,0,0.0,79,6.9
"47177","2","10","71","0","2017","4","",15,204,205,212,2328018,0,0,865,"",2.61,0.49,0.49,0.51,0.54,0.00,0.00,1.08,"",0,0.0,7,3.6,7,3.5,12,6.0,144673,6.6,0,0.0,0,0.0,18,2.1
"47177","3","10","71","0","2017","4","",17,1647,1637,1642,15468926,180164,1557,725,"",1.22,1.28,1.27,1.28,1.36,1.16,3.34,1.07,"",0,0.0,-6,-0.4,-8,-0.5,25,1.5,791976,5.4,-19834,-9.9,9,0.6,36,5.2
"47177","5","10","71","0","2017","4","",776,11078,11079,11021,113059753,7650788,86948,786,"",0.98,1.00,1.00,1.00,1.00,1.01,0.99,1.00,"",15,2.0,-656,-5.6,-788,-6.6,-935,-7.8,-8213902,-6.8,-3423862,-30.9,-49431,-36.2,-1,-0.1
"47179","0","10","70","0","2017","4","",2971,62095,62321,62653,679942966,41648485,447607,839,"",1.00,1.00,1.00,1.00,1.00,1.00,1.00,1.00,"",82,2.8,967,1.6,1004,1.6,1105,1.8,39426305,6.2,1857902,4.7,36302,8.8,36,4.5
"47179","1","10","71","0","2017","4","",24,2755,2745,2799,53489936,0,0,1487,"",1.35,2.30,2.30,2.32,2.86,0.00,0.00,1.24,"",0,0.0,76,2.8,72,2.7,85,3.1,2937803,5.8,0,0.0,0,0.0,41,2.8
"47179","2","10","71","0","2017","4","",28,4370,4402,4336,52171517,0,0,918,"",1.35,2.19,2.21,2.17,2.35,0.00,0.00,1.07,"",0,0.0,347,8.6,385,9.6,363,9.1,5733192,12.3,0,0.0,0,0.0,26,2.9
"47179","3","10","71","0","2017","4","",13,4917,4899,4983,48126983,259174,1800,750,"",0.26,0.80,0.79,0.80,0.82,0.31,0.76,1.03,"",0,0.0,-163,-3.2,-136,-2.7,-179,-3.5,-121930,-0.3,7403,2.9,53,3.0,21,2.9
"47179","5","10","71","0","2017","4","",2906,50053,50275,50535,526154530,41389311,445807,805,"",1.01,0.95,0.95,0.95,0.91,1.03,1.00,0.95,"",82,2.9,707,1.4,683,1.4,836,1.7,30877240,6.2,1850499,4.7,36249,8.9,36,4.7
"47181","0","10","70","0","2017","4","",232,3710,3650,3729,32791386,2373721,30192,682,"",1.00,1.00,1.00,1.00,1.00,1.00,1.00,1.00,"",6,2.7,154,4.3,147,4.2,157,4.4,2194052,7.2,10202,0.4,2696,9.8,18,2.7
"47181","1","10","71","0","2017","4","",5,28,29,29,355159,0,0,953,"",3.59,0.39,0.42,0.40,0.39,0.00,0.00,0.98,"",0,0.0,-2,-6.7,-1,-3.3,-2,-6.5,6298,1.8,0,0.0,0,0.0,68,7.7
"47181","2","10","71","0","2017","4","",11,163,164,163,1596836,0,0,752,"",6.77,1.37,1.40,1.37,1.49,0.00,0.00,1.08,"",-1,-8.3,-6,-3.6,-4,-2.4,-13,-7.4,-12377,-0.8,0,0.0,0,0.0,28,3.9
"47181","3","10","71","0","2017","4","",13,934,885,943,7225781,444339,3426,604,"",3.30,2.54,2.44,2.56,2.56,9.46,21.56,1.02,"",0,0.0,90,10.7,101,12.9,98,11.6,335061,4.9,-51369,-10.4,-467,-12.0,-39,-6.1
"47181","5","10","71","0","2017","4","",203,2585,2572,2594,23613610,1929382,26766,703,"",0.90,0.82,0.83,0.82,0.84,0.84,0.89,1.03,"",7,3.6,72,2.9,51,2.0,74,2.9,1865070,8.6,61571,3.3,3163,13.4,39,5.9
"47183","0","10","70","0","2017","4","",569,10798,11286,11335,97023254,7825969,150767,670,"",1.00,1.00,1.00,1.00,1.00,1.00,1.00,1.00,"",14,2.5,-225,-2.0,83,0.7,121,1.1,3956628,4.3,237575,3.1,6446,4.5,28,4.4
"47183","1","10","71","0","2017","4","",14,124,123,120,2125954,0,0,1337,"",4.10,0.60,0.57,0.55,0.80,0.00,0.00,1.40,"",0,0.0,0,0.0,-3,-2.4,-7,-5.5,56561,2.7,0,0.0,0,0.0,70,5.5
"47183","2","10","71","0","2017","4","",18,1463,1460,1474,13581273,0,0,713,"",4.51,4.22,4.04,4.08,4.29,0.00,0.00,1.04,"",0,0.0,9,0.6,3,0.2,14,1.0,517834,4.0,0,0.0,0,0.0,23,3.3
"47183","3","10","71","0","2017","4","",16,1957,1937,1943,13909041,462190,11091,550,"",1.65,1.83,1.73,1.73,1.67,2.98,13.98,0.95,"",0,0.0,-114,-5.5,-150,-7.2,-148,-7.1,307267,2.3,17360,3.9,1066,10.6,48,9.6
"47183","5","10","71","0","2017","4","",521,7254,7766,7798,67406986,7363779,139676,682,"",0.94,0.79,0.81,0.81,0.81,0.97,0.93,1.01,"",14,2.8,-120,-1.6,233,3.1,262,3.5,3074966,4.8,220215,3.1,5380,4.0,21,3.2
"47185","0","10","70","0","2017","4","",441,7108,7131,7222,75967591,4960635,52591,817,"",1.00,1.00,1.00,1.00,1.00,1.00,1.00,1.00,"",4,0.9,103,1.5,71,1.0,171,2.4,3182438,4.4,-222844,-4.3,-18317,-25.8,22,2.8
"47185","1","10","71","0","2017","4","",6,49,48,48,627215,0,0,998,"",2.27,0.36,0.35,0.35,0.30,0.00,0.00,0.85,"",0,0.0,-4,-7.5,-1,-2.0,-4,-7.7,4170,0.7,0,0.0,0,0.0,64,6.9
"47185","2","10","71","0","2017","4","",8,64,65,66,636657,0,0,753,"",2.59,0.28,0.28,0.29,0.26,0.00,0.00,0.90,"",0,0.0,6,10.3,5,8.3,6,10.0,74998,13.4,0,0.0,0,0.0,25,3.4
"47185","3","10","71","0","2017","4","",18,1281,1279,1279,8725782,212643,1167,525,"",2.40,1.82,1.81,1.79,1.34,2.17,4.22,0.74,"",0,0.0,47,3.8,43,3.5,39,3.1,384595,4.6,20766,10.8,28,2.5,6,1.2
"47185","5","10","71","0","2017","4","",409,5714,5739,5829,65977937,4747992,51424,881,"",0.96,0.95,0.95,0.95,1.02,0.99,0.98,1.07,"",4,1.0,54,1.0,24,0.4,130,2.3,2718675,4.3,-243610,-4.9,-18345,-26.3,26,3.0
"47187","0","10","70","0","2017","4","",8848,130270,132272,132793,2157445782,121532095,1429868,1259,"",1.00,1.00,1.00,1.00,1.00,1.00,1.00,1.00,"",417,4.9,4580,3.6,4937,3.9,5115,4.0,161133814,8.1,-492782,-0.4,-26121,-1.8,49,4.0
"47187","1","10","71","0","2017","4","",24,797,867,866,14056984,0,0,1282,"",0.45,0.32,0.34,0.34,0.24,0.00,0.00,0.71,"",0,0.0,-1,-0.1,122,16.4,-15,-1.7,906621,6.9,0,0.0,0,0.0,30,2.4
"47187","2","10","71","0","2017","4","",13,147,147,150,1923920,4990,15,1000,"",0.21,0.04,0.03,0.04,0.03,0.00,0.01,0.78,"",0,0.0,20,15.7,17,13.1,20,15.4,281116,17.1,4990,100.0,15,100.0,20,2.0
"47187","3","10","71","0","2017","4","",15,10828,10871,10991,114676521,109134,1002,810,"",0.10,0.84,0.83,0.84,0.62,0.05,0.13,0.74,"",0,0.0,269,2.5,264,2.5,276,2.6,5164553,4.7,4120,3.9,-123,-10.9,17,2.1
"47187","5","10","71","0","2017","4","",8796,118498,120387,120786,2026788357,121417971,1428851,1300,"",1.02,1.07,1.07,1.07,1.10,1.03,1.01,1.03,"",417,5.0,4292,3.8,4534,3.9,4834,4.2,154781524,8.3,-501892,-0.4,-26013,-1.8,51,4.1
"47189","0","10","70","0","2017","4","",2846,42715,43544,43508,493993310,42724755,441909,878,"",1.00,1.00,1.00,1.00,1.00,1.00,1.00,1.00,"",147,5.4,2004,4.9,2450,6.0,2089,5.0,36999615,8.1,4289621,11.2,16530,3.9,22,2.6
"47189","1","10","71","0","2017","4","",16,204,208,209,3605717,0,0,1340,"",0.94,0.25,0.25,0.25,0.27,0.00,0.00,1.07,"",0,0.0,-2,-1.0,-4,-1.9,-5,-2.3,78328,2.2,0,0.0,0,0.0,52,4.0
"47189","2","10","71","0","2017","4","",15,207,206,204,2216443,0,0,829,"",0.75,0.15,0.15,0.15,0.14,0.00,0.00,0.93,"",0,0.0,13,6.7,14,7.3,11,5.7,226508,11.4,0,0.0,0,0.0,36,4.5
"47189","3","10","71","0","2017","4","",16,4609,4627,4621,48806346,503293,3886,813,"",0.33,1.09,1.07,1.07,1.15,0.60,1.67,1.07,"",0,0.0,101,2.2,111,2.5,95,2.1,2543007,5.5,-106586,-17.5,-1733,-30.8,25,3.2
"47189","5","10","71","0","2017","4","",2799,37695,38503,38474,439364804,42221462,438023,884,"",1.01,1.04,1.04,1.04,1.04,1.02,1.00,1.00,"",147,5.5,1892,5.3,2329,6.4,1988,5.4,34151772,8.4,4396207,11.6,18263,4.4,22,2.6
"47999","0","10","70","0","2017","4","",10710,60381,61310,60754,1074086865,87193881,1476523,1359,"",1.00,1.00,1.00,1.00,1.00,1.00,1.00,1.00,"",-371,-3.3,-1555,-2.5,-1743,-2.8,-2593,-4.1,-1846033,-0.2,757014,0.9,-151613,-9.3,41,3.1
"47999","1","10","71","0","2017","4","",47,782,792,806,17542865,0,0,1701,"",0.73,0.67,0.68,0.69,0.59,0.00,0.00,0.88,"",1,2.2,91,13.2,90,12.8,80,11.0,2672204,18.0,0,0.0,0,0.0,82,5.1
"47999","2","10","71","0","2017","4","N",15,0,0,0,0,0,0,0,"N",0.20,0,0,0,0,0,0,0,"N",3,25.0,0,0,0,0,0,0,0,0,0,0,0,0,0,0
"47999","3","10","71","0","2017","4","N",3,0,0,0,0,0,0,0,"N",0.02,0,0,0,0,0,0,0,"N",2,200.0,0,0,0,0,0,0,0,0,0,0,0,0,0,0
"47999","5","10","71","0","2017","4","",10645,58723,59630,59087,1045520607,87187227,1476423,1360,"",1.02,1.14,1.14,1.14,1.14,1.03,1.01,1.00,"",-377,-3.4,-1668,-2.8,-1870,-3.0,-2709,-4.4,-5096744,-0.5,756514,0.9,-151621,-9.3,40,3.0
"48000","0","10","50","0","2017","4","",684593,12122345,12209053,12224998,175661597724,11214390569,278923881,1109,"",1.00,1.00,1.00,1.00,1.00,1.00,1.00,1.00,"",19973,3.0,229748,1.9,249605,2.1,252404,2.1,9172612184,5.5,567064298,5.3,47498797,20.5,37,3.5
"48000","1","10","51","0","2017","4","",3574,200408,201517,202885,3943013350,0,0,1504,"",0.87,0.86,0.86,0.86,0.82,0.00,0.00,0.95,"",-18,-0.5,2637,1.3,2432,1.2,1445,0.7,159950269,4.2,0,0.0,0,0.0,45,3.1
"48000","2","10","51","0","2017","4","",3341,359254,360717,359368,5377358171,0,0,1150,"",0.70,0.92,0.92,0.92,0.94,0.00,0.00,1.02,"",-167,-4.8,463,0.1,1019,0.3,-47,0.0,146348960,2.8,0,0.0,0,0.0,30,2.7
"48000","3","10","51","0","2017","4","",9970,1322201,1332778,1331915,15488663453,51583855,90311,897,"",0.86,1.10,1.10,1.10,1.03,0.23,0.06,0.93,"",12,0.1,7977,0.6,7431,0.6,6114,0.5,515388318,3.4,-1814693,-3.4,-926009,-91.1,26,3.0
"48000","5","10","51","0","2017","4","",667708,10240482,10314041,10330830,150852562750,11162806714,278833570,1127,"",1.01,0.99,0.99,0.99,1.01,1.03,1.01,1.01,"",20146,3.1,218671,2.2,238723,2.4,244892,2.4,8350924637,5.9,568878991,5.4,48424806,21.0,37,3.4
"48000","8","10","96","0","2017","4","",16885,1881863,1895012,1894168,24809034974,51583855,90311,1010,"",0.82,1.03,1.03,1.03,0.97,0.14,0.05,0.94,"",-173,-1.0,11077,0.6,10882,0.6,7512,0.4,821687547,3.4,-1814693,-3.4,-926009,-91.1,29,3.0
"48001","0","10","70","0","2017","4","",1645,20168,20243,20201,223124695,18436982,389481,850,"",1.00,1.00,1.00,1.00,1.00,1.00,1.00,1.00,"",-55,-3.2,-615,-3.0,-525,-2.5,-591,-2.8,1114841,0.5,-720354,-3.8,49671,14.6,28,3.4
"48001","1","10","71","0","2017","4","",12,145,143,147,2214944,0,0,1175,"",1.22,0.37,0.37,0.38,0.36,0.00,0.00,0.97,"",0,0.0,-6,-4.0,-7,-4.7,-5,-3.3,160489,7.8,0,0.0,0,0.0,128,12.2
"48001","2","10","71","0","2017","4","",25,3121,3113,3084,35180807,0,0,871,"",2.17,4.82,4.80,4.79,4.83,0.00,0.00,1.00,"",-8,-24.2,-275,-8.1,-275,-8.1,-326,-9.6,-866661,-2.4,0,0.0,0,0.0,55,6.7
"48001","3","10","71","0","2017","4","",46,2150,2153,2152,19810191,23419,21,708,"",1.65,1.08,1.07,1.08,1.03,0.06,0.01,0.96,"",-2,-4.2,-8,-0.4,-12,-0.6,-28,-1.3,91264,0.5,-13133,-35.9,-671,-97.0,8,1.1
"48001","5","10","71","0","2017","4","",1562,14752,14834,14818,165918753,18413563,389460,862,"",0.98,0.86,0.86,0.86,0.87,1.03,1.01,1.01,"",-45,-2.8,-326,-2.2,-231,-1.5,-232,-1.5,1729749,1.1,-707221,-3.7,50342,14.8,24,2.9
"48003","0","10","70","0","2017","4","",492,7233,7303,7312,120287864,8814245,255462,1271,"",1.00,1.00,1.00,1.00,1.00,1.00,1.00,1.00,"",26,5.6,515,7.7,472,6.9,431,6.3,18072666,17.7,2124445,31.8,146760,135.0,116,10.0
"48003","1","10","71","0","2017","4","",2,12,12,12,203754,0,0,1306,"",0.68,0.09,0.09,0.09,0.06,0.00,0.00,0.72,"",0,0.0,-2,-14.3,-1,-7.7,-2,-14.3,20476,11.2,0,0.0,0,0.0,274,26.6
"48003","2","10","71","0","2017","4","",6,26,26,26,405384,0,0,1199,"",1.74,0.11,0.11,0.11,0.10,0.00,0.00,0.93,"",0,0.0,-7,-21.2,-7,-21.2,-7,-21.2,33083,8.9,0,0.0,0,0.0,331,38.1
"48003","3","10","71","0","2017","4","",23,1246,1289,1253,16477128,211,0,1004,"",2.75,1.74,1.78,1.73,1.59,0.00,0.00,0.91,"",0,0.0,-56,-4.3,-19,-1.5,-74,-5.6,-351656,-2.1,-396,-65.2,-12,-100.0,18,1.8
"48003","5","10","71","0","2017","4","",461,5949,5976,6021,103201598,8814034,255462,1327,"",0.97,0.97,0.96,0.97,1.00,1.03,1.01,1.04,"",26,6.0,580,10.8,499,9.1,514,9.3,18370763,21.7,2124841,31.8,146772,135.0,130,10.9
"48005","0","10","70","0","2017","4","",1915,35316,35430,35561,367137371,30790208,559969,797,"",1.00,1.00,1.00,1.00,1.00,1.00,1.00,1.00,"",17,0.9,-588,-1.6,-742,-2.1,-716,-2.0,7624793,2.1,1275531,4.3,85059,17.9,31,4.0
"48005","1","10","71","0","2017","4","",18,324,320,330,5641109,0,0,1337,"",1.57,0.48,0.47,0.48,0.56,0.00,0.00,1.17,"",0,0.0,-9,-2.7,-11,-3.3,-5,-1.5,7275,0.1,0,0.0,0,0.0,36,2.8
"48005","2","10","71","0","2017","4","",24,1612,1618,1626,17848652,0,0,848,"",1.79,1.42,1.43,1.43,1.49,0.00,0.00,1.04,"",0,0.0,-60,-3.6,-53,-3.2,-41,-2.5,1142929,6.8,0,0.0,0,0.0,79,10.3
"48005","3","10","71","0","2017","4","",48,4983,5002,4993,45063554,335950,332,694,"",1.47,1.42,1.42,1.42,1.43,0.55,0.11,1.00,"",0,0.0,-75,-1.5,-87,-1.7,-70,-1.4,403934,0.9,-71979,-17.6,-7414,-95.7,16,2.4
"48005","5","10","71","0","2017","4","",1825,28397,28490,28612,298584056,30454258,559637,806,"",0.98,0.95,0.95,0.95,0.95,1.02,1.01,1.01,"",17,0.9,-444,-1.5,-591,-2.0,-600,-2.1,6070655,2.1,1347510,4.6,92473,19.8,31,4.0
"48007","0","10","70","0","2017","4","",631,4879,4950,4985,50918480,4735532,88244,793,"",1.00,1.00,1.00,1.00,1.00,1.00,1.00,1.00,"",-11,-1.7,-1315,-21.2,-1296,-20.7,-1218,-19.6,-7612491,-13.0,-1554435,-24.7,-18706,-17.5,68,9.4
"48007","1","10","71","0","2017","4","",2,19,20,21,391162,0,0,1504,"",0.53,0.20,0.21,0.22,0.28,0.00,0.00,1.33,"",0,0.0,-1,-5.0,-1,-4.8,0,0.0,41319,11.8,0,0.0,0,0.0,202,15.5
"48007","2","10","71","0","2017","4","",5,84,84,84,1459900,0,0,1337,"",1.13,0.54,0.53,0.53,0.88,0.00,0.00,1.65,"",0,0.0,-4,-4.5,-4,-4.5,-4,-4.5,298245,25.7,0,0.0,0,0.0,322,31.7
"48007","3","10","71","0","2017","4","",19,907,926,922,11041861,11836,11,925,"",1.77,1.88,1.88,1.87,2.52,0.13,0.02,1.34,"",-2,-9.5,-81,-8.2,-74,-7.4,-57,-5.8,1714959,18.4,-26663,-69.3,-719,-98.5,200,27.6
"48007","5","10","71","0","2017","4","",605,3869,3920,3958,38025557,4723696,88233,747,"",0.99,0.93,0.93,0.93,0.87,1.03,1.01,0.94,"",-9,-1.5,-1229,-24.1,-1217,-23.7,-1157,-22.6,-9667014,-20.3,-1527772,-24.4,-17987,-16.9,30,4.2
"48009","0","10","70","0","2017","4","",264,1792,1826,1828,17292222,1462392,35465,733,"",1.00,1.00,1.00,1.00,1.00,1.00,1.00,1.00,"",8,3.1,102,6.0,116,6.8,109,6.3,2021820,13.2,198918,15.7,8363,30.9,45,6.5
"48009","1","10","71","0","2017","4","",9,19,18,18,229313,0,0,962,"",5.68,0.55,0.52,0.51,0.48,0.00,0.00,0.92,"",0,0.0,1,5.6,-3,-14.3,-3,-14.3,25908,12.7,0,0.0,0,0.0,180,23.0
"48009","2","10","71","0","2017","4","",6,15,15,16,255108,0,0,1280,"",3.24,0.26,0.26,0.27,0.45,0.00,0.00,1.71,"",-1,-14.3,-4,-21.1,-4,-21.1,-3,-15.8,-22422,-8.1,0,0.0,0,0.0,156,13.9
"48009","3","10","71","0","2017","4","",21,459,465,464,3934153,13361,12,654,"",4.68,2.59,2.56,2.56,2.65,0.46,0.06,1.03,"",-2,-8.7,3,0.7,-4,-0.9,-5,-1.1,140781,3.7,-12602,-48.5,-480,-97.6,26,4.1
"48009","5","10","71","0","2017","4","",228,1299,1328,1330,12873648,1449031,35453,751,"",0.89,0.85,0.86,0.86,0.87,1.02,1.01,1.02,"",11,5.1,102,8.5,127,10.6,120,9.9,1877553,17.1,211520,17.1,8843,33.2,48,6.8
"48011","0","10","70","0","2017","4","",59,373,370,374,3475195,323469,2876,718,"",1.00,1.00,1.00,1.00,1.00,1.00,1.00,1.00,"",1,1.7,-39,-9.5,-49,-11.7,-33,-8.1,-360422,-9.4,-359128,-52.6,-9053,-75.9,3,0.4
"48011","1","10","71","0","2017","4","",1,4,3,3,42540,0,0,982,"",2.83,0.56,0.42,0.42,0.45,0.00,0.00,0.96,"",-1,-50.0,-1,-20.0,-2,-40.0,-2,-40.0,-12869,-23.2,0,0.0,0,0.0,130,15.3
"48011","2","10","71","0","2017","4","",4,13,13,14,161836,0,0,934,"",9.68,1.09,1.10,1.17,1.43,0.00,0.00,1.28,"",-1,-20.0,-1,-7.1,-1,-7.1,0,0.0,-33370,-17.1,0,0.0,0,0.0,-139,-13.0
"48011","3","10","71","0","2017","4","",4,108,107,106,775737,27451,26,558,"",3.99,2.92,2.91,2.86,2.60,4.29,1.72,0.90,"",0,0.0,-3,-2.7,-5,-4.5,-7,-6.2,-48394,-5.9,5812,26.9,-384,-93.7,-8,-1.4
"48011","5","10","71","0","2017","4","",50,248,247,251,2495082,296018,2850,772,"",0.87,0.78,0.79,0.79,0.84,0.95,1.00,1.07,"",3,6.4,-34,-12.1,-41,-14.2,-24,-8.7,-265789,-9.6,-364940,-55.2,-8669,-75.3,18,2.4
"48013","0","10","70","0","2017","4","",886,12594,12671,12839,157194737,12493768,383936,952,"",1.00,1.00,1.00,1.00,1.00,1.00,1.00,1.00,"",18,2.1,772,6.5,797,6.7,738,6.1,24302618,18.3,1174187,10.4,151202,65.0,95,11.1
"48013","1","10","71","0","2017","4","",12,55,55,63,879752,0,0,1174,"",2.26,0.23,0.23,0.25,0.20,0.00,0.00,0.86,"",0,0.0,-3,-5.2,2,3.8,5,8.6,84201,10.6,0,0.0,0,0.0,88,8.1
"48013","2","10","71","0","2017","4","",12,112,111,114,1694770,0,0,1161,"",1.93,0.28,0.27,0.28,0.33,0.00,0.00,1.20,"",0,0.0,1,0.9,1,0.9,4,3.6,387729,29.7,0,0.0,0,0.0,250,27.4
"48013","3","10","71","0","2017","4","",24,2301,2307,2356,23190010,192019,189,768,"",1.59,1.84,1.83,1.85,1.72,0.78,0.09,0.93,"",0,0.0,-33,-1.4,-57,-2.4,-120,-4.8,-192461,-0.8,-34771,-15.3,-4117,-95.6,16,2.1
"48013","5","10","71","0","2017","4","",838,10126,10198,10306,131430205,12301749,383747,990,"",0.98,0.95,0.95,0.94,0.98,1.02,1.01,1.03,"",18,2.2,807,8.7,851,9.1,849,9.0,24023149,22.4,1208958,10.9,155319,68.0,109,12.4
"48015","0","10","70","0","2017","4","",1087,10140,10294,10218,127574594,10020633,183553,960,"",1.00,1.00,1.00,1.00,1.00,1.00,1.00,1.00,"",105,10.7,37,0.4,156,1.5,34,0.3,8390952,7.0,880429,9.6,30957,20.3,56,6.2
"48015","1","10","71","0","2017","4","",13,75,71,75,1075076,0,0,1123,"",1.99,0.38,0.36,0.38,0.31,0.00,0.00,0.82,"",-1,-7.1,6,8.7,2,2.9,-3,-3.8,-29573,-2.7,0,0.0,0,0.0,-57,-4.8
"48015","2","10","71","0","2017","4","",12,61,61,61,846821,0,0,1068,"",1.58,0.19,0.18,0.19,0.20,0.00,0.00,1.09,"",0,0.0,-8,-11.6,-9,-12.9,-9,-12.9,-14333,-1.7,0,0.0,0,0.0,117,12.3
"48015","3","10","71","0","2017","4","",26,1299,1329,1333,12685333,46855,46,739,"",1.41,1.29,1.30,1.32,1.16,0.24,0.05,0.89,"",0,0.0,-29,-2.2,-4,-0.3,1,0.1,-127017,-1.0,24452,109.1,-379,-89.2,-1,-0.1
"48015","5","10","71","0","2017","4","",1036,8705,8833,8749,112967364,9973778,183507,992,"",0.98,1.01,1.01,1.01,1.04,1.03,1.01,1.03,"",106,11.4,68,0.8,167,1.9,45,0.5,8561875,8.2,855977,9.4,31336,20.6,66,7.1
"48017","0","10","70","0","2017","4","",272,2623,2625,2618,26369739,2875611,44093,774,"",1.00,1.00,1.00,1.00,1.00,1.00,1.00,1.00,"",-1,-0.4,98,3.9,76,3.0,33,1.3,1486615,6.0,191224,7.1,-5195,-10.5,24,3.2
"48017","1","10","71","0","2017","4","",4,23,21,19,255509,0,0,936,"",2.45,0.46,0.42,0.38,0.35,0.00,0.00,0.85,"",0,0.0,4,21.1,0,0.0,-2,-9.5,19353,8.2,0,0.0,0,0.0,43,4.8
"48017","2","10","71","0","2017","4","",5,17,18,17,189991,0,0,843,"",2.62,0.20,0.21,0.20,0.22,0.00,0.00,1.07,"",0,0.0,3,21.4,4,28.6,2,13.3,40066,26.7,0,0.0,0,0.0,38,4.7
"48017","3","10","71","0","2017","4","",21,394,396,401,3662447,0,0,710,"",4.54,1.52,1.52,1.55,1.62,0.00,0.00,1.06,"",-1,-4.5,10,2.6,12,3.1,12,3.1,164391,4.7,-6181,-100.0,-117,-100.0,12,1.7
"48017","5","10","71","0","2017","4","",242,2189,2190,2181,22261792,2875611,44093,783,"",0.92,0.98,0.98,0.98,0.99,1.03,1.01,1.01,"",0,0.0,81,3.8,60,2.8,21,1.0,1262805,6.0,197405,7.4,-5078,-10.3,26,3.4
"48019","0","10","70","0","2017","4","",476,3182,3162,3182,30672504,2473273,35433,743,"",1.00,1.00,1.00,1.00,1.00,1.00,1.00,1.00,"",7,1.5,37,1.2,25,0.8,28,0.9,1887950,6.6,-264890,-9.7,-5360,-13.1,39,5.5
"48019","1","10","71","0","2017","4","",6,13,12,12,211949,0,0,1322,"",2.10,0.21,0.20,0.20,0.25,0.00,0.00,1.24,"",0,0.0,0,0.0,-1,-7.7,-1,-7.7,-7179,-3.3,0,0.0,0,0.0,25,1.9
"48019","2","10","71","0","2017","4","",7,51,53,54,658876,0,0,962,"",2.10,0.50,0.52,0.53,0.66,0.00,0.00,1.27,"",0,0.0,0,0.0,2,3.9,3,5.9,91456,16.1,0,0.0,0,0.0,106,12.4
"48019","3","10","71","0","2017","4","",26,691,693,698,6295356,26560,26,698,"",3.21,2.19,2.21,2.22,2.39,0.54,0.14,1.08,"",0,0.0,28,4.2,33,5.0,34,5.1,261520,4.3,-1374,-4.9,-504,-95.1,-3,-0.4
"48019","5","10","71","0","2017","4","",437,2427,2404,2418,23506323,2446713,35407,748,"",0.95,0.90,0.89,0.89,0.90,1.02,1.01,1.00,"",7,1.6,9,0.4,-9,-0.4,-8,-0.3,1542153,7.0,-263516,-9.7,-4856,-12.1,50,7.2
"48021","0","10","70","0","2017","4","",1466,18285,18308,18393,181002276,16448270,328754,760,"",1.00,1.00,1.00,1.00,1.00,1.00,1.00,1.00,"",86,6.2,997,5.8,898,5.2,1078,6.2,16065860,9.7,2526223,18.1,84561,34.6,28,3.8
"48021","1","10","71","0","2017","4","",16,357,357,358,5632223,0,0,1212,"",1.82,1.01,1.02,1.01,1.13,0.00,0.00,1.12,"",1,6.7,-16,-4.3,-15,-4.0,-18,-4.8,72065,1.3,0,0.0,0,0.0,67,5.9
"48021","2","10","71","0","2017","4","",12,185,185,187,2466251,0,0,1022,"",1.17,0.32,0.32,0.32,0.42,0.00,0.00,1.32,"",0,0.0,6,3.4,6,3.4,8,4.5,341947,16.1,0,0.0,0,0.0,109,11.9
"48021","3","10","71","0","2017","4","",43,3671,3695,3640,39071072,222051,217,819,"",1.73,2.03,2.03,2.00,2.51,0.68,0.13,1.24,"",-6,-12.2,96,2.7,60,1.7,25,0.7,1206592,3.2,-37539,-14.5,-4712,-95.6,12,1.5
"48021","5","10","71","0","2017","4","",1395,14072,14071,14208,133832730,16226219,328537,729,"",0.98,0.91,0.90,0.91,0.87,1.02,1.01,0.95,"",91,7.0,911,6.9,847,6.4,1063,8.1,14445256,12.1,2563762,18.8,89273,37.3,32,4.6
"48023","0","10","70","0","2017","4","",180,1222,1238,1248,10979658,951050,14562,683,"",1.00,1.00,1.00,1.00,1.00,1.00,1.00,1.00,"",0,0.0,0,0.0,43,3.6,50,4.2,365041,3.4,80511,9.2,2599,21.7,5,0.7
"48023","1","10","71","0","2017","4","",4,17,20,19,234846,0,0,968,"",3.71,0.72,0.84,0.79,0.78,0.00,0.00,0.99,"",0,0.0,-5,-22.7,2,11.1,-3,-13.6,11495,5.1,0,0.0,0,0.0,137,16.5
"48023","2","10","71","0","2017","4","",10,29,29,29,352484,0,0,935,"",7.93,0.74,0.73,0.73,0.98,0.00,0.00,1.34,"",0,0.0,2,7.4,2,7.4,2,7.4,62822,21.7,0,0.0,0,0.0,110,13.3
"48023","3","10","71","0","2017","4","",16,218,222,224,1706755,8146,7,593,"",5.23,1.80,1.81,1.81,1.81,0.43,0.09,1.00,"",1,6.7,4,1.9,9,4.2,10,4.7,112492,7.1,8146,100.0,7,100.0,19,3.3
"48023","5","10","71","0","2017","4","",150,958,967,976,8685573,942904,14555,691,"",0.86,0.92,0.92,0.92,0.93,1.02,1.01,1.01,"",-1,-0.7,-1,-0.1,30,3.2,41,4.4,178232,2.1,72365,8.3,2592,21.7,-2,-0.3
"48025","0","10","70","0","2017","4","",592,8787,8808,8842,84222483,5317613,99744,735,"",1.00,1.00,1.00,1.00,1.00,1.00,1.00,1.00,"",-33,-5.3,-248,-2.7,-171,-1.9,-206,-2.3,-4447629,-5.0,668134,14.4,29079,41.2,-21,-2.8
"48025","1","10","71","0","2017","4","",8,34,31,32,382838,0,0,911,"",2.25,0.20,0.18,0.19,0.17,0.00,0.00,0.87,"",0,0.0,5,17.2,-1,-3.1,-4,-11.1,16667,4.6,0,0.0,0,0.0,40,4.6
"48025","2","10","71","0","2017","4","",26,1770,1790,1779,18746500,0,0,810,"",6.27,6.28,6.34,6.31,6.82,0.00,0.00,1.08,"",-7,-21.2,-84,-4.5,-51,-2.8,-75,-4.0,-654722,-3.4,0,0.0,0,0.0,3,0.4
"48025","3","10","71","0","2017","4","",31,1689,1719,1731,14029914,27942,27,630,"",3.08,1.94,1.97,1.98,1.94,0.27,0.05,0.99,"",-2,-6.1,-108,-6.0,-71,-4.0,-97,-5.3,-144095,-1.0,-3082,-9.9,-560,-95.4,26,4.3
"48025","5","10","71","0","2017","4","",527,5294,5268,5300,51063231,5289671,99717,743,"",0.92,0.71,0.70,0.71,0.71,1.03,1.01,1.01,"",-24,-4.4,-61,-1.1,-48,-0.9,-30,-0.6,-3665479,-6.7,671216,14.5,29639,42.3,-46,-5.8
"48027","0","10","70","0","2017","4","",5470,118176,119274,119528,1430090859,85989031,1745444,924,"",1.00,1.00,1.00,1.00,1.00,1.00,1.00,1.00,"",199,3.8,1339,1.1,1512,1.3,1416,1.2,80232271,5.9,430365,0.5,4454,0.3,41,4.6
"48027","1","10","71","0","2017","4","",51,10433,10519,10558,172506637,0,0,1263,"",1.55,4.59,4.61,4.59,4.39,0.00,0.00,0.96,"",-1,-1.9,72,0.7,111,1.1,35,0.3,6913115,4.2,0,0.0,0,0.0,42,3.4
"48027","2","10","71","0","2017","4","",33,1406,1412,1411,16504303,0,0,901,"",0.86,0.37,0.37,0.37,0.35,0.00,0.00,0.96,"",0,0.0,-67,-4.5,-59,-4.0,-37,-2.6,-269460,-1.6,0,0.0,0,0.0,20,2.3
"48027","3","10","71","0","2017","4","",115,18750,18833,18888,190054479,2130396,2123,777,"",1.24,1.60,1.59,1.60,1.55,1.25,0.23,0.97,"",0,0.0,-56,-0.3,-26,-0.1,110,0.6,6066218,3.3,-56763,-2.6,-39424,-94.9,25,3.3
"48027","5","10","71","0","2017","4","",5271,87587,88510,88671,1051025440,83858635,1743321,916,"",0.99,0.87,0.87,0.87,0.86,1.01,1.01,0.99,"",200,3.9,1390,1.6,1486,1.7,1308,1.5,67522398,6.9,487128,0.6,43878,2.6,45,5.2
"48029","0","10","70","0","2017","4","",41690,859613,863170,865600,10984738437,768763946,15839507,979,"",1.00,1.00,1.00,1.00,1.00,1.00,1.00,1.00,"",1188,2.9,9405,1.1,8128,1.0,9261,1.1,370466961,3.5,10025933,1.3,1739693,12.3,23,2.4
"48029","1","10","71","0","2017","4","",184,34674,34673,34689,662805650,0,0,1470,"",0.74,2.10,2.10,2.08,2.20,0.00,0.00,1.05,"",0,0.0,-15,0.0,-208,-0.6,-398,-1.1,15519693,2.4,0,0.0,0,0.0,43,3.0
"48029","2","10","71","0","2017","4","",56,17137,17190,17233,274239341,0,0,1227,"",0.19,0.62,0.62,0.62,0.76,0.00,0.00,1.23,"",0,0.0,-145,-0.8,-124,-0.7,-213,-1.2,11353133,4.3,0,0.0,0,0.0,61,5.2
"48029","3","10","71","0","2017","4","",141,93146,94023,94048,1174196466,1500409,1486,964,"",0.20,1.09,1.10,1.10,1.24,0.10,0.02,1.14,"",2,1.4,578,0.6,919,1.0,1435,1.5,32089243,2.8,-360615,-19.4,-33862,-95.8,17,1.8
"48029","5","10","71","0","2017","4","",41309,714656,717284,719630,8873496980,767263537,15838021,952,"",1.02,0.98,0.98,0.98,0.95,1.03,1.01,0.97,"",1186,3.0,8987,1.3,7541,1.1,8437,1.2,311504892,3.6,10386548,1.4,1773555,12.6,23,2.5
"48031","0","10","70","0","2017","4","",381,3235,3229,3238,39606244,2725957,43815,942,"",1.00,1.00,1.00,1.00,1.00,1.00,1.00,1.00,"",22,6.1,220,7.3,209,6.9,184,6.0,5288890,15.4,6528,0.2,-350,-0.8,71,8.2
"48031","1","10","71","0","2017","4","",7,51,51,51,742815,0,0,1120,"",3.06,0.82,0.83,0.82,0.68,0.00,0.00,0.83,"",0,0.0,-5,-8.9,-6,-10.5,-7,-12.1,10617,1.5,0,0.0,0,0.0,132,13.4
"48031","2","10","71","0","2017","4","",6,35,33,34,390135,0,0,883,"",2.25,0.34,0.32,0.33,0.30,0.00,0.00,0.92,"",0,0.0,-6,-14.6,-8,-19.5,-7,-17.1,-69080,-15.0,0,0.0,0,0.0,21,2.4
"48031","3","10","71","0","2017","4","",10,470,474,470,4422019,84323,83,722,"",1.54,1.47,1.48,1.47,1.30,1.56,0.36,0.88,"",0,0.0,-5,-1.1,-2,-0.4,-9,-1.9,-53157,-1.2,20005,31.1,-1136,-93.2,0,0.0
"48031","5","10","71","0","2017","4","",358,2679,2671,2683,34051275,2641634,43732,978,"",0.97,0.97,0.97,0.97,1.01,1.00,1.00,1.03,"",22,6.5,236,9.7,225,9.2,207,8.4,5400510,18.8,-13477,-0.5,786,1.8,80,8.9
"48033","0","10","70","0","2017","4","",62,187,190,194,1919804,111362,972,776,"",1.00,1.00,1.00,1.00,1.00,1.00,1.00,1.00,"",-5,-7.5,-57,-23.4,-71,-27.2,-70,-26.5,-170516,-8.2,-62051,-35.8,-1969,-67.0,149,23.8
"48033","1","10","71","0","2017","4","",1,1,2,2,8676,0,0,400,"",2.69,0.28,0.55,0.54,0.16,0.00,0.00,0.36,"",0,0.0,0,0.0,1,100.0,1,100.0,1692,24.2,0,0.0,0,0.0,-137,-25.5
"48033","2","10","71","0","2017","4","",3,8,9,8,73009,0,0,674,"",6.91,1.33,1.48,1.29,1.16,0.00,0.00,0.85,"",-1,-25.0,-1,-11.1,0,0.0,-1,-11.1,-19338,-20.9,0,0.0,0,0.0,-115,-14.6
"48033","3","10","71","0","2017","4","",12,68,68,67,865790,0,0,984,"",11.39,3.67,3.60,3.49,5.24,0.00,0.00,1.46,"",0,0.0,-2,-2.9,-3,-4.2,-2,-2.9,9000,1.1,0,0.0,0,0.0,42,4.5
"48033","5","10","71","0","2017","4","",46,110,111,117,972329,111362,972,664,"",0.76,0.69,0.69,0.71,0.59,1.03,1.01,0.85,"",-4,-8.0,-54,-32.9,-69,-38.3,-68,-36.8,-161870,-14.3,-62051,-35.8,-1969,-67.0,169,34.1
"48035","0","10","70","0","2017","4","",383,3665,3699,3711,35434253,2423257,31088,738,"",1.00,1.00,1.00,1.00,1.00,1.00,1.00,1.00,"",15,4.1,-25,-0.7,7,0.2,30,0.8,1700294,5.0,-173274,-6.7,-5907,-16.0,34,4.8
"48035","1","10","71","0","2017","4","",11,64,62,69,927969,0,0,1098,"",4.79,0.91,0.88,0.97,0.95,0.00,0.00,1.04,"",0,0.0,2,3.2,4,6.9,5,7.8,81157,9.6,0,0.0,0,0.0,36,3.4
"48035","2","10","71","0","2017","4","",9,37,37,37,426608,0,0,887,"",3.35,0.31,0.31,0.31,0.37,0.00,0.00,1.18,"",0,0.0,-2,-5.1,-2,-5.1,-2,-5.1,-85454,-16.7,0,0.0,0,0.0,-123,-12.2
"48035","3","10","71","0","2017","4","",38,1161,1163,1170,10637840,203847,201,703,"",5.84,3.20,3.17,3.19,3.49,4.25,1.23,1.10,"",0,0.0,4,0.3,0,0.0,0,0.0,493089,4.9,19909,10.8,-3292,-94.2,32,4.8
"48035","5","10","71","0","2017","4","",325,2403,2437,2435,23441836,2219410,30887,744,"",0.87,0.77,0.78,0.77,0.77,0.95,1.00,1.00,"",15,4.8,-29,-1.2,5,0.2,27,1.1,1211502,5.4,-193183,-8.0,-2615,-7.8,39,5.5
"48037","0","10","70","0","2017","4","",2411,41416,41770,41736,439139532,33867939,722388,811,"",1.00,1.00,1.00,1.00,1.00,1.00,1.00,1.00,"",30,1.3,-755,-1.8,-729,-1.7,-650,-1.5,9198095,2.1,1820208,5.7,72066,11.1,30,3.8
"48037","1","10","71","0","2017","4","",32,3687,3706,3721,56614646,0,0,1176,"",2.21,4.62,4.64,4.63,4.69,0.00,0.00,1.01,"",-1,-3.0,-198,-5.1,-171,-4.4,-134,-3.5,-992110,-1.7,0,0.0,0,0.0,32,2.8
"48037","2","10","71","0","2017","4","",24,1386,1375,1360,15321137,0,0,858,"",1.42,1.04,1.03,1.02,1.07,0.00,0.00,1.04,"",-2,-7.7,-27,-1.9,-44,-3.1,-57,-4.0,293735,2.0,0,0.0,0,0.0,42,5.1
"48037","3","10","71","0","2017","4","",55,4939,4982,4974,46636541,262827,259,723,"",1.34,1.20,1.20,1.20,1.24,0.39,0.07,1.03,"",-1,-1.8,-38,-0.8,-58,-1.2,-33,-0.7,139910,0.3,-116183,-30.7,-6935,-96.4,9,1.3
"48037","5","10","71","0","2017","4","",2300,31404,31707,31681,320567208,33605112,722129,780,"",0.98,0.89,0.89,0.89,0.85,1.03,1.01,0.96,"",34,1.5,-492,-1.5,-456,-1.4,-426,-1.3,9756560,3.1,1936391,6.1,79001,12.3,34,4.6
"48039","0","10","70","0","2017","4","",5876,109074,110116,110226,1622991835,107874501,3589369,1137,"",1.00,1.00,1.00,1.00,1.00,1.00,1.00,1.00,"",243,4.3,1659,1.5,3340,3.1,2949,2.7,163878964,11.2,7786731,7.8,926406,34.8,90,8.6
"48039","1","10","71","0","2017","4","",30,500,510,529,8639960,0,0,1296,"",0.85,0.24,0.24,0.25,0.19,0.00,0.00,0.80,"",0,0.0,9,1.8,32,6.7,18,3.5,686178,8.6,0,0.0,0,0.0,56,4.5
"48039","2","10","71","0","2017","4","",35,3118,3097,3082,36162101,0,0,898,"",0.85,0.89,0.88,0.88,0.68,0.00,0.00,0.77,"",-10,-22.2,-25,-0.8,-40,-1.3,-56,-1.8,374808,1.0,0,0.0,0,0.0,21,2.4
"48039","3","10","71","0","2017","4","",124,15906,16351,16272,185007986,541461,570,880,"",1.24,1.47,1.50,1.49,1.33,0.25,0.03,0.89,"",1,0.8,333,2.1,489,3.1,101,0.6,11067882,6.4,118286,28.0,-7464,-92.9,37,4.4
"48039","5","10","71","0","2017","4","",5687,89550,90158,90343,1393181788,107333040,3588799,1191,"",1.00,0.97,0.96,0.96,1.01,1.03,1.01,1.04,"",252,4.6,1342,1.5,2859,3.3,2886,3.3,151750096,12.2,7668445,7.7,933870,35.2,102,9.4
"48041","0","10","70","0","2017","4","",4617,105212,106383,105109,1107122343,74943036,1309310,807,"",1.00,1.00,1.00,1.00,1.00,1.00,1.00,1.00,"",142,3.2,2605,2.5,3004,2.9,2628,2.6,58851415,5.6,5673457,8.2,250628,23.7,23,2.9
"48041","1","10","71","0","2017","4","",27,738,726,740,12866803,0,0,1347,"",0.98,0.36,0.36,0.37,0.42,0.00,0.00,1.17,"",0,0.0,6,0.8,8,1.1,-8,-1.1,347034,2.8,0,0.0,0,0.0,33,2.5
"48041","2","10","71","0","2017","4","",45,27495,27696,26884,299337458,0,0,842,"",1.39,8.14,8.13,8.02,8.28,0.00,0.00,1.02,"",-1,-2.2,124,0.5,58,0.2,-20,-0.1,6408958,2.2,0,0.0,0,0.0,17,2.1
"48041","3","10","71","0","2017","4","",55,9167,9262,9253,98378748,285933,284,820,"",0.70,0.88,0.88,0.89,1.03,0.19,0.04,1.17,"",0,0.0,210,2.3,222,2.5,216,2.4,5097047,5.5,44307,18.3,-4304,-93.8,24,3.0
"48041","5","10","71","0","2017","4","",4490,67812,68699,68232,696539334,74657103,1309026,785,"",1.00,0.76,0.76,0.76,0.74,1.03,1.01,0.97,"",143,3.3,2265,3.5,2716,4.1,2440,3.7,46998376,7.2,5629150,8.2,254932,24.2,25,3.3
"48043","0","10","70","0","2017","4","",398,3862,3903,3910,39280769,3521867,52996,776,"",1.00,1.00,1.00,1.00,1.00,1.00,1.00,1.00,"",9,2.3,147,4.0,132,3.5,155,4.1,1803406,4.8,497181,16.4,8549,19.2,7,0.9
"48043","1","10","71","0","2017","4","",15,256,264,272,4992824,0,0,1455,"",6.28,3.44,3.53,3.61,4.62,0.00,0.00,1.31,"",0,0.0,-4,-1.5,3,1.1,9,3.4,195165,4.1,0,0.0,0,0.0,43,3.0
"48043","2","10","71","0","2017","4","",16,569,581,579,5768786,0,0,770,"",5.74,4.59,4.65,4.64,4.50,0.00,0.00,0.97,"",0,0.0,6,1.1,2,0.3,7,1.2,-89860,-1.5,0,0.0,0,0.0,-19,-2.4
"48043","3","10","71","0","2017","4","",25,485,489,489,4620800,181400,180,729,"",3.70,1.27,1.26,1.26,1.37,2.60,0.65,1.08,"",0,0.0,57,13.3,52,11.9,32,7.0,176734,4.0,25068,16.0,-2789,-93.9,-47,-6.1
"48043","5","10","71","0","2017","4","",342,2552,2569,2570,23898359,3340467,52816,717,"",0.89,0.78,0.77,0.77,0.71,0.98,1.00,0.92,"",9,2.7,88,3.6,75,3.0,107,4.3,1521367,6.8,472113,16.5,11338,27.3,21,3.0
"48045","0","10","70","0","2017","4","",88,357,364,388,3251436,714724,22195,677,"",1.00,1.00,1.00,1.00,1.00,1.00,1.00,1.00,"",-2,-2.2,-5,-1.4,-70,-16.1,-73,-15.8,-109851,-3.3,-268759,-27.3,-7870,-26.2,60,9.7
"48045","1","10","71","0","2017","4","",4,10,10,14,127131,0,0,863,"",7.58,1.46,1.44,1.87,1.42,0.00,0.00,0.89,"",0,0.0,-1,-9.1,-1,-9.1,0,0.0,319,0.3,0,0.0,0,0.0,50,6.2
"48045","2","10","71","0","2017","4","",5,22,22,22,251987,0,0,881,"",8.11,1.92,1.89,1.78,2.37,0.00,0.00,1.28,"",0,0.0,-3,-12.0,-3,-12.0,-3,-12.0,-15853,-5.9,0,0.0,0,0.0,57,6.9
"48045","3","10","71","0","2017","4","",13,92,93,95,585260,21865,20,482,"",8.69,2.60,2.57,2.47,2.09,1.55,0.17,0.82,"",0,0.0,3,3.4,4,4.5,5,5.6,52623,9.9,10388,90.5,-196,-90.7,23,5.0
"48045","5","10","71","0","2017","4","",66,233,239,257,2287058,692859,22175,724,"",0.77,0.77,0.77,0.78,0.82,1.00,1.01,1.06,"",-2,-2.9,-4,-1.7,-70,-22.7,-75,-22.6,-146940,-6.0,-279147,-28.7,-7674,-25.7,84,13.1
"48047","0","10","70","0","2017","4","",166,2466,2474,2509,26441622,1499090,35430,819,"",1.00,1.00,1.00,1.00,1.00,1.00,1.00,1.00,"",-5,-2.9,72,3.0,90,3.8,113,4.7,2928986,12.5,81243,5.7,8194,30.1,63,8.3
"48047","1","10","71","0","2017","4","",4,330,331,328,8121202,0,0,1895,"",4.02,6.95,6.99,6.79,11.17,0.00,0.00,1.62,"",0,0.0,-4,-1.2,5,1.5,0,0.0,359837,4.6,0,0.0,0,0.0,82,4.5
"48047","2","10","71","0","2017","4","",7,34,34,34,457177,0,0,1034,"",6.02,0.43,0.43,0.42,0.53,0.00,0.00,1.24,"",0,0.0,-1,-2.9,-1,-2.9,-1,-2.9,57841,14.5,0,0.0,0,0.0,156,17.8
"48047","3","10","71","0","2017","4","",24,505,506,507,4171213,23789,21,634,"",8.51,2.07,2.06,2.04,1.83,0.80,0.11,0.89,"",-2,-7.7,3,0.6,-6,-1.2,-2,-0.4,119012,2.9,-23477,-49.7,-876,-97.7,20,3.3
"48047","5","10","71","0","2017","4","",131,1597,1603,1640,13692030,1475301,35409,653,"",0.81,0.76,0.76,0.77,0.61,1.02,1.01,0.79,"",-3,-2.2,74,4.9,92,6.1,116,7.6,2392296,21.2,104720,7.6,9070,34.4,81,14.2
"48049","0","10","70","0","2017","4","",909,15733,15802,15812,151997743,12647839,242728,741,"",1.00,1.00,1.00,1.00,1.00,1.00,1.00,1.00,"",-1,-0.1,-46,-0.3,-278,-1.7,-253,-1.6,8197637,5.7,845491,7.2,49421,25.6,49,7.1
"48049","1","10","71","0","2017","4","",15,128,124,128,1779296,0,0,1081,"",2.75,0.42,0.41,0.42,0.43,0.00,0.00,1.02,"",1,7.1,13,11.3,1,0.8,4,3.2,66242,3.9,0,0.0,0,0.0,-11,-1.0
"48049","2","10","71","0","2017","4","",18,835,852,841,10515584,0,0,960,"",2.83,1.65,1.68,1.67,2.12,0.00,0.00,1.27,"",-1,-5.3,-14,-1.6,-3,-0.4,-16,-1.9,739185,7.6,0,0.0,0,0.0,79,9.0
"48049","3","10","71","0","2017","4","",42,1945,1953,1956,17388060,376742,373,685,"",2.72,1.25,1.24,1.25,1.33,1.50,0.29,1.07,"",-1,-2.3,3,0.2,-1,-0.1,2,0.1,408776,2.4,112939,42.8,-4635,-92.6,15,2.2
"48049","5","10","71","0","2017","4","",834,12825,12873,12887,122314803,12271097,242355,732,"",0.95,0.96,0.96,0.96,0.94,1.00,1.01,0.98,"",0,0.0,-48,-0.4,-275,-2.1,-243,-1.9,6983434,6.1,732552,6.3,54056,28.7,52,7.6
"48051","0","10","70","0","2017","4","",420,4281,4331,4407,51106038,4864859,175383,906,"",1.00,1.00,1.00,1.00,1.00,1.00,1.00,1.00,"",6,1.4,395,10.2,468,12.1,518,13.3,11496823,29.0,1815952,59.6,108255,161.3,121,15.4
"48051","1","10","71","0","2017","4","",9,46,49,47,645881,0,0,1050,"",3.57,0.56,0.59,0.55,0.46,0.00,0.00,0.81,"",0,0.0,0,0.0,2,4.3,0,0.0,10580,1.7,0,0.0,0,0.0,3,0.3
"48051","2","10","71","0","2017","4","",8,47,49,49,666467,0,0,1061,"",2.72,0.34,0.35,0.35,0.40,0.00,0.00,1.15,"",0,0.0,1,2.2,3,6.5,3,6.5,83314,14.3,0,0.0,0,0.0,86,8.8
"48051","3","10","71","0","2017","4","",21,720,742,749,6420137,37610,35,670,"",2.94,1.70,1.73,1.72,1.46,0.39,0.04,0.85,"",1,5.0,-22,-3.0,29,4.1,-8,-1.1,177120,2.8,29787,380.8,-113,-76.4,19,2.9
"48051","5","10","71","0","2017","4","",382,3468,3491,3562,43373553,4827249,175348,951,"",0.94,0.95,0.95,0.95,0.99,1.03,1.01,1.04,"",5,1.3,416,13.6,434,14.2,523,17.2,11225809,34.9,1786165,58.7,108368,161.8,140,17.3
"48053","0","10","70","0","2017","4","",1323,14096,14146,14069,156002468,12403083,193025,851,"",1.00,1.00,1.00,1.00,1.00,1.00,1.00,1.00,"",42,3.3,256,1.8,224,1.6,211,1.5,5984461,4.0,814378,7.0,-6377,-3.2,19,2.3
"48053","1","10","71","0","2017","4","",8,62,65,61,979246,0,0,1202,"",1.01,0.23,0.24,0.23,0.23,0.00,0.00,0.99,"",0,0.0,-19,-23.5,-17,-20.7,-21,-25.6,-306581,-23.8,0,0.0,0,0.0,-9,-0.7
"48053","2","10","71","0","2017","4","",17,261,262,267,3296501,0,0,963,"",1.83,0.58,0.58,0.60,0.65,0.00,0.00,1.11,"",-1,-5.6,-13,-4.7,-8,-3.0,-1,-0.4,358879,12.2,0,0.0,0,0.0,128,15.3
"48053","3","10","71","0","2017","4","",36,2337,2361,2356,24421268,286886,281,799,"",1.60,1.67,1.68,1.69,1.82,1.17,0.28,1.08,"",0,0.0,89,4.0,81,3.6,83,3.7,1689999,7.4,14736,5.4,-4885,-94.6,28,3.6
"48053","5","10","71","0","2017","4","",1262,11436,11458,11385,127305453,12116197,192744,857,"",0.98,0.95,0.95,0.95,0.96,1.01,1.01,1.00,"",43,3.5,199,1.8,168,1.5,150,1.3,4242164,3.4,799642,7.1,-1492,-0.8,16,1.9
"48055","0","10","70","0","2017","4","",741,8588,8673,8737,84212525,7738562,185262,748,"",1.00,1.00,1.00,1.00,1.00,1.00,1.00,1.00,"",22,3.1,263,3.2,318,3.8,397,4.8,7230458,9.4,577575,8.1,46697,33.7,38,5.4
"48055","1","10","71","0","2017","4","",9,60,61,66,850127,0,0,1049,"",2.03,0.36,0.37,0.39,0.37,0.00,0.00,0.98,"",0,0.0,0,0.0,4,7.0,2,3.1,48538,6.1,0,0.0,0,0.0,27,2.6
"48055","2","10","71","0","2017","4","",15,90,92,93,1125787,0,0,945,"",2.89,0.33,0.33,0.33,0.41,0.00,0.00,1.24,"",1,7.1,-4,-4.3,-2,-2.1,-1,-1.1,6874,0.6,0,0.0,0,0.0,29,3.2
"48055","3","10","71","0","2017","4","",48,1644,1655,1660,16832221,31433,29,783,"",3.81,1.93,1.92,1.92,2.32,0.21,0.03,1.21,"",-1,-2.0,52,3.3,59,3.7,66,4.1,1029302,6.5,-22036,-41.2,-985,-97.1,20,2.6
"48055","5","10","71","0","2017","4","",669,6794,6865,6918,65404390,7707129,185233,734,"",0.93,0.93,0.93,0.93,0.91,1.03,1.01,0.98,"",22,3.4,215,3.3,257,3.9,330,5.0,6145744,10.4,599611,8.4,47682,34.7,42,6.1
"48057","0","10","70","0","2017","4","",613,11000,11035,10979,183428464,10435813,408487,1282,"",1.00,1.00,1.00,1.00,1.00,1.00,1.00,1.00,"",22,3.7,160,1.5,303,2.8,307,2.9,8982059,5.1,538511,5.4,66476,19.4,33,2.6
"48057","1","10","71","0","2017","4","",8,40,38,33,461438,0,0,959,"",2.18,0.19,0.18,0.16,0.09,0.00,0.00,0.52,"",-1,-11.1,1,2.6,2,5.6,-7,-17.5,34738,8.1,0,0.0,0,0.0,103,12.0
"48057","2","10","71","0","2017","4","",8,62,61,60,906901,0,0,1144,"",1.86,0.18,0.17,0.17,0.15,0.00,0.00,0.87,"",-1,-11.1,4,6.9,3,5.2,2,3.4,121381,15.5,0,0.0,0,0.0,102,9.8
"48057","3","10","71","0","2017","4","",35,1260,1265,1277,13324921,31765,31,809,"",3.36,1.16,1.15,1.18,0.84,0.15,0.01,0.73,"",0,0.0,20,1.6,-15,-1.2,-9,-0.7,144505,1.1,7214,29.4,-434,-93.3,10,1.3
"48057","5","10","71","0","2017","4","",562,9638,9671,9609,168735204,10404048,408456,1347,"",0.95,1.03,1.03,1.03,1.08,1.03,1.01,1.05,"",24,4.5,135,1.4,313,3.3,321,3.5,8681435,5.4,531297,5.4,66910,19.6,35,2.7
"48059","0","10","70","0","2017","4","",254,2380,2381,2428,24763356,2060682,38715,795,"",1.00,1.00,1.00,1.00,1.00,1.00,1.00,1.00,"",24,10.4,167,7.5,141,6.3,186,8.3,1249189,5.3,111614,5.7,10175,35.7,-16,-2.0
"48059","1","10","71","0","2017","4","",6,43,42,43,663781,0,0,1197,"",3.94,0.94,0.92,0.92,0.98,0.00,0.00,1.05,"",0,0.0,0,0.0,2,5.0,-2,-4.4,51804,8.5,0,0.0,0,0.0,94,8.5
"48059","2","10","71","0","2017","4","",5,18,19,19,303691,0,0,1251,"",2.81,0.24,0.25,0.25,0.38,0.00,0.00,1.54,"",0,0.0,2,12.5,3,18.8,4,26.7,-38245,-11.2,0,0.0,0,0.0,-428,-25.5
"48059","3","10","71","0","2017","4","",18,638,650,641,5231602,23632,22,626,"",4.17,2.71,2.75,2.67,2.46,0.58,0.11,0.91,"",0,0.0,13,2.1,23,3.7,11,1.7,98196,1.9,-12502,-34.6,-663,-96.8,-3,-0.5
"48059","5","10","71","0","2017","4","",225,1681,1670,1725,18564282,2037050,38693,844,"",0.91,0.83,0.83,0.84,0.88,1.02,1.01,1.06,"",24,11.9,152,9.9,113,7.3,173,11.1,1137434,6.5,124116,6.5,10838,38.9,-23,-2.7
"48061","0","10","70","0","2017","4","",6548,139256,140189,140668,1185467401,120378292,2618370,651,"",1.00,1.00,1.00,1.00,1.00,1.00,1.00,1.00,"",4,0.1,353,0.3,-7,0.0,42,0.0,23443890,2.0,3688772,3.2,306424,13.3,12,1.9
"48061","1","10","71","0","2017","4","",56,3363,3372,3376,73378027,0,0,1675,"",1.43,1.25,1.26,1.25,2.25,0.00,0.00,1.80,"",-1,-1.8,63,1.9,48,1.4,21,0.6,1172715,1.6,0,0.0,0,0.0,5,0.3
"48061","2","10","71","0","2017","4","",28,3018,3052,3066,34061370,0,0,860,"",0.61,0.68,0.68,0.68,0.88,0.00,0.00,1.30,"",-4,-12.5,-504,-14.3,-508,-14.3,-495,-13.9,-3200618,-8.6,0,0.0,0,0.0,52,6.4
"48061","3","10","71","0","2017","4","",112,23296,23414,23322,246232791,1008035,994,811,"",1.01,1.69,1.68,1.68,2.42,0.42,0.07,1.44,"",0,0.0,-380,-1.6,-389,-1.6,-462,-1.9,9121075,3.8,-127575,-11.2,-20567,-95.4,43,5.6
"48061","5","10","71","0","2017","4","",6352,109579,110351,110904,831795213,119370257,2617376,580,"",1.00,0.93,0.93,0.93,0.82,1.02,1.01,0.89,"",9,0.1,1174,1.1,842,0.8,978,0.9,16350718,2.0,3816347,3.3,326991,14.3,6,1.0
"48063","0","10","70","0","2017","4","",260,3786,3800,3824,36925687,2360900,44992,747,"",1.00,1.00,1.00,1.00,1.00,1.00,1.00,1.00,"",10,4.0,11,0.3,-35,-0.9,-12,-0.3,488059,1.3,-226708,-8.8,-2126,-4.5,12,1.6
"48063","1","10","71","0","2017","4","",3,29,28,28,397141,0,0,1078,"",1.92,0.40,0.39,0.38,0.39,0.00,0.00,1.01,"",0,0.0,1,3.6,0,0.0,0,0.0,3481,0.9,0,0.0,0,0.0,-3,-0.3
"48063","2","10","71","0","2017","4","",8,15,15,16,183215,0,0,919,"",4.39,0.12,0.12,0.13,0.15,0.00,0.00,1.21,"",0,0.0,-1,-6.2,-3,-16.7,-2,-11.1,-17567,-8.7,0,0.0,0,0.0,28,3.1
"48063","3","10","71","0","2017","4","",6,566,565,572,4893231,23335,22,663,"",1.36,1.51,1.50,1.51,1.54,0.50,0.09,1.02,"",0,0.0,-9,-1.6,-9,-1.6,-3,-0.5,43387,0.9,6094,35.3,-305,-93.3,14,2.2
"48063","5","10","71","0","2017","4","",243,3176,3192,3208,31452100,2337565,44970,758,"",0.96,0.99,0.99,0.99,1.00,1.02,1.01,1.01,"",10,4.3,20,0.6,-23,-0.7,-7,-0.2,458758,1.5,-232802,-9.1,-1821,-3.9,12,1.6
"48065","0","10","70","0","2017","4","",172,4728,4762,4707,87990601,2101088,41084,1430,"",1.00,1.00,1.00,1.00,1.00,1.00,1.00,1.00,"",10,6.2,65,1.4,47,1.0,-36,-0.8,2842333,3.3,138870,7.1,7811,23.5,38,2.7
"48065","1","10","71","0","2017","4","",6,13,16,13,193316,0,0,1062,"",5.82,0.14,0.18,0.14,0.08,0.00,0.00,0.52,"",0,0.0,0,0.0,3,23.1,-4,-23.5,2702,1.4,0,0.0,0,0.0,39,3.8
"48065","2","10","71","0","2017","4","",5,31,31,32,437404,0,0,1074,"",4.15,0.20,0.20,0.21,0.15,0.00,0.00,0.74,"",0,0.0,6,24.0,6,24.0,8,33.3,28420,6.9,0,0.0,0,0.0,-201,-15.8
"48065","3","10","71","0","2017","4","",11,374,379,382,3247183,9417,9,660,"",3.76,0.80,0.80,0.82,0.43,0.23,0.04,0.53,"",0,0.0,-17,-4.3,-7,-1.8,-13,-3.3,30637,1.0,-1547,-14.1,-198,-95.7,27,4.3
"48065","5","10","71","0","2017","4","",150,4310,4336,4280,84112698,2091671,41075,1502,"",0.90,1.07,1.07,1.07,1.12,1.03,1.01,1.04,"",10,7.1,76,1.8,45,1.0,-27,-0.6,2780574,3.4,140417,7.2,8009,24.2,39,2.7
"48067","0","10","70","0","2017","4","",547,7475,7495,7506,70677107,6279167,151730,726,"",1.00,1.00,1.00,1.00,1.00,1.00,1.00,1.00,"",-11,-2.0,26,0.3,76,1.0,37,0.5,-15831,0.0,759666,13.8,27863,22.5,-4,-0.5
"48067","1","10","71","0","2017","4","",12,64,64,61,757420,0,0,925,"",3.66,0.44,0.45,0.42,0.39,0.00,0.00,0.89,"",1,9.1,-1,-1.5,2,3.2,-1,-1.6,9323,1.2,0,0.0,0,0.0,12,1.3
"48067","2","10","71","0","2017","4","",11,169,165,173,2793928,0,0,1272,"",2.87,0.70,0.69,0.72,1.21,0.00,0.00,1.72,"",0,0.0,-4,-2.3,-7,-4.1,4,2.4,286961,11.4,0,0.0,0,0.0,146,13.0
"48067","3","10","71","0","2017","4","",35,1451,1460,1458,11804500,81319,77,624,"",3.76,1.96,1.96,1.96,1.94,0.65,0.10,0.99,"",1,2.9,29,2.0,26,1.8,29,2.0,295821,2.6,37410,85.2,-751,-90.7,4,0.6
"48067","5","10","71","0","2017","4","",489,5791,5806,5814,55321259,6197848,151653,733,"",0.92,0.91,0.91,0.91,0.92,1.02,1.01,1.00,"",-13,-2.6,2,0.0,55,1.0,5,0.1,-607936,-1.1,722256,13.2,28614,23.3,-11,-1.5
"48069","0","10","70","0","2017","4","",301,2600,2606,2605,24941698,2730860,33153,737,"",1.00,1.00,1.00,1.00,1.00,1.00,1.00,1.00,"",-2,-0.7,-16,-0.6,27,1.0,30,1.2,107254,0.4,235021,9.4,-3205,-8.8,-1,-0.1
"48069","1","10","71","0","2017","4","",5,20,16,16,208479,0,0,925,"",2.77,0.40,0.32,0.32,0.30,0.00,0.00,0.88,"",0,0.0,1,5.3,0,0.0,-3,-15.8,5210,2.6,0,0.0,0,0.0,56,6.4
"48069","2","10","71","0","2017","4","",6,16,16,16,171653,0,0,825,"",2.84,0.19,0.19,0.19,0.21,0.00,0.00,1.10,"",0,0.0,-1,-5.9,-1,-5.9,-1,-5.9,-39010,-18.5,0,0.0,0,0.0,-128,-13.4
"48069","3","10","71","0","2017","4","",11,625,639,625,5748692,10782,10,702,"",2.15,2.43,2.47,2.42,2.68,0.20,0.06,1.10,"",0,0.0,20,3.3,41,6.9,21,3.5,364457,6.8,6771,168.8,-65,-86.7,14,2.0
"48069","5","10","71","0","2017","4","",279,1939,1935,1948,18812874,2720078,33143,746,"",0.96,0.88,0.87,0.88,0.88,1.03,1.01,1.01,"",-2,-0.7,-36,-1.8,-13,-0.7,13,0.7,-223403,-1.2,228250,9.2,-3140,-8.7,-4,-0.5
"48071","0","10","70","0","2017","4","",723,14530,14926,14840,227472247,15886252,566356,1185,"",1.00,1.00,1.00,1.00,1.00,1.00,1.00,1.00,"",54,8.1,1230,9.2,1792,13.6,1836,14.1,29121047,14.7,3559410,28.9,250501,79.3,24,2.1
"48071","1","10","71","0","2017","4","",10,58,58,58,989020,0,0,1312,"",2.31,0.21,0.20,0.20,0.16,0.00,0.00,0.77,"",0,0.0,-4,-6.5,-4,-6.5,-4,-6.5,-20135,-2.0,0,0.0,0,0.0,60,4.8
"48071","2","10","71","0","2017","4","",6,39,39,39,683616,0,0,1348,"",1.18,0.08,0.08,0.08,0.09,0.00,0.00,1.12,"",0,0.0,-6,-13.3,-6,-13.3,-6,-13.3,-19004,-2.7,0,0.0,0,0.0,147,12.2
"48071","3","10","71","0","2017","4","",32,2096,2108,2105,24576443,266584,265,899,"",2.60,1.46,1.42,1.43,1.26,0.85,0.09,0.87,"",0,0.0,72,3.6,49,2.4,96,4.8,2239100,10.0,47665,21.8,-3892,-93.6,53,6.3
"48071","5","10","71","0","2017","4","",675,12337,12721,12638,201223168,15619668,566091,1232,"",0.96,1.00,1.00,1.00,1.04,1.02,1.01,1.03,"",54,8.7,1168,10.5,1753,16.0,1750,16.1,26921086,15.4,3511745,29.0,254393,81.6,14,1.1
"48073","0","10","70","0","2017","4","",826,14348,14503,14600,131313721,10818184,203614,697,"",1.00,1.00,1.00,1.00,1.00,1.00,1.00,1.00,"",14,1.7,-358,-2.4,-294,-2.0,-156,-1.1,1065821,0.8,-257310,-2.3,20785,11.4,18,2.7
"48073","1","10","71","0","2017","4","",10,72,72,72,997075,0,0,1065,"",2.02,0.26,0.26,0.26,0.28,0.00,0.00,1.07,"",0,0.0,2,2.9,1,1.4,-2,-2.7,73564,8.0,0,0.0,0,0.0,74,7.5
"48073","2","10","71","0","2017","4","",18,1780,1776,1777,18488499,0,0,800,"",3.11,3.86,3.82,3.82,4.31,0.00,0.00,1.13,"",0,0.0,-149,-7.7,-142,-7.4,-149,-7.7,-908865,-4.7,0,0.0,0,0.0,25,3.2
"48073","3","10","71","0","2017","4","",52,2227,2229,2239,19564725,47808,44,674,"",3.70,1.57,1.55,1.55,1.73,0.22,0.04,1.11,"",-2,-3.7,-3,-0.1,-29,-1.3,1,0.0,328154,1.7,-44317,-48.1,-1701,-97.5,14,2.1
"48073","5","10","71","0","2017","4","",746,10269,10426,10512,92263422,10770376,203570,682,"",0.93,0.84,0.85,0.85,0.82,1.03,1.01,0.97,"",16,2.2,-208,-2.0,-124,-1.2,-6,-0.1,1572968,1.7,-212993,-1.9,22486,12.4,19,2.9
"48075","0","10","70","0","2017","4","",228,2474,2458,2461,24177359,1563330,19584,755,"",1.00,1.00,1.00,1.00,1.00,1.00,1.00,1.00,"",-8,-3.4,-61,-2.4,-85,-3.3,-89,-3.5,-1812046,-7.0,15311,1.0,-1515,-7.2,-31,-3.9
"48075","1","10","71","0","2017","4","",4,15,16,16,212382,0,0,1043,"",2.93,0.31,0.34,0.34,0.32,0.00,0.00,0.97,"",-1,-20.0,-3,-16.7,-2,-11.1,-5,-23.8,-14025,-6.2,0,0.0,0,0.0,126,13.7
"48075","2","10","71","0","2017","4","",11,420,420,421,4865879,0,0,890,"",6.89,5.29,5.33,5.36,6.16,0.00,0.00,1.16,"",-1,-8.3,-37,-8.1,-30,-6.7,-27,-6.0,-285710,-5.5,0,0.0,0,0.0,13,1.5
"48075","3","10","71","0","2017","4","",14,616,616,621,7100497,42475,41,884,"",3.61,2.51,2.52,2.55,3.42,1.37,0.40,1.35,"",-2,-12.5,-25,-3.9,-24,-3.8,-22,-3.4,-34432,-0.5,-7337,-14.7,-905,-95.7,28,3.3
"48075","5","10","71","0","2017","4","",199,1423,1406,1403,11998601,1520855,19543,654,"",0.90,0.68,0.67,0.67,0.58,1.01,1.00,0.86,"",-4,-2.0,4,0.3,-29,-2.0,-35,-2.4,-1477879,-11.0,22648,1.5,-610,-3.0,-71,-9.8
"48077","0","10","70","0","2017","4","",167,1346,1341,1335,12794837,846263,13490,734,"",1.00,1.00,1.00,1.00,1.00,1.00,1.00,1.00,"",4,2.5,36,2.7,36,2.8,36,2.8,1443979,12.7,140023,19.8,2939,27.9,65,9.7
"48077","1","10","71","0","2017","4","",7,21,20,20,291254,0,0,1102,"",6.99,0.81,0.78,0.78,0.83,0.00,0.00,1.05,"",0,0.0,-3,-12.5,-4,-16.7,-3,-13.0,23032,8.6,0,0.0,0,0.0,230,26.4
"48077","2","10","71","0","2017","4","",5,28,28,30,390155,0,0,1047,"",4.27,0.65,0.65,0.70,0.93,0.00,0.00,1.40,"",0,0.0,-1,-3.4,-1,-3.4,1,3.4,1706,0.4,0,0.0,0,0.0,17,1.7
"48077","3","10","71","0","2017","4","",23,501,497,496,3997082,18416,16,617,"",8.10,3.76,3.73,3.75,3.63,1.10,0.23,0.97,"",0,0.0,8,1.6,6,1.2,6,1.2,17146,0.4,-5990,-24.5,-446,-96.5,-6,-1.0
"48077","5","10","71","0","2017","4","",132,796,796,789,8116346,827847,13474,787,"",0.81,0.70,0.70,0.70,0.74,1.01,1.01,1.07,"",4,3.1,32,4.2,35,4.6,32,4.2,1402095,20.9,146013,21.4,3385,33.6,108,15.9
"48079","0","10","70","0","2017","4","",121,666,748,753,7199547,779701,13566,767,"",1.00,1.00,1.00,1.00,1.00,1.00,1.00,1.00,"",4,3.4,-36,-5.1,-27,-3.5,-34,-4.3,-24031,-0.3,-132390,-14.5,953,7.6,31,4.2
"48079","1","10","71","0","2017","4","",5,9,9,13,109906,0,0,818,"",6.89,0.70,0.63,0.90,0.56,0.00,0.00,0.75,"",0,0.0,-2,-18.2,-2,-18.2,-1,-7.1,3513,3.3,0,0.0,0,0.0,136,19.9
"48079","2","10","71","0","2017","4","",5,9,10,9,110365,0,0,910,"",5.90,0.42,0.42,0.37,0.47,0.00,0.00,1.16,"",-1,-16.7,-3,-25.0,-2,-16.7,-2,-18.2,-21795,-16.5,0,0.0,0,0.0,39,4.5
"48079","3","10","71","0","2017","4","",18,300,299,301,2564947,0,0,658,"",8.75,4.55,4.03,4.04,4.14,0.00,0.00,0.99,"",0,0.0,7,2.4,4,1.4,6,2.0,-145203,-5.4,-4554,-100.0,-86,-100.0,-50,-7.1
"48079","5","10","71","0","2017","4","",93,348,430,430,4414329,779701,13566,843,"",0.79,0.62,0.68,0.67,0.72,1.03,1.01,1.09,"",5,5.7,-38,-9.8,-27,-5.9,-37,-7.9,139454,3.3,-127836,-14.1,1039,8.3,90,12.0
"48081","0","10","70","0","2017","4","",100,673,686,699,6047865,445863,7017,678,"",1.00,1.00,1.00,1.00,1.00,1.00,1.00,1.00,"",-2,-2.0,-9,-1.3,9,1.3,20,2.9,378381,6.7,-4310,-1.0,208,3.1,36,5.6
"48081","1","10","71","0","2017","4","",5,12,8,8,128142,0,0,1056,"",8.34,0.93,0.61,0.59,0.77,0.00,0.00,1.09,"",0,0.0,1,9.1,-3,-27.3,-3,-27.3,2853,2.3,0,0.0,0,0.0,180,20.5
"48081","2","10","71","0","2017","4","",4,16,15,15,172708,0,0,866,"",5.71,0.74,0.68,0.67,0.87,0.00,0.00,1.25,"",0,0.0,0,0.0,-1,-6.2,-1,-6.2,37618,27.8,0,0.0,0,0.0,217,33.4
"48081","3","10","71","0","2017","4","",14,314,319,318,2099152,60571,57,509,"",8.24,4.71,4.68,4.60,4.04,6.86,1.54,0.87,"",0,0.0,9,3.0,16,5.3,19,6.4,138201,7.0,20568,51.4,-699,-92.5,10,2.0
"48081","5","10","71","0","2017","4","",77,331,344,358,3647863,385292,6960,815,"",0.79,0.58,0.59,0.60,0.71,0.89,1.00,1.20,"",-2,-2.5,-19,-5.4,-3,-0.9,5,1.4,199709,5.8,-24878,-6.1,907,15.0,57,7.5
"48083","0","10","70","0","2017","4","",251,2141,2122,2110,17260767,1726560,23872,625,"",1.00,1.00,1.00,1.00,1.00,1.00,1.00,1.00,"",0,0.0,77,3.7,78,3.8,32,1.5,786691,4.8,204361,13.4,3369,16.4,10,1.6
"48083","1","10","71","0","2017","4","",12,40,35,36,374982,0,0,780,"",7.97,0.97,0.86,0.89,0.79,0.00,0.00,0.87,"",0,0.0,-3,-7.0,-3,-7.9,-3,-7.7,-14604,-3.7,0,0.0,0,0.0,31,4.1
"48083","2","10","71","0","2017","4","",7,24,24,24,306391,0,0,982,"",3.98,0.35,0.35,0.36,0.54,0.00,0.00,1.54,"",-1,-12.5,-2,-7.7,-2,-7.7,-2,-7.7,2936,1.0,0,0.0,0,0.0,84,9.4
"48083","3","10","71","0","2017","4","",21,502,505,505,4486071,91317,90,685,"",4.92,2.37,2.40,2.42,3.02,2.67,0.72,1.26,"",-1,-4.5,-22,-4.2,-20,-3.8,-20,-3.8,-24438,-0.5,26731,41.4,-1134,-92.6,24,3.6
"48083","5","10","71","0","2017","4","",211,1575,1558,1545,12093323,1635243,23782,597,"",0.87,0.87,0.86,0.86,0.82,0.98,1.00,0.95,"",2,1.0,104,7.1,103,7.1,57,3.8,822797,7.3,177630,12.2,4503,23.4,8,1.4
"48085","0","10","70","0","2017","4","",25414,404903,409358,409754,6619913811,393193689,8853266,1248,"",1.00,1.00,1.00,1.00,1.00,1.00,1.00,1.00,"",1399,5.8,19331,5.0,20590,5.3,19922,5.1,455649036,7.4,-11162862,-2.8,82121,0.9,26,2.1
"48085","1","10","71","0","2017","4","",46,1931,1908,1959,38796278,0,0,1544,"",0.30,0.25,0.24,0.25,0.21,0.00,0.00,0.87,"",0,0.0,112,6.2,51,2.7,80,4.3,1804424,4.9,0,0.0,0,0.0,7,0.5
"48085","2","10","71","0","2017","4","N",21,0,0,0,0,0,0,0,"N",0.12,0,0,0,0,0,0,0,"N",-2,-8.7,0,0,0,0,0,0,0,0,0,0,0,0,0,0
"48085","3","10","71","0","2017","4","N",98,0,0,0,0,0,0,0,"N",0.23,0,0,0,0,0,0,0,"N",1,1.0,0,0,0,0,0,0,0,0,0,0,0,0,0,0
"48085","5","10","71","0","2017","4","",25249,353422,357036,357151,5965363719,391681625,8851762,1289,"",1.02,1.03,1.03,1.03,1.06,1.03,1.01,1.03,"",1400,5.9,16024,4.7,16952,5.0,16491,4.8,408263868,7.3,-11127861,-2.8,110004,1.3,29,2.3
"48087","0","10","70","0","2017","4","",123,881,893,885,9151999,711297,10565,794,"",1.00,1.00,1.00,1.00,1.00,1.00,1.00,1.00,"",4,3.4,-28,-3.1,-23,-2.5,-15,-1.7,-1585668,-14.8,-146964,-17.1,2264,27.3,-115,-12.7
"48087","1","10","71","0","2017","4","",3,13,15,12,156989,0,0,906,"",4.07,0.77,0.88,0.70,0.62,0.00,0.00,0.80,"",0,0.0,-2,-13.3,0,0.0,-1,-7.7,2121,1.4,0,0.0,0,0.0,75,9.0
"48087","2","10","71","0","2017","4","",6,11,11,13,187913,0,0,1239,"",6.96,0.39,0.38,0.46,0.63,0.00,0.00,1.53,"",0,0.0,-2,-15.4,0,0.0,2,18.2,48088,34.4,0,0.0,0,0.0,317,34.4
"48087","3","10","71","0","2017","4","",18,200,197,201,1601591,12755,11,618,"",8.61,2.29,2.22,2.29,2.04,0.91,0.20,0.90,"",0,0.0,2,1.0,-4,-2.0,-3,-1.5,33923,2.2,7492,142.4,-87,-88.8,18,3.0
"48087","5","10","71","0","2017","4","",96,657,670,659,7205506,698542,10554,837,"",0.80,0.88,0.88,0.88,0.92,1.02,1.01,1.05,"",4,4.3,-26,-3.8,-19,-2.8,-13,-1.9,-1669800,-18.8,-154456,-18.1,2351,28.7,-165,-16.5
"48089","0","10","70","0","2017","4","",650,6873,6811,6778,75983596,5411734,103735,857,"",1.00,1.00,1.00,1.00,1.00,1.00,1.00,1.00,"",11,1.7,141,2.1,107,1.6,29,0.4,5987240,8.6,519280,10.6,35265,51.5,57,7.1
"48089","1","10","71","0","2017","4","",10,47,49,49,667569,0,0,1062,"",2.57,0.36,0.38,0.38,0.32,0.00,0.00,0.87,"",0,0.0,-1,-2.1,0,0.0,-5,-9.3,54716,8.9,0,0.0,0,0.0,125,13.3
"48089","2","10","71","0","2017","4","",14,92,95,100,1297178,0,0,1043,"",3.07,0.42,0.44,0.46,0.52,0.00,0.00,1.19,"",0,0.0,-3,-3.2,-2,-2.1,3,3.1,278696,27.4,0,0.0,0,0.0,230,28.3
"48089","3","10","71","0","2017","4","",36,997,985,992,9288208,36989,36,721,"",3.26,1.46,1.46,1.48,1.42,0.35,0.07,0.97,"",0,0.0,2,0.2,-9,-0.9,-1,-0.1,118078,1.3,-10469,-22.1,-863,-96.0,11,1.5
"48089","5","10","71","0","2017","4","",590,5737,5682,5637,64730641,5374745,103699,876,"",0.94,0.98,0.98,0.98,1.00,1.03,1.01,1.02,"",11,1.9,143,2.6,118,2.1,32,0.6,5535750,9.4,529749,10.9,36128,53.5,61,7.5
"48091","0","10","70","0","2017","4","",3698,53912,54319,53861,604109752,54049951,876953,860,"",1.00,1.00,1.00,1.00,1.00,1.00,1.00,1.00,"",204,5.8,3024,5.9,2936,5.7,2687,5.3,47658188,8.6,7206239,15.4,149196,20.5,23,2.7
"48091","1","10","71","0","2017","4","",12,211,210,209,3571042,0,0,1308,"",0.54,0.20,0.20,0.20,0.22,0.00,0.00,1.06,"",1,9.1,8,3.9,4,1.9,-1,-0.5,257854,7.8,0,0.0,0,0.0,73,5.9
"48091","2","10","71","0","2017","4","",14,171,171,171,2478349,0,0,1115,"",0.54,0.10,0.10,0.10,0.13,0.00,0.00,1.27,"",1,7.7,-8,-4.5,-9,-5.0,-11,-6.0,94382,4.0,0,0.0,0,0.0,98,9.6
"48091","3","10","71","0","2017","4","",49,5583,5678,5693,69338511,126356,123,944,"",0.78,1.05,1.05,1.07,1.33,0.12,0.03,1.27,"",2,4.3,133,2.4,142,2.6,119,2.1,4546385,7.0,744,0.6,-2260,-94.8,41,4.5
"48091","5","10","71","0","2017","4","",3623,47947,48260,47788,528721850,53923595,876830,847,"",1.01,1.05,1.05,1.04,1.02,1.03,1.01,0.98,"",200,5.8,2891,6.4,2799,6.2,2580,5.7,42759567,8.8,7205495,15.4,151456,20.9,21,2.5
"48093","0","10","70","0","2017","4","",350,3605,3647,3653,31978118,2833280,33093,677,"",1.00,1.00,1.00,1.00,1.00,1.00,1.00,1.00,"",18,5.4,-38,-1.0,22,0.6,-34,-0.9,1757941,5.8,33436,1.2,2461,8.0,40,6.3
"48093","1","10","71","0","2017","4","",9,46,45,46,493084,0,0,831,"",4.29,0.66,0.64,0.65,0.56,0.00,0.00,0.86,"",0,0.0,3,7.0,0,0.0,-3,-6.1,-14142,-2.8,0,0.0,0,0.0,-23,-2.7
"48093","2","10","71","0","2017","4","",6,18,18,19,273478,0,0,1147,"",2.45,0.16,0.15,0.16,0.26,0.00,0.00,1.66,"",0,0.0,-3,-14.3,-3,-14.3,-2,-9.5,12713,4.9,0,0.0,0,0.0,192,20.1
"48093","3","10","71","0","2017","4","",15,757,756,760,6525790,57997,55,663,"",2.52,2.12,2.09,2.10,2.37,1.03,0.32,1.13,"",0,0.0,-20,-2.6,-44,-5.5,-45,-5.6,649278,11.0,-25523,-30.6,-1530,-96.5,94,16.5
"48093","5","10","71","0","2017","4","",320,2784,2828,2828,24685766,2775283,33038,675,"",0.94,0.91,0.91,0.91,0.90,1.01,1.00,0.99,"",18,6.0,-18,-0.6,69,2.5,16,0.6,1110092,4.7,58959,2.2,3991,13.7,25,3.8
"48095","0","10","70","0","2017","4","",90,630,619,623,6823975,475518,9157,841,"",1.00,1.00,1.00,1.00,1.00,1.00,1.00,1.00,"",4,4.7,-209,-24.9,-219,-26.1,-225,-26.5,-1438644,-17.4,-154184,-24.5,-9792,-51.7,86,11.4
"48095","1","10","71","0","2017","4","",7,11,12,12,131690,0,0,868,"",12.97,0.91,1.01,1.00,0.70,0.00,0.00,0.72,"",0,0.0,-1,-8.3,-1,-7.7,-5,-29.4,-30115,-18.6,0,0.0,0,0.0,-21,-2.4
"48095","2","10","71","0","2017","4","",5,17,16,18,242353,0,0,1097,"",7.93,0.84,0.81,0.91,1.09,0.00,0.00,1.28,"",0,0.0,-1,-5.6,-2,-11.1,0,0.0,78810,48.2,0,0.0,0,0.0,398,56.9
"48095","3","10","71","0","2017","4","",10,206,201,198,1925881,58001,56,735,"",6.54,3.30,3.27,3.21,3.28,6.16,1.16,1.01,"",0,0.0,-11,-5.1,-15,-6.9,-19,-8.8,-59638,-3.0,1107,1.9,-1023,-94.8,30,4.3
"48095","5","10","71","0","2017","4","",68,396,390,395,4524051,417517,9101,884,"",0.78,0.74,0.74,0.75,0.78,0.91,1.00,1.05,"",4,6.2,-196,-33.1,-201,-34.0,-201,-33.7,-1427701,-24.0,-155291,-27.1,-8769,-49.1,112,14.5
"48097","0","10","70","0","2017","4","",976,14003,14086,14154,164658331,10737631,272229,900,"",1.00,1.00,1.00,1.00,1.00,1.00,1.00,1.00,"",-2,-0.2,-385,-2.7,-362,-2.5,-318,-2.2,2225748,1.4,388309,3.8,58296,27.2,34,3.9
"48097","1","10","71","0","2017","4","",7,62,63,65,924498,0,0,1123,"",1.20,0.23,0.23,0.24,0.20,0.00,0.00,0.87,"",0,0.0,2,3.3,3,5.0,-2,-3.0,61223,7.1,0,0.0,0,0.0,58,5.4
"48097","2","10","71","0","2017","4","",13,425,421,422,5321127,0,0,968,"",1.90,0.95,0.93,0.93,0.99,0.00,0.00,1.05,"",-1,-7.1,-58,-12.0,-57,-11.9,-58,-12.1,-358162,-6.3,0,0.0,0,0.0,58,6.4
"48097","3","10","71","0","2017","4","",51,2413,2432,2456,24529968,37289,34,775,"",3.07,1.74,1.74,1.75,1.73,0.18,0.02,0.99,"",1,2.0,16,0.7,28,1.2,67,2.8,536918,2.2,7587,25.5,-527,-93.9,5,0.6
"48097","5","10","71","0","2017","4","",905,11103,11170,11211,133882738,10700342,272195,923,"",0.96,0.93,0.93,0.93,0.95,1.03,1.01,1.02,"",-2,-0.2,-345,-3.0,-336,-2.9,-325,-2.8,1985769,1.5,380722,3.7,58823,27.6,40,4.5
"48099","0","10","70","0","2017","4","",1279,17799,17911,17789,196443049,16207992,325396,847,"",1.00,1.00,1.00,1.00,1.00,1.00,1.00,1.00,"",86,7.2,895,5.3,860,5.0,826,4.9,26794167,15.8,1938199,13.6,67134,26.0,78,10.1
"48099","1","10","71","0","2017","4","",13,176,171,169,2178764,0,0,974,"",1.69,0.51,0.50,0.49,0.40,0.00,0.00,0.80,"",0,0.0,2,1.1,-4,-2.3,-6,-3.4,77202,3.7,0,0.0,0,0.0,48,5.2
"48099","2","10","71","0","2017","4","",26,2788,2770,2751,29631695,0,0,823,"",2.90,4.88,4.83,4.85,4.62,0.00,0.00,0.95,"",-8,-23.5,-134,-4.6,-167,-5.7,-184,-6.3,-1673378,-5.3,0,0.0,0,0.0,2,0.2
"48099","3","10","71","0","2017","4","",43,3138,3178,3188,30831746,30275,28,749,"",1.98,1.78,1.79,1.81,1.83,0.09,0.02,1.02,"",-1,-2.3,-159,-4.8,-156,-4.7,-127,-3.8,639838,2.1,-125798,-80.6,-2935,-99.1,48,6.8
"48099","5","10","71","0","2017","4","",1197,11697,11792,11681,133800844,16177717,325368,878,"",0.96,0.77,0.77,0.77,0.80,1.03,1.01,1.03,"",95,8.6,1186,11.3,1187,11.2,1143,10.8,27750505,26.2,2063997,14.6,70069,27.4,105,13.6
"48101","0","10","70","0","2017","4","",65,415,401,389,4350417,355439,5225,833,"",1.00,1.00,1.00,1.00,1.00,1.00,1.00,1.00,"",-72,-52.6,-90,-17.8,-111,-21.7,-94,-19.5,-461000,-9.6,-153141,-30.1,-5205,-49.9,93,12.6
"48101","1","10","71","0","2017","4","",3,9,8,8,105230,0,0,971,"",7.70,1.13,1.04,1.07,0.88,0.00,0.00,0.82,"",0,0.0,0,0.0,-4,-33.3,-3,-27.3,-9069,-7.9,0,0.0,0,0.0,147,17.8
"48101","2","10","71","0","2017","4","",8,30,32,28,435448,0,0,1117,"",17.56,2.25,2.49,2.26,3.07,0.00,0.00,1.31,"",-1,-11.1,-2,-6.2,0,0.0,-1,-3.4,11473,2.7,0,0.0,0,0.0,65,6.2
"48101","3","10","71","0","2017","4","",6,93,93,93,556584,29790,28,460,"",5.43,2.26,2.34,2.42,1.49,4.23,1.02,0.64,"",0,0.0,-5,-5.1,-8,-7.9,-6,-6.1,-21389,-3.7,2025,7.3,-498,-94.7,12,2.7
"48101","5","10","71","0","2017","4","",48,283,268,260,3253155,325649,5197,926,"",0.76,0.80,0.79,0.79,0.88,0.95,1.00,1.11,"",-71,-59.7,-83,-22.7,-99,-27.0,-84,-24.4,-442015,-12.0,-155166,-32.3,-4707,-47.5,134,16.9
"48103","0","10","70","0","2017","4","",106,1140,1139,1189,16855311,1041631,33922,1122,"",1.00,1.00,1.00,1.00,1.00,1.00,1.00,1.00,"",-3,-2.8,-199,-14.9,-204,-15.2,-163,-12.1,-2588789,-13.3,-41063,-3.8,9794,40.6,10,0.9
"48103","1","10","71","0","2017","4","",1,5,6,6,68938,0,0,936,"",1.57,0.23,0.28,0.26,0.15,0.00,0.00,0.58,"",0,0.0,-1,-16.7,0,0.0,0,0.0,1846,2.8,0,0.0,0,0.0,76,8.8
"48103","2","10","71","0","2017","4","",4,11,11,11,121063,0,0,847,"",5.39,0.30,0.30,0.29,0.22,0.00,0.00,0.74,"",0,0.0,-2,-15.4,-2,-15.4,-1,-8.3,-2269,-1.8,0,0.0,0,0.0,98,13.1
"48103","3","10","71","0","2017","4","",13,350,357,357,4437121,0,0,962,"",7.22,3.10,3.16,3.03,3.06,0.00,0.00,0.99,"",0,0.0,-5,-1.4,-4,-1.1,-11,-3.0,-95521,-2.1,0,0.0,0,0.0,-3,-0.3
"48103","5","10","71","0","2017","4","",88,774,765,815,12228189,1041631,33922,1199,"",0.86,0.80,0.79,0.81,0.85,1.03,1.01,1.06,"",-3,-3.3,-191,-19.8,-198,-20.6,-151,-15.6,-2492845,-16.9,-41063,-3.8,9794,40.6,25,2.1
"48105","0","10","70","0","2017","4","",209,1522,1489,1494,15866870,1192478,28314,813,"",1.00,1.00,1.00,1.00,1.00,1.00,1.00,1.00,"",-6,-2.8,76,5.3,24,1.6,-3,-0.2,1505859,10.5,41440,3.6,8980,46.4,61,8.1
"48105","1","10","71","0","2017","4","",2,4,4,4,55229,0,0,1062,"",1.60,0.14,0.14,0.14,0.13,0.00,0.00,0.91,"",0,0.0,0,0.0,0,0.0,0,0.0,244,0.4,0,0.0,0,0.0,5,0.5
"48105","2","10","71","0","2017","4","",5,27,27,27,468293,0,0,1334,"",3.41,0.55,0.57,0.57,0.90,0.00,0.00,1.61,"",0,0.0,-2,-6.9,-2,-6.9,-2,-6.9,149887,47.1,0,0.0,0,0.0,489,57.9
"48105","3","10","71","0","2017","4","",23,356,350,349,2926114,3683,3,640,"",6.47,2.36,2.37,2.36,2.14,0.16,0.02,0.91,"",0,0.0,6,1.7,-2,-0.6,-1,-0.3,-265082,-8.3,192,5.5,-62,-95.4,-60,-8.6
"48105","5","10","71","0","2017","4","",179,1135,1108,1114,12417234,1188795,28311,854,"",0.88,0.88,0.88,0.88,0.92,1.03,1.01,1.04,"",-6,-3.2,72,6.8,28,2.6,0,0.0,1620810,15.0,41248,3.6,9042,46.9,89,11.6
"48107","0","10","70","0","2017","4","",218,1508,1549,1555,15709800,1999075,58702,786,"",1.00,1.00,1.00,1.00,1.00,1.00,1.00,1.00,"",2,0.9,5,0.3,-39,-2.5,13,0.8,1010539,6.9,-144136,-6.7,1732,3.0,54,7.4
"48107","1","10","71","0","2017","4","",5,15,15,18,218287,0,0,1049,"",3.82,0.52,0.51,0.60,0.51,0.00,0.00,0.93,"",0,0.0,-1,-6.2,-1,-6.2,-2,-10.0,3247,1.5,0,0.0,0,0.0,95,10.0
"48107","2","10","71","0","2017","4","",6,20,20,21,293064,0,0,1109,"",3.93,0.41,0.40,0.42,0.57,0.00,0.00,1.38,"",0,0.0,-2,-9.1,-2,-9.1,-1,-4.5,40448,16.0,0,0.0,0,0.0,226,25.6
"48107","3","10","71","0","2017","4","",19,443,427,429,3295319,9098,8,585,"",5.13,2.96,2.78,2.79,2.44,0.23,0.03,0.86,"",0,0.0,13,3.0,-3,-0.7,-3,-0.7,-52955,-1.6,5424,147.6,-61,-88.4,-13,-2.2
"48107","5","10","71","0","2017","4","",188,1030,1087,1087,11903130,1989977,58694,857,"",0.89,0.80,0.83,0.82,0.89,1.03,1.01,1.08,"",2,1.1,-5,-0.5,-33,-2.9,19,1.8,1019799,9.4,-149560,-7.0,1793,3.2,78,10.0
"48109","0","10","70","0","2017","4","",105,1055,1045,1068,13647385,985600,15386,994,"",1.00,1.00,1.00,1.00,1.00,1.00,1.00,1.00,"",-4,-3.7,-184,-14.9,-229,-18.0,-235,-18.0,185918,1.4,-332791,-25.2,-3401,-18.1,180,22.1
"48109","1","10","71","0","2017","4","",4,82,78,79,1665521,0,0,1608,"",6.35,4.04,3.90,3.84,4.44,0.00,0.00,1.13,"",0,0.0,-6,-6.8,-9,-10.3,-6,-7.1,-50256,-2.9,0,0.0,0,0.0,85,5.6
"48109","2","10","71","0","2017","4","",8,34,36,37,509865,0,0,1100,"",10.87,1.00,1.08,1.09,1.14,0.00,0.00,1.09,"",0,0.0,-2,-5.6,1,2.9,2,5.7,62539,14.0,0,0.0,0,0.0,126,12.9
"48109","3","10","71","0","2017","4","",24,190,187,190,1560469,6003,5,635,"",13.45,1.82,1.80,1.80,1.33,0.31,0.06,0.74,"",1,4.3,3,1.6,-3,-1.6,-2,-1.0,3429,0.2,1355,29.2,-82,-94.3,4,0.6
"48109","5","10","71","0","2017","4","",69,749,744,762,9911530,979597,15381,1014,"",0.68,0.84,0.84,0.84,0.85,1.03,1.01,1.01,"",-5,-6.8,-179,-19.3,-218,-22.7,-229,-23.1,170206,1.7,-334146,-25.4,-3319,-17.7,234,30.0
"48111","0","10","70","0","2017","4","",396,4744,4697,4378,51601072,4912306,67327,862,"",1.00,1.00,1.00,1.00,1.00,1.00,1.00,1.00,"",3,0.8,124,2.7,300,6.8,3,0.1,1042570,2.1,1797,0.0,3415,5.3,-9,-1.0
"48111","1","10","71","0","2017","4","",4,18,18,18,260419,0,0,1113,"",1.68,0.20,0.20,0.21,0.18,0.00,0.00,0.90,"",0,0.0,-3,-14.3,-3,-14.3,-4,-18.2,18335,7.6,0,0.0,0,0.0,240,27.5
"48111","2","10","71","0","2017","4","",6,26,27,27,325578,0,0,939,"",2.16,0.17,0.18,0.19,0.19,0.00,0.00,1.07,"",-1,-14.3,4,18.2,5,22.7,5,22.7,64799,24.8,0,0.0,0,0.0,27,3.0
"48111","3","10","71","0","2017","4","",18,243,242,239,2719043,0,0,867,"",2.67,0.52,0.52,0.55,0.61,0.00,0.00,1.16,"",0,0.0,0,0.0,-5,-2.0,-12,-4.8,197320,7.8,-8368,-100.0,-158,-100.0,82,10.4
"48111","5","10","71","0","2017","4","",368,4457,4410,4094,48296032,4912306,67327,860,"",0.96,1.11,1.11,1.10,1.10,1.03,1.01,0.99,"",4,1.1,123,2.8,303,7.4,14,0.3,762116,1.6,10165,0.2,3573,5.6,-16,-1.8
"48113","0","10","70","0","2017","4","",77869,1702894,1715917,1717458,29329702682,1636974802,40643195,1318,"",1.00,1.00,1.00,1.00,1.00,1.00,1.00,1.00,"",2079,2.7,30137,1.8,32655,1.9,28036,1.7,1369383685,4.9,46896825,2.9,4882123,13.7,39,3.0
"48113","1","10","71","0","2017","4","",171,24939,24938,24957,542289816,0,0,1672,"",0.37,0.76,0.76,0.75,0.67,0.00,0.00,0.89,"",-2,-1.2,-65,-0.3,-4,0.0,-367,-1.4,15505733,2.9,0,0.0,0,0.0,57,3.5
"48113","2","10","71","0","2017","4","",63,21990,21972,21824,467800368,0,0,1641,"",0.12,0.40,0.40,0.40,0.49,0.00,0.00,1.22,"",-4,-6.0,2099,10.6,2076,10.4,1937,9.7,23959846,5.4,0,0.0,0,0.0,-75,-4.4
"48113","3","10","71","0","2017","4","",320,127125,127792,127627,1734847142,2114001,2420,1047,"",0.24,0.75,0.75,0.75,0.69,0.07,0.01,0.92,"",3,0.9,-1444,-1.1,-1113,-0.9,-1221,-0.9,29579017,1.7,186430,9.7,-33701,-93.3,28,2.7
"48113","5","10","71","0","2017","4","",77315,1528840,1541215,1543050,26584765356,1634860801,40640775,1330,"",1.02,1.06,1.06,1.06,1.06,1.03,1.01,1.00,"",2082,2.8,29547,2.0,31696,2.1,27687,1.8,1300339089,5.1,46710395,2.9,4915824,13.8,40,3.1
"48115","0","10","70","0","2017","4","",515,4311,4517,4516,43853051,4289872,91053,758,"",1.00,1.00,1.00,1.00,1.00,1.00,1.00,1.00,"",2,0.4,-156,-3.5,-46,-1.0,-95,-2.1,832383,1.9,236570,5.8,20669,29.4,30,4.1
"48115","1","10","71","0","2017","4","",7,43,116,124,750538,0,0,612,"",2.27,0.52,1.34,1.43,0.62,0.00,0.00,0.56,"",0,0.0,-5,-10.4,-9,-7.2,4,3.3,-28950,-3.7,0,0.0,0,0.0,-2,-0.3
"48115","2","10","71","0","2017","4","",12,364,365,363,4204455,0,0,889,"",3.33,2.63,2.52,2.52,2.94,0.00,0.00,1.15,"",0,0.0,-53,-12.7,-49,-11.8,-44,-10.8,-330961,-7.3,0,0.0,0,0.0,44,5.2
"48115","3","10","71","0","2017","4","",34,921,900,878,8602277,104385,102,736,"",3.88,2.16,2.01,1.96,2.28,1.23,0.21,1.12,"",-1,-2.9,-13,-1.4,-45,-4.8,-66,-7.0,-235924,-2.7,41760,66.7,-1086,-91.4,14,1.9
"48115","5","10","71","0","2017","4","",462,2983,3136,3151,30295781,4185487,90951,754,"",0.92,0.81,0.82,0.82,0.81,1.01,1.01,0.99,"",3,0.7,-85,-2.8,57,1.9,11,0.4,1428218,4.9,194810,4.9,21755,31.4,37,5.2
"48117","0","10","70","0","2017","4","",504,7453,7478,7552,81444251,6415453,86438,836,"",1.00,1.00,1.00,1.00,1.00,1.00,1.00,1.00,"",-1,-0.2,-27,-0.4,-64,-0.8,-8,-0.1,2290331,2.9,87358,1.4,8222,10.5,27,3.3
"48117","1","10","71","0","2017","4","",4,49,48,48,707792,0,0,1126,"",1.32,0.34,0.34,0.33,0.32,0.00,0.00,0.94,"",0,0.0,6,14.0,2,4.3,3,6.7,35441,5.3,0,0.0,0,0.0,-32,-2.8
"48117","2","10","71","0","2017","4","",10,52,51,52,769190,0,0,1145,"",2.83,0.22,0.21,0.22,0.29,0.00,0.00,1.34,"",-1,-9.1,-2,-3.7,-3,-5.6,-2,-3.7,110287,16.7,0,0.0,0,0.0,206,21.9
"48117","3","10","71","0","2017","4","",22,1212,1228,1245,11467923,39742,37,718,"",2.57,1.64,1.65,1.67,1.64,0.31,0.08,0.99,"",0,0.0,42,3.6,13,1.1,43,3.6,-118934,-1.0,-16573,-29.4,-1033,-96.5,-27,-3.6
"48117","5","10","71","0","2017","4","",468,6140,6151,6207,68499346,6375711,86401,855,"",0.96,0.97,0.97,0.97,0.98,1.03,1.01,1.02,"",0,0.0,-73,-1.2,-76,-1.2,-52,-0.8,2263537,3.4,103931,1.7,9255,12.0,38,4.7
"48119","0","10","70","0","2017","4","",103,1127,1132,1125,7205378,1011243,25444,491,"",1.00,1.00,1.00,1.00,1.00,1.00,1.00,1.00,"",5,5.1,-147,-11.5,-139,-10.9,-146,-11.5,213996,3.1,-275284,-21.4,5615,28.3,68,16.1
"48119","1","10","71","0","2017","4","",5,14,15,15,173928,0,0,912,"",8.09,0.65,0.69,0.69,0.88,0.00,0.00,1.30,"",0,0.0,-3,-17.6,-1,-6.2,-1,-6.2,-8618,-4.7,0,0.0,0,0.0,52,6.0
"48119","2","10","71","0","2017","4","",4,22,23,24,281151,0,0,940,"",5.54,0.61,0.63,0.67,1.20,0.00,0.00,1.88,"",-1,-20.0,-3,-12.0,-2,-8.0,-1,-4.0,-8288,-2.9,0,0.0,0,0.0,49,5.5
"48119","3","10","71","0","2017","4","",17,279,284,273,2208638,8814,8,610,"",9.71,2.50,2.53,2.45,3.56,0.44,0.06,1.43,"",0,0.0,3,1.1,12,4.4,-5,-1.8,92721,4.4,-4304,-32.8,-239,-96.8,19,3.2
"48119","5","10","71","0","2017","4","",77,812,810,813,4541661,1002429,25436,430,"",0.77,0.85,0.84,0.85,0.74,1.02,1.01,0.87,"",6,8.5,-144,-15.1,-148,-15.4,-139,-14.6,138181,3.1,-270980,-21.3,5854,29.9,75,21.1
"48121","0","10","70","0","2017","4","",15258,241643,244866,244353,3189416779,233556068,4725542,1007,"",1.00,1.00,1.00,1.00,1.00,1.00,1.00,1.00,"",821,5.7,9996,4.3,10717,4.6,10802,4.6,253068020,8.6,12888773,5.8,367197,8.4,38,3.9
"48121","1","10","71","0","2017","4","",34,2228,2332,2321,45649921,0,0,1531,"",0.37,0.48,0.50,0.49,0.52,0.00,0.00,1.06,"",2,6.2,528,31.1,497,27.1,433,22.9,10119265,28.5,0,0.0,0,0.0,19,1.3
"48121","2","10","71","0","2017","4","",24,8088,8088,8103,138819400,0,0,1319,"",0.22,1.04,1.03,1.04,1.33,0.00,0.00,1.28,"",0,0.0,66,0.8,92,1.2,122,1.5,22640328,19.5,0,0.0,0,0.0,202,18.1
"48121","3","10","71","0","2017","4","",120,26006,26353,26410,320541279,922594,1270,939,"",0.46,1.09,1.08,1.09,1.17,0.20,0.05,1.07,"",0,0.0,549,2.2,559,2.2,626,2.4,14302878,4.7,213966,30.2,-12385,-90.7,22,2.4
"48121","5","10","71","0","2017","4","",15080,205321,208093,207519,2684406179,232633474,4724272,998,"",1.02,1.00,1.00,1.00,0.99,1.03,1.01,0.99,"",819,5.7,8853,4.5,9569,4.8,9621,4.9,206005549,8.3,12674807,5.8,379582,8.7,33,3.4
"48123","0","10","70","0","2017","4","",602,7686,7633,7699,89862993,7296217,223848,901,"",1.00,1.00,1.00,1.00,1.00,1.00,1.00,1.00,"",2,0.3,407,5.6,455,6.3,551,7.7,13144637,17.1,2199749,43.2,139588,165.7,82,10.0
"48123","1","10","71","0","2017","4","",8,34,31,33,414523,0,0,976,"",2.22,0.23,0.21,0.22,0.17,0.00,0.00,0.76,"",0,0.0,0,0.0,-1,-3.1,-1,-2.9,-9821,-2.3,0,0.0,0,0.0,-3,-0.3
"48123","2","10","71","0","2017","4","",11,399,388,381,4906330,0,0,969,"",2.61,1.62,1.59,1.55,1.67,0.00,0.00,1.05,"",-2,-15.4,-27,-6.3,-36,-8.5,-44,-10.4,-58392,-1.2,0,0.0,0,0.0,70,7.8
"48123","3","10","71","0","2017","4","",50,1787,1779,1762,16063819,108730,103,696,"",4.89,2.35,2.35,2.31,2.08,0.75,0.09,0.89,"",-1,-2.0,-32,-1.8,-37,-2.0,-35,-1.9,-92996,-0.6,-25928,-19.3,-2452,-96.0,10,1.5
"48123","5","10","71","0","2017","4","",533,5466,5435,5523,68478321,7187487,223745,962,"",0.91,0.84,0.84,0.84,0.89,1.02,1.01,1.06,"",5,0.9,466,9.3,529,10.8,631,12.9,13305846,24.1,2225677,44.9,142040,173.8,102,11.9
"48125","0","10","70","0","2017","4","",62,448,478,490,3896754,418993,4061,635,"",1.00,1.00,1.00,1.00,1.00,1.00,1.00,1.00,"",-5,-7.5,-2,-0.4,15,3.2,21,4.5,-11333,-0.3,33111,8.6,-815,-16.7,-18,-2.8
"48125","1","10","71","0","2017","4","",5,9,10,10,110478,0,0,879,"",13.45,1.04,1.09,1.06,1.03,0.00,0.00,0.97,"",0,0.0,-3,-25.0,-2,-16.7,-4,-28.6,-10832,-8.9,0,0.0,0,0.0,142,19.3
"48125","2","10","71","0","2017","4","",4,12,11,12,131353,0,0,866,"",9.21,0.83,0.72,0.77,1.03,0.00,0.00,1.34,"N",-1,-20.0,0,0,0,0,0,0,0,0,0,0,0,0,0,0
"48125","3","10","71","0","2017","4","",7,143,146,147,926117,41639,40,490,"",6.64,3.22,3.08,3.03,2.76,5.02,1.87,0.89,"N",0,0.0,0,0,0,0,0,0,0,0,0,0,0,0,0,0
"48125","5","10","71","0","2017","4","",46,284,311,321,2728806,377354,4021,687,"",0.76,0.75,0.77,0.77,0.82,0.93,1.00,1.08,"",-4,-8.0,5,1.8,18,6.1,24,8.1,147056,5.7,16629,4.6,-379,-8.6,1,0.1
"48127","0","10","70","0","2017","4","",329,6202,6178,6186,84948812,8780147,428166,1056,"",1.00,1.00,1.00,1.00,1.00,1.00,1.00,1.00,"",1,0.3,947,18.0,958,18.4,956,18.3,22180451,35.3,3399357,63.2,246659,135.9,134,14.5
"48127","1","10","71","0","2017","4","",6,253,246,241,5973302,0,0,1863,"",3.04,2.12,2.08,2.02,2.56,0.00,0.00,1.23,"",0,0.0,-2,-0.8,-7,-2.8,-8,-3.2,34501,0.6,0,0.0,0,0.0,53,2.9
"48127","2","10","71","0","2017","4","",9,50,50,51,771784,0,0,1179,"",3.90,0.25,0.25,0.26,0.28,0.00,0.00,1.09,"",0,0.0,7,16.3,7,16.3,8,18.6,289328,60.0,0,0.0,0,0.0,316,36.6
"48127","3","10","71","0","2017","4","",33,890,877,841,7149681,243089,240,633,"",5.90,1.45,1.43,1.37,0.98,1.40,0.11,0.69,"",-2,-5.7,-7,-0.8,4,0.5,18,2.2,209857,3.0,45805,23.2,-3506,-93.6,15,2.4
"48127","5","10","71","0","2017","4","",281,5009,5005,5053,71054045,8537058,427926,1088,"",0.88,0.95,0.95,0.96,0.98,1.00,1.01,1.02,"",3,1.1,949,23.4,954,23.5,938,22.8,21646765,43.8,3353552,64.7,250165,140.7,155,16.6
"48129","0","10","70","0","2017","4","",127,943,968,968,7469078,656442,9444,599,"",1.00,1.00,1.00,1.00,1.00,1.00,1.00,1.00,"",0,0.0,-41,-4.2,-41,-4.1,-25,-2.5,-571548,-7.1,-17987,-2.7,-1604,-14.5,-22,-3.5
"48129","1","10","71","0","2017","4","",4,10,11,13,146248,0,0,993,"",5.25,0.55,0.59,0.70,0.71,0.00,0.00,1.16,"",0,0.0,-2,-16.7,0,0.0,2,18.2,-4472,-3.0,0,0.0,0,0.0,-30,-2.9
"48129","2","10","71","0","2017","4","",7,31,32,32,383070,0,0,931,"",7.87,1.02,1.03,1.04,1.57,0.00,0.00,1.52,"",0,0.0,0,0.0,1,3.2,1,3.2,48461,14.5,0,0.0,0,0.0,101,12.2
"48129","3","10","71","0","2017","4","",19,390,409,409,3064043,17066,16,585,"",8.80,4.17,4.25,4.27,4.77,1.31,0.32,1.13,"",-1,-5.0,-1,-0.3,14,3.5,17,4.3,83377,2.8,7871,85.6,-158,-90.8,1,0.2
"48129","5","10","71","0","2017","4","",97,512,516,514,3875717,639376,9428,580,"",0.79,0.64,0.63,0.62,0.61,1.01,1.00,0.96,"",1,1.0,-38,-6.9,-56,-9.8,-45,-8.1,-698914,-15.3,-25858,-3.9,-1446,-13.3,-48,-7.6
"48131","0","10","70","0","2017","4","",197,3319,3283,3318,29932004,2963168,79656,696,"",1.00,1.00,1.00,1.00,1.00,1.00,1.00,1.00,"",-3,-1.5,79,2.4,60,1.9,113,3.5,715039,2.4,520054,21.3,24971,45.7,-1,-0.1
"48131","1","10","71","0","2017","4","",8,126,126,127,2845630,0,0,1733,"",6.77,1.97,2.01,1.99,3.46,0.00,0.00,1.74,"",0,0.0,8,6.8,8,6.8,7,5.8,-13464,-0.5,0,0.0,0,0.0,-120,-6.5
"48131","2","10","71","0","2017","4","",8,145,149,146,1643083,0,0,862,"",5.80,1.36,1.42,1.38,1.68,0.00,0.00,1.21,"",-1,-11.1,-7,-4.6,0,0.0,-4,-2.7,-78073,-4.5,0,0.0,0,0.0,-19,-2.2
"48131","3","10","71","0","2017","4","",21,823,830,822,6251111,207293,204,583,"",6.27,2.50,2.55,2.50,2.43,3.53,0.49,0.97,"",0,0.0,5,0.6,18,2.2,25,3.1,247559,4.1,-14098,-6.4,-3999,-95.1,12,2.1
"48131","5","10","71","0","2017","4","",160,2225,2178,2223,19192180,2755875,79452,668,"",0.84,0.79,0.78,0.79,0.75,0.96,1.00,0.95,"",-2,-1.2,73,3.4,34,1.6,85,4.0,559017,3.0,534152,24.0,28970,57.4,0,0.0
"48133","0","10","70","0","2017","4","",498,7446,7828,7863,88607475,9270618,269553,884,"",1.00,1.00,1.00,1.00,1.00,1.00,1.00,1.00,"",8,1.6,737,11.0,1062,15.7,1212,18.2,17736009,25.0,2189197,30.9,119321,79.4,71,8.7
"48133","1","10","71","0","2017","4","",10,45,51,49,639385,0,0,1018,"",3.35,0.31,0.34,0.32,0.26,0.00,0.00,0.81,"",0,0.0,-4,-8.2,2,4.1,-4,-7.5,18580,3.0,0,0.0,0,0.0,69,7.3
"48133","2","10","71","0","2017","4","",10,74,73,75,1155574,0,0,1201,"",2.87,0.31,0.29,0.30,0.40,0.00,0.00,1.33,"",0,0.0,-3,-3.9,-5,-6.4,-2,-2.6,49656,4.5,0,0.0,0,0.0,101,9.2
"48133","3","10","71","0","2017","4","",30,1354,1401,1379,11563231,562921,558,645,"",3.54,1.84,1.80,1.77,1.52,3.07,0.39,0.84,"",0,0.0,-1,-0.1,4,0.3,31,2.3,392979,3.5,28343,5.3,-9595,-94.5,16,2.5
"48133","5","10","71","0","2017","4","",448,5973,6303,6360,75249285,8707697,268995,932,"",0.93,0.94,0.95,0.95,0.99,0.97,1.00,1.05,"",8,1.8,745,14.3,1061,20.2,1187,22.9,17274794,29.8,2160854,33.0,128916,92.0,77,9.0
"48135","0","10","70","0","2017","4","",3938,73644,74637,74662,1106049318,96633030,3160968,1145,"",1.00,1.00,1.00,1.00,1.00,1.00,1.00,1.00,"",64,1.7,6998,10.5,7550,11.3,7250,10.8,198445649,21.9,29876855,44.8,1692107,115.2,104,10.0
"48135","1","10","71","0","2017","4","",8,193,192,189,3045328,0,0,1224,"",0.34,0.14,0.13,0.13,0.10,0.00,0.00,0.75,"",0,0.0,6,3.2,2,1.1,-6,-3.1,196552,6.9,0,0.0,0,0.0,75,6.5
"48135","2","10","71","0","2017","4","",17,1409,1397,1395,20544567,0,0,1129,"",0.62,0.60,0.58,0.59,0.57,0.00,0.00,0.97,"",0,0.0,-33,-2.3,-44,-3.1,-43,-3.0,66760,0.3,0,0.0,0,0.0,35,3.2
"48135","3","10","71","0","2017","4","",47,8479,8403,8649,107534080,394281,392,972,"",0.70,1.16,1.13,1.17,1.13,0.21,0.02,0.98,"",-3,-6.0,-425,-4.8,-508,-5.7,-389,-4.3,-712353,-0.7,-19907,-4.8,-7476,-95.0,42,4.5
"48135","5","10","71","0","2017","4","",3866,63563,64645,64429,974925343,96238749,3160576,1168,"",1.01,1.02,1.02,1.02,1.03,1.03,1.01,1.01,"",67,1.8,7450,13.3,8100,14.3,7688,13.5,198894690,25.6,29896762,45.1,1699583,116.3,111,10.5
"48137","0","10","70","0","2017","4","",71,421,413,403,3447702,226871,2310,643,"",1.00,1.00,1.00,1.00,1.00,1.00,1.00,1.00,"",2,2.9,20,5.0,12,3.0,6,1.5,134439,4.1,-17195,-7.0,18,0.8,5,0.8
"48137","1","10","71","0","2017","4","",4,17,18,17,376067,0,0,1669,"",9.39,2.10,2.28,2.19,3.97,0.00,0.00,1.81,"",0,0.0,0,0.0,1,5.9,-4,-19.0,-23780,-5.9,0,0.0,0,0.0,-9,-0.5
"48137","2","10","71","0","2017","4","",4,14,14,14,157750,0,0,867,"",8.04,1.04,1.06,1.09,1.40,0.00,0.00,1.32,"",0,0.0,0,0.0,0,0.0,0,0.0,25047,18.9,0,0.0,0,0.0,138,18.9
"48137","3","10","71","0","2017","4","",6,112,107,106,873224,1128,1,620,"",4.97,2.68,2.61,2.66,2.95,0.25,0.08,1.11,"",0,0.0,-5,-4.3,-15,-12.3,-12,-10.2,-31286,-3.5,-4160,-78.7,-99,-99.0,35,6.0
"48137","5","10","71","0","2017","4","",57,278,274,266,2040661,225743,2309,576,"",0.83,0.78,0.78,0.78,0.69,1.03,1.01,0.89,"",2,3.6,25,9.9,26,10.5,22,9.0,164458,8.8,-13035,-5.5,117,5.3,-5,-0.9
"48139","0","10","70","0","2017","4","",2979,50432,50497,50516,568937304,46592818,894794,867,"",1.00,1.00,1.00,1.00,1.00,1.00,1.00,1.00,"",172,6.1,792,1.6,837,1.7,1095,2.2,29301654,5.4,2822582,6.4,166869,22.9,30,3.6
"48139","1","10","71","0","2017","4","",19,230,249,244,3730151,0,0,1191,"",1.06,0.24,0.26,0.25,0.24,0.00,0.00,0.96,"",0,0.0,2,0.9,19,8.3,6,2.5,221295,6.3,0,0.0,0,0.0,28,2.4
"48139","2","10","71","0","2017","4","",13,247,242,246,3410443,0,0,1071,"",0.62,0.15,0.15,0.15,0.18,0.00,0.00,1.21,"",1,8.3,40,19.3,38,18.6,39,18.8,770366,29.2,0,0.0,0,0.0,85,8.6
"48139","3","10","71","0","2017","4","",83,7266,7324,7362,77540108,247031,242,815,"",1.64,1.45,1.46,1.47,1.58,0.27,0.05,1.08,"",2,2.5,179,2.5,128,1.8,140,1.9,3703122,5.0,-59403,-19.4,-5576,-95.8,23,2.9
"48139","5","10","71","0","2017","4","",2864,42689,42682,42664,484256602,46345787,894552,873,"",0.99,1.00,0.99,0.99,1.00,1.03,1.01,1.00,"",169,6.3,571,1.4,652,1.6,910,2.2,24606871,5.4,2881985,6.6,172445,23.9,30,3.6
"48141","0","10","70","0","2017","4","",15261,302749,305528,306073,2967083755,244299823,5178624,749,"",1.00,1.00,1.00,1.00,1.00,1.00,1.00,1.00,"",392,2.6,3216,1.1,4156,1.4,4121,1.4,110584929,3.9,1166291,0.5,396734,8.3,19,2.6
"48141","1","10","71","0","2017","4","",98,12532,12565,12629,231801504,0,0,1418,"",1.07,2.15,2.15,2.14,2.84,0.00,0.00,1.32,"",2,2.1,55,0.4,41,0.3,82,0.7,4828934,2.1,0,0.0,0,0.0,23,1.6
"48141","2","10","71","0","2017","4","",42,9708,9833,9879,123832723,0,0,971,"",0.39,1.00,1.00,1.01,1.28,0.00,0.00,1.27,"",0,0.0,-8,-0.1,121,1.2,455,4.8,3397234,2.8,0,0.0,0,0.0,8,0.8
"48141","3","10","71","0","2017","4","",97,46813,46693,46912,508068377,1160823,20603,835,"",0.37,1.56,1.54,1.55,1.99,0.24,0.76,1.29,"",0,0.0,271,0.6,132,0.3,225,0.5,22480066,4.6,-304216,-20.8,-15098,-42.3,33,4.1
"48141","5","10","71","0","2017","4","",15024,233696,236437,236653,2103381151,243139000,5158021,687,"",1.01,0.91,0.91,0.91,0.83,1.03,1.00,0.91,"",390,2.7,2898,1.3,3862,1.7,3359,1.4,79878695,3.9,1470507,0.6,411832,8.7,17,2.5
"48143","0","10","70","0","2017","4","",1163,17361,17588,17528,159260557,15368620,286946,700,"",1.00,1.00,1.00,1.00,1.00,1.00,1.00,1.00,"",45,4.0,758,4.6,873,5.2,908,5.5,16839086,11.8,2505229,19.5,94324,49.0,42,6.4
"48143","1","10","71","0","2017","4","",9,69,67,74,1069638,0,0,1175,"",1.29,0.21,0.20,0.22,0.24,0.00,0.00,1.17,"",0,0.0,-2,-2.8,1,1.5,1,1.4,38461,3.7,0,0.0,0,0.0,42,3.7
"48143","2","10","71","0","2017","4","N",21,0,0,0,0,0,0,0,"N",2.58,0,0,0,0,0,0,0,"N",1,5.0,0,0,0,0,0,0,0,0,0,0,0,0,0,0
"48143","3","10","71","0","2017","4","N",41,0,0,0,0,0,0,0,"N",2.07,0,0,0,0,0,0,0,"N",0,0.0,0,0,0,0,0,0,0,0,0,0,0,0,0,0
"48143","5","10","71","0","2017","4","",1092,12917,13092,13095,121886934,15276450,286854,719,"",0.97,0.88,0.88,0.88,0.90,1.03,1.01,1.02,"",44,4.2,457,3.7,539,4.3,605,4.8,13403654,12.4,2512074,19.7,96113,50.4,51,7.6
"48145","0","10","70","0","2017","4","",281,3169,3191,3228,30920276,1773204,28084,744,"",1.00,1.00,1.00,1.00,1.00,1.00,1.00,1.00,"",-4,-1.4,64,2.1,63,2.0,95,3.0,489462,1.6,233809,15.2,5171,22.6,-6,-0.8
"48145","1","10","71","0","2017","4","",8,39,38,38,461057,0,0,925,"",4.75,0.64,0.62,0.61,0.54,0.00,0.00,0.87,"",-1,-11.1,-3,-7.1,-4,-9.5,-4,-9.5,-24734,-5.1,0,0.0,0,0.0,35,3.9
"48145","2","10","71","0","2017","4","",13,453,452,458,4845746,0,0,820,"",6.60,4.45,4.42,4.45,4.80,0.00,0.00,1.08,"",-2,-13.3,-31,-6.4,-35,-7.2,-27,-5.6,-238051,-4.7,0,0.0,0,0.0,14,1.7
"48145","3","10","71","0","2017","4","",36,718,719,716,6762923,54364,53,725,"",7.54,2.29,2.27,2.24,2.54,1.55,0.36,1.12,"",-2,-5.3,20,2.9,6,0.8,6,0.8,150466,2.3,19387,55.4,-609,-92.0,6,0.8
"48145","5","10","71","0","2017","4","",224,1959,1982,2016,18850550,1718840,28031,730,"",0.82,0.73,0.73,0.73,0.71,1.00,1.00,0.98,"",1,0.4,78,4.1,96,5.1,120,6.3,601781,3.3,214422,14.3,5780,26.0,-14,-1.9
"48147","0","10","70","0","2017","4","",537,7413,7425,7415,81946726,5596675,94862,850,"",1.00,1.00,1.00,1.00,1.00,1.00,1.00,1.00,"",2,0.4,78,1.1,-13,-0.2,38,0.5,5544917,7.3,-404053,-6.7,-12453,-11.6,54,6.8
"48147","1","10","71","0","2017","4","",19,719,726,736,12957184,0,0,1371,"",5.90,5.04,5.11,5.15,5.75,0.00,0.00,1.13,"",0,0.0,-4,-0.6,8,1.1,9,1.2,687067,5.6,0,0.0,0,0.0,65,5.0
"48147","2","10","71","0","2017","4","",15,513,509,514,5678726,0,0,853,"",3.99,2.16,2.14,2.17,2.12,0.00,0.00,0.98,"",-1,-6.2,-19,-3.6,-17,-3.2,-14,-2.7,-98530,-1.7,0,0.0,0,0.0,12,1.4
"48147","3","10","71","0","2017","4","",35,1375,1376,1381,12237996,158467,154,683,"",3.83,1.87,1.87,1.88,1.74,1.43,0.31,0.93,"",0,0.0,8,0.6,-5,-0.4,3,0.2,232543,1.9,47049,42.2,-1956,-92.7,12,1.8
"48147","5","10","71","0","2017","4","",468,4806,4814,4784,51072820,5438208,94708,818,"",0.90,0.76,0.76,0.76,0.73,1.00,1.00,0.96,"",3,0.6,93,2.0,1,0.0,40,0.8,4723837,10.2,-451102,-7.7,-10497,-10.0,68,9.1
"48149","0","10","70","0","2017","4","",828,9344,9061,9134,96919029,7477734,158643,812,"",1.00,1.00,1.00,1.00,1.00,1.00,1.00,1.00,"",17,2.1,208,2.3,-107,-1.2,-25,-0.3,6287989,6.9,1121948,17.7,63375,66.5,50,6.6
"48149","1","10","71","0","2017","4","",13,75,66,65,858762,0,0,962,"",2.62,0.42,0.38,0.37,0.32,0.00,0.00,0.83,"",0,0.0,2,2.7,-6,-8.3,-7,-9.7,70315,8.9,0,0.0,0,0.0,124,14.8
"48149","2","10","71","0","2017","4","",11,68,71,69,1024103,0,0,1136,"",1.90,0.23,0.24,0.24,0.32,0.00,0.00,1.37,"",0,0.0,-2,-2.9,-1,-1.4,-2,-2.8,149877,17.1,0,0.0,0,0.0,189,20.0
"48149","3","10","71","0","2017","4","",30,1435,1436,1413,16211105,32666,31,873,"",2.13,1.55,1.60,1.56,1.95,0.22,0.04,1.24,"",0,0.0,41,2.9,37,2.6,30,2.2,615926,3.9,-4260,-11.5,-669,-95.6,11,1.3
"48149","5","10","71","0","2017","4","",774,7766,7488,7587,78825059,7445068,158612,796,"",0.96,0.98,0.97,0.98,0.95,1.03,1.01,0.98,"",17,2.2,167,2.2,-137,-1.8,-46,-0.6,5451871,7.4,1126208,17.8,64044,67.7,55,7.4
"48151","0","10","70","0","2017","4","",140,889,921,911,9540807,710583,9797,809,"",1.00,1.00,1.00,1.00,1.00,1.00,1.00,1.00,"",-1,-0.7,-39,-4.2,-63,-6.4,-145,-13.7,-439156,-4.4,-259126,-26.7,-5736,-36.9,33,4.3
"48151","1","10","71","0","2017","4","",5,15,14,15,147680,0,0,775,"",5.95,0.88,0.79,0.85,0.56,0.00,0.00,0.67,"",-1,-16.7,-4,-21.1,-1,-6.7,-5,-25.0,-11259,-7.1,0,0.0,0,0.0,96,14.1
"48151","2","10","71","0","2017","4","",5,14,14,14,221483,0,0,1217,"",5.10,0.49,0.47,0.48,0.71,0.00,0.00,1.48,"",0,0.0,2,16.7,2,16.7,2,16.7,53012,31.5,0,0.0,0,0.0,137,12.7
"48151","3","10","71","0","2017","4","",12,288,285,280,2450040,111905,108,663,"",5.04,3.27,3.12,3.11,2.99,7.96,2.09,0.94,"",0,0.0,-9,-3.0,-19,-6.2,-23,-7.6,-147862,-5.7,-37871,-25.3,-2736,-96.2,0,0.0
"48151","5","10","71","0","2017","4","",118,572,608,602,6721604,598678,9689,870,"",0.87,0.76,0.78,0.78,0.83,0.87,1.00,1.07,"",0,0.0,-28,-4.7,-45,-6.9,-119,-16.5,-333047,-4.7,-221255,-27.0,-3000,-23.6,45,5.5
"48153","0","10","70","0","2017","4","",277,1773,1881,1827,18335731,2563555,75730,772,"",1.00,1.00,1.00,1.00,1.00,1.00,1.00,1.00,"",-3,-1.1,14,0.8,26,1.4,-6,-0.3,709154,4.0,-188223,-6.8,-8402,-10.0,25,3.3
"48153","1","10","71","0","2017","4","",7,29,29,29,328129,0,0,870,"",4.21,0.85,0.81,0.82,0.65,0.00,0.00,0.79,"",0,0.0,3,11.5,3,11.5,1,3.6,30850,10.4,0,0.0,0,0.0,12,1.4
"48153","2","10","71","0","2017","4","",4,18,18,19,205092,0,0,861,"",2.06,0.32,0.30,0.33,0.34,0.00,0.00,1.09,"",0,0.0,1,5.9,1,5.9,2,11.8,30867,17.7,0,0.0,0,0.0,73,9.3
"48153","3","10","71","0","2017","4","",19,508,508,502,4524891,2402,1,688,"",4.04,2.89,2.72,2.78,2.87,0.05,0.00,1.03,"",-1,-5.0,19,3.9,11,2.2,8,1.6,63686,1.4,-5688,-70.3,-152,-99.3,-8,-1.1
"48153","5","10","71","0","2017","4","",247,1218,1326,1277,13277619,2561153,75729,802,"",0.92,0.81,0.83,0.82,0.85,1.03,1.01,1.03,"",-2,-0.8,-9,-0.7,11,0.8,-17,-1.3,583751,4.6,-182535,-6.7,-8250,-9.8,38,5.0
"48155","0","10","70","0","2017","4","",69,392,375,385,2725284,293826,2571,546,"",1.00,1.00,1.00,1.00,1.00,1.00,1.00,1.00,"",-1,-1.4,43,12.3,24,6.8,32,9.1,193870,7.7,-5599,-1.9,-2464,-48.9,-9,-1.6
"48155","1","10","71","0","2017","4","",3,9,6,6,78867,0,0,867,"",7.25,1.19,0.84,0.81,1.05,0.00,0.00,1.11,"",0,0.0,-2,-18.2,-2,-25.0,-4,-40.0,-15172,-16.1,0,0.0,0,0.0,119,15.9
"48155","2","10","71","0","2017","4","",3,10,10,10,96772,0,0,744,"",6.21,0.79,0.83,0.81,1.09,0.00,0.00,1.34,"",0,0.0,0,0.0,0,0.0,0,0.0,2431,2.6,0,0.0,0,0.0,18,2.5
"48155","3","10","71","0","2017","4","",7,90,89,88,666724,15475,14,576,"",5.97,2.32,2.39,2.31,2.85,2.66,1.03,1.22,"",0,0.0,4,4.7,4,4.7,3,3.5,50069,8.1,-6011,-28.0,-392,-96.6,20,3.6
"48155","5","10","71","0","2017","4","",56,283,270,281,1882921,278351,2557,521,"",0.84,0.85,0.85,0.86,0.81,0.98,1.00,0.95,"",-1,-1.8,41,16.9,22,8.9,33,13.3,156542,9.1,412,0.1,-2072,-44.8,-19,-3.5
"48157","0","10","70","0","2017","4","",13554,180186,183957,185804,2416719265,179128576,3969888,1014,"",1.00,1.00,1.00,1.00,1.00,1.00,1.00,1.00,"",821,6.4,7219,4.2,8555,4.9,8229,4.6,191755749,8.6,17928820,11.1,1183987,42.5,38,3.9
"48157","1","10","71","0","2017","4","",32,781,801,891,15776672,0,0,1472,"",0.39,0.23,0.23,0.25,0.24,0.00,0.00,1.02,"",-2,-5.9,38,5.1,77,10.6,98,12.4,1165290,8.0,0,0.0,0,0.0,-20,-1.3
"48157","2","10","71","0","2017","4","",30,2721,2737,2737,32362399,0,0,911,"",0.32,0.47,0.46,0.46,0.41,0.00,0.00,0.88,"",-3,-9.1,-95,-3.4,-75,-2.7,-67,-2.4,1640719,5.3,0,0.0,0,0.0,70,8.3
"48157","3","10","71","0","2017","4","",87,20592,21800,22134,276313236,1392701,1506,988,"",0.38,1.15,1.19,1.20,1.33,0.39,0.07,1.12,"",-1,-1.1,752,3.8,1310,6.4,446,2.1,19395111,7.5,-53562,-3.7,-25779,-94.5,32,3.3
"48157","5","10","71","0","2017","4","",13405,156092,158619,160042,2092266958,177735875,3968382,1017,"",1.02,1.02,1.01,1.01,1.01,1.03,1.01,1.00,"",827,6.6,6524,4.4,7243,4.8,7752,5.1,169554629,8.8,17982382,11.3,1209766,43.9,38,3.9
"48159","0","10","70","0","2017","4","",229,2985,2990,2979,30029465,3531680,77437,774,"",1.00,1.00,1.00,1.00,1.00,1.00,1.00,1.00,"",3,1.3,47,1.6,47,1.6,64,2.2,1185221,4.1,712299,25.3,23781,44.3,17,2.2
"48159","1","10","71","0","2017","4","",3,19,16,15,205080,0,0,947,"",2.18,0.33,0.28,0.26,0.25,0.00,0.00,0.86,"",0,0.0,3,18.8,-2,-11.1,-3,-16.7,-22015,-9.7,0,0.0,0,0.0,-61,-6.1
"48159","2","10","71","0","2017","4","",8,27,24,26,375325,0,0,1125,"",4.99,0.28,0.25,0.27,0.38,0.00,0.00,1.43,"",0,0.0,0,0.0,-3,-11.1,-1,-3.7,17051,4.8,0,0.0,0,0.0,104,10.2
"48159","3","10","71","0","2017","4","",14,403,415,401,3654230,34421,33,692,"",3.60,1.36,1.40,1.36,1.42,0.49,0.08,1.03,"",0,0.0,-2,-0.5,-33,-7.4,-10,-2.4,41551,1.2,-34152,-49.8,-1269,-97.5,32,4.8
"48159","5","10","71","0","2017","4","",204,2536,2535,2537,25794830,3497259,77404,782,"",0.92,1.00,1.00,1.00,1.01,1.02,1.01,1.00,"",3,1.5,46,1.8,85,3.5,78,3.2,1148634,4.7,746451,27.1,25050,47.8,13,1.7
"48161","0","10","70","0","2017","4","",398,4858,4856,4843,51488270,3888410,86598,816,"",1.00,1.00,1.00,1.00,1.00,1.00,1.00,1.00,"",2,0.5,69,1.4,38,0.8,44,0.9,-1836026,-3.4,466391,13.6,27521,46.6,-38,-4.4
"48161","1","10","71","0","2017","4","",6,40,39,40,487539,0,0,945,"",2.51,0.43,0.42,0.43,0.34,0.00,0.00,0.81,"",0,0.0,3,8.1,0,0.0,1,2.6,10874,2.3,0,0.0,0,0.0,-12,-1.3
"48161","2","10","71","0","2017","4","",9,324,324,322,3586895,0,0,853,"",3.23,2.08,2.08,2.08,2.13,0.00,0.00,1.03,"",-1,-10.0,-10,-3.0,-13,-3.9,-21,-6.1,9344,0.3,0,0.0,0,0.0,39,4.8
"48161","3","10","71","0","2017","4","",29,943,947,945,8747573,54900,54,712,"",4.29,1.96,1.96,1.97,1.98,0.71,0.12,1.01,"",-1,-3.3,-34,-3.5,-32,-3.3,-28,-2.9,96923,1.1,21513,64.4,-579,-91.5,30,4.4
"48161","5","10","71","0","2017","4","",354,3551,3546,3536,38666263,3833510,86544,839,"",0.92,0.86,0.86,0.86,0.88,1.02,1.01,1.02,"",4,1.1,110,3.2,83,2.4,92,2.7,-1953167,-4.8,444878,13.1,28100,48.1,-67,-7.4
"48163","0","10","70","0","2017","4","",419,6813,6813,6802,84894750,5882028,230517,959,"",1.00,1.00,1.00,1.00,1.00,1.00,1.00,1.00,"",-4,-0.9,759,12.5,592,9.5,590,9.5,15071521,21.6,314748,5.7,78319,51.5,87,10.0
"48163","1","10","71","0","2017","4","",8,161,165,170,3806660,0,0,1771,"",3.18,1.23,1.27,1.30,1.63,0.00,0.00,1.29,"",1,14.3,19,13.4,19,13.0,22,14.9,610850,19.1,0,0.0,0,0.0,79,4.7
"48163","2","10","71","0","2017","4","",13,348,349,342,3887601,0,0,863,"",4.43,1.59,1.60,1.58,1.40,0.00,0.00,0.88,"",-1,-7.1,-12,-3.3,-3,-0.9,-18,-5.0,102988,2.7,0,0.0,0,0.0,48,5.9
"48163","3","10","71","0","2017","4","",23,966,959,968,8289021,45144,45,661,"",3.23,1.43,1.42,1.44,1.14,0.39,0.04,0.79,"",-1,-4.2,-53,-5.2,-65,-6.3,-55,-5.4,46914,0.6,-10877,-19.4,-1018,-95.8,41,6.6
"48163","5","10","71","0","2017","4","",375,5338,5340,5322,68911468,5836884,230472,994,"",0.92,0.92,0.92,0.92,0.95,1.03,1.01,1.03,"",-3,-0.8,805,17.8,641,13.6,641,13.7,14310769,26.2,325625,5.9,79337,52.5,88,9.7
"48165","0","10","70","0","2017","4","",623,6311,6331,6352,83374836,7720885,222047,1013,"",1.00,1.00,1.00,1.00,1.00,1.00,1.00,1.00,"",12,2.0,351,5.9,207,3.4,101,1.6,7378047,9.7,953872,14.1,88685,66.5,56,5.9
"48165","1","10","71","0","2017","4","",6,23,29,25,337524,0,0,1012,"",1.61,0.19,0.24,0.20,0.15,0.00,0.00,0.70,"",0,0.0,-1,-4.2,3,11.5,-6,-19.4,-24104,-6.7,0,0.0,0,0.0,-18,-1.7
"48165","2","10","71","0","2017","4","",7,24,24,24,299485,0,0,960,"",1.60,0.12,0.12,0.12,0.11,0.00,0.00,0.93,"",0,0.0,-1,-4.0,-1,-4.0,-1,-4.0,17810,6.3,0,0.0,0,0.0,93,10.7
"48165","3","10","71","0","2017","4","",33,1310,1320,1337,13824187,143285,143,804,"",3.12,2.09,2.10,2.13,1.93,0.94,0.12,0.91,"",0,0.0,-68,-4.9,-55,-4.0,-53,-3.8,43155,0.3,-78034,-35.3,-4061,-96.6,36,4.7
"48165","5","10","71","0","2017","4","",577,4954,4958,4966,68913640,7577600,221904,1069,"",0.95,0.92,0.92,0.92,0.97,1.01,1.01,1.05,"",12,2.1,421,9.3,260,5.5,161,3.4,7341186,11.9,1031906,15.8,92746,71.8,57,5.6
"48167","0","10","70","0","2017","4","",6278,109424,110706,110931,1354110734,92308957,2236040,944,"",1.00,1.00,1.00,1.00,1.00,1.00,1.00,1.00,"",86,1.4,517,0.5,1086,1.0,727,0.7,47250512,3.6,1226725,1.3,152414,7.3,27,2.9
"48167","1","10","71","0","2017","4","",32,962,951,1011,20464077,0,0,1615,"",0.85,0.46,0.45,0.47,0.55,0.00,0.00,1.20,"",1,3.2,27,2.9,4,0.4,45,4.7,1394047,7.3,0,0.0,0,0.0,70,4.5
"48167","2","10","71","0","2017","4","",32,13290,13246,13224,242652136,0,0,1408,"",0.73,3.78,3.74,3.74,5.49,0.00,0.00,1.46,"",-10,-23.8,597,4.7,405,3.2,379,3.0,23655129,10.8,0,0.0,0,0.0,91,6.9
"48167","3","10","71","0","2017","4","",139,14805,14936,14882,170703849,372242,364,883,"",1.30,1.37,1.36,1.36,1.47,0.20,0.03,1.08,"",1,0.7,164,1.1,98,0.7,153,1.0,6004314,3.6,-69933,-15.8,-8030,-95.7,23,2.7
"48167","5","10","71","0","2017","4","",6075,80367,81573,81814,920290672,91936715,2235676,871,"",1.00,0.86,0.87,0.87,0.80,1.03,1.01,0.92,"",94,1.6,-271,-0.3,579,0.7,150,0.2,16197022,1.8,1296658,1.4,160444,7.7,13,1.5
"48169","0","10","70","0","2017","4","",199,1829,1830,1854,18509359,2433912,84664,775,"",1.00,1.00,1.00,1.00,1.00,1.00,1.00,1.00,"",0,0.0,14,0.8,-2,-0.1,9,0.5,420030,2.3,502409,26.0,41707,97.1,15,2.0
"48169","1","10","71","0","2017","4","",3,10,11,10,155957,0,0,1161,"",2.51,0.28,0.31,0.28,0.31,0.00,0.00,1.05,"",0,0.0,-4,-28.6,0,0.0,-5,-33.3,-12949,-7.7,0,0.0,0,0.0,187,19.2
"48169","2","10","71","0","2017","4","",5,23,25,27,346739,0,0,1067,"",3.59,0.39,0.43,0.46,0.57,0.00,0.00,1.35,"",-1,-16.7,-3,-11.5,-1,-3.8,1,3.8,48593,16.3,0,0.0,0,0.0,185,21.0
"48169","3","10","71","0","2017","4","",22,336,345,343,3033043,44548,43,684,"",6.50,1.85,1.90,1.87,1.91,0.92,0.10,1.02,"",0,0.0,6,1.8,13,3.9,15,4.6,111442,3.8,31881,251.7,-197,-82.1,3,0.4
"48169","5","10","71","0","2017","4","",169,1460,1449,1474,14973620,2389364,84621,788,"",0.88,0.94,0.93,0.94,0.95,1.01,1.01,1.01,"",1,0.6,15,1.0,-14,-1.0,-2,-0.1,272944,1.9,470528,24.5,41904,98.1,14,1.8
"48171","0","10","70","0","2017","4","",1076,10508,10725,10822,107129523,9404853,112935,771,"",1.00,1.00,1.00,1.00,1.00,1.00,1.00,1.00,"",12,1.1,114,1.1,166,1.6,294,2.8,3794600,3.7,-39046,-0.4,13231,13.3,14,1.8
"48171","1","10","71","0","2017","4","",7,50,43,44,686454,0,0,1156,"",1.08,0.25,0.21,0.21,0.23,0.00,0.00,1.05,"",0,0.0,0,0.0,-3,-6.5,-12,-21.4,-12738,-1.8,0,0.0,0,0.0,94,8.9
"48171","2","10","71","0","2017","4","",10,91,94,94,1011686,0,0,837,"",1.33,0.27,0.27,0.27,0.29,0.00,0.00,1.06,"",-1,-9.1,-6,-6.2,-1,-1.1,-1,-1.1,-53515,-5.0,0,0.0,0,0.0,-20,-2.3
"48171","3","10","71","0","2017","4","",42,1061,1076,1077,11488875,32290,31,825,"",2.30,1.02,1.01,1.01,1.25,0.17,0.05,1.23,"",0,0.0,-18,-1.7,-12,-1.1,-1,-0.1,-67294,-0.6,-5687,-15.0,-690,-95.7,3,0.4
"48171","5","10","71","0","2017","4","",1017,9306,9512,9607,93942508,9372563,112904,763,"",0.97,1.04,1.04,1.04,1.03,1.03,1.01,0.98,"",13,1.3,138,1.5,182,2.0,308,3.3,3928147,4.4,-33359,-0.4,13921,14.1,16,2.1
"48173","0","10","70","0","2017","4","",119,629,618,641,8043660,997058,26516,983,"",1.00,1.00,1.00,1.00,1.00,1.00,1.00,1.00,"",3,2.6,55,9.6,44,7.7,58,9.9,1888990,30.7,299061,42.8,5281,24.9,162,19.7
"48173","1","10","71","0","2017","4","",2,9,4,4,66233,0,0,899,"",2.80,0.74,0.34,0.32,0.30,0.00,0.00,0.64,"",0,0.0,1,12.5,-2,-33.3,-6,-60.0,-7615,-10.3,0,0.0,0,0.0,189,26.6
"48173","2","10","71","0","2017","4","N",3,0,0,0,0,0,0,0,"N",3.60,0,0,0,0,0,0,0,"N",0,0.0,0,0,0,0,0,0,0,0,0,0,0,0,0,0
"48173","3","10","71","0","2017","4","N",4,0,0,0,0,0,0,0,"N",1.98,0,0,0,0,0,0,0,"N",0,0.0,0,0,0,0,0,0,0,0,0,0,0,0,0,0
"48173","5","10","71","0","2017","4","",110,482,477,499,6745084,992449,26512,1068,"",0.95,0.90,0.91,0.92,0.98,1.03,1.01,1.08,"",3,2.8,52,12.1,47,10.9,69,16.0,1856769,38.0,295362,42.4,5294,25.0,194,22.2
"48175","0","10","70","0","2017","4","",160,1306,1299,1297,11383022,1053850,15304,673,"",1.00,1.00,1.00,1.00,1.00,1.00,1.00,1.00,"",0,0.0,47,3.7,17,1.3,43,3.4,1367903,13.7,155596,17.3,-1686,-9.9,64,10.5
"48175","1","10","71","0","2017","4","",6,15,14,14,163492,0,0,877,"",6.25,0.60,0.56,0.56,0.52,0.00,0.00,0.91,"",0,0.0,-1,-6.2,-1,-6.7,-2,-12.5,6425,4.1,0,0.0,0,0.0,106,13.7
"48175","2","10","71","0","2017","4","",6,31,31,31,605630,0,0,1503,"",5.35,0.74,0.75,0.75,1.63,0.00,0.00,2.19,"",0,0.0,-1,-3.1,-1,-3.1,-1,-3.1,219286,56.8,0,0.0,0,0.0,574,61.8
"48175","3","10","71","0","2017","4","",19,367,373,373,3396583,32728,31,704,"",6.99,2.84,2.89,2.91,3.47,1.57,0.38,1.21,"",0,0.0,-31,-7.8,-23,-5.8,-26,-6.5,-162110,-4.6,3481,11.9,-522,-94.4,16,2.3
"48175","5","10","71","0","2017","4","",129,893,881,879,7217317,1021122,15273,628,"",0.83,0.80,0.80,0.80,0.74,1.00,1.00,0.93,"",0,0.0,80,9.8,42,5.0,72,8.9,1304302,22.1,152115,17.5,-1164,-7.1,73,13.2
"48177","0","10","70","0","2017","4","",539,7058,7051,7118,73405150,5011153,76225,798,"",1.00,1.00,1.00,1.00,1.00,1.00,1.00,1.00,"",0,0.0,-87,-1.2,-77,-1.1,-43,-0.6,3994898,5.8,-290669,-5.5,12867,20.3,51,6.8
"48177","1","10","71","0","2017","4","",10,69,62,58,881902,0,0,1077,"",3.09,0.51,0.46,0.42,0.44,0.00,0.00,0.94,"",-1,-9.1,9,15.0,1,1.6,-5,-7.9,44666,5.3,0,0.0,0,0.0,27,2.6
"48177","2","10","71","0","2017","4","",11,65,66,67,906522,0,0,1057,"",2.91,0.29,0.29,0.30,0.38,0.00,0.00,1.30,"",0,0.0,2,3.2,4,6.5,5,8.1,39850,4.6,0,0.0,0,0.0,-13,-1.2
"48177","3","10","71","0","2017","4","",46,1442,1447,1444,14265211,246510,242,760,"",5.02,2.06,2.07,2.05,2.26,2.48,0.60,1.10,"",0,0.0,-37,-2.5,-18,-1.2,-9,-0.6,98294,0.7,-65816,-21.1,-5687,-95.9,16,2.2
"48177","5","10","71","0","2017","4","",472,5482,5476,5549,57351515,4764643,75983,802,"",0.90,0.91,0.91,0.92,0.92,0.98,1.00,1.00,"",1,0.2,-61,-1.1,-64,-1.2,-34,-0.6,3812088,7.1,-224853,-4.5,18554,32.3,61,8.2
"48179","0","10","70","0","2017","4","",608,7672,7679,7717,95543698,5734766,144004,956,"",1.00,1.00,1.00,1.00,1.00,1.00,1.00,1.00,"",-11,-1.8,31,0.4,31,0.4,71,0.9,6834442,7.7,623746,12.2,81218,129.4,63,7.1
"48179","1","10","71","0","2017","4","",5,39,38,39,540569,0,0,1075,"",1.37,0.26,0.26,0.26,0.21,0.00,0.00,0.79,"",-1,-16.7,-5,-11.4,-3,-7.3,-10,-20.4,-34594,-6.0,0,0.0,0,0.0,84,8.5
"48179","2","10","71","0","2017","4","",14,418,413,409,4898656,0,0,912,"",3.29,1.70,1.68,1.66,1.57,0.00,0.00,0.94,"",-1,-6.7,-23,-5.2,-26,-5.9,-30,-6.8,115263,2.4,0,0.0,0,0.0,75,9.0
"48179","3","10","71","0","2017","4","",32,1062,1078,1074,9708505,8419,8,697,"",3.10,1.40,1.41,1.41,1.18,0.07,0.01,0.84,"",0,0.0,-69,-6.1,-59,-5.2,-51,-4.5,-336901,-3.4,-6121,-42.1,-267,-97.1,14,2.0
"48179","5","10","71","0","2017","4","",557,6153,6150,6195,80395968,5726347,143996,1003,"",0.94,0.94,0.94,0.94,0.99,1.03,1.01,1.04,"",-9,-1.6,128,2.1,119,2.0,162,2.7,7090674,9.7,629867,12.4,81485,130.4,68,7.3
"48181","0","10","70","0","2017","4","",3086,45878,46221,45972,509370588,42284870,860670,851,"",1.00,1.00,1.00,1.00,1.00,1.00,1.00,1.00,"",10,0.3,146,0.3,284,0.6,-37,-0.1,19687943,4.0,1176926,2.9,106335,14.1,30,3.7
"48181","1","10","71","0","2017","4","",25,328,323,319,5823429,0,0,1385,"",1.35,0.37,0.37,0.36,0.42,0.00,0.00,1.14,"",0,0.0,-9,-2.7,-11,-3.3,-19,-5.6,307229,5.6,0,0.0,0,0.0,123,9.7
"48181","2","10","71","0","2017","4","",14,209,207,207,2763036,0,0,1023,"",0.65,0.14,0.14,0.14,0.17,0.00,0.00,1.18,"",-1,-6.7,-3,-1.4,-5,-2.4,-6,-2.8,48762,1.8,0,0.0,0,0.0,40,4.1
"48181","3","10","71","0","2017","4","",91,6468,6527,6496,62565323,462849,454,741,"",1.73,1.42,1.42,1.43,1.43,0.55,0.10,1.00,"",2,2.2,70,1.1,45,0.7,114,1.8,2517382,4.2,163831,54.8,-5221,-92.0,22,3.1
"48181","5","10","71","0","2017","4","",2956,38873,39164,38950,438218800,41822021,860216,864,"",0.99,1.00,1.00,1.00,1.01,1.02,1.01,1.01,"",9,0.3,88,0.2,255,0.7,-126,-0.3,16814570,4.0,1013095,2.5,111556,14.9,31,3.7
"48183","0","10","70","0","2017","4","",4284,73714,73937,74311,905636773,74701738,2701154,942,"",1.00,1.00,1.00,1.00,1.00,1.00,1.00,1.00,"",17,0.4,-628,-0.8,-379,-0.5,224,0.3,73155215,8.8,6584202,9.7,646815,31.5,80,9.3
"48183","1","10","71","0","2017","4","",18,343,348,347,6084518,0,0,1353,"",0.70,0.24,0.25,0.24,0.24,0.00,0.00,1.00,"",-1,-5.3,-8,-2.3,8,2.4,-7,-2.0,84004,1.4,0,0.0,0,0.0,28,2.1
"48183","2","10","71","0","2017","4","",19,357,357,358,4689952,0,0,1010,"",0.63,0.15,0.15,0.15,0.16,0.00,0.00,1.05,"",-1,-5.0,-3,-0.8,-2,-0.6,-2,-0.6,246457,5.5,0,0.0,0,0.0,60,6.3
"48183","3","10","71","0","2017","4","",94,6892,6940,7000,69735186,379465,375,773,"",1.29,0.94,0.95,0.95,0.90,0.26,0.03,0.95,"",12,14.6,42,0.6,28,0.4,125,1.8,1701506,2.5,3902,1.0,-6758,-94.7,12,1.6
"48183","5","10","71","0","2017","4","",4153,66122,66292,66606,825127117,74322273,2700779,957,"",1.00,1.06,1.06,1.05,1.07,1.03,1.01,1.01,"",7,0.2,-659,-1.0,-413,-0.6,108,0.2,71123248,9.4,6580300,9.7,653573,31.9,87,10.0
"48185","0","10","70","0","2017","4","",510,7380,7290,7056,90890114,5410098,134976,965,"",1.00,1.00,1.00,1.00,1.00,1.00,1.00,1.00,"",12,2.4,238,3.3,159,2.2,100,1.4,8379012,10.2,1107501,25.7,55922,70.7,68,7.6
"48185","1","10","71","0","2017","4","",8,49,51,54,720286,0,0,1079,"",2.62,0.34,0.37,0.40,0.29,0.00,0.00,0.78,"",0,0.0,-3,-5.8,-1,-1.9,1,1.9,24770,3.6,0,0.0,0,0.0,57,5.6
"48185","2","10","71","0","2017","4","",15,664,663,654,7343251,0,0,855,"",4.20,2.80,2.84,2.91,2.47,0.00,0.00,0.87,"",-2,-11.8,-29,-4.2,-29,-4.2,-30,-4.4,-287086,-3.8,0,0.0,0,0.0,4,0.5
"48185","3","10","71","0","2017","4","",26,1110,1048,1071,14750545,8189,8,1054,"",3.00,1.52,1.45,1.53,1.89,0.08,0.01,1.26,"",0,0.0,-30,-2.6,-96,-8.4,-75,-6.5,2458544,20.0,2358,40.4,-103,-92.8,227,27.4
"48185","5","10","71","0","2017","4","",461,5557,5528,5277,68076032,5401909,134968,960,"",0.93,0.89,0.89,0.88,0.88,1.03,1.01,0.99,"",14,3.1,300,5.7,285,5.4,204,4.0,6182784,10.0,1105143,25.7,56025,71.0,43,4.7
"48187","0","10","70","0","2017","4","",2169,41057,41858,41753,455281388,44481859,847698,843,"",1.00,1.00,1.00,1.00,1.00,1.00,1.00,1.00,"",74,3.5,1869,4.8,1662,4.1,1901,4.8,38899362,9.3,2466521,5.9,259437,44.1,37,4.6
"48187","1","10","71","0","2017","4","",16,227,221,229,3520445,0,0,1200,"",1.23,0.29,0.28,0.28,0.28,0.00,0.00,1.00,"",-1,-5.9,11,5.1,2,0.9,-12,-5.0,89523,2.6,0,0.0,0,0.0,29,2.5
"48187","2","10","71","0","2017","4","",14,160,162,162,2080827,0,0,992,"",0.92,0.12,0.12,0.12,0.14,0.00,0.00,1.15,"",0,0.0,-2,-1.2,0,0.0,-1,-0.6,15350,0.7,0,0.0,0,0.0,13,1.3
"48187","3","10","71","0","2017","4","",72,6145,6211,6189,69865751,125518,125,869,"",1.95,1.51,1.49,1.50,1.78,0.14,0.03,1.19,"",-2,-2.7,55,0.9,83,1.4,45,0.7,2069268,3.1,-26952,-17.7,-2771,-95.7,17,2.0
"48187","5","10","71","0","2017","4","",2067,34525,35264,35173,379814365,44356341,847573,835,"",0.98,0.99,0.99,0.99,0.98,1.03,1.01,0.99,"",77,3.9,1805,5.5,1577,4.7,1869,5.6,36725221,10.7,2493473,6.0,262208,44.8,41,5.2
"48189","0","10","70","0","2017","4","",894,12127,12569,12461,119764793,13035769,297811,744,"",1.00,1.00,1.00,1.00,1.00,1.00,1.00,1.00,"",5,0.6,166,1.4,357,2.9,371,3.1,9261480,8.4,1162920,9.8,64525,27.7,41,5.8
"48189","1","10","71","0","2017","4","",10,74,76,75,1043170,0,0,1070,"",1.86,0.32,0.32,0.31,0.32,0.00,0.00,1.01,"",0,0.0,-4,-5.1,0,0.0,-2,-2.6,58321,5.9,0,0.0,0,0.0,86,8.7
"48189","2","10","71","0","2017","4","",15,509,522,526,5878349,0,0,871,"",2.39,1.31,1.30,1.32,1.50,0.00,0.00,1.15,"",-1,-6.2,-9,-1.7,7,1.4,9,1.7,227523,4.0,0,0.0,0,0.0,30,3.6
"48189","3","10","71","0","2017","4","",42,1844,1863,1844,17288477,150519,146,719,"",2.76,1.53,1.49,1.50,1.68,0.58,0.09,1.11,"",-1,-2.3,40,2.2,0,0.0,24,1.3,246584,1.4,-52080,-25.7,-3701,-96.2,2,0.3
"48189","5","10","71","0","2017","4","",827,9700,10108,10016,95554797,12885250,297665,739,"",0.95,0.94,0.95,0.95,0.93,1.02,1.01,0.99,"",7,0.9,139,1.5,350,3.6,340,3.5,8729052,10.1,1215000,10.4,68226,29.7,48,6.9
"48191","0","10","70","0","2017","4","",118,788,839,851,6144581,791746,17827,572,"",1.00,1.00,1.00,1.00,1.00,1.00,1.00,1.00,"",2,1.7,29,3.8,40,5.0,55,6.9,166001,2.8,-29841,-3.6,-2317,-11.5,-14,-2.4
"48191","1","10","71","0","2017","4","",6,14,17,19,169912,0,0,784,"",8.48,0.92,1.06,1.16,1.01,0.00,0.00,0.96,"",1,20.0,-3,-17.6,4,30.8,1,5.6,-1398,-0.8,0,0.0,0,0.0,-40,-4.9
"48191","2","10","71","0","2017","4","",5,15,15,16,188327,0,0,945,"",6.05,0.59,0.56,0.59,0.94,0.00,0.00,1.62,"",0,0.0,0,0.0,0,0.0,1,6.7,16403,9.5,0,0.0,0,0.0,63,7.1
"48191","3","10","71","0","2017","4","",22,237,237,242,1756044,23344,21,566,"",10.97,3.04,2.84,2.87,3.32,1.49,0.22,1.14,"",0,0.0,-5,-2.1,-1,-0.4,6,2.5,27472,1.6,-3744,-13.8,-492,-95.9,9,1.6
"48191","5","10","71","0","2017","4","",85,522,570,574,4030298,768402,17806,558,"",0.74,0.78,0.80,0.79,0.77,1.00,1.01,0.97,"",1,1.2,37,7.6,37,6.9,47,8.9,123524,3.2,-26097,-3.3,-1825,-9.3,-26,-4.5
"48193","0","10","70","0","2017","4","",249,2487,2468,2510,22783308,1869874,24589,704,"",1.00,1.00,1.00,1.00,1.00,1.00,1.00,1.00,"",8,3.3,37,1.5,25,1.0,82,3.4,1358300,6.3,46091,2.5,-1516,-5.8,29,4.3
"48193","1","10","71","0","2017","4","",5,29,28,27,328944,0,0,904,"",3.35,0.61,0.59,0.56,0.53,0.00,0.00,0.90,"",0,0.0,0,0.0,-2,-6.7,-6,-18.2,-9447,-2.8,0,0.0,0,0.0,55,6.5
"48193","2","10","71","0","2017","4","",9,56,57,58,702740,0,0,948,"",5.16,0.70,0.72,0.72,0.94,0.00,0.00,1.32,"",0,0.0,-1,-1.8,-1,-1.7,1,1.8,-71846,-9.3,0,0.0,0,0.0,-91,-8.8
"48193","3","10","71","0","2017","4","",19,656,657,657,5922847,7089,6,694,"",4.49,2.66,2.68,2.64,3.02,0.19,0.05,1.14,"",0,0.0,10,1.5,17,2.7,14,2.2,422180,7.7,-325,-4.4,-135,-95.7,36,5.5
"48193","5","10","71","0","2017","4","",216,1746,1726,1768,15828777,1862785,24583,697,"",0.89,0.83,0.82,0.83,0.81,1.03,1.01,0.98,"",8,3.8,28,1.6,11,0.6,73,4.3,1017413,6.9,46416,2.6,-1381,-5.3,30,4.5
"48195","0","10","70","0","2017","4","",236,2224,2258,2279,29572463,1737356,26616,1009,"",1.00,1.00,1.00,1.00,1.00,1.00,1.00,1.00,"",-1,-0.4,58,2.7,98,4.5,111,5.1,4052227,15.9,247711,16.6,9902,59.2,102,11.2
"48195","1","10","71","0","2017","4","",5,15,15,15,220921,0,0,1133,"",3.53,0.35,0.35,0.34,0.27,0.00,0.00,0.79,"",0,0.0,-4,-21.1,0,0.0,-4,-21.1,27395,14.2,0,0.0,0,0.0,290,34.4
"48195","2","10","71","0","2017","4","",5,14,14,13,145752,0,0,820,"",3.02,0.20,0.19,0.18,0.15,0.00,0.00,0.80,"",1,25.0,3,27.3,3,27.3,2,18.2,36120,32.9,0,0.0,0,0.0,53,6.9
"48195","3","10","71","0","2017","4","",17,628,632,636,5425278,900,0,660,"",4.24,2.85,2.82,2.82,2.13,0.03,0.00,0.75,"",0,0.0,-7,-1.1,-10,-1.6,5,0.8,140852,2.7,900,100.0,0,0.0,21,3.3
"48195","5","10","71","0","2017","4","",209,1567,1597,1615,23780512,1736456,26616,1148,"",0.91,0.83,0.83,0.83,0.94,1.03,1.01,1.13,"",-2,-0.9,66,4.4,105,7.0,108,7.2,3847860,19.3,246811,16.6,9902,59.2,126,12.3
"48197","0","10","70","0","2017","4","",128,1226,1205,1213,11123787,966337,13632,704,"",1.00,1.00,1.00,1.00,1.00,1.00,1.00,1.00,"",-5,-3.8,32,2.7,17,1.4,-4,-0.3,649279,6.2,158918,19.7,3157,30.1,32,4.8
"48197","1","10","71","0","2017","4","",4,21,15,16,197379,0,0,876,"",5.21,0.89,0.65,0.68,0.65,0.00,0.00,0.87,"",0,0.0,0,0.0,-5,-25.0,-4,-20.0,7812,4.1,0,0.0,0,0.0,159,22.2
"48197","2","10","71","0","2017","4","",5,19,18,17,240274,0,0,1027,"",5.57,0.48,0.47,0.44,0.66,0.00,0.00,1.43,"",-2,-28.6,-4,-17.4,-5,-21.7,-5,-22.7,-14523,-5.7,0,0.0,0,0.0,162,18.7
"48197","3","10","71","0","2017","4","",21,390,390,383,3579782,64979,64,710,"",9.65,3.21,3.26,3.19,3.74,3.40,0.89,1.16,"",0,0.0,11,2.9,7,1.8,-2,-0.5,89446,2.6,-1992,-3.0,-1206,-95.0,8,1.1
"48197","5","10","71","0","2017","4","",98,796,782,797,7106352,901358,13568,690,"",0.79,0.76,0.76,0.77,0.75,0.96,1.00,0.97,"",-3,-3.0,25,3.2,20,2.6,7,0.9,566544,8.7,160910,21.7,4363,47.4,40,6.2
"48199","0","10","70","0","2017","4","",883,12619,12632,12649,138746174,15392214,398400,845,"",1.00,1.00,1.00,1.00,1.00,1.00,1.00,1.00,"",24,2.8,-79,-0.6,-137,-1.1,-199,-1.5,2747806,2.0,645368,4.4,19608,5.2,26,3.2
"48199","1","10","71","0","2017","4","",11,67,67,66,979325,0,0,1130,"",2.08,0.28,0.28,0.27,0.26,0.00,0.00,0.94,"",1,10.0,-1,-1.5,0,0.0,0,0.0,46442,5.0,0,0.0,0,0.0,59,5.5
"48199","2","10","71","0","2017","4","",9,70,72,70,840022,0,0,914,"",1.45,0.17,0.18,0.17,0.19,0.00,0.00,1.06,"",0,0.0,-1,-1.4,1,1.4,-1,-1.4,3365,0.4,0,0.0,0,0.0,8,0.9
"48199","3","10","71","0","2017","4","",35,2184,2228,2224,19195564,200284,197,668,"",2.33,1.75,1.78,1.78,1.61,0.66,0.09,0.91,"",0,0.0,-53,-2.4,-35,-1.5,-36,-1.6,558385,3.0,45035,29.0,-2751,-93.3,32,5.0
"48199","5","10","71","0","2017","4","",828,10298,10265,10289,117731263,15191930,398203,881,"",0.97,0.96,0.96,0.96,0.99,1.02,1.01,1.04,"",23,2.9,-24,-0.2,-103,-1.0,-162,-1.6,2139614,1.9,600333,4.1,22359,5.9,24,2.8
"48201","0","10","70","0","2017","4","",115844,2285532,2296055,2298852,40279274684,2096082930,61961737,1351,"",1.00,1.00,1.00,1.00,1.00,1.00,1.00,1.00,"",1673,1.5,18268,0.8,25150,1.1,27941,1.2,1346079537,3.5,127473318,6.5,13124536,26.9,31,2.3
"48201","1","10","71","0","2017","4","",179,25129,25075,25502,586240209,0,0,1787,"",0.26,0.57,0.57,0.58,0.53,0.00,0.00,0.92,"",-1,-0.6,246,1.0,127,0.5,-21,-0.1,25573219,4.6,0,0.0,0,0.0,70,4.1
"48201","2","10","71","0","2017","4","",71,51293,51375,51442,1055764310,0,0,1581,"",0.09,0.70,0.70,0.70,0.80,0.00,0.00,1.15,"",-1,-1.4,533,1.1,526,1.0,546,1.1,12474677,1.2,0,0.0,0,0.0,2,0.1
"48201","3","10","71","0","2017","4","",304,200703,202195,202331,2603773860,2098125,2071,993,"",0.15,0.89,0.89,0.89,0.75,0.05,0.01,0.85,"",1,0.3,583,0.3,842,0.4,1155,0.6,86250552,3.4,-158066,-7.0,-40774,-95.2,29,3.0
"48201","5","10","71","0","2017","4","",115290,2008407,2017410,2019577,36033496305,2093984805,61959666,1375,"",1.03,1.03,1.03,1.03,1.05,1.03,1.01,1.01,"",1674,1.5,16906,0.8,23655,1.2,26261,1.3,1221781089,3.5,127631384,6.5,13165310,27.0,31,2.3
"48203","0","10","70","0","2017","4","",1383,22958,23028,23066,280660486,18937147,665881,938,"",1.00,1.00,1.00,1.00,1.00,1.00,1.00,1.00,"",6,0.4,-294,-1.3,-202,-0.9,140,0.6,4846678,1.8,2375768,14.3,240784,56.6,21,2.3
"48203","1","10","71","0","2017","4","",15,124,120,119,1806191,0,0,1148,"",1.81,0.28,0.27,0.27,0.23,0.00,0.00,0.86,"",0,0.0,0,0.0,-1,-0.8,-9,-7.0,39832,2.3,0,0.0,0,0.0,55,5.0
"48203","2","10","71","0","2017","4","",16,270,272,279,3466276,0,0,974,"",1.65,0.37,0.37,0.38,0.38,0.00,0.00,1.02,"",-2,-11.1,-31,-10.3,-35,-11.4,-30,-9.7,-151841,-4.2,0,0.0,0,0.0,63,6.9
"48203","3","10","71","0","2017","4","",35,2809,2834,2840,25864216,135088,132,704,"",1.49,1.23,1.24,1.24,1.07,0.36,0.04,0.87,"",2,6.1,-67,-2.3,-50,-1.7,-31,-1.1,266974,1.0,179,0.1,-2429,-94.8,20,2.9
"48203","5","10","71","0","2017","4","",1317,19755,19802,19828,249523803,18802059,665749,970,"",0.98,1.01,1.01,1.01,1.04,1.03,1.01,1.03,"",6,0.5,-196,-1.0,-116,-0.6,210,1.1,4691713,1.9,2375589,14.5,243213,57.6,20,2.1
"48205","0","10","70","0","2017","4","",163,2693,2624,2639,28088403,2764555,36790,815,"",1.00,1.00,1.00,1.00,1.00,1.00,1.00,1.00,"",3,1.9,80,3.1,143,5.8,163,6.6,2764373,10.9,424848,18.2,-5444,-12.9,43,5.6
"48205","1","10","71","0","2017","4","",4,5,5,5,63591,0,0,978,"",4.09,0.10,0.10,0.10,0.08,0.00,0.00,0.84,"",0,0.0,-1,-16.7,-1,-16.7,-4,-44.4,-3080,-4.6,0,0.0,0,0.0,245,33.4
"48205","2","10","71","0","2017","4","N",4,0,0,0,0,0,0,0,"N",3.50,0,0,0,0,0,0,0,"N",0,0.0,0,0,0,0,0,0,0,0,0,0,0,0,0,0
"48205","3","10","71","0","2017","4","N",7,0,0,0,0,0,0,0,"N",2.53,0,0,0,0,0,0,0,"N",0,0.0,0,0,0,0,0,0,0,0,0,0,0,0,0,0
"48205","5","10","71","0","2017","4","",148,1931,1844,1865,19851035,2582698,36609,812,"",0.94,0.84,0.83,0.83,0.83,0.97,1.00,0.99,"",3,2.1,126,7.0,189,11.4,203,12.2,2401963,13.8,392441,17.9,-2786,-7.1,26,3.3
"48207","0","10","70","0","2017","4","",234,1599,1624,1651,15072647,1514514,23449,714,"",1.00,1.00,1.00,1.00,1.00,1.00,1.00,1.00,"",2,0.9,-70,-4.2,-76,-4.5,-102,-5.8,42485,0.3,-341839,-18.4,-14581,-38.3,37,5.5
"48207","1","10","71","0","2017","4","",8,27,24,25,297439,0,0,903,"",5.70,0.88,0.77,0.79,0.72,0.00,0.00,0.88,"",0,0.0,1,3.8,-4,-14.3,-3,-10.7,7835,2.7,0,0.0,0,0.0,88,10.8
"48207","2","10","71","0","2017","4","",8,36,36,36,522872,0,0,1117,"",4.88,0.70,0.69,0.68,1.06,0.00,0.00,1.53,"",0,0.0,-2,-5.3,-1,-2.7,-1,-2.7,18596,3.7,0,0.0,0,0.0,78,7.5
"48207","3","10","71","0","2017","4","",27,405,414,413,3496029,50761,46,655,"",6.79,2.56,2.57,2.53,2.70,1.69,0.37,1.06,"",0,0.0,-3,-0.7,6,1.5,4,1.0,21746,0.6,-69951,-57.9,-2244,-98.0,1,0.2
"48207","5","10","71","0","2017","4","",191,1131,1150,1177,10756307,1463753,23403,718,"",0.84,0.83,0.83,0.84,0.84,1.00,1.00,1.00,"",2,1.1,-66,-5.5,-77,-6.3,-102,-8.0,-5692,-0.1,-271888,-15.7,-12337,-34.5,47,7.0
"48209","0","10","70","0","2017","4","",4297,68930,70299,70087,709828357,66530130,1142597,783,"",1.00,1.00,1.00,1.00,1.00,1.00,1.00,1.00,"",185,4.5,3454,5.3,3610,5.4,3374,5.1,55186959,8.4,7408535,12.5,211817,22.8,23,3.0
"48209","1","10","71","0","2017","4","",13,252,252,259,3940740,0,0,1192,"",0.50,0.19,0.19,0.19,0.20,0.00,0.00,1.06,"",1,8.3,30,13.5,17,7.2,18,7.5,365408,10.2,0,0.0,0,0.0,10,0.8
"48209","2","10","71","0","2017","4","N",15,0,0,0,0,0,0,0,"N",0.50,0,0,0,0,0,0,0,"N",0,0.0,0,0,0,0,0,0,0,0,0,0,0,0,0,0
"48209","3","10","71","0","2017","4","N",71,0,0,0,0,0,0,0,"N",0.97,0,0,0,0,0,0,0,"N",0,0.0,0,0,0,0,0,0,0,0,0,0,0,0,0,0
"48209","5","10","71","0","2017","4","",4198,55205,56543,56419,549533705,66085466,1142157,754,"",1.01,0.94,0.95,0.95,0.91,1.03,1.01,0.96,"",184,4.6,2989,5.7,3212,6.0,3059,5.7,47102991,9.4,7380825,12.6,219293,23.8,24,3.3
"48211","0","10","70","0","2017","4","",218,2244,2433,2325,34516510,2347159,51395,1138,"",1.00,1.00,1.00,1.00,1.00,1.00,1.00,1.00,"",-10,-4.4,175,8.5,363,17.5,228,10.9,4965925,16.8,523086,28.7,13263,34.8,44,4.0
"48211","1","10","71","0","2017","4","",4,14,9,9,115001,0,0,829,"",3.06,0.32,0.19,0.20,0.12,0.00,0.00,0.51,"",0,0.0,2,16.7,-1,-10.0,-3,-25.0,5452,5.0,0,0.0,0,0.0,85,11.4
"48211","2","10","71","0","2017","4","",6,22,22,20,266646,0,0,961,"",3.93,0.31,0.28,0.27,0.24,0.00,0.00,0.83,"",0,0.0,2,10.0,2,10.0,0,0.0,51056,23.7,0,0.0,0,0.0,132,15.9
"48211","3","10","71","0","2017","4","",17,454,455,453,4625251,6505,6,784,"",4.59,2.04,1.88,1.97,1.56,0.14,0.02,0.79,"",-2,-10.5,3,0.7,-2,-0.4,-5,-1.1,98379,2.2,-16150,-71.3,-424,-98.6,19,2.5
"48211","5","10","71","0","2017","4","",191,1754,1947,1843,29509612,2340654,51389,1228,"",0.90,0.92,0.94,0.93,1.00,1.03,1.01,1.07,"",-8,-4.0,168,10.6,364,23.0,236,14.7,4811038,19.5,539236,29.9,13687,36.3,35,2.9
"48213","0","10","70","0","2017","4","",1501,16958,17043,17004,160432539,13862553,244389,726,"",1.00,1.00,1.00,1.00,1.00,1.00,1.00,1.00,"",38,2.6,18,0.1,-146,-0.8,27,0.2,13189013,9.0,373107,2.8,41163,20.3,61,9.2
"48213","1","10","71","0","2017","4","",13,84,89,89,1217393,0,0,1072,"",1.44,0.26,0.27,0.27,0.28,0.00,0.00,1.03,"",-1,-7.1,-3,-3.4,4,4.7,3,3.5,47418,4.1,0,0.0,0,0.0,26,2.5
"48213","2","10","71","0","2017","4","",12,295,297,300,3307105,0,0,856,"",1.14,0.54,0.54,0.55,0.63,0.00,0.00,1.16,"",0,0.0,-10,-3.3,-7,-2.3,-6,-2.0,-39764,-1.2,0,0.0,0,0.0,12,1.4
"48213","3","10","71","0","2017","4","",68,3080,3169,3095,29223898,257016,248,722,"",2.67,1.83,1.87,1.84,2.12,0.94,0.19,1.15,"",0,0.0,-60,-1.9,-126,-3.8,-26,-0.8,509907,1.8,-33917,-11.7,-5272,-95.5,29,4.2
"48213","5","10","71","0","2017","4","",1408,13499,13488,13520,126684143,13605537,244141,722,"",0.97,0.94,0.93,0.94,0.92,1.01,1.01,0.99,"",39,2.8,91,0.7,-17,-0.1,56,0.4,12671452,11.1,407024,3.1,46435,23.5,70,10.7
"48215","0","10","70","0","2017","4","",12452,256044,259672,261813,2238231600,219280044,4489962,664,"",1.00,1.00,1.00,1.00,1.00,1.00,1.00,1.00,"",214,1.7,4625,1.8,5214,2.0,5595,2.2,99458183,4.7,10097944,4.8,538839,13.6,16,2.5
"48215","1","10","71","0","2017","4","",60,4389,4390,4398,94892551,0,0,1662,"",0.80,0.89,0.88,0.87,1.54,0.00,0.00,1.75,"",-2,-3.2,76,1.8,73,1.7,19,0.4,2809947,3.1,0,0.0,0,0.0,29,1.8
"48215","2","10","71","0","2017","4","",42,7160,7242,7280,85923700,0,0,915,"",0.48,0.87,0.87,0.87,1.18,0.00,0.00,1.35,"",-2,-4.5,-11,-0.2,-9,-0.1,19,0.3,4280014,5.2,0,0.0,0,0.0,46,5.3
"48215","3","10","71","0","2017","4","",241,46862,47531,47849,498298566,3032053,3013,808,"",1.14,1.85,1.84,1.85,2.59,0.70,0.13,1.40,"",9,3.9,155,0.3,629,1.3,489,1.0,16359679,3.4,-279339,-8.4,-59885,-95.2,19,2.4
"48215","5","10","71","0","2017","4","",12109,197633,200509,202286,1559116783,216247991,4486949,599,"",1.00,0.91,0.91,0.91,0.82,1.02,1.01,0.90,"",209,1.8,4405,2.3,4521,2.3,5068,2.6,76008543,5.1,10377283,5.0,598724,15.4,15,2.6
"48217","0","10","70","0","2017","4","",761,10149,10134,10003,104140907,8886233,172322,794,"",1.00,1.00,1.00,1.00,1.00,1.00,1.00,1.00,"",12,1.6,421,4.3,364,3.7,197,2.0,7470390,7.7,1148946,14.8,60301,53.8,33,4.3
"48217","1","10","71","0","2017","4","",18,93,94,93,1107063,0,0,912,"",3.94,0.48,0.48,0.48,0.39,0.00,0.00,0.80,"",0,0.0,-2,-2.1,-4,-4.1,-8,-7.9,45584,4.3,0,0.0,0,0.0,79,9.5
"48217","2","10","71","0","2017","4","",9,80,77,78,945991,0,0,929,"",1.69,0.25,0.24,0.24,0.28,0.00,0.00,1.15,"",1,12.5,-1,-1.2,-4,-4.9,-3,-3.7,48486,5.4,0,0.0,0,0.0,77,9.0
"48217","3","10","71","0","2017","4","",60,2195,2192,2187,18119528,75022,73,636,"",4.64,2.18,2.18,2.21,2.02,0.43,0.08,0.92,"",1,1.7,71,3.3,57,2.7,74,3.5,1069677,6.3,-25003,-25.0,-1823,-96.1,19,3.1
"48217","5","10","71","0","2017","4","",674,7781,7771,7645,83968325,8811211,172249,835,"",0.91,0.90,0.90,0.90,0.94,1.02,1.01,1.05,"",10,1.5,353,4.8,315,4.2,134,1.8,6306643,8.1,1173949,15.4,62124,56.4,35,4.4
"48219","0","10","70","0","2017","4","",640,9910,10105,10195,124406585,9283357,295915,950,"",1.00,1.00,1.00,1.00,1.00,1.00,1.00,1.00,"",6,0.9,384,4.0,361,3.7,386,3.9,12669255,11.3,-33794,-0.4,114968,63.5,63,7.1
"48219","1","10","71","0","2017","4","",9,43,36,37,532424,0,0,1059,"",2.34,0.23,0.19,0.19,0.16,0.00,0.00,0.78,"",0,0.0,5,13.2,-1,-2.7,-4,-9.8,21695,4.2,0,0.0,0,0.0,43,4.2
"48219","2","10","71","0","2017","4","",9,52,50,49,635471,0,0,971,"",2.01,0.16,0.15,0.15,0.16,0.00,0.00,1.00,"",-1,-10.0,2,4.0,0,0.0,-1,-2.0,66154,11.6,0,0.0,0,0.0,95,10.8
"48219","3","10","71","0","2017","4","",22,1948,1984,1964,16664612,0,0,652,"",2.02,1.98,1.98,1.95,1.56,0.00,0.00,0.79,"",0,0.0,18,0.9,39,2.0,33,1.7,58839,0.4,-2032,-100.0,-38,-100.0,-8,-1.2
"48219","5","10","71","0","2017","4","",600,7867,8035,8145,106574078,9283357,295915,1023,"",0.97,0.93,0.94,0.94,1.00,1.03,1.01,1.07,"",7,1.2,359,4.8,323,4.2,358,4.6,12522567,13.3,-31762,-0.3,115006,63.6,80,8.5
"48221","0","10","70","0","2017","4","",1434,15831,15918,15910,171969267,17256859,421891,833,"",1.00,1.00,1.00,1.00,1.00,1.00,1.00,1.00,"",16,1.1,360,2.3,310,2.0,272,1.7,8683987,5.3,1973340,12.9,120187,39.8,26,3.2
"48221","1","10","71","0","2017","4","",9,97,103,101,1438420,0,0,1103,"",1.05,0.32,0.34,0.33,0.30,0.00,0.00,0.93,"",0,0.0,-2,-2.0,3,3.0,1,1.0,32628,2.3,0,0.0,0,0.0,18,1.7
"48221","2","10","71","0","2017","4","",14,74,74,74,1054149,0,0,1096,"",1.39,0.15,0.15,0.15,0.19,0.00,0.00,1.29,"",0,0.0,3,4.2,1,1.4,1,1.4,63454,6.4,0,0.0,0,0.0,42,4.0
"48221","3","10","71","0","2017","4","",31,1885,1891,1893,19297794,126385,123,786,"",1.27,1.20,1.20,1.20,1.31,0.37,0.06,1.09,"",0,0.0,25,1.3,29,1.6,30,1.6,600115,3.2,37530,42.2,-1563,-92.7,13,1.7
"48221","5","10","71","0","2017","4","",1380,13775,13850,13842,150178904,17130474,421768,836,"",0.99,1.02,1.02,1.02,1.02,1.03,1.01,1.00,"",16,1.2,334,2.5,277,2.0,240,1.8,7987790,5.6,1935810,12.7,121750,40.6,28,3.5
"48223","0","10","70","0","2017","4","",861,12549,12604,12646,126853283,9615134,171191,774,"",1.00,1.00,1.00,1.00,1.00,1.00,1.00,1.00,"",10,1.2,-281,-2.2,-352,-2.7,-124,-1.0,3631404,2.9,-483078,-4.8,13227,8.4,36,4.9
"48223","1","10","71","0","2017","4","",12,68,68,69,1026428,0,0,1155,"",2.32,0.28,0.28,0.28,0.29,0.00,0.00,1.04,"",0,0.0,2,3.0,-3,-4.2,-8,-10.4,74456,7.8,0,0.0,0,0.0,128,12.5
"48223","2","10","71","0","2017","4","",10,124,122,121,1638587,0,0,1030,"",1.66,0.31,0.30,0.30,0.40,0.00,0.00,1.30,"",0,0.0,1,0.8,-1,-0.8,-2,-1.6,104443,6.8,0,0.0,0,0.0,71,7.4
"48223","3","10","71","0","2017","4","",43,1883,1911,1857,15875338,107694,105,648,"",2.94,1.51,1.53,1.48,1.46,0.57,0.12,0.97,"",0,0.0,-476,-20.2,-466,-19.6,-427,-18.7,-4449503,-21.9,42458,65.1,-1132,-91.5,-20,-3.0
"48223","5","10","71","0","2017","4","",796,10474,10503,10599,108312930,9507440,171086,792,"",0.95,0.98,0.98,0.99,1.00,1.02,1.01,1.02,"",10,1.3,192,1.9,118,1.1,313,3.0,7902008,7.9,-525536,-5.2,14359,9.2,43,5.7
"48225","0","10","70","0","2017","4","",838,7004,7002,6849,80808779,6552807,169970,894,"",1.00,1.00,1.00,1.00,1.00,1.00,1.00,1.00,"",109,15.0,-213,-3.0,-182,-2.5,-387,-5.3,-7754222,-8.8,-903705,-12.1,9029,5.6,-51,-5.4
"48225","1","10","71","0","2017","4","",9,65,68,67,899000,0,0,1037,"",1.79,0.48,0.51,0.51,0.40,0.00,0.00,0.81,"",0,0.0,-8,-11.0,-9,-11.7,-12,-15.2,-15941,-1.7,0,0.0,0,0.0,115,12.5
"48225","2","10","71","0","2017","4","",17,736,730,736,7972783,0,0,836,"",2.90,3.27,3.25,3.37,3.02,0.00,0.00,0.92,"",-1,-5.6,-17,-2.3,-43,-5.6,-45,-5.8,-322261,-3.9,0,0.0,0,0.0,6,0.7
"48225","3","10","71","0","2017","4","",24,956,946,950,7641770,107870,106,618,"",1.68,1.38,1.36,1.40,1.10,0.83,0.12,0.80,"",0,0.0,22,2.4,5,0.5,17,1.8,361078,5.0,7477,7.4,-1799,-94.4,20,3.3
"48225","5","10","71","0","2017","4","",788,5247,5258,5096,64295226,6444937,169864,951,"",0.97,0.88,0.88,0.88,0.93,1.02,1.01,1.06,"",110,16.2,-210,-3.8,-135,-2.5,-347,-6.4,-7777098,-10.8,-911182,-12.4,10828,6.8,-70,-6.9
"48227","0","10","70","0","2017","4","",933,12769,12851,13082,166022131,11582699,270471,990,"",1.00,1.00,1.00,1.00,1.00,1.00,1.00,1.00,"",0,0.0,417,3.4,361,2.9,631,5.1,19899562,13.6,1809762,18.5,103646,62.1,86,9.5
"48227","1","10","71","0","2017","4","",11,943,948,950,17947119,0,0,1458,"",1.97,3.84,3.85,3.77,3.93,0.00,0.00,1.03,"",0,0.0,-2,-0.2,6,0.6,7,0.7,1032201,6.1,0,0.0,0,0.0,79,5.7
"48227","2","10","71","0","2017","4","",14,619,622,621,6719049,0,0,833,"",2.14,1.51,1.51,1.49,1.24,0.00,0.00,0.83,"",0,0.0,-6,-1.0,-4,-0.6,-7,-1.1,618,0.0,0,0.0,0,0.0,8,1.0
"48227","3","10","71","0","2017","4","",43,1959,1981,1969,19415603,172450,170,758,"",2.71,1.55,1.55,1.52,1.36,0.75,0.12,0.88,"",0,0.0,-68,-3.4,-54,-2.7,-92,-4.5,230066,1.2,8202,5.0,-2948,-94.5,35,4.8
"48227","5","10","71","0","2017","4","",865,9248,9300,9542,121940360,11410249,270301,1002,"",0.96,0.85,0.85,0.86,0.86,1.02,1.01,1.01,"",0,0.0,493,5.6,413,4.6,723,8.2,18636677,18.0,1801560,18.7,106594,65.1,101,11.2
"48229","0","10","70","0","2017","4","",93,1233,1222,1209,17480676,625757,11928,1101,"",1.00,1.00,1.00,1.00,1.00,1.00,1.00,1.00,"",4,4.5,57,4.8,53,4.5,48,4.1,1135049,6.9,-11075,-1.7,-14658,-55.1,25,2.3
"48229","1","10","71","0","2017","4","",6,289,289,290,7322378,0,0,1947,"",10.76,12.18,12.36,12.45,15.24,0.00,0.00,1.24,"",0,0.0,-21,-6.8,-21,-6.8,-10,-3.3,-300389,-3.9,0,0.0,0,0.0,35,1.8
"48229","2","10","71","0","2017","4","",5,27,26,27,496263,0,0,1432,"",7.67,0.68,0.66,0.70,0.87,0.00,0.00,1.28,"",0,0.0,3,12.5,2,8.3,3,12.5,193774,64.1,0,0.0,0,0.0,462,47.6
"48229","3","10","71","0","2017","4","",22,251,254,254,2075731,8447,8,631,"",13.92,2.05,2.09,2.12,1.38,0.68,0.13,0.66,"",2,10.0,-6,-2.3,-4,-1.6,-5,-1.9,25069,1.2,270,3.3,-147,-94.8,20,3.3
"48229","5","10","71","0","2017","4","",60,666,653,638,7586304,617310,11920,895,"",0.67,0.64,0.63,0.62,0.51,1.02,1.01,0.81,"",2,3.4,81,13.8,76,13.2,60,10.4,1216595,19.1,-11345,-1.8,-14511,-54.9,50,5.9
"48231","0","10","70","0","2017","4","",1485,29940,30486,30283,385661814,19944586,380753,981,"",1.00,1.00,1.00,1.00,1.00,1.00,1.00,1.00,"",31,2.1,234,0.8,670,2.2,455,1.5,11769511,3.1,1559118,8.5,40947,12.1,15,1.6
"48231","1","10","71","0","2017","4","",15,266,258,263,4745790,0,0,1392,"",1.68,0.46,0.44,0.45,0.45,0.00,0.00,0.99,"",0,0.0,7,2.7,5,2.0,1,0.4,94294,2.0,0,0.0,0,0.0,5,0.4
"48231","2","10","71","0","2017","4","",24,2532,3030,2563,22449724,0,0,638,"",2.31,2.63,3.10,2.65,1.78,0.00,0.00,0.64,"",1,4.3,-49,-1.9,429,16.5,-10,-0.4,983852,4.6,0,0.0,0,0.0,-1,-0.2
"48231","3","10","71","0","2017","4","",65,5008,5032,4980,53956095,276618,270,829,"",2.58,1.69,1.66,1.66,1.63,0.70,0.13,0.97,"",-1,-1.5,143,2.9,104,2.1,58,1.2,2361492,4.6,-51852,-15.8,-5966,-95.7,20,2.5
"48231","5","10","71","0","2017","4","",1381,22134,22166,22477,304510205,19667968,380483,1052,"",0.96,0.87,0.86,0.87,0.92,1.02,1.01,1.07,"",31,2.3,133,0.6,132,0.6,406,1.8,8329873,2.8,1610970,8.9,46913,14.1,18,1.7
"48233","0","10","70","0","2017","4","",505,8307,8400,8291,119422182,5669163,151507,1102,"",1.00,1.00,1.00,1.00,1.00,1.00,1.00,1.00,"",-15,-2.9,-453,-5.2,-322,-3.7,-537,-6.1,-15092692,-11.2,-785018,-12.2,-42022,-21.7,-78,-6.6
"48233","1","10","71","0","2017","4","",6,69,68,66,935367,0,0,1063,"",1.98,0.43,0.42,0.41,0.28,0.00,0.00,0.67,"",0,0.0,-4,-5.5,0,0.0,-2,-2.9,-10957,-1.2,0,0.0,0,0.0,18,1.7
"48233","2","10","71","0","2017","4","",7,46,46,46,630960,0,0,1055,"",1.98,0.17,0.17,0.17,0.16,0.00,0.00,0.94,"",-1,-12.5,-1,-2.1,-1,-2.1,-1,-2.1,3053,0.5,0,0.0,0,0.0,27,2.6
"48233","3","10","71","0","2017","4","",39,1471,1512,1543,14097000,14798,14,719,"",4.54,1.79,1.81,1.88,1.37,0.13,0.02,0.75,"",0,0.0,-37,-2.5,6,0.4,13,0.8,363415,2.6,9435,175.9,-87,-86.1,22,3.2
"48233","5","10","71","0","2017","4","",453,6721,6774,6636,103758855,5654365,151493,1189,"",0.92,0.95,0.95,0.94,1.02,1.03,1.01,1.07,"",-14,-3.0,-411,-5.8,-327,-4.6,-547,-7.6,-15448203,-13.0,-794453,-12.3,-41935,-21.7,-96,-7.5
"48235","0","10","70","0","2017","4","",86,739,746,752,13257927,486292,8434,1368,"",1.00,1.00,1.00,1.00,1.00,1.00,1.00,1.00,"",-4,-4.4,-306,-29.3,-340,-31.3,-339,-31.1,-2966611,-18.3,-595369,-55.0,-26893,-76.1,206,17.7
"48235","1","10","71","0","2017","4","",2,3,3,3,25820,0,0,662,"",3.88,0.21,0.21,0.21,0.07,0.00,0.00,0.34,"",0,0.0,-1,-25.0,-1,-25.0,0,0.0,-5570,-17.7,0,0.0,0,0.0,3,0.5
"48235","2","10","71","0","2017","4","",5,6,6,6,68310,0,0,876,"",8.30,0.25,0.25,0.25,0.16,0.00,0.00,0.63,"",0,0.0,0,0.0,0,0.0,0,0.0,14765,27.6,0,0.0,0,0.0,190,27.7
"48235","3","10","71","0","2017","4","",6,107,111,114,1031099,3463,3,717,"",4.10,1.46,1.50,1.53,0.90,0.36,0.07,0.60,"",0,0.0,4,3.9,6,5.7,8,7.5,78385,8.2,559,19.2,-52,-94.5,17,2.4
"48235","5","10","71","0","2017","4","",73,623,626,629,12132698,482829,8431,1491,"",0.88,0.99,0.99,0.98,1.07,1.03,1.01,1.08,"",-4,-5.2,-309,-33.2,-345,-35.5,-347,-35.6,-3054191,-20.1,-595928,-55.2,-26841,-76.1,274,22.5
"48237","0","10","70","0","2017","4","",246,3107,3158,3283,43482130,4238248,189685,1051,"",1.00,1.00,1.00,1.00,1.00,1.00,1.00,1.00,"",1,0.4,64,2.1,103,3.4,199,6.5,5620738,14.8,1209656,39.9,109895,137.7,99,10.4
"48237","1","10","71","0","2017","4","",6,17,17,17,227074,0,0,1027,"",4.07,0.28,0.28,0.27,0.19,0.00,0.00,0.68,"",0,0.0,-3,-15.0,-2,-10.5,-2,-10.5,345,0.2,0,0.0,0,0.0,125,13.9
"48237","2","10","71","0","2017","4","",7,39,39,37,485510,0,0,974,"",4.06,0.39,0.39,0.35,0.34,0.00,0.00,0.91,"",0,0.0,-6,-13.3,-5,-11.4,-7,-15.9,-4587,-0.9,0,0.0,0,0.0,124,14.6
"48237","3","10","71","0","2017","4","",19,627,638,641,6075049,2550,2,736,"",4.54,2.04,2.03,1.97,1.62,0.03,0.00,0.81,"",0,0.0,53,9.2,54,9.2,48,8.1,572342,10.4,1800,240.0,-12,-85.7,11,1.5
"48237","5","10","71","0","2017","4","",214,2424,2464,2588,36694497,4235698,189683,1133,"",0.90,0.92,0.92,0.93,0.99,1.03,1.01,1.07,"",1,0.5,20,0.8,56,2.3,160,6.6,5052638,16.0,1207856,39.9,109907,137.8,124,12.3
"48239","0","10","70","0","2017","4","",438,5840,5873,5944,67257949,4717348,135030,879,"",1.00,1.00,1.00,1.00,1.00,1.00,1.00,1.00,"",20,4.8,230,4.1,173,3.0,218,3.8,4973830,8.0,383514,8.8,47153,53.7,35,4.1
"48239","1","10","71","0","2017","4","",9,29,32,30,386740,0,0,981,"",3.43,0.26,0.28,0.26,0.21,0.00,0.00,0.78,"",0,0.0,-1,-3.3,1,3.2,-6,-16.7,31401,8.8,0,0.0,0,0.0,136,16.1
"48239","2","10","71","0","2017","4","",6,25,25,25,443230,0,0,1364,"",1.96,0.13,0.13,0.13,0.20,0.00,0.00,1.52,"",0,0.0,5,25.0,5,25.0,5,25.0,110685,33.3,0,0.0,0,0.0,85,6.6
"48239","3","10","71","0","2017","4","",39,1063,1068,1072,10421165,23428,22,751,"",5.24,1.84,1.83,1.82,1.80,0.25,0.03,0.98,"",3,8.3,2,0.2,-9,-0.8,-17,-1.6,268650,2.6,-21403,-47.7,-828,-97.4,25,3.4
"48239","5","10","71","0","2017","4","",384,4723,4748,4817,56006814,4693920,135008,905,"",0.90,0.95,0.95,0.95,0.98,1.03,1.01,1.02,"",17,4.6,224,5.0,176,3.8,236,5.2,4563094,8.9,404917,9.4,47981,55.1,35,4.0
"48241","0","10","70","0","2017","4","",642,9974,10166,10236,111028544,8904462,248301,843,"",1.00,1.00,1.00,1.00,1.00,1.00,1.00,1.00,"",4,0.6,38,0.4,59,0.6,181,1.8,8951816,8.8,1392441,18.5,67779,37.5,60,7.7
"48241","1","10","71","0","2017","4","",7,72,73,75,1157983,0,0,1215,"",1.82,0.38,0.38,0.38,0.38,0.00,0.00,1.01,"",0,0.0,-4,-5.3,-5,-6.4,-4,-5.1,-36738,-3.1,0,0.0,0,0.0,32,2.7
"48241","2","10","71","0","2017","4","",15,299,300,299,3582686,0,0,921,"",3.33,0.93,0.92,0.92,0.99,0.00,0.00,1.07,"",-1,-6.2,-11,-3.5,-11,-3.5,-9,-2.9,88257,2.5,0,0.0,0,0.0,53,6.1
"48241","3","10","71","0","2017","4","",39,1683,1786,1737,14767873,64383,62,655,"",3.57,1.70,1.77,1.71,1.55,0.37,0.05,0.90,"",0,0.0,-3,-0.2,-11,-0.6,2,0.1,244674,1.7,18842,41.4,-799,-92.8,13,2.0
"48241","5","10","71","0","2017","4","",581,7920,8007,8125,91520002,8840079,248239,878,"",0.93,0.93,0.93,0.93,0.97,1.03,1.01,1.04,"",5,0.9,56,0.7,86,1.1,192,2.4,8655623,10.4,1373599,18.4,68578,38.2,72,8.9
"48243","0","10","70","0","2017","4","",88,909,883,887,7159480,856397,13293,617,"",1.00,1.00,1.00,1.00,1.00,1.00,1.00,1.00,"",5,6.0,-7,-0.8,-28,-3.1,-23,-2.5,179313,2.6,151182,21.4,1841,16.1,28,4.8
"48243","1","10","71","0","2017","4","",3,23,23,23,296614,0,0,992,"",5.68,1.31,1.36,1.35,1.51,0.00,0.00,1.12,"",0,0.0,-2,-8.0,0,0.0,-1,-4.2,5994,2.1,0,0.0,0,0.0,61,6.6
"48243","2","10","71","0","2017","4","",6,107,106,106,1566967,0,0,1134,"",9.73,3.67,3.75,3.75,6.70,0.00,0.00,1.80,"",0,0.0,-10,-8.5,-11,-9.4,-11,-9.4,-35819,-2.2,0,0.0,0,0.0,80,7.6
"48243","3","10","71","0","2017","4","",14,96,98,98,816497,0,0,645,"",9.36,1.07,1.12,1.12,1.33,0.00,0.00,1.21,"",2,16.7,-5,-5.0,-4,-3.9,-3,-3.0,-5262,-0.6,0,0.0,0,0.0,21,3.4
"48243","5","10","71","0","2017","4","",65,683,656,660,4479402,856397,13293,517,"",0.76,0.88,0.87,0.88,0.73,1.03,1.01,0.83,"",3,4.8,10,1.5,-13,-1.9,-8,-1.2,214400,5.0,151182,21.4,1841,16.1,27,5.5
"48245","0","10","70","0","2017","4","",5898,122533,122891,122691,1805701964,126695303,4950046,1132,"",1.00,1.00,1.00,1.00,1.00,1.00,1.00,1.00,"",50,0.9,-291,-0.2,1143,0.9,1316,1.1,99023795,5.8,11648109,10.1,1051241,27.0,56,5.2
"48245","1","10","71","0","2017","4","",43,1783,1763,1792,32469098,0,0,1404,"",1.22,0.76,0.75,0.76,0.65,0.00,0.00,0.87,"",1,2.4,3,0.2,-32,-1.8,-23,-1.3,586767,1.8,0,0.0,0,0.0,39,2.9
"48245","2","10","71","0","2017","4","",36,4249,4241,4254,54742667,0,0,991,"",0.87,1.08,1.08,1.09,0.93,0.00,0.00,0.86,"",-6,-14.3,-146,-3.3,-134,-3.1,-145,-3.3,-148356,-0.3,0,0.0,0,0.0,29,3.0
"48245","3","10","71","0","2017","4","",111,10899,11116,10952,129994516,477056,472,910,"",1.11,0.90,0.91,0.90,0.84,0.19,0.02,0.93,"",1,0.9,-154,-1.4,3,0.0,-168,-1.5,5805811,4.7,62307,15.0,-7403,-94.0,49,5.7
"48245","5","10","71","0","2017","4","",5708,105602,105771,105693,1588495683,126218247,4949574,1156,"",1.00,1.01,1.01,1.01,1.03,1.03,1.01,1.02,"",54,1.0,6,0.0,1306,1.3,1652,1.6,92779573,6.2,11585802,10.1,1058644,27.2,57,5.2
"48247","0","10","70","0","2017","4","",138,1691,1687,1702,16596406,1178141,19280,754,"",1.00,1.00,1.00,1.00,1.00,1.00,1.00,1.00,"",-3,-2.1,38,2.3,40,2.4,32,1.9,780878,4.9,-940,-0.1,5198,36.9,20,2.7
"48247","1","10","71","0","2017","4","",4,216,209,207,4864314,0,0,1776,"",4.83,6.64,6.47,6.31,10.66,0.00,0.00,1.65,"",0,0.0,10,4.9,12,6.1,9,4.5,-63687,-1.3,0,0.0,0,0.0,-116,-6.1
"48247","2","10","71","0","2017","4","",6,28,28,28,546703,0,0,1502,"",6.21,0.52,0.52,0.52,1.01,0.00,0.00,1.95,"",0,0.0,-4,-12.5,-3,-9.7,-4,-12.5,145343,36.2,0,0.0,0,0.0,527,54.1
"48247","3","10","71","0","2017","4","",23,371,374,380,3341734,2538,2,685,"",9.81,2.21,2.23,2.26,2.34,0.11,0.02,1.05,"",1,4.5,21,6.0,25,7.2,18,5.0,492298,17.3,2538,100.0,2,100.0,65,10.5
"48247","5","10","71","0","2017","4","",105,1076,1076,1087,7843655,1175603,19278,559,"",0.78,0.75,0.75,0.75,0.55,1.03,1.01,0.74,"",-4,-3.7,11,1.0,6,0.6,9,0.8,206924,2.7,-3478,-0.3,5196,36.9,11,2.0
"48249","0","10","70","0","2017","4","",897,15570,15472,15889,184484821,18032221,688962,907,"",1.00,1.00,1.00,1.00,1.00,1.00,1.00,1.00,"",-22,-2.4,-228,-1.4,-394,-2.5,152,1.0,28819938,18.5,4126912,29.7,346540,101.2,149,19.7
"48249","1","10","71","0","2017","4","",10,91,86,88,1299396,0,0,1132,"",1.86,0.30,0.29,0.29,0.26,0.00,0.00,0.87,"",0,0.0,9,11.0,-3,-3.4,-5,-5.4,128774,11.0,0,0.0,0,0.0,109,10.7
"48249","2","10","71","0","2017","4","",10,140,139,138,2272382,0,0,1258,"",1.59,0.28,0.28,0.27,0.38,0.00,0.00,1.36,"",0,0.0,-2,-1.4,-3,-2.1,-3,-2.1,438877,23.9,0,0.0,0,0.0,262,26.3
"48249","3","10","71","0","2017","4","",31,1964,1987,1997,17667606,14921,14,685,"",2.03,1.27,1.29,1.27,1.11,0.04,0.00,0.87,"",-1,-3.1,-88,-4.3,-61,-3.0,-70,-3.4,247559,1.4,-15416,-50.8,-561,-97.6,33,5.1
"48249","5","10","71","0","2017","4","",846,13375,13260,13666,163245437,18017300,688948,935,"",0.97,1.01,1.01,1.01,1.04,1.03,1.01,1.03,"",-21,-2.4,-147,-1.1,-327,-2.4,230,1.7,28004728,20.7,4142328,29.9,347101,101.5,165,21.4
"48251","0","10","70","0","2017","4","",3158,47341,47774,47730,532585172,45804199,1201709,860,"",1.00,1.00,1.00,1.00,1.00,1.00,1.00,1.00,"",103,3.4,2691,6.0,2839,6.3,2942,6.6,65738103,14.1,3809878,9.1,431567,56.0,58,7.2
"48251","1","10","71","0","2017","4","",21,290,290,292,4757451,0,0,1259,"",1.11,0.32,0.32,0.32,0.32,0.00,0.00,1.02,"",1,5.0,17,6.2,17,6.2,5,1.7,242218,5.4,0,0.0,0,0.0,8,0.6
"48251","2","10","71","0","2017","4","",16,208,207,208,2642492,0,0,979,"",0.72,0.14,0.14,0.14,0.15,0.00,0.00,1.12,"",0,0.0,-3,-1.4,-5,-2.4,-5,-2.3,73418,2.9,0,0.0,0,0.0,47,5.0
"48251","3","10","71","0","2017","4","",84,7261,7343,7340,76408973,475617,470,804,"",1.56,1.55,1.55,1.55,1.67,0.52,0.07,1.08,"",2,2.4,132,1.9,91,1.3,151,2.1,2745158,3.7,103936,28.0,-6585,-93.3,16,2.0
"48251","5","10","71","0","2017","4","",3037,39582,39934,39890,448776256,45328582,1201239,867,"",0.99,0.98,0.98,0.98,0.99,1.02,1.01,1.00,"",100,3.4,2545,6.9,2736,7.4,2791,7.5,62677309,16.2,3705942,8.9,438152,57.4,67,8.4
"48253","0","10","70","0","2017","4","",342,3047,3123,3118,30906165,2271756,43525,768,"",1.00,1.00,1.00,1.00,1.00,1.00,1.00,1.00,"",-16,-4.5,-49,-1.6,-46,-1.5,-65,-2.0,-15694,-0.1,-587915,-20.6,-4305,-9.0,13,1.7
"48253","1","10","71","0","2017","4","",12,47,49,48,696303,0,0,1116,"",5.85,0.80,0.82,0.80,0.82,0.00,0.00,1.02,"",0,0.0,-3,-6.0,2,4.3,-1,-2.0,-1768,-0.3,0,0.0,0,0.0,13,1.2
"48253","2","10","71","0","2017","4","",9,61,60,60,968754,0,0,1235,"",3.76,0.62,0.60,0.60,0.96,0.00,0.00,1.58,"",0,0.0,2,3.4,2,3.4,1,1.7,-12862,-1.3,0,0.0,0,0.0,-52,-4.0
"48253","3","10","71","0","2017","4","",32,863,876,889,7826983,3952,2,687,"",5.50,2.86,2.82,2.88,2.95,0.09,0.01,1.03,"",-2,-5.9,-19,-2.2,-11,-1.2,-1,-0.1,-181246,-2.3,2152,119.6,-32,-94.1,-8,-1.2
"48253","5","10","71","0","2017","4","",289,2076,2138,2121,21414125,2267804,43523,780,"",0.87,0.80,0.81,0.80,0.81,1.03,1.01,1.01,"",-14,-4.6,-29,-1.4,-39,-1.8,-64,-2.9,180182,0.8,-590067,-20.6,-4273,-8.9,22,2.9
"48255","0","10","70","0","2017","4","",405,5900,5971,5956,78875441,4617396,117339,1021,"",1.00,1.00,1.00,1.00,1.00,1.00,1.00,1.00,"",21,5.5,314,5.6,398,7.1,378,6.8,7292695,10.2,988790,27.2,55636,90.2,34,3.4
"48255","1","10","71","0","2017","4","",9,75,75,76,1348365,0,0,1377,"",3.71,0.66,0.66,0.66,0.62,0.00,0.00,0.94,"",0,0.0,3,4.2,2,2.7,4,5.6,92429,7.4,0,0.0,0,0.0,41,3.1
"48255","2","10","71","0","2017","4","",11,617,615,598,6835892,0,0,862,"",3.88,3.26,3.22,3.15,2.65,0.00,0.00,0.83,"",-1,-8.3,-74,-10.7,-81,-11.6,-131,-18.0,-785868,-10.3,0,0.0,0,0.0,31,3.7
"48255","3","10","71","0","2017","4","",30,1110,1122,1114,10352607,133210,131,714,"",4.36,1.90,1.89,1.89,1.53,1.46,0.21,0.81,"",6,25.0,35,3.3,26,2.4,21,1.9,151887,1.5,13424,11.2,-2142,-94.2,-7,-1.0
"48255","5","10","71","0","2017","4","",355,4098,4159,4168,60338577,4484186,117208,1121,"",0.90,0.82,0.82,0.82,0.90,1.00,1.01,1.09,"",16,4.7,350,9.3,451,12.2,484,13.1,7834247,14.9,975366,27.8,57778,97.2,33,3.0
"48257","0","10","70","0","2017","4","",2017,31721,31893,31704,352916945,27902308,598730,854,"",1.00,1.00,1.00,1.00,1.00,1.00,1.00,1.00,"",58,3.0,1018,3.3,1086,3.5,1044,3.4,23485525,7.1,-354111,-1.3,74629,14.2,29,3.5
"48257","1","10","71","0","2017","4","",13,180,183,190,2711400,0,0,1131,"",1.07,0.29,0.30,0.31,0.28,0.00,0.00,0.93,"",1,8.3,4,2.3,-7,-3.7,-8,-4.0,97305,3.7,0,0.0,0,0.0,61,5.7
"48257","2","10","71","0","2017","4","",11,1013,1018,1016,11424876,0,0,865,"",0.78,0.99,1.00,1.00,0.99,0.00,0.00,0.99,"",-2,-15.4,8,0.8,9,0.9,3,0.3,111973,1.0,0,0.0,0,0.0,3,0.3
"48257","3","10","71","0","2017","4","",51,5696,5673,5716,59840195,207401,204,808,"",1.49,1.81,1.79,1.82,1.97,0.38,0.06,1.09,"",0,0.0,188,3.4,152,2.8,197,3.6,4123230,7.4,-7879,-3.7,-3883,-95.0,31,4.0
"48257","5","10","71","0","2017","4","",1942,24832,25019,24782,278940474,27694907,598526,862,"",0.99,0.92,0.92,0.92,0.93,1.03,1.01,1.00,"",59,3.1,818,3.4,932,3.9,852,3.6,19153017,7.4,-346232,-1.2,78512,15.1,30,3.6
"48259","0","10","70","0","2017","4","",1476,15843,16001,16029,207859793,15493107,300170,1002,"",1.00,1.00,1.00,1.00,1.00,1.00,1.00,1.00,"",51,3.6,1131,7.7,1077,7.2,1125,7.5,20216961,10.8,1326961,9.4,48540,19.3,30,3.1
"48259","1","10","71","0","2017","4","",8,61,62,66,1085187,0,0,1325,"",0.90,0.20,0.20,0.21,0.19,0.00,0.00,0.92,"",0,0.0,3,5.2,3,5.1,3,4.8,138453,14.6,0,0.0,0,0.0,111,9.1
"48259","2","10","71","0","2017","4","",9,41,41,41,642321,0,0,1205,"",0.87,0.08,0.08,0.08,0.09,0.00,0.00,1.18,"",0,0.0,-3,-6.8,-3,-6.8,-2,-4.7,53792,9.1,0,0.0,0,0.0,168,16.2
"48259","3","10","71","0","2017","4","",11,1644,1690,1672,22027405,8105,8,1015,"",0.44,1.05,1.06,1.05,1.23,0.03,0.01,1.17,"",0,0.0,2,0.1,-19,-1.1,12,0.7,926259,4.4,-1275,-13.6,-169,-95.5,43,4.4
"48259","5","10","71","0","2017","4","",1448,14097,14208,14250,184104880,15485002,300162,998,"",1.01,1.05,1.05,1.05,1.04,1.03,1.01,0.99,"",51,3.7,1129,8.7,1096,8.4,1112,8.5,19098457,11.6,1328236,9.4,48709,19.4,27,2.8
"48261","0","10","70","0","2017","4","",35,538,559,550,9327728,467524,32544,1307,"",1.00,1.00,1.00,1.00,1.00,1.00,1.00,1.00,"",-2,-5.4,46,9.3,64,12.9,60,12.2,2417383,35.0,138811,42.2,15942,96.0,227,21.0
"48261","1","10","71","0","2017","4","",1,1,1,1,6622,0,0,509,"",4.76,0.10,0.09,0.09,0.03,0.00,0.00,0.27,"",0,0.0,0,0.0,0,0.0,0,0.0,-1884,-22.1,0,0.0,0,0.0,-145,-22.2
"48261","2","10","71","0","2017","4","",3,3,3,3,53373,0,0,1369,"",12.23,0.17,0.17,0.17,0.18,0.00,0.00,1.03,"",0,0.0,0,0.0,0,0.0,0,0.0,-1919,-3.5,0,0.0,0,0.0,-49,-3.5
"48261","3","10","71","0","2017","4","",5,80,91,80,802184,0,0,738,"",8.40,1.50,1.64,1.47,1.00,0.00,0.00,0.65,"",0,0.0,-1,-1.2,2,2.2,0,0.0,25893,3.3,-6666,-100.0,-126,-100.0,21,2.9
"48261","5","10","71","0","2017","4","",26,454,464,466,8465549,467524,32544,1412,"",0.77,0.99,0.98,1.00,1.06,1.03,1.01,1.07,"",-2,-7.1,47,11.5,62,15.4,60,14.8,2395293,39.5,145477,45.2,16068,97.5,259,22.5
"48263","0","10","70","0","2017","4","",38,262,266,262,2480577,38860,343,725,"",1.00,1.00,1.00,1.00,1.00,1.00,1.00,1.00,"",0,0.0,7,2.7,8,3.1,-2,-0.8,79418,3.3,-1328,-3.3,-147,-30.0,12,1.7
"48263","1","10","71","0","2017","4","",4,5,5,5,79900,0,0,1229,"",17.55,0.99,0.98,0.99,1.17,0.00,0.00,1.19,"",0,0.0,0,0.0,0,0.0,-3,-37.5,4781,6.4,0,0.0,0,0.0,266,27.6
"48263","2","10","71","0","2017","4","",4,9,10,9,105965,0,0,873,"",15.02,1.07,1.17,1.08,1.31,0.00,0.00,1.18,"",0,0.0,0,0.0,1,11.1,0,0.0,-3240,-3.0,0,0.0,0,0.0,-60,-6.4
"48263","3","10","71","0","2017","4","",6,171,173,172,1104257,0,0,494,"",9.29,6.59,6.55,6.63,5.18,0.00,0.00,0.79,"",0,0.0,10,6.2,10,6.1,7,4.2,42185,4.0,0,0.0,0,0.0,-7,-1.4
"48263","5","10","71","0","2017","4","",24,77,78,76,1190455,38860,343,1189,"",0.65,0.35,0.35,0.34,0.56,1.03,1.01,1.63,"",0,0.0,-3,-3.8,-3,-3.7,-6,-7.3,35692,3.1,-1328,-3.3,-147,-30.0,92,8.4
"48265","0","10","70","0","2017","4","",1478,17743,18114,18102,194209965,14177514,220014,831,"",1.00,1.00,1.00,1.00,1.00,1.00,1.00,1.00,"",4,0.3,70,0.4,319,1.8,315,1.8,4388731,2.3,-35563,-0.3,10489,5.0,8,1.0
"48265","1","10","71","0","2017","4","",10,494,498,506,9086922,0,0,1400,"",1.13,1.45,1.44,1.45,1.70,0.00,0.00,1.18,"",0,0.0,23,4.9,26,5.5,31,6.5,925153,11.3,0,0.0,0,0.0,72,5.4
"48265","2","10","71","0","2017","4","",14,671,671,674,7657017,0,0,876,"",1.35,1.18,1.16,1.17,1.21,0.00,0.00,1.03,"",0,0.0,-1,-0.1,-3,-0.4,-4,-0.6,191941,2.6,0,0.0,0,0.0,25,2.9
"48265","3","10","71","0","2017","4","",45,1931,1936,1947,21388053,142132,141,849,"",1.79,1.10,1.08,1.09,1.28,0.51,0.12,1.18,"",1,2.3,52,2.8,53,2.8,43,2.3,316460,1.5,-30503,-17.7,-3137,-95.7,-9,-1.0
"48265","5","10","71","0","2017","4","",1409,14647,15009,14975,156077973,14035382,219873,807,"",0.98,0.97,0.98,0.97,0.94,1.02,1.01,0.97,"",3,0.2,-4,0.0,243,1.6,245,1.7,2955177,1.9,-5060,0.0,13626,6.6,7,0.9
"48267","0","10","70","0","2017","4","",181,1306,1313,1314,10683815,1132571,14322,627,"",1.00,1.00,1.00,1.00,1.00,1.00,1.00,1.00,"",-4,-2.2,-46,-3.4,-27,-2.0,-39,-2.9,-1706155,-13.8,-139845,-11.0,-2221,-13.4,-80,-11.3
"48267","1","10","71","0","2017","4","",5,14,13,14,160942,0,0,906,"",4.61,0.56,0.52,0.55,0.55,0.00,0.00,1.01,"",0,0.0,2,16.7,-1,-7.1,-3,-17.6,6592,4.3,0,0.0,0,0.0,78,9.4
"48267","2","10","71","0","2017","4","",7,56,64,56,816698,0,0,1071,"",5.52,1.34,1.52,1.34,2.34,0.00,0.00,1.67,"",0,0.0,-5,-8.2,1,1.6,-6,-9.7,27580,3.5,0,0.0,0,0.0,92,9.4
"48267","3","10","71","0","2017","4","",19,221,221,223,1698599,23536,22,589,"",6.18,1.71,1.69,1.71,1.85,1.05,0.29,1.08,"",-1,-5.0,16,7.8,16,7.8,16,7.7,38661,2.3,-2538,-9.7,-473,-95.6,-32,-5.2
"48267","5","10","71","0","2017","4","",150,1015,1015,1021,8007576,1109035,14300,606,"",0.85,0.91,0.91,0.91,0.88,1.01,1.01,0.96,"",-3,-2.0,-59,-5.5,-43,-4.1,-46,-4.3,-1778988,-18.2,-137307,-11.0,-1748,-10.9,-100,-14.2
"48269","0","10","70","0","2017","4","",22,74,74,81,909299,26401,387,916,"",1.00,1.00,1.00,1.00,1.00,1.00,1.00,1.00,"",1,4.8,-6,-7.5,-4,-5.1,3,3.8,38078,4.4,9664,57.7,298,334.8,64,7.5
"48269","1","10","71","0","2017","4","",2,3,3,3,26865,0,0,689,"",15.16,2.11,2.12,1.92,1.07,0.00,0.00,0.53,"",0,0.0,1,50.0,1,50.0,1,50.0,6572,32.4,0,0.0,0,0.0,-92,-11.8
"48269","2","10","71","0","2017","4","N",2,0,0,0,0,0,0,0,"N",12.97,0,0,0,0,0,0,0,"N",-1,-33.3,0,0,0,0,0,0,0,0,0,0,0,0,0,0
"48269","3","10","71","0","2017","4","N",4,0,0,0,0,0,0,0,"N",10.70,0,0,0,0,0,0,0,"N",0,0.0,0,0,0,0,0,0,0,0,0,0,0,0,0,0
"48269","5","10","71","0","2017","4","",14,20,18,26,280299,24821,386,1011,"",0.66,0.32,0.29,0.38,0.36,0.97,1.00,1.10,"",2,16.7,-3,-13.0,-4,-18.2,4,18.2,78403,38.8,9156,58.4,317,459.4,316,45.5
"48271","0","10","70","0","2017","4","",75,797,786,787,8288456,353350,5486,807,"",1.00,1.00,1.00,1.00,1.00,1.00,1.00,1.00,"",2,2.7,50,6.7,34,4.5,41,5.5,290173,3.6,40530,13.0,644,13.3,-15,-1.8
"48271","1","10","71","0","2017","4","",3,121,121,121,3239014,0,0,2059,"",6.67,7.89,8.04,7.98,14.22,0.00,0.00,1.78,"",0,0.0,-9,-6.9,-7,-5.5,-8,-6.2,-47900,-1.5,0,0.0,0,0.0,99,5.1
"48271","2","10","71","0","2017","4","",5,20,20,19,216267,0,0,846,"",9.51,0.78,0.79,0.76,0.80,0.00,0.00,1.03,"",-1,-16.7,1,5.3,1,5.3,0,0.0,35143,19.4,0,0.0,0,0.0,113,15.4
"48271","3","10","71","0","2017","4","",16,274,270,262,1726450,24399,23,494,"",12.55,3.47,3.46,3.36,2.42,3.49,0.80,0.71,"",-1,-5.9,7,2.6,1,0.4,-4,-1.5,-178498,-9.4,2300,10.4,-395,-94.5,-54,-9.9
"48271","5","10","71","0","2017","4","",51,382,375,385,3106725,328951,5463,628,"",0.70,0.56,0.56,0.58,0.44,0.96,1.00,0.77,"",4,8.5,51,15.4,39,11.6,53,16.0,481428,18.3,38230,13.2,1039,23.5,22,3.6
"48273","0","10","70","0","2017","4","",637,11789,11864,11927,116492254,7114216,160766,756,"",1.00,1.00,1.00,1.00,1.00,1.00,1.00,1.00,"",-2,-0.3,-552,-4.5,-533,-4.3,-251,-2.1,3604409,3.2,-262241,-3.6,5243,3.4,50,7.1
"48273","1","10","71","0","2017","4","",18,893,882,876,16814747,0,0,1464,"",4.71,3.94,3.88,3.81,5.25,0.00,0.00,1.35,"",1,5.9,-30,-3.3,-36,-3.9,-42,-4.6,291199,1.8,0,0.0,0,0.0,82,5.9
"48273","2","10","71","0","2017","4","",22,2282,2339,2321,21696456,0,0,721,"",4.93,6.03,6.15,6.10,5.70,0.00,0.00,0.94,"",-1,-4.3,-71,-3.0,-55,-2.3,-20,-0.9,402189,1.9,0,0.0,0,0.0,28,4.0
"48273","3","10","71","0","2017","4","",45,1587,1594,1597,14595047,157735,155,705,"",4.16,1.36,1.35,1.35,1.46,1.12,0.18,1.08,"",0,0.0,-33,-2.0,-26,-1.6,-23,-1.4,325033,2.3,-91664,-36.8,-4581,-96.7,27,4.0
"48273","5","10","71","0","2017","4","",552,7027,7049,7133,63386004,6956481,160611,690,"",0.89,0.70,0.70,0.70,0.64,1.01,1.01,0.91,"",-2,-0.4,-418,-5.6,-416,-5.6,-166,-2.3,2585988,4.3,-170577,-2.4,9824,6.5,58,9.2
"48275","0","10","70","0","2017","4","",159,1117,1146,1178,11168609,908355,15403,749,"",1.00,1.00,1.00,1.00,1.00,1.00,1.00,1.00,"",5,3.2,-32,-2.8,-21,-1.8,-33,-2.7,-1799264,-13.9,-98539,-9.8,-2566,-14.3,-99,-11.7
"48275","1","10","71","0","2017","4","",7,28,27,23,323347,0,0,957,"",7.34,1.30,1.23,1.01,1.05,0.00,0.00,0.89,"",0,0.0,3,12.0,-1,-3.6,-6,-20.7,13966,4.5,0,0.0,0,0.0,86,9.9
"48275","2","10","71","0","2017","4","",5,19,20,19,205606,0,0,818,"",4.49,0.53,0.54,0.51,0.56,0.00,0.00,1.07,"",0,0.0,3,18.8,3,17.6,1,5.6,32109,18.5,0,0.0,0,0.0,33,4.2
"48275","3","10","71","0","2017","4","",26,412,414,423,3355382,114015,111,620,"",9.62,3.72,3.64,3.63,3.49,6.34,1.37,0.95,"",0,0.0,18,4.6,24,6.2,29,7.4,35569,1.1,34972,44.2,-1389,-92.6,-30,-4.6
"48275","5","10","71","0","2017","4","",121,658,685,713,7284274,794340,15292,818,"",0.78,0.69,0.70,0.71,0.76,0.90,1.00,1.09,"",5,4.3,-56,-7.8,-47,-6.4,-57,-7.4,-1880908,-20.5,-133511,-14.4,-1177,-7.1,-136,-14.3
"48277","0","10","70","0","2017","4","",1248,21906,21859,21899,249221568,21763486,553003,876,"",1.00,1.00,1.00,1.00,1.00,1.00,1.00,1.00,"",43,3.6,688,3.2,881,4.2,761,3.6,21954659,9.7,2617213,13.7,97533,21.4,48,5.8
"48277","1","10","71","0","2017","4","",18,141,135,136,1996232,0,0,1118,"",2.40,0.33,0.32,0.32,0.29,0.00,0.00,0.89,"",0,0.0,-2,-1.4,1,0.7,-7,-4.9,185676,10.3,0,0.0,0,0.0,123,12.4
"48277","2","10","71","0","2017","4","",16,249,250,254,3587258,0,0,1099,"",1.83,0.35,0.36,0.36,0.44,0.00,0.00,1.23,"",0,0.0,-16,-6.0,-16,-6.0,-10,-3.8,-56310,-1.5,0,0.0,0,0.0,41,3.9
"48277","3","10","71","0","2017","4","",45,2691,2688,2676,24547713,35465,33,703,"",2.12,1.24,1.24,1.23,1.15,0.08,0.01,0.93,"",-1,-2.2,-32,-1.2,-36,-1.3,-46,-1.7,380660,1.6,-16501,-31.8,-950,-96.6,20,2.9
"48277","5","10","71","0","2017","4","",1169,18825,18786,18833,219090365,21728021,552970,896,"",0.97,1.01,1.01,1.01,1.03,1.03,1.01,1.02,"",44,3.9,738,4.1,932,5.2,824,4.6,21444633,10.9,2633714,13.8,98483,21.7,51,6.0
"48279","0","10","70","0","2017","4","",459,3992,4176,4208,41838902,5252472,104953,780,"",1.00,1.00,1.00,1.00,1.00,1.00,1.00,1.00,"",-2,-0.4,-13,-0.3,118,2.9,91,2.2,2829874,7.3,824711,18.6,20566,24.4,41,5.5
"48279","1","10","71","0","2017","4","",10,35,36,36,479840,0,0,1035,"",3.63,0.46,0.45,0.44,0.42,0.00,0.00,0.93,"",0,0.0,-7,-16.7,-1,-2.7,-6,-14.3,13545,2.9,0,0.0,0,0.0,146,16.4
"48279","2","10","71","0","2017","4","",10,44,43,45,652453,0,0,1141,"",3.11,0.34,0.32,0.34,0.48,0.00,0.00,1.43,"",1,11.1,3,7.3,2,4.9,5,12.5,72584,12.5,0,0.0,0,0.0,44,4.0
"48279","3","10","71","0","2017","4","",26,916,919,923,7897282,32539,30,661,"",3.33,2.32,2.22,2.22,2.20,0.31,0.05,0.98,"",-1,-3.7,-4,-0.4,-6,-0.6,-12,-1.3,-216301,-2.7,6050,22.8,-470,-94.0,-13,-1.9
"48279","5","10","71","0","2017","4","",413,2997,3178,3204,32809327,5219933,104923,807,"",0.93,0.88,0.90,0.90,0.92,1.03,1.01,1.03,"",-2,-0.5,-5,-0.2,123,4.0,104,3.4,2960046,9.9,818661,18.6,21036,25.1,55,7.3
"48281","0","10","70","0","2017","4","",436,4476,4501,4447,39516926,3521162,70440,679,"",1.00,1.00,1.00,1.00,1.00,1.00,1.00,1.00,"",5,1.2,-53,-1.2,-25,-0.6,-94,-2.1,1097484,2.9,-529490,-13.1,-12945,-15.5,27,4.1
"48281","1","10","71","0","2017","4","",7,46,42,43,611382,0,0,1077,"",2.68,0.53,0.49,0.50,0.56,0.00,0.00,1.11,"",0,0.0,4,9.5,-1,-2.3,-3,-6.5,21749,3.7,0,0.0,0,0.0,38,3.7
"48281","2","10","71","0","2017","4","",13,64,64,66,903929,0,0,1075,"",4.26,0.45,0.44,0.47,0.70,0.00,0.00,1.55,"",0,0.0,1,1.6,1,1.6,3,4.8,67830,8.1,0,0.0,0,0.0,54,5.3
"48281","3","10","71","0","2017","4","",18,957,961,971,8474962,27584,26,677,"",2.43,2.16,2.15,2.21,2.49,0.40,0.07,1.15,"",0,0.0,30,3.2,23,2.5,24,2.5,3480,0.0,-18829,-40.6,-855,-97.0,-18,-2.6
"48281","5","10","71","0","2017","4","",398,3409,3434,3367,29526653,3493578,70414,667,"",0.94,0.90,0.90,0.89,0.88,1.03,1.01,0.98,"",5,1.3,-88,-2.5,-48,-1.4,-118,-3.4,1004425,3.5,-510661,-12.8,-12090,-14.7,38,6.0
"48283","0","10","70","0","2017","4","",185,3357,3400,3449,53245673,3832535,187060,1204,"",1.00,1.00,1.00,1.00,1.00,1.00,1.00,1.00,"",2,1.1,457,15.8,470,16.0,511,17.4,6765342,14.6,1733109,82.6,124734,200.1,-19,-1.6
"48283","1","10","71","0","2017","4","",4,111,112,115,2742581,0,0,1872,"",3.60,1.72,1.72,1.73,1.87,0.00,0.00,1.09,"",0,0.0,3,2.8,4,3.7,10,9.5,11277,0.4,0,0.0,0,0.0,-92,-4.7
"48283","2","10","71","0","2017","4","",7,146,143,144,1786397,0,0,952,"",5.40,1.35,1.31,1.31,1.03,0.00,0.00,0.78,"",-2,-22.2,4,2.8,4,2.9,3,2.1,178211,11.1,0,0.0,0,0.0,73,8.3
"48283","3","10","71","0","2017","4","",13,638,632,620,6034160,196544,194,737,"",4.13,1.92,1.87,1.82,1.32,2.59,0.20,0.71,"",-1,-7.1,107,20.2,95,17.7,78,14.4,36603,0.6,-117791,-37.5,-5775,-96.7,-123,-14.3
"48283","5","10","71","0","2017","4","",161,2462,2513,2570,42682535,3635991,186866,1305,"",0.90,0.86,0.87,0.88,0.94,0.98,1.01,1.08,"",5,3.2,343,16.2,367,17.1,420,19.5,6539251,18.1,1850900,103.7,130509,231.6,5,0.4
"48285","0","10","70","0","2017","4","",511,5018,5035,5568,58276578,3968525,76790,861,"",1.00,1.00,1.00,1.00,1.00,1.00,1.00,1.00,"",-5,-1.0,-592,-10.6,-570,-10.2,-34,-0.6,1577835,2.8,-101812,-2.5,7342,10.6,83,10.7
"48285","1","10","71","0","2017","4","",7,53,54,54,742383,0,0,1064,"",2.28,0.55,0.56,0.50,0.46,0.00,0.00,0.86,"",0,0.0,-1,-1.9,-2,-3.6,-4,-6.9,16103,2.2,0,0.0,0,0.0,66,6.6
"48285","2","10","71","0","2017","4","",10,39,41,41,523013,0,0,997,"",2.79,0.24,0.25,0.23,0.27,0.00,0.00,1.14,"",0,0.0,-2,-4.9,-1,-2.4,0,0.0,2591,0.5,0,0.0,0,0.0,28,2.9
"48285","3","10","71","0","2017","4","",30,888,888,905,7829094,47630,45,674,"",3.45,1.79,1.78,1.64,1.56,0.61,0.11,0.90,"",2,7.1,1,0.1,-19,-2.1,8,0.9,-38621,-0.5,18094,61.3,-514,-91.9,-1,-0.1
"48285","5","10","71","0","2017","4","",464,4038,4052,4568,49182088,3920895,76745,897,"",0.94,0.95,0.95,0.97,0.99,1.02,1.01,1.04,"",-7,-1.5,-590,-12.7,-548,-11.9,-38,-0.8,1597762,3.4,-119906,-3.0,7856,11.4,103,13.0
"48287","0","10","70","0","2017","4","",444,7182,6864,6798,89480659,4836964,182138,991,"",1.00,1.00,1.00,1.00,1.00,1.00,1.00,1.00,"",6,1.4,453,6.7,199,3.0,-17,-0.2,5801977,6.9,477110,10.9,29972,19.7,35,3.7
"48287","1","10","71","0","2017","4","",4,26,24,26,374900,0,0,1138,"",1.50,0.19,0.18,0.20,0.15,0.00,0.00,0.80,"",0,0.0,1,4.0,-3,-11.1,-1,-3.7,29224,8.5,0,0.0,0,0.0,128,12.7
"48287","2","10","71","0","2017","4","",12,471,476,476,5366820,0,0,870,"",3.86,2.04,2.16,2.20,1.84,0.00,0.00,0.86,"",-1,-7.7,-39,-7.6,-25,-5.0,-16,-3.3,-416298,-7.2,0,0.0,0,0.0,-18,-2.0
"48287","3","10","71","0","2017","4","",20,756,759,758,7127933,12858,12,724,"",2.65,1.06,1.11,1.13,0.93,0.13,0.01,0.84,"",-2,-9.1,-13,-1.7,-4,-0.5,-7,-0.9,90862,1.3,-11509,-47.2,-450,-97.4,17,2.4
"48287","5","10","71","0","2017","4","",408,5929,5605,5538,76611006,4824106,182126,1036,"",0.95,0.97,0.96,0.96,1.00,1.03,1.01,1.04,"",9,2.3,504,9.3,231,4.3,7,0.1,6098189,8.6,488619,11.3,30422,20.1,40,4.0
"48289","0","10","70","0","2017","4","",425,4847,4813,4859,59354674,5035006,149316,943,"",1.00,1.00,1.00,1.00,1.00,1.00,1.00,1.00,"",19,4.7,-116,-2.3,-168,-3.4,-113,-2.3,-710966,-1.2,1059456,26.6,72750,95.0,14,1.5
"48289","1","10","71","0","2017","4","",9,46,45,43,552837,0,0,952,"",3.53,0.49,0.49,0.46,0.34,0.00,0.00,0.71,"",0,0.0,4,9.5,5,12.5,1,2.4,31570,6.1,0,0.0,0,0.0,-18,-1.9
"48289","2","10","71","0","2017","4","",10,50,50,48,778465,0,0,1214,"",3.36,0.32,0.32,0.31,0.40,0.00,0.00,1.26,"",1,11.1,4,8.7,4,8.7,3,6.7,-32346,-4.0,0,0.0,0,0.0,-152,-11.1
"48289","3","10","71","0","2017","4","",29,802,804,799,6946167,8413,8,667,"",4.01,1.67,1.68,1.66,1.36,0.08,0.01,0.82,"",5,20.8,-5,-0.6,0,0.0,-9,-1.1,-18962,-0.3,-470,-5.3,-159,-95.2,3,0.5
"48289","5","10","71","0","2017","4","",377,3949,3914,3969,51077205,5026593,149308,996,"",0.91,0.96,0.96,0.96,1.01,1.03,1.01,1.05,"",13,3.6,-119,-2.9,-177,-4.3,-108,-2.6,-691228,-1.3,1059926,26.7,72909,95.4,20,2.0
"48291","0","10","70","0","2017","4","",1157,17082,17299,17351,204637162,15572968,450389,913,"",1.00,1.00,1.00,1.00,1.00,1.00,1.00,1.00,"",15,1.3,557,3.4,675,4.1,785,4.7,30099036,17.2,1800463,13.1,147209,48.6,103,12.7
"48291","1","10","71","0","2017","4","",14,105,112,111,1714452,0,0,1206,"",2.02,0.32,0.34,0.33,0.30,0.00,0.00,0.92,"",0,0.0,6,6.1,9,8.7,3,2.8,89868,5.5,0,0.0,0,0.0,-3,-0.2
"48291","2","10","71","0","2017","4","",22,970,977,976,10896180,0,0,860,"",2.71,1.77,1.76,1.76,1.63,0.00,0.00,0.92,"",-5,-18.5,-67,-6.5,-49,-4.8,-57,-5.5,-227984,-2.0,0,0.0,0,0.0,31,3.7
"48291","3","10","71","0","2017","4","",53,3676,3769,3743,36382511,372163,366,750,"",2.70,2.17,2.19,2.18,2.07,1.21,0.15,0.95,"",-1,-1.9,50,1.4,82,2.2,87,2.4,2479112,7.3,12430,3.5,-6462,-94.6,37,5.2
"48291","5","10","71","0","2017","4","",1068,12331,12441,12521,155644019,15200805,450023,963,"",0.95,0.85,0.85,0.85,0.89,1.01,1.01,1.05,"",21,2.0,568,4.8,633,5.4,752,6.4,27758040,21.7,1788033,13.3,153671,51.9,128,15.3
"48293","0","10","70","0","2017","4","",392,7619,7654,7637,77793939,4422500,114437,784,"",1.00,1.00,1.00,1.00,1.00,1.00,1.00,1.00,"",-5,-1.3,1,0.0,-18,-0.2,-25,-0.3,3439857,4.6,370557,9.1,34809,43.7,36,4.8
"48293","1","10","71","0","2017","4","",9,44,44,48,563996,0,0,957,"",3.83,0.30,0.30,0.33,0.26,0.00,0.00,0.85,"",0,0.0,-3,-6.4,-6,-12.0,-4,-7.7,-2346,-0.4,0,0.0,0,0.0,80,9.1
"48293","2","10","71","0","2017","4","N",10,0,0,0,0,0,0,0,"N",3.64,0,0,0,0,0,0,0,"N",0,0.0,0,0,0,0,0,0,0,0,0,0,0,0,0,0
"48293","3","10","71","0","2017","4","N",28,0,0,0,0,0,0,0,"N",4.20,0,0,0,0,0,0,0,"N",1,3.7,0,0,0,0,0,0,0,0,0,0,0,0,0,0
"48293","5","10","71","0","2017","4","",345,4641,4637,4627,46626651,4225714,114245,774,"",0.91,0.72,0.71,0.71,0.70,0.99,1.00,0.98,"",-6,-1.7,80,1.8,54,1.2,32,0.7,1118882,2.5,358762,9.3,38127,50.1,10,1.3
"48295","0","10","70","0","2017","4","",116,1314,1306,1320,25301338,1104869,15828,1482,"",1.00,1.00,1.00,1.00,1.00,1.00,1.00,1.00,"",-5,-4.1,36,2.8,28,2.2,31,2.4,7600332,42.9,196714,21.7,8577,118.3,420,39.5
"48295","1","10","71","0","2017","4","",9,29,25,24,345425,0,0,1022,"",12.94,1.15,1.00,0.94,0.50,0.00,0.00,0.48,"",0,0.0,1,3.6,-2,-7.4,-7,-22.6,-13541,-3.8,0,0.0,0,0.0,59,6.1
"48295","2","10","71","0","2017","4","",3,7,7,7,45624,0,0,501,"",3.69,0.17,0.17,0.17,0.06,0.00,0.00,0.33,"",0,0.0,-2,-22.2,-1,-12.5,-1,-12.5,-19507,-30.0,0,0.0,0,0.0,-100,-16.6
"48295","3","10","71","0","2017","4","",12,343,348,368,2787234,76066,74,607,"",6.09,2.63,2.68,2.82,1.28,3.48,0.89,0.47,"",0,0.0,-2,-0.6,-2,-0.6,2,0.5,-75718,-2.6,17151,29.1,-1044,-93.4,-16,-2.6
"48295","5","10","71","0","2017","4","",92,935,926,921,22123055,1028803,15754,1835,"",0.82,0.84,0.83,0.82,1.02,0.96,1.00,1.23,"",-5,-5.2,39,4.4,33,3.7,37,4.2,7709098,53.5,179563,21.1,9621,156.9,591,47.5
"48297","0","10","70","0","2017","4","",319,4096,4132,4034,57022624,5081644,212240,1073,"",1.00,1.00,1.00,1.00,1.00,1.00,1.00,1.00,"",2,0.6,494,13.7,563,15.8,417,11.5,10398738,22.3,1456244,40.2,109028,105.6,76,7.6
"48297","1","10","71","0","2017","4","",4,252,240,242,3960793,0,0,1245,"",2.09,3.20,3.04,3.11,2.53,0.00,0.00,0.81,"",0,0.0,-23,-8.4,-35,-12.7,-27,-10.0,-226215,-5.4,0,0.0,0,0.0,65,5.5
"48297","2","10","71","0","2017","4","",5,25,25,24,548588,0,0,1711,"",2.24,0.19,0.19,0.19,0.29,0.00,0.00,1.56,"",0,0.0,-3,-10.7,-2,-7.4,-3,-11.1,104764,23.6,0,0.0,0,0.0,462,37.0
"48297","3","10","71","0","2017","4","",20,544,544,542,4884030,74594,74,691,"",3.69,1.34,1.33,1.36,1.00,0.74,0.07,0.74,"",0,0.0,-27,-4.7,-28,-4.9,-35,-6.1,-660577,-11.9,6419,9.4,-1221,-94.3,-53,-7.1
"48297","5","10","71","0","2017","4","",290,3275,3323,3226,47629213,5007050,212166,1119,"",0.94,0.94,0.95,0.94,0.98,1.02,1.01,1.04,"",2,0.7,547,20.1,628,23.3,482,17.6,11180766,30.7,1449825,40.8,110249,108.2,89,8.6
"48299","0","10","70","0","2017","4","",524,4636,4549,4580,44859771,3475789,57479,752,"",1.00,1.00,1.00,1.00,1.00,1.00,1.00,1.00,"",-13,-2.4,-22,-0.5,-75,-1.6,-8,-0.2,2130935,5.0,-1735858,-33.3,-25296,-30.6,41,5.8
"48299","1","10","71","0","2017","4","",8,29,29,30,383672,0,0,1006,"",2.55,0.32,0.33,0.34,0.31,0.00,0.00,0.94,"",0,0.0,1,3.6,0,0.0,1,3.4,4004,1.1,0,0.0,0,0.0,-13,-1.3
"48299","2","10","71","0","2017","4","",8,28,28,28,494026,0,0,1357,"",2.18,0.19,0.19,0.19,0.34,0.00,0.00,1.77,"",0,0.0,-2,-6.7,-2,-6.7,-2,-6.7,-6381,-1.3,0,0.0,0,0.0,74,5.8
"48299","3","10","71","0","2017","4","",31,783,777,786,8417336,15402,15,828,"",3.48,1.70,1.72,1.73,2.18,0.22,0.05,1.27,"",-1,-3.1,17,2.2,-6,-0.8,8,1.0,533389,6.8,-2529,-14.1,-325,-95.6,46,5.9
"48299","5","10","71","0","2017","4","",477,3796,3715,3736,35564737,3460387,57464,730,"",0.94,0.96,0.96,0.96,0.93,1.03,1.01,0.97,"",-12,-2.5,-38,-1.0,-67,-1.8,-15,-0.4,1599923,4.7,-1733329,-33.4,-24971,-30.3,40,5.8
"48301","0","10","70","0","2017","4","",15,97,103,100,1094756,160272,3096,842,"",1.00,1.00,1.00,1.00,1.00,1.00,1.00,1.00,"",3,25.0,21,27.6,24,30.4,21,26.6,369974,51.0,57153,55.4,1325,74.8,127,17.8
"48301","3","10","71","0","2017","4","N",2,0,0,0,0,0,0,0,"N",7.84,0,0,0,0,0,0,0,"N",0,0.0,0,0,0,0,0,0,0,0,0,0,0,0,0,0
"48301","5","10","71","0","2017","4","N",13,0,0,0,0,0,0,0,"N",0.89,0,0,0,0,0,0,0,"N",3,30.0,0,0,0,0,0,0,0,0,0,0,0,0,0,0
"48303","0","10","70","0","2017","4","",7626,140490,141670,140981,1583966790,121518233,2137227,864,"",1.00,1.00,1.00,1.00,1.00,1.00,1.00,1.00,"",90,1.2,1555,1.1,1287,0.9,915,0.7,65622663,4.3,1963516,1.6,252662,13.4,29,3.5
"48303","1","10","71","0","2017","4","",48,1313,1470,1495,23200079,0,0,1251,"",1.05,0.49,0.54,0.55,0.53,0.00,0.00,1.01,"",0,0.0,13,1.0,25,1.7,25,1.7,770202,3.4,0,0.0,0,0.0,23,1.9
"48303","2","10","71","0","2017","4","",38,11232,11330,11460,182362259,0,0,1237,"",0.71,2.49,2.50,2.55,3.53,0.00,0.00,1.40,"",1,2.7,-134,-1.2,-51,-0.4,-21,-0.2,2929401,1.6,0,0.0,0,0.0,27,2.2
"48303","3","10","71","0","2017","4","",60,16767,16896,16896,199945725,231170,252,913,"",0.46,1.20,1.20,1.21,1.47,0.10,0.02,1.22,"",0,0.0,377,2.3,382,2.3,432,2.6,9060121,4.7,8652,3.9,-3970,-94.0,21,2.4
"48303","5","10","71","0","2017","4","",7480,111178,111974,111130,1178458727,121287063,2136975,814,"",1.01,0.93,0.93,0.93,0.87,1.03,1.01,0.94,"",89,1.2,1299,1.2,931,0.8,479,0.4,52862939,4.7,1954864,1.6,256632,13.6,31,4.0
"48305","0","10","70","0","2017","4","",233,1649,1786,1800,20509450,2318034,59641,904,"",1.00,1.00,1.00,1.00,1.00,1.00,1.00,1.00,"",16,7.4,99,6.4,128,7.7,137,8.2,4299365,26.5,77291,3.4,-4067,-6.4,136,17.7
"48305","1","10","71","0","2017","4","",5,20,19,20,225156,0,0,881,"",3.58,0.63,0.56,0.58,0.40,0.00,0.00,0.68,"",0,0.0,1,5.3,1,5.6,-2,-9.1,4397,2.0,0,0.0,0,0.0,18,2.1
"48305","2","10","71","0","2017","4","",4,15,15,15,189402,0,0,971,"",2.45,0.28,0.26,0.26,0.28,0.00,0.00,1.05,"",-1,-20.0,1,7.1,1,7.1,1,7.1,33019,21.1,0,0.0,0,0.0,112,13.0
"48305","3","10","71","0","2017","4","",21,560,569,564,5354342,13954,13,730,"",5.30,3.43,3.21,3.17,3.04,0.30,0.04,0.93,"",0,0.0,27,5.1,8,1.4,27,5.0,671763,14.3,1651,13.4,-220,-94.4,67,10.1
"48305","5","10","71","0","2017","4","",203,1054,1183,1201,14740550,2304080,59628,989,"",0.90,0.75,0.78,0.79,0.84,1.03,1.01,1.09,"",17,9.1,70,7.1,118,11.1,111,10.2,3590186,32.2,75640,3.4,-3847,-6.1,169,20.6
"48307","0","10","70","0","2017","4","",286,2958,2957,2977,34232448,3045291,74980,888,"",1.00,1.00,1.00,1.00,1.00,1.00,1.00,1.00,"",6,2.1,134,4.7,107,3.8,88,3.0,6680534,24.2,602619,24.7,37794,101.6,145,19.5
"48307","1","10","71","0","2017","4","",9,29,27,28,296522,0,0,815,"",5.25,0.51,0.48,0.49,0.32,0.00,0.00,0.64,"",0,0.0,5,20.8,0,0.0,-1,-3.4,-6204,-2.0,0,0.0,0,0.0,-58,-6.6
"48307","2","10","71","0","2017","4","",9,39,38,39,558477,0,0,1111,"",4.49,0.41,0.40,0.41,0.50,0.00,0.00,1.23,"",0,0.0,5,14.7,4,11.8,5,14.7,46858,9.2,0,0.0,0,0.0,-47,-4.1
"48307","3","10","71","0","2017","4","",23,500,500,505,4450027,156281,154,682,"",4.73,1.71,1.70,1.71,1.51,2.59,0.39,0.89,"",0,0.0,-1,-0.2,-9,-1.8,-11,-2.1,130289,3.0,-6051,-3.7,-2929,-95.0,29,4.4
"48307","5","10","71","0","2017","4","",245,2390,2392,2405,28927422,2889010,74826,929,"",0.88,0.95,0.95,0.95,0.99,0.98,1.00,1.04,"",6,2.5,125,5.5,112,4.9,95,4.1,6509591,29.0,608670,26.7,40723,119.4,174,23.0
"48309","0","10","70","0","2017","4","",5307,112142,112972,113254,1328423465,93095784,1805894,906,"",1.00,1.00,1.00,1.00,1.00,1.00,1.00,1.00,"",134,2.6,154,0.1,281,0.2,312,0.3,71256930,5.7,4701115,5.3,132877,7.9,47,5.5
"48309","1","10","71","0","2017","4","",44,2717,2725,2741,45355560,0,0,1279,"",1.38,1.26,1.26,1.26,1.24,0.00,0.00,0.99,"",0,0.0,82,3.1,54,2.0,54,2.0,3135783,7.4,0,0.0,0,0.0,60,4.9
"48309","2","10","71","0","2017","4","",34,2267,2278,2271,29409496,0,0,996,"",0.91,0.63,0.63,0.63,0.68,0.00,0.00,1.08,"",-2,-5.6,-105,-4.4,-106,-4.4,-97,-4.1,251272,0.9,0,0.0,0,0.0,51,5.4
"48309","3","10","71","0","2017","4","",111,12217,12286,12253,128650084,254628,251,808,"",1.23,1.10,1.10,1.09,1.13,0.14,0.03,1.03,"",-1,-0.9,175,1.5,165,1.4,124,1.0,4817129,3.9,-78524,-23.6,-6076,-96.0,21,2.7
"48309","5","10","71","0","2017","4","",5118,94941,95683,95989,1125008325,92841156,1805643,906,"",0.99,1.00,1.00,1.00,0.99,1.03,1.01,0.99,"",137,2.8,2,0.0,168,0.2,231,0.2,63052746,5.9,4779639,5.4,138953,8.3,50,5.8
"48311","0","10","70","0","2017","4","",79,525,554,543,7263101,613812,28965,1033,"",1.00,1.00,1.00,1.00,1.00,1.00,1.00,1.00,"",-2,-2.5,-27,-4.9,42,8.2,31,6.1,207549,2.9,319265,108.4,22810,370.6,0,0.0
"48311","1","10","71","0","2017","4","",3,6,5,5,52668,0,0,760,"",6.33,0.59,0.47,0.48,0.26,0.00,0.00,0.51,"",0,0.0,-2,-25.0,-2,-28.6,-1,-16.7,-3939,-7.0,0,0.0,0,0.0,138,22.2
"48311","2","10","71","0","2017","4","N",5,0,0,0,0,0,0,0,"N",9.03,0,0,0,0,0,0,0,"N",1,25.0,0,0,0,0,0,0,0,0,0,0,0,0,0,0
"48311","3","10","71","0","2017","4","N",3,0,0,0,0,0,0,0,"N",2.23,0,0,0,0,0,0,0,"N",0,0.0,0,0,0,0,0,0,0,0,0,0,0,0,0,0
"48311","5","10","71","0","2017","4","",68,365,397,387,5515798,590902,28943,1108,"",0.89,0.82,0.84,0.84,0.89,1.00,1.01,1.07,"",-3,-4.2,-27,-6.9,42,11.8,31,8.7,103946,1.9,311846,111.8,23082,393.8,-24,-2.1
"48313","0","10","70","0","2017","4","",300,4538,4550,4584,44300752,3585492,93742,748,"",1.00,1.00,1.00,1.00,1.00,1.00,1.00,1.00,"",1,0.3,-225,-4.7,-229,-4.8,-176,-3.7,2034998,4.8,-135339,-3.6,22710,32.0,66,9.7
"48313","1","10","71","0","2017","4","",4,20,20,18,258867,0,0,1030,"",2.22,0.23,0.23,0.20,0.21,0.00,0.00,0.96,"",0,0.0,2,11.1,1,5.3,-1,-5.3,-1514,-0.6,0,0.0,0,0.0,-43,-4.0
"48313","2","10","71","0","2017","4","N",10,0,0,0,0,0,0,0,"N",4.76,0,0,0,0,0,0,0,"N",-2,-16.7,0,0,0,0,0,0,0,0,0,0,0,0,0,0
"48313","3","10","71","0","2017","4","N",25,0,0,0,0,0,0,0,"N",4.90,0,0,0,0,0,0,0,"N",0,0.0,0,0,0,0,0,0,0,0,0,0,0,0,0,0
"48313","5","10","71","0","2017","4","",261,3308,3341,3357,32183923,3540271,93697,742,"",0.90,0.86,0.86,0.86,0.85,1.02,1.01,0.99,"",3,1.2,-166,-4.8,-152,-4.4,-123,-3.5,2129331,7.1,-170577,-4.6,22854,32.3,78,11.7
"48315","0","10","70","0","2017","4","",161,2105,2074,2075,18821400,2532821,89531,694,"",1.00,1.00,1.00,1.00,1.00,1.00,1.00,1.00,"",-3,-1.8,149,7.6,110,5.6,140,7.2,2806662,17.5,816850,47.6,55506,163.1,63,10.0
"48315","1","10","71","0","2017","4","",3,37,38,39,514808,0,0,1042,"",3.11,0.91,0.96,0.98,1.00,0.00,0.00,1.05,"",0,0.0,0,0.0,1,2.7,2,5.4,43719,9.3,0,0.0,0,0.0,63,6.4
"48315","2","10","71","0","2017","4","",5,20,20,21,286802,0,0,1085,"",4.43,0.30,0.30,0.32,0.47,0.00,0.00,1.53,"",-1,-16.7,-1,-4.8,0,0.0,1,5.0,-25813,-8.3,0,0.0,0,0.0,-98,-8.3
"48315","3","10","71","0","2017","4","",7,373,374,369,2848708,87699,86,589,"",2.56,1.79,1.82,1.80,1.76,1.75,0.18,0.98,"",0,0.0,20,5.7,15,4.2,22,6.3,132259,4.9,29477,50.6,-1018,-92.2,-3,-0.5
"48315","5","10","71","0","2017","4","",146,1675,1642,1646,15171082,2445122,89445,705,"",0.93,0.94,0.93,0.93,0.94,1.00,1.01,1.01,"",-2,-1.4,130,8.4,94,6.1,115,7.5,2656497,21.2,787373,47.5,56524,171.7,80,12.8
"48317","0","10","70","0","2017","4","",210,2091,2203,2198,32675931,3453091,161102,1162,"",1.00,1.00,1.00,1.00,1.00,1.00,1.00,1.00,"",2,1.0,14,0.7,126,6.1,74,3.5,5450268,20.0,1092266,46.3,80916,100.9,161,16.1
"48317","1","10","71","0","2017","4","",6,18,13,14,205015,0,0,1051,"",4.76,0.45,0.31,0.33,0.23,0.00,0.00,0.63,"",0,0.0,0,0.0,-1,-7.1,-2,-12.5,19949,10.8,0,0.0,0,0.0,161,18.1
"48317","2","10","71","0","2017","4","",5,14,16,15,175750,0,0,901,"",3.40,0.21,0.23,0.21,0.16,0.00,0.00,0.76,"",0,0.0,-2,-12.5,0,0.0,-1,-6.2,23678,15.6,0,0.0,0,0.0,170,23.3
"48317","3","10","71","0","2017","4","",20,509,512,510,6233557,16651,16,940,"",5.60,2.46,2.34,2.34,2.22,0.24,0.02,0.93,"",0,0.0,17,3.5,13,2.6,16,3.2,250825,4.2,3351,25.2,-236,-93.7,10,1.1
"48317","5","10","71","0","2017","4","",179,1550,1662,1659,26061609,3436440,161086,1235,"",0.88,0.87,0.89,0.89,0.93,1.03,1.01,1.06,"",2,1.1,-1,-0.1,114,7.4,61,3.8,5155816,24.7,1088915,46.4,81152,101.5,208,20.3
"48319","0","10","70","0","2017","4","",170,1103,1082,1079,9263338,927800,10475,655,"",1.00,1.00,1.00,1.00,1.00,1.00,1.00,1.00,"",2,1.2,40,3.8,-7,-0.6,-13,-1.2,706885,8.3,69514,8.1,-665,-6.0,46,7.6
"48319","1","10","71","0","2017","4","",5,20,15,15,184094,0,0,850,"",4.90,0.94,0.72,0.72,0.72,0.00,0.00,0.91,"",0,0.0,7,53.8,2,15.4,-3,-16.7,25811,16.3,0,0.0,0,0.0,20,2.4
"48319","2","10","71","0","2017","4","",5,18,18,19,297708,0,0,1249,"",4.20,0.51,0.52,0.55,0.98,0.00,0.00,1.87,"",0,0.0,-1,-5.3,-1,-5.3,0,0.0,81245,37.5,0,0.0,0,0.0,373,42.6
"48319","3","10","71","0","2017","4","",7,250,250,250,2206236,0,0,679,"",2.42,2.29,2.33,2.34,2.77,0.00,0.00,1.20,"",0,0.0,9,3.7,2,0.8,0,0.0,65428,3.1,0,0.0,0,0.0,10,1.5
"48319","5","10","71","0","2017","4","",153,815,799,795,6575300,927800,10475,630,"",0.93,0.87,0.87,0.87,0.83,1.03,1.01,0.96,"",2,1.3,25,3.2,-10,-1.2,-10,-1.2,534401,8.8,69514,8.1,-665,-6.0,50,8.6
"48321","0","10","70","0","2017","4","",850,10749,10851,10821,145044708,8522359,204209,1032,"",1.00,1.00,1.00,1.00,1.00,1.00,1.00,1.00,"",20,2.4,-477,-4.2,36,0.3,84,0.8,-462295,-0.3,-1008686,-10.6,-96726,-32.1,8,0.8
"48321","1","10","71","0","2017","4","",16,75,81,82,1198842,0,0,1162,"",3.14,0.36,0.39,0.39,0.30,0.00,0.00,0.79,"",0,0.0,-3,-3.8,3,3.8,-3,-3.5,446,0.0,0,0.0,0,0.0,14,1.2
"48321","2","10","71","0","2017","4","",13,85,86,83,1164913,0,0,1058,"",2.18,0.25,0.25,0.24,0.25,0.00,0.00,1.01,"",1,8.3,-30,-26.1,-29,-25.2,-32,-27.8,-182345,-13.5,0,0.0,0,0.0,157,17.4
"48321","3","10","71","0","2017","4","",50,2287,2306,2290,22926393,106838,104,769,"",3.46,2.15,2.14,2.14,1.84,0.63,0.10,0.86,"",0,0.0,-2,-0.1,-11,-0.5,-20,-0.9,242628,1.1,-29254,-21.5,-2479,-96.0,12,1.6
"48321","5","10","71","0","2017","4","",771,8302,8378,8366,119754560,8415521,204105,1103,"",0.94,0.91,0.91,0.91,0.97,1.02,1.01,1.06,"",19,2.5,-442,-5.1,73,0.9,139,1.7,-523024,-0.4,-979432,-10.4,-94247,-31.6,5,0.5
"48323","0","10","70","0","2017","4","",890,17937,18098,18067,155005743,13240370,234464,661,"",1.00,1.00,1.00,1.00,1.00,1.00,1.00,1.00,"",3,0.3,164,0.9,-53,-0.3,-85,-0.5,5159875,3.4,131683,1.0,13364,6.0,22,3.4
"48323","1","10","71","0","2017","4","",12,820,813,812,19362088,0,0,1827,"",2.25,2.37,2.35,2.33,4.54,0.00,0.00,1.93,"",-1,-7.7,-15,-1.8,-25,-3.0,-18,-2.2,127818,0.7,0,0.0,0,0.0,54,3.0
"48323","2","10","71","0","2017","4","",15,176,177,176,2467040,0,0,1076,"",2.41,0.31,0.31,0.31,0.49,0.00,0.00,1.60,"",0,0.0,5,2.9,7,4.1,7,4.1,342706,16.1,0,0.0,0,0.0,115,12.0
"48323","3","10","71","0","2017","4","",35,5215,5212,5241,48521437,1616063,17073,715,"",2.31,2.93,2.90,2.93,3.64,6.17,13.84,1.25,"",0,0.0,103,2.0,-116,-2.2,-2,0.0,2678729,5.8,228330,16.5,-3764,-18.1,40,5.9
"48323","5","10","71","0","2017","4","",828,11726,11896,11838,84655178,11624307,217391,551,"",0.96,0.77,0.77,0.77,0.64,0.91,0.93,0.83,"",4,0.5,71,0.6,81,0.7,-72,-0.6,2010622,2.4,-96647,-0.8,17128,8.6,12,2.2
"48325","0","10","70","0","2017","4","",857,9958,10002,9862,93659158,7559092,126567,725,"",1.00,1.00,1.00,1.00,1.00,1.00,1.00,1.00,"",32,3.9,542,5.8,445,4.7,453,4.8,7125151,8.2,295976,4.1,20314,19.1,21,3.0
"48325","1","10","71","0","2017","4","",12,65,68,66,1020833,0,0,1184,"",2.33,0.34,0.36,0.35,0.40,0.00,0.00,1.14,"",0,0.0,0,0.0,7,11.5,-5,-7.0,73893,7.8,0,0.0,0,0.0,75,6.8
"48325","2","10","71","0","2017","4","",17,522,526,518,5894138,0,0,869,"",2.83,1.63,1.64,1.65,1.93,0.00,0.00,1.18,"",-2,-10.5,-40,-7.1,-34,-6.1,-45,-8.0,-293330,-4.7,0,0.0,0,0.0,22,2.6
"48325","3","10","71","0","2017","4","",57,2567,2590,2571,24875853,184473,179,743,"",3.91,2.60,2.61,2.63,3.09,1.23,0.27,1.18,"",-2,-3.4,83,3.3,62,2.5,82,3.3,1305846,5.5,26104,16.5,-2826,-94.0,18,2.5
"48325","5","10","71","0","2017","4","",771,6804,6818,6707,61868334,7374619,126388,702,"",0.93,0.80,0.80,0.80,0.77,1.01,1.01,0.96,"",36,4.9,499,7.9,410,6.4,421,6.7,6038742,10.8,269872,3.8,23140,22.4,24,3.5
"48327","0","10","70","0","2017","4","",80,410,409,407,2911438,192148,2415,548,"",1.00,1.00,1.00,1.00,1.00,1.00,1.00,1.00,"",-2,-2.4,8,2.0,0,0.0,-6,-1.5,95065,3.4,-82937,-30.1,-693,-22.3,17,3.2
"48327","1","10","71","0","2017","4","",4,6,6,7,61372,0,0,745,"",8.34,0.76,0.77,0.89,0.77,0.00,0.00,0.95,"",0,0.0,-1,-14.3,-1,-14.3,0,0.0,-4211,-6.4,0,0.0,0,0.0,24,3.3
"48327","2","10","71","0","2017","4","",4,14,14,13,199005,0,0,1120,"",7.14,1.06,1.07,1.00,2.09,0.00,0.00,2.00,"",0,0.0,9,180.0,10,250.0,8,160.0,163795,465.2,0,0.0,0,0.0,540,93.1
"48327","3","10","71","0","2017","4","",22,174,171,173,1405279,8268,7,626,"",16.18,4.28,4.21,4.30,5.61,2.17,0.55,1.32,"",-1,-4.3,-2,-1.1,-6,-3.4,-4,-2.3,61569,4.6,2729,49.3,-98,-93.3,41,7.0
"48327","5","10","71","0","2017","4","",50,216,218,214,1245782,183880,2408,444,"",0.64,0.62,0.63,0.62,0.50,0.99,1.00,0.81,"",-1,-2.0,2,0.9,-3,-1.4,-10,-4.5,-126088,-9.2,-85666,-31.8,-595,-19.8,-36,-7.5
"48329","0","10","70","0","2017","4","",5555,93521,94540,95325,1644699604,121383380,3808641,1339,"",1.00,1.00,1.00,1.00,1.00,1.00,1.00,1.00,"",126,2.3,9851,11.8,9981,11.8,10475,12.3,222807508,15.7,32055875,35.9,1982541,108.6,42,3.2
"48329","1","10","71","0","2017","4","",17,539,547,541,10388342,0,0,1473,"",0.51,0.30,0.30,0.29,0.23,0.00,0.00,0.77,"",0,0.0,-8,-1.5,-20,-3.5,-35,-6.1,149375,1.5,0,0.0,0,0.0,75,5.4
"48329","2","10","71","0","2017","4","",22,566,566,574,8313079,0,0,1125,"",0.57,0.19,0.19,0.19,0.15,0.00,0.00,0.82,"",0,0.0,18,3.3,18,3.3,22,4.0,604787,7.8,0,0.0,0,0.0,46,4.3
"48329","3","10","71","0","2017","4","",66,8098,8155,8182,102868407,107063,106,972,"",0.70,0.87,0.87,0.87,0.73,0.04,0.01,0.84,"",3,4.8,-106,-1.3,-222,-2.7,-97,-1.2,5168351,5.3,-73342,-40.7,-3320,-96.9,65,7.2
"48329","5","10","71","0","2017","4","",5450,84318,85272,86028,1523129776,121276317,3808535,1375,"",1.01,1.06,1.06,1.06,1.08,1.03,1.01,1.02,"",123,2.3,9947,13.4,10205,13.6,10585,14.0,216884995,16.6,32129217,36.0,1985861,109.0,35,2.6
"48331","0","10","70","0","2017","4","",482,5543,5533,5450,59674963,4331730,95577,833,"",1.00,1.00,1.00,1.00,1.00,1.00,1.00,1.00,"",17,3.7,-314,-5.4,-277,-4.8,-404,-6.9,-3551411,-5.6,-310741,-6.7,7655,8.7,0,0.0
"48331","1","10","71","0","2017","4","",10,51,51,51,635136,0,0,958,"",3.46,0.48,0.48,0.49,0.39,0.00,0.00,0.80,"",0,0.0,-1,-1.9,2,4.1,-2,-3.8,27784,4.6,0,0.0,0,0.0,48,5.3
"48331","2","10","71","0","2017","4","",11,44,44,44,621676,0,0,1087,"",3.26,0.25,0.25,0.25,0.32,0.00,0.00,1.28,"",1,10.0,0,0.0,-1,-2.2,-1,-2.2,51326,9.0,0,0.0,0,0.0,105,10.7
"48331","3","10","71","0","2017","4","",30,1203,1235,1211,10413706,119652,116,659,"",3.66,2.19,2.25,2.25,2.03,1.40,0.23,0.91,"",-1,-3.2,24,2.0,46,3.9,-38,-3.0,248396,2.4,61076,104.3,-995,-89.6,10,1.5
"48331","5","10","71","0","2017","4","",431,4245,4203,4144,48004445,4212078,95461,880,"",0.92,0.90,0.89,0.89,0.94,1.01,1.01,1.05,"",17,4.1,-337,-7.4,-324,-7.2,-363,-8.1,-3878917,-7.5,-371817,-8.1,8650,10.0,1,0.1
"48333","0","10","70","0","2017","4","",140,1321,1326,1333,11250731,860064,9496,652,"",1.00,1.00,1.00,1.00,1.00,1.00,1.00,1.00,"",-6,-4.1,25,1.9,6,0.5,32,2.5,597191,5.6,67543,8.5,1509,18.9,24,3.8
"48333","1","10","71","0","2017","4","",5,15,13,13,143694,0,0,809,"",5.95,0.59,0.51,0.51,0.46,0.00,0.00,0.87,"",0,0.0,1,7.1,-2,-13.3,-1,-7.1,-11227,-7.2,0,0.0,0,0.0,-22,-2.6
"48333","2","10","71","0","2017","4","",4,14,14,14,271904,0,0,1494,"",4.08,0.33,0.33,0.33,0.74,0.00,0.00,2.25,"",-1,-20.0,-3,-17.6,-3,-17.6,-3,-17.6,48652,21.8,0,0.0,0,0.0,484,47.9
"48333","3","10","71","0","2017","4","",10,354,374,355,3223593,10352,9,687,"",4.20,2.70,2.84,2.69,3.33,0.61,0.18,1.21,"",-1,-9.1,0,0.0,-11,-2.9,6,1.7,77797,2.5,5102,97.2,-90,-90.9,20,3.0
"48333","5","10","71","0","2017","4","",121,938,925,951,7611540,849712,9487,624,"",0.89,0.84,0.82,0.84,0.79,1.02,1.01,0.95,"",-4,-3.2,27,3.0,22,2.4,30,3.3,481969,6.8,62441,7.9,1599,20.3,22,3.7
"48335","0","10","70","0","2017","4","",191,2015,1996,1981,20921250,1015658,26879,806,"",1.00,1.00,1.00,1.00,1.00,1.00,1.00,1.00,"",-3,-1.5,-101,-4.8,-111,-5.3,-182,-8.4,-394846,-1.9,-136169,-11.8,-581,-2.1,36,4.7
"48335","1","10","71","0","2017","4","",5,20,21,21,242155,0,0,901,"",4.36,0.52,0.55,0.55,0.42,0.00,0.00,0.78,"",0,0.0,-5,-20.0,1,5.0,-3,-12.5,6699,2.8,0,0.0,0,0.0,114,14.5
"48335","2","10","71","0","2017","4","",9,340,321,307,3518793,0,0,839,"",6.72,5.26,5.02,4.86,5.15,0.00,0.00,1.02,"",0,0.0,-127,-27.2,-134,-29.5,-162,-34.5,-1344212,-27.6,0,0.0,0,0.0,32,4.0
"48335","3","10","71","0","2017","4","",27,689,678,673,6474983,106593,104,732,"",8.32,3.45,3.42,3.43,3.60,5.30,0.74,1.05,"",1,3.8,-42,-5.7,-45,-6.2,-45,-6.3,-136775,-2.1,-101281,-48.7,-3842,-97.4,30,4.3
"48335","5","10","71","0","2017","4","",150,966,976,980,10685319,909065,26775,844,"",0.81,0.56,0.58,0.58,0.60,0.93,1.00,1.04,"",-4,-2.6,73,8.2,67,7.4,28,2.9,1079442,11.2,-34888,-3.7,3261,13.9,39,4.8
"48337","0","10","70","0","2017","4","",507,4788,4800,4757,51174721,4486891,100579,823,"",1.00,1.00,1.00,1.00,1.00,1.00,1.00,1.00,"",7,1.4,134,2.9,130,2.8,78,1.7,4701504,10.1,396474,9.7,32782,48.4,57,7.4
"48337","1","10","71","0","2017","4","",8,50,48,49,682327,0,0,1071,"",2.63,0.54,0.52,0.53,0.49,0.00,0.00,0.91,"",0,0.0,3,6.4,-1,-2.0,0,0.0,36191,5.6,0,0.0,0,0.0,43,4.2
"48337","2","10","71","0","2017","4","",9,60,60,60,802894,0,0,1029,"",2.53,0.39,0.39,0.40,0.48,0.00,0.00,1.23,"",0,0.0,4,7.1,4,7.1,4,7.1,-29,0.0,0,0.0,0,0.0,-74,-6.7
"48337","3","10","71","0","2017","4","",35,1062,1062,1058,9621368,21033,20,698,"",4.06,2.24,2.23,2.25,2.19,0.24,0.04,0.98,"",0,0.0,5,0.5,1,0.1,-12,-1.1,127373,1.3,-7603,-26.6,-524,-96.3,11,1.6
"48337","5","10","71","0","2017","4","",455,3616,3630,3590,40068132,4465858,100559,853,"",0.93,0.89,0.89,0.89,0.92,1.03,1.01,1.03,"",7,1.6,122,3.5,126,3.6,86,2.5,4537969,12.8,404077,9.9,33306,49.5,72,9.2
"48339","0","10","70","0","2017","4","",11493,180737,183042,184170,2544643839,181978717,4831479,1072,"",1.00,1.00,1.00,1.00,1.00,1.00,1.00,1.00,"",530,4.8,10351,6.1,11767,6.9,12839,7.5,266896345,11.7,28152838,18.3,1872589,63.3,47,4.6
"48339","1","10","71","0","2017","4","",26,1027,1056,1117,19426829,0,0,1401,"",0.38,0.30,0.30,0.31,0.28,0.00,0.00,0.91,"",0,0.0,95,10.2,147,16.2,149,15.4,2674354,16.0,0,0.0,0,0.0,25,1.8
"48339","2","10","71","0","2017","4","",20,482,487,487,7017926,0,0,1112,"",0.25,0.08,0.08,0.08,0.08,0.00,0.00,1.02,"",0,0.0,-28,-5.5,-21,-4.1,-20,-3.9,508023,7.8,0,0.0,0,0.0,127,12.9
"48339","3","10","71","0","2017","4","",98,27685,28089,28146,295210795,1587809,1574,812,"",0.50,1.55,1.55,1.54,1.35,0.44,0.06,0.87,"",-3,-3.0,352,1.3,349,1.3,457,1.7,9156470,3.2,-354853,-18.3,-35324,-95.7,14,1.8
"48339","5","10","71","0","2017","4","",11349,151543,153410,154420,2222988289,180390908,4829905,1117,"",1.02,0.99,0.99,0.99,1.02,1.02,1.01,1.04,"",533,4.9,9932,7.0,11292,7.9,12253,8.6,254557498,12.9,28507691,18.8,1907913,65.3,50,4.7
"48341","0","10","70","0","2017","4","",549,10859,11105,11066,131888301,12379321,241761,921,"",1.00,1.00,1.00,1.00,1.00,1.00,1.00,1.00,"",10,1.9,-282,-2.5,15,0.1,-65,-0.6,4600868,3.6,221592,1.8,76322,46.1,41,4.7
"48341","1","10","71","0","2017","4","",7,68,65,63,1016951,0,0,1197,"",2.13,0.33,0.31,0.30,0.28,0.00,0.00,0.91,"",0,0.0,0,0.0,-2,-3.0,-12,-16.0,-40159,-3.8,0,0.0,0,0.0,35,3.0
"48341","2","10","71","0","2017","4","",8,46,44,46,634348,0,0,1076,"",2.08,0.13,0.12,0.13,0.15,0.00,0.00,1.15,"",0,0.0,-2,-4.2,-4,-8.3,-2,-4.2,11432,1.8,0,0.0,0,0.0,78,7.8
"48341","3","10","71","0","2017","4","",43,1567,1594,1592,17409127,98820,96,845,"",4.61,1.46,1.45,1.45,1.54,0.40,0.08,1.06,"",0,0.0,21,1.4,43,2.8,45,2.9,643008,3.8,-4347,-4.2,-1861,-95.1,12,1.4
"48341","5","10","71","0","2017","4","",491,9178,9402,9365,112827875,12280501,241665,932,"",0.92,0.99,1.00,1.00,1.00,1.03,1.01,1.01,"",10,2.1,-301,-3.2,-22,-0.2,-96,-1.0,3986587,3.7,225939,1.9,78183,47.8,46,5.2
"48343","0","10","70","0","2017","4","",235,3561,3531,3520,42996719,3103119,153382,935,"",1.00,1.00,1.00,1.00,1.00,1.00,1.00,1.00,"",4,1.7,175,5.2,125,3.7,164,4.9,6729803,18.6,683577,28.3,62945,69.6,110,13.3
"48343","1","10","71","0","2017","4","",5,29,25,24,317068,0,0,938,"",3.55,0.42,0.37,0.35,0.27,0.00,0.00,0.70,"",0,0.0,0,0.0,-3,-10.7,-5,-17.2,-14716,-4.4,0,0.0,0,0.0,48,5.4
"48343","2","10","71","0","2017","4","",8,49,49,50,677212,0,0,1056,"",4.86,0.43,0.43,0.45,0.48,0.00,0.00,1.11,"",0,0.0,4,8.9,4,8.9,5,11.1,114033,20.2,0,0.0,0,0.0,93,9.7
"48343","3","10","71","0","2017","4","",14,579,581,580,4669277,83370,79,619,"",3.51,1.64,1.66,1.66,1.26,1.36,0.10,0.76,"",0,0.0,5,0.9,1,0.2,5,0.9,32609,0.7,-14433,-14.8,-1776,-95.7,0,0.0
"48343","5","10","71","0","2017","4","",208,2904,2876,2866,37333162,3019749,153303,996,"",0.91,0.96,0.96,0.96,1.02,1.01,1.01,1.06,"",4,2.0,166,6.1,123,4.5,159,5.9,6597877,21.5,698010,30.1,64721,73.1,131,15.1
"48345","0","10","70","0","2017","4","",66,327,331,330,2307835,307651,3127,539,"",1.00,1.00,1.00,1.00,1.00,1.00,1.00,1.00,"",-3,-4.3,-33,-9.2,-31,-8.6,-31,-8.6,-110809,-4.6,-89848,-22.6,-167,-5.1,24,4.7
"48345","1","10","71","0","2017","4","",4,8,9,9,127758,0,0,1134,"",10.10,1.27,1.42,1.42,2.01,0.00,0.00,1.47,"",0,0.0,-1,-11.1,0,0.0,0,0.0,21572,20.3,0,0.0,0,0.0,226,24.9
"48345","2","10","71","0","2017","4","",4,12,12,12,163782,0,0,1050,"",8.65,1.14,1.13,1.14,2.17,0.00,0.00,1.91,"",0,0.0,-1,-7.7,0,0.0,0,0.0,20542,14.3,0,0.0,0,0.0,157,17.6
"48345","3","10","71","0","2017","4","",13,85,85,83,529129,18073,17,483,"",11.59,2.62,2.59,2.54,2.67,2.97,1.03,1.03,"",-1,-7.1,-5,-5.6,-4,-4.5,-6,-6.7,32870,6.6,6059,50.4,-210,-92.5,56,13.1
"48345","5","10","71","0","2017","4","",45,222,225,226,1487166,289578,3110,510,"",0.70,0.80,0.80,0.81,0.75,0.97,1.00,0.94,"",-2,-4.3,-26,-10.5,-27,-10.7,-25,-10.0,-185793,-11.1,-95907,-24.9,43,1.4,-4,-0.8
"48347","0","10","70","0","2017","4","",1423,22462,22619,22520,217703738,17802116,324274,743,"",1.00,1.00,1.00,1.00,1.00,1.00,1.00,1.00,"",38,2.7,-342,-1.5,-246,-1.1,-379,-1.7,2793189,1.3,709250,4.1,-14141,-4.2,20,2.8
"48347","1","10","71","0","2017","4","",16,133,131,135,2142676,0,0,1239,"",1.87,0.31,0.30,0.31,0.36,0.00,0.00,1.17,"",0,0.0,-6,-4.3,-10,-7.1,-17,-11.2,61714,3.0,0,0.0,0,0.0,127,11.4
"48347","2","10","71","0","2017","4","",18,2058,2061,2064,26678231,0,0,996,"",1.81,2.85,2.84,2.87,3.75,0.00,0.00,1.31,"",0,0.0,-12,-0.6,-8,-0.4,3,0.1,445739,1.7,0,0.0,0,0.0,20,2.0
"48347","3","10","71","0","2017","4","",64,3126,3135,3110,32568618,47605,45,802,"",2.65,1.40,1.40,1.40,1.74,0.14,0.03,1.24,"",0,0.0,-103,-3.2,-115,-3.5,-147,-4.5,-1313798,-3.9,-27060,-36.2,-1372,-96.8,-1,-0.1
"48347","5","10","71","0","2017","4","",1325,17145,17292,17211,156314213,17754511,324229,698,"",0.96,0.90,0.90,0.90,0.84,1.03,1.01,0.93,"",38,3.0,-221,-1.3,-113,-0.6,-218,-1.3,3599534,2.4,736310,4.3,-12769,-3.8,23,3.4
"48349","0","10","70","0","2017","4","",976,16727,16706,16420,161881436,13888139,328955,749,"",1.00,1.00,1.00,1.00,1.00,1.00,1.00,1.00,"",-4,-0.4,48,0.3,12,0.1,-140,-0.8,7603210,4.9,240546,1.8,43075,15.1,36,5.0
"48349","1","10","71","0","2017","4","",15,86,91,92,1309746,0,0,1124,"",2.56,0.27,0.28,0.29,0.29,0.00,0.00,1.05,"",0,0.0,-4,-4.4,-1,-1.1,-6,-6.1,28513,2.2,0,0.0,0,0.0,68,6.4
"48349","2","10","71","0","2017","4","",13,108,110,110,1561416,0,0,1099,"",1.90,0.20,0.21,0.21,0.30,0.00,0.00,1.44,"",-1,-7.1,-7,-6.1,-2,-1.8,-3,-2.7,33178,2.2,0,0.0,0,0.0,62,6.0
"48349","3","10","71","0","2017","4","",52,3277,3273,3106,30949824,59008,55,740,"",3.13,1.98,1.97,1.91,2.22,0.21,0.03,1.14,"",-1,-1.9,17,0.5,-3,-0.1,-167,-5.1,1586904,5.4,-4227,-6.7,-1141,-95.4,49,7.1
"48349","5","10","71","0","2017","4","",896,13256,13232,13112,128060450,13829131,328900,746,"",0.95,0.93,0.93,0.94,0.93,1.03,1.01,0.99,"",-2,-0.2,42,0.3,18,0.1,36,0.3,5954615,4.9,244773,1.8,44216,15.5,33,4.6
"48351","0","10","70","0","2017","4","",132,1295,1278,1275,11682544,613200,12997,701,"",1.00,1.00,1.00,1.00,1.00,1.00,1.00,1.00,"",-3,-2.2,16,1.3,-11,-0.9,-8,-0.6,1091113,10.3,-127312,-17.2,-2816,-17.8,66,10.4
"48351","1","10","71","0","2017","4","",6,24,24,24,246305,0,0,789,"",7.58,0.96,0.98,0.98,0.77,0.00,0.00,0.79,"",0,0.0,5,26.3,4,20.0,5,26.3,30964,14.4,0,0.0,0,0.0,-68,-7.9
"48351","2","10","71","0","2017","4","",5,22,22,22,292776,0,0,1024,"",5.41,0.53,0.54,0.54,0.77,0.00,0.00,1.43,"",0,0.0,3,15.8,3,15.8,3,15.8,-15772,-5.1,0,0.0,0,0.0,-225,-18.0
"48351","3","10","71","0","2017","4","",19,573,573,572,4554076,35361,33,612,"",8.47,4.47,4.52,4.53,4.53,2.91,0.48,1.01,"",0,0.0,15,2.7,15,2.7,16,2.9,180782,4.1,4386,14.2,-555,-94.4,8,1.3
"48351","5","10","71","0","2017","4","",102,676,659,657,6589387,577839,12964,763,"",0.80,0.61,0.61,0.61,0.66,0.97,1.00,1.08,"",-3,-2.9,-7,-1.0,-33,-4.8,-32,-4.6,895139,15.7,-131698,-18.6,-2261,-14.9,126,19.8
"48353","0","10","70","0","2017","4","",420,5984,6002,6036,65354037,4711953,101523,837,"",1.00,1.00,1.00,1.00,1.00,1.00,1.00,1.00,"",0,0.0,-2,0.0,3,0.1,60,1.0,4064878,6.6,514149,12.2,22215,28.0,50,6.4
"48353","1","10","71","0","2017","4","",7,40,38,38,530524,0,0,1055,"",2.78,0.35,0.33,0.33,0.30,0.00,0.00,0.88,"",-1,-12.5,-2,-4.8,-1,-2.6,-3,-7.3,-1656,-0.3,0,0.0,0,0.0,48,4.8
"48353","2","10","71","0","2017","4","",11,164,162,174,2271866,0,0,1049,"",3.74,0.85,0.84,0.90,1.06,0.00,0.00,1.23,"",-2,-15.4,-109,-39.9,-109,-40.2,-95,-35.3,-988417,-30.3,0,0.0,0,0.0,124,13.4
"48353","3","10","71","0","2017","4","",38,1324,1328,1325,13367786,121435,117,776,"",5.32,2.23,2.23,2.22,2.38,1.30,0.22,1.07,"",0,0.0,13,1.0,9,0.7,12,0.9,423036,3.3,11712,10.7,-1963,-94.4,18,2.4
"48353","5","10","71","0","2017","4","",364,4456,4474,4499,49183861,4590518,101406,845,"",0.89,0.88,0.88,0.88,0.88,1.01,1.01,1.00,"",3,0.8,96,2.2,104,2.4,146,3.4,4631915,10.4,502437,12.3,24178,31.3,59,7.5
"48355","0","10","70","0","2017","4","",8314,162286,162449,163463,1966527553,159352528,4586656,930,"",1.00,1.00,1.00,1.00,1.00,1.00,1.00,1.00,"",10,0.1,298,0.2,-278,-0.2,762,0.5,63578464,3.3,9393159,6.3,852117,22.8,29,3.2
"48355","1","10","71","0","2017","4","",60,5510,5504,5533,97251202,0,0,1356,"",1.20,1.76,1.77,1.76,1.80,0.00,0.00,1.02,"",1,1.7,-162,-2.9,-174,-3.1,-157,-2.8,2723034,2.9,0,0.0,0,0.0,76,5.9
"48355","2","10","71","0","2017","4","",65,5319,5368,5370,55008485,0,0,791,"",1.12,1.02,1.03,1.03,0.86,0.00,0.00,0.83,"",-3,-4.4,-61,-1.1,-4,-0.1,7,0.1,3332064,6.4,0,0.0,0,0.0,51,6.9
"48355","3","10","71","0","2017","4","",93,17122,17227,17229,190376388,545197,539,852,"",0.66,1.06,1.07,1.07,1.13,0.17,0.02,1.06,"",3,3.3,64,0.4,90,0.5,-166,-1.0,3057176,1.6,-139938,-20.4,-12472,-95.9,14,1.7
"48355","5","10","71","0","2017","4","",8096,134335,134350,135331,1623891478,158807331,4586117,928,"",1.00,0.97,0.97,0.97,0.97,1.03,1.01,0.99,"",9,0.1,457,0.3,-190,-0.1,1078,0.8,54466190,3.5,9533097,6.4,864589,23.2,29,3.2
"48357","0","10","70","0","2017","4","",407,4604,4663,4618,60289406,4683725,150999,1002,"",1.00,1.00,1.00,1.00,1.00,1.00,1.00,1.00,"",3,0.7,354,8.3,450,10.7,382,9.0,8465584,16.3,1203495,34.6,109630,265.0,60,6.4
"48357","1","10","71","0","2017","4","",5,22,20,21,246928,0,0,904,"",2.05,0.25,0.22,0.24,0.15,0.00,0.00,0.63,"",0,0.0,2,10.0,-3,-13.0,-3,-12.5,12302,5.2,0,0.0,0,0.0,96,11.9
"48357","2","10","71","0","2017","4","",6,20,20,19,247690,0,0,969,"",2.10,0.14,0.13,0.13,0.13,0.00,0.00,0.95,"",0,0.0,-1,-4.8,0,0.0,-1,-5.0,52242,26.7,0,0.0,0,0.0,230,31.1
"48357","3","10","71","0","2017","4","",28,789,790,788,7901066,52647,52,770,"",4.05,1.73,1.71,1.72,1.52,0.57,0.07,0.89,"",0,0.0,23,3.0,30,3.9,23,3.0,328273,4.3,34891,196.5,-285,-84.6,7,0.9
"48357","5","10","71","0","2017","4","",368,3773,3833,3790,51893722,4631078,150947,1051,"",0.93,0.96,0.97,0.97,1.01,1.02,1.01,1.04,"",3,0.8,330,9.6,423,12.4,363,10.6,8072767,18.4,1168604,33.8,109915,267.9,67,6.8
"48359","0","10","70","0","2017","4","",100,907,904,915,9968915,590407,7435,844,"",1.00,1.00,1.00,1.00,1.00,1.00,1.00,1.00,"",-2,-2.0,-186,-17.0,-139,-13.3,-123,-11.8,-2190788,-18.0,22844,4.0,-7150,-49.0,-40,-4.5
"48359","1","10","71","0","2017","4","",4,6,6,6,58676,0,0,752,"",6.67,0.34,0.35,0.34,0.21,0.00,0.00,0.62,"",0,0.0,0,0.0,0,0.0,-3,-33.3,2342,4.2,0,0.0,0,0.0,133,21.5
"48359","2","10","71","0","2017","4","",5,23,23,23,251638,0,0,842,"",7.14,0.79,0.79,0.79,0.77,0.00,0.00,0.98,"",0,0.0,6,35.3,6,35.3,6,35.3,6806,2.8,0,0.0,0,0.0,-266,-24.0
"48359","3","10","71","0","2017","4","",19,280,285,282,2836347,3700,2,773,"",11.18,3.12,3.17,3.11,3.31,0.32,0.05,1.06,"",0,0.0,-4,-1.4,0,0.0,-3,-1.1,47080,1.7,-3016,-44.9,-124,-98.4,19,2.5
"48359","5","10","71","0","2017","4","",72,598,590,604,6822254,586707,7433,879,"",0.74,0.78,0.77,0.78,0.80,1.03,1.01,1.04,"",-2,-2.7,-188,-23.9,-145,-19.7,-123,-16.9,-2247016,-24.8,25860,4.6,-7026,-48.6,-52,-5.6
"48361","0","10","70","0","2017","4","",1398,21650,21901,21824,288041962,21418749,694705,1017,"",1.00,1.00,1.00,1.00,1.00,1.00,1.00,1.00,"",-2,-0.1,-779,-3.5,-573,-2.5,-432,-1.9,9650312,3.5,795267,3.9,89084,14.7,60,6.3
"48361","1","10","71","0","2017","4","",6,112,105,101,1760694,0,0,1278,"",0.72,0.27,0.25,0.24,0.22,0.00,0.00,0.88,"",0,0.0,7,6.7,-6,-5.4,-10,-9.0,80168,4.8,0,0.0,0,0.0,92,7.8
"48361","2","10","71","0","2017","4","",17,329,332,334,3922514,0,0,910,"",1.74,0.47,0.47,0.48,0.42,0.00,0.00,0.88,"",0,0.0,-15,-4.4,-11,-3.2,-12,-3.5,172902,4.6,0,0.0,0,0.0,72,8.6
"48361","3","10","71","0","2017","4","",67,3640,3760,3688,37764142,156164,150,786,"",2.82,1.70,1.73,1.71,1.52,0.37,0.04,0.89,"",-1,-1.5,-135,-3.6,-204,-5.1,-104,-2.7,356068,1.0,-34542,-18.1,-3467,-95.9,37,4.9
"48361","5","10","71","0","2017","4","",1308,17569,17704,17701,244594612,21262585,694555,1066,"",0.96,0.96,0.95,0.95,0.99,1.03,1.01,1.04,"",-1,-0.1,-636,-3.5,-352,-1.9,-306,-1.7,9041174,3.8,829809,4.1,92551,15.4,64,6.4
"48363","0","10","70","0","2017","4","",713,8729,8725,8699,98937395,7923929,217663,873,"",1.00,1.00,1.00,1.00,1.00,1.00,1.00,1.00,"",9,1.3,437,5.3,457,5.5,448,5.4,12729999,14.8,465082,6.2,61473,39.4,71,8.9
"48363","1","10","71","0","2017","4","",9,53,52,49,721002,0,0,1080,"",2.10,0.32,0.31,0.29,0.27,0.00,0.00,0.87,"",0,0.0,-3,-5.4,-3,-5.5,-6,-10.9,-54522,-7.0,0,0.0,0,0.0,2,0.2
"48363","2","10","71","0","2017","4","",13,143,141,143,1986659,0,0,1074,"",2.60,0.51,0.50,0.52,0.62,0.00,0.00,1.21,"",0,0.0,2,1.4,-1,-0.7,2,1.4,50644,2.6,0,0.0,0,0.0,20,1.9
"48363","3","10","71","0","2017","4","",46,1627,1635,1615,16759603,24146,22,793,"",3.80,1.88,1.89,1.88,1.97,0.15,0.02,1.05,"",0,0.0,24,1.5,39,2.4,22,1.4,696165,4.3,-19255,-44.4,-801,-97.3,19,2.5
"48363","5","10","71","0","2017","4","",645,6906,6897,6892,79470131,7899783,217641,886,"",0.93,0.93,0.93,0.93,0.94,1.03,1.01,1.01,"",9,1.4,414,6.4,422,6.5,430,6.7,12037712,17.9,484337,6.5,62274,40.1,85,10.6
"48365","0","10","70","0","2017","4","",541,8748,8712,8723,103915467,9363622,417791,916,"",1.00,1.00,1.00,1.00,1.00,1.00,1.00,1.00,"",10,1.9,485,5.9,485,5.9,399,4.8,10414182,11.1,831959,9.8,95432,29.6,46,5.3
"48365","1","10","71","0","2017","4","",9,66,67,67,917748,0,0,1059,"",2.77,0.39,0.40,0.40,0.32,0.00,0.00,0.81,"",0,0.0,-7,-9.6,-6,-8.2,-6,-8.2,-19853,-2.1,0,0.0,0,0.0,71,7.2
"48365","2","10","71","0","2017","4","",11,56,58,57,719197,0,0,971,"",2.90,0.20,0.21,0.20,0.21,0.00,0.00,1.04,"",0,0.0,0,0.0,1,1.8,1,1.8,54253,8.2,0,0.0,0,0.0,63,6.9
"48365","3","10","71","0","2017","4","",28,1201,1203,1208,12182665,37573,36,778,"",3.05,1.39,1.39,1.40,1.36,0.20,0.02,0.98,"",2,7.7,-58,-4.6,-63,-5.0,-53,-4.2,-356344,-2.8,16620,79.3,-361,-90.9,14,1.8
"48365","5","10","71","0","2017","4","",493,7425,7384,7391,90095857,9326049,417755,937,"",0.94,1.00,1.00,1.00,1.02,1.03,1.01,1.02,"",8,1.6,550,8.0,553,8.1,457,6.6,10736126,13.5,815339,9.6,95793,29.8,50,5.6
"48367","0","10","70","0","2017","4","",2760,32901,33140,33267,385640400,37890213,931056,896,"",1.00,1.00,1.00,1.00,1.00,1.00,1.00,1.00,"",148,5.7,1476,4.7,1491,4.7,1603,5.1,45713986,13.4,7080192,23.0,331349,55.3,68,8.2
"48367","1","10","71","0","2017","4","",13,175,183,181,2721355,0,0,1165,"",0.79,0.28,0.29,0.28,0.26,0.00,0.00,0.91,"",0,0.0,2,1.2,12,7.0,-2,-1.1,84848,3.2,0,0.0,0,0.0,10,0.9
"48367","2","10","71","0","2017","4","",13,153,153,159,2382146,0,0,1182,"",0.67,0.14,0.14,0.15,0.19,0.00,0.00,1.29,"",1,8.3,2,1.3,1,0.7,6,3.9,274517,13.0,0,0.0,0,0.0,115,10.8
"48367","3","10","71","0","2017","4","",75,5391,5407,5417,55564002,321536,317,791,"",1.60,1.65,1.64,1.65,1.68,0.43,0.06,1.02,"",3,4.2,154,2.9,148,2.8,128,2.4,2586924,4.9,-59536,-15.6,-6917,-95.6,17,2.2
"48367","5","10","71","0","2017","4","",2659,27182,27397,27510,324972897,37568677,930739,914,"",0.99,0.97,0.97,0.97,0.99,1.02,1.01,1.01,"",144,5.7,1318,5.1,1330,5.1,1471,5.6,42767697,15.2,7139728,23.5,338266,57.1,79,9.5
"48369","0","10","70","0","2017","4","",337,5911,5945,5984,62247021,6039749,129706,805,"",1.00,1.00,1.00,1.00,1.00,1.00,1.00,1.00,"",3,0.9,49,0.8,104,1.8,146,2.5,3233330,5.5,400949,7.1,-45027,-25.8,29,3.7
"48369","1","10","71","0","2017","4","",8,65,62,63,996407,0,0,1210,"",3.96,0.57,0.54,0.55,0.58,0.00,0.00,1.05,"",0,0.0,-1,-1.5,-6,-8.8,-7,-10.0,-18763,-1.8,0,0.0,0,0.0,62,5.4
"48369","2","10","71","0","2017","4","",4,14,14,14,180416,0,0,991,"",1.69,0.07,0.07,0.07,0.09,0.00,0.00,1.21,"N",0,0.0,0,0,0,0,0,0,0,0,0,0,0,0,0,0
"48369","3","10","71","0","2017","4","",25,796,792,791,6001436,148175,146,582,"",4.36,1.36,1.34,1.34,1.12,1.24,0.21,0.83,"N",0,0.0,0,0,0,0,0,0,0,0,0,0,0,0,0,0
"48369","5","10","71","0","2017","4","",300,5036,5077,5116,55068762,5891574,129560,834,"",0.92,1.00,1.01,1.01,1.04,1.01,1.01,1.03,"",3,1.0,53,1.1,126,2.5,178,3.6,3243035,6.3,574113,10.8,-39069,-23.2,30,3.7
"48371","0","10","70","0","2017","4","",448,5625,5675,5680,66708840,5804821,149748,907,"",1.00,1.00,1.00,1.00,1.00,1.00,1.00,1.00,"",30,7.2,-68,-1.2,-7,-0.1,65,1.2,4712145,7.6,954812,19.7,75399,101.4,65,7.7
"48371","1","10","71","0","2017","4","",10,47,49,47,926011,0,0,1494,"",3.72,0.43,0.45,0.43,0.51,0.00,0.00,1.15,"",0,0.0,-2,-4.1,1,2.1,-7,-13.0,54842,6.3,0,0.0,0,0.0,163,12.2
"48371","2","10","71","0","2017","4","",16,541,544,537,6034467,0,0,859,"",5.10,3.00,2.99,2.96,2.77,0.00,0.00,0.93,"",-1,-5.9,-18,-3.2,-10,-1.8,-18,-3.2,50911,0.9,0,0.0,0,0.0,31,3.7
"48371","3","10","71","0","2017","4","",27,1281,1288,1280,14379744,22746,20,862,"",3.55,2.30,2.29,2.28,2.51,0.20,0.03,1.10,"",0,0.0,27,2.2,21,1.7,20,1.6,239403,1.7,-3264,-12.5,-474,-96.0,-1,-0.1
"48371","5","10","71","0","2017","4","",395,3756,3794,3816,45368618,5782075,149728,921,"",0.91,0.79,0.79,0.79,0.80,1.03,1.01,1.01,"",31,8.5,-75,-2.0,-19,-0.5,70,1.9,4366989,10.7,958076,19.9,75873,102.7,90,10.8
"48373","0","10","70","0","2017","4","",823,11108,11117,11105,110973531,8500042,143869,768,"",1.00,1.00,1.00,1.00,1.00,1.00,1.00,1.00,"",22,2.7,-24,-0.2,-45,-0.4,-55,-0.5,3762010,3.5,314404,3.8,19540,15.7,28,3.8
"48373","1","10","71","0","2017","4","",13,77,81,78,1164621,0,0,1139,"",2.63,0.36,0.38,0.36,0.38,0.00,0.00,1.04,"",-1,-7.1,-4,-4.9,-5,-5.8,-13,-14.3,-13830,-1.2,0,0.0,0,0.0,85,8.1
"48373","2","10","71","0","2017","4","",15,843,830,841,9695452,0,0,890,"",2.60,2.36,2.33,2.37,2.68,0.00,0.00,1.14,"",0,0.0,-56,-6.2,-62,-7.0,-52,-5.8,-291271,-2.9,0,0.0,0,0.0,31,3.6
"48373","3","10","71","0","2017","4","",39,2039,2064,2077,18532032,247706,3803,692,"",2.79,1.85,1.87,1.89,1.94,1.47,5.02,1.04,"",0,0.0,-40,-1.9,-24,-1.1,-35,-1.7,450902,2.5,-20159,-7.5,-1852,-32.7,27,4.1
"48373","5","10","71","0","2017","4","",756,8149,8142,8109,81581426,8252336,140066,772,"",0.95,0.86,0.86,0.86,0.86,1.00,0.98,1.00,"",23,3.1,76,0.9,46,0.6,45,0.6,3616209,4.6,334563,4.2,21392,18.0,30,4.0
"48375","0","10","70","0","2017","4","",3987,78382,78920,78792,927768634,59536916,997119,907,"",1.00,1.00,1.00,1.00,1.00,1.00,1.00,1.00,"",5,0.1,-608,-0.8,-716,-0.9,-1045,-1.3,24729194,2.7,-1030901,-1.7,110234,12.4,33,3.8
"48375","1","10","71","0","2017","4","",34,1978,1967,1995,39282360,0,0,1526,"",1.42,1.31,1.30,1.31,1.54,0.00,0.00,1.18,"",1,3.0,35,1.8,-19,-1.0,-6,-0.3,1281045,3.4,0,0.0,0,0.0,47,3.2
"48375","2","10","71","0","2017","4","",31,2697,2722,2711,36720991,0,0,1042,"",1.11,1.07,1.08,1.08,1.21,0.00,0.00,1.13,"",-1,-3.1,-100,-3.6,-94,-3.3,-113,-4.0,-371005,-1.0,0,0.0,0,0.0,27,2.7
"48375","3","10","71","0","2017","4","",52,10220,10304,10297,111698458,228410,227,836,"",0.77,1.32,1.31,1.32,1.40,0.19,0.04,1.06,"",0,0.0,41,0.4,19,0.2,29,0.3,2595700,2.4,-14378,-5.9,-4383,-95.1,17,2.1
"48375","5","10","71","0","2017","4","",3870,63487,63927,63789,740066825,59308506,996892,893,"",1.00,0.95,0.95,0.95,0.93,1.03,1.01,0.98,"",5,0.1,-584,-0.9,-622,-1.0,-955,-1.5,21223454,3.0,-1016523,-1.7,114617,13.0,35,4.1
"48377","0","10","70","0","2017","4","",179,2074,2050,2045,20271497,1780244,33768,758,"",1.00,1.00,1.00,1.00,1.00,1.00,1.00,1.00,"",0,0.0,-15,-0.7,-23,-1.1,-28,-1.4,-1368568,-6.3,9768,0.6,-1563,-4.4,-43,-5.4
"48377","1","10","71","0","2017","4","",9,306,303,304,7093300,0,0,1793,"",8.38,7.66,7.72,7.72,12.73,0.00,0.00,1.65,"",0,0.0,14,4.8,11,3.8,3,1.0,375642,5.6,0,0.0,0,0.0,41,2.3
"48377","2","10","71","0","2017","4","",10,70,70,72,1017181,0,0,1107,"",7.97,1.05,1.07,1.10,1.54,0.00,0.00,1.43,"",0,0.0,-5,-6.7,-4,-5.4,-2,-2.7,202836,24.9,0,0.0,0,0.0,264,31.3
"48377","3","10","71","0","2017","4","",20,535,536,530,4341012,96842,95,626,"",6.57,2.60,2.63,2.62,2.49,2.75,0.53,0.95,"",-2,-9.1,-4,-0.7,-7,-1.3,-18,-3.3,23148,0.5,31342,47.9,-1147,-92.4,15,2.5
"48377","5","10","71","0","2017","4","",140,1163,1141,1139,7820004,1683402,33673,524,"",0.81,0.66,0.66,0.66,0.45,0.98,1.00,0.69,"",2,1.4,-20,-1.7,-23,-2.0,-11,-1.0,-1970194,-20.1,-21574,-1.3,-416,-1.2,-122,-18.9
"48379","0","10","70","0","2017","4","",218,1866,1843,1906,15113238,1355008,24457,621,"",1.00,1.00,1.00,1.00,1.00,1.00,1.00,1.00,"",13,6.3,67,3.7,47,2.6,88,4.8,735851,5.1,153295,12.8,3973,19.4,8,1.3
"48379","1","10","71","0","2017","4","",2,18,18,18,236193,0,0,1009,"",1.53,0.50,0.51,0.49,0.57,0.00,0.00,1.14,"",0,0.0,1,5.9,1,5.9,0,0.0,13183,5.9,0,0.0,0,0.0,19,1.9
"48379","2","10","71","0","2017","4","",5,18,18,19,278149,0,0,1167,"",3.27,0.30,0.30,0.31,0.56,0.00,0.00,1.84,"",0,0.0,0,0.0,0,0.0,1,5.6,72628,35.3,0,0.0,0,0.0,289,32.9
"48379","3","10","71","0","2017","4","",20,484,486,479,3592291,33466,32,572,"",5.40,2.62,2.66,2.54,2.76,1.25,0.25,1.06,"",0,0.0,16,3.4,12,2.5,-1,-0.2,22506,0.6,16592,98.3,-287,-90.0,-7,-1.2
"48379","5","10","71","0","2017","4","",191,1346,1321,1390,11006605,1321542,24425,626,"",0.90,0.85,0.84,0.86,0.85,1.01,1.01,1.00,"",13,7.3,50,3.9,34,2.6,88,6.8,627534,6.0,136703,11.5,4260,21.1,9,1.5
"48381","0","10","70","0","2017","4","",2437,30838,30947,30853,352560554,27978289,429730,878,"",1.00,1.00,1.00,1.00,1.00,1.00,1.00,1.00,"",38,1.6,406,1.3,460,1.5,435,1.4,24510819,7.5,1087193,4.0,45153,11.7,49,5.9
"48381","1","10","71","0","2017","4","",10,184,191,192,3193095,0,0,1300,"",0.68,0.31,0.32,0.32,0.33,0.00,0.00,1.04,"",1,11.1,3,1.7,10,5.5,3,1.6,327341,11.4,0,0.0,0,0.0,100,8.3
"48381","2","10","71","0","2017","4","",22,2194,2237,2188,20262485,0,0,706,"",1.29,2.22,2.26,2.22,1.76,0.00,0.00,0.79,"",-2,-8.3,-126,-5.4,-96,-4.1,-145,-6.2,422067,2.1,0,0.0,0,0.0,51,7.8
"48381","3","10","71","0","2017","4","",19,2200,2203,2198,22923381,16727,16,801,"",0.46,0.72,0.72,0.72,0.76,0.03,0.01,1.05,"",1,5.6,83,3.9,58,2.7,68,3.2,947958,4.3,-693,-4.0,-315,-95.2,8,1.0
"48381","5","10","71","0","2017","4","",2386,26260,26316,26275,306181593,27961562,429714,896,"",1.01,1.00,1.00,1.00,1.02,1.03,1.01,1.02,"",38,1.6,446,1.7,488,1.9,509,2.0,22813453,8.1,1087886,4.0,45468,11.8,51,6.0
"48383","0","10","70","0","2017","4","",163,1951,1961,1978,28446743,2139450,60330,1115,"",1.00,1.00,1.00,1.00,1.00,1.00,1.00,1.00,"",-3,-1.8,265,15.7,274,16.2,282,16.6,6123112,27.4,502436,30.7,25249,72.0,99,9.7
"48383","1","10","71","0","2017","4","",3,10,10,10,132723,0,0,1021,"",3.07,0.27,0.27,0.26,0.17,0.00,0.00,0.64,"",0,0.0,-1,-9.1,-1,-9.1,-4,-28.6,1488,1.1,0,0.0,0,0.0,180,21.4
"48383","2","10","71","0","2017","4","",5,13,13,13,169995,0,0,1006,"",4.38,0.21,0.21,0.21,0.18,0.00,0.00,0.88,"",0,0.0,1,8.3,1,8.3,1,8.3,61193,56.2,0,0.0,0,0.0,309,44.3
"48383","3","10","71","0","2017","4","",16,398,396,403,4286416,7667,7,826,"",5.78,2.06,2.03,2.06,1.75,0.18,0.02,0.85,"",0,0.0,0,0.0,-11,-2.7,5,1.3,37333,0.9,2433,46.5,-92,-92.9,11,1.3
"48383","5","10","71","0","2017","4","",139,1530,1542,1552,23857609,2131783,60323,1191,"",0.88,0.92,0.93,0.92,0.98,1.03,1.01,1.06,"",-3,-2.1,265,20.9,285,22.7,280,22.0,6023098,33.8,500003,30.6,25341,72.4,106,9.8
"48385","0","10","70","0","2017","4","",103,717,743,731,5020418,618940,6777,529,"",1.00,1.00,1.00,1.00,1.00,1.00,1.00,1.00,"",-3,-2.8,17,2.4,34,4.8,12,1.7,257574,5.4,82194,15.3,1508,28.6,12,2.3
"48385","1","10","71","0","2017","4","",3,5,5,5,71909,0,0,1106,"",4.86,0.36,0.35,0.36,0.52,0.00,0.00,1.46,"",0,0.0,0,0.0,1,25.0,0,0.0,14539,25.3,0,0.0,0,0.0,160,16.9
"48385","2","10","71","0","2017","4","",4,12,12,12,152243,0,0,976,"",5.54,0.52,0.50,0.51,0.93,0.00,0.00,1.81,"",-1,-20.0,2,20.0,0,0.0,0,0.0,35348,30.2,0,0.0,0,0.0,183,23.1
"48385","3","10","71","0","2017","4","",7,195,212,204,1406040,43175,42,531,"",4.00,2.74,2.87,2.82,3.26,3.52,1.18,1.16,"",-1,-12.5,-1,-0.5,11,5.5,0,0.0,41177,3.0,7005,19.4,-644,-93.9,7,1.3
"48385","5","10","71","0","2017","4","",89,505,514,510,3390226,575765,6735,512,"",0.89,0.83,0.81,0.82,0.79,0.96,1.00,0.96,"",-1,-1.1,16,3.3,22,4.5,12,2.4,166510,5.2,75189,15.0,2152,47.0,9,1.8
"48387","0","10","70","0","2017","4","",242,2658,2673,2689,23236593,2672778,54444,669,"",1.00,1.00,1.00,1.00,1.00,1.00,1.00,1.00,"",3,1.3,45,1.7,30,1.1,-12,-0.4,768362,3.4,166667,6.7,-18667,-25.5,17,2.6
"48387","1","10","71","0","2017","4","",8,33,33,34,419818,0,0,969,"",5.51,0.64,0.65,0.66,0.66,0.00,0.00,1.01,"",0,0.0,-5,-13.2,-3,-8.3,-5,-12.8,5888,1.4,0,0.0,0,0.0,124,14.7
"48387","2","10","71","0","2017","4","",11,34,35,36,509769,0,0,1120,"",6.49,0.40,0.41,0.42,0.67,0.00,0.00,1.64,"",0,0.0,-1,-2.9,-2,-5.4,-1,-2.7,112709,28.4,0,0.0,0,0.0,279,33.2
"48387","3","10","71","0","2017","4","",19,665,668,670,4880526,124077,121,562,"",4.62,2.52,2.52,2.52,2.44,2.35,0.42,0.97,"",0,0.0,6,0.9,7,1.1,7,1.1,144035,3.0,23161,23.0,-1793,-93.7,11,2.0
"48387","5","10","71","0","2017","4","",204,1926,1937,1949,17426480,2548701,54323,692,"",0.87,0.85,0.85,0.85,0.88,0.99,1.00,1.03,"",3,1.5,45,2.4,28,1.5,-13,-0.7,505730,3.0,143506,6.0,-16874,-23.7,13,1.9
"48389","0","10","70","0","2017","4","",364,6096,6180,6168,85645915,10764498,419119,1072,"",1.00,1.00,1.00,1.00,1.00,1.00,1.00,1.00,"",42,13.0,1600,35.6,1715,38.4,1642,36.3,37216312,76.8,6553895,155.7,347416,484.5,243,29.3
"48389","1","10","71","0","2017","4","",9,64,63,65,1046510,0,0,1258,"",4.12,0.55,0.53,0.55,0.44,0.00,0.00,0.82,"",0,0.0,1,1.6,0,0.0,-2,-3.0,-27286,-2.5,0,0.0,0,0.0,-26,-2.0
"48389","2","10","71","0","2017","4","",8,53,54,55,754373,0,0,1075,"",3.14,0.27,0.27,0.28,0.27,0.00,0.00,0.98,"",-2,-20.0,-9,-14.5,-8,-12.9,-6,-9.8,126107,20.1,0,0.0,0,0.0,291,37.1
"48389","3","10","71","0","2017","4","",40,1501,1474,1460,16677798,123913,120,868,"",6.47,2.49,2.40,2.39,2.26,0.58,0.05,0.93,"",2,5.3,-44,-2.8,-60,-3.9,-116,-7.4,-67577,-0.4,8572,7.4,-2068,-94.5,38,4.6
"48389","5","10","71","0","2017","4","",307,4478,4589,4588,67167234,10640585,418999,1135,"",0.87,0.86,0.87,0.88,0.92,1.02,1.01,1.05,"",42,15.8,1652,58.5,1783,63.5,1766,62.6,37185068,124.0,6545323,159.8,349484,502.7,317,38.8
"48391","0","10","70","0","2017","4","",210,2337,2342,2297,22512070,1663885,37636,745,"",1.00,1.00,1.00,1.00,1.00,1.00,1.00,1.00,"",4,1.9,138,6.3,142,6.5,68,3.1,1003317,4.7,-26343,-1.6,14675,63.9,-4,-0.5
"48391","1","10","71","0","2017","4","",8,31,32,33,422783,0,0,1016,"",6.35,0.69,0.71,0.75,0.68,0.00,0.00,0.95,"",0,0.0,5,19.2,1,3.2,1,3.1,41267,10.8,0,0.0,0,0.0,27,2.7
"48391","2","10","71","0","2017","4","",7,29,28,29,658132,0,0,1766,"",4.76,0.39,0.37,0.40,0.90,0.00,0.00,2.32,"",0,0.0,3,11.5,2,7.7,1,3.6,253774,62.8,0,0.0,0,0.0,600,51.5
"48391","3","10","71","0","2017","4","",30,619,630,631,5826540,1419,1,715,"",8.40,2.67,2.71,2.78,3.01,0.04,0.01,1.11,"",-1,-3.2,-35,-5.4,-24,-3.7,-30,-4.5,21013,0.4,-354,-20.0,-32,-97.0,35,5.1
"48391","5","10","71","0","2017","4","",165,1658,1652,1604,15604615,1662466,37635,733,"",0.81,0.84,0.83,0.82,0.81,1.03,1.01,0.98,"",5,3.1,165,11.1,163,10.9,96,6.4,687263,4.6,-25989,-1.5,14707,64.1,-34,-4.4
"48393","0","10","70","0","2017","4","",45,250,261,250,2654859,176614,2271,805,"",1.00,1.00,1.00,1.00,1.00,1.00,1.00,1.00,"",1,2.3,-22,-8.1,-13,-4.7,-14,-5.3,-81316,-3.0,57021,47.7,366,19.2,25,3.2
"48393","1","10","71","0","2017","4","",2,5,5,4,44055,0,0,726,"",7.41,1.04,1.00,0.83,0.60,0.00,0.00,0.63,"",0,0.0,0,0.0,0,0.0,-1,-20.0,-16523,-27.3,0,0.0,0,0.0,-206,-22.1
"48393","2","10","71","0","2017","4","-",0,0,0,0,0,0,0,0,"N",0.00,0,0,0,0,0,0,0,"N",-1,-100.0,0,0,0,0,0,0,0,0,0,0,0,0,0,0
"48393","3","10","71","0","2017","4","",14,100,104,100,827769,17371,16,628,"",18.30,4.04,4.01,4.04,3.63,4.97,1.34,0.90,"N",0,0.0,0,0,0,0,0,0,0,0,0,0,0,0,0,0
"48393","5","10","71","0","2017","4","",29,145,152,146,1783035,159243,2255,929,"",0.66,0.68,0.69,0.69,0.79,0.93,1.00,1.15,"",2,7.4,-18,-11.0,-15,-9.0,-16,-9.9,-33371,-1.8,53688,50.9,616,37.6,77,9.0
"48395","0","10","70","0","2017","4","",360,4272,4300,4315,48839807,3893701,100831,875,"",1.00,1.00,1.00,1.00,1.00,1.00,1.00,1.00,"",2,0.6,233,5.8,233,5.7,250,6.2,5085375,11.6,1013404,35.2,49403,96.1,45,5.4
"48395","1","10","71","0","2017","4","",8,39,36,37,497979,0,0,1026,"",3.71,0.47,0.44,0.45,0.37,0.00,0.00,0.82,"",0,0.0,-1,-2.5,-4,-10.0,-4,-9.8,48625,10.8,0,0.0,0,0.0,169,19.7
"48395","2","10","71","0","2017","4","",10,39,39,38,611414,0,0,1216,"",3.96,0.28,0.28,0.28,0.38,0.00,0.00,1.36,"",0,0.0,-5,-11.4,-4,-9.3,-4,-9.5,24641,4.2,0,0.0,0,0.0,166,15.8
"48395","3","10","71","0","2017","4","",33,956,978,954,8434794,65086,64,674,"",5.39,2.26,2.29,2.23,2.01,0.84,0.12,0.89,"",0,0.0,-48,-4.8,-29,-2.9,-55,-5.5,-100294,-1.2,29298,81.9,-616,-90.6,22,3.4
"48395","5","10","71","0","2017","4","",309,3238,3247,3286,39295620,3828615,100767,928,"",0.88,0.89,0.89,0.90,0.94,1.02,1.01,1.05,"",2,0.7,287,9.7,270,9.1,313,10.5,5112403,15.0,984106,34.6,50019,98.6,42,4.7
"48397","0","10","70","0","2017","4","",2464,30093,30317,30592,336808371,30243292,507404,854,"",1.00,1.00,1.00,1.00,1.00,1.00,1.00,1.00,"",145,6.3,1217,4.2,1127,3.9,1342,4.6,27292518,8.8,2634327,9.5,88173,21.0,36,4.4
"48397","1","10","71","0","2017","4","",5,127,126,134,2351684,0,0,1402,"",0.34,0.22,0.22,0.23,0.25,0.00,0.00,1.15,"",1,25.0,11,9.5,12,10.5,10,8.1,300428,14.6,0,0.0,0,0.0,65,4.9
"48397","2","10","71","0","2017","4","",9,47,47,47,506609,0,0,829,"",0.52,0.05,0.05,0.05,0.05,0.00,0.00,0.95,"",0,0.0,-2,-4.1,-2,-4.1,-2,-4.1,-47616,-8.6,0,0.0,0,0.0,-41,-4.7
"48397","3","10","71","0","2017","4","",43,3861,3887,3905,42724167,950,0,846,"",1.03,1.29,1.29,1.29,1.48,0.00,0.00,1.14,"",2,4.9,79,2.1,69,1.8,118,3.1,1958507,4.8,-14978,-94.0,-302,-100.0,20,2.4
"48397","5","10","71","0","2017","4","",2407,26058,26257,26506,291225911,30242342,507404,853,"",1.01,1.02,1.02,1.02,1.01,1.03,1.01,0.99,"",142,6.3,1129,4.5,1048,4.2,1216,4.8,25081199,9.4,2649305,9.6,88475,21.1,39,4.8
"48399","0","10","70","0","2017","4","",282,2938,2948,3017,26813861,3019071,58483,695,"",1.00,1.00,1.00,1.00,1.00,1.00,1.00,1.00,"",1,0.4,70,2.4,83,2.9,154,5.4,1518709,6.0,627281,26.2,14479,32.9,16,2.4
"48399","1","10","71","0","2017","4","",7,40,37,36,460784,0,0,941,"",4.14,0.71,0.66,0.62,0.63,0.00,0.00,0.95,"",-1,-12.5,-3,-7.0,0,0.0,0,0.0,-43089,-8.6,0,0.0,0,0.0,-61,-6.1
"48399","2","10","71","0","2017","4","",9,33,32,31,519320,0,0,1248,"",4.55,0.35,0.34,0.32,0.59,0.00,0.00,1.76,"",-1,-10.0,-2,-5.7,-3,-8.6,-4,-11.4,59597,13.0,0,0.0,0,0.0,238,23.6
"48399","3","10","71","0","2017","4","",24,794,786,789,6795494,52436,49,662,"",5.01,2.73,2.68,2.64,2.95,0.88,0.16,1.10,"",-2,-7.7,44,5.9,34,4.5,48,6.5,496456,7.9,-55296,-51.3,-1994,-97.6,14,2.2
"48399","5","10","71","0","2017","4","",242,2071,2093,2161,19038263,2966635,58434,695,"",0.88,0.83,0.84,0.84,0.83,1.02,1.01,0.99,"",5,2.1,31,1.5,52,2.5,110,5.4,1005745,5.6,682577,29.9,16473,39.3,16,2.4
"48401","0","10","70","0","2017","4","",865,13340,13353,13374,147146405,11633227,378951,848,"",1.00,1.00,1.00,1.00,1.00,1.00,1.00,1.00,"",11,1.3,-133,-1.0,-45,-0.3,93,0.7,-14321378,-8.9,1231542,11.8,117017,44.7,-80,-8.6
"48401","1","10","71","0","2017","4","",14,68,67,70,925943,0,0,1042,"",2.70,0.26,0.26,0.27,0.23,0.00,0.00,0.86,"",0,0.0,2,3.0,-1,-1.5,-3,-4.1,46997,5.3,0,0.0,0,0.0,62,6.3
"48401","2","10","71","0","2017","4","",19,178,179,173,2108332,0,0,918,"",3.13,0.42,0.42,0.41,0.44,0.00,0.00,1.06,"",-2,-9.5,-14,-7.3,-15,-7.7,-13,-7.0,-199466,-8.6,0,0.0,0,0.0,-13,-1.4
"48401","3","10","71","0","2017","4","",58,2316,2317,2330,21692988,22802,17,719,"",3.94,1.75,1.75,1.76,1.71,0.10,0.01,0.98,"",0,0.0,19,0.8,31,1.4,25,1.1,338140,1.6,-11901,-34.3,-638,-97.4,4,0.6
"48401","5","10","71","0","2017","4","",774,10778,10790,10801,122419142,11610425,378934,873,"",0.92,0.95,0.95,0.95,0.97,1.03,1.01,1.02,"",13,1.7,-140,-1.3,-60,-0.6,84,0.8,-14507049,-10.6,1243443,12.0,117655,45.0,-100,-10.3
"48403","0","10","70","0","2017","4","",195,2389,2360,2353,21867608,2716995,103567,711,"",1.00,1.00,1.00,1.00,1.00,1.00,1.00,1.00,"",0,0.0,176,8.0,80,3.5,152,6.9,1970660,9.9,610575,29.0,53088,105.2,25,3.6
"48403","1","10","71","0","2017","4","",6,45,43,41,564859,0,0,1010,"",5.13,0.98,0.95,0.90,0.94,0.00,0.00,0.99,"",-1,-14.3,-3,-6.2,-6,-12.2,-9,-18.0,-16847,-2.9,0,0.0,0,0.0,97,10.6
"48403","2","10","71","0","2017","4","",7,32,32,33,435184,0,0,1035,"",5.12,0.42,0.42,0.44,0.61,0.00,0.00,1.43,"",-2,-22.2,-3,-8.6,-4,-11.1,-5,-13.2,-513,-0.1,0,0.0,0,0.0,113,12.3
"48403","3","10","71","0","2017","4","",20,464,462,464,3853529,33886,31,640,"",6.03,1.96,1.97,1.99,2.05,0.63,0.06,1.04,"",0,0.0,27,6.2,21,4.8,27,6.2,129363,3.5,6074,21.8,-495,-94.1,-14,-2.1
"48403","5","10","71","0","2017","4","",162,1848,1823,1815,17014036,2683109,103536,716,"",0.86,0.91,0.91,0.91,0.91,1.02,1.01,1.00,"",3,1.9,155,9.2,69,3.9,139,8.3,1858657,12.3,604501,29.1,53583,107.3,33,4.8
"48405","0","10","70","0","2017","4","",152,1752,1738,1750,18315549,1850595,31036,807,"",1.00,1.00,1.00,1.00,1.00,1.00,1.00,1.00,"",2,1.3,179,11.4,171,10.9,147,9.2,2918332,19.0,347881,23.2,7244,30.4,58,7.7
"48405","1","10","71","0","2017","4","",2,18,19,18,201108,0,0,844,"",2.19,0.53,0.57,0.53,0.40,0.00,0.00,0.73,"",0,0.0,-2,-10.0,0,0.0,0,0.0,4992,2.5,0,0.0,0,0.0,50,6.3
"48405","2","10","71","0","2017","4","",6,26,26,28,337824,0,0,974,"",5.63,0.46,0.47,0.50,0.56,0.00,0.00,1.18,"",0,0.0,-1,-3.7,-2,-7.1,0,0.0,38729,12.9,0,0.0,0,0.0,142,17.1
"48405","3","10","71","0","2017","4","",9,364,373,380,3108136,104380,103,642,"",3.48,2.10,2.16,2.19,1.97,2.85,0.63,0.92,"",0,0.0,-3,-0.8,6,1.6,14,3.8,116625,3.9,8467,8.8,-1716,-94.3,14,2.2
"48405","5","10","71","0","2017","4","",135,1344,1320,1324,14668481,1746215,30933,849,"",0.92,0.90,0.89,0.89,0.94,0.98,1.00,1.05,"",2,1.5,185,16.0,167,14.5,133,11.2,2757986,23.2,339414,24.1,8960,40.8,64,8.2
"48407","0","10","70","0","2017","4","",251,2096,2112,2082,18699352,1241740,20285,686,"",1.00,1.00,1.00,1.00,1.00,1.00,1.00,1.00,"",10,4.1,42,2.0,43,2.1,9,0.4,533452,2.9,-199398,-13.8,-5028,-19.9,9,1.3
"48407","1","10","71","0","2017","4","",4,27,26,27,342444,0,0,988,"",2.66,0.67,0.64,0.67,0.67,0.00,0.00,1.01,"",0,0.0,2,8.0,-1,-3.7,0,0.0,14905,4.6,0,0.0,0,0.0,31,3.2
"48407","2","10","71","0","2017","4","",8,39,39,40,667518,0,0,1305,"",4.55,0.58,0.58,0.60,1.09,0.00,0.00,1.87,"",0,0.0,2,5.4,3,8.3,4,11.1,166966,33.4,0,0.0,0,0.0,245,23.1
"48407","3","10","71","0","2017","4","",27,882,899,891,7757432,18612,17,670,"",6.33,4.25,4.29,4.32,4.82,0.76,0.16,1.13,"",2,8.0,21,2.4,17,1.9,12,1.4,329110,4.4,4708,33.9,-246,-93.5,16,2.4
"48407","5","10","71","0","2017","4","",212,1148,1148,1124,9931958,1223128,20268,670,"",0.87,0.64,0.64,0.64,0.62,1.02,1.01,0.97,"",8,3.9,17,1.5,24,2.1,-7,-0.6,22471,0.2,-204106,-14.3,-4782,-19.1,-5,-0.7
"48409","0","10","70","0","2017","4","",1140,19028,19363,19503,237142821,22355825,985738,945,"",1.00,1.00,1.00,1.00,1.00,1.00,1.00,1.00,"",1,0.1,-825,-4.2,-868,-4.3,-161,-0.8,-1733136,-0.7,1396368,6.7,195942,24.8,22,2.4
"48409","1","10","71","0","2017","4","",13,96,93,95,1507941,0,0,1225,"",1.90,0.26,0.25,0.25,0.23,0.00,0.00,0.91,"",0,0.0,4,4.3,0,0.0,0,0.0,88722,6.3,0,0.0,0,0.0,55,4.7
"48409","2","10","71","0","2017","4","",9,153,152,153,2219389,0,0,1118,"",1.13,0.25,0.25,0.25,0.29,0.00,0.00,1.16,"",0,0.0,7,4.8,6,4.1,6,4.1,229457,11.5,0,0.0,0,0.0,72,6.9
"48409","3","10","71","0","2017","4","",86,3839,3876,3881,36483577,435516,548,726,"",4.44,2.04,2.02,2.01,1.79,0.98,0.11,0.89,"",-1,-1.1,-92,-2.3,-127,-3.2,4,0.1,644581,1.8,-166353,-27.6,-10882,-95.2,26,3.7
"48409","5","10","71","0","2017","4","",1032,14940,15242,15374,196931914,21920309,985190,998,"",0.93,0.92,0.93,0.93,0.97,1.01,1.01,1.05,"",2,0.2,-744,-4.7,-747,-4.7,-171,-1.1,-2695896,-1.4,1562721,7.7,206824,26.6,22,2.3
"48411","0","10","70","0","2017","4","",212,1732,1775,1814,16714575,1772262,51849,725,"",1.00,1.00,1.00,1.00,1.00,1.00,1.00,1.00,"",-11,-4.9,-131,-7.0,-106,-5.6,-84,-4.4,-557359,-3.2,263725,17.5,14697,39.6,19,2.7
"48411","1","10","71","0","2017","4","",6,22,18,16,188479,0,0,777,"",4.72,0.66,0.53,0.46,0.41,0.00,0.00,0.75,"",0,0.0,4,22.2,2,12.5,-2,-11.1,-12656,-6.3,0,0.0,0,0.0,-116,-13.0
"48411","2","10","71","0","2017","4","",11,173,171,165,1760915,0,0,798,"",7.41,3.11,3.01,2.85,3.23,0.00,0.00,1.08,"",1,10.0,-9,-4.9,-12,-6.6,-18,-9.8,-90914,-4.9,0,0.0,0,0.0,18,2.3
"48411","3","10","71","0","2017","4","",21,318,324,323,2829678,36109,33,677,"",5.83,1.85,1.84,1.80,1.97,1.03,0.12,1.08,"",-1,-4.5,-8,-2.5,-3,-0.9,-5,-1.5,43621,1.6,-9545,-20.9,-831,-96.2,22,3.4
"48411","5","10","71","0","2017","4","",174,1219,1262,1310,11935503,1736153,51816,727,"",0.85,0.83,0.84,0.85,0.84,1.01,1.01,1.00,"",-11,-5.9,-118,-8.8,-93,-6.9,-59,-4.3,-497410,-4.0,273270,18.7,15528,42.8,20,2.8
"48413","0","10","70","0","2017","4","",93,730,727,745,7751933,406321,8333,812,"",1.00,1.00,1.00,1.00,1.00,1.00,1.00,1.00,"",-2,-2.1,-27,-3.6,-26,-3.5,-24,-3.1,207768,2.8,-57173,-12.3,274,3.4,48,6.3
"48413","1","10","71","0","2017","4","",3,10,11,11,142746,0,0,1029,"",5.38,0.71,0.79,0.77,0.67,0.00,0.00,0.89,"",0,0.0,0,0.0,-3,-21.4,-4,-26.7,14166,11.0,0,0.0,0,0.0,268,35.2
"48413","2","10","71","0","2017","4","",4,3,3,3,36986,0,0,948,"",6.14,0.13,0.13,0.13,0.15,0.00,0.00,1.14,"",0,0.0,-5,-62.5,-5,-62.5,-5,-62.5,-26468,-41.7,0,0.0,0,0.0,338,55.4
"48413","3","10","71","0","2017","4","",19,230,232,234,1917922,4297,4,636,"",12.02,3.18,3.21,3.17,2.88,0.53,0.09,0.90,"",-5,-20.8,-18,-7.3,-19,-7.6,-14,-5.6,-57530,-2.9,806,23.1,-62,-93.9,26,4.3
"48413","5","10","71","0","2017","4","",67,487,481,497,5654279,402024,8329,891,"",0.74,0.79,0.78,0.78,0.85,1.02,1.01,1.09,"",3,4.7,-4,-0.8,1,0.2,-1,-0.2,277600,5.2,-57979,-12.6,336,4.2,46,5.4
"48415","0","10","70","0","2017","4","",476,6548,6631,6628,84908314,5199882,160865,989,"",1.00,1.00,1.00,1.00,1.00,1.00,1.00,1.00,"",8,1.7,-325,-4.7,-278,-4.0,-368,-5.3,1421800,1.7,-26348,-0.5,46403,40.5,62,6.7
"48415","1","10","71","0","2017","4","",6,31,31,32,419204,0,0,1029,"",2.10,0.25,0.24,0.25,0.18,0.00,0.00,0.73,"",0,0.0,-4,-11.4,-3,-8.8,-5,-13.5,-27504,-6.2,0,0.0,0,0.0,56,5.8
"48415","2","10","71","0","2017","4","",14,356,342,339,3677853,0,0,818,"",4.20,1.69,1.61,1.60,1.33,0.00,0.00,0.81,"",0,0.0,-11,-3.0,-26,-7.1,-33,-8.9,-98707,-2.6,0,0.0,0,0.0,31,3.9
"48415","3","10","71","0","2017","4","",25,1318,1322,1315,13540465,8762,7,790,"",3.09,2.03,2.01,2.00,1.85,0.09,0.01,0.92,"",0,0.0,-52,-3.8,-46,-3.4,-36,-2.7,-343351,-2.5,589,7.2,-148,-95.5,6,0.8
"48415","5","10","71","0","2017","4","",431,4843,4936,4942,67270792,5191120,160858,1055,"",0.93,0.87,0.88,0.88,0.93,1.03,1.01,1.06,"",8,1.9,-258,-5.1,-203,-4.0,-294,-5.6,1891362,2.9,-26937,-0.5,46551,40.7,80,8.2
"48417","0","10","70","0","2017","4","",169,1277,1311,1324,17929087,1288013,55365,1058,"",1.00,1.00,1.00,1.00,1.00,1.00,1.00,1.00,"",-1,-0.6,21,1.7,55,4.4,19,1.5,2297307,14.7,-9919,-0.8,21579,63.9,113,12.0
"48417","1","10","71","0","2017","4","",4,13,13,15,172371,0,0,970,"",3.95,0.53,0.52,0.59,0.35,0.00,0.00,0.64,"",0,0.0,0,0.0,-1,-7.1,-3,-16.7,1845,1.1,0,0.0,0,0.0,96,11.0
"48417","2","10","71","0","2017","4","N",5,0,0,0,0,0,0,0,"N",4.22,0,0,0,0,0,0,0,"N",0,0.0,0,0,0,0,0,0,0,0,0,0,0,0,0,0
"48417","3","10","71","0","2017","4","N",9,0,0,0,0,0,0,0,"N",3.13,0,0,0,0,0,0,0,"N",0,0.0,0,0,0,0,0,0,0,0,0,0,0,0,0,0
"48417","5","10","71","0","2017","4","",151,1047,1086,1098,15675036,1278754,55357,1120,"",0.92,0.97,0.98,0.98,1.02,1.03,1.01,1.05,"",-1,-0.7,25,2.4,64,6.3,35,3.3,2217430,16.5,-13541,-1.0,21677,64.4,120,12.0
"48419","0","10","70","0","2017","4","",563,7962,8049,8088,74164416,7421230,154729,710,"",1.00,1.00,1.00,1.00,1.00,1.00,1.00,1.00,"",-11,-1.9,-323,-3.9,-271,-3.3,-195,-2.4,-2644986,-3.4,490004,7.1,31332,25.4,-2,-0.3
"48419","1","10","71","0","2017","4","",7,76,78,75,914582,0,0,922,"",2.07,0.50,0.51,0.48,0.45,0.00,0.00,0.91,"",0,0.0,4,5.6,4,5.4,-2,-2.6,8800,1.0,0,0.0,0,0.0,-15,-1.6
"48419","2","10","71","0","2017","4","",10,58,58,57,882904,0,0,1178,"",2.53,0.23,0.22,0.22,0.36,0.00,0.00,1.63,"",-2,-16.7,-2,-3.3,-1,-1.7,-3,-5.0,119177,15.6,0,0.0,0,0.0,193,19.6
"48419","3","10","71","0","2017","4","",38,1251,1259,1255,11959446,148023,144,733,"",3.97,1.59,1.58,1.57,1.88,1.01,0.18,1.19,"",1,2.7,-14,-1.1,-10,-0.8,-19,-1.5,128942,1.1,13175,9.8,-2415,-94.4,16,2.2
"48419","5","10","71","0","2017","4","",508,6577,6654,6701,60407484,7273207,154585,699,"",0.93,0.97,0.97,0.97,0.95,1.01,1.01,0.98,"",-10,-1.9,-311,-4.5,-264,-3.8,-171,-2.5,-2901905,-4.6,476829,7.0,33747,27.9,-8,-1.1
"48421","0","10","70","0","2017","4","",125,1004,956,975,11167877,926246,13157,878,"",1.00,1.00,1.00,1.00,1.00,1.00,1.00,1.00,"",-4,-3.1,-17,-1.7,-41,-4.1,-29,-2.9,-409532,-3.5,36471,4.1,3836,41.2,-6,-0.7
"48421","1","10","71","0","2017","4","",4,11,7,7,112304,0,0,1037,"",5.34,0.57,0.38,0.37,0.37,0.00,0.00,0.83,"",0,0.0,0,0.0,0,0.0,0,0.0,4688,4.4,0,0.0,0,0.0,44,4.4
"48421","2","10","71","0","2017","4","",5,11,11,11,129501,0,0,906,"",5.71,0.34,0.36,0.35,0.36,0.00,0.00,1.01,"",0,0.0,1,10.0,1,10.0,1,10.0,-19160,-12.9,0,0.0,0,0.0,-238,-20.8
"48421","3","10","71","0","2017","4","",20,265,262,263,2354696,430,0,688,"",9.41,2.66,2.76,2.73,2.45,0.02,0.00,0.90,"",0,0.0,18,7.3,10,4.0,7,2.7,160080,7.3,-9566,-95.7,-189,-100.0,17,2.5
"48421","5","10","71","0","2017","4","",96,717,676,694,8571376,925816,13157,948,"",0.79,0.84,0.83,0.84,0.90,1.03,1.01,1.07,"",-4,-4.0,-36,-4.8,-52,-7.1,-37,-5.1,-555140,-6.1,46037,5.2,4025,44.1,-4,-0.4
"48423","0","10","70","0","2017","4","",6265,104165,104796,104992,1224882470,89248347,1738900,900,"",1.00,1.00,1.00,1.00,1.00,1.00,1.00,1.00,"",145,2.4,1860,1.8,2055,2.0,1781,1.7,70984039,6.2,5303929,6.3,253193,17.0,36,4.2
"48423","1","10","71","0","2017","4","",29,626,627,623,11707600,0,0,1440,"",0.77,0.31,0.31,0.31,0.35,0.00,0.00,1.12,"",-2,-6.5,-14,-2.2,-4,-0.6,-35,-5.3,84242,0.7,0,0.0,0,0.0,49,3.5
"48423","2","10","71","0","2017","4","",30,4128,4149,4108,55844603,0,0,1041,"",0.68,1.23,1.24,1.23,1.40,0.00,0.00,1.13,"",-1,-3.2,140,3.5,137,3.4,105,2.6,3535187,6.8,0,0.0,0,0.0,35,3.5
"48423","3","10","71","0","2017","4","",65,9527,9685,9726,93975272,354541,348,749,"",0.61,0.92,0.93,0.94,0.89,0.20,0.04,0.96,"",1,1.6,3,0.0,0,0.0,23,0.2,1737623,1.9,-104576,-22.8,-8368,-96.0,13,1.8
"48423","5","10","71","0","2017","4","",6141,89884,90335,90535,1063354995,88893806,1738552,906,"",1.01,1.02,1.01,1.01,1.02,1.03,1.01,1.00,"",147,2.5,1731,2.0,1922,2.2,1688,1.9,65626987,6.6,5408505,6.5,261561,17.7,39,4.5
"48425","0","10","70","0","2017","4","",230,3922,3869,3960,56746948,3349764,77734,1114,"",1.00,1.00,1.00,1.00,1.00,1.00,1.00,1.00,"",7,3.1,100,2.6,69,1.8,236,6.3,1346069,2.4,301116,9.9,22800,41.5,-13,-1.2
"48425","1","10","71","0","2017","4","",4,14,14,13,217459,0,0,1224,"",2.90,0.19,0.19,0.17,0.14,0.00,0.00,0.77,"",0,0.0,0,0.0,2,16.7,0,0.0,-26149,-10.7,0,0.0,0,0.0,-217,-15.1
"48425","2","10","71","0","2017","4","",5,32,31,30,408986,0,0,1015,"",3.10,0.25,0.25,0.24,0.22,0.00,0.00,0.89,"",0,0.0,-2,-5.9,-4,-11.4,-5,-14.3,43680,12.0,0,0.0,0,0.0,204,25.2
"48425","3","10","71","0","2017","4","",7,699,711,709,7581715,125241,125,826,"",1.79,1.80,1.85,1.81,1.55,1.89,0.31,0.85,"",0,0.0,8,1.2,18,2.6,26,3.8,277051,3.8,106325,562.1,-234,-65.2,10,1.2
"48425","5","10","71","0","2017","4","",214,3177,3113,3208,48538788,3224523,77609,1179,"",0.96,0.95,0.95,0.95,1.00,0.99,1.01,1.05,"",7,3.4,94,3.0,53,1.7,215,7.2,1051487,2.2,194791,6.4,23034,42.2,-20,-1.7
"48427","0","10","70","0","2017","4","",605,15482,15508,15634,117972552,9578479,226463,584,"",1.00,1.00,1.00,1.00,1.00,1.00,1.00,1.00,"",1,0.2,112,0.7,-36,-0.2,-41,-0.3,1294070,1.1,-373058,-3.7,-12756,-5.3,6,1.0
"48427","1","10","71","0","2017","4","",19,794,788,790,19109390,0,0,1859,"",5.24,2.66,2.66,2.62,5.89,0.00,0.00,2.23,"",-2,-9.5,18,2.3,-2,-0.3,-8,-1.0,441973,2.4,0,0.0,0,0.0,37,2.0
"48427","2","10","71","0","2017","4","",12,232,230,232,3676122,0,0,1222,"",2.83,0.47,0.46,0.47,0.95,0.00,0.00,2.05,"",0,0.0,10,4.5,9,4.1,11,5.0,543976,17.4,0,0.0,0,0.0,133,12.2
"48427","3","10","71","0","2017","4","",37,5120,5182,5251,46821802,270147,267,695,"",3.60,3.34,3.36,3.39,4.62,1.42,0.22,1.37,"",5,15.6,113,2.3,38,0.7,71,1.4,2447867,5.5,-62543,-18.8,-6051,-95.8,27,4.0
"48427","5","10","71","0","2017","4","",537,9336,9308,9361,48365238,9308332,226196,399,"",0.92,0.71,0.71,0.70,0.48,1.00,1.01,0.68,"",-2,-0.4,-29,-0.3,-81,-0.9,-115,-1.2,-2139746,-4.2,-310515,-3.2,-6705,-2.9,-14,-3.4
"48429","0","10","70","0","2017","4","",306,3235,3240,3223,33680483,2407484,62033,801,"",1.00,1.00,1.00,1.00,1.00,1.00,1.00,1.00,"",-6,-1.9,89,2.8,133,4.3,98,3.1,3298127,10.9,86335,3.7,7718,14.2,53,7.1
"48429","1","10","71","0","2017","4","",3,16,15,14,219907,0,0,1128,"",1.63,0.26,0.24,0.23,0.24,0.00,0.00,0.98,"",0,0.0,0,0.0,-1,-6.2,-5,-26.3,-26062,-10.6,0,0.0,0,0.0,15,1.3
"48429","2","10","71","0","2017","4","",11,182,180,181,1990837,0,0,846,"",5.13,1.75,1.73,1.76,1.81,0.00,0.00,1.04,"",0,0.0,9,5.2,4,2.3,6,3.4,114624,6.1,0,0.0,0,0.0,20,2.4
"48429","3","10","71","0","2017","4","",26,515,521,522,4797517,72580,71,711,"",5.00,1.61,1.62,1.64,1.66,1.52,0.22,1.02,"",-1,-3.7,24,4.9,36,7.4,36,7.4,284711,6.3,11265,18.4,-1094,-93.9,-1,-0.1
"48429","5","10","71","0","2017","4","",266,2522,2524,2506,26672222,2334904,61962,815,"",0.90,0.92,0.92,0.91,0.93,1.00,1.01,1.01,"",-5,-1.8,56,2.3,94,3.9,61,2.5,2924854,12.3,75070,3.3,8812,16.6,68,9.1
"48431","0","10","70","0","2017","4","",99,525,532,526,5943371,393843,7489,866,"",1.00,1.00,1.00,1.00,1.00,1.00,1.00,1.00,"",-1,-1.0,-49,-8.5,-44,-7.6,-46,-8.0,31146,0.5,-46174,-10.5,3126,71.6,74,9.3
"48431","1","10","71","0","2017","4","",2,5,5,5,63884,0,0,983,"",3.37,0.49,0.49,0.49,0.39,0.00,0.00,0.79,"",0,0.0,0,0.0,1,25.0,1,25.0,4139,6.9,0,0.0,0,0.0,-78,-7.4
"48431","2","10","71","0","2017","4","",5,9,10,9,199666,0,0,1646,"",7.21,0.53,0.59,0.54,1.03,0.00,0.00,1.86,"",0,0.0,-1,-10.0,0,0.0,-1,-10.0,45714,29.7,0,0.0,0,0.0,462,39.0
"48431","3","10","71","0","2017","4","",14,145,149,144,1286095,57796,57,678,"",8.32,2.79,2.82,2.77,2.52,7.41,1.45,0.90,"",0,0.0,-2,-1.4,-7,-4.5,-2,-1.4,86189,7.2,23189,67.0,-600,-91.3,61,9.9
"48431","5","10","71","0","2017","4","",78,366,368,368,4393726,336047,7432,920,"",0.81,0.82,0.81,0.82,0.87,0.88,1.00,1.06,"",-1,-1.3,-46,-11.2,-38,-9.4,-44,-10.7,-104896,-2.3,-69363,-17.1,3726,100.5,76,9.0
"48433","0","10","70","0","2017","4","",86,477,472,481,4730336,181354,4815,763,"",1.00,1.00,1.00,1.00,1.00,1.00,1.00,1.00,"",3,3.6,-10,-2.1,-9,-1.9,-5,-1.0,289389,6.5,-19947,-9.9,1894,64.8,58,8.2
"48433","1","10","71","0","2017","4","",4,12,12,15,127328,0,0,753,"",7.75,1.31,1.33,1.62,0.98,0.00,0.00,0.69,"",0,0.0,-3,-20.0,0,0.0,-1,-6.2,3518,2.8,0,0.0,0,0.0,89,13.4
"48433","2","10","71","0","2017","4","",4,11,11,11,166852,0,0,1167,"",6.64,0.72,0.73,0.72,1.08,0.00,0.00,1.50,"",0,0.0,-1,-8.3,-1,-8.3,-1,-8.3,-6628,-3.8,0,0.0,0,0.0,55,4.9
"48433","3","10","71","0","2017","4","",18,210,210,211,1837024,21951,20,672,"",12.31,4.44,4.48,4.43,4.52,6.11,0.79,1.02,"",0,0.0,2,1.0,-3,-1.4,-8,-3.7,-8469,-0.5,15586,244.9,-100,-83.3,7,1.1
"48433","5","10","71","0","2017","4","",60,244,239,244,2599132,159403,4795,825,"",0.72,0.60,0.60,0.60,0.64,0.91,1.00,1.08,"",3,5.3,-8,-3.2,-5,-2.0,5,2.1,300968,13.1,-35533,-18.2,1994,71.2,103,14.3
"48435","0","10","70","0","2017","4","",187,1872,1858,1847,30799329,1368483,51413,1274,"",1.00,1.00,1.00,1.00,1.00,1.00,1.00,1.00,"",-6,-3.1,25,1.4,-3,-0.2,21,1.2,3709037,13.7,24975,1.9,22942,80.6,144,12.7
"48435","1","10","71","0","2017","4","",1,5,6,6,59268,0,0,805,"",0.89,0.14,0.17,0.17,0.07,0.00,0.00,0.44,"",-1,-50.0,-2,-28.6,-1,-14.3,0,0.0,-7214,-10.9,0,0.0,0,0.0,38,5.0
"48435","2","10","71","0","2017","4","",8,36,36,40,504584,0,0,1040,"",6.11,0.60,0.60,0.68,0.50,0.00,0.00,0.80,"",-1,-11.1,-2,-5.3,-1,-2.7,3,8.1,85692,20.5,0,0.0,0,0.0,177,20.5
"48435","3","10","71","0","2017","4","",8,349,350,350,3635595,57895,56,800,"",2.52,1.88,1.90,1.91,1.37,2.14,0.21,0.72,"",0,0.0,-23,-6.2,-28,-7.4,-8,-2.2,-393685,-9.8,-68549,-54.2,-2344,-97.7,-39,-4.6
"48435","5","10","71","0","2017","4","",170,1482,1466,1451,26599882,1310588,51357,1395,"",0.94,0.93,0.93,0.92,1.01,0.99,1.01,1.09,"",-4,-2.3,52,3.6,27,1.9,26,1.8,4024244,17.8,93524,7.7,25286,97.0,182,15.0
"48437","0","10","70","0","2017","4","",213,1975,1998,2029,18617624,1512953,33199,716,"",1.00,1.00,1.00,1.00,1.00,1.00,1.00,1.00,"",0,0.0,-104,-5.0,-93,-4.4,-31,-1.5,-350545,-1.8,-489379,-24.4,-10889,-24.7,13,1.8
"48437","1","10","71","0","2017","4","",6,21,21,21,301364,0,0,1104,"",4.70,0.55,0.55,0.54,0.59,0.00,0.00,1.08,"",0,0.0,-1,-4.5,-1,-4.5,-3,-12.5,8681,3.0,0,0.0,0,0.0,111,11.2
"48437","2","10","71","0","2017","4","",11,154,153,150,1788723,0,0,903,"",7.37,2.43,2.39,2.32,2.94,0.00,0.00,1.24,"",0,0.0,5,3.4,6,4.1,-2,-1.3,98258,5.8,0,0.0,0,0.0,32,3.7
"48437","3","10","71","0","2017","4","",12,591,591,604,5427317,13065,12,701,"",3.31,3.02,2.98,3.01,3.39,0.44,0.07,1.13,"",0,0.0,-3,-0.5,-4,-0.7,16,2.7,172014,3.3,1247,10.6,-212,-94.6,19,2.8
"48437","5","10","71","0","2017","4","",184,1209,1233,1254,11100220,1499888,33187,693,"",0.89,0.72,0.73,0.73,0.70,1.02,1.01,0.96,"",0,0.0,-105,-8.0,-94,-7.1,-42,-3.2,-629498,-5.4,-490626,-24.6,-10677,-24.3,5,0.7
"48439","0","10","70","0","2017","4","",43791,883378,890798,891649,12419905097,787013936,17047839,1075,"",1.00,1.00,1.00,1.00,1.00,1.00,1.00,1.00,"",1428,3.4,20138,2.3,19006,2.2,16911,1.9,797409549,6.9,12573568,1.6,2043274,13.6,47,4.6
"48439","1","10","71","0","2017","4","",122,15746,16280,16421,341544929,0,0,1627,"",0.46,0.93,0.95,0.96,1.00,0.00,0.00,1.06,"",0,0.0,955,6.5,1383,9.3,1406,9.4,31065327,10.0,0,0.0,0,0.0,24,1.5
"48439","2","10","71","0","2017","4","",41,10601,10366,10115,133782841,0,0,993,"",0.13,0.37,0.36,0.36,0.33,0.00,0.00,0.91,"",-1,-2.4,132,1.3,-132,-1.3,-386,-3.7,-1399686,-1.0,0,0.0,0,0.0,2,0.2
"48439","3","10","71","0","2017","4","",295,88103,88689,87796,1111715171,2815769,2801,970,"",0.40,1.01,1.00,0.99,1.04,0.18,0.03,1.04,"",-2,-0.7,1727,2.0,1577,1.8,122,0.1,41769846,3.9,133186,5.0,-48152,-94.5,25,2.6
"48439","5","10","71","0","2017","4","",43333,768928,775463,777317,10832862156,784198167,17045038,1077,"",1.02,1.02,1.02,1.03,1.02,1.03,1.01,1.00,"",1431,3.4,17324,2.3,16178,2.1,15769,2.1,725974062,7.2,12440382,1.6,2091426,14.0,51,5.0
"48441","0","10","70","0","2017","4","",3667,61606,61892,61861,659311505,50692115,1058113,821,"",1.00,1.00,1.00,1.00,1.00,1.00,1.00,1.00,"",31,0.9,1222,2.0,1244,2.1,1308,2.2,37364245,6.0,3086918,6.5,216237,25.7,31,3.9
"48441","1","10","71","0","2017","4","",38,1154,1200,1215,16411143,0,0,1061,"",1.73,0.97,1.01,1.02,0.91,0.00,0.00,0.90,"",-2,-5.0,18,1.6,32,2.7,14,1.2,775948,5.0,0,0.0,0,0.0,32,3.1
"48441","2","10","71","0","2017","4","",27,3180,3190,3191,35206090,0,0,850,"",1.05,1.61,1.61,1.62,1.64,0.00,0.00,1.02,"",1,3.8,-40,-1.2,-31,-1.0,-20,-0.6,824599,2.4,0,0.0,0,0.0,28,3.4
"48441","3","10","71","0","2017","4","",51,6633,6653,6665,67347333,276948,272,779,"",0.82,1.09,1.08,1.09,1.19,0.28,0.05,1.09,"",0,0.0,56,0.9,13,0.2,3,0.0,889022,1.3,-23122,-7.7,-5426,-95.2,8,1.0
"48441","5","10","71","0","2017","4","",3551,50639,50849,50790,540346939,50415167,1057841,819,"",1.00,0.97,0.97,0.97,0.96,1.03,1.01,0.99,"",32,0.9,1188,2.4,1230,2.5,1311,2.6,34874676,6.9,3110040,6.6,221663,26.5,34,4.3
"48443","0","10","70","0","2017","4","",53,299,299,289,2970063,200344,4047,773,"",1.00,1.00,1.00,1.00,1.00,1.00,1.00,1.00,"",5,10.4,20,7.2,26,9.5,26,9.9,225607,8.2,48781,32.2,874,27.5,-4,-0.5
"48443","1","10","71","0","2017","4","",3,43,43,42,1074149,0,0,1937,"",9.44,7.47,7.51,7.54,13.16,0.00,0.00,1.75,"",0,0.0,-3,-6.5,-2,-4.4,-2,-4.5,-3241,-0.3,0,0.0,0,0.0,95,5.2
"48443","2","10","71","0","2017","4","",6,25,26,25,256986,0,0,780,"",16.16,2.60,2.71,2.71,2.65,0.00,0.00,0.99,"",1,20.0,2,8.7,3,13.0,2,8.7,47729,22.8,0,0.0,0,0.0,80,11.4
"48443","3","10","71","0","2017","4","",4,74,77,76,626995,14703,14,637,"",4.44,2.50,2.59,2.66,2.46,3.71,0.66,0.95,"",0,0.0,-8,-9.8,-3,-3.8,4,5.6,-2085,-0.3,-29684,-66.9,-829,-98.3,17,2.7
"48443","5","10","71","0","2017","4","",40,157,153,146,1011933,185641,4033,512,"",0.78,0.62,0.60,0.59,0.40,0.96,1.00,0.66,"",4,11.1,29,22.7,28,22.4,22,17.7,183204,22.1,78465,73.2,1703,73.1,5,1.0
"48445","0","10","70","0","2017","4","",399,3872,3948,3868,46013804,3649439,98645,909,"",1.00,1.00,1.00,1.00,1.00,1.00,1.00,1.00,"",-12,-2.9,-42,-1.1,-7,-0.2,-89,-2.2,2556703,5.9,-23584,-0.6,29708,43.1,61,7.2
"48445","1","10","71","0","2017","4","",5,26,24,25,316263,0,0,973,"",2.09,0.35,0.32,0.34,0.25,0.00,0.00,0.75,"",0,0.0,1,4.0,-1,-4.0,-2,-7.4,-3934,-1.2,0,0.0,0,0.0,13,1.4
"48445","2","10","71","0","2017","4","",11,166,163,165,1945449,0,0,909,"",3.93,1.34,1.29,1.34,1.30,0.00,0.00,0.98,"",-1,-8.3,-25,-13.1,-27,-14.2,-26,-13.6,-140649,-6.7,0,0.0,0,0.0,67,8.0
"48445","3","10","71","0","2017","4","",34,858,866,858,8306378,13008,13,742,"",5.01,2.24,2.21,2.24,2.10,0.18,0.03,0.94,"",0,0.0,-17,-1.9,-14,-1.6,-18,-2.1,-105326,-1.3,-19680,-60.2,-607,-97.9,4,0.5
"48445","5","10","71","0","2017","4","",349,2822,2895,2820,35445714,3636431,98632,958,"",0.90,0.86,0.86,0.86,0.90,1.03,1.01,1.05,"",-11,-3.1,-1,0.0,35,1.2,-43,-1.5,2806612,8.6,-3904,-0.1,30315,44.4,77,8.7
"48447","0","10","70","0","2017","4","",76,422,416,412,3043827,146069,1775,562,"",1.00,1.00,1.00,1.00,1.00,1.00,1.00,1.00,"",1,1.3,-69,-14.1,-66,-13.7,-76,-15.6,-1099609,-26.5,-84550,-36.7,-1206,-40.5,-92,-14.1
"48447","1","10","71","0","2017","4","",4,6,6,7,94459,0,0,1147,"",8.78,0.74,0.75,0.88,1.13,0.00,0.00,1.43,"",0,0.0,-2,-25.0,-1,-14.3,-2,-22.2,-11454,-10.8,0,0.0,0,0.0,129,12.7
"48447","2","10","71","0","2017","4","",5,6,6,6,91610,0,0,1174,"",9.39,0.44,0.45,0.46,0.92,0.00,0.00,2.05,"",0,0.0,-3,-33.3,-5,-45.5,-5,-45.5,-2141,-2.3,0,0.0,0,0.0,476,68.2
"48447","3","10","71","0","2017","4","",16,175,180,173,1119939,0,0,489,"",12.39,4.19,4.36,4.24,4.28,0.00,0.00,1.00,"",0,0.0,7,4.2,10,5.9,4,2.4,44641,4.2,0,0.0,0,0.0,0,0.0
"48447","5","10","71","0","2017","4","",51,235,224,226,1737819,146069,1775,585,"",0.69,0.66,0.63,0.65,0.67,1.03,1.01,1.04,"",1,2.0,-71,-23.2,-70,-23.8,-73,-24.4,-1130655,-39.4,-84550,-36.7,-1206,-40.5,-151,-20.5
"48449","0","10","70","0","2017","4","",794,15782,15771,15870,146443280,12749995,215374,713,"",1.00,1.00,1.00,1.00,1.00,1.00,1.00,1.00,"",69,9.5,181,1.2,76,0.5,140,0.9,4851172,3.4,-446573,-3.4,-13724,-6.0,18,2.6
"48449","1","10","71","0","2017","4","",9,88,86,86,1372817,0,0,1218,"",1.89,0.29,0.28,0.28,0.34,0.00,0.00,1.19,"",0,0.0,-8,-8.3,-12,-12.2,-14,-14.0,-34324,-2.4,0,0.0,0,0.0,113,10.2
"48449","2","10","71","0","2017","4","",16,135,136,139,1970507,0,0,1109,"",2.88,0.27,0.27,0.27,0.41,0.00,0.00,1.53,"",0,0.0,-8,-5.6,-4,-2.9,2,1.5,43643,2.3,0,0.0,0,0.0,50,4.7
"48449","3","10","71","0","2017","4","",35,2729,2738,2737,25717753,617093,613,723,"",2.59,1.75,1.75,1.74,2.04,2.44,0.54,1.17,"",0,0.0,22,0.8,13,0.5,19,0.7,706326,2.8,36964,6.4,-10406,-94.4,15,2.1
"48449","5","10","71","0","2017","4","",734,12830,12811,12908,117382203,12132902,214761,703,"",0.95,0.96,0.96,0.96,0.94,0.98,1.00,0.98,"",69,10.4,175,1.4,79,0.6,133,1.0,4135527,3.7,-483537,-3.8,-3318,-1.5,18,2.6
"48451","0","10","70","0","2017","4","",2916,47611,47731,47786,514553499,38485891,719024,830,"",1.00,1.00,1.00,1.00,1.00,1.00,1.00,1.00,"",-32,-1.1,941,2.0,817,1.7,922,2.0,25613801,5.2,2700581,7.5,172168,31.5,27,3.4
"48451","1","10","71","0","2017","4","",51,1174,1181,1183,17675096,0,0,1153,"",2.92,1.28,1.29,1.29,1.25,0.00,0.00,0.97,"",0,0.0,-16,-1.3,-23,-1.9,-11,-0.9,561629,3.3,0,0.0,0,0.0,52,4.7
"48451","2","10","71","0","2017","4","",35,2322,2317,2330,28123687,0,0,931,"",1.71,1.52,1.52,1.53,1.67,0.00,0.00,1.10,"",-1,-2.8,-57,-2.4,-64,-2.7,-53,-2.2,1616988,6.1,0,0.0,0,0.0,75,8.8
"48451","3","10","71","0","2017","4","",61,5259,5259,5256,49906069,280743,279,730,"",1.23,1.11,1.11,1.11,1.13,0.37,0.07,1.01,"",0,0.0,-153,-2.8,-150,-2.8,-133,-2.5,846776,1.7,13929,5.2,-4787,-94.5,32,4.6
"48451","5","10","71","0","2017","4","",2769,38856,38974,39017,418848647,38205148,718745,827,"",0.98,0.96,0.96,0.96,0.95,1.03,1.01,0.99,"",-31,-1.1,1167,3.1,1054,2.8,1119,3.0,22588408,5.7,2686652,7.6,176955,32.7,21,2.6
"48453","0","10","70","0","2017","4","",41265,734788,737224,738571,12233296368,640829484,14165412,1277,"",1.00,1.00,1.00,1.00,1.00,1.00,1.00,1.00,"",1629,4.1,19584,2.7,19012,2.6,20831,2.9,631904499,5.4,21480573,3.5,1244215,9.6,32,2.6
"48453","1","10","71","0","2017","4","",76,10674,10882,10944,176825437,0,0,1256,"",0.31,0.75,0.77,0.77,0.53,0.00,0.00,0.69,"",0,0.0,509,5.0,309,2.9,482,4.6,6281090,3.7,0,0.0,0,0.0,-5,-0.4
"48453","2","10","71","0","2017","4","",124,57520,57368,57476,924405078,0,0,1238,"",0.43,2.44,2.43,2.44,2.31,0.00,0.00,0.95,"",-4,-3.1,-733,-1.3,-756,-1.3,-846,-1.5,10405162,1.1,0,0.0,0,0.0,31,2.6
"48453","3","10","71","0","2017","4","",145,56561,56384,56040,787444494,1918867,1901,1075,"",0.21,0.78,0.77,0.77,0.75,0.15,0.03,0.97,"",1,0.7,980,1.8,-98,-0.2,-295,-0.5,23270896,3.0,70970,3.8,-33193,-94.6,28,2.7
"48453","5","10","71","0","2017","4","",40920,610033,612590,614111,10344621359,638910617,14163511,1300,"",1.02,0.98,0.98,0.98,0.99,1.03,1.01,1.01,"",1632,4.2,18828,3.2,19557,3.3,21490,3.6,591947351,6.1,21409603,3.5,1277408,9.9,33,2.6
"48455","0","10","70","0","2017","4","",218,2243,2235,2225,18875272,1664476,25606,650,"",1.00,1.00,1.00,1.00,1.00,1.00,1.00,1.00,"",2,0.9,-94,-4.0,-100,-4.3,-110,-4.7,-995313,-5.0,24280,1.5,1562,6.5,-4,-0.6
"48455","1","10","71","0","2017","4","",6,22,24,25,260539,0,0,847,"",4.59,0.51,0.56,0.58,0.50,0.00,0.00,0.91,"",0,0.0,-1,-4.3,0,0.0,1,4.2,10341,4.1,0,0.0,0,0.0,34,4.2
"48455","2","10","71","0","2017","4","",9,41,42,43,542837,0,0,994,"",5.89,0.57,0.59,0.61,0.88,0.00,0.00,1.50,"",0,0.0,8,24.2,9,27.3,10,30.3,144605,36.3,0,0.0,0,0.0,66,7.1
"48455","3","10","71","0","2017","4","",24,586,587,592,4963996,41844,40,649,"",6.48,2.64,2.64,2.69,3.06,1.27,0.30,1.15,"",-1,-4.0,21,3.7,21,3.7,25,4.4,21807,0.4,-15170,-26.6,-1041,-96.3,-23,-3.4
"48455","5","10","71","0","2017","4","",179,1594,1582,1565,13107900,1622632,25566,638,"",0.85,0.84,0.83,0.83,0.81,1.01,1.01,0.98,"",3,1.7,-122,-7.1,-130,-7.6,-146,-8.5,-1172066,-8.2,39450,2.5,2603,11.3,-3,-0.5
"48457","0","10","70","0","2017","4","",319,3665,3705,3675,33357282,2107524,40951,697,"",1.00,1.00,1.00,1.00,1.00,1.00,1.00,1.00,"",7,2.2,-244,-6.2,-211,-5.4,-238,-6.1,-1302999,-3.8,-108045,-4.9,3979,10.8,16,2.3
"48457","1","10","71","0","2017","4","",12,42,42,41,553097,0,0,1021,"",6.27,0.60,0.59,0.58,0.60,0.00,0.00,1.02,"",0,0.0,-2,-4.5,0,0.0,-2,-4.7,-9258,-1.6,0,0.0,0,0.0,15,1.5
"48457","2","10","71","0","2017","4","",13,531,534,517,5980528,0,0,872,"",5.82,4.51,4.50,4.41,5.49,0.00,0.00,1.23,"",-2,-13.3,-143,-21.2,-126,-19.1,-135,-20.7,-675509,-10.1,0,0.0,0,0.0,99,12.8
"48457","3","10","71","0","2017","4","",29,1087,1095,1095,9274957,38146,35,653,"",5.35,2.99,2.98,3.01,3.23,0.91,0.16,1.08,"",-2,-6.5,20,1.9,28,2.6,18,1.7,79275,0.9,19699,106.8,-314,-90.0,-8,-1.2
"48457","5","10","71","0","2017","4","",265,2005,2034,2022,17548700,2069378,40916,668,"",0.86,0.64,0.65,0.65,0.62,1.01,1.01,0.95,"",11,4.3,-119,-5.6,-113,-5.3,-119,-5.6,-697507,-3.8,-127744,-5.8,4293,11.7,11,1.7
"48459","0","10","70","0","2017","4","",563,6736,6706,6672,68809785,5297398,108621,789,"",1.00,1.00,1.00,1.00,1.00,1.00,1.00,1.00,"",12,2.2,205,3.1,162,2.5,106,1.6,5871181,9.3,483550,10.0,30520,39.1,50,6.8
"48459","1","10","71","0","2017","4","",5,61,61,60,811026,0,0,1028,"",1.48,0.47,0.48,0.47,0.43,0.00,0.00,0.91,"",0,0.0,-2,-3.2,0,0.0,-2,-3.2,27513,3.5,0,0.0,0,0.0,56,5.8
"48459","2","10","71","0","2017","4","",11,76,76,77,1003635,0,0,1011,"",2.79,0.35,0.35,0.36,0.45,0.00,0.00,1.26,"",0,0.0,5,7.0,3,4.1,5,6.9,125900,14.3,0,0.0,0,0.0,73,7.8
"48459","3","10","71","0","2017","4","",28,1654,1676,1674,15308064,41940,40,706,"",2.93,2.48,2.52,2.54,2.59,0.40,0.07,1.03,"",2,7.7,37,2.3,31,1.9,29,1.8,186729,1.2,23,0.1,-754,-95.0,-5,-0.7
"48459","5","10","71","0","2017","4","",519,4945,4893,4861,51687060,5255458,108581,811,"",0.95,0.86,0.86,0.86,0.88,1.03,1.01,1.02,"",10,2.0,165,3.5,128,2.7,74,1.5,5531039,12.0,483527,10.1,31274,40.5,68,9.2
"48461","0","10","70","0","2017","4","",104,1548,1562,1580,25555907,1230086,41035,1257,"",1.00,1.00,1.00,1.00,1.00,1.00,1.00,1.00,"",-2,-1.9,57,3.8,57,3.8,62,4.1,1702294,7.1,186656,17.9,15428,60.2,38,3.1
"48461","1","10","71","0","2017","4","",3,5,4,4,73938,0,0,1313,"",4.81,0.17,0.13,0.13,0.11,0.00,0.00,0.73,"",0,0.0,1,25.0,-1,-20.0,-2,-33.3,-10426,-12.4,0,0.0,0,0.0,15,1.2
"48461","2","10","71","0","2017","4","",4,13,13,13,139343,0,0,825,"",5.49,0.26,0.26,0.26,0.17,0.00,0.00,0.64,"",-1,-20.0,-1,-7.1,-1,-7.1,-1,-7.1,-119,-0.1,0,0.0,0,0.0,59,7.7
"48461","3","10","71","0","2017","4","",10,465,473,468,5400194,14313,13,886,"",5.66,3.03,3.05,2.99,2.46,0.59,0.06,0.81,"",0,0.0,17,3.8,8,1.7,10,2.2,247771,4.8,4374,44.0,-174,-93.0,19,2.2
"48461","5","10","71","0","2017","4","",87,1065,1072,1095,19942432,1215773,41022,1424,"",0.86,0.81,0.81,0.82,0.91,1.02,1.01,1.13,"",-1,-1.1,40,3.9,51,5.0,55,5.3,1465068,7.9,182282,17.6,15602,61.4,42,3.0
"48463","0","10","70","0","2017","4","",712,9878,9802,9658,89366281,6934174,124307,703,"",1.00,1.00,1.00,1.00,1.00,1.00,1.00,1.00,"",-19,-2.6,-111,-1.1,-287,-2.8,-261,-2.6,5339409,6.4,-869631,-11.1,-12007,-8.8,57,8.8
"48463","1","10","71","0","2017","4","",12,208,206,208,4862352,0,0,1804,"",2.81,1.09,1.10,1.12,1.98,0.00,0.00,1.79,"",0,0.0,-5,-2.3,-6,-2.8,-8,-3.7,4044,0.1,0,0.0,0,0.0,55,3.1
"48463","2","10","71","0","2017","4","",19,227,220,221,2531474,0,0,875,"",3.81,0.72,0.70,0.72,0.87,0.00,0.00,1.22,"",-1,-5.0,-6,-2.6,-5,-2.2,2,0.9,132373,5.5,0,0.0,0,0.0,57,7.0
"48463","3","10","71","0","2017","4","",29,2373,2394,2390,24293461,230184,229,783,"",2.40,2.42,2.46,2.50,3.16,1.68,0.35,1.28,"",-2,-6.5,-28,-1.2,-25,-1.0,-17,-0.7,714007,3.0,-79714,-25.7,-5656,-96.1,30,4.0
"48463","5","10","71","0","2017","4","",652,7070,6982,6839,57678994,6703990,124078,637,"",0.94,0.84,0.84,0.83,0.76,1.00,1.00,0.90,"",-16,-2.4,-72,-1.0,-251,-3.5,-238,-3.4,4488985,8.4,-789917,-10.5,-6351,-4.9,65,11.4
"48465","0","10","70","0","2017","4","",908,17570,17766,17773,166320281,12059730,219839,723,"",1.00,1.00,1.00,1.00,1.00,1.00,1.00,1.00,"",0,0.0,80,0.5,146,0.8,158,0.9,4803385,3.0,671535,5.9,8089,3.8,16,2.3
"48465","1","10","71","0","2017","4","",41,2101,2102,2107,40441068,0,0,1479,"",7.53,6.21,6.18,6.15,8.85,0.00,0.00,1.43,"",1,2.5,-44,-2.1,-47,-2.2,-47,-2.2,675026,1.7,0,0.0,0,0.0,56,3.9
"48465","2","10","71","0","2017","4","",14,208,209,209,2847300,0,0,1050,"",2.20,0.37,0.37,0.37,0.52,0.00,0.00,1.42,"",0,0.0,8,4.0,10,5.0,11,5.6,343709,13.7,0,0.0,0,0.0,82,8.5
"48465","3","10","71","0","2017","4","",55,2690,2706,2698,25059792,61125,61,714,"",3.56,1.55,1.53,1.53,1.75,0.26,0.05,1.14,"",3,5.8,-13,-0.5,-5,-0.2,2,0.1,112003,0.4,10473,20.7,-901,-93.7,4,0.6
"48465","5","10","71","0","2017","4","",798,12571,12749,12759,97972121,11998605,219778,594,"",0.91,0.84,0.84,0.84,0.69,1.03,1.01,0.82,"",-4,-0.5,129,1.0,188,1.5,192,1.5,3672647,3.9,661062,5.8,8990,4.3,15,2.6
"48467","0","10","70","0","2017","4","",993,11020,11086,11075,100402854,9370546,183222,698,"",1.00,1.00,1.00,1.00,1.00,1.00,1.00,1.00,"",36,3.8,233,2.2,243,2.2,298,2.8,6138844,6.5,425682,4.8,34371,23.1,27,4.0
"48467","1","10","71","0","2017","4","",10,88,89,88,1195711,0,0,1041,"",1.68,0.41,0.42,0.41,0.43,0.00,0.00,1.04,"",0,0.0,-2,-2.2,-2,-2.2,-6,-6.4,3489,0.3,0,0.0,0,0.0,41,4.1
"48467","2","10","71","0","2017","4","",9,96,96,96,1343794,0,0,1077,"",1.29,0.27,0.27,0.27,0.41,0.00,0.00,1.51,"",0,0.0,1,1.1,1,1.1,2,2.1,117780,9.6,0,0.0,0,0.0,81,8.1
"48467","3","10","71","0","2017","4","",33,2226,2253,2265,19147138,104250,99,655,"",1.96,2.04,2.05,2.07,2.22,0.56,0.10,1.08,"",0,0.0,-23,-1.0,-8,-0.4,6,0.3,973189,5.4,-7415,-6.6,-2020,-95.3,35,5.6
"48467","5","10","71","0","2017","4","",941,8610,8648,8626,78716211,9266296,183123,702,"",0.98,0.92,0.92,0.92,0.92,1.02,1.01,1.00,"",36,4.0,257,3.1,252,3.0,296,3.6,5044386,6.8,433097,4.9,36391,24.8,24,3.5
"48469","0","10","70","0","2017","4","",2495,38168,38521,38641,451599083,32083362,753767,904,"",1.00,1.00,1.00,1.00,1.00,1.00,1.00,1.00,"",-1,0.0,-838,-2.1,-687,-1.8,-507,-1.3,9435862,2.1,992777,3.2,128530,20.6,35,4.0
"48469","1","10","71","0","2017","4","",19,188,187,187,3189241,0,0,1310,"",1.27,0.26,0.25,0.25,0.26,0.00,0.00,1.01,"",-1,-5.0,-6,-3.1,-4,-2.1,-8,-4.1,-1186,0.0,0,0.0,0,0.0,41,3.2
"48469","2","10","71","0","2017","4","",20,262,259,264,3825087,0,0,1124,"",1.14,0.21,0.21,0.21,0.26,0.00,0.00,1.22,"",0,0.0,-10,-3.7,-13,-4.8,-7,-2.6,413163,12.1,0,0.0,0,0.0,158,16.4
"48469","3","10","71","0","2017","4","",57,6207,6241,6241,66050280,144126,141,816,"",1.34,1.64,1.63,1.63,1.70,0.23,0.04,1.04,"",8,16.3,-58,-0.9,-59,-0.9,-50,-0.8,668452,1.0,-71865,-33.3,-3961,-96.6,16,2.0
"48469","5","10","71","0","2017","4","",2399,31511,31834,31949,378534475,31939236,753626,917,"",0.99,0.97,0.97,0.97,0.98,1.03,1.01,1.01,"",-8,-0.3,-764,-2.4,-611,-1.9,-442,-1.4,8355433,2.3,1064642,3.4,132491,21.3,37,4.2
"48471","0","10","70","0","2017","4","",1105,24732,24808,24601,253998487,12123118,229130,791,"",1.00,1.00,1.00,1.00,1.00,1.00,1.00,1.00,"",30,2.8,-358,-1.4,-358,-1.4,-298,-1.2,5555658,2.2,1238237,11.4,64238,39.0,28,3.7
"48471","1","10","71","0","2017","4","",10,137,133,145,2338823,0,0,1301,"",1.51,0.29,0.28,0.31,0.33,0.00,0.00,1.15,"",0,0.0,-6,-4.2,-10,-7.0,-3,-2.0,75045,3.3,0,0.0,0,0.0,97,8.1
"48471","2","10","71","0","2017","4","",37,10344,10223,10215,124610850,0,0,934,"",4.78,13.03,12.86,13.02,15.03,0.00,0.00,1.16,"",-14,-27.5,-701,-6.3,-851,-7.7,-887,-8.0,-3006220,-2.4,0,0.0,0,0.0,48,5.4
"48471","3","10","71","0","2017","4","",44,2176,2176,2166,21701931,156820,156,768,"",2.34,0.89,0.88,0.89,0.99,0.65,0.13,1.12,"",-1,-2.2,-25,-1.1,-38,-1.7,-43,-1.9,176337,0.8,13931,9.7,-2557,-94.2,18,2.4
"48471","5","10","71","0","2017","4","",1014,12075,12276,12075,105346883,11966298,228974,667,"",0.95,0.57,0.58,0.58,0.49,1.02,1.01,0.84,"",45,4.6,374,3.2,541,4.6,635,5.6,8310496,8.6,1224306,11.4,66795,41.2,25,3.9
"48473","0","10","70","0","2017","4","",852,16640,16939,16916,194374252,11940710,317665,888,"",1.00,1.00,1.00,1.00,1.00,1.00,1.00,1.00,"",20,2.4,303,1.9,411,2.5,499,3.0,13499968,7.5,279597,2.4,104574,49.1,41,4.8
"48473","1","10","71","0","2017","4","",7,57,60,60,879061,0,0,1146,"",1.37,0.18,0.19,0.18,0.16,0.00,0.00,0.90,"",-1,-12.5,-4,-6.6,-2,-3.2,0,0.0,18746,2.2,0,0.0,0,0.0,61,5.6
"48473","2","10","71","0","2017","4","N",17,0,0,0,0,0,0,0,"N",2.85,0,0,0,0,0,0,0,"N",-1,-5.6,0,0,0,0,0,0,0,0,0,0,0,0,0,0
"48473","3","10","71","0","2017","4","N",30,0,0,0,0,0,0,0,"N",2.07,0,0,0,0,0,0,0,"N",0,0.0,0,0,0,0,0,0,0,0,0,0,0,0,0,0
"48473","5","10","71","0","2017","4","",798,11965,12080,12059,144319163,11847980,317574,922,"",0.97,0.85,0.84,0.84,0.87,1.03,1.01,1.03,"",22,2.8,2,0.0,55,0.5,139,1.2,8462502,6.2,261631,2.3,105903,50.0,49,5.6
"48475","0","10","70","0","2017","4","",368,4664,4747,4768,69999029,6566081,168125,1139,"",1.00,1.00,1.00,1.00,1.00,1.00,1.00,1.00,"",18,5.1,277,6.3,332,7.5,361,8.2,9668657,16.0,1057884,19.2,53961,47.3,85,8.1
"48475","1","10","71","0","2017","4","",4,13,14,14,205819,0,0,1158,"",1.81,0.14,0.15,0.15,0.11,0.00,0.00,0.71,"",-1,-20.0,0,0.0,1,7.7,-1,-6.7,-13595,-6.2,0,0.0,0,0.0,-77,-6.2
"48475","2","10","71","0","2017","4","",8,42,41,41,543545,0,0,1012,"",3.10,0.28,0.27,0.27,0.24,0.00,0.00,0.87,"",0,0.0,0,0.0,0,0.0,1,2.5,38785,7.7,0,0.0,0,0.0,65,6.9
"48475","3","10","71","0","2017","4","",25,775,793,781,8295589,29270,28,815,"",4.00,1.68,1.68,1.66,1.38,0.23,0.03,0.82,"",0,0.0,14,1.8,0,0.0,4,0.5,602989,7.8,689,2.4,-514,-94.8,53,7.0
"48475","5","10","71","0","2017","4","",331,3834,3899,3932,60954076,6536811,168097,1206,"",0.93,0.97,0.97,0.97,1.02,1.03,1.01,1.05,"",19,6.1,263,7.4,331,9.3,357,10.0,9040478,17.4,1057195,19.3,54475,47.9,88,7.9
"48477","0","10","70","0","2017","4","",961,14754,14803,14814,151825331,10003609,217165,790,"",1.00,1.00,1.00,1.00,1.00,1.00,1.00,1.00,"",24,2.6,-5,0.0,-10,-0.1,-7,0.0,7211083,5.0,295225,3.0,49004,29.1,38,5.1
"48477","1","10","71","0","2017","4","",7,77,74,75,1226907,0,0,1253,"",1.21,0.27,0.26,0.26,0.29,0.00,0.00,1.11,"",0,0.0,3,4.1,-6,-7.5,1,1.4,55493,4.7,0,0.0,0,0.0,67,5.6
"48477","2","10","71","0","2017","4","",12,1072,1074,1076,8830225,0,0,632,"",1.78,2.26,2.26,2.28,1.78,0.00,0.00,0.78,"",2,20.0,-18,-1.7,-13,-1.2,-7,-0.6,-1395004,-13.6,0,0.0,0,0.0,-92,-12.7
"48477","3","10","71","0","2017","4","",36,1853,1867,1869,20177400,10961,10,833,"",2.20,1.27,1.27,1.27,1.55,0.06,0.01,1.22,"",0,0.0,19,1.0,19,1.0,7,0.4,203761,1.0,-806,-6.8,-213,-95.5,2,0.2
"48477","5","10","71","0","2017","4","",906,11752,11788,11794,121590799,9992648,217155,794,"",0.97,0.94,0.94,0.94,0.94,1.03,1.01,1.00,"",22,2.5,-9,-0.1,-10,-0.1,-8,-0.1,8346833,7.4,296031,3.1,49217,29.3,55,7.4
"48479","0","10","70","0","2017","4","",5446,100227,101013,101182,924933464,82471174,1583855,706,"",1.00,1.00,1.00,1.00,1.00,1.00,1.00,1.00,"",95,1.8,991,1.0,904,0.9,1023,1.0,39264308,4.4,846463,1.0,176559,12.5,24,3.5
"48479","1","10","71","0","2017","4","",31,3371,3359,3362,79575376,0,0,1820,"",0.95,1.75,1.74,1.72,3.13,0.00,0.00,1.80,"",0,0.0,36,1.1,16,0.5,43,1.3,3406800,4.5,0,0.0,0,0.0,62,3.5
"48479","2","10","71","0","2017","4","",26,2098,2123,2117,23231903,0,0,846,"",0.68,0.65,0.66,0.66,0.77,0.00,0.00,1.17,"",-1,-3.7,-84,-3.8,-67,-3.1,-83,-3.8,1834506,8.6,0,0.0,0,0.0,95,12.6
"48479","3","10","71","0","2017","4","",52,16690,16720,16739,184860959,908700,907,851,"",0.56,1.68,1.67,1.67,2.32,0.56,0.11,1.39,"",0,0.0,-7,0.0,-46,-0.3,98,0.6,7266660,4.1,-18861,-2.0,-16714,-94.9,33,4.0
"48479","5","10","71","0","2017","4","",5337,78068,78811,78964,637265226,81562474,1582948,624,"",1.01,0.92,0.92,0.92,0.81,1.02,1.01,0.88,"",96,1.8,1046,1.4,1001,1.3,965,1.2,26756342,4.4,865324,1.1,193273,13.9,19,3.1
"48481","0","10","70","0","2017","4","",1172,15870,15863,15797,153203109,12147948,230120,744,"",1.00,1.00,1.00,1.00,1.00,1.00,1.00,1.00,"",30,2.6,503,3.3,468,3.0,513,3.4,10885458,7.6,1983973,19.5,77529,50.8,31,4.3
"48481","1","10","71","0","2017","4","",12,87,84,76,1223176,0,0,1143,"",1.71,0.28,0.28,0.25,0.29,0.00,0.00,1.07,"",-1,-7.7,3,3.6,1,1.2,-8,-9.5,18361,1.5,0,0.0,0,0.0,35,3.2
"48481","2","10","71","0","2017","4","",13,98,100,99,1487046,0,0,1155,"",1.58,0.19,0.20,0.20,0.30,0.00,0.00,1.52,"",1,8.3,-1,-1.0,1,1.0,-2,-2.0,64594,4.5,0,0.0,0,0.0,57,5.2
"48481","3","10","71","0","2017","4","",45,2755,2799,2807,25409863,82607,81,701,"",2.26,1.75,1.78,1.80,1.93,0.34,0.07,1.09,"",0,0.0,6,0.2,-3,-0.1,28,1.0,734452,3.0,-1021,-1.2,-1506,-94.9,17,2.5
"48481","5","10","71","0","2017","4","",1102,12930,12880,12815,125083024,12065341,230039,747,"",0.97,0.96,0.96,0.95,0.96,1.03,1.01,1.00,"",30,2.8,495,4.0,469,3.8,495,4.0,10068051,8.8,1984994,19.7,79035,52.3,33,4.6
"48483","0","10","70","0","2017","4","",210,2024,2028,2091,21263606,2778203,42700,799,"",1.00,1.00,1.00,1.00,1.00,1.00,1.00,1.00,"",-20,-8.7,31,1.6,55,2.8,86,4.3,2209831,11.6,688706,33.0,18186,74.2,63,8.6
"48483","1","10","71","0","2017","4","",7,24,25,25,245172,0,0,765,"",5.56,0.62,0.64,0.62,0.42,0.00,0.00,0.67,"",0,0.0,0,0.0,2,8.7,0,0.0,6301,2.6,0,0.0,0,0.0,-1,-0.1
"48483","2","10","71","0","2017","4","",5,17,17,18,222868,0,0,989,"",3.40,0.26,0.26,0.27,0.32,0.00,0.00,1.21,"",0,0.0,-1,-5.6,-1,-5.6,0,0.0,-48761,-18.0,0,0.0,0,0.0,-172,-14.8
"48483","3","10","71","0","2017","4","",18,565,562,567,5122745,62267,61,698,"",5.04,2.82,2.79,2.74,2.80,1.13,0.27,1.01,"",-1,-5.3,-13,-2.2,-7,-1.2,-3,-0.5,-156468,-3.0,30688,97.2,-537,-89.8,-12,-1.7
"48483","5","10","71","0","2017","4","",180,1418,1424,1481,15672821,2715936,42639,837,"",0.88,0.82,0.83,0.83,0.86,1.01,1.01,1.04,"",-19,-9.5,45,3.3,61,4.5,89,6.4,2408759,18.2,658018,32.0,18723,78.3,95,12.8
"48485","0","10","70","0","2017","4","",3244,54393,55071,55181,553865309,42470133,856674,776,"",1.00,1.00,1.00,1.00,1.00,1.00,1.00,1.00,"",50,1.6,1424,2.7,1841,3.5,1565,2.9,19289087,3.6,845436,2.0,126223,17.3,4,0.5
"48485","1","10","71","0","2017","4","",37,1835,1845,1834,25862126,0,0,1082,"",1.90,1.75,1.75,1.73,1.70,0.00,0.00,0.97,"",0,0.0,-11,-0.6,-5,-0.3,-36,-1.9,836053,3.3,0,0.0,0,0.0,44,4.2
"48485","2","10","71","0","2017","4","",26,2999,3035,3049,34289125,0,0,871,"",1.14,1.72,1.72,1.73,1.90,0.00,0.00,1.10,"",0,0.0,-74,-2.4,-56,-1.8,-59,-1.9,-526033,-1.5,0,0.0,0,0.0,4,0.5
"48485","3","10","71","0","2017","4","",90,6168,6219,6198,61472808,178277,175,763,"",1.63,1.14,1.14,1.13,1.29,0.21,0.04,1.13,"",-6,-6.2,-45,-0.7,-13,-0.2,2,0.0,107902,0.2,-120488,-40.3,-5498,-96.9,3,0.4
"48485","5","10","71","0","2017","4","",3091,43391,43972,44100,432241250,42291856,856499,759,"",0.98,0.94,0.94,0.94,0.91,1.03,1.01,0.97,"",56,1.8,1554,3.7,1915,4.6,1658,3.9,18871165,4.6,965924,2.3,131721,18.2,4,0.5
"48487","0","10","70","0","2017","4","",338,5866,5910,5946,54356475,3450611,59912,708,"",1.00,1.00,1.00,1.00,1.00,1.00,1.00,1.00,"",-8,-2.3,-75,-1.3,-36,-0.6,-2,0.0,-1111652,-2.0,-28107,-0.8,-3564,-5.6,-10,-1.4
"48487","1","10","71","0","2017","4","",5,36,36,40,516749,0,0,1065,"",2.47,0.32,0.32,0.35,0.35,0.00,0.00,1.05,"",0,0.0,0,0.0,-4,-10.0,-1,-2.4,5816,1.1,0,0.0,0,0.0,57,5.7
"48487","2","10","71","0","2017","4","",13,1353,1351,1350,10908613,0,0,621,"",5.49,7.19,7.14,7.12,6.15,0.00,0.00,0.86,"",-1,-7.1,8,0.6,3,0.2,-7,-0.5,-520368,-4.6,0,0.0,0,0.0,-30,-4.6
"48487","3","10","71","0","2017","4","",23,1102,1108,1106,10052890,100951,100,700,"",4.00,1.90,1.89,1.88,2.15,1.48,0.32,1.14,"",0,0.0,67,6.5,71,6.8,74,7.2,801819,8.7,38562,61.8,-1085,-91.6,12,1.7
"48487","5","10","71","0","2017","4","",297,3375,3415,3450,32878223,3349660,59812,741,"",0.91,0.68,0.68,0.68,0.71,1.00,1.00,1.04,"",-7,-2.3,-150,-4.3,-106,-3.0,-68,-1.9,-1398919,-4.1,-66669,-2.0,-2479,-4.0,-8,-1.1
"48489","0","10","70","0","2017","4","",314,3455,3447,3434,30910858,2333467,70880,690,"",1.00,1.00,1.00,1.00,1.00,1.00,1.00,1.00,"",1,0.3,-26,-0.7,-46,-1.3,-40,-1.2,1273090,4.3,257324,12.4,17786,33.5,35,5.3
"48489","1","10","71","0","2017","4","",7,29,29,30,389878,0,0,1022,"",3.72,0.44,0.44,0.45,0.46,0.00,0.00,1.04,"",0,0.0,0,0.0,-1,-3.3,-5,-14.3,5582,1.5,0,0.0,0,0.0,79,8.4
"48489","2","10","71","0","2017","4","",10,70,71,74,1154844,0,0,1240,"",4.55,0.63,0.64,0.68,1.14,0.00,0.00,1.76,"",0,0.0,1,1.4,2,2.9,5,7.2,181046,18.6,0,0.0,0,0.0,154,14.2
"48489","3","10","71","0","2017","4","",34,1143,1150,1139,10548274,30374,28,709,"",6.37,3.34,3.36,3.35,3.97,0.66,0.08,1.18,"",-2,-5.6,-13,-1.1,-10,-0.9,-11,-1.0,474031,4.7,3843,14.5,-473,-94.4,38,5.7
"48489","5","10","71","0","2017","4","",263,2213,2197,2191,18817862,2303093,70852,658,"",0.86,0.75,0.75,0.75,0.71,1.02,1.01,0.95,"",3,1.2,-14,-0.6,-37,-1.7,-29,-1.3,612431,3.4,253481,12.4,18259,34.7,29,4.6
"48491","0","10","70","0","2017","4","",10919,168303,169408,169554,2291256844,153110700,2953455,1042,"",1.00,1.00,1.00,1.00,1.00,1.00,1.00,1.00,"",686,6.7,7162,4.4,7196,4.4,6864,4.2,169572186,8.0,10618599,7.5,399901,15.7,35,3.5
"48491","1","10","71","0","2017","4","",35,774,816,853,13777244,0,0,1301,"",0.53,0.24,0.25,0.26,0.22,0.00,0.00,0.87,"",0,0.0,59,8.3,81,11.0,89,11.6,1518262,12.4,0,0.0,0,0.0,23,1.8
"48491","2","10","71","0","2017","4","",23,520,517,521,8013227,0,0,1187,"",0.30,0.10,0.10,0.10,0.11,0.00,0.00,1.12,"",1,4.5,87,20.1,80,18.3,80,18.1,2243520,38.9,0,0.0,0,0.0,171,16.8
"48491","3","10","71","0","2017","4","",104,23281,23327,23240,254306095,1662993,1650,840,"",0.56,1.40,1.39,1.38,1.29,0.55,0.11,0.93,"",4,4.0,869,3.9,504,2.2,557,2.5,14487746,6.0,193030,13.1,-26270,-94.1,25,3.1
"48491","5","10","71","0","2017","4","",10757,143728,144748,144940,2015160278,151447707,2951805,1073,"",1.02,1.01,1.01,1.01,1.03,1.02,1.01,1.02,"",681,6.8,6147,4.5,6531,4.7,6138,4.4,151322658,8.1,10425569,7.4,426171,16.9,36,3.5
"48493","0","10","70","0","2017","4","",741,8090,8114,8214,80889769,7710647,138953,764,"",1.00,1.00,1.00,1.00,1.00,1.00,1.00,1.00,"",33,4.7,452,5.9,415,5.4,536,7.0,9032651,12.6,1124937,17.1,44064,46.4,43,6.0
"48493","1","10","71","0","2017","4","",10,85,83,90,1101458,0,0,985,"",2.25,0.55,0.53,0.57,0.50,0.00,0.00,0.90,"",0,0.0,-3,-3.4,-3,-3.5,-3,-3.2,-18258,-1.6,0,0.0,0,0.0,17,1.8
"48493","2","10","71","0","2017","4","",11,61,61,63,907059,0,0,1131,"",2.12,0.23,0.23,0.24,0.34,0.00,0.00,1.45,"",0,0.0,1,1.7,1,1.7,3,5.0,112638,14.2,0,0.0,0,0.0,113,11.1
"48493","3","10","71","0","2017","4","",26,2277,2272,2280,22727890,358797,355,768,"",2.06,2.84,2.82,2.80,3.27,2.35,0.49,1.16,"",1,4.0,41,1.8,-8,-0.4,21,0.9,853983,3.9,-57933,-13.9,-7560,-95.5,23,3.1
"48493","5","10","71","0","2017","4","",694,5667,5698,5781,56153362,7351850,138598,756,"",0.97,0.82,0.83,0.83,0.81,0.99,1.00,0.98,"",32,4.8,413,7.9,425,8.1,515,9.8,8084288,16.8,1182870,19.2,51624,59.4,54,7.7
"48495","0","10","70","0","2017","4","",213,2868,2991,3024,46107687,4210677,150963,1198,"",1.00,1.00,1.00,1.00,1.00,1.00,1.00,1.00,"",16,8.1,387,15.6,512,20.7,534,21.4,11388630,32.8,1941234,85.5,95655,172.9,123,11.4
"48495","1","10","71","0","2017","4","",2,9,10,10,143825,0,0,1144,"",1.57,0.16,0.17,0.17,0.11,0.00,0.00,0.67,"",0,0.0,-1,-10.0,1,11.1,1,11.1,31829,28.4,0,0.0,0,0.0,221,23.9
"48495","2","10","71","0","2017","4","",4,12,13,11,146756,0,0,941,"",2.68,0.13,0.14,0.11,0.10,0.00,0.00,0.77,"",0,0.0,2,20.0,3,30.0,1,10.0,5139,3.6,0,0.0,0,0.0,-148,-13.6
"48495","3","10","71","0","2017","4","",19,564,562,559,5683945,4987,4,778,"",5.25,1.98,1.89,1.87,1.43,0.06,0.01,0.75,"",0,0.0,-20,-3.4,-25,-4.3,-29,-4.9,30385,0.5,3061,158.9,-33,-89.2,36,4.9
"48495","5","10","71","0","2017","4","",188,2283,2406,2444,40133161,4205690,150959,1298,"",0.91,0.94,0.95,0.95,1.02,1.03,1.01,1.08,"",16,9.3,406,21.6,533,28.5,561,29.8,11321277,39.3,1938173,85.5,95688,173.1,118,10.0
"48497","0","10","70","0","2017","4","",1388,19507,19582,19754,235919404,16963991,404390,925,"",1.00,1.00,1.00,1.00,1.00,1.00,1.00,1.00,"",44,3.3,300,1.6,361,1.9,431,2.2,21270955,9.9,1378794,8.8,120209,42.3,67,7.8
"48497","1","10","71","0","2017","4","",14,119,117,111,1716949,0,0,1142,"",1.68,0.32,0.31,0.29,0.26,0.00,0.00,0.86,"",0,0.0,-1,-0.8,1,0.9,-4,-3.5,96400,5.9,0,0.0,0,0.0,77,7.2
"48497","2","10","71","0","2017","4","",11,124,124,124,2031027,0,0,1260,"",1.13,0.20,0.20,0.20,0.26,0.00,0.00,1.34,"",0,0.0,-15,-10.8,-15,-10.8,-15,-10.8,-46436,-2.2,0,0.0,0,0.0,110,9.6
"48497","3","10","71","0","2017","4","",49,4026,4019,4052,48703158,153255,148,929,"",2.08,2.08,2.07,2.07,2.40,0.46,0.07,1.16,"",-2,-3.9,148,3.8,121,3.1,130,3.3,3112696,6.8,13239,9.5,-2510,-94.4,30,3.3
"48497","5","10","71","0","2017","4","",1314,15238,15322,15467,183468270,16810736,404242,920,"",0.98,0.92,0.92,0.92,0.91,1.02,1.01,0.99,"",46,3.6,168,1.1,254,1.7,320,2.1,18108295,11.0,1365555,8.8,122719,43.6,77,9.1
"48499","0","10","70","0","2017","4","",888,10058,10022,10044,97318451,7565578,142379,746,"",1.00,1.00,1.00,1.00,1.00,1.00,1.00,1.00,"",24,2.8,151,1.5,80,0.8,126,1.3,3645154,3.9,364862,5.1,26779,23.2,20,2.8
"48499","1","10","71","0","2017","4","",10,89,86,87,1238841,0,0,1091,"",1.88,0.46,0.45,0.45,0.46,0.00,0.00,1.02,"",0,0.0,-3,-3.3,-7,-7.5,-10,-10.3,-30862,-2.4,0,0.0,0,0.0,52,5.0
"48499","2","10","71","0","2017","4","",14,246,242,245,2864055,0,0,902,"",2.25,0.76,0.75,0.76,0.90,0.00,0.00,1.19,"",-1,-6.7,-9,-3.5,-14,-5.5,-15,-5.8,-91155,-3.1,0,0.0,0,0.0,17,1.9
"48499","3","10","71","0","2017","4","",35,1565,1583,1583,14037905,87288,85,685,"",2.32,1.57,1.59,1.59,1.68,0.58,0.11,1.06,"",1,2.9,5,0.3,31,2.0,-3,-0.2,538870,4.0,-11526,-11.7,-1790,-95.5,22,3.3
"48499","5","10","71","0","2017","4","",829,8158,8111,8129,79177650,7478290,142294,749,"",0.96,0.95,0.95,0.95,0.95,1.02,1.01,1.00,"",24,3.0,158,2.0,70,0.9,154,1.9,3228301,4.3,376388,5.3,28569,25.1,19,2.6
"48501","0","10","70","0","2017","4","",296,3650,3713,3685,52343313,3522701,79461,1093,"",1.00,1.00,1.00,1.00,1.00,1.00,1.00,1.00,"",4,1.4,90,2.5,69,1.9,-8,-0.2,1735270,3.4,414191,13.3,26800,50.9,21,2.0
"48501","1","10","71","0","2017","4","",4,16,13,13,191026,0,0,1050,"",2.25,0.23,0.18,0.18,0.13,0.00,0.00,0.67,"",0,0.0,2,14.3,-3,-18.8,-3,-18.8,-20868,-9.8,0,0.0,0,0.0,-13,-1.2
"48501","2","10","71","0","2017","4","",4,12,11,12,140250,0,0,925,"",1.93,0.10,0.09,0.10,0.08,0.00,0.00,0.83,"",0,0.0,3,33.3,2,22.2,3,33.3,45300,47.7,0,0.0,0,0.0,113,13.9
"48501","3","10","71","0","2017","4","",23,780,793,816,7829459,42469,42,756,"",4.57,2.16,2.15,2.24,1.74,0.61,0.10,0.80,"",-1,-4.2,-62,-7.4,-54,-6.4,-36,-4.2,-191265,-2.4,12046,39.6,-535,-92.7,28,3.8
"48501","5","10","71","0","2017","4","",265,2842,2896,2844,44182578,3480232,79419,1188,"",0.92,0.92,0.92,0.91,0.99,1.02,1.01,1.08,"",5,1.9,147,5.5,124,4.5,28,1.0,1902103,4.5,402145,13.1,27335,52.5,10,0.8
"48503","0","10","70","0","2017","4","",614,6796,6755,6737,74204694,5385048,109094,844,"",1.00,1.00,1.00,1.00,1.00,1.00,1.00,1.00,"",-16,-2.5,30,0.4,-8,-0.1,-14,-0.2,3784228,5.4,239513,4.7,21300,24.3,43,5.4
"48503","1","10","71","0","2017","4","",7,40,38,40,548414,0,0,1073,"",1.90,0.31,0.29,0.31,0.27,0.00,0.00,0.89,"",0,0.0,2,5.3,-2,-5.0,-4,-9.1,20013,3.8,0,0.0,0,0.0,74,7.4
"48503","2","10","71","0","2017","4","",9,70,70,71,937014,0,0,1025,"",2.09,0.32,0.32,0.33,0.39,0.00,0.00,1.19,"",0,0.0,-1,-1.4,-1,-1.4,0,0.0,77386,9.0,0,0.0,0,0.0,94,10.1
"48503","3","10","71","0","2017","4","",38,1269,1272,1271,11057738,151067,147,669,"",3.64,1.88,1.90,1.91,1.73,1.42,0.26,0.91,"",-2,-5.0,-23,-1.8,-29,-2.2,-15,-1.2,41456,0.4,553,0.4,-2710,-94.9,14,2.1
"48503","5","10","71","0","2017","4","",560,5417,5375,5355,61661528,5233981,108947,881,"",0.94,0.94,0.94,0.94,0.97,1.00,1.01,1.04,"",-14,-2.4,52,1.0,24,0.4,5,0.1,3645373,6.3,238960,4.8,24010,28.3,48,5.8
"48505","0","10","70","0","2017","4","",187,3523,3579,3590,45038270,2895446,147764,972,"",1.00,1.00,1.00,1.00,1.00,1.00,1.00,1.00,"",-2,-1.1,272,8.4,318,9.8,350,10.8,9000686,25.0,561195,24.0,62703,73.7,119,14.0
"48505","1","10","71","0","2017","4","",6,138,142,141,3136707,0,0,1719,"",5.35,2.03,2.07,2.04,2.53,0.00,0.00,1.24,"",0,0.0,-2,-1.4,3,2.2,3,2.2,43912,1.4,0,0.0,0,0.0,7,0.4
"48505","2","10","71","0","2017","4","",6,26,26,26,383758,0,0,1135,"",4.58,0.23,0.23,0.23,0.26,0.00,0.00,1.14,"",0,0.0,2,8.3,2,8.3,2,8.3,98221,34.4,0,0.0,0,0.0,220,24.0
"48505","3","10","71","0","2017","4","",16,861,883,879,7832789,124684,123,689,"",5.03,2.47,2.48,2.47,2.02,2.18,0.16,0.82,"",-1,-5.9,-48,-5.3,-41,-4.4,-25,-2.8,-466070,-5.6,34700,38.6,-1584,-92.8,-11,-1.6
"48505","5","10","71","0","2017","4","",159,2498,2528,2544,33685016,2770762,147641,1027,"",0.88,0.83,0.83,0.83,0.88,0.99,1.01,1.05,"",-1,-0.6,320,14.7,354,16.3,370,17.0,9324623,38.3,526495,23.5,64287,77.1,166,19.3
"48507","0","10","70","0","2017","4","",177,2469,2484,2669,21847758,2087657,58750,661,"",1.00,1.00,1.00,1.00,1.00,1.00,1.00,1.00,"",-7,-3.8,-122,-4.7,-253,-9.2,-159,-5.6,-35227,-0.2,-402136,-16.2,-24879,-29.7,42,6.8
"48507","1","10","71","0","2017","4","",3,9,9,9,124427,0,0,1063,"",2.83,0.19,0.19,0.18,0.21,0.00,0.00,1.12,"",0,0.0,0,0.0,0,0.0,0,0.0,-3643,-2.8,0,0.0,0,0.0,-32,-2.9
"48507","2","10","71","0","2017","4","",7,37,35,36,474062,0,0,1013,"",5.64,0.47,0.44,0.42,0.66,0.00,0.00,1.50,"",-1,-12.5,4,12.1,2,6.1,4,12.5,139059,41.5,0,0.0,0,0.0,224,28.4
"48507","3","10","71","0","2017","4","",30,889,888,891,6744877,156509,154,583,"",9.97,3.63,3.60,3.37,3.59,3.79,0.50,1.02,"",-1,-3.2,-18,-2.0,-31,-3.4,-28,-3.0,-85759,-1.3,-3893,-2.4,-2890,-94.9,9,1.6
"48507","5","10","71","0","2017","4","",137,1534,1552,1733,14504392,1931148,58596,695,"",0.80,0.73,0.74,0.76,0.78,0.96,1.00,1.05,"",-5,-3.5,-108,-6.6,-224,-12.6,-135,-7.2,-84884,-0.6,-398243,-17.1,-21989,-27.3,58,9.1
"48999","0","10","70","0","2017","4","",31156,268424,270287,269360,5770953710,387538507,14382922,1648,"",1.00,1.00,1.00,1.00,1.00,1.00,1.00,1.00,"",3035,10.8,11234,4.4,11175,4.3,11620,4.5,440755080,8.3,20558928,5.6,1168827,8.8,59,3.7
"48999","1","10","71","0","2017","4","",93,2810,2790,2796,57672778,0,0,1585,"",0.50,0.54,0.54,0.54,0.36,0.00,0.00,0.67,"",-3,-3.1,199,7.6,190,7.3,224,8.7,6981886,13.8,0,0.0,0,0.0,82,5.5
"48999","2","10","71","0","2017","4","",29,221,221,223,3703108,0,0,1285,"",0.13,0.03,0.03,0.03,0.02,0.00,0.00,0.76,"",-5,-14.7,-16,-6.8,12,5.7,14,6.7,-142286,-3.7,0,0.0,0,0.0,-70,-5.2
"48999","3","10","71","0","2017","4","N",25,0,0,0,0,0,0,0,"N",0.05,0,0,0,0,0,0,0,"N",4,19.0,0,0,0,0,0,0,0,0,0,0,0,0,0,0
"48999","5","10","71","0","2017","4","N",31009,0,0,0,0,0,0,0,"N",1.03,0,0,0,0,0,0,0,"N",3039,10.9,0,0,0,0,0,0,0,0,0,0,0,0,0,0
"49000","0","10","50","0","2017","4","",101577,1453909,1460741,1464873,17772452480,4626338487,28454287,936,"",1.00,1.00,1.00,1.00,1.00,1.00,1.00,1.00,"",3640,3.7,42419,3.0,47408,3.4,50599,3.6,1051727885,6.3,367255229,8.6,-867923,-3.0,26,2.9
"49000","1","10","51","0","2017","4","",552,35526,35433,35696,635977444,0,0,1376,"",0.91,1.27,1.27,1.26,1.30,0.00,0.00,1.03,"",9,1.7,-657,-1.8,-547,-1.5,-404,-1.1,12624748,2.0,0,0.0,0,0.0,47,3.5
"49000","2","10","51","0","2017","4","",504,67999,68073,68213,950662408,1687542,7479,1074,"",0.71,1.46,1.45,1.46,1.64,0.03,0.20,1.13,"",-1,-0.2,1567,2.4,1659,2.5,1914,2.9,45847184,5.1,205005,13.8,-2722,-26.7,26,2.5
"49000","3","10","51","0","2017","4","",2462,129064,128919,128619,1177083626,14814899,85706,703,"",1.43,0.90,0.89,0.89,0.77,0.16,0.57,0.87,"",7,0.3,2491,2.0,2478,2.0,2945,2.3,78361479,7.1,1465996,11.0,-2628,-3.0,33,4.9
"49000","5","10","51","0","2017","4","",98059,1221320,1228316,1232345,15008729002,4609836046,28361102,941,"",1.00,0.99,0.99,0.99,0.99,1.03,1.00,1.00,"",3625,3.8,39018,3.3,43818,3.7,46144,3.9,914894474,6.5,365584228,8.6,-862573,-3.0,26,2.8
"49000","8","10","96","0","2017","4","",3518,232589,232425,232528,2763723478,16502441,93185,914,"",1.15,1.06,1.06,1.06,1.06,0.11,0.50,1.00,"",15,0.4,3401,1.5,3590,1.6,4455,2.0,136833411,5.2,1671001,11.3,-5350,-5.4,30,3.4
"49001","0","10","70","0","2017","4","",236,2654,2682,2650,23458727,8991093,70318,678,"",1.00,1.00,1.00,1.00,1.00,1.00,1.00,1.00,"",-12,-4.8,21,0.8,39,1.5,-64,-2.4,568597,2.5,1010674,12.7,22143,46.0,17,2.6
"49001","1","10","71","0","2017","4","",8,33,32,32,455513,0,0,1084,"",5.65,0.65,0.62,0.63,0.71,0.00,0.00,1.12,"",-13,-61.9,-45,-57.7,-37,-53.6,-33,-50.8,-852543,-65.2,0,0.0,0,0.0,-340,-23.9
"49001","2","10","71","0","2017","4","",7,39,39,39,573895,0,0,1132,"",4.23,0.46,0.45,0.46,0.75,0.00,0.00,1.64,"",0,0.0,1,2.6,1,2.6,1,2.6,22454,4.1,0,0.0,0,0.0,16,1.4
"49001","3","10","71","0","2017","4","",31,645,684,641,5642286,291685,1462,661,"",7.73,2.45,2.57,2.44,2.80,1.64,3.95,1.12,"",0,0.0,-5,-0.8,36,5.6,-28,-4.2,503486,9.8,8534,3.0,-213,-12.7,58,9.6
"49001","5","10","71","0","2017","4","",190,1937,1927,1938,16787033,8699408,68856,668,"",0.83,0.86,0.85,0.86,0.84,1.00,0.99,0.98,"",1,0.5,70,3.7,39,2.1,-4,-0.2,895200,5.6,1002140,13.0,22356,48.1,24,3.7
"49003","0","10","70","0","2017","4","",1399,20660,20575,20408,202484476,63802310,385829,758,"",1.00,1.00,1.00,1.00,1.00,1.00,1.00,1.00,"",62,4.6,219,1.1,294,1.4,336,1.7,6792141,3.5,2573482,4.2,-12700,-3.2,15,2.0
"49003","1","10","71","0","2017","4","",20,186,180,181,3024978,0,0,1276,"",2.38,0.47,0.46,0.46,0.54,0.00,0.00,1.18,"",1,5.3,-1,-0.5,-3,-1.6,-5,-2.7,-71976,-2.3,0,0.0,0,0.0,-9,-0.7
"49003","2","10","71","0","2017","4","",13,215,214,215,2586775,0,0,927,"",1.33,0.32,0.32,0.33,0.39,0.00,0.00,1.20,"",0,0.0,1,0.5,2,0.9,4,1.9,101594,4.1,0,0.0,0,0.0,27,3.0
"49003","3","10","71","0","2017","4","",97,2482,2483,2390,19642635,218405,939,616,"",4.08,1.21,1.22,1.18,1.13,0.17,0.46,0.94,"",1,1.0,47,1.9,70,2.9,93,4.0,1257907,6.8,29335,15.5,-550,-36.9,22,3.7
"49003","5","10","71","0","2017","4","",1269,17777,17698,17622,177230088,63583905,384890,770,"",0.94,1.01,1.01,1.02,1.03,1.03,1.00,1.01,"",60,5.0,172,1.0,225,1.3,244,1.4,5504616,3.2,2544147,4.2,-12150,-3.1,15,2.0
"49005","0","10","70","0","2017","4","",3723,55904,56260,56289,525810886,162730833,794505,720,"",1.00,1.00,1.00,1.00,1.00,1.00,1.00,1.00,"",110,3.0,1675,3.1,1894,3.5,1978,3.6,29336596,5.9,14671767,9.9,-26780,-3.3,17,2.4
"49005","1","10","71","0","2017","4","",26,349,334,322,4939560,0,0,1134,"",1.16,0.32,0.31,0.30,0.34,0.00,0.00,1.10,"",0,0.0,15,4.5,1,0.3,-3,-0.9,134922,2.8,0,0.0,0,0.0,16,1.4
"49005","2","10","71","0","2017","4","N",15,0,0,0,0,0,0,0,"N",0.58,0,0,0,0,0,0,0,"N",0,0.0,0,0,0,0,0,0,0,0,0,0,0,0,0,0
"49005","3","10","71","0","2017","4","N",109,0,0,0,0,0,0,0,"N",1.72,0,0,0,0,0,0,0,"N",1,0.9,0,0,0,0,0,0,0,0,0,0,0,0,0,0
"49005","5","10","71","0","2017","4","",3573,45266,45584,45776,419788328,161825173,789477,709,"",0.99,0.95,0.95,0.96,0.93,1.03,1.00,0.98,"",109,3.1,1502,3.4,1695,3.9,1718,3.9,24300690,6.1,14567683,9.9,-26287,-3.2,16,2.3
"49007","0","10","70","0","2017","4","",612,8209,8241,8089,81200308,21300077,172189,764,"",1.00,1.00,1.00,1.00,1.00,1.00,1.00,1.00,"",-10,-1.6,272,3.4,365,4.6,192,2.4,1251645,1.6,1336029,6.7,-7513,-4.2,-14,-1.8
"49007","1","10","71","0","2017","4","",8,147,148,143,2230978,0,0,1175,"",2.18,0.93,0.94,0.92,1.00,0.00,0.00,1.08,"",0,0.0,-4,-2.6,3,2.1,5,3.6,99835,4.7,0,0.0,0,0.0,42,3.7
"49007","2","10","71","0","2017","4","",14,523,524,519,5818081,0,0,857,"",3.26,1.98,1.98,2.01,2.19,0.00,0.00,1.10,"",0,0.0,3,0.6,7,1.4,8,1.6,217995,3.9,0,0.0,0,0.0,22,2.6
"49007","3","10","71","0","2017","4","",68,1320,1315,1288,9759188,380579,3218,574,"",6.54,1.62,1.61,1.61,1.40,0.90,3.55,0.87,"",-1,-1.4,23,1.8,17,1.3,-10,-0.8,128852,1.3,40084,11.8,60,1.9,3,0.5
"49007","5","10","71","0","2017","4","",522,6219,6254,6139,63392061,20919498,168971,786,"",0.88,0.89,0.89,0.89,0.91,1.02,0.99,1.02,"",-9,-1.7,250,4.2,338,5.7,189,3.2,804963,1.3,1295945,6.6,-7573,-4.3,-24,-3.0
"49009","0","10","70","0","2017","4","",50,369,326,314,3099313,555989,8196,709,"",1.00,1.00,1.00,1.00,1.00,1.00,1.00,1.00,"",-2,-3.8,-17,-4.4,-22,-6.3,5,1.6,-26654,-0.9,-60568,-9.8,-2422,-22.8,17,2.5
"49009","1","10","71","0","2017","4","",5,57,55,49,786314,0,0,1127,"",16.67,8.02,8.82,8.10,9.23,0.00,0.00,1.11,"",0,0.0,0,0.0,1,1.9,-1,-2.0,-6570,-0.8,0,0.0,0,0.0,-9,-0.8
"49009","2","10","71","0","2017","4","N",5,0,0,0,0,0,0,0,"N",14.27,0,0,0,0,0,0,0,"N",0,0.0,0,0,0,0,0,0,0,0,0,0,0,0,0,0
"49009","3","10","71","0","2017","4","N",11,0,0,0,0,0,0,0,"N",12.94,0,0,0,0,0,0,0,"N",-2,-15.4,0,0,0,0,0,0,0,0,0,0,0,0,0,0
"49009","5","10","71","0","2017","4","",29,187,145,139,1048244,555989,8196,514,"",0.60,0.60,0.52,0.52,0.40,1.03,1.01,0.72,"",0,0.0,-3,-1.6,-10,-6.5,21,17.8,-16186,-1.5,-60568,-9.8,-2422,-22.8,-17,-3.2
"49011","0","10","70","0","2017","4","",8590,128596,127471,126303,1487483016,384499431,2407420,898,"",1.00,1.00,1.00,1.00,1.00,1.00,1.00,1.00,"",342,4.1,3328,2.7,2977,2.4,2985,2.4,89489282,6.4,26555865,7.4,73631,3.2,33,3.8
"49011","1","10","71","0","2017","4","",33,13355,13389,13345,261313259,0,0,1504,"",0.64,5.40,5.49,5.48,6.39,0.00,0.00,1.17,"",0,0.0,-184,-1.4,-229,-1.7,-338,-2.5,2392974,0.9,0,0.0,0,0.0,41,2.8
"49011","2","10","71","0","2017","4","",29,1722,1733,1738,23489437,0,0,1044,"",0.48,0.42,0.42,0.43,0.48,0.00,0.00,1.14,"",0,0.0,105,6.5,115,7.1,110,6.8,1917014,8.9,0,0.0,0,0.0,20,2.0
"49011","3","10","71","0","2017","4","",222,13377,13254,13227,115643003,247606,713,670,"",1.52,1.05,1.05,1.06,0.90,0.03,0.06,0.86,"",1,0.5,284,2.2,226,1.7,356,2.8,8134199,7.6,-31901,-11.4,-469,-39.7,34,5.3
"49011","5","10","71","0","2017","4","",8306,100142,99095,97993,1087037317,384251825,2406707,844,"",1.00,0.92,0.92,0.91,0.86,1.03,1.01,0.93,"",341,4.3,3123,3.2,2865,3.0,2857,3.0,77045095,7.6,26587766,7.4,74100,3.2,36,4.5
"49013","0","10","70","0","2017","4","",782,7883,7906,7851,91019016,22365082,270097,889,"",1.00,1.00,1.00,1.00,1.00,1.00,1.00,1.00,"",-21,-2.6,163,2.1,173,2.2,165,2.1,2072192,2.3,1829111,8.9,102814,61.5,2,0.2
"49013","1","10","71","0","2017","4","",11,71,60,54,841968,0,0,1050,"",2.35,0.47,0.40,0.36,0.34,0.00,0.00,0.83,"",0,0.0,-2,-2.7,-8,-11.8,-3,-5.3,-49396,-5.5,0,0.0,0,0.0,11,1.1
"49013","2","10","71","0","2017","4","",10,119,119,119,1426445,0,0,922,"",1.83,0.47,0.47,0.48,0.48,0.00,0.00,1.02,"",0,0.0,3,2.6,3,2.6,3,2.6,56770,4.1,0,0.0,0,0.0,14,1.5
"49013","3","10","71","0","2017","4","",57,2051,2085,2070,17739814,423333,2725,660,"",4.29,2.63,2.66,2.66,2.27,0.96,1.92,0.86,"",-1,-1.7,33,1.6,36,1.8,32,1.6,559119,3.3,4270,1.0,-329,-10.8,11,1.7
"49013","5","10","71","0","2017","4","",704,5642,5642,5608,71010789,21941749,267372,970,"",0.93,0.84,0.84,0.84,0.91,1.01,1.00,1.09,"",-20,-2.8,129,2.3,142,2.6,133,2.4,1505699,2.2,1824841,9.1,103143,62.8,-3,-0.3
"49015","0","10","70","0","2017","4","",239,3098,3019,3014,37647565,7093516,78312,951,"",1.00,1.00,1.00,1.00,1.00,1.00,1.00,1.00,"",-2,-0.8,82,2.7,16,0.5,-22,-0.7,3805387,11.2,1356883,23.7,6269,8.7,89,10.3
"49015","1","10","71","0","2017","4","",13,51,47,52,625780,0,0,963,"",9.07,0.86,0.81,0.90,0.60,0.00,0.00,0.71,"",0,0.0,-11,-17.7,-5,-9.6,5,10.6,-1798,-0.3,0,0.0,0,0.0,63,7.0
"49015","2","10","71","0","2017","4","",8,60,60,60,832917,0,0,1068,"",4.78,0.60,0.62,0.62,0.68,0.00,0.00,1.10,"",0,0.0,1,1.7,1,1.7,1,1.7,33113,4.1,0,0.0,0,0.0,25,2.4
"49015","3","10","71","0","2017","4","",40,739,716,721,5466678,180256,2075,580,"",9.85,2.41,2.39,2.42,1.69,1.28,5.03,0.70,"",0,0.0,4,0.5,-20,-2.7,-27,-3.6,176395,3.3,18871,11.7,-473,-18.6,30,5.5
"49015","5","10","71","0","2017","4","",178,2248,2196,2181,30722190,6913260,76237,1070,"",0.77,0.85,0.86,0.85,0.96,1.01,0.98,1.12,"",-2,-1.1,88,4.1,40,1.9,-1,0.0,3597677,13.3,1338012,24.0,6742,9.7,107,11.1
"49017","0","10","70","0","2017","4","",254,2619,2318,1895,18789512,6728751,194984,635,"",1.00,1.00,1.00,1.00,1.00,1.00,1.00,1.00,"",3,1.2,22,0.8,140,6.4,-14,-0.7,1211496,6.9,825446,14.0,4075,2.1,28,4.6
"49017","1","10","71","0","2017","4","",13,140,114,109,1530825,0,0,973,"",8.53,2.78,2.57,2.99,2.96,0.00,0.00,1.07,"",0,0.0,0,0.0,-10,-8.1,-6,-5.2,-25379,-1.6,0,0.0,0,0.0,25,2.6
"49017","2","10","71","0","2017","4","",9,74,74,74,936486,0,0,973,"",5.06,0.88,1.00,1.22,1.53,0.00,0.00,1.50,"",1,12.5,2,2.8,2,2.8,2,2.8,69453,8.0,0,0.0,0,0.0,47,5.1
"49017","3","10","71","0","2017","4","",37,334,332,336,2606684,19491,43,600,"",8.57,1.29,1.44,1.79,1.61,0.15,0.04,1.09,"",0,0.0,-9,-2.6,7,2.2,-4,-1.2,1276,0.0,1974,11.3,-13,-23.2,4,0.7
"49017","5","10","71","0","2017","4","",195,2071,1798,1376,13715517,6709260,194941,603,"",0.79,0.93,0.91,0.85,0.85,1.03,1.01,0.94,"",2,1.0,29,1.4,141,8.5,-6,-0.4,1166146,9.3,823472,14.0,4088,2.1,33,5.8
"49019","0","10","70","0","2017","4","",556,5973,5553,4846,48168452,20643768,277241,679,"",1.00,1.00,1.00,1.00,1.00,1.00,1.00,1.00,"",7,1.3,386,6.9,417,8.1,286,6.3,5384173,12.6,2838428,15.9,12556,4.7,33,5.1
"49019","1","10","71","0","2017","4","",7,244,216,210,3139854,0,0,1081,"",2.10,2.12,2.03,2.25,2.37,0.00,0.00,1.11,"",0,0.0,9,3.8,1,0.5,-1,-0.5,161108,5.4,0,0.0,0,0.0,41,3.9
"49019","2","10","71","0","2017","4","",11,79,79,79,1103380,0,0,1074,"",2.82,0.41,0.44,0.51,0.70,0.00,0.00,1.55,"",0,0.0,2,2.6,2,2.6,2,2.6,44108,4.2,0,0.0,0,0.0,16,1.5
"49019","3","10","71","0","2017","4","",41,652,644,644,5821908,80727,161,693,"",4.34,1.10,1.17,1.34,1.41,0.20,0.11,1.18,"",2,5.1,29,4.7,34,5.6,31,5.1,660511,12.8,38764,92.4,-178,-52.5,48,7.4
"49019","5","10","71","0","2017","4","",497,4998,4614,3913,38103310,20563041,277080,650,"",0.92,0.98,0.98,0.95,0.93,1.03,1.01,0.95,"",5,1.0,346,7.4,380,9.0,254,6.9,4518446,13.5,2799664,15.8,12734,4.8,32,5.2
"49021","0","10","70","0","2017","4","",1591,17951,18127,18246,155038793,52592841,285356,659,"",1.00,1.00,1.00,1.00,1.00,1.00,1.00,1.00,"",62,4.1,740,4.3,827,4.8,724,4.1,10312490,7.1,4225053,8.7,-53045,-15.7,17,2.6
"49021","1","10","71","0","2017","4","",13,281,257,250,4135017,0,0,1211,"",1.36,0.81,0.74,0.71,0.97,0.00,0.00,1.28,"",-1,-7.1,13,4.9,-16,-5.9,-2,-0.8,56553,1.4,0,0.0,0,0.0,24,2.0
"49021","2","10","71","0","2017","4","",19,1646,1605,1566,17974694,0,0,861,"",1.70,2.86,2.76,2.69,3.55,0.00,0.00,1.28,"",0,0.0,63,4.0,83,5.5,47,3.1,1034296,6.1,0,0.0,0,0.0,16,1.9
"49021","3","10","71","0","2017","4","",74,2229,2261,2250,20079931,1327290,4580,688,"",2.74,1.25,1.26,1.25,1.51,1.27,3.05,1.20,"",1,1.4,43,2.0,56,2.5,27,1.2,1607858,8.7,140192,11.8,-1709,-27.2,43,6.7
"49021","5","10","71","0","2017","4","",1485,13795,14004,14180,112849151,51265551,280776,620,"",0.96,0.90,0.91,0.91,0.85,1.01,0.99,0.94,"",62,4.4,621,4.7,704,5.3,652,4.8,7613783,7.2,4084861,8.7,-51336,-15.5,13,2.1
"49023","0","10","70","0","2017","4","",278,3572,3525,3479,31675709,8796178,50781,691,"",1.00,1.00,1.00,1.00,1.00,1.00,1.00,1.00,"",2,0.7,-78,-2.1,-119,-3.3,-89,-2.5,-2552959,-7.5,-72182,-0.8,-10980,-17.8,-36,-5.0
"49023","1","10","71","0","2017","4","",7,26,22,24,325169,0,0,1042,"",4.20,0.38,0.33,0.36,0.37,0.00,0.00,1.05,"",0,0.0,2,8.3,3,15.8,1,4.3,36750,12.7,0,0.0,0,0.0,34,3.4
"49023","2","10","71","0","2017","4","",7,40,40,40,576144,0,0,1108,"",3.59,0.35,0.35,0.36,0.56,0.00,0.00,1.57,"",0,0.0,1,2.6,1,2.6,1,2.6,22957,4.1,0,0.0,0,0.0,17,1.6
"49023","3","10","71","0","2017","4","",35,795,779,747,5369642,10609,21,534,"",7.41,2.25,2.23,2.17,1.97,0.06,0.08,0.89,"",0,0.0,39,5.2,23,3.0,3,0.4,410656,8.3,935,9.7,2,10.5,27,5.3
"49023","5","10","71","0","2017","4","",229,2711,2684,2668,25404754,8785569,50760,727,"",0.85,0.89,0.90,0.90,0.94,1.03,1.01,1.05,"",2,0.9,-120,-4.2,-146,-5.2,-94,-3.4,-3023322,-10.6,-73117,-0.8,-10982,-17.8,-52,-6.7
"49025","0","10","70","0","2017","4","",322,3513,3258,3147,29563857,11613352,108283,688,"",1.00,1.00,1.00,1.00,1.00,1.00,1.00,1.00,"",0,0.0,104,3.1,53,1.7,55,1.8,2213038,8.1,1101862,10.5,-6633,-5.8,38,5.8
"49025","1","10","71","0","2017","4","",6,84,75,75,1127815,0,0,1112,"",3.11,1.24,1.20,1.24,1.39,0.00,0.00,1.13,"",0,0.0,3,3.7,1,1.4,2,2.7,52529,4.9,0,0.0,0,0.0,24,2.2
"49025","2","10","71","0","2017","4","",8,62,62,62,933794,0,0,1159,"",3.55,0.55,0.59,0.62,0.97,0.00,0.00,1.65,"",0,0.0,1,1.6,1,1.6,1,1.6,37294,4.2,0,0.0,0,0.0,28,2.5
"49025","3","10","71","0","2017","4","",29,569,562,590,5095718,438277,1129,683,"",5.30,1.63,1.74,1.89,2.00,1.91,1.98,1.14,"",0,0.0,-16,-2.7,-5,-0.9,-1,-0.2,203173,4.2,21840,5.2,-909,-44.6,35,5.4
"49025","5","10","71","0","2017","4","",279,2798,2559,2420,22406530,11175075,107154,665,"",0.89,0.94,0.92,0.90,0.89,0.99,1.00,0.96,"",0,0.0,116,4.3,56,2.2,53,2.2,1920042,9.4,1080022,10.7,-5724,-5.1,39,6.2
"49027","0","10","70","0","2017","4","",390,4828,4782,4772,48103956,12190213,56774,772,"",1.00,1.00,1.00,1.00,1.00,1.00,1.00,1.00,"",8,2.1,253,5.5,266,5.9,251,5.6,2037891,4.4,2501958,25.8,6779,13.6,-9,-1.2
"49027","1","10","71","0","2017","4","",12,93,89,80,1177278,0,0,1037,"",5.13,1.00,0.97,0.87,0.89,0.00,0.00,0.94,"",0,0.0,0,0.0,4,4.7,-2,-2.4,-2150,-0.2,0,0.0,0,0.0,-10,-1.0
"49027","2","10","71","0","2017","4","",12,120,120,120,1444898,0,0,926,"",4.39,0.77,0.78,0.79,0.92,0.00,0.00,1.18,"",0,0.0,2,1.7,2,1.7,2,1.7,57094,4.1,0,0.0,0,0.0,21,2.3
"49027","3","10","71","0","2017","4","",46,874,825,840,6822159,105366,1114,620,"",6.94,1.83,1.74,1.78,1.65,0.44,3.73,0.93,"",0,0.0,39,4.7,4,0.5,5,0.6,473459,7.5,11581,12.3,2,0.2,32,5.4
"49027","5","10","71","0","2017","4","",320,3741,3748,3732,38659621,12084847,55660,795,"",0.85,0.91,0.92,0.92,0.94,1.02,0.99,1.02,"",8,2.6,212,6.0,256,7.3,246,7.1,1509488,4.1,2490377,26.0,6777,13.9,-21,-2.6
"49029","0","10","70","0","2017","4","",360,2408,2349,2346,23855614,7309568,48369,775,"",1.00,1.00,1.00,1.00,1.00,1.00,1.00,1.00,"",31,9.4,239,11.0,173,8.0,193,9.0,3799950,18.9,1821763,33.2,8854,22.4,63,8.8
"49029","1","10","71","0","2017","4","",2,22,15,13,229080,0,0,1057,"",0.93,0.47,0.33,0.29,0.35,0.00,0.00,0.95,"",1,100.0,9,69.2,2,15.4,2,18.2,75093,48.8,0,0.0,0,0.0,97,10.1
"49029","2","10","71","0","2017","4","",6,21,21,21,341351,0,0,1250,"",2.38,0.27,0.28,0.28,0.44,0.00,0.00,1.58,"",0,0.0,0,0.0,0,0.0,0,0.0,13547,4.1,0,0.0,0,0.0,49,4.1
"49029","3","10","71","0","2017","4","",15,520,510,511,3778890,35475,71,566,"",2.45,2.18,2.19,2.20,1.84,0.25,0.28,0.84,"",0,0.0,47,9.9,27,5.6,37,7.8,412008,12.2,-5127,-12.6,-416,-85.4,23,4.2
"49029","5","10","71","0","2017","4","",337,1845,1803,1801,19506293,7274093,48298,826,"",0.97,0.90,0.90,0.90,0.96,1.03,1.01,1.06,"",30,9.8,183,11.0,144,8.7,154,9.4,3299302,20.4,1826890,33.5,9270,23.8,73,9.7
"49031","0","10","70","0","2017","4","",49,284,283,289,2122302,764007,10454,572,"",1.00,1.00,1.00,1.00,1.00,1.00,1.00,1.00,"",2,4.3,28,10.9,30,11.9,28,10.7,281716,15.3,153728,25.2,5951,132.2,20,3.6
"49031","1","10","71","0","2017","4","",3,3,3,3,22799,0,0,585,"",10.21,0.55,0.55,0.54,0.39,0.00,0.00,0.72,"",0,0.0,0,0.0,0,0.0,0,0.0,1900,9.1,0,0.0,0,0.0,49,9.1
"49031","2","10","71","0","2017","4","N",5,0,0,0,0,0,0,0,"N",14.56,0,0,0,0,0,0,0,"N",0,0.0,0,0,0,0,0,0,0,0,0,0,0,0,0,0
"49031","3","10","71","0","2017","4","N",14,0,0,0,0,0,0,0,"N",16.81,0,0,0,0,0,0,0,"N",0,0.0,0,0,0,0,0,0,0,0,0,0,0,0,0,0
"49031","5","10","71","0","2017","4","",27,147,142,147,974209,749365,10425,516,"",0.57,0.61,0.59,0.60,0.54,1.01,1.00,0.90,"",2,8.0,25,20.5,26,22.4,29,24.6,236269,32.0,151632,25.4,5947,132.8,38,7.9
"49033","0","10","70","0","2017","4","",133,771,723,694,5479460,2019464,13121,578,"",1.00,1.00,1.00,1.00,1.00,1.00,1.00,1.00,"",3,2.3,48,6.6,36,5.2,46,7.1,353360,6.9,149029,8.0,-2070,-13.6,3,0.5
"49033","1","10","71","0","2017","4","",5,9,9,9,77638,0,0,664,"",6.27,0.61,0.65,0.67,0.52,0.00,0.00,0.80,"",0,0.0,0,0.0,1,12.5,1,12.5,2439,3.2,0,0.0,0,0.0,-30,-4.3
"49033","2","10","71","0","2017","4","",5,15,15,15,281691,13073,26,1445,"",5.37,0.61,0.65,0.68,1.57,0.51,1.50,2.45,"",0,0.0,0,0.0,0,0.0,0,0.0,10697,3.9,89,0.7,0,0.0,55,4.0
"49033","3","10","71","0","2017","4","",18,203,199,177,1460129,43378,272,582,"",7.96,2.66,2.77,2.58,3.10,1.09,3.94,1.16,"",0,0.0,14,7.4,5,2.6,-2,-1.1,50812,3.6,768,1.8,45,19.8,3,0.5
"49033","5","10","71","0","2017","4","",105,544,500,493,3660002,1963013,12823,550,"",0.81,0.83,0.81,0.84,0.78,1.00,0.98,0.95,"",3,2.9,34,6.7,30,6.4,47,10.5,289412,8.6,148172,8.2,-2115,-14.2,5,0.9
"49035","0","10","70","0","2017","4","",45446,692551,698168,701190,9579572337,2232198812,13875788,1057,"",1.00,1.00,1.00,1.00,1.00,1.00,1.00,1.00,"",1402,3.2,14488,2.1,17481,2.6,19933,2.9,494219112,5.4,155967826,7.5,-685275,-4.7,29,2.8
"49035","1","10","71","0","2017","4","",132,11370,11377,11533,215696830,0,0,1452,"",0.48,0.85,0.85,0.85,0.82,0.00,0.00,0.96,"",18,15.8,-177,-1.5,-70,-0.6,-21,-0.2,9609263,4.7,0,0.0,0,0.0,75,5.4
"49035","2","10","71","0","2017","4","",141,43084,43032,43196,672797624,497088,3302,1201,"",0.44,1.94,1.92,1.93,2.15,0.02,0.18,1.11,"",-2,-1.4,1112,2.6,1045,2.5,1226,2.9,33643963,5.3,44562,9.8,-1843,-35.8,30,2.6
"49035","3","10","71","0","2017","4","",445,45875,45750,45914,444052776,1550976,5755,745,"",0.58,0.67,0.66,0.66,0.54,0.04,0.08,0.81,"",6,1.4,325,0.7,532,1.2,628,1.4,28010960,6.7,237238,18.1,1507,35.5,39,5.5
"49035","5","10","71","0","2017","4","",44728,592222,598009,600547,8247025107,2230150748,13866731,1063,"",1.01,1.01,1.01,1.01,1.01,1.03,1.01,1.00,"",1380,3.2,13228,2.3,15974,2.7,18100,3.1,422954926,5.4,155686026,7.5,-684939,-4.7,27,2.6
"49037","0","10","70","0","2017","4","",343,4301,4156,4023,39639862,9157122,111972,733,"",1.00,1.00,1.00,1.00,1.00,1.00,1.00,1.00,"",7,2.1,80,1.9,60,1.5,72,1.8,35548,0.1,265160,3.0,-10016,-8.2,-12,-1.6
"49037","1","10","71","0","2017","4","",16,169,146,148,2073009,0,0,1033,"",7.78,2.04,1.84,1.91,1.90,0.00,0.00,0.99,"",0,0.0,-7,-4.0,-9,-5.8,1,0.7,-11648,-0.6,0,0.0,0,0.0,27,2.7
"49037","2","10","71","0","2017","4","",15,329,329,326,3245702,19245,38,761,"",6.24,2.38,2.47,2.54,2.51,0.17,0.26,1.02,"",0,0.0,4,1.2,4,1.2,4,1.2,127267,4.1,5648,41.5,11,40.7,21,2.8
"49037","3","10","71","0","2017","4","",50,1196,1221,1205,10212391,379653,4404,651,"",8.58,2.81,2.96,3.03,3.00,2.09,7.47,1.02,"",-1,-2.0,44,3.8,17,1.4,16,1.3,100219,1.0,54334,16.7,-118,-2.6,-7,-1.1
"49037","5","10","71","0","2017","4","",262,2607,2460,2344,24108760,8758224,107530,751,"",0.79,0.71,0.70,0.69,0.71,0.99,0.97,1.02,"",8,3.1,39,1.5,48,2.0,51,2.2,-180290,-0.7,205178,2.4,-9909,-8.4,-20,-2.6
"49039","0","10","70","0","2017","4","",628,7694,7691,7742,63515398,18185931,116925,634,"",1.00,1.00,1.00,1.00,1.00,1.00,1.00,1.00,"",17,2.8,167,2.2,197,2.6,306,4.1,3394618,5.6,784850,4.5,-20521,-14.9,16,2.6
"49039","1","10","71","0","2017","4","",15,86,80,74,1100028,0,0,1058,"",3.98,0.58,0.54,0.50,0.63,0.00,0.00,1.17,"",0,0.0,-8,-8.5,-2,-2.4,4,5.7,17338,1.6,0,0.0,0,0.0,42,4.1
"49039","2","10","71","0","2017","4","",13,883,909,910,9116497,0,0,779,"",2.95,3.58,3.69,3.69,4.40,0.00,0.00,1.20,"",0,0.0,-3,-0.3,24,2.7,18,2.0,312603,3.6,0,0.0,0,0.0,16,2.1
"49039","3","10","71","0","2017","4","",74,1660,1644,1672,12178109,276324,880,565,"",6.93,2.18,2.15,2.18,2.23,0.77,1.43,1.03,"",1,1.4,23,1.4,40,2.5,51,3.1,345748,2.9,-4903,-1.7,-275,-23.8,3,0.5
"49039","5","10","71","0","2017","4","",526,5065,5058,5086,41120764,17909607,116045,624,"",0.86,0.77,0.77,0.77,0.76,1.02,1.00,0.98,"",16,3.1,155,3.2,135,2.7,233,4.8,2718929,7.1,789753,4.6,-20246,-14.9,21,3.5
"49041","0","10","70","0","2017","4","",673,8753,8764,8731,80529557,24057844,160011,708,"",1.00,1.00,1.00,1.00,1.00,1.00,1.00,1.00,"",19,2.9,246,2.9,286,3.4,301,3.6,7630785,10.5,1976581,9.0,-17508,-9.9,46,6.9
"49041","1","10","71","0","2017","4","",13,183,170,165,2672193,0,0,1190,"",3.22,1.09,1.01,0.98,1.21,0.00,0.00,1.18,"",0,0.0,-2,-1.1,-5,-2.9,-2,-1.2,-144723,-5.1,0,0.0,0,0.0,-44,-3.6
"49041","2","10","71","0","2017","4","",12,296,301,301,3290629,0,0,846,"",2.54,1.05,1.07,1.08,1.25,0.00,0.00,1.17,"",0,0.0,1,0.3,6,2.0,6,2.0,119771,3.8,0,0.0,0,0.0,19,2.3
"49041","3","10","71","0","2017","4","",52,1190,1197,1165,8875842,552081,3785,577,"",4.55,1.37,1.38,1.35,1.28,1.16,4.49,0.94,"",-1,-1.9,17,1.4,24,2.0,58,5.2,325590,3.8,62497,12.8,417,12.4,6,1.1
"49041","5","10","71","0","2017","4","",596,7084,7096,7100,65690893,23505763,156226,712,"",0.91,0.95,0.95,0.96,0.96,1.01,0.98,1.00,"",20,3.5,230,3.4,261,3.8,239,3.5,7330147,12.6,1914084,8.9,-17925,-10.3,57,8.7
"49043","0","10","70","0","2017","4","",2928,24473,25572,29204,314472565,99460801,760735,916,"",1.00,1.00,1.00,1.00,1.00,1.00,1.00,1.00,"",125,4.5,146,0.6,425,1.7,193,0.7,18801892,6.4,7682559,8.4,-90358,-10.6,47,5.4
"49043","1","10","71","0","2017","4","",12,62,49,49,773556,0,0,1116,"",0.68,0.13,0.10,0.09,0.09,0.00,0.00,0.85,"",0,0.0,2,3.3,-2,-3.9,0,0.0,32652,4.4,0,0.0,0,0.0,47,4.4
"49043","2","10","71","0","2017","4","",11,165,165,165,1762035,0,0,821,"",0.54,0.21,0.20,0.18,0.17,0.00,0.00,0.88,"",0,0.0,2,1.2,3,1.9,4,2.5,70500,4.2,0,0.0,0,0.0,18,2.2
"49043","3","10","71","0","2017","4","",69,2699,2648,2595,28691189,290430,671,834,"",1.39,1.11,1.04,0.90,1.06,0.15,0.17,1.05,"",2,3.0,105,4.0,113,4.5,79,3.1,2298695,8.7,83990,40.7,205,44.0,37,4.6
"49043","5","10","71","0","2017","4","",2836,21547,22710,26395,283245785,99170371,760064,925,"",1.00,1.04,1.05,1.06,1.05,1.03,1.01,1.00,"",123,4.5,37,0.2,311,1.4,110,0.4,16400045,6.1,7598569,8.3,-90563,-10.6,48,5.5
"49045","0","10","70","0","2017","4","",1156,17195,17111,16480,168149185,50190121,291490,764,"",1.00,1.00,1.00,1.00,1.00,1.00,1.00,1.00,"",70,6.4,1017,6.3,929,5.7,405,2.5,6395475,4.0,1700801,3.5,-30463,-9.5,-7,-0.9
"49045","1","10","71","0","2017","4","",40,1211,1202,1203,20579336,0,0,1313,"",5.77,3.66,3.67,3.79,4.45,0.00,0.00,1.20,"",0,0.0,-49,-3.9,-61,-4.8,-63,-5.0,-255808,-1.2,0,0.0,0,0.0,44,3.5
"49045","2","10","71","0","2017","4","",11,197,198,198,2730539,0,0,1063,"",1.36,0.36,0.36,0.38,0.50,0.00,0.00,1.36,"",0,0.0,1,0.5,3,1.5,4,2.1,110750,4.2,0,0.0,0,0.0,30,2.9
"49045","3","10","71","0","2017","4","",67,2646,2645,2626,22089757,494226,5373,644,"",3.41,1.55,1.56,1.61,1.53,0.50,3.50,0.97,"",-2,-2.9,91,3.6,121,4.8,103,4.1,1696684,8.3,-28645,-5.5,-2491,-31.7,25,4.0
"49045","5","10","71","0","2017","4","",1038,13141,13066,12453,122749553,49695895,286117,733,"",0.93,0.90,0.90,0.89,0.85,1.02,0.99,0.95,"",72,7.5,974,8.0,866,7.1,361,3.0,4843849,4.1,1729446,3.6,-27972,-8.9,-13,-1.7
"49047","0","10","70","0","2017","4","",1248,12631,12627,12641,145655613,38976698,388594,887,"",1.00,1.00,1.00,1.00,1.00,1.00,1.00,1.00,"",-8,-0.6,519,4.3,508,4.2,572,4.7,13989675,10.6,5247091,15.6,170693,78.3,50,6.0
"49047","1","10","71","0","2017","4","",26,387,367,360,6070730,0,0,1258,"",3.47,1.59,1.52,1.48,1.52,0.00,0.00,0.99,"",0,0.0,-14,-3.5,-12,-3.2,-18,-4.8,153109,2.6,0,0.0,0,0.0,79,6.7
"49047","2","10","71","0","2017","4","",15,144,144,144,2030781,0,0,1085,"",1.72,0.36,0.36,0.36,0.43,0.00,0.00,1.20,"",0,0.0,1,0.7,2,1.4,2,1.4,81136,4.2,0,0.0,0,0.0,31,2.9
"49047","3","10","71","0","2017","4","",57,2491,2494,2505,22415632,4071850,32141,691,"",2.69,1.99,1.99,2.00,1.79,5.28,15.72,0.90,"",3,5.6,-6,-0.2,4,0.2,44,1.8,619795,2.8,471443,13.1,5313,19.8,16,2.4
"49047","5","10","71","0","2017","4","",1150,9609,9622,9632,115138470,34904848,356453,921,"",0.95,0.90,0.90,0.90,0.93,0.93,0.92,1.03,"",-11,-0.9,538,5.9,514,5.6,544,6.0,13135635,12.9,4775648,15.9,165380,86.6,58,6.7
"49049","0","10","70","0","2017","4","",16451,237590,238315,238653,2761449982,786006755,4138172,892,"",1.00,1.00,1.00,1.00,1.00,1.00,1.00,1.00,"",871,5.6,13097,5.8,13331,5.9,13953,6.2,251145220,10.0,84173153,12.0,-73425,-1.7,33,3.8
"49049","1","10","71","0","2017","4","",38,1017,998,1014,16428714,0,0,1252,"",0.39,0.22,0.22,0.22,0.22,0.00,0.00,0.98,"",1,2.7,46,4.7,13,1.3,20,2.0,836981,5.4,0,0.0,0,0.0,32,2.6
"49049","2","10","71","0","2017","4","",41,7352,7312,7397,76656971,0,0,802,"",0.36,0.96,0.96,0.97,0.85,0.00,0.00,0.88,"",0,0.0,167,2.3,131,1.8,224,3.1,3007508,4.1,0,0.0,0,0.0,13,1.6
"49049","3","10","71","0","2017","4","",362,21687,21575,21298,201713780,466658,1940,721,"",1.29,0.92,0.91,0.90,0.85,0.03,0.09,0.93,"",-3,-0.8,622,3.0,438,2.1,496,2.4,16836876,9.1,32024,7.4,180,10.2,44,6.5
"49049","5","10","71","0","2017","4","",16010,207534,208430,208944,2466650517,785540097,4136232,911,"",1.00,1.03,1.03,1.03,1.05,1.03,1.01,1.02,"",873,5.8,12262,6.3,12749,6.5,13213,6.8,230463855,10.3,84141129,12.0,-73605,-1.7,31,3.5
"49051","0","10","70","0","2017","4","",1117,9029,9016,9100,92621144,30260188,169971,787,"",1.00,1.00,1.00,1.00,1.00,1.00,1.00,1.00,"",90,8.8,703,8.4,782,9.5,859,10.4,9445754,11.4,4028728,15.4,-11801,-6.5,13,1.7
"49051","1","10","71","0","2017","4","",4,55,45,45,776304,0,0,1235,"",0.60,0.32,0.26,0.26,0.30,0.00,0.00,1.10,"",0,0.0,2,3.8,-2,-4.3,3,7.1,70183,9.9,0,0.0,0,0.0,87,7.6
"49051","2","10","71","0","2017","4","",10,215,285,317,1995939,159688,1118,564,"",1.28,0.74,0.99,1.09,0.66,0.42,4.99,0.70,"",0,0.0,-4,-1.8,39,15.9,27,9.3,63432,3.3,6372,4.2,-1335,-54.4,-27,-4.6
"49051","3","10","71","0","2017","4","",39,1407,1435,1409,13933346,0,0,756,"",2.05,1.57,1.60,1.56,1.75,0.00,0.00,1.11,"",1,2.6,159,12.7,193,15.5,148,11.7,1569368,12.7,0,0.0,0,0.0,-5,-0.7
"49051","5","10","71","0","2017","4","",1064,7352,7251,7329,75915555,30100500,168853,799,"",0.98,0.96,0.95,0.95,0.96,1.03,1.00,1.01,"",89,9.1,546,8.0,552,8.2,681,10.2,7742771,11.4,4022356,15.4,-10466,-5.8,18,2.3
"49053","0","10","70","0","2017","4","",5768,64816,65046,64748,593613874,216304239,1200809,704,"",1.00,1.00,1.00,1.00,1.00,1.00,1.00,1.00,"",259,4.7,2964,4.8,3153,5.1,3326,5.4,38649998,7.0,14708872,7.3,-147468,-10.9,12,1.7
"49053","1","10","71","0","2017","4","",28,595,538,554,8810152,0,0,1205,"",0.81,0.48,0.43,0.44,0.54,0.00,0.00,1.20,"",0,0.0,21,3.7,1,0.2,5,0.9,640585,7.8,0,0.0,0,0.0,69,6.1
"49053","2","10","71","0","2017","4","",15,1567,1585,1562,13633769,0,0,667,"",0.37,0.75,0.76,0.76,0.70,0.00,0.00,0.93,"",0,0.0,49,3.2,60,3.9,79,5.3,762921,5.9,0,0.0,0,0.0,11,1.7
"49053","3","10","71","0","2017","4","",123,6317,6344,6342,57473902,1646502,5071,698,"",1.25,0.98,0.98,0.99,1.13,0.38,0.80,1.14,"",-1,-0.8,225,3.7,166,2.7,200,3.3,3942235,7.4,143721,9.6,-2519,-33.2,27,4.0
"49053","5","10","71","0","2017","4","",5602,56337,56579,56290,513696051,214657737,1195738,701,"",1.00,1.02,1.02,1.02,1.01,1.03,1.00,0.99,"",260,4.9,2669,5.0,2926,5.5,3042,5.7,33304257,6.9,14565151,7.3,-144949,-10.8,11,1.6
"49055","0","10","70","0","2017","4","",136,1087,997,897,8006396,2966145,50306,620,"",1.00,1.00,1.00,1.00,1.00,1.00,1.00,1.00,"",6,4.6,32,3.0,34,3.5,58,6.9,896590,12.6,343661,13.1,2243,4.7,46,8.0
"49055","1","10","71","0","2017","4","",11,82,65,63,896633,0,0,985,"",13.49,3.92,3.41,3.65,4.07,0.00,0.00,1.11,"",0,0.0,0,0.0,-9,-12.2,-8,-11.3,-3088,-0.3,0,0.0,0,0.0,70,7.7
"49055","2","10","71","0","2017","4","",5,22,22,22,355702,0,0,1244,"",5.25,0.63,0.69,0.77,1.36,0.00,0.00,1.97,"",0,0.0,0,0.0,0,0.0,0,0.0,14121,4.1,0,0.0,0,0.0,50,4.2
"49055","3","10","71","0","2017","4","",14,156,167,157,1060920,40596,82,510,"",6.06,1.45,1.69,1.77,1.54,0.69,0.31,0.95,"",0,0.0,1,0.6,6,3.7,5,3.3,58882,5.9,7566,22.9,15,22.4,16,3.2
"49055","5","10","71","0","2017","4","",106,827,743,655,5693141,2925549,50224,590,"",0.80,0.90,0.88,0.86,0.83,1.02,1.00,0.95,"",6,6.0,31,3.9,37,5.2,61,10.3,826675,17.0,336095,13.0,2228,4.6,54,10.1
"49057","0","10","70","0","2017","4","",6119,104497,105880,106832,1110225605,324577358,1957285,808,"",1.00,1.00,1.00,1.00,1.00,1.00,1.00,1.00,"",197,3.3,1475,1.4,2663,2.6,3566,3.5,50792877,4.8,27557619,9.3,-74953,-3.7,18,2.3
"49057","1","10","71","0","2017","4","",25,5158,5351,5537,74116134,0,0,1066,"",0.68,2.56,2.64,2.69,2.43,0.00,0.00,0.92,"",2,8.7,-275,-5.1,-98,-1.8,53,1.0,-324387,-0.4,0,0.0,0,0.0,16,1.5
"49057","2","10","71","0","2017","4","",32,4342,4391,4417,47797281,998448,2995,839,"",0.75,1.29,1.29,1.30,1.32,0.24,1.16,1.02,"",0,0.0,35,0.8,58,1.3,92,2.1,1985588,4.3,148334,17.4,445,17.5,24,2.9
"49057","3","10","71","0","2017","4","",166,9070,9239,9434,82913221,322824,2024,690,"",1.60,0.88,0.88,0.89,0.87,0.05,0.20,0.98,"",0,0.0,183,2.1,183,2.0,404,4.5,4945321,6.3,20431,6.8,777,62.3,23,3.4
"49057","5","10","71","0","2017","4","",5896,85927,86899,87444,905398969,323256086,1952266,803,"",0.99,0.97,0.97,0.96,0.96,1.03,1.00,0.99,"",195,3.4,1532,1.8,2520,3.0,3017,3.6,44186355,5.1,27388854,9.3,-76175,-3.8,18,2.3
"50000","0","10","50","0","2017","4","",25633,311863,310904,315514,3756621497,376629362,12108601,924,"",1.00,1.00,1.00,1.00,1.00,1.00,1.00,1.00,"",344,1.4,941,0.3,1525,0.5,2485,0.8,129247335,3.6,19395698,5.4,-922791,-7.1,27,3.0
"50000","1","10","51","0","2017","4","",447,6990,6970,7021,132644467,0,0,1459,"",2.91,1.16,1.17,1.16,1.28,0.00,0.00,1.10,"",2,0.4,33,0.5,-35,-0.5,115,1.7,5820373,4.6,0,0.0,0,0.0,57,4.1
"50000","2","10","51","0","2017","4","",232,16761,16614,16492,227249380,118759,2475,1052,"",1.29,1.67,1.67,1.64,1.85,0.02,0.16,1.12,"",-3,-1.3,-51,-0.3,-21,-0.1,-28,-0.2,3665412,1.6,18416,18.4,-21,-0.8,19,1.8
"50000","3","10","51","0","2017","4","",807,30730,30657,31001,316015348,1021121,26232,789,"",1.85,0.99,0.99,0.99,0.98,0.14,0.41,0.98,"",-3,-0.4,-357,-1.1,-674,-2.2,164,0.5,10756234,3.5,5817,0.6,-6110,-18.9,34,4.5
"50000","5","10","51","0","2017","4","",24147,257382,256663,261000,3080712302,375489482,12079894,917,"",0.97,0.97,0.97,0.97,0.96,1.03,1.00,0.99,"",348,1.5,1316,0.5,2255,0.9,2234,0.9,109005316,3.7,19371465,5.4,-916660,-7.1,25,2.8
"50000","8","10","96","0","2017","4","",1486,54481,54241,54514,675909195,1139880,28707,956,"",1.93,1.16,1.16,1.15,1.23,0.09,0.36,1.06,"",-4,-0.3,-375,-0.7,-730,-1.3,251,0.5,20242019,3.1,24233,2.2,-6131,-17.6,34,3.7
"50001","0","10","70","0","2017","4","",1428,15114,14843,14915,180255006,17001738,483458,927,"",1.00,1.00,1.00,1.00,1.00,1.00,1.00,1.00,"",29,2.1,-221,-1.4,-163,-1.1,-136,-0.9,5233520,3.0,585132,3.6,-37715,-7.2,37,4.2
"50001","1","10","71","0","2017","4","",22,108,103,105,1473413,0,0,1076,"",2.57,0.37,0.36,0.37,0.30,0.00,0.00,0.81,"",-1,-4.3,2,1.9,-3,-2.8,-4,-3.7,82538,5.9,0,0.0,0,0.0,76,7.6
"50001","2","10","71","0","2017","4","",8,170,168,165,2125367,0,0,975,"",0.80,0.35,0.35,0.35,0.36,0.00,0.00,1.03,"",0,0.0,-4,-2.3,-3,-1.8,-5,-2.9,78931,3.9,0,0.0,0,0.0,58,6.3
"50001","3","10","71","0","2017","4","",52,1732,1735,1774,17924917,95261,1071,789,"",2.14,1.16,1.18,1.20,1.16,0.28,0.42,0.98,"",-8,-13.3,-108,-5.9,-103,-5.6,-71,-3.8,433106,2.5,5175,5.7,-182,-14.5,58,7.9
"50001","5","10","71","0","2017","4","",1346,13104,12837,12871,158731309,16906477,482387,944,"",0.97,1.02,1.02,1.02,1.03,1.03,1.00,1.01,"",38,2.9,-111,-0.8,-54,-0.4,-56,-0.4,4638945,3.0,579957,3.6,-37533,-7.2,33,3.6
"50003","0","10","70","0","2017","4","",1572,17372,17090,17255,194047437,24093493,829720,866,"",1.00,1.00,1.00,1.00,1.00,1.00,1.00,1.00,"",25,1.6,40,0.2,134,0.8,217,1.3,8666029,4.7,169654,0.7,-98337,-10.6,32,3.8
"50003","1","10","71","0","2017","4","",21,178,170,164,2991979,0,0,1349,"",2.23,0.53,0.52,0.49,0.56,0.00,0.00,1.09,"",0,0.0,1,0.6,-6,-3.4,-5,-3.0,163212,5.8,0,0.0,0,0.0,98,7.8
"50003","2","10","71","0","2017","4","",10,510,504,499,5986996,0,0,913,"",0.91,0.91,0.92,0.91,0.95,0.00,0.00,1.03,"",0,0.0,18,3.7,20,4.1,15,3.1,155482,2.7,0,0.0,0,0.0,-9,-1.0
"50003","3","10","71","0","2017","4","",46,1651,1637,1656,15666812,10402,113,731,"",1.72,0.96,0.96,0.97,0.94,0.02,0.03,0.97,"",0,0.0,26,1.6,18,1.1,35,2.2,586599,3.9,1327,14.6,8,7.6,16,2.2
"50003","5","10","71","0","2017","4","",1495,15033,14779,14936,169401650,24083091,829607,874,"",0.98,1.02,1.02,1.02,1.02,1.03,1.01,1.00,"",25,1.7,-5,0.0,102,0.7,172,1.2,7760736,4.8,168327,0.7,-98345,-10.6,35,4.2
"50005","0","10","70","0","2017","4","",1019,10979,10839,10843,113226736,12540334,421464,800,"",1.00,1.00,1.00,1.00,1.00,1.00,1.00,1.00,"",13,1.3,159,1.5,134,1.3,139,1.3,3511234,3.2,1695522,15.6,10775,2.6,14,1.8
"50005","1","10","71","0","2017","4","",28,89,88,88,1185129,0,0,1032,"",4.58,0.42,0.42,0.42,0.38,0.00,0.00,0.90,"",0,0.0,-8,-8.2,-5,-5.4,-9,-9.3,16364,1.4,0,0.0,0,0.0,92,9.8
"50005","2","10","71","0","2017","4","",14,630,625,619,7565787,0,0,932,"",1.96,1.79,1.80,1.79,2.05,0.00,0.00,1.14,"",0,0.0,-13,-2.0,-10,-1.6,-8,-1.3,-135502,-1.8,0,0.0,0,0.0,-1,-0.1
"50005","3","10","71","0","2017","4","",53,1367,1404,1389,12178396,22754,249,676,"",3.06,1.26,1.30,1.29,1.25,0.09,0.11,0.97,"",0,0.0,-20,-1.4,4,0.3,4,0.3,126192,1.0,8800,63.1,-31,-11.1,9,1.3
"50005","5","10","71","0","2017","4","",924,8893,8722,8747,92297424,12517580,421215,808,"",0.93,0.95,0.95,0.95,0.95,1.03,1.01,1.00,"",13,1.4,200,2.3,145,1.7,152,1.8,3504180,3.9,1686722,15.6,10806,2.6,16,2.0
"50007","0","10","70","0","2017","4","",6888,103337,102967,103309,1416763170,121053389,3562919,1056,"",1.00,1.00,1.00,1.00,1.00,1.00,1.00,1.00,"",127,1.9,761,0.7,666,0.7,1182,1.2,43175278,3.1,5480109,4.7,-396847,-10.0,23,2.2
"50007","1","10","71","0","2017","4","",64,2415,2415,2436,46358642,0,0,1472,"",1.55,1.21,1.23,1.22,1.19,0.00,0.00,0.97,"",-1,-1.5,57,2.4,31,1.3,155,6.8,3304124,7.7,0,0.0,0,0.0,57,4.0
"50007","2","10","71","0","2017","4","",41,6737,6716,6655,96857964,40355,711,1112,"",0.85,2.03,2.04,2.02,2.09,0.03,0.15,1.03,"",0,0.0,-63,-0.9,-78,-1.1,-60,-0.9,968373,1.0,3706,10.1,-75,-9.5,22,2.0
"50007","3","10","71","0","2017","4","",132,7751,7739,7796,92106865,65773,747,913,"",1.13,0.76,0.76,0.76,0.76,0.03,0.04,1.00,"",7,5.6,11,0.1,-21,-0.3,188,2.5,4353341,5.0,10025,18.0,23,3.2,37,4.2
"50007","5","10","71","0","2017","4","",6651,86434,86097,86422,1181439699,120947261,3561461,1053,"",1.00,0.98,0.98,0.98,0.98,1.03,1.01,0.99,"",121,1.9,756,0.9,734,0.9,899,1.1,34549440,3.0,5466378,4.7,-396795,-10.0,21,2.0
"50009","0","10","70","0","2017","4","",173,1118,1116,1108,10498917,1381087,44245,725,"",1.00,1.00,1.00,1.00,1.00,1.00,1.00,1.00,"",1,0.6,50,4.7,89,8.7,45,4.2,381071,3.8,273138,24.7,7906,21.8,-14,-1.9
"50009","1","10","71","0","2017","4","",15,79,77,79,1749321,0,0,1718,"",14.46,3.67,3.61,3.70,6.06,0.00,0.00,1.66,"",0,0.0,6,8.2,4,5.5,5,6.8,137808,8.6,0,0.0,0,0.0,28,1.7
"50009","2","10","71","0","2017","4","N",1,0,0,0,0,0,0,0,"N",0.82,0,0,0,0,0,0,0,"N",0,0.0,0,0,0,0,0,0,0,0,0,0,0,0,0,0
"50009","3","10","71","0","2017","4","N",22,0,0,0,0,0,0,0,"N",7.48,0,0,0,0,0,0,0,"N",0,0.0,0,0,0,0,0,0,0,0,0,0,0,0,0,0
"50009","5","10","71","0","2017","4","",135,722,718,732,6258112,1344471,43718,665,"",0.80,0.76,0.76,0.78,0.70,1.01,0.99,0.91,"",1,0.7,43,6.3,78,12.2,56,8.3,98492,1.6,272919,25.5,7984,22.3,-48,-6.7
"50011","0","10","70","0","2017","4","",1267,17866,17629,17743,208242493,20416240,669552,903,"",1.00,1.00,1.00,1.00,1.00,1.00,1.00,1.00,"",28,2.3,-285,-1.6,-436,-2.4,-282,-1.6,5727317,2.8,2103015,11.5,10711,1.6,41,4.8
"50011","1","10","71","0","2017","4","",33,1546,1547,1556,30173310,0,0,1498,"",4.34,4.50,4.59,4.55,5.27,0.00,0.00,1.16,"",0,0.0,59,4.0,46,3.1,51,3.4,2314736,8.3,0,0.0,0,0.0,67,4.7
"50011","2","10","71","0","2017","4","",14,467,459,457,5853106,0,0,977,"",1.58,0.81,0.81,0.81,0.86,0.00,0.00,1.06,"",0,0.0,-4,-0.8,-5,-1.1,-4,-0.9,34951,0.6,0,0.0,0,0.0,15,1.6
"50011","3","10","71","0","2017","4","",52,2605,2525,2600,26205723,95931,3005,782,"",2.41,1.47,1.44,1.48,1.46,0.24,0.85,1.00,"",0,0.0,-78,-2.9,-147,-5.5,-33,-1.3,483320,1.9,13430,16.3,572,23.5,39,5.2
"50011","5","10","71","0","2017","4","",1168,13248,13098,13130,146010354,20320309,666547,854,"",0.95,0.87,0.87,0.87,0.82,1.03,1.00,0.94,"",28,2.5,-262,-1.9,-330,-2.5,-296,-2.2,2894310,2.0,2089585,11.5,10139,1.5,36,4.4
"50013","0","10","70","0","2017","4","",246,1255,1088,1059,10646565,1791820,57396,722,"",1.00,1.00,1.00,1.00,1.00,1.00,1.00,1.00,"",13,5.6,31,2.5,-12,-1.1,-4,-0.4,659999,6.6,180948,11.2,-876,-1.5,42,6.2
"50013","1","10","71","0","2017","4","",6,20,18,18,233798,0,0,963,"",4.07,0.83,0.86,0.88,0.80,0.00,0.00,0.93,"",0,0.0,2,11.1,-1,-5.3,0,0.0,17135,7.9,0,0.0,0,0.0,54,5.9
"50013","2","10","71","0","2017","4","N",1,0,0,0,0,0,0,0,"N",0.58,0,0,0,0,0,0,0,"N",0,0.0,0,0,0,0,0,0,0,0,0,0,0,0,0,0
"50013","3","10","71","0","2017","4","N",17,0,0,0,0,0,0,0,"N",4.07,0,0,0,0,0,0,0,"N",0,0.0,0,0,0,0,0,0,0,0,0,0,0,0,0,0
"50013","5","10","71","0","2017","4","",222,971,805,767,7836419,1753183,56972,711,"",0.93,0.91,0.87,0.85,0.86,1.01,1.00,0.98,"",13,6.2,33,3.5,-7,-0.9,-7,-0.9,530124,7.3,165134,10.4,-1004,-1.7,43,6.4
"50015","0","10","70","0","2017","4","",1153,11821,11878,12734,120706881,19265209,721388,765,"",1.00,1.00,1.00,1.00,1.00,1.00,1.00,1.00,"",30,2.7,-228,-1.9,484,4.2,108,0.9,1825523,1.5,1661931,9.4,-534,-0.1,4,0.5
"50015","1","10","71","0","2017","4","",14,55,57,56,824418,0,0,1132,"",2.02,0.24,0.25,0.23,0.25,0.00,0.00,1.03,"",0,0.0,-3,-5.2,-3,-5.0,-4,-6.7,47976,6.2,0,0.0,0,0.0,125,12.4
"50015","2","10","71","0","2017","4","",7,437,430,438,4392534,0,0,777,"",0.87,1.15,1.13,1.08,1.11,0.00,0.00,1.00,"",-1,-12.5,-17,-3.7,-2,-0.5,1,0.2,-11407,-0.3,0,0.0,0,0.0,9,1.2
"50015","3","10","71","0","2017","4","",31,1235,1283,1288,13602686,118199,2231,825,"",1.58,1.05,1.09,1.02,1.31,0.31,0.59,1.24,"",-5,-13.9,-28,-2.2,34,2.7,17,1.3,1348410,11.0,73014,161.6,1392,165.9,77,10.3
"50015","5","10","71","0","2017","4","",1101,10094,10108,10952,101887243,19147010,719157,755,"",0.98,1.01,1.00,1.01,0.99,1.03,1.00,0.98,"",36,3.4,-180,-1.8,455,4.7,94,0.9,440544,0.4,1588917,9.0,-1926,-0.3,-5,-0.7
"50017","0","10","70","0","2017","4","",854,7917,7744,7665,80354535,8906782,298611,795,"",1.00,1.00,1.00,1.00,1.00,1.00,1.00,1.00,"",-5,-0.6,63,0.8,14,0.2,45,0.6,4917248,6.5,458463,5.4,-11698,-3.8,45,6.0
"50017","1","10","71","0","2017","4","",27,67,71,71,895446,0,0,989,"",5.27,0.44,0.48,0.48,0.41,0.00,0.00,0.87,"",0,0.0,-8,-10.7,-2,-2.7,-4,-5.3,-40842,-4.4,0,0.0,0,0.0,20,2.1
"50017","2","10","71","0","2017","4","",6,497,497,492,5040038,0,0,783,"",1.00,1.96,2.00,2.01,1.92,0.00,0.00,0.97,"",0,0.0,13,2.7,16,3.3,16,3.4,327279,6.9,0,0.0,0,0.0,28,3.7
"50017","3","10","71","0","2017","4","",42,1364,1383,1365,12258572,0,0,688,"",2.89,1.74,1.80,1.80,1.77,0.00,0.00,1.00,"",0,0.0,-16,-1.2,-47,-3.3,-56,-3.9,217536,1.8,0,0.0,0,0.0,31,4.7
"50017","5","10","71","0","2017","4","",779,5989,5793,5737,62160479,8906782,298611,819,"",0.94,0.89,0.88,0.88,0.91,1.03,1.01,1.02,"",-5,-0.6,74,1.3,47,0.8,89,1.6,4413275,7.6,458463,5.4,-11698,-3.8,49,6.4
"50019","0","10","70","0","2017","4","",944,10946,10935,11318,102949505,13855829,553090,716,"",1.00,1.00,1.00,1.00,1.00,1.00,1.00,1.00,"",7,0.7,73,0.7,-130,-1.2,306,2.8,5180515,5.3,605146,4.6,-26624,-4.6,31,4.5
"50019","1","10","71","0","2017","4","",32,227,229,229,4310605,0,0,1452,"",5.65,1.08,1.09,1.05,1.52,0.00,0.00,1.42,"",1,3.2,-12,-5.0,-12,-5.0,-11,-4.6,-84607,-1.9,0,0.0,0,0.0,43,3.1
"50019","2","10","71","0","2017","4","",10,356,350,350,4504203,0,0,984,"",1.51,1.01,1.00,0.97,1.34,0.00,0.00,1.35,"",0,0.0,7,2.0,6,1.7,6,1.7,9291,0.2,0,0.0,0,0.0,-16,-1.6
"50019","3","10","71","0","2017","4","",54,1572,1555,1570,12969694,62792,1641,637,"",3.37,1.45,1.43,1.40,1.47,0.23,0.56,1.03,"",1,1.9,31,2.0,-15,-1.0,61,4.0,1166223,9.9,-33770,-35.0,-2536,-60.7,47,8.0
"50019","5","10","71","0","2017","4","",848,8791,8801,9169,81165003,13793037,551449,700,"",0.93,0.95,0.95,0.95,0.92,1.03,1.00,0.97,"",5,0.6,47,0.5,-109,-1.2,250,2.8,4089608,5.3,638916,4.9,-24088,-4.2,31,4.6
"50021","0","10","70","0","2017","4","",2400,27044,27409,27605,307930522,36049148,1275384,866,"",1.00,1.00,1.00,1.00,1.00,1.00,1.00,1.00,"",14,0.6,-203,-0.7,129,0.5,-210,-0.8,14372771,4.9,1996291,5.9,-67776,-5.0,43,5.2
"50021","1","10","71","0","2017","4","",40,276,273,274,4156941,0,0,1166,"",2.78,0.53,0.52,0.52,0.49,0.00,0.00,0.94,"",-1,-2.4,-3,-1.1,-13,-4.5,-8,-2.8,-66716,-1.6,0,0.0,0,0.0,15,1.3
"50021","2","10","71","0","2017","4","",24,1091,1087,1078,12506420,0,0,886,"",1.43,1.26,1.24,1.22,1.24,0.00,0.00,1.00,"",0,0.0,-44,-3.9,-42,-3.7,-29,-2.6,-56461,-0.4,0,0.0,0,0.0,26,3.0
"50021","3","10","71","0","2017","4","",67,2723,2686,2636,27435119,129085,6272,787,"",1.64,1.02,0.99,0.96,1.04,0.18,0.93,1.05,"",0,0.0,-58,-2.1,-38,-1.4,-16,-0.6,449954,1.7,6092,5.0,-562,-8.2,24,3.1
"50021","5","10","71","0","2017","4","",2269,22954,23363,23617,263832042,35920063,1269112,871,"",0.97,1.00,1.00,1.01,1.00,1.03,1.00,1.00,"",15,0.7,-98,-0.4,222,1.0,-157,-0.7,14045994,5.6,1990199,5.9,-67214,-5.0,47,5.7
"50023","0","10","70","0","2017","4","",2626,33488,33425,33696,435418827,34643143,1080745,999,"",1.00,1.00,1.00,1.00,1.00,1.00,1.00,1.00,"",11,0.4,150,0.4,151,0.5,212,0.6,21623807,5.2,705306,2.1,-104117,-8.8,45,4.7
"50023","1","10","71","0","2017","4","",38,233,234,233,3834073,0,0,1264,"",2.41,0.36,0.37,0.36,0.32,0.00,0.00,0.88,"",0,0.0,-2,-0.9,-3,-1.3,-3,-1.3,138619,3.8,0,0.0,0,0.0,59,4.9
"50023","2","10","71","0","2017","4","",67,4946,4868,4835,70411379,78404,1764,1109,"",3.64,4.60,4.55,4.50,4.95,0.18,1.24,1.09,"",0,0.0,115,2.4,128,2.7,98,2.1,3041138,4.5,14710,23.1,54,3.2,22,2.0
"50023","3","10","71","0","2017","4","",90,2753,2731,2759,28799146,88310,2930,806,"",2.02,0.83,0.82,0.83,0.77,0.13,0.52,0.93,"",3,3.4,-43,-1.5,-138,-4.8,-29,-1.0,443109,1.6,44593,102.0,1627,124.9,32,4.1
"50023","5","10","71","0","2017","4","",2431,25556,25592,25869,332374229,34476429,1076051,996,"",0.95,0.90,0.90,0.90,0.89,1.03,1.00,0.99,"",8,0.3,80,0.3,164,0.6,146,0.6,18000941,5.7,646003,1.9,-105798,-9.0,49,5.2
"50025","0","10","70","0","2017","4","",1974,21703,22006,23227,233398055,29169066,998002,805,"",1.00,1.00,1.00,1.00,1.00,1.00,1.00,1.00,"",24,1.2,-23,-0.1,-174,-0.8,102,0.4,2422063,1.0,1395309,5.0,-93834,-8.6,10,1.3
"50025","1","10","71","0","2017","4","",36,138,134,137,2094006,0,0,1181,"",3.04,0.33,0.32,0.31,0.33,0.00,0.00,1.03,"",-1,-2.7,0,0.0,-5,-3.6,-3,-2.1,52900,2.6,0,0.0,0,0.0,51,4.5
"50025","2","10","71","0","2017","4","",11,297,292,290,3919959,0,0,1029,"",0.80,0.43,0.41,0.39,0.51,0.00,0.00,1.25,"",-1,-8.3,-7,-2.3,-4,-1.4,-6,-2.0,-25897,-0.7,0,0.0,0,0.0,13,1.3
"50025","3","10","71","0","2017","4","",66,2490,2455,2573,22578245,186957,6249,693,"",1.97,1.16,1.12,1.12,1.13,0.32,1.19,0.99,"",0,0.0,-33,-1.3,-176,-6.7,-17,-0.7,127148,0.6,-150713,-44.6,-6485,-50.9,24,3.6
"50025","5","10","71","0","2017","4","",1861,18778,19125,20227,204805845,28982109,991753,813,"",0.97,1.02,1.02,1.02,1.03,1.03,1.00,1.00,"",26,1.4,17,0.1,11,0.1,128,0.6,2267912,1.1,1546022,5.6,-87349,-8.1,7,0.9
"50027","0","10","70","0","2017","4","",2342,23394,23367,24130,268942646,29030933,903750,875,"",1.00,1.00,1.00,1.00,1.00,1.00,1.00,1.00,"",11,0.5,-134,-0.6,75,0.3,255,1.1,4846481,1.8,1166013,4.2,-88327,-8.9,13,1.5
"50027","1","10","71","0","2017","4","",49,1481,1462,1482,30519865,0,0,1592,"",3.49,3.29,3.27,3.19,4.13,0.00,0.00,1.27,"",1,2.1,-72,-4.6,-88,-5.7,-72,-4.6,-737096,-2.4,0,0.0,0,0.0,43,2.8
"50027","2","10","71","0","2017","4","",18,600,595,592,7832742,0,0,1012,"",1.10,0.80,0.79,0.77,0.89,0.00,0.00,1.13,"",-1,-5.3,-49,-7.6,-44,-6.9,-48,-7.5,-688381,-8.1,0,0.0,0,0.0,-8,-0.8
"50027","3","10","71","0","2017","4","",83,2929,2961,3046,29474226,70404,773,761,"",2.09,1.26,1.28,1.28,1.27,0.12,0.16,1.00,"",-1,-1.2,-41,-1.4,-51,-1.7,90,3.0,731400,2.5,11811,20.2,14,1.8,19,2.6
"50027","5","10","71","0","2017","4","",2192,18384,18349,19010,201115813,28960529,902977,833,"",0.96,0.92,0.92,0.93,0.88,1.03,1.01,0.95,"",12,0.6,28,0.2,258,1.4,285,1.5,5540558,2.8,1154202,4.2,-88341,-8.9,15,1.8
"50999","0","10","70","0","2017","4","",747,8509,8568,8907,73240202,7431151,208877,650,"",1.00,1.00,1.00,1.00,1.00,1.00,1.00,1.00,"",16,2.2,708,9.1,564,7.0,506,6.0,6704479,10.1,919721,14.1,-25498,-10.9,16,2.5
"50999","1","10","71","0","2017","4","",22,78,92,93,1843521,0,0,1618,"",4.91,0.48,0.56,0.54,0.92,0.00,0.00,1.74,"",4,22.2,14,21.9,25,37.3,27,40.9,474222,34.6,0,0.0,0,0.0,14,0.9
"50999","5","10","71","0","2017","4","",725,8431,8476,8814,71396681,7431151,208877,641,"",1.00,1.17,1.16,1.16,1.14,1.03,1.01,0.98,"",12,1.7,694,9.0,539,6.8,479,5.7,6230257,9.6,919721,14.1,-25498,-10.9,15,2.4
"51000","0","10","50","0","2017","4","",274560,3867397,3882400,3885413,56496136378,2747310001,44810525,1121,"",1.00,1.00,1.00,1.00,1.00,1.00,1.00,1.00,"",12687,4.8,48152,1.3,44117,1.1,50782,1.3,2203412844,4.1,22363055,0.8,-6629990,-12.9,31,2.8
"51000","1","10","51","0","2017","4","",1950,178247,178503,179026,4261364263,0,0,1835,"",1.18,2.39,2.40,2.39,2.74,0.00,0.00,1.14,"",-14,-0.7,-678,-0.4,-695,-0.4,-782,-0.4,120058003,2.9,0,0.0,0,0.0,58,3.3
"51000","2","10","51","0","2017","4","",2295,145277,144871,145310,1875872803,10196,13,994,"",1.19,1.17,1.16,1.17,1.02,0.00,0.00,0.87,"",116,5.3,76,0.1,399,0.3,317,0.2,26581551,1.4,3607,54.7,-6,-31.6,12,1.2
"51000","3","10","51","0","2017","4","",3404,380298,385885,383118,4329471140,24201448,158315,869,"",0.73,0.99,1.00,1.00,0.89,0.44,0.67,0.89,"",29,0.9,2523,0.7,3301,0.9,2004,0.5,78221052,1.8,2065603,9.3,-11197,-6.6,10,1.2
"51000","5","10","51","0","2017","4","",266911,3163575,3173141,3177959,46029428172,2723098357,44652197,1116,"",1.00,0.96,0.96,0.96,0.95,1.02,1.00,0.99,"",12556,4.9,46231,1.5,41112,1.3,49243,1.6,1978552238,4.5,20293845,0.8,-6618787,-12.9,32,3.0
"51000","8","10","96","0","2017","4","",7649,703822,709259,707454,10466708206,24211644,158328,1139,"",0.93,1.21,1.21,1.21,1.27,0.27,0.54,1.05,"",131,1.7,1921,0.3,3005,0.4,1539,0.2,224860606,2.2,2069210,9.3,-11203,-6.6,21,1.9
"51001","0","10","70","0","2017","4","",1164,13469,13291,13253,129976977,9156909,137059,750,"",1.00,1.00,1.00,1.00,1.00,1.00,1.00,1.00,"",47,4.2,343,2.6,206,1.6,418,3.3,11305829,9.5,-323409,-3.4,-15319,-10.1,49,7.0
"51001","1","10","71","0","2017","4","",45,657,648,645,13440045,0,0,1591,"",6.45,2.53,2.55,2.53,3.76,0.00,0.00,1.48,"",-1,-2.2,3,0.5,7,1.1,2,0.3,512339,4.0,0,0.0,0,0.0,52,3.4
"51001","2","10","71","0","2017","4","",24,374,371,384,3534525,0,0,722,"",2.94,0.87,0.87,0.91,0.83,0.00,0.00,0.94,"",4,20.0,-21,-5.3,-16,-4.1,-10,-2.5,-319752,-8.3,0,0.0,0,0.0,-34,-4.5
"51001","3","10","71","0","2017","4","",34,1833,1936,1887,15519513,1093514,4525,633,"",1.72,1.37,1.47,1.44,1.39,6.03,6.27,0.97,"",1,3.0,-16,-0.9,-2,-0.1,35,1.9,695119,4.7,20913,1.9,-1133,-20.0,26,4.3
"51001","5","10","71","0","2017","4","",1061,10605,10336,10337,97482894,8063395,132534,719,"",0.94,0.93,0.92,0.92,0.88,0.91,0.97,0.95,"",43,4.2,377,3.7,217,2.1,391,3.9,10418123,12.0,-344322,-4.1,-14186,-9.7,56,8.4
"51003","0","10","70","0","2017","4","",3743,56136,56335,55766,794061880,32625599,422376,1089,"",1.00,1.00,1.00,1.00,1.00,1.00,1.00,1.00,"",249,7.1,2249,4.2,1869,3.4,1749,3.2,48831408,6.6,3553946,12.2,35092,9.1,30,2.8
"51003","1","10","71","0","2017","4","",18,902,903,907,20430566,0,0,1738,"",0.80,0.83,0.84,0.84,0.94,0.00,0.00,1.12,"",0,0.0,16,1.8,12,1.3,10,1.1,838354,4.3,0,0.0,0,0.0,47,2.8
"51003","2","10","71","0","2017","4","",19,12398,12561,12280,249716192,0,0,1547,"",0.72,6.88,6.96,6.91,9.63,0.00,0.00,1.39,"",1,5.6,279,2.3,285,2.3,364,3.1,16065714,6.9,0,0.0,0,0.0,62,4.2
"51003","3","10","71","0","2017","4","",19,4247,4291,4248,45453200,10542,47,820,"",0.30,0.76,0.77,0.77,0.67,0.02,0.02,0.87,"",1,5.6,125,3.0,105,2.5,90,2.2,1780699,4.1,2843,36.9,-308,-86.8,12,1.5
"51003","5","10","71","0","2017","4","",3687,38589,38580,38331,478461922,32615057,422329,956,"",1.02,0.81,0.81,0.81,0.71,1.03,1.01,0.87,"",247,7.2,1829,5.0,1467,4.0,1285,3.5,30146641,6.7,3551103,12.2,35400,9.1,23,2.5
"51005","0","10","70","0","2017","4","",353,3787,3769,3758,32843716,2084447,25909,670,"",1.00,1.00,1.00,1.00,1.00,1.00,1.00,1.00,"",-2,-0.6,-49,-1.3,15,0.4,-6,-0.2,-365917,-1.1,38463,1.9,-5851,-18.4,-5,-0.7
"51005","1","10","71","0","2017","4","",4,13,11,11,141590,0,0,934,"",1.89,0.18,0.15,0.15,0.16,0.00,0.00,0.97,"",0,0.0,-1,-7.1,-3,-21.4,-3,-21.4,-23686,-14.3,0,0.0,0,0.0,26,2.9
"51005","2","10","71","0","2017","4","",13,239,241,239,1974731,0,0,634,"",5.26,1.97,2.00,1.99,1.84,0.00,0.00,0.93,"",0,0.0,-4,-1.6,-4,-1.6,-8,-3.2,-28535,-1.4,0,0.0,0,0.0,5,0.8
"51005","3","10","71","0","2017","4","",37,853,845,839,7066064,62707,1042,643,"",6.17,2.27,2.26,2.26,2.50,1.52,7.64,1.11,"",0,0.0,-40,-4.5,-1,-0.1,-27,-3.1,39724,0.6,-7078,-10.1,371,55.3,21,3.4
"51005","5","10","71","0","2017","4","",299,2682,2672,2669,23661331,2021740,24867,681,"",0.87,0.83,0.83,0.84,0.84,1.00,0.97,1.01,"",-2,-0.7,-4,-0.1,23,0.9,32,1.2,-353420,-1.5,45541,2.3,-6222,-20.0,-14,-2.0
"51007","0","10","70","0","2017","4","",399,2508,2461,2524,23154471,1787924,17966,713,"",1.00,1.00,1.00,1.00,1.00,1.00,1.00,1.00,"",33,9.0,25,1.0,-18,-0.7,46,1.9,1006543,4.5,112060,6.7,-3352,-15.7,26,3.8
"51007","1","10","71","0","2017","4","",5,29,27,26,353469,0,0,995,"",2.09,0.60,0.57,0.53,0.56,0.00,0.00,0.98,"",0,0.0,6,26.1,1,3.8,-8,-23.5,-1600,-0.5,0,0.0,0,0.0,8,0.8
"51007","2","10","71","0","2017","4","N",16,0,0,0,0,0,0,0,"N",5.72,0,0,0,0,0,0,0,"N",1,6.7,0,0,0,0,0,0,0,0,0,0,0,0,0,0
"51007","3","10","71","0","2017","4","N",2,0,0,0,0,0,0,0,"N",0.29,0,0,0,0,0,0,0,"N",0,0.0,0,0,0,0,0,0,0,0,0,0,0,0,0,0
"51007","5","10","71","0","2017","4","",376,2005,1964,2021,18462979,1745374,17911,711,"",0.97,0.94,0.94,0.94,0.93,1.01,1.00,0.99,"",32,9.3,6,0.3,-31,-1.6,29,1.5,814315,4.6,119268,7.3,-3322,-15.6,31,4.6
"51009","0","10","70","0","2017","4","",780,8158,8129,8094,76049741,4435370,50496,720,"",1.00,1.00,1.00,1.00,1.00,1.00,1.00,1.00,"",42,5.7,-123,-1.5,-229,-2.7,-232,-2.8,1161468,1.6,62109,1.4,-11619,-18.7,28,4.0
"51009","1","10","71","0","2017","4","",5,50,49,49,686499,0,0,1070,"",1.07,0.32,0.31,0.31,0.33,0.00,0.00,1.04,"",0,0.0,5,11.1,0,0.0,1,2.1,52120,8.2,0,0.0,0,0.0,39,3.8
"51009","2","10","71","0","2017","4","",17,703,661,658,7345893,0,0,838,"",3.11,2.68,2.54,2.55,2.96,0.00,0.00,1.14,"",1,6.2,-168,-19.3,-192,-22.5,-183,-21.8,-1846764,-20.1,0,0.0,0,0.0,11,1.3
"51009","3","10","71","0","2017","4","",15,1302,1310,1289,10901220,21601,28,645,"",1.13,1.61,1.62,1.61,1.67,0.25,0.11,1.03,"",0,0.0,-6,-0.5,-6,-0.5,-43,-3.2,56661,0.5,5750,36.3,1,3.7,12,1.9
"51009","5","10","71","0","2017","4","",743,6103,6109,6098,57116129,4413769,50468,720,"",0.98,0.88,0.88,0.89,0.88,1.03,1.01,0.99,"",41,5.8,46,0.8,-31,-0.5,-7,-0.1,2899451,5.3,56359,1.3,-11620,-18.7,36,5.3
"51011","0","10","70","0","2017","4","",492,3289,3287,3323,25220141,2177305,20741,588,"",1.00,1.00,1.00,1.00,1.00,1.00,1.00,1.00,"",32,7.0,20,0.6,19,0.6,52,1.6,881124,3.6,-193695,-8.2,-7869,-27.5,15,2.6
"51011","1","10","71","0","2017","4","",6,47,47,44,563454,0,0,942,"",2.03,0.74,0.75,0.69,0.81,0.00,0.00,1.12,"",0,0.0,-6,-11.3,-2,-4.1,-2,-4.3,9456,1.7,0,0.0,0,0.0,78,9.0
"51011","2","10","71","0","2017","4","",13,155,156,158,1931689,0,0,950,"",3.77,1.47,1.48,1.49,2.35,0.00,0.00,1.58,"",0,0.0,-1,-0.6,2,1.3,4,2.6,19831,1.0,0,0.0,0,0.0,-1,-0.1
"51011","3","10","71","0","2017","4","",5,616,609,611,4538680,71596,433,570,"",0.60,1.89,1.87,1.86,2.09,1.66,3.97,1.12,"",0,0.0,6,1.0,17,2.9,18,3.0,124375,2.8,-20493,-22.3,-710,-62.1,2,0.4
"51011","5","10","71","0","2017","4","",468,2471,2475,2510,18186318,2105709,20308,563,"",0.98,0.88,0.89,0.89,0.84,1.00,0.99,0.95,"",32,7.3,21,0.9,2,0.1,32,1.3,727462,4.2,-173202,-7.6,-7159,-26.1,19,3.5
"51013","0","10","70","0","2017","4","",9280,176702,177948,178365,3990436227,104931623,1823437,1728,"",1.00,1.00,1.00,1.00,1.00,1.00,1.00,1.00,"",149,1.6,3206,1.8,3911,2.2,3853,2.2,194374193,5.1,2542169,2.5,-77184,-4.1,50,3.0
"51013","1","10","71","0","2017","4","",91,26950,27053,27148,798211321,0,0,2270,"",1.63,7.92,7.94,7.90,7.28,0.00,0.00,0.92,"",-2,-2.2,-489,-1.8,-473,-1.7,-433,-1.6,16379406,2.1,0,0.0,0,0.0,84,3.8
"51013","2","10","71","0","2017","4","",16,750,750,765,12285381,0,0,1252,"",0.25,0.13,0.13,0.13,0.09,0.00,0.00,0.71,"",1,6.7,23,3.2,27,3.7,25,3.4,730345,6.3,0,0.0,0,0.0,34,2.8
"51013","3","10","71","0","2017","4","",84,11942,12076,12169,194472470,41936,108,1240,"",0.53,0.68,0.68,0.69,0.57,0.02,0.01,0.83,"",1,1.2,309,2.7,334,2.8,339,2.9,11025504,6.0,-3610,-7.9,-216,-66.7,38,3.2
"51013","5","10","71","0","2017","4","",9089,137060,138069,138283,2985467055,104889687,1823329,1667,"",1.01,0.91,0.91,0.91,0.88,1.03,1.01,0.96,"",149,1.7,3363,2.5,4023,3.0,3922,2.9,166238938,5.9,2545779,2.5,-76968,-4.1,49,3.0
"51015","0","10","70","0","2017","4","",1858,26959,26970,27058,302508469,17024864,231543,862,"",1.00,1.00,1.00,1.00,1.00,1.00,1.00,1.00,"",110,6.3,-435,-1.6,-404,-1.5,-334,-1.2,4205841,1.4,-1150477,-6.3,-45275,-16.4,24,2.9
"51015","1","10","71","0","2017","4","",24,133,129,124,1681754,0,0,1005,"",2.15,0.26,0.25,0.24,0.20,0.00,0.00,0.82,"",0,0.0,8,6.4,17,15.2,1,0.8,56435,3.5,0,0.0,0,0.0,-37,-3.6
"51015","2","10","71","0","2017","4","",29,1487,1490,1502,14650233,0,0,755,"",2.23,1.72,1.72,1.74,1.48,0.00,0.00,0.86,"",1,3.6,-53,-3.4,-44,-2.9,-27,-1.8,50295,0.3,0,0.0,0,0.0,23,3.1
"51015","3","10","71","0","2017","4","",42,3165,3159,3176,28761435,17719,30,699,"",1.33,1.18,1.18,1.19,1.11,0.05,0.02,0.93,"",0,0.0,-6,-0.2,-21,-0.7,-2,-0.1,361918,1.3,-766,-4.1,-12,-28.6,11,1.6
"51015","5","10","71","0","2017","4","",1763,22174,22192,22256,257415047,17007145,231513,892,"",0.98,0.97,0.97,0.97,1.00,1.03,1.01,1.03,"",109,6.6,-384,-1.7,-356,-1.6,-306,-1.4,3737193,1.5,-1149711,-6.3,-45263,-16.4,27,3.1
"51017","0","10","70","0","2017","4","",221,2333,2266,2274,20876880,1588405,20599,701,"",1.00,1.00,1.00,1.00,1.00,1.00,1.00,1.00,"",-2,-0.9,36,1.6,-36,-1.6,-5,-0.2,-941988,-4.3,63638,4.2,-1885,-8.4,-31,-4.2
"51017","1","10","71","0","2017","4","",6,29,29,30,359623,0,0,943,"",4.53,0.65,0.67,0.68,0.63,0.00,0.00,0.94,"",0,0.0,6,26.1,5,20.8,4,15.4,59663,19.9,0,0.0,0,0.0,-5,-0.5
"51017","2","10","71","0","2017","4","",12,106,107,108,780166,0,0,561,"",7.75,1.42,1.47,1.49,1.14,0.00,0.00,0.78,"",1,9.1,13,14.0,18,20.2,21,24.1,-33,0.0,0,0.0,0,0.0,-108,-16.1
"51017","3","10","71","0","2017","4","",5,262,267,258,2130533,94147,151,625,"",1.33,1.13,1.19,1.15,1.19,2.99,1.39,1.03,"",-1,-16.7,1,0.4,0,0.0,-2,-0.8,-16852,-0.8,-33636,-26.3,-631,-80.7,-4,-0.6
"51017","5","10","71","0","2017","4","",198,1936,1863,1878,17606558,1494258,20448,716,"",0.92,0.98,0.97,0.97,0.99,0.97,1.00,1.02,"",-2,-1.0,16,0.8,-59,-3.1,-28,-1.5,-984766,-5.3,97274,7.0,-1254,-5.8,-30,-4.0
"51019","0","10","70","0","2017","4","",2221,18929,18956,18862,181234467,14115336,244709,737,"",1.00,1.00,1.00,1.00,1.00,1.00,1.00,1.00,"",79,3.7,40,0.2,2,0.0,93,0.5,2822853,1.6,841947,6.3,-37358,-13.2,10,1.4
"51019","1","10","71","0","2017","4","",16,138,121,122,1816964,0,0,1101,"",1.20,0.38,0.33,0.34,0.36,0.00,0.00,1.04,"",0,0.0,8,6.2,-4,-3.2,-1,-0.8,64605,3.7,0,0.0,0,0.0,31,2.9
"51019","2","10","71","0","2017","4","",18,247,247,251,2405301,0,0,745,"",1.16,0.41,0.41,0.42,0.41,0.00,0.00,0.99,"",0,0.0,4,1.6,-6,-2.4,1,0.4,35818,1.5,0,0.0,0,0.0,12,1.6
"51019","3","10","71","0","2017","4","",52,2730,2774,2740,23134286,1370,2,648,"",1.38,1.46,1.47,1.47,1.48,0.00,0.00,1.01,"",1,2.0,49,1.8,64,2.4,53,2.0,1168064,5.3,-3540,-72.1,-53,-96.4,20,3.2
"51019","5","10","71","0","2017","4","",2135,15814,15814,15749,153877916,14113966,244707,750,"",0.99,0.98,0.98,0.98,0.99,1.03,1.01,1.01,"",78,3.8,-21,-0.1,-52,-0.3,40,0.3,1554366,1.0,845487,6.4,-37305,-13.2,9,1.2
"51021","0","10","70","0","2017","4","",132,1972,1976,1973,21465715,1027864,29240,837,"",1.00,1.00,1.00,1.00,1.00,1.00,1.00,1.00,"",1,0.8,71,3.7,69,3.6,79,4.2,1084762,5.3,244098,31.1,14886,103.7,12,1.5
"51021","1","10","71","0","2017","4","",4,13,14,14,138852,0,0,782,"",5.05,0.34,0.37,0.37,0.24,0.00,0.00,0.65,"",0,0.0,-2,-13.3,0,0.0,-1,-6.7,-2411,-1.7,0,0.0,0,0.0,41,5.5
"51021","2","10","71","0","2017","4","N",10,0,0,0,0,0,0,0,"N",10.81,0,0,0,0,0,0,0,"N",0,0.0,0,0,0,0,0,0,0,0,0,0,0,0,0,0
"51021","3","10","71","0","2017","4","N",2,0,0,0,0,0,0,0,"N",0.89,0,0,0,0,0,0,0,"N",0,0.0,0,0,0,0,0,0,0,0,0,0,0,0,0,0
"51021","5","10","71","0","2017","4","",116,1367,1372,1372,16378448,859641,27353,919,"",0.91,0.82,0.82,0.82,0.89,0.86,0.94,1.09,"",1,0.9,72,5.6,66,5.1,68,5.2,1311035,8.7,181655,26.8,13962,104.3,29,3.3
"51023","0","10","70","0","2017","4","",871,10553,10508,10564,113112608,8576538,132331,825,"",1.00,1.00,1.00,1.00,1.00,1.00,1.00,1.00,"",29,3.4,151,1.5,279,2.7,458,4.5,9608571,9.3,1446600,20.3,-8435,-6.0,48,6.2
"51023","1","10","71","0","2017","4","",11,56,57,55,764725,0,0,1050,"",2.11,0.28,0.28,0.27,0.25,0.00,0.00,0.89,"",0,0.0,3,5.7,4,7.5,1,1.9,61876,8.8,0,0.0,0,0.0,36,3.6
"51023","2","10","71","0","2017","4","",19,171,171,176,1988706,0,0,886,"",3.11,0.50,0.51,0.52,0.54,0.00,0.00,1.05,"",3,18.8,58,51.3,56,48.7,61,53.0,803253,67.8,0,0.0,0,0.0,88,11.0
"51023","3","10","71","0","2017","4","",32,1281,1313,1301,11743824,11949,15,696,"",2.16,1.23,1.26,1.24,1.21,0.07,0.02,0.97,"",0,0.0,-9,-0.7,8,0.6,-4,-0.3,-62837,-0.5,9647,419.1,11,275.0,-3,-0.4
"51023","5","10","71","0","2017","4","",809,9045,8967,9032,98615353,8564589,132316,841,"",0.96,1.01,1.00,1.01,1.02,1.03,1.01,1.01,"",26,3.3,99,1.1,211,2.4,400,4.6,8806279,9.8,1436953,20.2,-8446,-6.0,54,6.9
"51025","0","10","70","0","2017","4","",659,3758,3644,3736,33409525,2137216,31506,692,"",1.00,1.00,1.00,1.00,1.00,1.00,1.00,1.00,"",78,13.4,-147,-3.8,-253,-6.5,-83,-2.2,-1260533,-3.6,-260613,-10.9,-21801,-40.9,4,0.6
"51025","1","10","71","0","2017","4","",12,40,37,38,474928,0,0,953,"",3.04,0.55,0.53,0.53,0.52,0.00,0.00,0.96,"",-1,-7.7,4,11.1,-2,-5.1,-3,-7.3,20593,4.5,0,0.0,0,0.0,49,5.4
"51025","2","10","71","0","2017","4","",15,272,274,276,2406590,0,0,676,"",3.25,2.25,2.35,2.32,2.21,0.00,0.00,0.96,"",1,7.1,-19,-6.5,-18,-6.2,-15,-5.2,-307964,-11.3,0,0.0,0,0.0,-41,-5.7
"51025","3","10","71","0","2017","4","",23,615,630,630,5077289,0,0,625,"",2.05,1.65,1.74,1.70,1.77,0.00,0.00,1.04,"",1,4.5,-9,-1.4,-2,-0.3,5,0.8,106619,2.1,-181,-100.0,0,0.0,15,2.5
"51025","5","10","71","0","2017","4","",609,2831,2703,2792,25450718,2137216,31506,705,"",0.95,0.89,0.87,0.88,0.89,1.03,1.01,1.01,"",77,14.5,-123,-4.2,-231,-7.9,-70,-2.4,-1079781,-4.1,-260432,-10.9,-21801,-40.9,5,0.7
"51027","0","10","70","0","2017","4","",590,6729,6720,6765,73557247,4135231,101761,840,"",1.00,1.00,1.00,1.00,1.00,1.00,1.00,1.00,"",11,1.9,231,3.6,245,3.8,275,4.2,5721187,8.4,-26070,-0.6,-11532,-10.2,36,4.5
"51027","1","10","71","0","2017","4","",15,63,64,63,909424,0,0,1105,"",4.24,0.49,0.50,0.48,0.45,0.00,0.00,0.92,"",0,0.0,3,5.0,4,6.7,2,3.3,8046,0.9,0,0.0,0,0.0,-44,-3.8
"51027","2","10","71","0","2017","4","",18,474,468,473,3997628,0,0,652,"",4.35,2.19,2.17,2.19,1.66,0.00,0.00,0.76,"",1,5.9,-5,-1.0,-8,-1.7,-3,-0.6,-205213,-4.9,0,0.0,0,0.0,-26,-3.8
"51027","3","10","71","0","2017","4","",26,983,995,990,7895802,201087,3623,614,"",2.59,1.47,1.49,1.48,1.25,2.46,6.76,0.84,"",-2,-7.1,-15,-1.5,-4,-0.4,-15,-1.5,175429,2.3,35094,21.1,1681,86.6,21,3.5
"51027","5","10","71","0","2017","4","",531,5209,5193,5239,60754393,3934144,98138,896,"",0.93,0.91,0.91,0.91,0.97,0.98,0.97,1.06,"",12,2.3,248,5.0,253,5.1,291,5.9,5742925,10.4,-61164,-1.5,-13213,-11.9,41,4.8
"51029","0","10","70","0","2017","4","",434,3308,3396,3335,31646773,1556380,26016,727,"",1.00,1.00,1.00,1.00,1.00,1.00,1.00,1.00,"",37,9.3,6,0.2,82,2.5,47,1.4,141880,0.5,124609,8.7,2769,11.9,-7,-1.0
"51029","1","10","71","0","2017","4","",7,29,31,31,365373,0,0,927,"",2.69,0.46,0.48,0.48,0.42,0.00,0.00,0.89,"",0,0.0,0,0.0,-2,-6.1,-2,-6.1,13799,3.9,0,0.0,0,0.0,73,8.5
"51029","2","10","71","0","2017","4","N",17,0,0,0,0,0,0,0,"N",5.59,0,0,0,0,0,0,0,"N",1,6.2,0,0,0,0,0,0,0,0,0,0,0,0,0,0
"51029","3","10","71","0","2017","4","N",3,0,0,0,0,0,0,0,"N",0.41,0,0,0,0,0,0,0,"N",0,0.0,0,0,0,0,0,0,0,0,0,0,0,0,0,0
"51029","5","10","71","0","2017","4","",407,1991,2011,2018,19597095,1484706,25903,751,"",0.97,0.71,0.70,0.71,0.73,0.99,1.00,1.03,"",36,9.7,38,1.9,31,1.6,49,2.5,398832,2.1,109646,8.0,2775,12.0,0,0.0
"51031","0","10","70","0","2017","4","",1471,17208,17258,17284,213242799,10461070,140980,951,"",1.00,1.00,1.00,1.00,1.00,1.00,1.00,1.00,"",90,6.5,509,3.0,615,3.7,690,4.2,24165038,12.8,814558,8.4,-10967,-7.2,77,8.8
"51031","1","10","71","0","2017","4","",10,73,76,75,970075,0,0,999,"",1.13,0.22,0.23,0.23,0.17,0.00,0.00,0.73,"",0,0.0,-1,-1.4,1,1.3,-2,-2.6,33384,3.6,0,0.0,0,0.0,43,4.5
"51031","2","10","71","0","2017","4","",14,281,278,280,2306822,0,0,634,"",1.36,0.51,0.50,0.51,0.33,0.00,0.00,0.65,"",1,7.7,-4,-1.4,-10,-3.5,-7,-2.4,-216797,-8.6,0,0.0,0,0.0,-43,-6.4
"51031","3","10","71","0","2017","4","",20,1923,1953,1978,16233181,2452,3,640,"",0.80,1.13,1.14,1.16,0.89,0.01,0.00,0.78,"",0,0.0,11,0.6,23,1.2,13,0.7,507373,3.2,7,0.3,-1,-25.0,15,2.4
"51031","5","10","71","0","2017","4","",1427,14931,14951,14951,193732721,10458618,140977,997,"",1.00,1.02,1.02,1.02,1.06,1.03,1.01,1.04,"",89,6.7,503,3.5,601,4.2,686,4.8,23841078,14.0,814551,8.4,-10966,-7.2,86,9.4
"51033","0","10","70","0","2017","4","",593,5802,5708,5739,57256411,4254819,58634,766,"",1.00,1.00,1.00,1.00,1.00,1.00,1.00,1.00,"",51,9.4,-20,-0.3,-75,-1.3,-9,-0.2,2721463,5.0,496589,13.2,2826,5.1,41,5.7
"51033","1","10","71","0","2017","4","",18,399,398,395,6316326,0,0,1223,"",5.06,3.57,3.64,3.57,4.01,0.00,0.00,1.12,"",0,0.0,-8,-2.0,-15,-3.6,-15,-3.7,137259,2.2,0,0.0,0,0.0,64,5.5
"51033","2","10","71","0","2017","4","",18,160,162,165,1598015,0,0,757,"",4.33,0.86,0.89,0.90,0.85,0.00,0.00,0.97,"",1,5.9,1,0.6,3,1.9,5,3.1,-69859,-4.2,0,0.0,0,0.0,-48,-6.0
"51033","3","10","71","0","2017","4","",6,1068,1065,1076,9973117,461766,1480,717,"",0.60,1.86,1.88,1.89,2.03,5.48,4.80,1.08,"",-1,-14.3,-9,-0.8,-13,-1.2,1,0.1,924692,10.2,-4543,-1.0,197,15.4,71,11.0
"51033","5","10","71","0","2017","4","",551,4175,4083,4103,39368953,3793053,57154,735,"",0.96,0.85,0.84,0.84,0.81,0.92,0.98,0.95,"",51,10.2,-4,-0.1,-50,-1.2,0,0.0,1729371,4.6,501132,15.2,2629,4.8,35,5.0
"51035","0","10","70","0","2017","4","",611,6645,6551,6548,51719236,4790640,57512,604,"",1.00,1.00,1.00,1.00,1.00,1.00,1.00,1.00,"",29,5.0,212,3.3,92,1.4,114,1.8,2206826,4.5,466568,10.8,-7593,-11.7,13,2.2
"51035","1","10","71","0","2017","4","",8,38,38,42,492785,0,0,964,"",2.18,0.30,0.30,0.33,0.35,0.00,0.00,1.12,"",0,0.0,-2,-5.0,-1,-2.6,0,0.0,23125,4.9,0,0.0,0,0.0,68,7.6
"51035","2","10","71","0","2017","4","",13,415,402,403,4165211,0,0,788,"",3.04,1.95,1.92,1.93,2.47,0.00,0.00,1.28,"",-1,-7.1,-43,-9.4,-50,-11.1,-49,-10.8,-213520,-4.9,0,0.0,0,0.0,46,6.2
"51035","3","10","71","0","2017","4","",9,1151,1152,1158,9633358,469276,1602,642,"",0.87,1.75,1.77,1.79,2.17,4.95,5.29,1.23,"",2,28.6,-10,-0.9,-23,-2.0,-22,-1.9,302947,3.2,22069,4.9,-109,-6.4,30,4.9
"51035","5","10","71","0","2017","4","",581,5041,4959,4945,37427882,4321364,55910,578,"",0.98,0.89,0.89,0.89,0.85,0.93,0.98,0.95,"",28,5.1,267,5.6,166,3.5,185,3.9,2094274,5.9,444499,11.5,-7484,-11.8,9,1.6
"51036","0","10","70","0","2017","4","",228,1706,1682,1683,20465377,1098679,13137,931,"",1.00,1.00,1.00,1.00,1.00,1.00,1.00,1.00,"",13,6.0,102,6.4,108,6.9,103,6.5,2898705,16.5,120042,12.3,-4635,-26.1,79,9.3
"51036","1","10","71","0","2017","4","",4,20,19,20,305923,0,0,1197,"",2.93,0.61,0.59,0.62,0.54,0.00,0.00,0.90,"",0,0.0,2,11.1,0,0.0,2,11.1,-11286,-3.6,0,0.0,0,0.0,-134,-10.1
"51036","2","10","71","0","2017","4","N",8,0,0,0,0,0,0,0,"N",5.01,0,0,0,0,0,0,0,"N",1,14.3,0,0,0,0,0,0,0,0,0,0,0,0,0,0
"51036","3","10","71","0","2017","4","N",3,0,0,0,0,0,0,0,"N",0.77,0,0,0,0,0,0,0,"N",0,0.0,0,0,0,0,0,0,0,0,0,0,0,0,0,0
"51036","5","10","71","0","2017","4","",213,1407,1392,1388,17426854,1098679,13137,960,"",0.96,0.97,0.97,0.97,1.00,1.03,1.01,1.03,"",12,6.0,116,9.0,124,9.8,113,8.9,2904292,20.0,120042,12.3,-4635,-26.1,86,9.8
"51037","0","10","70","0","2017","4","",360,2906,2892,2918,25502496,1991325,22581,675,"",1.00,1.00,1.00,1.00,1.00,1.00,1.00,1.00,"",22,6.5,-30,-1.0,41,1.4,27,0.9,-550140,-2.1,-79662,-3.8,-491,-2.1,-18,-2.6
"51037","1","10","71","0","2017","4","",12,40,42,37,486335,0,0,943,"",5.56,0.72,0.76,0.66,0.69,0.00,0.00,0.98,"",0,0.0,0,0.0,0,0.0,-4,-9.8,16512,3.5,0,0.0,0,0.0,62,7.0
"51037","2","10","71","0","2017","4","N",13,0,0,0,0,0,0,0,"N",5.15,0,0,0,0,0,0,0,"N",2,18.2,0,0,0,0,0,0,0,0,0,0,0,0,0,0
"51037","3","10","71","0","2017","4","N",6,0,0,0,0,0,0,0,"N",0.98,0,0,0,0,0,0,0,"N",0,0.0,0,0,0,0,0,0,0,0,0,0,0,0,0,0
"51037","5","10","71","0","2017","4","",329,2055,2039,2060,18352881,1799177,22215,688,"",0.94,0.83,0.83,0.83,0.84,0.93,0.99,1.01,"",20,6.5,-7,-0.3,71,3.6,46,2.3,-365289,-2.0,-37835,-2.1,-36,-0.2,-27,-3.8
"51041","0","10","70","0","2017","4","",9172,136184,138872,139952,1649411269,112364696,1755199,917,"",1.00,1.00,1.00,1.00,1.00,1.00,1.00,1.00,"",398,4.5,2183,1.6,2323,1.7,1144,0.8,71512267,4.5,4716979,4.4,-192718,-9.9,27,3.0
"51041","1","10","71","0","2017","4","",13,3238,3260,3261,68137706,0,0,1611,"",0.24,1.24,1.23,1.21,1.50,0.00,0.00,1.23,"",0,0.0,-46,-1.4,-25,-0.8,-11,-0.3,1123681,1.7,0,0.0,0,0.0,40,2.5
"51041","2","10","71","0","2017","4","",33,4333,4399,4425,52351074,0,0,918,"",0.51,0.99,0.99,0.99,0.97,0.00,0.00,0.98,"",2,6.5,315,7.8,366,9.1,372,9.2,4059871,8.4,0,0.0,0,0.0,-3,-0.3
"51041","3","10","71","0","2017","4","",34,12897,13215,13417,131342452,0,0,767,"",0.22,0.96,0.96,0.97,0.93,0.00,0.00,0.96,"",-2,-5.6,132,1.0,106,0.8,17,0.1,4671672,3.7,0,0.0,0,0.0,23,3.1
"51041","5","10","71","0","2017","4","",9092,115716,117998,118849,1397580037,112364696,1755199,915,"",1.02,1.00,1.00,1.00,0.99,1.03,1.01,0.99,"",398,4.6,1782,1.6,1876,1.6,766,0.6,61657043,4.6,4716979,4.4,-192718,-9.9,29,3.3
"51043","0","10","70","0","2017","4","",462,3988,3960,4006,45480949,2638463,33035,878,"",1.00,1.00,1.00,1.00,1.00,1.00,1.00,1.00,"",22,5.0,180,4.7,182,4.8,190,5.0,2109306,4.9,185606,7.6,-4835,-12.8,0,0.0
"51043","1","10","71","0","2017","4","",6,28,27,28,438823,0,0,1220,"",2.17,0.36,0.36,0.36,0.35,0.00,0.00,0.97,"",0,0.0,2,7.7,0,0.0,1,3.7,-993,-0.2,0,0.0,0,0.0,-49,-3.9
"51043","2","10","71","0","2017","4","",10,70,70,70,812059,0,0,892,"",3.09,0.55,0.55,0.55,0.55,0.00,0.00,1.00,"",0,0.0,2,2.9,6,9.4,3,4.5,85275,11.7,0,0.0,0,0.0,49,5.8
"51043","3","10","71","0","2017","4","",4,654,661,678,5400238,14680,19,625,"",0.51,1.66,1.68,1.71,1.38,0.28,0.11,0.82,"",0,0.0,89,15.8,76,13.0,77,12.8,146394,2.8,5779,64.9,3,18.8,-67,-9.7
"51043","5","10","71","0","2017","4","",442,3236,3202,3230,38829829,2623783,33016,927,"",0.99,0.96,0.95,0.95,1.00,1.03,1.01,1.05,"",22,5.2,87,2.8,100,3.2,109,3.5,1878630,5.1,179827,7.4,-4838,-12.8,17,1.9
"51045","0","10","70","0","2017","4","",116,706,691,692,6274165,392175,9166,693,"",1.00,1.00,1.00,1.00,1.00,1.00,1.00,1.00,"",12,11.5,9,1.3,-21,-2.9,29,4.4,-113748,-1.8,-47555,-10.8,-897,-8.9,-18,-2.5
"51045","1","10","71","0","2017","4","",2,13,14,13,167672,0,0,967,"",2.87,0.96,1.06,0.98,0.97,0.00,0.00,0.98,"",0,0.0,-2,-13.3,-2,-12.5,-2,-13.3,-30518,-15.4,0,0.0,0,0.0,-27,-2.7
"51045","2","10","71","0","2017","4","N",6,0,0,0,0,0,0,0,"N",7.38,0,0,0,0,0,0,0,"N",0,0.0,0,0,0,0,0,0,0,0,0,0,0,0,0,0
"51045","3","10","71","0","2017","4","N",3,0,0,0,0,0,0,0,"N",1.52,0,0,0,0,0,0,0,"N",0,0.0,0,0,0,0,0,0,0,0,0,0,0,0,0,0
"51045","5","10","71","0","2017","4","",105,460,443,445,4426543,392175,9166,758,"",0.93,0.77,0.75,0.76,0.83,1.03,1.01,1.09,"",12,12.9,17,3.8,-6,-1.3,36,8.8,-52326,-1.2,-47555,-10.8,-897,-8.9,-36,-4.5
"51047","0","10","70","0","2017","4","",1470,15736,15869,15729,169926503,10629190,155878,828,"",1.00,1.00,1.00,1.00,1.00,1.00,1.00,1.00,"",78,5.6,252,1.6,256,1.6,199,1.3,5637797,3.4,575491,5.7,-1612,-1.0,15,1.8
"51047","1","10","71","0","2017","4","",17,219,218,215,3650885,0,0,1292,"",1.93,0.72,0.72,0.71,0.78,0.00,0.00,1.09,"",-1,-5.6,0,0.0,-1,-0.5,-1,-0.5,48369,1.3,0,0.0,0,0.0,21,1.7
"51047","2","10","71","0","2017","4","",24,727,727,723,8775375,0,0,930,"",2.33,1.44,1.43,1.44,1.58,0.00,0.00,1.10,"",1,4.3,-20,-2.7,-12,-1.6,-11,-1.5,-107472,-1.2,0,0.0,0,0.0,7,0.8
"51047","3","10","71","0","2017","4","",67,2382,2486,2383,24018485,115885,1438,764,"",2.68,1.53,1.58,1.53,1.64,0.55,1.75,1.06,"",0,0.0,24,1.0,114,4.8,25,1.1,915009,4.0,-23381,-16.8,-274,-16.0,12,1.6
"51047","5","10","71","0","2017","4","",1362,12408,12438,12408,133481758,10513305,154440,827,"",0.96,0.93,0.92,0.93,0.92,1.02,1.00,0.99,"",78,6.1,248,2.0,155,1.3,186,1.5,4781891,3.7,598872,6.0,-1338,-0.9,17,2.1
"51049","0","10","70","0","2017","4","",221,1414,1375,1399,13338502,1076121,18792,735,"",1.00,1.00,1.00,1.00,1.00,1.00,1.00,1.00,"",9,4.2,75,5.6,20,1.5,70,5.3,1796341,15.6,491180,84.0,11550,159.5,73,11.0
"51049","1","10","71","0","2017","4","",2,13,13,13,160140,0,0,948,"",1.51,0.48,0.49,0.48,0.44,0.00,0.00,0.90,"",0,0.0,2,18.2,0,0.0,2,18.2,12130,8.2,0,0.0,0,0.0,-28,-2.9
"51049","2","10","71","0","2017","4","",14,71,70,71,535126,0,0,583,"",9.04,1.56,1.59,1.59,1.23,0.00,0.00,0.78,"",1,7.7,3,4.4,3,4.5,3,4.4,-60905,-10.2,0,0.0,0,0.0,-95,-14.0
"51049","3","10","71","0","2017","4","",4,381,386,383,2985755,0,0,599,"",1.06,2.72,2.83,2.77,2.60,0.00,0.00,0.94,"",0,0.0,-14,-3.5,-9,-2.3,-8,-2.0,-154641,-4.9,0,0.0,0,0.0,-15,-2.4
"51049","5","10","71","0","2017","4","",201,949,906,932,9657481,1076121,18792,800,"",0.94,0.79,0.78,0.78,0.85,1.03,1.01,1.08,"",8,4.1,84,9.7,26,3.0,73,8.5,1999757,26.1,491180,84.0,11550,159.5,121,17.8
"51051","0","10","70","0","2017","4","",344,3333,3312,3286,32822060,1694579,43504,763,"",1.00,1.00,1.00,1.00,1.00,1.00,1.00,1.00,"",5,1.5,59,1.8,33,1.0,18,0.6,2190864,7.2,-2751142,-61.9,-69887,-61.6,43,6.0
"51051","1","10","71","0","2017","4","",8,34,35,33,437552,0,0,990,"",3.88,0.53,0.55,0.52,0.48,0.00,0.00,0.91,"",0,0.0,0,0.0,0,0.0,-1,-2.9,17776,4.2,0,0.0,0,0.0,50,5.3
"51051","2","10","71","0","2017","4","",11,47,47,54,378786,0,0,591,"",4.56,0.44,0.44,0.52,0.35,0.00,0.00,0.76,"",1,10.0,0,0.0,-2,-4.1,5,10.2,-36476,-8.8,0,0.0,0,0.0,-70,-10.6
"51051","3","10","71","0","2017","4","",32,871,868,820,6328192,183540,6328,571,"",5.47,2.64,2.64,2.52,2.24,5.47,27.64,0.86,"",5,18.5,58,7.1,82,10.4,47,6.1,611159,10.7,58024,46.2,2417,61.8,15,2.7
"51051","5","10","71","0","2017","4","",293,2381,2362,2379,25677530,1511039,37176,832,"",0.88,0.84,0.84,0.85,0.92,0.92,0.86,1.08,"",-1,-0.3,1,0.0,-47,-2.0,-33,-1.4,1598405,6.6,-2809166,-65.0,-72304,-66.0,60,7.8
"51053","0","10","70","0","2017","4","",476,9014,9448,9325,100200857,9265240,139620,832,"",1.00,1.00,1.00,1.00,1.00,1.00,1.00,1.00,"",19,4.2,618,7.4,579,6.5,-34,-0.4,9367214,10.3,1676902,22.1,10526,8.2,45,5.7
"51053","1","10","71","0","2017","4","",12,46,39,39,510546,0,0,950,"",4.20,0.27,0.22,0.22,0.19,0.00,0.00,0.80,"",0,0.0,10,27.8,3,8.3,-1,-2.5,49292,10.7,0,0.0,0,0.0,0,0.0
"51053","2","10","71","0","2017","4","",20,1455,1466,1467,15797568,0,0,831,"",6.00,5.03,4.84,4.93,4.83,0.00,0.00,0.98,"",1,5.3,-41,-2.7,-12,-0.8,-38,-2.5,253612,1.6,0,0.0,0,0.0,30,3.7
"51053","3","10","71","0","2017","4","",20,1022,1036,1102,9978487,32748,160,729,"",2.47,1.14,1.10,1.19,1.16,0.18,0.22,1.01,"",1,5.3,5,0.5,1,0.1,-23,-2.0,184626,1.9,-12397,-27.5,52,48.1,18,2.5
"51053","5","10","71","0","2017","4","",424,6491,6907,6717,73914256,9232492,139460,848,"",0.92,0.85,0.86,0.85,0.86,1.03,1.01,1.01,"",17,4.2,644,11.0,587,9.3,28,0.4,8879684,13.7,1689299,22.4,10474,8.1,52,6.5
"51057","0","10","70","0","2017","4","",371,3720,3740,3740,31992268,4560805,44273,659,"",1.00,1.00,1.00,1.00,1.00,1.00,1.00,1.00,"",6,1.6,-250,-6.3,-239,-6.0,-217,-5.5,-822259,-2.5,1935600,73.7,3856,9.5,23,3.6
"51057","1","10","71","0","2017","4","",8,17,17,16,235623,0,0,1087,"",3.60,0.24,0.24,0.22,0.27,0.00,0.00,1.15,"",-1,-11.1,-1,-5.6,0,0.0,-2,-11.1,5973,2.6,0,0.0,0,0.0,87,8.7
"51057","2","10","71","0","2017","4","",16,70,72,73,807705,0,0,867,"",6.15,0.59,0.60,0.61,0.77,0.00,0.00,1.29,"",1,6.7,-2,-2.8,0,0.0,1,1.4,-10722,-1.3,0,0.0,0,0.0,-7,-0.8
"51057","3","10","71","0","2017","4","",5,455,457,459,3751811,2212227,12554,632,"",0.79,1.23,1.23,1.24,1.36,24.50,53.88,1.11,"",0,0.0,-24,-5.0,-21,-4.4,-10,-2.1,-67761,-1.8,1888567,583.5,10495,509.7,14,2.3
"51057","5","10","71","0","2017","4","",342,3178,3194,3192,27197129,2348578,31719,656,"",0.95,1.01,1.01,1.00,1.00,0.53,0.72,0.99,"",6,1.8,-223,-6.6,-218,-6.4,-206,-6.1,-749749,-2.7,47033,2.0,-6639,-17.3,24,3.8
"51059","0","10","70","0","2017","4","",37454,608420,611672,611970,13060116880,424588871,7337753,1645,"",1.00,1.00,1.00,1.00,1.00,1.00,1.00,1.00,"",556,1.5,8290,1.4,7893,1.3,6871,1.1,437003953,3.5,-7344291,-1.7,-1361419,-15.6,35,2.2
"51059","1","10","71","0","2017","4","",143,24039,24146,24396,629902870,0,0,2003,"",0.64,2.05,2.06,2.07,1.75,0.00,0.00,0.85,"",1,0.7,-49,-0.2,-20,-0.1,-66,-0.3,20477770,3.4,0,0.0,0,0.0,69,3.6
"51059","2","10","71","0","2017","4","",33,9295,9374,9488,133416274,6824,9,1093,"",0.13,0.48,0.48,0.49,0.31,0.00,0.00,0.65,"",2,6.5,64,0.7,59,0.6,107,1.1,5237990,4.1,555,8.9,-2,-18.2,34,3.2
"51059","3","10","71","0","2017","4","",90,50548,50663,49861,771791985,270934,1386,1179,"",0.14,0.84,0.83,0.82,0.69,0.03,0.04,0.83,"",-1,-1.1,-21,0.0,-57,-0.1,-33,-0.1,10680322,1.4,-13538,-4.8,-473,-25.4,17,1.5
"51059","5","10","71","0","2017","4","",37188,524538,527489,528225,11525005751,424311113,7336358,1683,"",1.02,1.01,1.02,1.02,1.03,1.03,1.01,1.02,"",554,1.5,8296,1.6,7911,1.5,6863,1.3,400607871,3.6,-7331308,-1.7,-1360944,-15.6,34,2.1
"51061","0","10","70","0","2017","4","",2481,22326,22217,22126,278011904,15315227,171246,962,"",1.00,1.00,1.00,1.00,1.00,1.00,1.00,1.00,"",75,3.1,56,0.3,-178,-0.8,27,0.1,1577158,0.6,-1956456,-11.3,-52898,-23.6,7,0.7
"51061","1","10","71","0","2017","4","",26,604,617,611,20620883,0,0,2598,"",1.75,1.41,1.45,1.43,2.70,0.00,0.00,1.89,"",1,4.0,0,0.0,6,1.0,-6,-1.0,154437,0.8,0,0.0,0,0.0,20,0.8
"51061","2","10","71","0","2017","4","",18,390,388,388,3906486,0,0,773,"",1.04,0.54,0.55,0.55,0.43,0.00,0.00,0.79,"",2,12.5,1,0.3,-3,-0.8,-4,-1.0,-23483,-0.6,0,0.0,0,0.0,-1,-0.1
"51061","3","10","71","0","2017","4","",26,3314,3353,3330,35746133,28777,225,825,"",0.62,1.50,1.52,1.52,1.50,0.09,0.25,0.99,"",-2,-7.1,3,0.1,11,0.3,-2,-0.1,661057,1.9,-20692,-41.8,-220,-49.4,14,1.7
"51061","5","10","71","0","2017","4","",2411,18018,17859,17797,217738402,15286450,171021,936,"",1.00,0.95,0.95,0.95,0.92,1.03,1.01,0.97,"",74,3.2,52,0.3,-192,-1.1,39,0.2,785147,0.4,-1935764,-11.2,-52678,-23.5,5,0.5
"51063","0","10","70","0","2017","4","",482,3387,3387,3389,25738908,2840226,28880,584,"",1.00,1.00,1.00,1.00,1.00,1.00,1.00,1.00,"",38,8.6,170,5.3,239,7.6,273,8.8,1680834,7.0,200614,7.6,-10210,-26.1,-2,-0.3
"51063","1","10","71","0","2017","4","",7,56,45,43,711346,0,0,1140,"",2.42,0.86,0.69,0.66,1.01,0.00,0.00,1.36,"",0,0.0,-4,-6.7,-2,-4.3,-4,-8.5,49234,7.4,0,0.0,0,0.0,148,14.9
"51063","2","10","71","0","2017","4","N",10,0,0,0,0,0,0,0,"N",2.96,0,0,0,0,0,0,0,"N",0,0.0,0,0,0,0,0,0,0,0,0,0,0,0,0,0
"51063","3","10","71","0","2017","4","N",5,0,0,0,0,0,0,0,"N",0.61,0,0,0,0,0,0,0,"N",0,0.0,0,0,0,0,0,0,0,0,0,0,0,0,0,0
"51063","5","10","71","0","2017","4","",460,2699,2703,2733,20287815,2584994,28548,576,"",0.98,0.94,0.94,0.95,0.92,0.94,1.00,0.98,"",38,9.0,182,7.2,237,9.6,286,11.7,1444835,7.7,211570,8.9,-10089,-26.1,-9,-1.5
"51065","0","10","70","0","2017","4","",569,4248,4215,4236,43368513,2699399,30001,788,"",1.00,1.00,1.00,1.00,1.00,1.00,1.00,1.00,"",44,8.4,86,2.1,59,1.4,49,1.2,673255,1.6,-49747,-1.8,-10459,-25.9,0,0.0
"51065","1","10","71","0","2017","4","",5,36,31,32,451716,0,0,1053,"",1.47,0.44,0.38,0.39,0.38,0.00,0.00,0.93,"",-1,-16.7,11,44.0,5,19.2,4,14.3,53308,13.4,0,0.0,0,0.0,-111,-9.5
"51065","2","10","71","0","2017","4","N",15,0,0,0,0,0,0,0,"N",3.76,0,0,0,0,0,0,0,"N",1,7.1,0,0,0,0,0,0,0,0,0,0,0,0,0,0
"51065","3","10","71","0","2017","4","N",3,0,0,0,0,0,0,0,"N",0.31,0,0,0,0,0,0,0,"N",0,0.0,0,0,0,0,0,0,0,0,0,0,0,0,0,0
"51065","5","10","71","0","2017","4","",546,2899,2836,2878,29428949,2493546,29383,788,"",0.99,0.80,0.79,0.80,0.79,0.95,0.99,0.99,"",44,8.8,75,2.7,35,1.2,26,0.9,267307,0.9,20154,0.8,-10084,-25.6,-6,-0.8
"51067","0","10","70","0","2017","4","",1534,15301,15172,15272,133156999,11601823,204818,672,"",1.00,1.00,1.00,1.00,1.00,1.00,1.00,1.00,"",55,3.7,599,4.1,536,3.7,676,4.6,7475913,5.9,1352752,13.2,8994,4.6,12,1.8
"51067","1","10","71","0","2017","4","",15,99,93,93,1293578,0,0,1047,"",1.63,0.34,0.32,0.32,0.35,0.00,0.00,1.09,"",-1,-6.2,6,6.5,-4,-4.1,-6,-6.1,67910,5.5,0,0.0,0,0.0,68,6.9
"51067","2","10","71","0","2017","4","",16,168,166,166,1735806,0,0,801,"",1.49,0.34,0.34,0.34,0.40,0.00,0.00,1.17,"",1,6.7,9,5.7,5,3.1,4,2.5,79967,4.8,0,0.0,0,0.0,8,1.0
"51067","3","10","71","0","2017","4","",18,2202,2210,2206,19425679,9690,536,677,"",0.69,1.45,1.47,1.46,1.70,0.04,0.50,1.16,"",0,0.0,38,1.8,36,1.7,-29,-1.3,740933,4.0,2724,39.1,158,41.8,21,3.2
"51067","5","10","71","0","2017","4","",1485,12832,12703,12807,110701936,11592133,204282,666,"",1.00,0.99,0.99,0.99,0.97,1.03,1.00,0.99,"",55,3.8,546,4.4,499,4.1,707,5.8,6587103,6.3,1350028,13.2,8836,4.5,9,1.4
"51069","0","10","70","0","2017","4","",1975,31704,31797,31671,355736350,22371487,276653,863,"",1.00,1.00,1.00,1.00,1.00,1.00,1.00,1.00,"",114,6.1,708,2.3,697,2.2,974,3.2,28071695,8.6,-861888,-3.7,-135434,-32.9,48,5.9
"51069","1","10","71","0","2017","4","",11,1195,1223,1226,26584403,0,0,1684,"",0.93,1.96,2.01,2.01,2.72,0.00,0.00,1.36,"",1,10.0,220,22.6,241,24.5,244,24.8,6801202,34.4,0,0.0,0,0.0,131,8.4
"51069","2","10","71","0","2017","4","",17,738,745,757,5704506,0,0,588,"",1.23,0.73,0.73,0.75,0.49,0.00,0.00,0.67,"",1,6.2,14,1.9,14,1.9,21,2.9,-291479,-4.9,0,0.0,0,0.0,-44,-7.0
"51069","3","10","71","0","2017","4","",22,3692,3694,3702,39592119,107718,1472,824,"",0.66,1.18,1.17,1.18,1.29,0.24,1.01,1.10,"",1,4.8,42,1.2,-14,-0.4,-2,-0.1,1762026,4.7,95121,755.1,1323,887.9,35,4.4
"51069","5","10","71","0","2017","4","",1925,26079,26135,25986,283855322,22263769,275181,838,"",1.00,0.97,0.97,0.97,0.93,1.03,1.00,0.97,"",111,6.1,432,1.7,456,1.8,711,2.8,19799946,7.5,-957009,-4.1,-136757,-33.2,43,5.4
"51071","0","10","70","0","2017","4","",377,4574,4578,4591,43834976,2588165,35043,736,"",1.00,1.00,1.00,1.00,1.00,1.00,1.00,1.00,"",-4,-1.0,-119,-2.5,-77,-1.7,-47,-1.0,-927084,-2.1,233390,9.9,-7515,-17.7,-3,-0.4
"51071","1","10","71","0","2017","4","",8,33,33,34,417387,0,0,963,"",3.54,0.37,0.38,0.38,0.35,0.00,0.00,0.91,"",1,14.3,-1,-2.9,2,6.5,1,3.0,17091,4.3,0,0.0,0,0.0,20,2.1
"51071","2","10","71","0","2017","4","",11,66,65,71,654961,0,0,748,"",4.16,0.45,0.44,0.48,0.46,0.00,0.00,1.00,"",1,10.0,0,0.0,3,4.8,2,2.9,16803,2.6,0,0.0,0,0.0,0,0.0
"51071","3","10","71","0","2017","4","",20,821,820,820,6120042,16354,204,574,"",3.12,1.81,1.80,1.80,1.62,0.32,1.11,0.90,"",0,0.0,26,3.3,16,2.0,11,1.4,210358,3.6,-64476,-79.8,-191,-48.4,8,1.4
"51071","5","10","71","0","2017","4","",338,3654,3660,3666,36642586,2571811,34839,770,"",0.92,0.94,0.94,0.94,0.98,1.03,1.00,1.04,"",-6,-1.7,-144,-3.8,-98,-2.6,-61,-1.6,-1171336,-3.1,297866,13.1,-7324,-17.4,-3,-0.4
"51073","0","10","70","0","2017","4","",992,9331,9344,9364,82801393,5620432,58571,681,"",1.00,1.00,1.00,1.00,1.00,1.00,1.00,1.00,"",19,2.0,-78,-0.8,-88,-0.9,-4,0.0,1781191,2.2,60137,1.1,-15480,-20.9,18,2.7
"51073","1","10","71","0","2017","4","",20,88,87,92,1442158,0,0,1246,"",3.36,0.49,0.49,0.51,0.63,0.00,0.00,1.28,"",0,0.0,6,7.3,2,2.4,4,4.5,76359,5.6,0,0.0,0,0.0,10,0.8
"51073","2","10","71","0","2017","4","",18,653,663,656,7969231,0,0,933,"",2.59,2.18,2.22,2.20,2.95,0.00,0.00,1.34,"",2,12.5,-2,-0.3,2,0.3,4,0.6,166514,2.1,0,0.0,0,0.0,18,2.0
"51073","3","10","71","0","2017","4","",25,1356,1363,1331,12864170,1962,32,733,"",1.48,1.47,1.47,1.44,1.81,0.02,0.10,1.24,"",1,4.2,-8,-0.6,-5,-0.4,-9,-0.7,205032,1.6,1962,100.0,32,100.0,16,2.2
"51073","5","10","71","0","2017","4","",929,7234,7231,7285,60525834,5618470,58539,642,"",0.97,0.91,0.91,0.92,0.86,1.03,1.01,0.94,"",16,1.8,-74,-1.0,-87,-1.2,-3,0.0,1333286,2.3,58175,1.0,-15512,-20.9,19,3.0
"51075","0","10","70","0","2017","4","",840,16293,16330,16221,359370027,7811866,117656,1698,"",1.00,1.00,1.00,1.00,1.00,1.00,1.00,1.00,"",37,4.6,531,3.4,451,2.8,494,3.1,59944187,20.0,-195853,-2.4,-3971,-3.3,239,16.4
"51075","1","10","71","0","2017","4","",9,42,43,44,508767,0,0,910,"",1.79,0.13,0.14,0.14,0.05,0.00,0.00,0.37,"",0,0.0,5,13.5,6,16.2,6,15.8,21452,4.4,0,0.0,0,0.0,-94,-9.4
"51075","2","10","71","0","2017","4","",17,555,565,559,5651438,0,0,777,"",2.89,1.06,1.08,1.08,0.48,0.00,0.00,0.45,"",1,6.2,-17,-3.0,-2,-0.4,-5,-0.9,-210391,-3.6,0,0.0,0,0.0,-17,-2.1
"51075","3","10","71","0","2017","4","",6,897,912,913,8686963,11338,15,736,"",0.42,0.56,0.56,0.57,0.28,0.07,0.02,0.50,"",0,0.0,7,0.8,11,1.2,33,3.8,390239,4.7,703,6.6,-116,-88.5,19,2.6
"51075","5","10","71","0","2017","4","",808,14799,14810,14705,344522859,7800528,117641,1794,"",0.99,1.07,1.07,1.07,1.12,1.03,1.01,1.05,"",36,4.7,536,3.8,436,3.0,460,3.2,59742887,21.0,-196556,-2.5,-3855,-3.2,261,17.0
"51077","0","10","70","0","2017","4","",410,2992,3107,2899,22322164,2302598,30515,572,"",1.00,1.00,1.00,1.00,1.00,1.00,1.00,1.00,"",31,8.2,222,8.0,249,8.7,170,6.2,844057,3.9,-120895,-5.0,-3816,-11.1,-21,-3.5
"51077","1","10","71","0","2017","4","",6,24,26,25,289652,0,0,891,"",2.44,0.42,0.44,0.45,0.47,0.00,0.00,1.09,"",0,0.0,-4,-14.3,-3,-10.3,-2,-7.4,-3637,-1.2,0,0.0,0,0.0,85,10.5
"51077","2","10","71","0","2017","4","N",13,0,0,0,0,0,0,0,"N",4.53,0,0,0,0,0,0,0,"N",0,0.0,0,0,0,0,0,0,0,0,0,0,0,0,0,0
"51077","3","10","71","0","2017","4","N",16,0,0,0,0,0,0,0,"N",2.30,0,0,0,0,0,0,0,"N",0,0.0,0,0,0,0,0,0,0,0,0,0,0,0,0,0
"51077","5","10","71","0","2017","4","",375,1937,1968,1857,14130674,2096189,28708,566,"",0.94,0.76,0.75,0.75,0.74,0.94,0.95,0.98,"",31,9.0,243,14.3,239,13.8,180,10.7,827949,6.2,-50608,-2.4,-3948,-12.1,-36,-6.0
"51079","0","10","70","0","2017","4","",513,3788,3748,3741,33080203,2265558,21463,677,"",1.00,1.00,1.00,1.00,1.00,1.00,1.00,1.00,"",34,7.1,49,1.3,-3,-0.1,44,1.2,234511,0.7,25882,1.2,-11269,-34.4,-1,-0.1
"51079","1","10","71","0","2017","4","",6,34,32,34,512637,0,0,1183,"",1.95,0.47,0.45,0.47,0.56,0.00,0.00,1.22,"",0,0.0,2,6.2,0,0.0,4,13.3,40834,8.7,0,0.0,0,0.0,25,2.2
"51079","2","10","71","0","2017","4","",8,32,31,34,312847,0,0,744,"",2.23,0.26,0.26,0.29,0.29,0.00,0.00,1.08,"",1,14.3,-3,-8.6,-4,-11.4,-2,-5.6,-7302,-2.3,0,0.0,0,0.0,47,6.7
"51079","3","10","71","0","2017","4","",6,818,855,795,7535488,7185,167,705,"",0.69,2.18,2.30,2.15,2.65,0.16,1.48,1.20,"",0,0.0,9,1.1,34,4.1,-9,-1.1,85388,1.1,1856,34.8,24,16.8,-1,-0.1
"51079","5","10","71","0","2017","4","",493,2904,2830,2878,24719231,2258373,21296,662,"",0.99,0.90,0.89,0.91,0.88,1.03,1.00,0.97,"",33,7.2,41,1.4,-33,-1.2,51,1.8,115591,0.5,24026,1.1,-11293,-34.7,-2,-0.3
"51081","0","10","70","0","2017","4","",232,4689,4702,4645,46687302,2764064,39563,768,"",1.00,1.00,1.00,1.00,1.00,1.00,1.00,1.00,"",14,6.4,91,2.0,85,1.8,38,0.8,2079842,4.7,275410,11.1,-6496,-14.1,23,3.1
"51081","1","10","71","0","2017","4","",3,28,28,29,352318,0,0,957,"",2.16,0.31,0.31,0.32,0.27,0.00,0.00,0.87,"",0,0.0,3,12.0,2,7.7,1,3.6,-587,-0.2,0,0.0,0,0.0,-74,-7.2
"51081","2","10","71","0","2017","4","",14,927,918,920,9349943,0,0,780,"",8.61,6.16,6.09,6.21,6.13,0.00,0.00,1.00,"",1,7.7,-39,-4.0,-25,-2.7,-14,-1.5,-204013,-2.1,0,0.0,0,0.0,4,0.5
"51081","3","10","71","0","2017","4","",6,690,699,695,6318197,0,0,700,"",1.52,1.49,1.50,1.51,1.57,0.00,0.00,1.05,"",0,0.0,-12,-1.7,17,2.5,15,2.2,232297,3.8,0,0.0,0,0.0,20,2.9
"51081","5","10","71","0","2017","4","",209,3044,3057,3001,30666844,2764064,39563,778,"",0.93,0.76,0.77,0.76,0.77,1.03,1.01,1.01,"",13,6.6,139,4.8,91,3.1,36,1.2,2052145,7.2,275410,11.1,-6496,-14.1,31,4.1
"51083","0","10","70","0","2017","4","",1059,12230,12192,12124,112861895,8306313,141271,713,"",1.00,1.00,1.00,1.00,1.00,1.00,1.00,1.00,"",49,4.9,207,1.7,80,0.7,18,0.1,2347286,2.1,-287972,-3.4,-21731,-13.3,9,1.3
"51083","1","10","71","0","2017","4","",13,86,89,92,1146112,0,0,991,"",2.05,0.37,0.38,0.39,0.37,0.00,0.00,0.97,"",0,0.0,2,2.4,0,0.0,2,2.2,64653,6.0,0,0.0,0,0.0,42,4.4
"51083","2","10","71","0","2017","4","",25,476,477,483,4412409,0,0,709,"",3.37,1.21,1.22,1.25,1.20,0.00,0.00,0.98,"",1,4.2,25,5.5,21,4.6,26,5.7,-27276,-0.6,0,0.0,0,0.0,-42,-5.6
"51083","3","10","71","0","2017","4","",24,1660,1659,1687,12285983,76628,423,566,"",1.33,1.37,1.37,1.41,1.27,0.47,0.57,0.92,"",0,0.0,-9,-0.5,-18,-1.1,-9,-0.5,-57857,-0.5,17335,29.2,-14,-3.2,1,0.2
"51083","5","10","71","0","2017","4","",997,10008,9967,9862,95017391,8229685,140848,735,"",0.97,0.96,0.96,0.96,0.99,1.02,1.00,1.03,"",48,5.1,189,1.9,77,0.8,-1,0.0,2367766,2.6,-305307,-3.6,-21717,-13.4,12,1.7
"51085","0","10","70","0","2017","4","",3796,51695,50745,50657,586958570,39401276,564365,885,"",1.00,1.00,1.00,1.00,1.00,1.00,1.00,1.00,"",121,3.3,826,1.6,572,1.1,960,1.9,27392530,4.9,416253,1.1,-65746,-10.4,28,3.3
"51085","1","10","71","0","2017","4","",14,174,172,171,2652995,0,0,1184,"",0.61,0.17,0.18,0.18,0.16,0.00,0.00,0.94,"",0,0.0,5,3.0,11,6.8,12,7.5,51374,2.0,0,0.0,0,0.0,-44,-3.6
"51085","2","10","71","0","2017","4","",17,328,327,341,3832848,0,0,888,"",0.64,0.20,0.20,0.21,0.20,0.00,0.00,0.98,"",1,6.2,18,5.8,17,5.5,29,9.3,305284,8.7,0,0.0,0,0.0,15,1.7
"51085","3","10","71","0","2017","4","",26,4742,4832,4831,47175483,12629,20,756,"",0.40,0.93,0.96,0.96,0.93,0.02,0.01,0.98,"",0,0.0,132,2.9,131,2.8,180,3.9,2272437,5.1,-16032,-55.9,-40,-66.7,14,1.9
"51085","5","10","71","0","2017","4","",3739,46451,45414,45314,533297244,39388647,564345,897,"",1.02,1.06,1.05,1.05,1.06,1.03,1.01,1.01,"",120,3.3,671,1.5,413,0.9,739,1.7,24763435,4.9,432285,1.1,-65706,-10.4,30,3.5
"51087","0","10","70","0","2017","4","",11740,194584,195531,196317,2651306989,159382107,2811886,1043,"",1.00,1.00,1.00,1.00,1.00,1.00,1.00,1.00,"",460,4.1,3707,1.9,2934,1.5,3728,1.9,137741156,5.5,1286608,0.8,-854232,-23.3,36,3.6
"51087","1","10","71","0","2017","4","",25,2302,2306,2435,41839793,0,0,1371,"",0.36,0.61,0.62,0.64,0.57,0.00,0.00,0.92,"",1,4.2,35,1.5,23,1.0,6,0.2,1125700,2.8,0,0.0,0,0.0,25,1.9
"51087","2","10","71","0","2017","4","",34,3577,3567,3602,43705937,0,0,939,"",0.41,0.57,0.57,0.58,0.50,0.00,0.00,0.88,"",1,3.0,-52,-1.4,-65,-1.8,-40,-1.1,-1298061,-2.9,0,0.0,0,0.0,-14,-1.5
"51087","3","10","71","0","2017","4","",98,13517,13822,13724,151485211,6925,175,851,"",0.49,0.70,0.71,0.71,0.66,0.00,0.01,0.94,"",1,1.0,5,0.0,75,0.5,12,0.1,4581022,3.1,6925,100.0,175,100.0,24,2.9
"51087","5","10","71","0","2017","4","",11583,175188,175836,176556,2414276048,159375182,2811711,1056,"",1.02,1.06,1.06,1.06,1.07,1.03,1.01,1.01,"",457,4.1,3719,2.2,2901,1.7,3750,2.2,133332495,5.8,1279683,0.8,-854407,-23.3,38,3.7
"51089","0","10","70","0","2017","4","",1689,16295,16277,16234,137443216,11607344,196275,650,"",1.00,1.00,1.00,1.00,1.00,1.00,1.00,1.00,"",109,6.9,706,4.5,705,4.5,645,4.1,7797101,6.0,1496077,14.8,-44618,-18.5,10,1.6
"51089","1","10","71","0","2017","4","",8,74,76,70,1023672,0,0,1074,"",0.79,0.24,0.24,0.22,0.27,0.00,0.00,1.16,"",0,0.0,-2,-2.6,0,0.0,-3,-4.1,44863,4.6,0,0.0,0,0.0,70,7.0
"51089","2","10","71","0","2017","4","",16,603,609,613,4988549,0,0,631,"",1.35,1.15,1.17,1.18,1.11,0.00,0.00,0.95,"",0,0.0,16,2.7,18,3.0,19,3.2,-175185,-3.4,0,0.0,0,0.0,-41,-6.1
"51089","3","10","71","0","2017","4","",22,1825,1809,1639,15023115,168664,978,657,"",0.77,1.13,1.12,1.02,1.27,0.73,0.95,1.17,"",0,0.0,28,1.6,2,0.1,-189,-10.3,252867,1.7,31823,23.3,311,46.6,30,4.8
"51089","5","10","71","0","2017","4","",1643,13793,13783,13912,116407880,11438680,195297,647,"",1.00,1.00,1.00,1.01,0.99,1.02,1.00,0.99,"",109,7.1,664,5.1,685,5.2,818,6.2,7674556,7.1,1464254,14.7,-44929,-18.7,9,1.4
"51091","0","10","70","0","2017","4","",112,501,490,505,3958663,203246,3937,611,"",1.00,1.00,1.00,1.00,1.00,1.00,1.00,1.00,"",0,0.0,16,3.3,-8,-1.6,5,1.0,-8195,-0.2,-82516,-28.9,184,4.9,-6,-1.0
"51091","1","10","71","0","2017","4","",4,6,6,6,61916,0,0,794,"",5.95,0.62,0.64,0.62,0.57,0.00,0.00,0.91,"",0,0.0,0,0.0,1,20.0,0,0.0,3724,6.4,0,0.0,0,0.0,4,0.5
"51091","2","10","71","0","2017","4","",9,37,38,39,330789,0,0,670,"",11.47,2.30,2.42,2.42,2.56,0.00,0.00,1.08,"N",1,12.5,0,0,0,0,0,0,0,0,0,0,0,0,0,0
"51091","3","10","71","0","2017","4","",3,133,132,143,929795,0,0,526,"",1.58,2.68,2.71,2.86,2.73,0.00,0.00,0.99,"N",0,0.0,0,0,0,0,0,0,0,0,0,0,0,0,0,0
"51091","5","10","71","0","2017","4","",96,325,314,317,2636163,203246,3937,636,"",0.88,0.76,0.75,0.74,0.78,1.03,1.01,1.04,"",-1,-1.0,16,5.2,-10,-3.1,-3,-0.9,-33105,-1.2,-82516,-28.9,184,4.9,-10,-1.5
"51093","0","10","70","0","2017","4","",782,10730,10775,10836,114975933,9371758,237491,820,"",1.00,1.00,1.00,1.00,1.00,1.00,1.00,1.00,"",29,3.9,-75,-0.7,-51,-0.5,23,0.2,1762944,1.6,1209415,14.8,-2196,-0.9,15,1.9
"51093","1","10","71","0","2017","4","",12,80,81,82,1181307,0,0,1122,"",2.56,0.39,0.39,0.39,0.37,0.00,0.00,0.96,"",-1,-7.7,-1,-1.2,-5,-5.8,-9,-9.9,-101199,-7.9,0,0.0,0,0.0,-25,-2.2
"51093","2","10","71","0","2017","4","",14,95,96,95,605383,0,0,488,"",2.56,0.28,0.28,0.27,0.16,0.00,0.00,0.58,"",1,7.7,-14,-12.8,-12,-11.1,-17,-15.2,-154137,-20.3,0,0.0,0,0.0,-45,-8.4
"51093","3","10","71","0","2017","4","",10,1253,1259,1257,13397499,282584,1576,820,"",0.75,1.18,1.18,1.17,1.36,1.52,1.26,1.15,"",1,11.1,-27,-2.1,-40,-3.1,-59,-4.5,463170,3.6,88497,45.6,-266,-14.4,54,7.0
"51093","5","10","71","0","2017","4","",746,9302,9339,9402,99791744,9089174,235915,821,"",0.98,1.02,1.02,1.02,1.02,1.00,1.00,1.00,"",28,3.9,-33,-0.4,6,0.1,108,1.2,1555110,1.6,1120918,14.1,-1930,-0.8,10,1.2
"51095","0","10","70","0","2017","4","",1940,29861,28570,30137,290560334,24288895,357807,757,"",1.00,1.00,1.00,1.00,1.00,1.00,1.00,1.00,"",44,2.3,437,1.5,421,1.5,637,2.2,5829593,2.0,364351,1.5,-58535,-14.1,2,0.3
"51095","1","10","71","0","2017","4","",4,77,81,80,1128161,0,0,1094,"",0.34,0.13,0.15,0.14,0.14,0.00,0.00,1.01,"",0,0.0,0,0.0,7,9.5,5,6.7,50345,4.7,0,0.0,0,0.0,-7,-0.6
"51095","2","10","71","0","2017","4","",13,1079,1082,1129,10781890,0,0,756,"",0.96,1.13,1.18,1.17,1.14,0.00,0.00,0.98,"",2,18.2,-33,-3.0,-15,-1.4,45,4.2,-523589,-4.6,0,0.0,0,0.0,-36,-4.5
"51095","3","10","71","0","2017","4","",25,3189,3229,3257,31733985,0,0,757,"",0.76,1.08,1.14,1.09,1.27,0.00,0.00,1.15,"",0,0.0,14,0.4,9,0.3,32,1.0,-15611,0.0,0,0.0,0,0.0,-5,-0.7
"51095","5","10","71","0","2017","4","",1898,25516,24178,25671,246916298,24288895,357807,756,"",1.01,1.01,1.00,1.00,1.00,1.03,1.01,0.99,"",42,2.3,456,1.8,420,1.8,555,2.2,6318448,2.6,364351,1.5,-58535,-14.1,5,0.7
"51097","0","10","70","0","2017","4","",178,1072,1073,1093,10954332,981976,10278,781,"",1.00,1.00,1.00,1.00,1.00,1.00,1.00,1.00,"",11,6.6,145,15.6,144,15.5,143,15.1,2256013,25.9,175207,21.7,-3989,-28.0,66,9.2
"51097","1","10","71","0","2017","4","",6,10,10,10,103199,0,0,794,"",5.62,0.48,0.49,0.47,0.34,0.00,0.00,0.71,"",0,0.0,4,66.7,2,25.0,2,25.0,29050,39.2,0,0.0,0,0.0,16,2.1
"51097","2","10","71","0","2017","4","",7,27,27,27,314315,0,0,895,"",5.61,0.78,0.79,0.77,0.88,0.00,0.00,1.12,"",2,40.0,-2,-6.9,-2,-6.9,-2,-6.9,-30697,-8.9,0,0.0,0,0.0,-20,-2.2
"51097","3","10","71","0","2017","4","",6,254,255,293,2030299,200733,1297,584,"",1.98,2.39,2.39,2.71,2.16,10.33,23.98,0.86,"",0,0.0,5,2.0,-6,-2.3,0,0.0,94036,4.9,26029,14.9,-266,-17.0,28,5.0
"51097","5","10","71","0","2017","4","",159,781,781,763,8506519,781243,8981,844,"",0.92,0.86,0.86,0.82,0.91,0.82,0.88,1.07,"",9,6.0,138,21.5,150,23.8,143,23.1,2163624,34.1,149178,23.6,-3723,-29.3,71,9.2
"51099","0","10","70","0","2017","4","",614,11304,11475,11404,228986103,4446095,67803,1546,"",1.00,1.00,1.00,1.00,1.00,1.00,1.00,1.00,"",-2,-0.3,-153,-1.3,9,0.1,0,0.0,9604750,4.4,191221,4.5,-16536,-19.6,71,4.8
"51099","1","10","71","0","2017","4","",14,4784,4806,4829,143178214,0,0,2291,"",3.80,21.99,21.88,21.98,22.75,0.00,0.00,1.04,"",1,7.7,63,1.3,73,1.5,62,1.3,9794682,7.3,0,0.0,0,0.0,127,5.9
"51099","2","10","71","0","2017","4","N",12,0,0,0,0,0,0,0,"N",2.79,0,0,0,0,0,0,0,"N",0,0.0,0,0,0,0,0,0,0,0,0,0,0,0,0,0
"51099","3","10","71","0","2017","4","N",4,0,0,0,0,0,0,0,"N",0.38,0,0,0,0,0,0,0,"N",0,0.0,0,0,0,0,0,0,0,0,0,0,0,0,0,0
"51099","5","10","71","0","2017","4","",584,5404,5461,5461,75562326,4439530,67774,1068,"",0.98,0.56,0.56,0.56,0.39,1.03,1.01,0.69,"",-3,-0.5,-234,-4.2,-147,-2.6,-59,-1.1,-358697,-0.5,189722,4.5,-16539,-19.6,23,2.2
"51101","0","10","70","0","2017","4","",424,3991,3966,4000,45010564,2335669,30906,869,"",1.00,1.00,1.00,1.00,1.00,1.00,1.00,1.00,"",18,4.4,87,2.2,19,0.5,67,1.7,627255,1.4,130850,5.9,-6767,-18.0,0,0.0
"51101","1","10","71","0","2017","4","",4,30,27,26,373957,0,0,1040,"",1.57,0.39,0.36,0.34,0.30,0.00,0.00,0.84,"",0,0.0,5,20.0,2,8.0,2,8.3,-15201,-3.9,0,0.0,0,0.0,-174,-14.3
"51101","2","10","71","0","2017","4","",12,57,57,58,545130,0,0,731,"",4.04,0.44,0.45,0.45,0.37,0.00,0.00,0.82,"",-2,-14.3,-1,-1.7,-2,-3.4,-2,-3.3,29147,5.6,0,0.0,0,0.0,58,8.6
"51101","3","10","71","0","2017","4","",6,679,690,680,6291692,48009,515,709,"",0.83,1.72,1.75,1.72,1.63,1.04,3.17,0.94,"",1,20.0,8,1.2,3,0.4,5,0.7,164369,2.7,-11606,-19.5,-707,-57.9,13,1.9
"51101","5","10","71","0","2017","4","",402,3225,3192,3236,37799785,2287660,30391,904,"",0.98,0.95,0.95,0.95,0.98,1.01,0.99,1.03,"",19,5.0,75,2.4,16,0.5,62,2.0,448940,1.2,142456,6.6,-6060,-16.6,-3,-0.3
"51103","0","10","70","0","2017","4","",486,4530,4577,4512,44544990,2890460,46228,755,"",1.00,1.00,1.00,1.00,1.00,1.00,1.00,1.00,"",2,0.4,-25,-0.5,10,0.2,0,0.0,1450005,3.4,-87919,-3.0,116,0.3,26,3.6
"51103","1","10","71","0","2017","4","",9,33,33,32,422449,0,0,995,"",3.09,0.38,0.38,0.37,0.35,0.00,0.00,0.92,"",-1,-10.0,-1,-2.9,-1,-2.9,0,0.0,-27055,-6.0,0,0.0,0,0.0,-42,-4.1
"51103","2","10","71","0","2017","4","",12,66,68,69,589538,0,0,670,"",3.52,0.45,0.46,0.48,0.41,0.00,0.00,0.87,"",0,0.0,-8,-10.8,-7,-9.3,-7,-9.2,5183,0.9,0,0.0,0,0.0,71,11.9
"51103","3","10","71","0","2017","4","",6,464,474,462,3887428,99605,377,641,"",0.73,1.03,1.04,1.03,1.01,1.74,1.55,0.98,"",0,0.0,1,0.2,-5,-1.0,-7,-1.5,-25955,-0.7,-40233,-28.8,-318,-45.8,1,0.2
"51103","5","10","71","0","2017","4","",459,3967,4002,3949,39645575,2790855,45851,768,"",0.97,1.03,1.03,1.03,1.04,1.00,1.00,1.01,"",3,0.7,-17,-0.4,23,0.6,14,0.4,1497832,3.9,-47686,-1.7,434,1.0,28,3.8
"51105","0","10","70","0","2017","4","",570,4307,4330,4334,36639334,2570946,23916,652,"",1.00,1.00,1.00,1.00,1.00,1.00,1.00,1.00,"",38,7.1,-58,-1.3,-73,-1.7,-62,-1.4,-619941,-1.7,93136,3.8,-6025,-20.1,-1,-0.2
"51105","1","10","71","0","2017","4","",12,431,431,428,6433511,0,0,1151,"",3.51,5.20,5.20,5.13,6.39,0.00,0.00,1.23,"",0,0.0,-18,-4.0,-16,-3.6,-21,-4.7,-105018,-1.6,0,0.0,0,0.0,29,2.6
"51105","2","10","71","0","2017","4","",14,144,144,144,1317092,0,0,704,"",3.51,1.04,1.04,1.04,1.10,0.00,0.00,1.06,"",1,7.7,19,15.2,22,18.0,21,17.1,134184,11.3,0,0.0,0,0.0,-34,-4.6
"51105","3","10","71","0","2017","4","",20,1017,1035,1037,7814580,489955,2048,584,"",2.06,2.38,2.41,2.42,2.48,9.63,16.27,1.03,"",0,0.0,33,3.4,36,3.6,16,1.6,99802,1.3,68815,16.3,413,25.3,-9,-1.5
"51105","5","10","71","0","2017","4","",524,2715,2720,2725,21074151,2080991,21868,596,"",0.95,0.74,0.74,0.74,0.67,0.84,0.92,0.91,"",37,7.6,-92,-3.3,-115,-4.1,-78,-2.8,-748909,-3.4,24321,1.2,-6438,-22.7,0,0.0
"51107","0","10","70","0","2017","4","",12446,165832,166598,166181,2745850079,121931714,1684300,1271,"",1.00,1.00,1.00,1.00,1.00,1.00,1.00,1.00,"",539,4.5,4760,3.0,4590,2.8,4333,2.7,148461134,5.7,-4424112,-3.5,-523262,-23.7,35,2.8
"51107","1","10","71","0","2017","4","",46,4305,4326,4343,98360794,0,0,1750,"",0.62,1.35,1.36,1.36,1.30,0.00,0.00,0.96,"",1,2.2,259,6.4,232,5.7,235,5.7,8509283,9.5,0,0.0,0,0.0,57,3.4
"51107","2","10","71","0","2017","4","",21,1084,1077,1094,10813947,0,0,767,"",0.24,0.20,0.20,0.21,0.12,0.00,0.00,0.59,"",2,10.5,14,1.3,10,0.9,13,1.2,-244486,-2.2,0,0.0,0,0.0,-26,-3.3
"51107","3","10","71","0","2017","4","",228,19153,19390,19309,226928459,410020,2075,905,"",1.08,1.17,1.17,1.17,0.96,0.17,0.23,0.82,"",1,0.4,331,1.8,405,2.1,340,1.8,-15697962,-6.5,49705,13.8,-638,-23.5,-81,-8.2
"51107","5","10","71","0","2017","4","",12151,141290,141805,141435,2409746879,121521694,1682225,1310,"",1.01,1.00,1.00,1.00,1.03,1.03,1.01,1.03,"",535,4.6,4156,3.0,3943,2.9,3745,2.7,155894299,6.9,-4473817,-3.6,-522624,-23.7,50,4.0
"51109","0","10","70","0","2017","4","",948,10137,10026,9899,126951628,8698907,228705,975,"",1.00,1.00,1.00,1.00,1.00,1.00,1.00,1.00,"",60,6.8,774,8.3,746,8.0,750,8.2,12728085,11.1,1693141,24.2,59890,35.5,27,2.8
"51109","1","10","71","0","2017","4","",8,61,57,61,829557,0,0,1069,"",1.41,0.31,0.30,0.32,0.24,0.00,0.00,0.77,"",0,0.0,3,5.2,0,0.0,3,5.2,39825,5.0,0,0.0,0,0.0,16,1.5
"51109","2","10","71","0","2017","4","",13,157,156,157,1774020,0,0,871,"",1.96,0.48,0.49,0.50,0.43,0.00,0.00,0.88,"",1,8.3,7,4.7,2,1.3,2,1.3,-735,0.0,0,0.0,0,0.0,-21,-2.4
"51109","3","10","71","0","2017","4","",22,1388,1403,1413,12376506,7186,9,679,"",1.37,1.38,1.41,1.44,1.13,0.04,0.01,0.80,"",0,0.0,-6,-0.4,13,0.9,21,1.5,259438,2.1,176,2.5,-189,-95.5,9,1.3
"51109","5","10","71","0","2017","4","",905,8531,8410,8268,111971545,8691721,228696,1025,"",0.98,0.99,0.99,0.98,1.03,1.03,1.01,1.05,"",59,7.0,770,9.9,731,9.5,724,9.6,12429557,12.5,1692965,24.2,60079,35.6,26,2.6
"51111","0","10","70","0","2017","4","",318,2629,2630,2622,22981960,1836672,21062,673,"",1.00,1.00,1.00,1.00,1.00,1.00,1.00,1.00,"",24,8.2,61,2.4,95,3.7,101,4.0,-4841,0.0,68273,3.9,-3822,-15.4,-23,-3.3
"51111","1","10","71","0","2017","4","",4,20,18,20,236920,0,0,943,"",2.10,0.40,0.36,0.40,0.38,0.00,0.00,0.98,"",0,0.0,0,0.0,-2,-10.0,1,5.3,13121,5.9,0,0.0,0,0.0,68,7.8
"51111","2","10","71","0","2017","4","",13,351,347,343,3232416,0,0,717,"",5.83,4.16,4.12,4.10,4.31,0.00,0.00,1.04,"",0,0.0,12,3.5,9,2.7,5,1.5,-158570,-4.7,0,0.0,0,0.0,-54,-7.0
"51111","3","10","71","0","2017","4","",14,429,430,433,3167085,251138,774,566,"",2.59,1.65,1.65,1.67,1.60,6.91,6.98,0.97,"",1,7.7,12,2.9,6,1.4,13,3.1,-32277,-1.0,46709,22.8,-479,-38.2,-19,-3.2
"51111","5","10","71","0","2017","4","",287,1829,1835,1826,16345539,1585534,20288,687,"",0.93,0.82,0.82,0.82,0.83,0.89,0.97,1.02,"",23,8.7,37,2.1,82,4.7,82,4.7,172885,1.1,21564,1.4,-3343,-14.1,-19,-2.7
"51113","0","10","70","0","2017","4","",369,3251,3281,3239,29052378,2284726,34392,686,"",1.00,1.00,1.00,1.00,1.00,1.00,1.00,1.00,"",15,4.2,87,2.7,43,1.3,79,2.5,-329540,-1.1,-131405,-5.4,-6957,-16.8,-23,-3.2
"51113","1","10","71","0","2017","4","",11,84,49,48,564870,0,0,720,"",4.97,1.34,0.78,0.77,0.71,0.00,0.00,0.73,"",-1,-8.3,16,23.5,-10,-16.9,4,9.1,13260,2.4,0,0.0,0,0.0,-24,-3.2
"51113","2","10","71","0","2017","4","",12,54,53,53,548926,0,0,792,"",4.64,0.52,0.50,0.51,0.58,0.00,0.00,1.13,"",1,9.1,3,5.9,3,6.0,2,3.9,29473,5.7,0,0.0,0,0.0,3,0.4
"51113","3","10","71","0","2017","4","",6,484,501,488,4368642,8065,73,684,"",0.96,1.50,1.54,1.52,1.75,0.18,0.40,1.15,"",0,0.0,-6,-1.2,-1,-0.2,-5,-1.0,85592,2.0,-7325,-47.6,-164,-69.2,18,2.7
"51113","5","10","71","0","2017","4","",340,2629,2678,2650,23569940,2276661,34319,684,"",0.95,0.95,0.96,0.96,0.95,1.03,1.00,0.99,"",15,4.6,74,2.9,51,1.9,78,3.0,-457865,-1.9,-124080,-5.2,-6793,-16.5,-31,-4.3
"51115","0","10","70","0","2017","4","",224,1487,1461,1498,10655245,1106683,17126,553,"",1.00,1.00,1.00,1.00,1.00,1.00,1.00,1.00,"",13,6.2,-1,-0.1,-11,-0.7,4,0.3,-407004,-3.7,69067,6.7,6823,66.2,-20,-3.5
"51115","1","10","71","0","2017","4","",12,20,18,17,215503,0,0,904,"",8.93,0.70,0.64,0.59,0.74,0.00,0.00,1.14,"",0,0.0,5,33.3,1,5.9,-2,-10.5,29736,16.0,0,0.0,0,0.0,63,7.5
"51115","2","10","71","0","2017","4","",9,30,30,30,291703,0,0,748,"",5.73,0.63,0.64,0.63,0.84,0.00,0.00,1.33,"N",2,28.6,0,0,0,0,0,0,0,0,0,0,0,0,0,0
"51115","3","10","71","0","2017","4","",3,336,339,339,2476329,163097,460,564,"",0.79,2.28,2.34,2.29,2.70,7.44,5.10,1.18,"N",0,0.0,0,0,0,0,0,0,0,0,0,0,0,0,0,0
"51115","5","10","71","0","2017","4","",200,1101,1074,1112,7671710,943586,16666,539,"",0.92,0.87,0.87,0.87,0.84,0.88,0.98,0.97,"",11,5.8,-8,-0.7,-17,-1.6,2,0.2,-449815,-5.5,73692,8.5,7129,74.8,-27,-4.8
"51117","0","10","70","0","2017","4","",1105,11639,11528,11638,103763754,8099384,102136,688,"",1.00,1.00,1.00,1.00,1.00,1.00,1.00,1.00,"",38,3.6,-270,-2.3,-362,-3.0,-194,-1.6,432169,0.4,8444,0.1,-60570,-37.2,19,2.8
"51117","1","10","71","0","2017","4","",14,121,116,117,1918676,0,0,1251,"",2.11,0.54,0.53,0.52,0.67,0.00,0.00,1.27,"",0,0.0,-1,-0.8,1,0.9,1,0.9,220436,13.0,0,0.0,0,0.0,141,12.7
"51117","2","10","71","0","2017","4","",18,343,348,348,3535757,0,0,785,"",2.32,0.92,0.94,0.94,1.04,0.00,0.00,1.12,"",0,0.0,-6,-1.7,7,2.1,8,2.4,109958,3.2,0,0.0,0,0.0,17,2.2
"51117","3","10","71","0","2017","4","",20,1456,1461,1453,11393488,930688,3585,602,"",1.06,1.26,1.28,1.26,1.28,5.80,6.67,1.01,"",0,0.0,-18,-1.2,-14,-0.9,-24,-1.6,301726,2.7,687401,282.5,2950,464.6,24,4.2
"51117","5","10","71","0","2017","4","",1053,9719,9603,9720,86915833,7168696,98551,691,"",0.98,0.98,0.98,0.98,0.98,0.91,0.97,1.00,"",38,3.7,-245,-2.5,-356,-3.6,-179,-1.8,-199951,-0.2,-678957,-8.7,-63520,-39.2,17,2.5
"51119","0","10","70","0","2017","4","",384,3481,3480,3404,30975253,2326508,26541,690,"",1.00,1.00,1.00,1.00,1.00,1.00,1.00,1.00,"",-1,-0.3,86,2.5,109,3.2,121,3.7,538322,1.8,111686,5.0,1543,6.2,-9,-1.3
"51119","1","10","71","0","2017","4","",9,23,22,22,281192,0,0,969,"",3.91,0.34,0.33,0.34,0.33,0.00,0.00,0.98,"",0,0.0,0,0.0,1,4.8,1,4.8,37511,15.4,0,0.0,0,0.0,104,12.0
"51119","2","10","71","0","2017","4","",8,82,80,82,979389,0,0,926,"",2.97,0.73,0.72,0.76,0.97,0.00,0.00,1.32,"",0,0.0,1,1.2,1,1.3,3,3.8,76440,8.5,0,0.0,0,0.0,54,6.2
"51119","3","10","71","0","2017","4","",6,894,923,925,7500328,254949,1433,631,"",0.92,2.59,2.67,2.75,2.82,5.54,10.26,1.05,"",-1,-14.3,-41,-4.4,-27,-2.8,-18,-1.9,-127596,-1.7,-24238,-8.7,-949,-39.8,9,1.4
"51119","5","10","71","0","2017","4","",361,2482,2455,2375,22214344,2071559,25108,701,"",0.97,0.84,0.83,0.82,0.84,0.92,0.95,1.01,"",0,0.0,126,5.3,134,5.8,135,6.0,551967,2.5,135924,7.0,2492,11.0,-22,-3.0
"51121","0","10","70","0","2017","4","",2311,42150,41643,42707,471794980,25637090,287893,861,"",1.00,1.00,1.00,1.00,1.00,1.00,1.00,1.00,"",32,1.4,-124,-0.3,72,0.2,148,0.3,14240458,3.1,-486540,-1.9,-123479,-30.0,26,3.1
"51121","1","10","71","0","2017","4","",17,209,216,211,3492334,0,0,1267,"",1.23,0.26,0.27,0.26,0.27,0.00,0.00,1.03,"",0,0.0,4,2.0,12,5.9,4,1.9,82933,2.4,0,0.0,0,0.0,-10,-0.8
"51121","2","10","71","0","2017","4","N",20,0,0,0,0,0,0,0,"N",1.24,0,0,0,0,0,0,0,"N",2,11.1,0,0,0,0,0,0,0,0,0,0,0,0,0,0
"51121","3","10","71","0","2017","4","N",66,0,0,0,0,0,0,0,"N",1.68,0,0,0,0,0,0,0,"N",0,0.0,0,0,0,0,0,0,0,0,0,0,0,0,0,0
"51121","5","10","71","0","2017","4","",2208,29196,29472,29236,293734500,23448591,278488,771,"",0.98,0.82,0.83,0.81,0.73,0.95,0.97,0.89,"",30,1.4,-236,-0.8,5,0.0,-105,-0.4,6813424,2.4,-495070,-2.1,-121305,-30.3,21,2.8
"51125","0","10","70","0","2017","4","",579,3969,3906,3896,34435544,2924108,26477,675,"",1.00,1.00,1.00,1.00,1.00,1.00,1.00,1.00,"",33,6.0,-15,-0.4,-14,-0.4,-44,-1.1,-285043,-0.8,-14286,-0.5,-12482,-32.0,-1,-0.1
"51125","1","10","71","0","2017","4","",13,49,50,50,648879,0,0,1005,"",3.74,0.64,0.67,0.67,0.69,0.00,0.00,1.04,"",1,8.3,1,2.1,3,6.4,2,4.2,26059,4.2,0,0.0,0,0.0,0,0.0
"51125","2","10","71","0","2017","4","",12,71,72,72,655738,0,0,704,"",2.96,0.56,0.58,0.58,0.58,0.00,0.00,1.02,"",0,0.0,-3,-4.1,-2,-2.7,-3,-4.0,-59247,-8.3,0,0.0,0,0.0,-36,-4.9
"51125","3","10","71","0","2017","4","",4,623,629,636,5270088,0,0,644,"",0.41,1.58,1.62,1.65,1.78,0.00,0.00,1.10,"",0,0.0,8,1.3,12,1.9,21,3.4,11235,0.2,0,0.0,0,0.0,-13,-2.0
"51125","5","10","71","0","2017","4","",550,3226,3155,3138,27860839,2924108,26477,675,"",0.98,0.96,0.95,0.95,0.95,1.03,1.01,0.99,"",32,6.2,-21,-0.6,-27,-0.8,-64,-2.0,-263090,-0.9,-14286,-0.5,-12482,-32.0,1,0.1
"51127","0","10","70","0","2017","4","",479,4377,4368,4242,42529708,3269624,42537,756,"",1.00,1.00,1.00,1.00,1.00,1.00,1.00,1.00,"",26,5.7,0,0.0,-19,-0.4,-131,-3.0,15719,0.0,50539,1.6,-12839,-23.2,9,1.2
"51127","1","10","71","0","2017","4","",8,51,50,50,637488,0,0,974,"",2.78,0.61,0.60,0.61,0.55,0.00,0.00,0.90,"",0,0.0,8,18.6,9,22.0,3,6.4,-30784,-4.6,0,0.0,0,0.0,-203,-17.2
"51127","2","10","71","0","2017","4","",14,74,73,74,753582,0,0,787,"",4.17,0.53,0.52,0.55,0.54,0.00,0.00,1.02,"",1,7.7,10,15.6,9,14.1,8,12.1,81642,12.2,0,0.0,0,0.0,-12,-1.5
"51127","3","10","71","0","2017","4","",4,894,1003,892,8684818,6598,9,719,"",0.49,2.06,2.31,2.12,2.37,0.10,0.04,1.10,"",0,0.0,22,2.5,118,13.3,1,0.1,285021,3.4,6598,100.0,9,100.0,-13,-1.8
"51127","5","10","71","0","2017","4","",453,3358,3242,3226,32453820,3263026,42528,762,"",0.97,0.90,0.87,0.89,0.89,1.03,1.01,1.00,"",25,5.8,-40,-1.2,-155,-4.6,-143,-4.2,-320160,-1.0,43941,1.4,-12848,-23.2,18,2.4
"51131","0","10","70","0","2017","4","",592,4905,4347,4245,36504579,4239051,71224,624,"",1.00,1.00,1.00,1.00,1.00,1.00,1.00,1.00,"",31,5.5,-491,-9.1,-325,-7.0,-355,-7.7,-5413347,-12.9,679699,19.1,8081,12.8,-35,-5.3
"51131","1","10","71","0","2017","4","",12,33,34,34,370108,0,0,846,"",3.38,0.35,0.41,0.42,0.37,0.00,0.00,0.95,"",0,0.0,-2,-5.7,0,0.0,0,0.0,11352,3.2,0,0.0,0,0.0,42,5.2
"51131","2","10","71","0","2017","4","",12,76,75,75,540019,0,0,551,"",2.89,0.48,0.54,0.55,0.45,0.00,0.00,0.87,"",1,9.1,6,8.6,4,5.6,5,7.1,-9671,-1.8,0,0.0,0,0.0,-50,-8.3
"51131","3","10","71","0","2017","4","",19,838,850,856,8418382,507238,4627,764,"",1.89,1.72,1.97,2.04,2.68,6.04,12.34,1.41,"",0,0.0,-4,-0.5,12,1.4,-7,-0.8,268421,3.3,-27941,-5.2,-342,-6.9,24,3.2
"51131","5","10","71","0","2017","4","",549,3958,3388,3280,27176070,3731813,66597,590,"",0.96,0.95,0.92,0.91,0.87,0.91,0.94,0.94,"",30,5.8,-491,-11.0,-341,-9.1,-353,-9.7,-5683449,-17.3,707640,23.4,8423,14.5,-52,-8.1
"51133","0","10","70","0","2017","4","",378,2552,2553,2519,28173980,2217005,50261,853,"",1.00,1.00,1.00,1.00,1.00,1.00,1.00,1.00,"",19,5.3,-27,-1.0,25,1.0,-32,-1.3,2403229,9.3,260908,13.3,-3454,-6.4,76,9.8
"51133","1","10","71","0","2017","4","",8,30,29,29,358986,0,0,941,"",3.53,0.61,0.59,0.60,0.46,0.00,0.00,0.77,"",0,0.0,-2,-6.2,-1,-3.3,-3,-9.4,16319,4.8,0,0.0,0,0.0,100,11.9
"51133","2","10","71","0","2017","4","",8,39,38,38,378288,0,0,759,"",3.02,0.48,0.46,0.47,0.41,0.00,0.00,0.87,"",1,14.3,1,2.6,0,0.0,0,0.0,-10546,-2.7,0,0.0,0,0.0,-28,-3.6
"51133","3","10","71","0","2017","4","",12,432,442,442,4006428,279542,699,703,"",1.87,1.71,1.74,1.77,1.65,6.37,2.64,0.95,"",0,0.0,13,3.1,18,4.2,1,0.2,166921,4.3,26157,10.3,-794,-53.2,13,1.9
"51133","5","10","71","0","2017","4","",350,2051,2044,2010,23430278,1937463,49562,886,"",0.95,0.95,0.94,0.94,0.97,0.90,0.99,1.03,"",18,5.4,-39,-1.9,8,0.4,-30,-1.5,2230535,10.5,234751,13.8,-2660,-5.1,93,11.7
"51135","0","10","70","0","2017","4","",442,5690,5701,5797,50995343,2714553,30800,685,"",1.00,1.00,1.00,1.00,1.00,1.00,1.00,1.00,"",20,4.7,38,0.7,-20,-0.3,78,1.4,741426,1.5,155497,6.1,-10052,-24.6,6,0.9
"51135","1","10","71","0","2017","4","",6,343,345,355,4705015,0,0,1041,"",2.26,3.13,3.16,3.18,3.36,0.00,0.00,1.06,"",0,0.0,2,0.6,2,0.6,21,6.3,170127,3.8,0,0.0,0,0.0,13,1.3
"51135","2","10","71","0","2017","4","",17,1693,1690,1713,15892535,0,0,720,"",5.49,9.27,9.25,9.27,9.55,0.00,0.00,1.03,"",0,0.0,23,1.4,36,2.2,36,2.1,207904,1.3,0,0.0,0,0.0,-4,-0.6
"51135","3","10","71","0","2017","4","",19,699,744,785,5295275,44918,181,548,"",2.53,1.24,1.31,1.37,1.21,0.84,1.12,0.92,"",0,0.0,-30,-4.1,-55,-6.9,-32,-3.9,-23960,-0.5,7028,18.5,103,132.1,25,4.8
"51135","5","10","71","0","2017","4","",400,2955,2922,2944,25102518,2669635,30619,657,"",0.93,0.61,0.60,0.60,0.58,1.02,1.00,0.95,"",20,5.3,43,1.5,-3,-0.1,53,1.8,387355,1.6,148469,5.9,-10155,-24.9,4,0.6
"51137","0","10","70","0","2017","4","",929,9811,9755,9767,92259839,6182861,77597,726,"",1.00,1.00,1.00,1.00,1.00,1.00,1.00,1.00,"",42,4.7,-3,0.0,31,0.3,187,2.0,3002345,3.4,-175297,-2.8,-28505,-26.9,19,2.7
"51137","1","10","71","0","2017","4","",10,57,63,60,862722,0,0,1106,"",1.79,0.30,0.34,0.32,0.34,0.00,0.00,1.07,"",0,0.0,0,0.0,2,3.3,-1,-1.6,48878,6.0,0,0.0,0,0.0,57,5.4
"51137","2","10","71","0","2017","4","",16,391,392,392,3552286,0,0,698,"",2.46,1.24,1.25,1.26,1.18,0.00,0.00,0.94,"",2,14.3,-29,-6.9,-27,-6.4,-34,-8.0,-194866,-5.2,0,0.0,0,0.0,14,2.0
"51137","3","10","71","0","2017","4","",12,1733,1756,1767,15911290,11477,142,699,"",0.76,1.78,1.81,1.83,2.01,0.09,0.35,1.11,"",-1,-7.7,-1,-0.1,-5,-0.3,-1,-0.1,133684,0.8,-8565,-42.7,-105,-42.5,7,1.0
"51137","5","10","71","0","2017","4","",891,7630,7544,7548,71933541,6171384,77455,731,"",0.99,0.92,0.91,0.91,0.91,1.03,1.00,1.00,"",41,4.8,27,0.4,61,0.8,223,3.0,3014649,4.4,-166732,-2.6,-28400,-26.8,21,3.0
"51139","0","10","70","0","2017","4","",592,5706,5591,5271,45773550,3687317,83836,638,"",1.00,1.00,1.00,1.00,1.00,1.00,1.00,1.00,"",30,5.3,-16,-0.3,-62,-1.1,-119,-2.2,1956831,4.5,-88021,-2.3,-8389,-9.1,35,5.8
"51139","1","10","71","0","2017","4","",7,213,176,184,2607971,0,0,1050,"",1.97,1.94,1.64,1.81,2.07,0.00,0.00,1.15,"",0,0.0,10,4.9,2,1.1,19,11.5,237610,10.0,0,0.0,0,0.0,41,4.1
"51139","2","10","71","0","2017","4","",16,87,88,88,872411,3372,4,765,"",3.86,0.48,0.49,0.52,0.58,0.07,0.04,1.18,"",2,14.3,10,13.0,11,14.3,9,11.4,90829,11.6,3372,100.0,4,100.0,-9,-1.2
"51139","3","10","71","0","2017","4","",15,1056,1071,1071,8369109,3457,62,604,"",1.49,1.87,1.93,2.05,2.13,0.05,0.14,1.09,"",0,0.0,14,1.3,5,0.5,16,1.5,141828,1.7,1336,63.0,14,29.2,4,0.7
"51139","5","10","71","0","2017","4","",554,4350,4256,3928,33924059,3680488,83770,625,"",0.96,0.90,0.90,0.88,0.87,1.03,1.01,0.97,"",28,5.3,-50,-1.1,-80,-1.8,-163,-4.0,1486564,4.6,-92729,-2.5,-8407,-9.1,41,7.0
"51141","0","10","70","0","2017","4","",534,4831,4777,4704,35337311,3171297,54140,570,"",1.00,1.00,1.00,1.00,1.00,1.00,1.00,1.00,"",49,10.1,-626,-11.5,-664,-12.2,-692,-12.8,-2861612,-7.5,-1014251,-24.2,-20546,-27.5,29,5.4
"51141","1","10","71","0","2017","4","",10,42,43,44,534846,0,0,957,"",3.12,0.45,0.47,0.49,0.55,0.00,0.00,1.17,"",0,0.0,1,2.4,0,0.0,-1,-2.2,26099,5.1,0,0.0,0,0.0,47,5.2
"51141","2","10","71","0","2017","4","N",12,0,0,0,0,0,0,0,"N",3.21,0,0,0,0,0,0,0,"N",1,9.1,0,0,0,0,0,0,0,0,0,0,0,0,0,0
"51141","3","10","71","0","2017","4","N",4,0,0,0,0,0,0,0,"N",0.44,0,0,0,0,0,0,0,"N",0,0.0,0,0,0,0,0,0,0,0,0,0,0,0,0,0
"51141","5","10","71","0","2017","4","",508,3944,3895,3836,28336989,3171297,54140,560,"",0.98,0.96,0.96,0.96,0.94,1.03,1.01,0.98,"",48,10.4,-669,-14.5,-699,-15.2,-716,-15.7,-3126213,-9.9,-1014251,-24.2,-20546,-27.5,32,6.1
"51143","0","10","70","0","2017","4","",1384,12361,12280,12368,110501635,8306119,181017,689,"",1.00,1.00,1.00,1.00,1.00,1.00,1.00,1.00,"",99,7.7,108,0.9,13,0.1,187,1.5,6419886,6.2,969921,13.2,34975,23.9,35,5.4
"51143","1","10","71","0","2017","4","",16,81,81,85,978092,0,0,914,"",1.93,0.34,0.34,0.36,0.32,0.00,0.00,0.93,"",0,0.0,-7,-8.0,-9,-10.0,-4,-4.5,21010,2.2,0,0.0,0,0.0,87,10.5
"51143","2","10","71","0","2017","4","",15,479,479,475,4563029,0,0,735,"",1.55,1.21,1.22,1.20,1.26,0.00,0.00,1.05,"",1,7.1,12,2.6,13,2.8,4,0.8,-47444,-1.0,0,0.0,0,0.0,-23,-3.0
"51143","3","10","71","0","2017","4","",33,2346,2371,2360,18273726,159700,827,596,"",1.40,1.92,1.94,1.93,1.92,0.97,0.87,1.00,"",0,0.0,-58,-2.4,-64,-2.6,-81,-3.3,671341,3.8,-25402,-13.7,-438,-34.6,38,6.8
"51143","5","10","71","0","2017","4","",1320,9455,9349,9448,86686788,8146419,180190,708,"",0.98,0.90,0.90,0.90,0.92,1.01,1.00,1.02,"",98,8.0,161,1.7,73,0.8,268,2.9,5774979,7.1,995323,13.9,35413,24.5,35,5.2
"51145","0","10","70","0","2017","4","",821,6996,6966,6808,72611813,4978832,49940,807,"",1.00,1.00,1.00,1.00,1.00,1.00,1.00,1.00,"",27,3.4,-156,-2.2,-199,-2.8,-194,-2.8,-2221575,-3.0,279224,5.9,-7231,-12.6,-3,-0.4
"51145","1","10","71","0","2017","4","",3,48,50,53,749740,0,0,1146,"",0.61,0.36,0.38,0.40,0.38,0.00,0.00,0.99,"",0,0.0,-4,-7.7,1,2.0,4,8.2,35784,5.0,0,0.0,0,0.0,48,4.4
"51145","2","10","71","0","2017","4","",18,670,661,656,6240540,0,0,725,"",3.13,2.98,2.96,3.02,2.63,0.00,0.00,0.88,"",1,5.9,-293,-30.4,-292,-30.6,-293,-30.9,-3699687,-37.2,0,0.0,0,0.0,-76,-9.5
"51145","3","10","71","0","2017","4","",3,1049,1056,1043,10197607,0,0,748,"",0.21,1.51,1.53,1.55,1.63,0.00,0.00,1.07,"",0,0.0,39,3.9,31,3.0,28,2.8,144691,1.4,0,0.0,0,0.0,-13,-1.7
"51145","5","10","71","0","2017","4","",797,5229,5199,5056,55423926,4978832,49940,826,"",1.00,0.88,0.88,0.87,0.89,1.03,1.01,1.02,"",26,3.4,102,2.0,61,1.2,67,1.3,1297637,2.4,279224,5.9,-7231,-12.6,7,0.9
"51147","0","10","70","0","2017","4","",710,9270,9224,9150,83346260,5804033,84147,696,"",1.00,1.00,1.00,1.00,1.00,1.00,1.00,1.00,"",47,7.1,248,2.7,182,2.0,142,1.6,3069238,3.8,242198,4.4,-14132,-14.4,12,1.8
"51147","1","10","71","0","2017","4","",9,61,63,61,978729,0,0,1221,"",2.11,0.34,0.36,0.35,0.43,0.00,0.00,1.23,"",0,0.0,-6,-9.0,0,0.0,-9,-12.9,9285,1.0,0,0.0,0,0.0,102,9.1
"51147","2","10","71","0","2017","4","",23,1199,1190,1204,14062141,0,0,903,"",4.62,4.03,4.03,4.13,5.17,0.00,0.00,1.27,"",2,9.5,23,2.0,28,2.4,37,3.2,-324585,-2.3,0,0.0,0,0.0,-44,-4.6
"51147","3","10","71","0","2017","4","",10,950,940,936,8158351,72090,317,666,"",0.83,1.03,1.03,1.03,1.14,0.63,0.72,1.10,"",0,0.0,22,2.4,16,1.7,-4,-0.4,116758,1.5,-26030,-26.5,-15,-4.5,1,0.2
"51147","5","10","71","0","2017","4","",668,7060,7031,6949,60147039,5731943,83830,660,"",0.97,0.90,0.90,0.89,0.85,1.02,1.00,0.94,"",45,7.2,209,3.1,138,2.0,118,1.7,3267780,5.7,268228,4.9,-14117,-14.4,22,3.4
"51149","0","10","70","0","2017","4","",622,14892,14879,14934,191774651,10662158,231618,990,"",1.00,1.00,1.00,1.00,1.00,1.00,1.00,1.00,"",3,0.5,-40,-0.3,-75,-0.5,46,0.3,4548112,2.4,3086967,40.8,23173,11.1,25,2.6
"51149","1","10","71","0","2017","4","",21,4628,4608,4585,84359667,0,0,1409,"",5.63,16.14,16.18,15.94,16.00,0.00,0.00,1.00,"",0,0.0,-158,-3.3,-180,-3.8,-170,-3.6,-411101,-0.5,0,0.0,0,0.0,44,3.2
"51149","2","10","71","0","2017","4","",15,106,100,100,1030100,0,0,777,"",3.44,0.22,0.21,0.21,0.16,0.00,0.00,0.77,"",2,15.4,8,8.2,-2,-2.0,-3,-2.9,67752,7.0,0,0.0,0,0.0,44,6.0
"51149","3","10","71","0","2017","4","",32,1784,1823,1810,17887347,0,0,762,"",3.03,1.21,1.23,1.22,1.08,0.00,0.00,0.89,"",0,0.0,8,0.5,17,0.9,-13,-0.7,718567,4.2,0,0.0,0,0.0,29,4.0
"51149","5","10","71","0","2017","4","",554,8374,8348,8439,88497537,10662158,231618,812,"",0.92,0.66,0.66,0.66,0.54,1.03,1.01,0.82,"",1,0.2,102,1.2,90,1.1,232,2.8,4172894,4.9,3086967,40.8,23173,11.1,25,3.2
"51153","0","10","70","0","2017","4","",9394,129317,129673,129716,1599272150,94173323,1167224,949,"",1.00,1.00,1.00,1.00,1.00,1.00,1.00,1.00,"",305,3.4,1814,1.4,1103,0.9,1336,1.0,47022175,3.0,-1002939,-1.1,-196317,-14.4,17,1.8
"51153","1","10","71","0","2017","4","",39,6451,6380,6386,147633263,0,0,1773,"",0.69,2.59,2.57,2.56,3.36,0.00,0.00,1.31,"",0,0.0,16,0.2,-36,-0.6,-19,-0.3,5188019,3.6,0,0.0,0,0.0,66,3.9
"51153","2","10","71","0","2017","4","",27,2055,2067,2081,21971685,0,0,817,"",0.41,0.50,0.50,0.50,0.42,0.00,0.00,0.84,"",0,0.0,-39,-1.9,-41,-1.9,-45,-2.1,-516009,-2.3,0,0.0,0,0.0,-3,-0.4
"51153","3","10","71","0","2017","4","",36,19214,19456,19445,250910892,303368,2943,996,"",0.23,1.50,1.51,1.51,1.82,0.16,0.48,1.21,"",1,2.9,562,3.0,599,3.2,452,2.4,11159134,4.7,80648,36.2,-239,-7.5,17,1.7
"51153","5","10","71","0","2017","4","",9292,101597,101770,101804,1178756310,93869955,1164281,891,"",1.02,0.92,0.92,0.92,0.86,1.03,1.00,0.93,"",304,3.4,1275,1.3,581,0.6,948,0.9,31191031,2.7,-1083587,-1.1,-196078,-14.4,15,1.7
"51155","0","10","70","0","2017","4","",819,13538,13497,13590,133548765,7989102,160853,759,"",1.00,1.00,1.00,1.00,1.00,1.00,1.00,1.00,"",59,7.8,251,1.9,229,1.7,424,3.2,8423935,6.7,675872,9.2,22171,16.0,32,4.4
"51155","1","10","71","0","2017","4","",9,36,39,35,455480,0,0,956,"",1.83,0.14,0.15,0.13,0.12,0.00,0.00,0.88,"",0,0.0,1,2.9,4,11.4,1,2.9,27865,6.5,0,0.0,0,0.0,7,0.7
"51155","2","10","71","0","2017","4","",19,484,487,486,4050659,0,0,642,"",3.31,1.11,1.13,1.12,0.93,0.00,0.00,0.83,"",0,0.0,-28,-5.5,-24,-4.7,-15,-3.0,-121937,-2.9,0,0.0,0,0.0,10,1.6
"51155","3","10","71","0","2017","4","",54,1752,1738,1746,14906266,28838,302,657,"",3.88,1.31,1.30,1.30,1.30,0.18,0.36,1.00,"",-1,-1.8,30,1.7,18,1.0,31,1.8,156721,1.1,5238,22.2,-68,-18.4,-3,-0.5
"51155","5","10","71","0","2017","4","",737,11266,11233,11323,114136360,7960264,160551,779,"",0.93,0.98,0.98,0.98,1.00,1.03,1.00,1.02,"",60,8.9,248,2.3,231,2.1,407,3.7,8361286,7.9,670634,9.2,22239,16.1,38,5.1
"51157","0","10","70","0","2017","4","",280,1592,1551,1514,23363817,1132653,12228,1158,"",1.00,1.00,1.00,1.00,1.00,1.00,1.00,1.00,"",-2,-0.7,60,3.9,11,0.7,-31,-2.0,2489072,11.9,-37055,-3.2,-1844,-13.1,115,11.0
"51157","1","10","71","0","2017","4","",4,18,16,17,243855,0,0,1103,"",2.38,0.59,0.54,0.58,0.38,0.00,0.00,0.67,"",0,0.0,1,5.9,0,0.0,2,13.3,30132,14.1,0,0.0,0,0.0,75,7.3
"51157","2","10","71","0","2017","4","",8,36,36,36,414805,0,0,886,"",4.08,0.70,0.72,0.75,0.54,0.00,0.00,0.75,"",-1,-11.1,7,24.1,7,24.1,7,24.1,84176,25.5,0,0.0,0,0.0,9,1.0
"51157","3","10","71","0","2017","4","",20,277,260,273,2562546,320,4,730,"",4.20,1.76,1.69,1.82,1.28,0.01,0.06,0.73,"",3,17.6,-9,-3.1,-14,-5.1,-15,-5.2,-106750,-4.0,-70,-17.9,-1,-20.0,4,0.6
"51157","5","10","71","0","2017","4","",248,1261,1239,1188,20142611,1132333,12224,1260,"",0.91,0.93,0.94,0.92,1.01,1.03,1.01,1.08,"",-4,-1.6,61,5.1,18,1.5,-25,-2.1,2481514,14.1,-36985,-3.2,-1843,-13.1,138,12.3
"51159","0","10","70","0","2017","4","",224,2888,2870,2902,27237096,1528079,16660,726,"",1.00,1.00,1.00,1.00,1.00,1.00,1.00,1.00,"",5,2.3,-10,-0.3,-3,-0.1,7,0.2,-68669,-0.3,-57899,-3.7,-10551,-38.8,-1,-0.1
"51159","1","10","71","0","2017","4","",7,30,27,26,350902,0,0,976,"",5.21,0.54,0.49,0.47,0.47,0.00,0.00,0.94,"",0,0.0,0,0.0,0,0.0,2,8.3,4890,1.4,0,0.0,0,0.0,-10,-1.0
"51159","2","10","71","0","2017","4","",19,597,588,596,5551518,0,0,719,"",12.11,6.44,6.40,6.44,6.24,0.00,0.00,0.97,"",0,0.0,1,0.2,-4,-0.7,-8,-1.3,-246612,-4.3,0,0.0,0,0.0,-28,-3.7
"51159","3","10","71","0","2017","4","",6,436,448,462,4094626,143118,223,702,"",1.58,1.52,1.57,1.61,1.75,4.73,2.54,1.11,"",0,0.0,5,1.2,0,0.0,-2,-0.4,104997,2.6,6979,5.1,-243,-52.1,16,2.3
"51159","5","10","71","0","2017","4","",192,1825,1807,1818,17240050,1384961,16437,730,"",0.88,0.74,0.74,0.74,0.74,0.94,0.99,1.00,"",5,2.7,-16,-0.9,1,0.1,15,0.8,68056,0.4,-64878,-4.5,-10308,-38.5,3,0.4
"51161","0","10","70","0","2017","4","",2535,38717,38744,38818,418102076,26845079,362916,830,"",1.00,1.00,1.00,1.00,1.00,1.00,1.00,1.00,"",59,2.4,-223,-0.6,-365,-0.9,-322,-0.8,2828973,0.7,-660494,-2.4,-93600,-20.5,12,1.5
"51161","1","10","71","0","2017","4","",7,130,130,128,2372977,0,0,1411,"",0.46,0.17,0.18,0.17,0.21,0.00,0.00,1.19,"",0,0.0,0,0.0,-2,-1.5,-4,-3.0,141533,6.3,0,0.0,0,0.0,104,8.0
"51161","2","10","71","0","2017","4","",24,686,679,703,8715632,0,0,973,"",1.35,0.55,0.55,0.57,0.64,0.00,0.00,1.15,"",-1,-4.0,30,4.6,40,6.3,45,6.8,258330,3.1,0,0.0,0,0.0,-26,-2.6
"51161","3","10","71","0","2017","4","",31,4298,4340,4336,42317151,0,0,753,"",0.72,1.12,1.13,1.13,1.18,0.00,0.00,1.05,"",0,0.0,93,2.2,86,2.0,51,1.2,675907,1.6,0,0.0,0,0.0,-1,-0.1
"51161","5","10","71","0","2017","4","",2473,33603,33595,33651,364696316,26845079,362916,835,"",1.01,1.02,1.02,1.02,1.02,1.03,1.01,1.00,"",60,2.5,-346,-1.0,-489,-1.4,-414,-1.2,1753203,0.5,-660494,-2.4,-93600,-20.5,15,1.8
"51163","0","10","70","0","2017","4","",502,6154,6175,6065,49248852,4268458,67660,618,"",1.00,1.00,1.00,1.00,1.00,1.00,1.00,1.00,"",30,6.4,334,5.7,342,5.9,369,6.5,3759881,8.3,357651,9.1,-12803,-15.9,13,2.1
"51163","1","10","71","0","2017","4","",9,23,25,25,292241,0,0,924,"",2.99,0.19,0.21,0.21,0.22,0.00,0.00,1.05,"",-1,-10.0,-16,-41.0,-14,-35.9,-14,-35.9,-107105,-26.8,0,0.0,0,0.0,136,17.3
"51163","2","10","71","0","2017","4","",13,121,122,125,1231050,0,0,772,"",3.70,0.61,0.62,0.65,0.77,0.00,0.00,1.22,"",2,18.2,11,10.0,13,11.9,15,13.6,54911,4.7,0,0.0,0,0.0,-53,-6.4
"51163","3","10","71","0","2017","4","",8,876,884,871,7990175,1289,2,701,"",0.94,1.44,1.44,1.45,1.89,0.02,0.01,1.31,"",0,0.0,-3,-0.3,-32,-3.5,-7,-0.8,325296,4.2,1289,100.0,2,100.0,39,5.9
"51163","5","10","71","0","2017","4","",472,5134,5144,5044,39735386,4267169,67658,598,"",0.97,0.98,0.98,0.98,0.94,1.03,1.01,0.96,"",29,6.5,342,7.1,375,7.9,375,8.0,3486779,9.6,356362,9.1,-12805,-15.9,10,1.7
"51165","0","10","70","0","2017","4","",1798,32590,32574,32686,357763721,21932598,265937,844,"",1.00,1.00,1.00,1.00,1.00,1.00,1.00,1.00,"",98,5.8,322,1.0,341,1.1,260,0.8,13310544,3.9,803216,3.8,-32507,-10.9,24,2.9
"51165","1","10","71","0","2017","4","",21,132,132,136,1896023,0,0,1094,"",1.95,0.21,0.21,0.22,0.19,0.00,0.00,0.91,"",0,0.0,-5,-3.6,-3,-2.2,2,1.5,-10410,-0.5,0,0.0,0,0.0,10,0.9
"51165","2","10","71","0","2017","4","",16,330,328,331,3586563,0,0,837,"",1.27,0.32,0.31,0.32,0.31,0.00,0.00,0.97,"",2,14.3,-23,-6.5,-27,-7.6,-22,-6.2,-292231,-7.5,0,0.0,0,0.0,-7,-0.8
"51165","3","10","71","0","2017","4","",27,3370,3440,3430,28752446,16459,160,648,"",0.88,1.04,1.06,1.06,0.93,0.04,0.11,0.89,"",0,0.0,28,0.8,40,1.2,-8,-0.2,1998111,7.5,-8362,-33.7,-396,-71.2,42,6.9
"51165","5","10","71","0","2017","4","",1734,28758,28674,28789,323528689,21916139,265777,866,"",0.99,1.04,1.04,1.04,1.06,1.03,1.01,1.02,"",96,5.9,322,1.1,331,1.2,288,1.0,11615074,3.7,811578,3.8,-32111,-10.8,22,2.6
"51167","0","10","70","0","2017","4","",629,6847,6840,6843,71405840,4566706,115984,803,"",1.00,1.00,1.00,1.00,1.00,1.00,1.00,1.00,"",16,2.6,-221,-3.1,-235,-3.3,-156,-2.2,1646632,2.4,432005,10.4,38413,49.5,42,5.5
"51167","1","10","71","0","2017","4","",13,61,61,60,899734,0,0,1141,"",3.45,0.46,0.47,0.46,0.46,0.00,0.00,0.99,"",0,0.0,-3,-4.7,-4,-6.2,-6,-9.1,5624,0.6,0,0.0,0,0.0,83,7.8
"51167","2","10","71","0","2017","4","",17,251,249,252,2975953,0,0,913,"",3.86,1.14,1.14,1.15,1.28,0.00,0.00,1.11,"",1,6.2,-11,-4.2,-13,-5.0,-8,-3.1,-239996,-7.5,0,0.0,0,0.0,-34,-3.6
"51167","3","10","71","0","2017","4","",21,1190,1215,1213,10009937,93446,404,638,"",1.96,1.75,1.79,1.79,1.63,1.03,0.66,0.92,"",0,0.0,19,1.6,50,4.3,41,3.5,216581,2.2,22122,31.0,7,1.8,-6,-0.9
"51167","5","10","71","0","2017","4","",578,5345,5315,5318,57520216,4473260,115580,831,"",0.95,0.92,0.91,0.91,0.94,1.01,1.00,1.03,"",15,2.7,-226,-4.1,-268,-4.8,-183,-3.3,1664423,3.0,409883,10.1,38406,49.8,57,7.4
"51169","0","10","70","0","2017","4","",440,4600,4665,4718,41484458,3069238,48160,685,"",1.00,1.00,1.00,1.00,1.00,1.00,1.00,1.00,"",17,4.0,-60,-1.3,11,0.2,62,1.3,2315864,5.9,-271955,-8.1,-13519,-21.9,38,5.9
"51169","1","10","71","0","2017","4","",9,55,53,52,637605,0,0,920,"",3.41,0.62,0.59,0.57,0.56,0.00,0.00,0.94,"",0,0.0,4,7.8,1,1.9,-5,-8.8,18908,3.1,0,0.0,0,0.0,28,3.1
"51169","2","10","71","0","2017","4","",15,111,109,108,826229,0,0,581,"",4.87,0.75,0.73,0.72,0.61,0.00,0.00,0.83,"",1,7.1,0,0.0,0,0.0,-4,-3.6,-5465,-0.7,0,0.0,0,0.0,3,0.5
"51169","3","10","71","0","2017","4","",31,1126,1129,1127,9494559,417880,1838,648,"",4.15,2.47,2.44,2.41,2.66,6.88,7.25,1.09,"",7,29.2,55,5.1,51,4.7,55,5.1,456707,5.1,-8467,-2.0,-327,-15.1,0,0.0
"51169","5","10","71","0","2017","4","",385,3308,3374,3431,30526065,2651358,46322,697,"",0.90,0.85,0.85,0.86,0.86,0.89,0.97,1.01,"",9,2.4,-119,-3.5,-41,-1.2,16,0.5,1845714,6.4,-263488,-9.0,-13192,-22.2,52,8.1
"51171","0","10","70","0","2017","4","",1212,13800,13753,13804,126210437,10577595,124966,704,"",1.00,1.00,1.00,1.00,1.00,1.00,1.00,1.00,"",22,1.8,68,0.5,50,0.4,119,0.9,3933781,3.2,-45245,-0.4,-22163,-15.1,18,2.6
"51171","1","10","71","0","2017","4","",17,135,132,131,1824821,0,0,1058,"",2.34,0.51,0.50,0.49,0.53,0.00,0.00,1.05,"",0,0.0,6,4.7,5,3.9,1,0.8,63835,3.6,0,0.0,0,0.0,5,0.5
"51171","2","10","71","0","2017","4","",16,151,154,155,1635062,0,0,820,"",1.88,0.34,0.35,0.35,0.40,0.00,0.00,1.14,"",2,14.3,-3,-1.9,-2,-1.3,-3,-1.9,-59512,-3.5,0,0.0,0,0.0,-16,-1.9
"51171","3","10","71","0","2017","4","",10,1854,1865,1876,16527090,228872,1392,682,"",0.49,1.36,1.37,1.37,1.52,1.09,2.12,1.12,"",0,0.0,80,4.5,78,4.4,81,4.5,396292,2.5,-30724,-11.8,-465,-25.0,-13,-1.9
"51171","5","10","71","0","2017","4","",1169,11660,11602,11642,106223464,10348723,123574,702,"",0.99,0.99,0.99,0.99,0.99,1.01,1.00,0.99,"",20,1.7,-15,-0.1,-31,-0.3,40,0.3,3533166,3.4,-14521,-0.1,-21698,-14.9,23,3.4
"51173","0","10","70","0","2017","4","",910,12186,12339,12229,107839471,9137728,193224,677,"",1.00,1.00,1.00,1.00,1.00,1.00,1.00,1.00,"",54,6.3,-565,-4.4,-468,-3.7,-464,-3.7,-4316914,-3.8,1240083,15.7,26346,15.8,0,0.0
"51173","1","10","71","0","2017","4","",9,72,70,67,1021071,0,0,1127,"",1.65,0.31,0.30,0.28,0.34,0.00,0.00,1.16,"",0,0.0,1,1.4,1,1.4,0,0.0,24079,2.4,0,0.0,0,0.0,16,1.4
"51173","2","10","71","0","2017","4","",23,1032,1035,1035,9776955,0,0,727,"",3.61,2.64,2.62,2.65,2.78,0.00,0.00,1.05,"",-1,-4.2,26,2.6,37,3.7,35,3.5,-14079,-0.1,0,0.0,0,0.0,-25,-3.3
"51173","3","10","71","0","2017","4","",34,1877,1870,1850,14439394,719332,5373,595,"",2.20,1.55,1.53,1.53,1.56,3.98,5.28,1.01,"",-1,-2.9,1,0.1,3,0.2,-31,-1.6,82846,0.6,30430,4.4,-214,-3.8,6,1.0
"51173","5","10","71","0","2017","4","",844,9205,9364,9277,82602051,8418396,187851,685,"",0.96,0.89,0.89,0.89,0.90,0.95,0.98,1.01,"",56,7.1,-593,-6.1,-509,-5.2,-468,-4.8,-4409760,-5.1,1209653,16.8,26560,16.5,2,0.3
"51175","0","10","70","0","2017","4","",352,3684,3723,3695,33266666,2326835,35446,691,"",1.00,1.00,1.00,1.00,1.00,1.00,1.00,1.00,"",21,6.3,-32,-0.9,-90,-2.4,-72,-1.9,518251,1.6,-1277118,-35.4,-5794,-14.0,22,3.3
"51175","1","10","71","0","2017","4","",12,53,53,51,659170,0,0,969,"",5.68,0.75,0.74,0.72,0.72,0.00,0.00,0.98,"",0,0.0,-9,-14.5,-3,-5.4,-8,-13.6,-20461,-3.0,0,0.0,0,0.0,83,9.4
"51175","2","10","71","0","2017","4","",16,604,602,598,5779502,0,0,739,"",6.49,5.11,5.05,5.08,5.32,0.00,0.00,1.05,"",1,6.7,-48,-7.4,-45,-7.0,-45,-7.0,-529979,-8.4,0,0.0,0,0.0,-11,-1.5
"51175","3","10","71","0","2017","4","",10,814,862,828,6362488,519877,1670,586,"",1.67,2.23,2.33,2.26,2.22,11.29,8.95,0.98,"",0,0.0,-43,-5.0,-16,-1.8,-29,-3.4,62107,1.0,-1491190,-74.1,-12863,-88.5,25,4.5
"51175","5","10","71","0","2017","4","",314,2213,2206,2218,20465506,1806958,33776,712,"",0.92,0.71,0.70,0.71,0.72,0.80,0.96,1.02,"",20,6.8,68,3.2,-26,-1.2,10,0.5,1006584,5.2,214072,13.4,7069,26.5,30,4.4
"51177","0","10","70","0","2017","4","",3068,35616,35789,36118,377647467,28565829,383208,811,"",1.00,1.00,1.00,1.00,1.00,1.00,1.00,1.00,"",115,3.9,117,0.3,-58,-0.2,269,0.8,24265695,6.9,438856,1.6,-46545,-10.8,50,6.6
"51177","1","10","71","0","2017","4","",4,59,61,59,851041,0,0,1097,"",0.22,0.09,0.09,0.08,0.08,0.00,0.00,0.95,"",0,0.0,3,5.4,6,10.9,3,5.4,60819,7.7,0,0.0,0,0.0,5,0.5
"51177","2","10","71","0","2017","4","",18,609,616,618,5217044,0,0,653,"",0.84,0.53,0.54,0.54,0.42,0.00,0.00,0.79,"",1,5.9,16,2.7,12,2.0,11,1.8,-68995,-1.3,0,0.0,0,0.0,-23,-3.4
"51177","3","10","71","0","2017","4","",48,5737,5832,5877,53606097,59490,256,709,"",0.92,1.63,1.64,1.64,1.65,0.11,0.13,1.01,"",1,2.1,211,3.8,282,5.1,279,5.0,1294255,2.5,7868,15.2,-2,-0.8,-15,-2.1
"51177","5","10","71","0","2017","4","",2998,29211,29280,29564,317973285,28506339,382952,833,"",1.01,0.97,0.96,0.96,0.99,1.03,1.01,1.02,"",113,3.9,-113,-0.4,-358,-1.2,-24,-0.1,22979616,7.8,430988,1.5,-46543,-10.8,64,8.3
"51179","0","10","70","0","2017","4","",2753,42976,42911,42993,561504313,28685980,390372,1005,"",1.00,1.00,1.00,1.00,1.00,1.00,1.00,1.00,"",108,4.1,309,0.7,-66,-0.2,201,0.5,27490038,5.1,166929,0.6,-25983,-6.2,46,4.8
"51179","1","10","71","0","2017","4","",14,4791,4584,4419,126005909,0,0,2108,"",0.85,5.79,5.58,5.34,8.16,0.00,0.00,1.47,"",0,0.0,228,5.0,51,1.1,61,1.4,5181576,4.3,0,0.0,0,0.0,36,1.7
"51179","2","10","71","0","2017","4","",19,458,461,463,6310398,0,0,1054,"",0.98,0.33,0.34,0.34,0.34,0.00,0.00,1.03,"",1,5.6,23,5.3,29,6.7,25,5.7,370587,6.2,0,0.0,0,0.0,4,0.4
"51179","3","10","71","0","2017","4","",35,5441,5609,5600,60841056,126512,963,843,"",0.75,1.28,1.32,1.32,1.26,0.22,0.47,0.97,"",-1,-2.8,-422,-7.2,-366,-6.1,-540,-8.8,862179,1.4,20719,19.6,266,38.2,73,9.5
"51179","5","10","71","0","2017","4","",2685,32286,32257,32511,368346950,28559468,389409,876,"",1.01,0.88,0.88,0.89,0.77,1.03,1.00,0.87,"",108,4.2,480,1.5,220,0.7,655,2.1,21075696,6.1,146210,0.5,-26249,-6.3,39,4.7
"51181","0","10","70","0","2017","4","",111,2424,2387,2308,40000100,1596751,55301,1297,"",1.00,1.00,1.00,1.00,1.00,1.00,1.00,1.00,"",9,8.8,-265,-9.9,-294,-11.0,76,3.4,-8097814,-16.8,-302594,-15.9,-27374,-33.1,-163,-11.2
"51181","1","10","71","0","2017","4","",3,9,10,10,115064,0,0,916,"",4.51,0.19,0.22,0.22,0.10,0.00,0.00,0.49,"",0,0.0,2,28.6,0,0.0,1,11.1,8795,8.3,0,0.0,0,0.0,-27,-2.9
"51181","2","10","71","0","2017","4","",10,129,129,130,1423226,0,0,846,"",12.86,1.66,1.69,1.77,1.09,0.00,0.00,0.64,"",1,11.1,3,2.4,2,1.6,-3,-2.3,4483,0.3,0,0.0,0,0.0,-2,-0.2
"51181","3","10","71","0","2017","4","",7,405,402,414,3526820,204754,1162,667,"",3.71,1.69,1.70,1.81,1.03,6.48,3.99,0.59,"",0,0.0,7,1.8,0,0.0,11,2.7,57196,1.6,28773,16.4,-534,-31.5,1,0.2
"51181","5","10","71","0","2017","4","",91,1881,1846,1754,34934990,1391997,54139,1471,"",0.85,0.91,0.91,0.89,1.02,0.90,0.99,1.13,"",8,9.6,-277,-12.8,-296,-13.8,67,4.0,-8168288,-19.0,-331367,-19.2,-26840,-33.1,-190,-11.4
"51183","0","10","70","0","2017","4","",273,3639,3630,3598,35053063,2676464,33233,744,"",1.00,1.00,1.00,1.00,1.00,1.00,1.00,1.00,"",8,3.0,-140,-3.7,-178,-4.7,-254,-6.6,483034,1.4,206217,8.3,-18018,-35.2,47,6.7
"51183","1","10","71","0","2017","4","",8,47,46,46,865945,0,0,1438,"",4.89,0.67,0.66,0.66,0.90,0.00,0.00,1.35,"",0,0.0,0,0.0,-2,-4.2,-9,-16.4,-19928,-2.2,0,0.0,0,0.0,75,5.5
"51183","2","10","71","0","2017","4","",15,733,728,721,7573066,0,0,801,"",7.84,6.28,6.26,6.28,6.62,0.00,0.00,1.06,"",1,7.1,-82,-10.1,-73,-9.1,-78,-9.8,-474071,-5.9,0,0.0,0,0.0,32,4.2
"51183","3","10","71","0","2017","4","",7,470,469,462,4474918,186717,682,737,"",1.51,1.30,1.30,1.30,1.48,3.52,3.90,1.14,"",0,0.0,-9,-1.9,15,3.3,8,1.8,92351,2.1,46918,33.6,226,49.6,8,1.1
"51183","5","10","71","0","2017","4","",243,2389,2387,2369,22139134,2489747,32551,715,"",0.92,0.77,0.77,0.77,0.74,0.96,0.99,0.96,"",7,3.0,-49,-2.0,-118,-4.7,-175,-6.9,884682,4.2,159299,6.8,-18244,-35.9,60,9.2
"51185","0","10","70","0","2017","4","",1126,14836,14889,14815,134217439,10076821,214899,695,"",1.00,1.00,1.00,1.00,1.00,1.00,1.00,1.00,"",11,1.0,-66,-0.4,-89,-0.6,-114,-0.8,7848993,6.2,-3240357,-24.3,-75644,-26.0,44,6.8
"51185","1","10","71","0","2017","4","",19,70,69,69,841678,0,0,934,"",2.81,0.25,0.24,0.24,0.23,0.00,0.00,0.94,"",0,0.0,-2,-2.8,-1,-1.4,-2,-2.8,42642,5.3,0,0.0,0,0.0,68,7.9
"51185","2","10","71","0","2017","4","",22,771,778,790,6470401,0,0,638,"",2.79,1.62,1.63,1.67,1.48,0.00,0.00,0.90,"",1,4.8,-21,-2.7,-17,-2.1,-4,-0.5,-404216,-5.9,0,0.0,0,0.0,-28,-4.2
"51185","3","10","71","0","2017","4","",27,2504,2445,2405,18500373,375425,1528,581,"",1.41,1.70,1.65,1.64,1.60,1.88,1.35,0.96,"",-1,-3.6,-32,-1.3,-85,-3.4,-79,-3.2,-79401,-0.4,6725,1.8,149,10.8,13,2.3
"51185","5","10","71","0","2017","4","",1058,11491,11597,11551,108404987,9701396,213371,722,"",0.97,0.91,0.92,0.92,0.95,1.00,1.00,1.03,"",11,1.1,-11,-0.1,14,0.1,-29,-0.3,8289968,8.3,-3247082,-25.1,-75793,-26.2,56,8.4
"51187","0","10","70","0","2017","4","",1096,12348,12413,12422,123656829,8609720,121517,767,"",1.00,1.00,1.00,1.00,1.00,1.00,1.00,1.00,"",37,3.5,205,1.7,159,1.3,254,2.1,6427181,5.5,-476589,-5.2,-36885,-23.3,27,3.6
"51187","1","10","71","0","2017","4","",8,217,211,204,3950556,0,0,1443,"",1.22,0.91,0.89,0.85,1.16,0.00,0.00,1.32,"",0,0.0,26,13.6,20,10.5,12,6.2,381563,10.7,0,0.0,0,0.0,8,0.6
"51187","2","10","71","0","2017","4","",16,117,123,125,1077270,0,0,681,"",2.08,0.30,0.31,0.32,0.27,0.00,0.00,0.87,"",0,0.0,-12,-9.3,-7,-5.4,-6,-4.6,-78125,-6.8,0,0.0,0,0.0,-3,-0.4
"51187","3","10","71","0","2017","4","",37,1615,1636,1616,16547816,158359,1668,785,"",1.99,1.32,1.33,1.31,1.56,0.93,2.61,1.18,"",0,0.0,8,0.5,14,0.9,9,0.6,470391,2.9,7872,5.2,-351,-17.4,18,2.3
"51187","5","10","71","0","2017","4","",1035,10399,10443,10477,102081187,8451361,119849,752,"",0.97,0.99,0.99,0.99,0.97,1.01,0.99,0.98,"",37,3.7,183,1.8,132,1.3,239,2.3,5653352,5.9,-484461,-5.4,-36534,-23.4,29,4.0
"51191","0","10","70","0","2017","4","",1581,20886,20993,20935,197588985,14055197,218222,726,"",1.00,1.00,1.00,1.00,1.00,1.00,1.00,1.00,"",59,3.9,170,0.8,194,0.9,266,1.3,7726029,4.1,545012,4.0,-19674,-8.3,21,3.0
"51191","1","10","71","0","2017","4","",15,115,117,110,1860700,0,0,1256,"",1.58,0.29,0.29,0.27,0.34,0.00,0.00,1.21,"",0,0.0,5,4.5,6,5.4,-7,-6.0,82566,4.6,0,0.0,0,0.0,42,3.5
"51191","2","10","71","0","2017","4","",28,780,788,790,7883456,0,0,772,"",2.53,1.16,1.17,1.18,1.22,0.00,0.00,1.04,"",2,7.7,-23,-2.9,-24,-3.0,-24,-2.9,-339942,-4.1,0,0.0,0,0.0,-9,-1.2
"51191","3","10","71","0","2017","4","",30,2365,2404,2430,21322428,253086,3309,684,"",1.12,1.14,1.15,1.17,1.25,0.91,2.88,1.09,"",0,0.0,-26,-1.1,-14,-0.6,12,0.5,996619,4.9,10954,4.5,-188,-5.4,35,5.4
"51191","5","10","71","0","2017","4","",1508,17626,17684,17605,166522401,13802111,214913,726,"",0.98,0.99,0.99,0.99,0.99,1.01,0.99,0.99,"",57,3.9,214,1.2,226,1.3,285,1.6,6986786,4.4,534058,4.0,-19486,-8.3,21,3.0
"51193","0","10","70","0","2017","4","",398,3525,3530,3417,27195823,2708093,52365,599,"",1.00,1.00,1.00,1.00,1.00,1.00,1.00,1.00,"",9,2.3,37,1.1,36,1.0,7,0.2,44397,0.2,280775,11.6,-395,-0.7,-4,-0.7
"51193","1","10","71","0","2017","4","",8,57,56,54,643931,0,0,890,"",3.35,0.84,0.83,0.82,0.86,0.00,0.00,1.04,"",0,0.0,4,7.5,2,3.7,-2,-3.6,-17100,-2.6,0,0.0,0,0.0,-46,-4.9
"51193","2","10","71","0","2017","4","",13,107,108,109,729968,0,0,520,"",4.66,0.95,0.96,1.00,0.82,0.00,0.00,0.85,"",0,0.0,9,9.2,18,20.0,19,21.1,23597,3.3,0,0.0,0,0.0,-66,-11.3
"51193","3","10","71","0","2017","4","",18,775,798,798,6640419,393754,2494,646,"",2.66,2.22,2.28,2.36,2.84,7.34,9.05,1.24,"",0,0.0,1,0.1,8,1.0,20,2.6,189645,2.9,55696,16.5,-301,-10.8,10,1.6
"51193","5","10","71","0","2017","4","",359,2586,2568,2456,19181505,2314339,49871,582,"",0.93,0.86,0.86,0.85,0.83,0.88,0.96,0.97,"",9,2.6,23,0.9,8,0.3,-30,-1.2,-151745,-0.8,225079,10.8,-94,-0.2,-4,-0.7
"51195","0","10","70","0","2017","4","",949,11661,11696,11658,104188879,7791916,105061,687,"",1.00,1.00,1.00,1.00,1.00,1.00,1.00,1.00,"",20,2.2,206,1.8,225,2.0,239,2.1,3460548,3.4,573219,7.9,-22633,-17.7,10,1.5
"51195","1","10","71","0","2017","4","",13,119,119,116,1573731,0,0,1026,"",2.28,0.53,0.53,0.52,0.55,0.00,0.00,1.04,"",0,0.0,-2,-1.7,1,0.8,-1,-0.9,74858,5.0,0,0.0,0,0.0,54,5.6
"51195","2","10","71","0","2017","4","",24,2001,1980,1935,19633233,0,0,766,"",3.61,5.35,5.28,5.20,5.77,0.00,0.00,1.09,"",0,0.0,-42,-2.1,-20,-1.0,-12,-0.6,-610814,-3.0,0,0.0,0,0.0,-14,-1.8
"51195","3","10","71","0","2017","4","",21,1542,1588,1552,12820069,634499,3341,632,"",1.30,1.33,1.37,1.35,1.43,4.11,6.04,1.06,"",0,0.0,-57,-3.6,-37,-2.3,-50,-3.1,-410166,-3.1,-73669,-10.4,-1827,-35.4,-1,-0.2
"51195","5","10","71","0","2017","4","",891,7999,8009,8055,70161846,7157417,101720,673,"",0.97,0.81,0.81,0.81,0.79,0.95,0.97,0.97,"",20,2.3,307,4.0,281,3.6,302,3.9,4406670,6.7,646888,9.9,-20806,-17.0,18,2.7
"51197","0","10","70","0","2017","4","",901,11619,11572,11656,100887680,8497733,138596,668,"",1.00,1.00,1.00,1.00,1.00,1.00,1.00,1.00,"",22,2.5,-116,-1.0,-256,-2.2,-208,-1.8,2451014,2.5,-975395,-10.3,-46044,-24.9,27,4.2
"51197","1","10","71","0","2017","4","",10,74,74,72,985432,0,0,1034,"",1.85,0.33,0.33,0.32,0.36,0.00,0.00,1.08,"",0,0.0,-4,-5.1,0,0.0,-3,-4.0,21832,2.3,0,0.0,0,0.0,54,5.5
"51197","2","10","71","0","2017","4","",25,622,623,627,6225123,0,0,767,"",3.96,1.67,1.68,1.69,1.89,0.00,0.00,1.13,"",1,4.2,30,5.1,31,5.2,36,6.1,129911,2.1,0,0.0,0,0.0,-25,-3.2
"51197","3","10","71","0","2017","4","",40,1643,1657,1679,13329744,424602,3302,618,"",2.61,1.43,1.44,1.46,1.54,2.52,4.53,1.07,"",1,2.6,-21,-1.3,-41,-2.4,-39,-2.3,104317,0.8,-20520,-4.6,-104,-3.1,17,2.8
"51197","5","10","71","0","2017","4","",826,9280,9218,9278,80347381,8073131,135294,668,"",0.95,0.94,0.94,0.94,0.93,0.98,0.98,0.99,"",20,2.5,-121,-1.3,-246,-2.6,-202,-2.1,2194954,2.8,-954875,-10.6,-45940,-25.3,32,5.0
"51199","0","10","70","0","2017","4","",1599,21511,21378,21284,215683996,16489410,246285,776,"",1.00,1.00,1.00,1.00,1.00,1.00,1.00,1.00,"",34,2.2,-255,-1.2,-332,-1.5,-435,-2.0,-195551,-0.1,298328,1.8,-39214,-13.7,12,1.6
"51199","1","10","71","0","2017","4","",17,1040,1033,1026,16273837,0,0,1212,"",1.77,2.51,2.52,2.50,2.75,0.00,0.00,1.09,"",0,0.0,-21,-2.0,-27,-2.5,-35,-3.3,155146,1.0,0,0.0,0,0.0,43,3.7
"51199","2","10","71","0","2017","4","",16,214,215,212,1775665,0,0,639,"",1.43,0.31,0.31,0.31,0.25,0.00,0.00,0.81,"",3,23.1,21,10.9,20,10.3,20,10.4,238324,15.5,0,0.0,0,0.0,27,4.4
"51199","3","10","71","0","2017","4","",31,3009,3021,3024,34741481,0,0,885,"",1.14,1.41,1.42,1.44,1.87,0.00,0.00,1.31,"",1,3.3,-3,-0.1,15,0.5,30,1.0,919488,2.7,0,0.0,0,0.0,19,2.2
"51199","5","10","71","0","2017","4","",1535,17248,17109,17022,162893013,16489410,246285,732,"",0.99,0.94,0.94,0.94,0.88,1.03,1.01,0.94,"",30,2.0,-252,-1.4,-340,-1.9,-450,-2.6,-1508509,-0.9,298328,1.8,-39214,-13.7,8,1.1
"51510","0","10","70","0","2017","4","",6384,93639,94089,93978,1872927415,56931833,891184,1534,"",1.00,1.00,1.00,1.00,1.00,1.00,1.00,1.00,"",-26,-0.4,-1253,-1.3,-1165,-1.2,-1039,-1.1,23602065,1.3,-3131492,-5.2,-198445,-18.2,37,2.5
"51510","1","10","71","0","2017","4","",35,13564,13505,13459,427890750,0,0,2436,"",0.91,7.53,7.50,7.43,8.31,0.00,0.00,1.11,"",-2,-5.4,-683,-4.8,-698,-4.9,-732,-5.2,-2968497,-0.7,0,0.0,0,0.0,104,4.5
"51510","2","10","71","0","2017","4","",20,991,983,987,10810513,0,0,843,"",0.45,0.33,0.33,0.33,0.18,0.00,0.00,0.54,"",2,11.1,-4,-0.4,-13,-1.3,-7,-0.7,-566481,-5.0,0,0.0,0,0.0,-37,-4.2
"51510","3","10","71","0","2017","4","",74,7038,7278,6991,116286922,80448,1292,1259,"",0.68,0.76,0.78,0.75,0.72,0.07,0.28,0.95,"",-2,-2.6,22,0.3,-132,-1.8,-8,-0.1,-92556,-0.1,3645,4.7,33,2.6,5,0.4
"51510","5","10","71","0","2017","4","",6255,72046,72323,72541,1317939230,56851385,889892,1402,"",1.01,0.91,0.90,0.91,0.82,1.03,1.01,0.91,"",-24,-0.4,-588,-0.8,-322,-0.4,-292,-0.4,27229599,2.1,-3135137,-5.2,-198478,-18.2,36,2.6
"51520","0","10","70","0","2017","4","",625,9014,9061,9156,81957572,6364325,63609,695,"",1.00,1.00,1.00,1.00,1.00,1.00,1.00,1.00,"",-15,-2.3,-267,-2.9,-312,-3.3,-364,-3.8,1990543,2.5,-368813,-5.5,-20437,-24.3,40,6.1
"51520","1","10","71","0","2017","4","",8,107,112,109,1952133,0,0,1373,"",2.13,0.62,0.65,0.62,0.87,0.00,0.00,1.38,"",0,0.0,5,4.9,9,8.7,8,7.9,155973,8.7,0,0.0,0,0.0,18,1.3
"51520","2","10","71","0","2017","4","",17,295,297,298,4081427,0,0,1058,"",3.88,1.02,1.02,1.02,1.53,0.00,0.00,1.49,"",3,21.4,17,6.1,18,6.5,17,6.0,240192,6.3,0,0.0,0,0.0,0,0.0
"51520","3","10","71","0","2017","4","",23,1222,1230,1211,12466069,501761,4681,785,"",2.17,1.37,1.37,1.34,1.77,3.98,13.98,1.30,"",0,0.0,36,3.0,29,2.4,46,3.9,365466,3.0,-30125,-5.7,-2115,-31.1,-1,-0.1
"51520","5","10","71","0","2017","4","",577,7390,7422,7538,63457943,5862564,58928,655,"",0.95,0.97,0.96,0.97,0.91,0.95,0.93,0.94,"",-18,-3.0,-325,-4.2,-368,-4.7,-435,-5.5,1228912,2.0,-338688,-5.5,-18322,-23.7,43,7.0
"51530","0","10","70","0","2017","4","",132,2548,2565,2566,21017030,2288812,56440,632,"",1.00,1.00,1.00,1.00,1.00,1.00,1.00,1.00,"",-3,-2.2,50,2.0,68,2.7,20,0.8,-872489,-4.0,453015,24.7,14639,35.0,-38,-5.7
"51530","1","10","71","0","2017","4","",2,18,18,18,297334,0,0,1271,"",2.53,0.37,0.37,0.36,0.51,0.00,0.00,1.41,"",0,0.0,-1,-5.3,-1,-5.3,-2,-10.0,-5425,-1.8,0,0.0,0,0.0,66,5.5
"51530","2","10","71","0","2017","4","",3,9,9,9,84866,0,0,725,"",3.24,0.11,0.11,0.11,0.12,0.00,0.00,1.12,"",0,0.0,0,0.0,0,0.0,0,0.0,-8,0.0,0,0.0,0,0.0,0,0.0
"51530","3","10","71","0","2017","4","",6,348,331,339,3028951,136594,219,687,"",2.67,1.38,1.30,1.33,1.68,3.01,0.74,1.25,"",0,0.0,-23,-6.2,-40,-10.8,-30,-8.1,8527,0.3,-23451,-14.7,-117,-34.8,60,9.6
"51530","5","10","71","0","2017","4","",121,2173,2207,2200,17605879,2152218,56221,617,"",0.95,1.00,1.01,1.01,0.98,0.97,1.00,0.97,"",-3,-2.4,74,3.5,109,5.2,52,2.4,-875583,-4.7,476466,28.4,14756,35.6,-55,-8.2
"51540","0","10","70","0","2017","4","",2528,40223,40319,40318,555009126,25371026,315347,1060,"",1.00,1.00,1.00,1.00,1.00,1.00,1.00,1.00,"",41,1.6,-9,0.0,-87,-0.2,498,1.3,20684087,3.9,-372191,-1.4,-98054,-23.7,36,3.5
"51540","1","10","71","0","2017","4","",14,390,394,387,7691989,0,0,1516,"",0.92,0.50,0.51,0.50,0.50,0.00,0.00,1.00,"",-2,-12.5,7,1.8,15,4.0,14,3.8,259810,3.5,0,0.0,0,0.0,5,0.3
"51540","2","10","71","0","2017","4","N",28,0,0,0,0,0,0,0,"N",1.58,0,0,0,0,0,0,0,"N",1,3.7,0,0,0,0,0,0,0,0,0,0,0,0,0,0
"51540","3","10","71","0","2017","4","N",44,0,0,0,0,0,0,0,"N",1.02,0,0,0,0,0,0,0,"N",1,2.3,0,0,0,0,0,0,0,0,0,0,0,0,0,0
"51540","5","10","71","0","2017","4","",2442,28799,28837,28919,394995960,25337481,314110,1053,"",1.00,0.84,0.84,0.84,0.83,1.03,1.00,0.99,"",41,1.7,-278,-1.0,-393,-1.3,230,0.8,13480058,3.5,-372210,-1.4,-97600,-23.7,41,4.1
"51550","0","10","70","0","2017","4","",6117,100357,101750,101401,1110724244,78845949,1477092,845,"",1.00,1.00,1.00,1.00,1.00,1.00,1.00,1.00,"",153,2.6,229,0.2,730,0.7,1184,1.2,55779419,5.3,612926,0.8,-192889,-11.6,37,4.6
"51550","1","10","71","0","2017","4","",20,1165,1185,1183,18151322,0,0,1186,"",0.55,0.60,0.61,0.61,0.59,0.00,0.00,0.98,"",0,0.0,93,8.7,102,9.4,82,7.4,883721,5.1,0,0.0,0,0.0,-38,-3.1
"51550","2","10","71","0","2017","4","",26,1870,1879,1870,17467500,0,0,717,"",0.61,0.58,0.58,0.58,0.48,0.00,0.00,0.83,"",2,8.3,-26,-1.4,-14,-0.7,-18,-1.0,-358104,-2.0,0,0.0,0,0.0,-8,-1.1
"51550","3","10","71","0","2017","4","",31,12629,13198,12824,137745155,36556,335,822,"",0.30,1.27,1.31,1.28,1.44,0.02,0.04,1.12,"",0,0.0,20,0.2,534,4.2,121,1.0,2024303,1.5,-28843,-44.1,-232,-40.9,-3,-0.4
"51550","5","10","71","0","2017","4","",6040,84693,85488,85524,937360267,78809393,1476757,846,"",1.02,0.99,0.99,0.99,0.99,1.03,1.01,1.00,"",151,2.6,142,0.2,108,0.1,999,1.2,53229499,6.0,641769,0.8,-192657,-11.5,44,5.5
"51570","0","10","70","0","2017","4","",750,10706,11036,11022,89057167,10722317,167154,627,"",1.00,1.00,1.00,1.00,1.00,1.00,1.00,1.00,"",13,1.8,-396,-3.6,-128,-1.1,-176,-1.6,1269301,1.4,-130216,-1.2,-26123,-13.5,22,3.6
"51570","1","10","71","0","2017","4","",1,33,31,32,484653,0,0,1165,"",0.22,0.16,0.15,0.15,0.20,0.00,0.00,1.30,"",0,0.0,0,0.0,-2,-6.1,1,3.2,-16970,-3.4,0,0.0,0,0.0,-28,-2.3
"51570","2","10","71","0","2017","4","N",7,0,0,0,0,0,0,0,"N",1.33,0,0,0,0,0,0,0,"N",1,16.7,0,0,0,0,0,0,0,0,0,0,0,0,0,0
"51570","3","10","71","0","2017","4","N",21,0,0,0,0,0,0,0,"N",1.65,0,0,0,0,0,0,0,"N",1,5.0,0,0,0,0,0,0,0,0,0,0,0,0,0,0
"51570","5","10","71","0","2017","4","",721,9429,9742,9704,74142383,10314378,166264,593,"",0.99,1.04,1.04,1.04,0.97,0.99,1.00,0.94,"",11,1.5,-408,-4.1,-137,-1.4,-217,-2.2,775118,1.1,-52244,-0.5,-25711,-13.4,22,3.9
"51580","0","10","70","0","2017","4","",271,4240,4077,4124,54702187,2265874,54199,1015,"",1.00,1.00,1.00,1.00,1.00,1.00,1.00,1.00,"",5,1.9,123,3.0,-26,-0.6,32,0.8,61597,0.1,-165348,-6.8,-7440,-12.1,-9,-0.9
"51580","1","10","71","0","2017","4","",5,49,51,47,671126,0,0,1054,"",3.08,0.60,0.65,0.59,0.45,0.00,0.00,0.73,"",0,0.0,-11,-18.3,-3,-5.6,-4,-7.8,-45701,-6.4,0,0.0,0,0.0,51,5.1
"51580","2","10","71","0","2017","4","",6,64,64,65,485094,0,0,580,"",3.16,0.47,0.49,0.49,0.27,0.00,0.00,0.56,"",0,0.0,4,6.7,3,4.9,5,8.3,-48851,-9.1,0,0.0,0,0.0,-101,-14.8
"51580","3","10","71","0","2017","4","",24,352,361,364,3398682,28243,237,728,"",5.21,0.84,0.89,0.89,0.72,0.63,0.83,0.83,"",1,4.3,8,2.3,-5,-1.4,14,4.0,43786,1.3,-6793,-19.4,10,4.4,-2,-0.3
"51580","5","10","71","0","2017","4","",236,3775,3601,3648,50147285,2237631,53962,1050,"",0.90,1.05,1.04,1.04,1.07,1.02,1.00,1.03,"",4,1.7,122,3.3,-21,-0.6,17,0.5,112363,0.2,-158555,-6.6,-7450,-12.1,-9,-0.8
"51590","0","10","70","0","2017","4","",1805,26767,27275,27125,245492075,19670794,355491,698,"",1.00,1.00,1.00,1.00,1.00,1.00,1.00,1.00,"",95,5.6,-440,-1.6,-349,-1.3,-740,-2.7,-2458716,-1.0,-10559110,-34.9,-275871,-43.7,6,0.9
"51590","1","10","71","0","2017","4","",7,115,111,116,1717715,0,0,1159,"",0.65,0.22,0.21,0.22,0.25,0.00,0.00,1.16,"",0,0.0,1,0.9,-4,-3.5,6,5.5,4809,0.3,0,0.0,0,0.0,-7,-0.6
"51590","2","10","71","0","2017","4","",24,771,768,778,7317753,0,0,729,"",1.90,0.90,0.88,0.90,0.91,0.00,0.00,1.02,"",1,4.3,-11,-1.4,-29,-3.6,-21,-2.6,-424458,-5.5,0,0.0,0,0.0,-22,-2.9
"51590","3","10","71","0","2017","4","",24,2801,2790,2770,25846284,114491,477,713,"",0.78,1.06,1.03,1.03,1.22,0.29,0.25,1.18,"",0,0.0,-37,-1.3,-47,-1.7,-59,-2.1,46008,0.2,-18275,-13.8,-554,-53.7,13,1.9
"51590","5","10","71","0","2017","4","",1750,23080,23606,23461,210610323,19556303,355014,693,"",1.00,1.01,1.02,1.02,1.00,1.03,1.01,0.99,"",94,5.7,-393,-1.7,-269,-1.1,-666,-2.8,-2085075,-1.0,-10540835,-35.0,-275317,-43.7,6,0.9
"51595","0","10","70","0","2017","4","",261,3374,3317,3368,25957458,2554475,42389,596,"",1.00,1.00,1.00,1.00,1.00,1.00,1.00,1.00,"",-1,-0.4,71,2.1,-13,-0.4,-17,-0.5,-193311,-0.7,-694088,-21.4,-24778,-36.9,-6,-1.0
"51595","1","10","71","0","2017","4","",2,6,6,6,87551,0,0,1122,"",1.28,0.09,0.09,0.09,0.12,0.00,0.00,1.32,"",0,0.0,-3,-33.3,0,0.0,-4,-40.0,1218,1.4,0,0.0,0,0.0,325,40.8
"51595","2","10","71","0","2017","4","",7,42,43,44,438005,0,0,784,"",3.83,0.39,0.40,0.41,0.52,0.00,0.00,1.29,"",0,0.0,1,2.4,-1,-2.3,-4,-8.3,53127,13.8,0,0.0,0,0.0,116,17.4
"51595","3","10","71","0","2017","4","",10,116,119,118,1545936,0,0,1011,"",2.25,0.35,0.36,0.35,0.69,0.00,0.00,1.96,"",0,0.0,5,4.5,7,6.2,5,4.4,99406,6.9,0,0.0,0,0.0,18,1.8
"51595","5","10","71","0","2017","4","",242,3210,3149,3200,23885966,2554475,42389,577,"",0.96,1.12,1.12,1.12,1.08,1.03,1.01,0.96,"",-1,-0.4,68,2.2,-19,-0.6,-14,-0.4,-347062,-1.4,-694088,-21.4,-24778,-36.9,-10,-1.7
"51600","0","10","70","0","2017","4","",1705,19212,19136,19013,273091219,14807466,162665,1099,"",1.00,1.00,1.00,1.00,1.00,1.00,1.00,1.00,"",-17,-1.0,89,0.5,5,0.0,-79,-0.4,3990069,1.5,-1720105,-10.4,-52384,-24.4,16,1.5
"51600","1","10","71","0","2017","4","",7,254,268,268,5392721,0,0,1575,"",0.68,0.69,0.73,0.73,0.72,0.00,0.00,1.00,"",0,0.0,-13,-4.9,-3,-1.1,-5,-1.8,-287659,-5.1,0,0.0,0,0.0,-41,-2.5
"51600","2","10","71","0","2017","4","",17,295,294,299,4089232,0,0,1063,"",1.42,0.48,0.48,0.49,0.46,0.00,0.00,0.95,"",-3,-15.0,-27,-8.4,-28,-8.7,-23,-7.1,-422610,-9.4,0,0.0,0,0.0,-15,-1.4
"51600","3","10","71","0","2017","4","",16,511,517,504,8342054,0,0,1257,"",0.55,0.27,0.27,0.27,0.36,0.00,0.00,1.32,"",0,0.0,26,5.4,-3,-0.6,4,0.8,391498,4.9,0,0.0,0,0.0,38,3.1
"51600","5","10","71","0","2017","4","",1665,18152,18057,17942,255267212,14807466,162665,1088,"",1.01,1.11,1.11,1.11,1.09,1.03,1.01,0.98,"",-14,-0.8,103,0.6,39,0.2,-55,-0.3,4308840,1.7,-1720105,-10.4,-52384,-24.4,17,1.6
"51610","0","10","70","0","2017","4","",1054,12291,12265,12264,229969407,8306282,119823,1441,"",1.00,1.00,1.00,1.00,1.00,1.00,1.00,1.00,"",31,3.0,356,3.0,207,1.7,417,3.5,6452362,2.9,281116,3.5,-38700,-24.4,2,0.1
"51610","1","10","71","0","2017","4","",15,1502,1505,1528,45409109,0,0,2311,"",2.37,6.35,6.41,6.47,7.18,0.00,0.00,1.12,"",-1,-6.2,-7,-0.5,1,0.1,3,0.2,1586830,3.6,0,0.0,0,0.0,83,3.7
"51610","2","10","71","0","2017","4","",9,162,155,126,1747146,0,0,910,"",1.22,0.41,0.39,0.32,0.23,0.00,0.00,0.62,"",0,0.0,24,17.4,23,17.4,30,31.2,143706,9.0,0,0.0,0,0.0,-101,-10.0
"51610","3","10","71","0","2017","4","",23,930,921,913,13628001,0,0,1138,"",1.28,0.76,0.76,0.75,0.69,0.00,0.00,0.91,"",-1,-4.2,15,1.6,-62,-6.3,2,0.2,292372,2.2,0,0.0,0,0.0,42,3.8
"51610","5","10","71","0","2017","4","",1007,9697,9684,9697,169185151,8306282,119823,1343,"",0.98,0.93,0.93,0.93,0.86,1.03,1.01,0.93,"",33,3.4,324,3.5,245,2.6,382,4.1,4429454,2.7,281116,3.5,-38700,-24.4,-9,-0.7
"51620","0","10","70","0","2017","4","",347,4272,4232,4273,33833743,3192153,45495,611,"",1.00,1.00,1.00,1.00,1.00,1.00,1.00,1.00,"",-1,-0.3,-84,-1.9,-71,-1.7,11,0.3,-16287,0.0,223959,7.5,-1505,-3.2,6,1.0
"51620","1","10","71","0","2017","4","",1,20,21,19,279950,0,0,1077,"",0.48,0.24,0.26,0.23,0.30,0.00,0.00,1.23,"",0,0.0,1,5.3,2,10.5,0,0.0,13578,5.1,0,0.0,0,0.0,-1,-0.1
"51620","2","10","71","0","2017","4","",14,323,329,331,2729645,0,0,641,"",5.76,2.36,2.43,2.43,2.47,0.00,0.00,1.03,"",2,16.7,-12,-3.6,-8,-2.4,-5,-1.5,-197427,-6.7,0,0.0,0,0.0,-29,-4.3
"51620","3","10","71","0","2017","4","",22,495,502,497,4955312,13022,39,765,"",3.73,1.17,1.19,1.18,1.70,0.21,0.16,1.44,"",0,0.0,-13,-2.6,-13,-2.5,-8,-1.6,-108454,-2.1,7883,153.4,-54,-58.1,0,0.0
"51620","5","10","71","0","2017","4","",310,3434,3380,3426,25868836,3179131,45456,583,"",0.92,0.95,0.94,0.94,0.90,1.03,1.01,0.95,"",-3,-1.0,-60,-1.7,-52,-1.5,24,0.7,276016,1.1,216076,7.3,-1451,-3.1,11,1.9
"51630","0","10","70","0","2017","4","",1697,25065,25301,25380,293251747,18787663,245284,893,"",1.00,1.00,1.00,1.00,1.00,1.00,1.00,1.00,"",24,1.4,1131,4.7,1123,4.6,1078,4.4,23569690,8.7,1858895,11.0,-1919,-0.8,34,4.0
"51630","1","10","71","0","2017","4","",16,414,425,428,9580546,0,0,1745,"",1.57,0.86,0.88,0.88,1.19,0.00,0.00,1.37,"",-1,-5.9,18,4.5,26,6.5,2,0.5,441968,4.8,0,0.0,0,0.0,18,1.0
"51630","2","10","71","0","2017","4","",23,1322,1331,1309,14895559,0,0,868,"",1.93,1.64,1.64,1.62,1.56,0.00,0.00,0.95,"",0,0.0,31,2.4,43,3.3,38,3.0,-246082,-1.6,0,0.0,0,0.0,-40,-4.4
"51630","3","10","71","0","2017","4","",36,2090,2107,2105,21166810,146685,629,775,"",1.25,0.84,0.84,0.84,0.84,0.39,0.49,1.00,"",0,0.0,-20,-0.9,16,0.8,11,0.5,520423,2.5,254,0.2,-73,-10.4,18,2.4
"51630","5","10","71","0","2017","4","",1622,21239,21438,21538,247608832,18640978,244655,890,"",0.99,1.00,1.00,1.00,0.99,1.03,1.00,0.99,"",25,1.6,1102,5.5,1038,5.1,1027,5.0,22853381,10.2,1858641,11.1,-1846,-0.7,40,4.7
"51640","0","10","70","0","2017","4","",408,5973,5939,5953,46870964,3960641,73125,605,"",1.00,1.00,1.00,1.00,1.00,1.00,1.00,1.00,"",12,3.0,-343,-5.4,-368,-5.8,-353,-5.6,-991242,-2.1,-1701252,-30.0,-13519,-15.6,21,3.6
"51640","1","10","71","0","2017","4","",4,47,45,45,579293,0,0,976,"",1.63,0.41,0.40,0.39,0.45,0.00,0.00,1.13,"",0,0.0,-5,-9.6,-3,-6.2,-8,-15.1,-31413,-5.1,0,0.0,0,0.0,55,6.0
"51640","2","10","71","0","2017","4","",8,46,46,46,446039,0,0,746,"",2.80,0.24,0.24,0.24,0.29,0.00,0.00,1.21,"",1,14.3,0,0.0,0,0.0,-1,-2.1,-7102,-1.6,0,0.0,0,0.0,-6,-0.8
"51640","3","10","71","0","2017","4","",24,667,665,659,4969606,64388,844,576,"",3.46,1.13,1.13,1.12,1.23,0.82,2.19,1.10,"",0,0.0,21,3.3,2,0.3,16,2.5,98637,2.0,1497,2.4,81,10.6,0,0.0
"51640","5","10","71","0","2017","4","",372,5213,5183,5203,40876026,3896253,72281,605,"",0.94,1.03,1.03,1.03,1.02,1.02,1.00,0.99,"",11,3.0,-359,-6.4,-367,-6.6,-360,-6.5,-1051364,-2.5,-1702749,-30.4,-13600,-15.8,25,4.3
"51650","0","10","70","0","2017","4","",2844,54910,55377,55517,658594079,39315122,818358,917,"",1.00,1.00,1.00,1.00,1.00,1.00,1.00,1.00,"",60,2.2,1066,2.0,1160,2.1,1213,2.2,15740029,2.4,5521855,16.3,157507,23.8,3,0.3
"51650","1","10","71","0","2017","4","",50,7113,7150,7171,154916984,0,0,1668,"",2.93,6.73,6.75,6.71,8.56,0.00,0.00,1.27,"",1,2.0,-1,0.0,-1,0.0,7,0.1,4788146,3.2,0,0.0,0,0.0,51,3.2
"51650","2","10","71","0","2017","4","",23,1290,1301,1310,11740785,0,0,695,"",1.15,0.73,0.73,0.74,0.55,0.00,0.00,0.74,"",0,0.0,-129,-9.1,-120,-8.4,-122,-8.5,-1380742,-10.5,0,0.0,0,0.0,-14,-2.0
"51650","3","10","71","0","2017","4","",145,6847,6880,6883,73361089,447916,3560,821,"",3.00,1.26,1.25,1.25,1.30,0.58,0.83,1.03,"",-2,-1.4,-126,-1.8,-186,-2.6,-178,-2.5,-275329,-0.4,-46152,-9.3,-1123,-24.0,16,2.0
"51650","5","10","71","0","2017","4","",2626,39660,40046,40153,418575221,38867206,814798,806,"",0.95,0.85,0.85,0.85,0.74,1.02,1.00,0.87,"",61,2.4,1322,3.4,1467,3.8,1506,3.9,12607954,3.1,5568007,16.7,158630,24.2,-5,-0.6
"51660","0","10","70","0","2017","4","",1681,32198,32515,32303,302262897,20190181,286154,719,"",1.00,1.00,1.00,1.00,1.00,1.00,1.00,1.00,"",23,1.4,-62,-0.2,320,1.0,19,0.1,7466440,2.5,66586,0.3,-35893,-11.1,16,2.3
"51660","1","10","71","0","2017","4","",12,215,208,211,3555543,0,0,1294,"",1.19,0.35,0.33,0.34,0.43,0.00,0.00,1.26,"",-1,-7.7,4,1.9,1,0.5,-2,-0.9,63575,1.8,0,0.0,0,0.0,17,1.3
"51660","2","10","71","0","2017","4","N",16,0,0,0,0,0,0,0,"N",1.36,0,0,0,0,0,0,0,"N",-1,-5.9,0,0,0,0,0,0,0,0,0,0,0,0,0,0
"51660","3","10","71","0","2017","4","N",34,0,0,0,0,0,0,0,"N",1.19,0,0,0,0,0,0,0,"N",0,0.0,0,0,0,0,0,0,0,0,0,0,0,0,0,0
"51660","5","10","71","0","2017","4","",1619,25143,25408,25248,222034960,20188455,286130,676,"",0.99,0.92,0.92,0.92,0.86,1.03,1.01,0.94,"",25,1.6,-208,-0.8,64,0.3,-180,-0.7,3716406,1.7,85976,0.4,-35657,-11.1,14,2.1
"51670","0","10","70","0","2017","4","",520,7906,7802,7885,102401279,5015467,78169,1002,"",1.00,1.00,1.00,1.00,1.00,1.00,1.00,1.00,"",19,3.8,98,1.3,4,0.1,142,1.8,-4508263,-4.2,-5353441,-51.6,-81084,-50.9,-55,-5.2
"51670","1","10","71","0","2017","4","",2,33,30,29,533722,0,0,1339,"",0.64,0.22,0.20,0.19,0.19,0.00,0.00,0.93,"",0,0.0,5,17.9,1,3.4,-1,-3.3,50205,10.4,0,0.0,0,0.0,56,4.4
"51670","2","10","71","0","2017","4","",10,51,51,51,593635,0,0,895,"",2.74,0.20,0.20,0.20,0.18,0.00,0.00,0.88,"",1,11.1,9,21.4,8,18.6,7,15.9,46703,8.5,0,0.0,0,0.0,-83,-8.5
"51670","3","10","71","0","2017","4","",20,1298,1320,1310,12773977,4360,201,750,"",2.26,1.66,1.70,1.68,1.45,0.04,0.49,0.86,"",0,0.0,22,1.7,33,2.6,21,1.6,-6092230,-32.3,-17131,-79.7,-1146,-85.1,-380,-33.6
"51670","5","10","71","0","2017","4","",488,6524,6401,6495,88499945,5011107,77968,1052,"",0.97,0.97,0.97,0.97,1.01,1.03,1.00,1.04,"",18,3.8,62,1.0,-38,-0.6,115,1.8,1487059,1.7,-5336310,-51.6,-79938,-50.6,11,1.1
"51678","0","10","70","0","2017","4","",320,4632,4651,4562,49132252,1888968,25053,819,"",1.00,1.00,1.00,1.00,1.00,1.00,1.00,1.00,"",-24,-7.0,-393,-7.8,-368,-7.3,-327,-6.7,-2292500,-4.5,-343764,-15.4,-11026,-30.6,24,3.0
"51678","1","10","71","0","2017","4","",6,44,45,46,669906,0,0,1145,"",3.13,0.49,0.51,0.52,0.50,0.00,0.00,0.98,"",0,0.0,-4,-8.3,-1,-2.2,-2,-4.2,10316,1.6,0,0.0,0,0.0,73,6.8
"51678","2","10","71","0","2017","4","N",10,0,0,0,0,0,0,0,"N",4.46,0,0,0,0,0,0,0,"N",1,11.1,0,0,0,0,0,0,0,0,0,0,0,0,0,0
"51678","3","10","71","0","2017","4","N",20,0,0,0,0,0,0,0,"N",3.68,0,0,0,0,0,0,0,"N",0,0.0,0,0,0,0,0,0,0,0,0,0,0,0,0,0
"51678","5","10","71","0","2017","4","",284,3445,3453,3351,36126511,1854822,24660,813,"",0.91,0.88,0.87,0.86,0.86,1.01,0.99,0.99,"",-25,-8.1,-397,-10.3,-387,-10.1,-354,-9.6,-2476895,-6.4,-343831,-15.6,-11070,-31.0,31,4.0
"51680","0","10","70","0","2017","4","",2728,52829,53317,53141,597817010,32813909,561534,866,"",1.00,1.00,1.00,1.00,1.00,1.00,1.00,1.00,"",121,4.6,902,1.7,901,1.7,1153,2.2,13862974,2.4,133358,0.4,-57491,-9.3,4,0.5
"51680","1","10","71","0","2017","4","",16,273,274,269,4409925,0,0,1247,"",0.98,0.27,0.27,0.26,0.27,0.00,0.00,1.01,"",0,0.0,19,7.5,21,8.3,14,5.5,268257,6.5,0,0.0,0,0.0,-7,-0.6
"51680","2","10","71","0","2017","4","",28,1096,1100,1107,11116686,0,0,777,"",1.46,0.65,0.64,0.65,0.57,0.00,0.00,0.88,"",1,3.7,-4,-0.4,-5,-0.5,-4,-0.4,-121016,-1.1,0,0.0,0,0.0,-5,-0.6
"51680","3","10","71","0","2017","4","",30,3569,3571,3557,33420566,12604,463,721,"",0.65,0.68,0.67,0.68,0.65,0.02,0.16,0.96,"",0,0.0,-2,-0.1,15,0.4,-8,-0.2,720003,2.2,5800,85.2,192,70.8,15,2.1
"51680","5","10","71","0","2017","4","",2654,47891,48372,48208,548869833,32801305,561071,877,"",1.00,1.07,1.07,1.07,1.08,1.03,1.01,1.01,"",120,4.7,889,1.9,870,1.8,1151,2.4,12995730,2.4,127558,0.4,-57683,-9.3,3,0.3
"51683","0","10","70","0","2017","4","",1592,22591,22705,22632,384993261,15833588,207393,1308,"",1.00,1.00,1.00,1.00,1.00,1.00,1.00,1.00,"",32,2.1,-340,-1.5,-445,-1.9,-335,-1.5,35056799,10.0,-809152,-4.9,-37959,-15.5,138,11.8
"51683","1","10","71","0","2017","4","",14,731,733,726,17961245,0,0,1893,"",1.47,1.68,1.69,1.67,1.70,0.00,0.00,1.01,"",0,0.0,5,0.7,9,1.2,2,0.3,1177872,7.0,0,0.0,0,0.0,111,6.2
"51683","2","10","71","0","2017","4","",16,288,286,290,3522243,0,0,941,"",1.43,0.40,0.39,0.40,0.28,0.00,0.00,0.71,"",5,45.5,14,5.1,14,5.1,16,5.8,186610,5.6,0,0.0,0,0.0,2,0.2
"51683","3","10","71","0","2017","4","",21,1892,1960,1886,27676084,124446,535,1113,"",0.78,0.85,0.87,0.84,0.84,0.40,0.49,0.98,"",0,0.0,-4,-0.2,-111,-5.4,-32,-1.7,-89035,-0.3,-60474,-32.7,-390,-42.2,24,2.2
"51683","5","10","71","0","2017","4","",1541,19680,19726,19730,335833689,15709142,206858,1311,"",1.00,1.03,1.02,1.03,1.02,1.03,1.00,1.00,"",27,1.8,-355,-1.8,-357,-1.8,-321,-1.6,33781352,11.2,-748678,-4.5,-37569,-15.4,153,13.2
"51685","0","10","70","0","2017","4","",305,3452,3427,3438,44355155,2669340,23419,992,"",1.00,1.00,1.00,1.00,1.00,1.00,1.00,1.00,"",21,7.4,11,0.3,2,0.1,60,1.8,1704004,4.0,-2774,-0.1,-17590,-42.9,31,3.2
"51685","1","10","71","0","2017","4","",3,14,14,14,469381,0,0,2579,"",1.64,0.21,0.21,0.21,0.38,0.00,0.00,1.82,"",0,0.0,2,16.7,2,16.7,2,16.7,54436,13.1,0,0.0,0,0.0,-81,-3.0
"51685","2","10","71","0","2017","4","N",2,0,0,0,0,0,0,0,"N",0.94,0,0,0,0,0,0,0,"N",1,100.0,0,0,0,0,0,0,0,0,0,0,0,0,0,0
"51685","3","10","71","0","2017","4","N",2,0,0,0,0,0,0,0,"N",0.39,0,0,0,0,0,0,0,"N",0,0.0,0,0,0,0,0,0,0,0,0,0,0,0,0,0
"51685","5","10","71","0","2017","4","",298,2728,2688,2674,34573514,2378016,22545,986,"",1.01,0.93,0.92,0.92,0.91,0.92,0.97,0.99,"",20,7.2,6,0.2,-17,-0.6,19,0.7,1350538,4.1,-49330,-2.0,-17583,-43.8,37,3.9
"51690","0","10","70","0","2017","4","",1053,9014,9102,9061,76470460,7331412,110260,649,"",1.00,1.00,1.00,1.00,1.00,1.00,1.00,1.00,"",43,4.3,20,0.2,1,0.0,-43,-0.5,-2006008,-2.6,-11203774,-60.4,-130837,-54.3,-17,-2.6
"51690","1","10","71","0","2017","4","",2,58,60,58,830150,0,0,1088,"",0.32,0.33,0.34,0.33,0.39,0.00,0.00,1.17,"",0,0.0,-2,-3.3,0,0.0,-1,-1.7,6919,0.8,0,0.0,0,0.0,27,2.5
"51690","2","10","71","0","2017","4","",16,173,173,173,1771152,0,0,788,"",2.17,0.60,0.59,0.60,0.71,0.00,0.00,1.19,"",0,0.0,-13,-7.0,-12,-6.5,-8,-4.4,-89905,-4.8,0,0.0,0,0.0,10,1.3
"51690","3","10","71","0","2017","4","",29,1288,1286,1284,11423936,268304,1709,683,"",1.62,1.44,1.42,1.43,1.74,1.85,2.95,1.21,"",0,0.0,22,1.7,14,1.1,21,1.7,261226,2.3,55549,26.1,249,17.1,5,0.7
"51690","5","10","71","0","2017","4","",1006,7495,7583,7546,62445222,7063108,108551,637,"",0.98,0.98,0.98,0.98,0.96,1.00,0.99,0.98,"",43,4.5,13,0.2,-1,0.0,-55,-0.7,-2184248,-3.4,-11259323,-61.5,-131086,-54.7,-21,-3.2
"51700","0","10","70","0","2017","4","",3886,98884,100040,100674,1325893035,60954806,1141847,1021,"",1.00,1.00,1.00,1.00,1.00,1.00,1.00,1.00,"",34,0.9,2612,2.7,2610,2.7,3444,3.5,44035232,3.4,9076121,17.5,133926,13.3,4,0.4
"51700","1","10","71","0","2017","4","",52,5395,5399,5430,87303544,0,0,1242,"",2.23,2.83,2.82,2.80,2.40,0.00,0.00,0.85,"",0,0.0,113,2.1,135,2.6,160,3.0,-875015,-1.0,0,0.0,0,0.0,-45,-3.5
"51700","2","10","71","0","2017","4","",24,1977,1986,2010,21749949,0,0,840,"",0.88,0.62,0.62,0.63,0.50,0.00,0.00,0.81,"",0,0.0,26,1.3,32,1.6,37,1.9,127016,0.6,0,0.0,0,0.0,-9,-1.1
"51700","3","10","71","0","2017","4","",37,9171,9524,9301,97679061,84939,1054,805,"",0.56,0.94,0.96,0.93,0.86,0.07,0.18,0.91,"",0,0.0,389,4.4,413,4.5,494,5.6,185792,0.2,6557,8.4,146,16.1,-38,-4.5
"51700","5","10","71","0","2017","4","",3773,82341,83131,83933,1119160481,60869867,1140793,1036,"",1.00,0.98,0.98,0.98,0.99,1.03,1.01,1.01,"",34,0.9,2084,2.6,2030,2.5,2753,3.4,44597439,4.2,9069564,17.5,133780,13.3,14,1.4
"51710","0","10","70","0","2017","4","",5970,142505,143494,144247,2012386009,91757968,1549513,1079,"",1.00,1.00,1.00,1.00,1.00,1.00,1.00,1.00,"",203,3.5,1343,1.0,1319,0.9,2267,1.6,35047941,1.8,7245578,8.6,-70721,-4.4,6,0.6
"51710","1","10","71","0","2017","4","",74,20241,20414,20555,444576652,0,0,1676,"",2.07,7.38,7.43,7.40,8.04,0.00,0.00,1.09,"",-1,-1.3,-461,-2.2,-438,-2.1,-353,-1.7,3860352,0.9,0,0.0,0,0.0,48,2.9
"51710","2","10","71","0","2017","4","",33,6829,6846,6903,84724454,0,0,950,"",0.79,1.49,1.49,1.50,1.29,0.00,0.00,0.86,"",-1,-2.9,67,1.0,28,0.4,65,1.0,-1545534,-1.8,0,0.0,0,0.0,-25,-2.6
"51710","3","10","71","0","2017","4","",30,12086,12124,12142,127446587,109019,1799,809,"",0.30,0.86,0.85,0.85,0.74,0.06,0.22,0.86,"",-1,-3.2,-306,-2.5,-347,-2.8,-335,-2.7,-6751539,-5.0,-51392,-32.0,-1570,-46.6,-20,-2.4
"51710","5","10","71","0","2017","4","",5833,103349,104110,104647,1355638316,91648949,1547714,1002,"",1.01,0.85,0.85,0.85,0.79,1.03,1.01,0.92,"",206,3.7,2043,2.0,2076,2.0,2890,2.8,39484662,3.0,7296970,8.7,-69151,-4.3,6,0.6
"51720","0","10","70","0","2017","4","",253,3529,3516,3499,33619306,2255702,28546,736,"",1.00,1.00,1.00,1.00,1.00,1.00,1.00,1.00,"",-5,-1.9,-63,-1.8,-79,-2.2,-87,-2.4,189125,0.6,-134862,-5.6,-14752,-34.1,20,2.8
"51720","1","10","71","0","2017","4","",4,100,97,97,1758297,0,0,1380,"",2.64,1.47,1.44,1.44,1.90,0.00,0.00,1.31,"",0,0.0,-5,-4.8,-6,-5.8,-2,-2.0,-166943,-8.7,0,0.0,0,0.0,-67,-4.6
"51720","2","10","71","0","2017","4","",9,43,43,43,447025,0,0,800,"",5.08,0.38,0.38,0.39,0.41,0.00,0.00,1.07,"",2,28.6,6,16.2,6,16.2,5,13.2,99583,28.7,0,0.0,0,0.0,84,11.7
"51720","3","10","71","0","2017","4","",4,270,267,266,2347469,103971,261,675,"",0.93,0.77,0.76,0.77,0.81,2.33,1.74,1.06,"",0,0.0,-6,-2.2,-2,-0.7,-4,-1.5,-101425,-4.1,1697,1.7,-147,-36.0,-18,-2.6
"51720","5","10","71","0","2017","4","",236,3116,3109,3093,29066515,2151731,28285,720,"",0.96,1.04,1.04,1.04,1.01,0.99,1.00,0.97,"",-7,-2.9,-58,-1.8,-77,-2.4,-86,-2.7,357910,1.2,-136559,-6.0,-14605,-34.1,25,3.6
"51730","0","10","70","0","2017","4","",950,12990,13045,13060,136573050,12161889,213106,806,"",1.00,1.00,1.00,1.00,1.00,1.00,1.00,1.00,"",62,7.0,-65,-0.5,26,0.2,43,0.3,5239244,4.0,2759167,29.3,40392,23.4,31,4.0
"51730","1","10","71","0","2017","4","",6,168,169,170,2886184,0,0,1314,"",1.05,0.67,0.68,0.68,0.77,0.00,0.00,1.14,"",-1,-14.3,1,0.6,7,4.3,5,3.0,205159,7.7,0,0.0,0,0.0,62,5.0
"51730","2","10","71","0","2017","4","",21,174,176,179,1962168,0,0,856,"",3.15,0.42,0.42,0.43,0.44,0.00,0.00,1.04,"",1,5.0,-25,-12.6,-24,-12.0,-21,-10.5,-227683,-10.4,0,0.0,0,0.0,12,1.4
"51730","3","10","71","0","2017","4","",33,1759,1790,1791,19132952,992400,16857,827,"",2.04,1.37,1.38,1.39,1.63,4.12,15.03,1.18,"",1,3.1,-81,-4.4,-59,-3.2,-56,-3.0,636234,3.4,797417,409.0,11917,241.2,56,7.3
"51730","5","10","71","0","2017","4","",890,10889,10910,10920,112591746,11169489,196249,794,"",0.97,0.99,0.98,0.98,0.97,0.95,0.93,0.98,"",61,7.4,40,0.4,102,0.9,115,1.1,4625534,4.3,1961750,21.3,28475,17.0,26,3.4
"51735","0","10","70","0","2017","4","",228,1851,1863,1893,15433260,1355953,17232,635,"",1.00,1.00,1.00,1.00,1.00,1.00,1.00,1.00,"",7,3.2,89,5.1,92,5.2,81,4.5,987768,6.8,77155,6.0,-144,-0.8,11,1.8
"51735","2","10","71","0","2017","4","N",1,0,0,0,0,0,0,0,"N",0.63,0,0,0,0,0,0,0,"N",0,0.0,0,0,0,0,0,0,0,0,0,0,0,0,0,0
"51735","3","10","71","0","2017","4","N",2,0,0,0,0,0,0,0,"N",0.52,0,0,0,0,0,0,0,"N",0,0.0,0,0,0,0,0,0,0,0,0,0,0,0,0,0
"51735","5","10","71","0","2017","4","",225,1345,1329,1362,10647204,1355953,17232,609,"",1.02,0.86,0.84,0.85,0.81,1.03,1.01,0.95,"",7,3.2,121,9.9,89,7.2,83,6.5,927942,9.5,77155,6.0,-144,-0.8,10,1.7
"51740","0","10","70","0","2017","4","",1837,43904,44311,44337,626721743,20782081,418811,1091,"",1.00,1.00,1.00,1.00,1.00,1.00,1.00,1.00,"",4,0.2,5,0.0,243,0.6,595,1.4,23677881,3.9,19771,0.1,-78078,-15.7,34,3.2
"51740","1","10","71","0","2017","4","",24,14077,14127,14186,284391219,0,0,1548,"",2.18,16.66,16.66,16.61,16.51,0.00,0.00,0.99,"",-1,-4.0,-91,-0.6,-89,-0.6,77,0.5,15900250,5.9,0,0.0,0,0.0,90,6.2
"51740","2","10","71","0","2017","4","",22,798,805,809,7160247,0,0,685,"",1.71,0.57,0.57,0.57,0.35,0.00,0.00,0.62,"",1,4.8,-50,-5.9,-40,-4.7,-40,-4.7,-404925,-5.4,0,0.0,0,0.0,-2,-0.3
"51740","3","10","71","0","2017","4","",33,4476,4630,4509,56501253,160848,727,958,"",1.06,1.03,1.05,1.03,1.05,0.39,0.33,1.01,"",-1,-2.9,-8,-0.2,131,2.9,-10,-0.2,-343896,-0.6,-13888,-7.9,-2419,-76.9,-14,-1.4
"51740","5","10","71","0","2017","4","",1758,24553,24749,24833,278669024,20621233,418084,867,"",0.99,0.66,0.66,0.66,0.52,1.03,1.00,0.79,"",5,0.3,154,0.6,241,1.0,568,2.3,8526452,3.2,33659,0.2,-75659,-15.3,15,1.8
"51750","0","10","70","0","2017","4","",340,6069,6136,6073,63652783,2810417,42253,804,"",1.00,1.00,1.00,1.00,1.00,1.00,1.00,1.00,"",10,3.0,-64,-1.0,-42,-0.7,-135,-2.2,-1252682,-1.9,-59303,-2.1,-12456,-22.8,-5,-0.6
"51750","1","10","71","0","2017","4","",2,113,110,108,2193398,0,0,1529,"",0.98,0.97,0.94,0.92,1.25,0.00,0.00,1.33,"",0,0.0,-4,-3.4,-5,-4.3,-10,-8.5,-133356,-5.7,0,0.0,0,0.0,-5,-0.3
"51750","2","10","71","0","2017","4","N",9,0,0,0,0,0,0,0,"N",3.78,0,0,0,0,0,0,0,"N",0,0.0,0,0,0,0,0,0,0,0,0,0,0,0,0,0
"51750","3","10","71","0","2017","4","N",23,0,0,0,0,0,0,0,"N",3.98,0,0,0,0,0,0,0,"N",0,0.0,0,0,0,0,0,0,0,0,0,0,0,0,0,0
"51750","5","10","71","0","2017","4","",306,3671,3724,3661,34570260,2810417,42253,722,"",0.93,0.71,0.71,0.71,0.64,1.03,1.01,0.89,"",10,3.4,-48,-1.3,-22,-0.6,-105,-2.8,-1019615,-2.9,-59303,-2.1,-12456,-22.8,-9,-1.2
"51760","0","10","70","0","2017","4","",7773,155279,155695,155255,2385598514,86268201,1426001,1181,"",1.00,1.00,1.00,1.00,1.00,1.00,1.00,1.00,"",234,3.1,366,0.2,-289,-0.2,-97,-0.1,84816174,3.7,2334814,2.8,-246630,-14.7,42,3.7
"51760","1","10","71","0","2017","4","",51,5691,5755,5739,131797500,0,0,1770,"",1.09,1.90,1.93,1.92,2.01,0.00,0.00,1.05,"",0,0.0,-83,-1.4,0,0.0,-109,-1.9,6082381,4.8,0,0.0,0,0.0,100,6.0
"51760","2","10","71","0","2017","4","",111,25845,25890,24909,348324121,0,0,1049,"",2.04,5.19,5.19,5.03,4.47,0.00,0.00,0.87,"",5,4.7,34,0.1,-1,0.0,-455,-1.8,2170183,0.6,0,0.0,0,0.0,12,1.2
"51760","3","10","71","0","2017","4","",56,10250,10259,10337,136098684,237114,4393,1018,"",0.42,0.67,0.66,0.67,0.66,0.14,0.59,0.99,"",0,0.0,232,2.3,166,1.6,207,2.0,8727238,6.9,-2364,-1.0,-877,-16.6,46,4.7
"51760","5","10","71","0","2017","4","",7555,113493,113791,114270,1769378209,86031087,1421608,1195,"",1.00,0.86,0.86,0.87,0.87,1.03,1.00,1.01,"",229,3.1,183,0.2,-454,-0.4,260,0.2,67836372,4.0,2337178,2.8,-245753,-14.7,45,3.9
"51770","0","10","70","0","2017","4","",3354,66474,67413,67645,829724138,42241936,684200,950,"",1.00,1.00,1.00,1.00,1.00,1.00,1.00,1.00,"",94,2.9,-953,-1.4,-792,-1.2,-151,-0.2,-38295192,-4.4,-84602,-0.2,-132463,-16.2,-35,-3.6
"51770","1","10","71","0","2017","4","",30,1519,1503,1544,28784045,0,0,1455,"",1.49,1.19,1.17,1.18,1.26,0.00,0.00,1.07,"",0,0.0,22,1.5,0,0.0,-17,-1.1,597406,2.1,0,0.0,0,0.0,29,2.0
"51770","2","10","71","0","2017","4","",40,1744,1726,1741,18116351,0,0,802,"",1.70,0.82,0.80,0.81,0.67,0.00,0.00,0.83,"",1,2.6,-64,-3.5,-68,-3.8,-80,-4.4,-421623,-2.3,0,0.0,0,0.0,13,1.6
"51770","3","10","71","0","2017","4","",48,4753,4983,4865,56432837,69609,1290,892,"",0.84,0.72,0.74,0.73,0.79,0.08,0.36,1.08,"",1,2.1,24,0.5,-50,-1.0,43,0.9,550160,1.0,-6965,-9.1,308,31.4,8,0.9
"51770","5","10","71","0","2017","4","",3236,58458,59201,59495,726390905,42172327,682910,946,"",0.99,1.04,1.03,1.03,1.03,1.03,1.00,0.99,"",92,2.9,-935,-1.6,-674,-1.1,-97,-0.2,-39021135,-5.1,-77637,-0.2,-132771,-16.3,-42,-4.3
"51775","0","10","70","0","2017","4","",1070,20028,20213,20156,244442067,12530059,160169,934,"",1.00,1.00,1.00,1.00,1.00,1.00,1.00,1.00,"",23,2.2,-77,-0.4,123,0.6,-10,0.0,5775019,2.4,855823,7.3,-31150,-16.3,22,2.4
"51775","1","10","71","0","2017","4","",6,2020,2011,2032,40855025,0,0,1555,"",0.93,5.24,5.20,5.23,6.08,0.00,0.00,1.16,"",0,0.0,-9,-0.4,-12,-0.6,13,0.6,906730,2.3,0,0.0,0,0.0,36,2.4
"51775","2","10","71","0","2017","4","",15,533,532,534,7093406,0,0,1024,"",2.00,0.83,0.82,0.83,0.89,0.00,0.00,1.08,"",1,7.1,-58,-9.8,-61,-10.3,-59,-9.9,-755968,-9.6,0,0.0,0,0.0,5,0.5
"51775","3","10","71","0","2017","4","",29,1602,1631,1619,13671909,0,0,650,"",1.59,0.81,0.81,0.81,0.65,0.00,0.00,0.80,"",-3,-9.4,11,0.7,47,3.0,60,3.8,207576,1.5,0,0.0,0,0.0,-6,-0.9
"51775","5","10","71","0","2017","4","",1020,15873,16039,15971,182821727,12530059,160169,881,"",0.98,0.93,0.93,0.93,0.88,1.03,1.01,0.94,"",25,2.5,-21,-0.1,149,0.9,-24,-0.2,5416681,3.1,855823,7.3,-31150,-16.3,24,2.8
"51790","0","10","70","0","2017","4","",894,11267,11373,11416,103439662,7625135,101815,701,"",1.00,1.00,1.00,1.00,1.00,1.00,1.00,1.00,"",40,4.7,155,1.4,302,2.7,324,2.9,6166439,6.3,444985,6.2,15362,17.8,26,3.9
"51790","1","10","71","0","2017","4","",5,91,92,92,1579260,0,0,1325,"",0.93,0.42,0.42,0.42,0.56,0.00,0.00,1.32,"",0,0.0,0,0.0,-3,-3.2,-3,-3.2,44469,2.9,0,0.0,0,0.0,65,5.2
"51790","2","10","71","0","2017","4","",25,1563,1570,1586,17029469,0,0,833,"",3.99,4.32,4.31,4.36,5.04,0.00,0.00,1.17,"",0,0.0,-32,-2.0,-17,-1.1,-24,-1.5,20159,0.1,0,0.0,0,0.0,14,1.7
"51790","3","10","71","0","2017","4","",38,1033,1039,1034,9802157,352459,2796,728,"",2.50,0.93,0.92,0.92,1.10,2.33,5.22,1.20,"",0,0.0,57,5.8,34,3.4,43,4.3,602445,6.5,-168855,-32.4,-1670,-37.4,14,2.0
"51790","5","10","71","0","2017","4","",826,8580,8672,8704,75028776,7272676,99019,667,"",0.95,0.90,0.90,0.90,0.85,0.99,0.98,0.95,"",40,5.1,130,1.5,288,3.4,308,3.7,5499366,7.9,613840,9.2,17032,20.8,31,4.9
"51800","0","10","70","0","2017","4","",1863,31214,31356,31398,375597546,24669976,422158,922,"",1.00,1.00,1.00,1.00,1.00,1.00,1.00,1.00,"",80,4.5,620,2.0,398,1.3,574,1.9,7678355,2.1,1927714,8.5,33416,8.6,3,0.3
"51800","1","10","71","0","2017","4","",11,1348,1341,1327,30786410,0,0,1769,"",0.98,2.24,2.23,2.19,2.98,0.00,0.00,1.34,"",0,0.0,-1,-0.1,-9,-0.7,-23,-1.7,-1257063,-3.9,0,0.0,0,0.0,-57,-3.1
"51800","2","10","71","0","2017","4","",26,842,839,852,10557770,0,0,962,"",1.99,0.84,0.84,0.85,0.86,0.00,0.00,1.02,"",2,8.3,15,1.8,28,3.5,38,4.7,143156,1.4,0,0.0,0,0.0,-18,-1.8
"51800","3","10","71","0","2017","4","",41,4269,4275,4301,52686334,489912,1471,947,"",1.29,1.38,1.37,1.38,1.63,1.00,0.66,1.18,"",2,5.1,86,2.1,74,1.8,101,2.4,2174945,4.3,268475,121.2,-1622,-52.4,21,2.3
"51800","5","10","71","0","2017","4","",1785,24755,24901,24918,281567032,24180064,420687,871,"",0.99,0.93,0.93,0.93,0.88,1.01,1.00,0.94,"",76,4.4,520,2.1,305,1.2,458,1.9,6617317,2.4,1659239,7.4,35038,9.1,5,0.6
"51810","0","10","70","0","2017","4","",12303,177811,177196,177743,1988692073,135750228,2129236,861,"",1.00,1.00,1.00,1.00,1.00,1.00,1.00,1.00,"",310,2.6,1447,0.8,574,0.3,1438,0.8,70246188,3.7,5349664,4.1,-221713,-9.4,25,3.0
"51810","1","10","71","0","2017","4","",44,6279,6368,6329,109868137,0,0,1336,"",0.60,1.83,1.88,1.85,2.01,0.00,0.00,1.09,"",-1,-2.2,39,0.6,93,1.5,-12,-0.2,1417715,1.3,0,0.0,0,0.0,9,0.7
"51810","2","10","71","0","2017","4","",28,1857,1863,1865,15726291,0,0,650,"",0.32,0.33,0.33,0.33,0.24,0.00,0.00,0.74,"",0,0.0,-85,-4.4,-64,-3.3,-87,-4.5,-1110536,-6.6,0,0.0,0,0.0,-17,-2.5
"51810","3","10","71","0","2017","4","",53,20294,20684,20561,228602018,15580,61,857,"",0.25,1.15,1.18,1.17,1.34,0.01,0.01,1.15,"",0,0.0,341,1.7,292,1.4,155,0.8,14226081,6.6,-118,-0.8,-17,-21.8,43,5.3
"51810","5","10","71","0","2017","4","",12178,149381,148281,148988,1634495627,135734648,2129175,844,"",1.02,0.99,0.99,0.99,0.96,1.03,1.01,0.97,"",311,2.6,1152,0.8,253,0.2,1382,0.9,55712928,3.5,5349782,4.1,-221696,-9.4,23,2.8
"51820","0","10","70","0","2017","4","",762,9644,9760,9680,103191545,7512904,108720,819,"",1.00,1.00,1.00,1.00,1.00,1.00,1.00,1.00,"",31,4.2,39,0.4,-47,-0.5,-109,-1.1,13989357,15.7,-41160,-0.5,-34511,-24.1,114,16.2
"51820","1","10","71","0","2017","4","",2,52,49,46,737271,0,0,1157,"",0.44,0.28,0.26,0.25,0.26,0.00,0.00,0.99,"",0,0.0,3,6.1,2,4.3,-3,-6.1,55629,8.2,0,0.0,0,0.0,72,6.6
"51820","2","10","71","0","2017","4","",9,51,51,52,414210,0,0,621,"",1.69,0.16,0.16,0.17,0.12,0.00,0.00,0.74,"",1,12.5,0,0.0,0,0.0,0,0.0,-10804,-2.5,0,0.0,0,0.0,-16,-2.5
"51820","3","10","71","0","2017","4","",23,975,977,976,8791426,14003,18,693,"",1.78,1.02,1.01,1.02,0.99,0.09,0.03,0.98,"",0,0.0,-8,-0.8,4,0.4,-3,-0.3,67940,0.8,14003,100.0,18,100.0,7,1.0
"51820","5","10","71","0","2017","4","",728,8566,8683,8606,93248638,7498901,108702,832,"",0.98,1.05,1.05,1.05,1.06,1.03,1.01,1.01,"",30,4.3,44,0.5,-53,-0.6,-103,-1.2,13876592,17.5,-55163,-0.7,-34529,-24.1,127,18.0
"51830","0","10","70","0","2017","4","",530,12924,13009,12914,146978620,7581744,136985,873,"",1.00,1.00,1.00,1.00,1.00,1.00,1.00,1.00,"",7,1.3,-84,-0.6,-140,-1.1,-221,-1.7,8811753,6.4,-37172,-0.5,-35697,-20.7,62,7.6
"51830","1","10","71","0","2017","4","",7,156,157,159,2839926,0,0,1388,"",2.20,0.63,0.63,0.64,0.70,0.00,0.00,1.11,"",0,0.0,2,1.3,-1,-0.6,2,1.3,96923,3.5,0,0.0,0,0.0,38,2.8
"51830","2","10","71","0","2017","4","N",23,0,0,0,0,0,0,0,"N",6.19,0,0,0,0,0,0,0,"N",0,0.0,0,0,0,0,0,0,0,0,0,0,0,0,0,0
"51830","3","10","71","0","2017","4","N",20,0,0,0,0,0,0,0,"N",2.22,0,0,0,0,0,0,0,"N",0,0.0,0,0,0,0,0,0,0,0,0,0,0,0,0,0
"51830","5","10","71","0","2017","4","",480,9586,9625,9542,95827794,7574188,136975,769,"",0.93,0.87,0.87,0.87,0.76,1.03,1.01,0.88,"",7,1.5,-115,-1.2,-194,-2.0,-262,-2.7,6111839,6.8,-39036,-0.5,-35697,-20.7,63,8.9
"51840","0","10","70","0","2017","4","",1504,25784,25912,25792,313267248,19017950,294107,933,"",1.00,1.00,1.00,1.00,1.00,1.00,1.00,1.00,"",10,0.7,734,2.9,448,1.8,521,2.1,14337749,4.8,1702047,9.8,4307,1.5,23,2.5
"51840","1","10","71","0","2017","4","",12,1097,1108,1105,25106604,0,0,1750,"",1.33,2.21,2.23,2.22,2.92,0.00,0.00,1.31,"",1,9.1,52,5.0,56,5.3,57,5.4,2097924,9.1,0,0.0,0,0.0,62,3.7
"51840","2","10","71","0","2017","4","",18,187,187,185,2260900,0,0,933,"",1.71,0.23,0.23,0.22,0.22,0.00,0.00,0.98,"",1,5.9,5,2.7,7,3.9,3,1.6,62156,2.8,0,0.0,0,0.0,0,0.0
"51840","3","10","71","0","2017","4","",29,1436,1470,1484,17816989,109978,806,937,"",1.13,0.56,0.57,0.58,0.66,0.29,0.52,1.16,"",2,7.4,-5,-0.3,0,0.0,10,0.7,637598,3.7,18347,20.0,156,24.0,33,3.7
"51840","5","10","71","0","2017","4","",1445,23064,23147,23018,268082755,18907972,293301,894,"",0.99,1.05,1.05,1.05,1.00,1.03,1.00,0.95,"",6,0.4,682,3.0,385,1.7,451,2.0,11540071,4.5,1683700,9.8,4151,1.4,20,2.3
"51999","0","10","70","0","2017","4","",26458,114002,114940,114249,2352786348,144390891,3187798,1582,"",1.00,1.00,1.00,1.00,1.00,1.00,1.00,1.00,"",5136,24.1,9208,8.8,9464,9.0,9240,8.8,244953945,11.6,7118653,5.2,-315810,-9.0,39,2.5
"51999","1","10","71","0","2017","4","",86,1770,1762,1796,41138709,0,0,1782,"",0.54,0.81,0.80,0.82,0.64,0.00,0.00,0.79,"",-1,-1.1,143,8.8,177,11.2,206,13.0,6222063,17.8,0,0.0,0,0.0,104,6.2
"51999","2","10","71","0","2017","4","",9,95,81,100,1407463,0,0,1177,"",0.05,0.03,0.02,0.03,0.02,0.00,0.00,0.73,"N",-3,-25.0,0,0,0,0,0,0,0,0,0,0,0,0,0,0
"51999","3","10","71","0","2017","4","",18,38,40,40,375935,7817,198,735,"",0.04,0.00,0.00,0.00,0.00,0.00,0.01,0.54,"N",11,157.1,0,0,0,0,0,0,0,0,0,0,0,0,0,0
"51999","5","10","71","0","2017","4","",26345,112099,113057,112313,2309864241,144383074,3187600,1580,"",1.03,1.16,1.16,1.16,1.15,1.03,1.01,0.99,"",5129,24.2,9032,8.8,9250,8.9,8998,8.7,238436717,11.5,7112562,5.2,-315998,-9.0,39,2.5
"53000","0","10","50","0","2017","4","",240430,3326947,3312512,3303711,52379663617,13293251480,150832010,1216,"",1.00,1.00,1.00,1.00,1.00,1.00,1.00,1.00,"",-1448,-0.6,72978,2.2,72256,2.2,75802,2.3,3930378725,8.1,920854986,7.4,-6189962,-3.9,66,5.7
"53000","1","10","51","0","2017","4","",1336,75061,74471,74846,1509700334,0,0,1553,"",0.93,1.17,1.17,1.18,1.05,0.00,0.00,0.89,"",-5,-0.4,187,0.2,-229,-0.3,-361,-0.5,63605906,4.4,0,0.0,0,0.0,68,4.6
"53000","2","10","51","0","2017","4","",1080,133285,132977,129860,2131924790,13505,14,1242,"",0.64,1.25,1.25,1.23,1.25,0.00,0.00,1.00,"",23,2.2,-1804,-1.3,-2101,-1.6,-2596,-2.0,64921710,3.1,-1013,-7.0,-153,-91.6,57,4.8
"53000","3","10","51","0","2017","4","",2348,350422,353755,352787,5067304457,163190009,1178970,1106,"",0.57,1.06,1.08,1.08,1.13,0.62,1.49,1.05,"",-9,-0.4,8155,2.4,7507,2.2,8332,2.4,310443433,6.5,18064805,12.4,59955,5.4,43,4.0
"53000","5","10","51","0","2017","4","",235666,2768179,2751309,2746218,43670734036,13130047966,149653026,1219,"",1.01,0.98,0.98,0.98,0.98,1.02,1.00,1.00,"",-1457,-0.6,66440,2.5,67079,2.5,70427,2.6,3491407676,8.7,902791194,7.4,-6249764,-4.0,69,6.0
"53000","8","10","96","0","2017","4","",4764,558768,561203,557493,8708929581,163203514,1178984,1198,"",0.66,1.12,1.13,1.12,1.14,0.38,1.19,1.01,"",9,0.2,6538,1.2,5177,0.9,5375,1.0,438971049,5.3,18063792,12.4,59802,5.3,49,4.3
"53001","0","10","70","0","2017","4","",839,8703,7934,7451,81951289,37397155,508976,785,"",1.00,1.00,1.00,1.00,1.00,1.00,1.00,1.00,"",-11,-1.3,354,4.2,277,3.6,458,6.5,3362203,4.3,1912051,5.4,17396,3.5,-4,-0.5
"53001","1","10","71","0","2017","4","",7,36,37,37,456614,0,0,958,"",1.39,0.21,0.24,0.26,0.20,0.00,0.00,0.85,"",0,0.0,0,0.0,-1,-2.6,4,12.1,23424,5.4,0,0.0,0,0.0,24,2.6
"53001","2","10","71","0","2017","4","",16,58,60,62,802620,0,0,1029,"",2.72,0.21,0.24,0.26,0.30,0.00,0.00,1.29,"",1,6.7,1,1.8,-3,-4.8,0,0.0,24886,3.2,0,0.0,0,0.0,43,4.4
"53001","3","10","71","0","2017","4","",36,1539,1564,1562,16335154,361923,1156,808,"",2.52,1.78,1.99,2.12,2.32,0.49,0.43,1.19,"",-1,-2.7,6,0.4,-2,-0.1,40,2.6,349845,2.2,12817,3.7,-81,-6.5,10,1.3
"53001","5","10","71","0","2017","4","",780,7070,6273,5790,64356901,37035232,507820,776,"",0.96,0.96,0.93,0.91,0.92,1.02,1.00,0.98,"",-11,-1.4,347,5.2,283,4.7,414,7.7,2964048,4.8,1899234,5.4,17477,3.6,-7,-0.9
"53003","0","10","70","0","2017","4","",635,6447,6420,6379,63942553,23563517,276012,767,"",1.00,1.00,1.00,1.00,1.00,1.00,1.00,1.00,"",1,0.2,307,5.0,325,5.3,177,2.9,7501729,13.3,1904370,8.8,-8373,-2.9,61,8.6
"53003","1","10","71","0","2017","4","",7,48,46,49,684656,0,0,1105,"",1.84,0.39,0.37,0.40,0.39,0.00,0.00,1.01,"",0,0.0,-4,-7.7,-5,-9.8,-2,-3.9,-19068,-2.7,0,0.0,0,0.0,50,4.7
"53003","2","10","71","0","2017","4","",19,146,129,115,1538027,0,0,910,"",4.27,0.71,0.63,0.57,0.74,0.00,0.00,1.16,"",1,5.6,7,5.0,-12,-8.5,-2,-1.7,137604,9.8,0,0.0,0,0.0,96,11.8
"53003","3","10","71","0","2017","4","",16,1022,1042,1035,9907303,466898,1020,738,"",1.48,1.60,1.63,1.64,1.80,1.00,0.70,1.11,"",1,6.7,26,2.6,33,3.3,23,2.3,570685,6.1,82421,21.4,-983,-49.1,24,3.4
"53003","5","10","71","0","2017","4","",593,5231,5203,5180,51812567,23096619,274992,766,"",0.96,0.96,0.95,0.96,0.95,1.01,1.00,0.99,"",-1,-0.2,278,5.6,309,6.3,158,3.1,6812508,15.1,1821949,8.6,-7390,-2.6,68,9.7
"53005","0","10","70","0","2017","4","",5762,88740,87441,86605,1201763099,325726765,4396624,1055,"",1.00,1.00,1.00,1.00,1.00,1.00,1.00,1.00,"",-8,-0.1,2139,2.5,1832,2.1,2186,2.6,76496739,6.8,19448028,6.3,-774365,-15.0,43,4.2
"53005","1","10","71","0","2017","4","",31,760,755,770,16934076,0,0,1710,"",0.90,0.44,0.45,0.46,0.51,0.00,0.00,1.13,"",-1,-3.1,-5,-0.7,-7,-0.9,5,0.7,-1490797,-8.1,0,0.0,0,0.0,-145,-7.8
"53005","2","10","71","0","2017","4","",28,1452,1462,1444,18751022,0,0,993,"",0.69,0.51,0.52,0.52,0.48,0.00,0.00,0.92,"",0,0.0,29,2.0,19,1.3,81,5.9,1387198,8.0,0,0.0,0,0.0,45,4.7
"53005","3","10","71","0","2017","4","",68,11136,11138,11112,168945102,2341712,20262,1168,"",0.69,1.27,1.28,1.30,1.63,0.36,0.88,1.28,"",-7,-9.3,201,1.8,113,1.0,84,0.8,9042639,5.7,-406848,-14.8,-10706,-34.6,49,4.4
"53005","5","10","71","0","2017","4","",5635,75392,74086,73279,997132899,323385053,4376362,1033,"",1.01,1.00,1.00,1.00,0.97,1.03,1.00,0.97,"",0,0.0,1914,2.6,1707,2.4,2016,2.8,67557699,7.3,19854876,6.5,-763659,-14.9,45,4.6
"53007","0","10","70","0","2017","4","",3402,45624,42320,40881,438151269,191181015,2593035,785,"",1.00,1.00,1.00,1.00,1.00,1.00,1.00,1.00,"",-47,-1.4,1960,4.5,892,2.2,1024,2.6,37272371,9.3,16514302,9.5,53823,2.1,45,6.1
"53007","1","10","71","0","2017","4","",34,668,558,522,9282201,0,0,1225,"",1.67,0.76,0.69,0.66,0.77,0.00,0.00,1.09,"",1,3.0,9,1.4,-30,-5.1,0,0.0,334121,3.7,0,0.0,0,0.0,58,5.0
"53007","2","10","71","0","2017","4","",29,1079,1075,953,14330828,0,0,1064,"",1.22,0.74,0.79,0.73,1.00,0.00,0.00,1.33,"",2,7.4,-46,-4.1,19,1.8,9,1.0,869261,6.5,0,0.0,0,0.0,70,7.0
"53007","3","10","71","0","2017","4","",62,5347,5335,5288,72646841,4022052,51979,1050,"",1.07,1.18,1.27,1.31,1.93,1.06,3.81,1.54,"",0,0.0,99,1.9,54,1.0,84,1.6,4657249,6.8,97664,2.5,672,1.3,53,5.3
"53007","5","10","71","0","2017","4","",3277,38530,35352,34118,341891399,187158963,2541056,731,"",0.99,0.99,0.98,0.98,0.91,1.01,0.99,0.93,"",-50,-1.5,1898,5.2,849,2.5,931,2.8,31411740,10.1,16416638,9.6,53151,2.1,44,6.4
"53009","0","10","70","0","2017","4","",2410,23043,22917,22667,222909996,79707525,1015118,750,"",1.00,1.00,1.00,1.00,1.00,1.00,1.00,1.00,"",9,0.4,172,0.8,190,0.8,205,0.9,8295459,3.9,4198790,5.6,-83912,-7.6,22,3.0
"53009","1","10","71","0","2017","4","",30,436,413,426,7082770,0,0,1282,"",2.08,0.98,0.94,0.98,1.16,0.00,0.00,1.20,"",-1,-3.2,-2,-0.5,11,2.7,13,3.1,290030,4.3,0,0.0,0,0.0,31,2.5
"53009","2","10","71","0","2017","4","",30,1125,1110,1033,14995384,0,0,1059,"",1.78,1.52,1.51,1.43,2.06,0.00,0.00,1.38,"",0,0.0,-13,-1.1,-6,-0.5,17,1.7,807092,5.7,0,0.0,0,0.0,58,5.8
"53009","3","10","71","0","2017","4","",69,6096,6144,6085,74518884,4897155,57940,938,"",1.68,2.67,2.70,2.71,3.89,3.10,10.85,1.44,"",-2,-2.8,146,2.5,133,2.2,42,0.7,2908925,4.1,111581,2.3,-13187,-18.5,20,2.2
"53009","5","10","71","0","2017","4","",2281,15386,15250,15123,126312958,74810370,957178,637,"",0.98,0.79,0.78,0.79,0.66,0.97,0.95,0.84,"",12,0.5,41,0.3,52,0.3,133,0.9,4289412,3.5,4087209,5.8,-70725,-6.9,19,3.1
"53011","0","10","70","0","2017","4","",14716,157854,158484,158954,2102358806,664045356,7487229,1021,"",1.00,1.00,1.00,1.00,1.00,1.00,1.00,1.00,"",118,0.8,6640,4.4,6779,4.5,7291,4.8,163692331,8.4,63506421,10.6,-209343,-2.7,37,3.8
"53011","1","10","71","0","2017","4","",43,3383,3387,3435,89036456,0,0,2013,"",0.49,1.11,1.12,1.12,1.54,0.00,0.00,1.38,"",0,0.0,131,4.0,139,4.3,136,4.1,15442301,21.0,0,0.0,0,0.0,280,16.2
"53011","2","10","71","0","2017","4","",42,3732,3703,3629,47293859,0,0,986,"",0.41,0.74,0.73,0.72,0.69,0.00,0.00,0.95,"",2,5.0,121,3.4,131,3.7,102,2.9,3175897,7.2,0,0.0,0,0.0,35,3.7
"53011","3","10","71","0","2017","4","",54,19393,19708,19773,254451634,12961631,112302,997,"",0.22,1.24,1.25,1.26,1.41,0.99,2.85,1.13,"",2,3.8,1552,8.7,1688,9.4,1651,9.1,23629494,10.2,8630505,199.3,98742,728.2,10,1.0
"53011","5","10","71","0","2017","4","",14577,131346,131686,132117,1711576857,651083725,7374927,1000,"",1.02,0.98,0.98,0.98,0.95,1.01,0.99,0.97,"",114,0.8,4836,3.8,4821,3.8,5402,4.3,121444639,7.6,54875916,9.2,-308085,-4.0,35,3.6
"53013","0","10","70","0","2017","4","",233,1246,1223,1316,13435988,4016176,49627,819,"",1.00,1.00,1.00,1.00,1.00,1.00,1.00,1.00,"",5,2.2,45,3.7,18,1.5,46,3.6,1138973,9.3,455534,12.8,-3179,-6.0,47,6.1
"53013","1","10","71","0","2017","4","",5,70,69,68,1287650,0,0,1436,"",3.58,2.92,2.95,2.68,3.49,0.00,0.00,1.23,"",0,0.0,-3,-4.1,-1,-1.4,-1,-1.4,-20769,-1.6,0,0.0,0,0.0,12,0.8
"53013","2","10","71","0","2017","4","",12,52,45,40,599129,0,0,1009,"",7.35,1.30,1.15,0.95,1.37,0.00,0.00,1.21,"",0,0.0,-5,-8.8,-11,-19.6,0,0.0,79122,15.2,0,0.0,0,0.0,225,28.7
"53013","3","10","71","0","2017","4","",11,387,396,397,4440020,262362,624,868,"",2.78,3.13,3.26,3.05,3.84,3.30,2.39,1.22,"",0,0.0,1,0.3,13,3.4,15,3.9,583135,15.1,-14588,-5.3,135,27.6,95,12.3
"53013","5","10","71","0","2017","4","",205,737,713,811,7109189,3753814,49003,726,"",0.91,0.70,0.69,0.73,0.62,0.97,0.99,0.88,"",5,2.5,52,7.6,17,2.4,32,4.1,497485,7.5,470122,14.3,-3314,-6.3,20,2.8
"53015","0","10","70","0","2017","4","",2961,38795,38737,38642,470108571,153689754,1985889,934,"",1.00,1.00,1.00,1.00,1.00,1.00,1.00,1.00,"",-64,-2.1,376,1.0,212,0.6,184,0.5,28111062,6.4,10620801,7.4,-63453,-3.1,50,5.7
"53015","1","10","71","0","2017","4","",18,232,220,227,3944672,0,0,1341,"",1.01,0.31,0.30,0.30,0.31,0.00,0.00,1.00,"",-1,-5.3,12,5.5,1,0.5,22,10.7,395840,11.2,0,0.0,0,0.0,69,5.4
"53015","2","10","71","0","2017","4","",22,1120,1107,1077,12461242,0,0,870,"",1.06,0.90,0.89,0.87,0.81,0.00,0.00,0.91,"",1,4.8,23,2.1,38,3.6,21,2.0,796522,6.8,0,0.0,0,0.0,35,4.2
"53015","3","10","71","0","2017","4","",44,4957,4997,4932,59495324,3755189,34521,922,"",0.87,1.29,1.30,1.29,1.47,1.23,3.30,1.14,"",0,0.0,147,3.1,132,2.7,137,2.9,3078504,5.5,117411,3.2,-503,-1.4,22,2.4
"53015","5","10","71","0","2017","4","",2877,32486,32413,32406,394207333,149934565,1951368,935,"",1.00,0.99,0.98,0.99,0.98,1.01,0.99,1.00,"",-64,-2.2,194,0.6,41,0.1,4,0.0,23840196,6.4,10503390,7.5,-62950,-3.1,54,6.1
"53017","0","10","70","0","2017","4","",1235,13221,12208,11807,120572930,57383170,762235,747,"",1.00,1.00,1.00,1.00,1.00,1.00,1.00,1.00,"",-23,-1.8,555,4.4,647,5.6,757,6.9,15130182,14.3,9532298,19.9,60653,8.6,57,8.3
"53017","1","10","71","0","2017","4","",16,267,238,238,5368979,0,0,1668,"",2.16,1.05,1.02,1.05,1.62,0.00,0.00,1.56,"",0,0.0,3,1.1,-12,-4.8,3,1.3,368019,7.4,0,0.0,0,0.0,127,8.2
"53017","2","10","71","0","2017","4","",18,169,165,163,2128307,0,0,988,"",2.08,0.40,0.42,0.43,0.54,0.00,0.00,1.30,"",0,0.0,-87,-34.0,12,7.8,18,12.4,223228,11.7,0,0.0,0,0.0,194,24.4
"53017","3","10","71","0","2017","4","",37,1856,1880,1914,24026369,1676332,8281,981,"",1.76,1.42,1.55,1.64,2.32,1.48,2.06,1.51,"",0,0.0,60,3.3,8,0.4,67,3.6,1205569,5.3,37733,2.3,-4066,-32.9,26,2.7
"53017","5","10","71","0","2017","4","",1164,10929,9925,9492,89049275,55706838,753954,677,"",0.97,0.97,0.96,0.95,0.86,1.00,1.00,0.90,"",-23,-1.9,579,5.6,639,6.9,669,7.6,13333366,17.6,9494565,20.5,64719,9.4,63,10.3
"53019","0","10","70","0","2017","4","",286,1761,1745,1663,16231049,5912464,86944,725,"",1.00,1.00,1.00,1.00,1.00,1.00,1.00,1.00,"",-12,-4.0,-48,-2.7,-124,-6.6,-43,-2.5,-552037,-3.3,-269738,-4.4,-13534,-13.5,6,0.8
"53019","1","10","71","0","2017","4","",12,167,152,144,2645523,0,0,1319,"",7.00,4.93,4.55,4.49,5.93,0.00,0.00,1.27,"",0,0.0,3,1.8,1,0.7,2,1.4,210898,8.7,0,0.0,0,0.0,90,7.3
"53019","2","10","71","0","2017","4","",11,30,29,29,332920,0,0,873,"",5.49,0.53,0.52,0.55,0.63,0.00,0.00,1.18,"",1,10.0,3,11.1,1,3.6,1,3.6,-2705,-0.8,0,0.0,0,0.0,-60,-6.4
"53019","3","10","71","0","2017","4","",40,690,714,670,6712504,1833579,6641,747,"",8.23,3.95,4.12,4.07,4.81,15.67,14.51,1.19,"",0,0.0,-16,-2.3,-18,-2.5,7,1.1,-180080,-2.6,-63385,-3.3,-315,-4.5,-10,-1.3
"53019","5","10","71","0","2017","4","",223,874,850,820,6540102,4078885,80303,593,"",0.80,0.58,0.57,0.58,0.47,0.71,0.93,0.81,"",-13,-5.5,-38,-4.2,-108,-11.3,-53,-6.1,-580150,-8.1,-206353,-4.8,-13219,-14.1,-6,-1.0
"53021","0","10","70","0","2017","4","",2668,34311,32605,31012,341360719,150523212,2106189,804,"",1.00,1.00,1.00,1.00,1.00,1.00,1.00,1.00,"",1,0.0,588,1.7,881,2.8,968,3.2,17926827,5.5,9945241,7.1,-216276,-9.3,22,2.8
"53021","1","10","71","0","2017","4","",16,481,485,485,9136383,0,0,1453,"",1.00,0.73,0.78,0.81,0.97,0.00,0.00,1.26,"",0,0.0,15,3.2,7,1.5,6,1.3,692481,8.2,0,0.0,0,0.0,84,6.1
"53021","2","10","71","0","2017","4","",24,1499,1494,1309,19014957,0,0,1020,"",1.28,1.36,1.43,1.32,1.71,0.00,0.00,1.24,"",1,4.3,-56,-3.6,-130,-8.0,-101,-7.2,293806,1.6,0,0.0,0,0.0,79,8.4
"53021","3","10","71","0","2017","4","",43,4521,4545,4545,54973130,819709,4685,932,"",0.95,1.33,1.40,1.48,1.87,0.28,0.42,1.34,"",1,2.4,190,4.4,166,3.8,169,3.9,3304920,6.4,38672,5.0,-1593,-25.4,21,2.3
"53021","5","10","71","0","2017","4","",2585,27810,26081,24673,258236249,149703503,2101504,759,"",1.00,0.95,0.94,0.94,0.89,1.03,1.00,0.94,"",-1,0.0,439,1.6,838,3.3,894,3.8,13635620,5.6,9906569,7.1,-214683,-9.3,20,2.7
"53023","0","10","70","0","2017","4","",94,695,673,646,7801439,2384659,35021,894,"",1.00,1.00,1.00,1.00,1.00,1.00,1.00,1.00,"",-10,-9.6,-30,-4.1,-28,-4.0,-22,-3.3,534239,7.4,178681,8.1,3497,11.1,93,11.6
"53023","1","10","71","0","2017","4","",6,141,132,123,2249353,0,0,1311,"",10.64,10.54,10.25,9.88,10.49,0.00,0.00,1.03,"",0,0.0,1,0.7,-2,-1.5,3,2.5,85156,3.9,0,0.0,0,0.0,43,3.4
"53023","2","10","71","0","2017","4","",10,19,19,14,178922,0,0,794,"",15.18,0.85,0.88,0.68,0.70,0.00,0.00,0.87,"",0,0.0,-3,-13.6,1,5.6,3,27.3,51427,40.3,0,0.0,0,0.0,217,37.6
"53023","3","10","71","0","2017","4","N",9,0,0,0,0,0,0,0,"N",5.63,0,0,0,0,0,0,0,"N",0,0.0,0,0,0,0,0,0,0,0,0,0,0,0,0,0
"53023","5","10","71","0","2017","4","N",69,0,0,0,0,0,0,0,"N",0.76,0,0,0,0,0,0,0,"N",-10,-12.7,0,0,0,0,0,0,0,0,0,0,0,0,0,0
"53025","0","10","70","0","2017","4","",3216,41183,38013,36360,398102764,168176174,2485304,795,"",1.00,1.00,1.00,1.00,1.00,1.00,1.00,1.00,"",-69,-2.1,965,2.4,1030,2.8,1125,3.2,18060696,4.8,9839470,6.2,-124013,-4.8,15,1.9
"53025","1","10","71","0","2017","4","",27,778,762,766,14768635,0,0,1478,"",1.40,0.98,1.05,1.09,1.35,0.00,0.00,1.30,"",0,0.0,11,1.4,-3,-0.4,-4,-0.5,48336,0.3,0,0.0,0,0.0,2,0.1
"53025","2","10","71","0","2017","4","",24,771,744,632,8421130,0,0,905,"",1.07,0.58,0.61,0.55,0.65,0.00,0.00,1.12,"",1,4.3,43,5.9,22,3.0,-10,-1.6,408328,5.1,0,0.0,0,0.0,21,2.4
"53025","3","10","71","0","2017","4","",101,6710,6776,6814,86654925,2741270,44323,985,"",1.85,1.64,1.80,1.89,2.53,0.82,3.39,1.43,"",2,2.0,150,2.3,149,2.2,169,2.5,3818063,4.6,394483,16.8,6405,16.9,21,2.2
"53025","5","10","71","0","2017","4","",3064,32924,29731,28148,288258074,165434904,2440981,733,"",0.98,0.94,0.92,0.91,0.85,1.02,0.99,0.92,"",-72,-2.3,761,2.4,862,3.0,970,3.6,13785969,5.0,9444987,6.1,-130418,-5.1,15,2.1
"53027","0","10","70","0","2017","4","",2376,23127,22968,22870,232845928,86882839,1105064,779,"",1.00,1.00,1.00,1.00,1.00,1.00,1.00,1.00,"",-69,-2.8,763,3.4,623,2.8,628,2.8,16239117,7.5,9427636,12.2,-5255,-0.5,32,4.3
"53027","1","10","71","0","2017","4","",32,177,171,176,2201713,0,0,970,"",2.25,0.40,0.39,0.40,0.34,0.00,0.00,0.87,"",0,0.0,-4,-2.2,-6,-3.4,-2,-1.1,29138,1.3,0,0.0,0,0.0,35,3.7
"53027","2","10","71","0","2017","4","",27,1224,1206,1158,16579226,0,0,1066,"",1.62,1.65,1.64,1.59,2.18,0.00,0.00,1.34,"",1,3.8,40,3.4,27,2.3,21,1.8,1258822,8.2,0,0.0,0,0.0,56,5.5
"53027","3","10","71","0","2017","4","",77,5127,5238,5213,60446978,7764987,28676,895,"",1.91,2.24,2.30,2.30,3.02,4.51,4.93,1.32,"",-7,-8.3,76,1.5,68,1.3,57,1.1,1707416,2.9,532918,7.4,4104,16.7,13,1.5
"53027","5","10","71","0","2017","4","",2240,16599,16353,16323,153618011,79117852,1076388,719,"",0.97,0.84,0.84,0.84,0.77,0.94,0.98,0.92,"",-63,-2.7,651,4.1,534,3.4,552,3.5,13243741,9.4,8894718,12.7,-9359,-0.9,38,5.6
"53029","0","10","70","0","2017","4","",2013,16396,16369,16423,168059023,66490199,568182,788,"",1.00,1.00,1.00,1.00,1.00,1.00,1.00,1.00,"",-10,-0.5,417,2.6,234,1.5,348,2.2,12673686,8.2,5218360,8.5,-44518,-7.3,44,5.9
"53029","1","10","71","0","2017","4","",20,1319,1336,1339,19514110,0,0,1128,"",1.66,4.18,4.26,4.23,4.22,0.00,0.00,1.00,"",-1,-4.8,-18,-1.3,-7,-0.5,-26,-1.9,213737,1.1,0,0.0,0,0.0,27,2.5
"53029","2","10","71","0","2017","4","",17,278,274,235,2771057,0,0,813,"",1.21,0.53,0.52,0.45,0.51,0.00,0.00,1.01,"",1,6.2,-24,-7.9,-27,-9.0,-22,-8.6,69887,2.6,0,0.0,0,0.0,88,12.1
"53029","3","10","71","0","2017","4","",29,3002,3036,3063,40978067,7325192,31346,1039,"",0.85,1.85,1.87,1.88,2.84,5.57,10.48,1.52,"",-1,-3.3,64,2.2,0,0.0,85,2.9,3053460,8.1,145480,2.0,2095,7.2,61,6.2
"53029","5","10","71","0","2017","4","",1947,11797,11723,11786,104795789,59165007,536836,685,"",1.00,0.85,0.84,0.84,0.73,0.92,0.95,0.86,"",-9,-0.5,395,3.5,268,2.3,311,2.7,9336602,9.8,5072880,9.4,-46613,-8.0,43,6.7
"53031","0","10","70","0","2017","4","",1113,8754,8590,8587,87210271,31580177,348798,776,"",1.00,1.00,1.00,1.00,1.00,1.00,1.00,1.00,"",-12,-1.1,304,3.6,164,1.9,169,2.0,6319323,7.8,1801330,6.0,-45748,-11.6,38,5.1
"53031","1","10","71","0","2017","4","",12,184,178,181,2946406,0,0,1252,"",1.80,1.09,1.08,1.09,1.23,0.00,0.00,1.13,"",0,0.0,12,7.0,11,6.6,9,5.2,153540,5.5,0,0.0,0,0.0,-9,-0.7
"53031","2","10","71","0","2017","4","",21,264,251,241,3396909,0,0,1037,"",2.69,0.94,0.91,0.88,1.19,0.00,0.00,1.31,"",2,10.5,8,3.1,-2,-0.8,11,4.8,184163,5.7,0,0.0,0,0.0,34,3.4
"53031","3","10","71","0","2017","4","",22,2036,2036,2059,27982821,1176175,16192,1053,"",1.16,2.35,2.39,2.42,3.73,1.88,8.82,1.56,"",0,0.0,116,6.0,66,3.4,98,5.0,2324594,9.1,-86393,-6.8,4939,43.9,41,4.1
"53031","5","10","71","0","2017","4","",1058,6270,6125,6106,52884135,30404002,332606,660,"",0.98,0.84,0.84,0.84,0.71,1.00,0.96,0.85,"",-14,-1.3,168,2.8,89,1.5,51,0.8,3657026,7.4,1887723,6.6,-50687,-13.2,36,5.8
"53033","0","10","70","0","2017","4","",86841,1364503,1370441,1377356,28163934204,5616606334,58033970,1580,"",1.00,1.00,1.00,1.00,1.00,1.00,1.00,1.00,"",-214,-0.2,38144,2.9,37920,2.8,38695,2.9,2543260191,9.9,342490793,6.5,-3203801,-5.2,101,6.8
"53033","1","10","71","0","2017","4","",204,20012,19898,19985,436114397,0,0,1680,"",0.39,0.76,0.76,0.75,0.56,0.00,0.00,0.74,"",2,1.0,-10,0.0,-131,-0.7,-385,-1.9,11193049,2.6,0,0.0,0,0.0,57,3.5
"53033","2","10","71","0","2017","4","",72,48231,48270,47233,859340517,0,0,1380,"",0.12,1.10,1.10,1.08,0.93,0.00,0.00,0.86,"",-1,-1.4,-2017,-4.0,-2226,-4.4,-2567,-5.2,-5888004,-0.7,0,0.0,0,0.0,54,4.1
"53033","3","10","71","0","2017","4","",269,100695,101200,100941,1742765157,20272624,92713,1328,"",0.18,0.74,0.74,0.74,0.72,0.18,0.30,0.97,"",-1,-0.4,2268,2.3,1814,1.8,2197,2.2,117806845,7.2,1924900,10.5,-9091,-8.9,64,5.1
"53033","5","10","71","0","2017","4","",86296,1195565,1201073,1209197,25125714133,5596333710,57941257,1608,"",1.02,1.03,1.03,1.03,1.04,1.03,1.01,1.01,"",-214,-0.2,37903,3.3,38463,3.3,39450,3.4,2420148301,10.7,340565893,6.5,-3194710,-5.2,107,7.1
"53035","0","10","70","0","2017","4","",6650,87956,88316,88331,1156942652,273645199,2791555,1009,"",1.00,1.00,1.00,1.00,1.00,1.00,1.00,1.00,"",-41,-0.6,1167,1.3,1136,1.3,1074,1.2,59852503,5.5,20338502,8.0,-213583,-7.1,40,4.1
"53035","1","10","71","0","2017","4","",61,19194,19290,19377,409740886,0,0,1634,"",1.53,11.34,11.41,11.39,12.88,0.00,0.00,1.13,"",-1,-1.6,28,0.1,71,0.4,144,0.7,16381711,4.2,0,0.0,0,0.0,59,3.7
"53035","2","10","71","0","2017","4","",35,1862,1864,1825,23058809,13505,14,959,"",0.75,0.66,0.66,0.65,0.61,0.00,0.00,0.93,"",0,0.0,2,0.1,15,0.8,28,1.6,1656053,7.7,-1013,-7.0,-153,-91.6,62,6.9
"53035","3","10","71","0","2017","4","",55,11209,11387,11441,145844154,10278813,73046,989,"",0.49,1.29,1.30,1.31,1.47,1.90,4.97,1.13,"",1,1.9,11,0.1,23,0.2,31,0.3,7098050,5.1,1888830,22.5,7441,11.3,47,5.0
"53035","5","10","71","0","2017","4","",6499,55691,55775,55688,578298803,263352881,2718495,798,"",1.01,0.75,0.74,0.74,0.59,0.99,0.98,0.79,"",-41,-0.6,1126,2.1,1027,1.9,871,1.6,34716689,6.4,18450685,7.5,-220871,-7.5,34,4.5
"53037","0","10","70","0","2017","4","",1414,15344,14969,14554,159599632,58393033,785978,821,"",1.00,1.00,1.00,1.00,1.00,1.00,1.00,1.00,"",-18,-1.3,496,3.3,267,1.8,628,4.5,11819292,8.0,5368182,10.1,-29738,-3.6,37,4.7
"53037","1","10","71","0","2017","4","",17,168,139,125,2506148,0,0,1339,"",2.00,0.57,0.49,0.45,0.57,0.00,0.00,1.14,"",0,0.0,13,8.4,4,3.0,-2,-1.6,289470,13.1,0,0.0,0,0.0,112,9.1
"53037","2","10","71","0","2017","4","",23,1588,1540,1531,32426292,0,0,1606,"",2.32,3.22,3.21,3.30,6.22,0.00,0.00,1.92,"",1,4.5,79,5.2,-35,-2.2,16,1.1,1815869,5.9,0,0.0,0,0.0,70,4.6
"53037","3","10","71","0","2017","4","",35,2279,2356,2368,29204644,694409,15380,962,"",1.46,1.50,1.58,1.64,2.13,0.60,3.72,1.35,"",0,0.0,-2,-0.1,51,2.2,60,2.6,1242297,4.4,-33376,-4.6,-209,-1.3,26,2.8
"53037","5","10","71","0","2017","4","",1339,11309,10934,10530,95462548,57698624,770598,672,"",0.98,0.87,0.86,0.85,0.70,1.02,0.99,0.81,"",-19,-1.4,406,3.7,247,2.3,554,5.6,8471656,9.7,5401558,10.3,-29529,-3.7,36,5.7
"53039","0","10","70","0","2017","4","",770,7347,7028,6902,92658904,32419046,490746,1005,"",1.00,1.00,1.00,1.00,1.00,1.00,1.00,1.00,"",-2,-0.3,-93,-1.2,29,0.4,171,2.5,7534966,8.9,-639835,-1.9,-15599,-3.1,77,8.3
"53039","1","10","71","0","2017","4","",19,90,83,76,1120028,0,0,1038,"",4.11,0.64,0.62,0.57,0.44,0.00,0.00,0.72,"",0,0.0,6,7.1,7,9.2,-3,-3.8,142804,14.6,0,0.0,0,0.0,94,10.0
"53039","2","10","71","0","2017","4","",15,136,130,122,1781215,0,0,1059,"",2.78,0.58,0.58,0.55,0.59,0.00,0.00,1.03,"",-1,-6.2,-79,-36.7,7,5.7,2,1.7,101768,6.1,0,0.0,0,0.0,213,25.2
"53039","3","10","71","0","2017","4","",40,1531,1577,1592,17810382,3992004,14633,874,"",3.06,2.10,2.26,2.33,2.24,6.22,5.67,1.00,"",0,0.0,59,4.0,90,6.1,112,7.6,913702,5.4,57928,1.5,126,0.9,-4,-0.5
"53039","5","10","71","0","2017","4","",696,5590,5238,5112,71947279,28427042,476113,1042,"",0.93,0.90,0.88,0.87,0.91,0.91,0.98,1.03,"",-1,-0.1,-79,-1.4,-75,-1.4,60,1.2,6376692,9.7,-697763,-2.4,-15725,-3.2,98,10.4
"53041","0","10","70","0","2017","4","",2398,26054,26145,25956,275876228,104684593,1282644,815,"",1.00,1.00,1.00,1.00,1.00,1.00,1.00,1.00,"",-16,-0.7,1067,4.3,968,3.8,1102,4.4,24015770,9.5,12303641,13.3,-45777,-3.4,40,5.2
"53041","1","10","71","0","2017","4","",35,233,202,200,3685841,0,0,1339,"",2.43,0.46,0.40,0.40,0.49,0.00,0.00,1.15,"",0,0.0,1,0.4,-10,-4.7,4,2.0,121972,3.4,0,0.0,0,0.0,54,4.2
"53041","2","10","71","0","2017","4","",29,1204,1200,1087,13218870,0,0,874,"",1.73,1.44,1.43,1.31,1.47,0.00,0.00,1.05,"",0,0.0,27,2.3,34,2.9,23,2.2,606205,4.8,0,0.0,0,0.0,20,2.3
"53041","3","10","71","0","2017","4","",69,3800,3924,3881,42587674,1601960,17767,847,"",1.69,1.47,1.51,1.51,1.80,0.77,2.63,1.20,"",-1,-1.4,12,0.3,36,0.9,38,1.0,2388117,5.9,411567,34.6,1281,7.8,42,5.2
"53041","5","10","71","0","2017","4","",2265,20817,20819,20788,216383843,103082633,1264877,800,"",0.97,0.94,0.94,0.94,0.92,1.02,0.99,0.98,"",-15,-0.7,1027,5.2,908,4.6,1037,5.3,20899476,10.7,11892074,13.0,-47058,-3.6,41,5.4
"53043","0","10","70","0","2017","4","",519,2792,2811,2773,25064245,7888635,111546,691,"",1.00,1.00,1.00,1.00,1.00,1.00,1.00,1.00,"",-14,-2.6,66,2.4,131,4.9,26,0.9,1267692,5.3,637636,8.8,2651,2.4,17,2.5
"53043","1","10","71","0","2017","4","",12,59,58,55,637069,0,0,855,"",3.85,1.10,1.08,1.03,0.92,0.00,0.00,0.87,"",-1,-7.7,3,5.4,-1,-1.7,-3,-5.2,-11734,-1.8,0,0.0,0,0.0,-10,-1.2
"53043","2","10","71","0","2017","4","",12,40,44,44,572748,0,0,1033,"",3.30,0.45,0.49,0.50,0.70,0.00,0.00,1.47,"",1,9.1,-4,-9.1,-3,-6.4,-4,-8.3,-4083,-0.7,0,0.0,0,0.0,75,7.8
"53043","3","10","71","0","2017","4","",29,1083,1139,1157,10646590,287425,4321,727,"",3.29,3.91,4.08,4.22,4.94,1.84,7.36,1.21,"",0,0.0,-3,-0.3,54,5.0,15,1.3,424245,4.2,-12177,-4.1,-220,-4.8,15,2.1
"53043","5","10","71","0","2017","4","",466,1610,1570,1517,13207838,7601210,107225,649,"",0.93,0.68,0.66,0.64,0.62,1.00,0.97,0.93,"",-14,-2.9,70,4.5,81,5.4,18,1.2,859264,7.0,649813,9.3,2871,2.8,20,3.2
"53045","0","10","70","0","2017","4","",1371,14725,14835,14424,150309785,51110547,588291,789,"",1.00,1.00,1.00,1.00,1.00,1.00,1.00,1.00,"",43,3.2,163,1.1,271,1.9,267,1.9,11315032,8.1,2839654,5.9,-62872,-9.7,48,6.5
"53045","1","10","71","0","2017","4","",12,68,66,67,1034497,0,0,1188,"",1.46,0.24,0.23,0.24,0.25,0.00,0.00,1.05,"",0,0.0,3,4.6,-2,-2.9,0,0.0,65050,6.7,0,0.0,0,0.0,69,6.2
"53045","2","10","71","0","2017","4","",29,1115,1085,1087,16391361,0,0,1151,"",3.02,2.36,2.28,2.36,3.34,0.00,0.00,1.43,"",2,7.4,18,1.6,-4,-0.4,5,0.5,1500211,10.1,0,0.0,0,0.0,99,9.4
"53045","3","10","71","0","2017","4","",45,4517,4531,4564,56646744,2420477,39915,960,"",1.93,3.10,3.08,3.20,4.38,2.39,12.89,1.40,"",-1,-2.2,61,1.4,43,1.0,58,1.3,3268286,6.1,-87988,-3.5,-6371,-13.8,44,4.8
"53045","5","10","71","0","2017","4","",1285,9025,9153,8706,76237183,48690070,548376,654,"",0.97,0.72,0.73,0.71,0.59,0.98,0.94,0.82,"",42,3.4,81,0.9,234,2.6,204,2.4,6481485,9.3,2927642,6.4,-56501,-9.3,43,7.0
"53047","0","10","70","0","2017","4","",1912,18525,16220,15887,144677899,62918001,877298,659,"",1.00,1.00,1.00,1.00,1.00,1.00,1.00,1.00,"",-62,-3.1,-451,-2.4,-987,-5.7,-284,-1.8,5610514,4.0,2207216,3.6,-29569,-3.3,46,7.5
"53047","1","10","71","0","2017","4","",35,455,395,368,6645636,0,0,1259,"",3.05,1.28,1.27,1.20,1.67,0.00,0.00,1.34,"",-1,-2.8,1,0.2,-26,-6.2,-25,-6.4,29986,0.5,0,0.0,0,0.0,55,4.6
"53047","2","10","71","0","2017","4","",23,399,344,287,4299317,0,0,963,"",1.72,0.67,0.66,0.57,0.91,0.00,0.00,1.43,"",1,4.5,21,5.6,6,1.8,-22,-7.1,148141,3.6,0,0.0,0,0.0,28,3.0
"53047","3","10","71","0","2017","4","",137,4220,4256,4309,47805743,4142017,74237,863,"",4.22,2.30,2.64,2.74,3.84,3.33,16.08,1.51,"",1,0.7,13,0.3,17,0.4,84,2.0,2208647,4.8,180477,4.6,5995,8.8,33,4.0
"53047","5","10","71","0","2017","4","",1717,13451,11225,10923,85927203,58775984,803061,557,"",0.93,0.85,0.81,0.81,0.70,0.97,0.92,0.84,"",-63,-3.5,-486,-3.5,-984,-8.1,-321,-2.9,3223740,3.9,2026739,3.6,-35564,-4.2,47,9.2
"53049","0","10","70","0","2017","4","",814,6405,6368,6247,59342483,24083320,317322,720,"",1.00,1.00,1.00,1.00,1.00,1.00,1.00,1.00,"",-31,-3.7,-98,-1.5,-22,-0.3,-138,-2.2,3177282,5.7,922974,4.0,-34263,-9.7,48,7.1
"53049","1","10","71","0","2017","4","",17,57,57,57,777158,0,0,1049,"",3.48,0.46,0.47,0.47,0.48,0.00,0.00,1.02,"",0,0.0,-3,-5.0,-2,-3.4,-3,-5.0,18951,2.5,0,0.0,0,0.0,72,7.4
"53049","2","10","71","0","2017","4","",18,258,246,240,3271806,0,0,1015,"",3.16,1.25,1.21,1.20,1.69,0.00,0.00,1.38,"",1,5.9,-6,-2.3,-7,-2.8,3,1.3,203961,6.6,0,0.0,0,0.0,76,8.1
"53049","3","10","71","0","2017","4","",35,1555,1566,1552,18898196,1797117,12014,933,"",2.53,2.45,2.48,2.51,3.70,3.77,7.19,1.49,"",-1,-2.8,40,2.6,31,2.0,31,2.0,890841,4.9,-12214,-0.7,1028,9.4,24,2.6
"53049","5","10","71","0","2017","4","",744,4535,4499,4398,36395323,22286203,305308,625,"",0.94,0.83,0.83,0.83,0.72,0.96,0.97,0.86,"",-31,-4.0,-129,-2.8,-44,-1.0,-169,-3.7,2063529,6.0,935188,4.4,-35291,-10.4,50,8.7
"53051","0","10","70","0","2017","4","",391,3077,3071,3057,38763205,6380878,94859,972,"",1.00,1.00,1.00,1.00,1.00,1.00,1.00,1.00,"",-3,-0.8,10,0.3,-1,0.0,-2,-0.1,1647856,4.4,13691,0.2,-5938,-5.9,41,4.4
"53051","1","10","71","0","2017","4","",10,116,101,96,1851951,0,0,1365,"",4.26,1.96,1.72,1.63,1.74,0.00,0.00,0.98,"",0,0.0,-1,-0.9,-7,-6.5,-3,-3.0,98178,5.6,0,0.0,0,0.0,116,9.3
"53051","2","10","71","0","2017","4","",9,27,30,30,365602,0,0,970,"",3.29,0.27,0.30,0.31,0.29,0.00,0.00,0.98,"",0,0.0,-3,-10.0,-4,-11.8,-4,-11.8,-52075,-12.5,0,0.0,0,0.0,-14,-1.4
"53051","3","10","71","0","2017","4","",28,1399,1409,1394,19091077,365803,1361,1048,"",4.21,4.59,4.62,4.61,5.73,2.90,2.73,1.24,"",0,0.0,44,3.2,42,3.1,14,1.0,1301892,7.3,11394,3.2,-232,-14.6,47,4.7
"53051","5","10","71","0","2017","4","",344,1535,1531,1537,17454575,6015075,93498,875,"",0.91,0.59,0.59,0.59,0.53,0.97,0.99,0.90,"",-3,-0.9,-30,-1.9,-32,-2.0,-9,-0.6,299861,1.7,2297,0.0,-5706,-5.8,28,3.3
"53053","0","10","70","0","2017","4","",21879,304807,306891,307178,3892589311,1202215025,13986626,978,"",1.00,1.00,1.00,1.00,1.00,1.00,1.00,1.00,"",-166,-0.8,5467,1.8,5269,1.7,5681,1.9,250946538,6.9,84188372,7.5,-596362,-4.1,47,5.0
"53053","1","10","71","0","2017","4","",108,11749,11732,11828,206361168,0,0,1349,"",0.82,2.00,2.00,2.00,1.93,0.00,0.00,0.96,"",0,0.0,-252,-2.1,-263,-2.2,-289,-2.4,4588584,2.3,0,0.0,0,0.0,60,4.7
"53053","2","10","71","0","2017","4","",67,11060,11026,10886,159936822,0,0,1119,"",0.44,1.13,1.12,1.11,1.26,0.00,0.00,1.12,"",2,3.1,487,4.6,393,3.7,403,3.8,14904705,10.3,0,0.0,0,0.0,63,6.0
"53053","3","10","71","0","2017","4","",99,35359,36014,35711,545696947,16796421,88995,1176,"",0.27,1.17,1.18,1.17,1.63,0.71,1.21,1.39,"",-2,-2.0,392,1.1,632,1.8,725,2.1,28876048,5.6,1056343,6.7,-13094,-12.8,44,3.9
"53053","5","10","71","0","2017","4","",21605,246639,248119,248753,2980594374,1185418604,13897631,925,"",1.02,0.95,0.95,0.95,0.90,1.02,1.00,0.94,"",-166,-0.8,4840,2.0,4507,1.9,4842,2.0,202577201,7.3,83132029,7.5,-583268,-4.0,46,5.2
"53055","0","10","70","0","2017","4","",984,5819,5489,5452,51302722,25632233,266049,706,"",1.00,1.00,1.00,1.00,1.00,1.00,1.00,1.00,"",-9,-0.9,272,4.9,77,1.4,170,3.2,2898179,6.0,2967329,13.1,1494,0.6,18,2.6
"53055","1","10","71","0","2017","4","",11,57,52,53,764661,0,0,1089,"",1.86,0.51,0.50,0.50,0.54,0.00,0.00,1.08,"",0,0.0,-2,-3.4,-7,-11.9,-6,-10.2,-78040,-9.3,0,0.0,0,0.0,-10,-0.9
"53055","2","10","71","0","2017","4","",10,87,80,79,711340,0,0,667,"",1.45,0.47,0.45,0.45,0.42,0.00,0.00,0.93,"",0,0.0,-5,-5.4,-6,-7.0,-2,-2.5,19719,2.9,0,0.0,0,0.0,51,8.3
"53055","3","10","71","0","2017","4","",26,668,684,676,8212392,447423,3168,935,"",1.55,1.16,1.25,1.25,1.86,0.88,2.26,1.53,"",0,0.0,-9,-1.3,5,0.7,22,3.4,392796,5.0,28213,6.7,-197,-5.9,37,4.1
"53055","5","10","71","0","2017","4","",937,5007,4673,4644,41614329,25184810,262881,670,"",0.98,1.01,1.00,1.00,0.95,1.02,0.99,0.94,"",-9,-1.0,288,6.1,85,1.9,156,3.5,2563704,6.6,2939116,13.2,1691,0.6,17,2.6
"53057","0","10","70","0","2017","4","",4043,51556,50465,50110,612841462,209025347,2715565,930,"",1.00,1.00,1.00,1.00,1.00,1.00,1.00,1.00,"",-30,-0.7,1132,2.2,998,2.0,484,1.0,51442755,9.2,16072066,8.3,56010,2.1,64,7.4
"53057","1","10","71","0","2017","4","",29,424,361,362,6060416,0,0,1219,"",1.20,0.43,0.37,0.38,0.36,0.00,0.00,0.92,"",0,0.0,9,2.2,-22,-5.7,-9,-2.4,316214,5.5,0,0.0,0,0.0,85,7.5
"53057","2","10","71","0","2017","4","",27,1354,1324,1183,16469534,0,0,984,"",0.95,0.82,0.82,0.74,0.82,0.00,0.00,1.04,"",1,3.8,47,3.6,19,1.5,0,0.0,1278959,8.4,0,0.0,0,0.0,60,6.5
"53057","3","10","71","0","2017","4","",79,9581,9722,9735,132406673,6019693,16292,1052,"",1.15,1.88,1.94,1.96,2.51,1.45,1.14,1.30,"",-2,-2.5,66,0.7,93,1.0,139,1.4,5538996,4.4,15760,0.3,-2714,-14.3,33,3.2
"53057","5","10","71","0","2017","4","",3908,40197,39058,38830,457904839,203005654,2699273,895,"",1.00,0.92,0.91,0.91,0.88,1.00,1.00,0.96,"",-29,-0.7,1010,2.6,908,2.4,354,0.9,44308586,10.7,16056306,8.6,58724,2.2,71,8.6
"53059","0","10","70","0","2017","4","",270,2111,2036,2018,19197912,7769980,90677,719,"",1.00,1.00,1.00,1.00,1.00,1.00,1.00,1.00,"",-6,-2.2,-148,-6.6,-115,-5.3,-106,-5.0,61140,0.3,69326,0.9,-16054,-15.0,43,6.4
"53059","1","10","71","0","2017","4","",11,114,108,103,1718057,0,0,1220,"",6.79,2.81,2.77,2.65,3.26,0.00,0.00,1.19,"",0,0.0,5,4.6,2,1.9,-1,-1.0,153447,9.8,0,0.0,0,0.0,88,7.8
"53059","2","10","71","0","2017","4","",11,24,22,21,289454,0,0,997,"",5.81,0.35,0.34,0.33,0.46,0.00,0.00,1.36,"",1,10.0,-14,-36.8,-9,-29.0,-9,-30.0,-130810,-31.1,0,0.0,0,0.0,17,1.7
"53059","3","10","71","0","2017","4","",19,452,453,461,5198487,115599,360,878,"",4.14,2.16,2.24,2.31,3.15,0.75,0.75,1.41,"",1,5.6,-8,-1.7,-7,-1.5,-4,-0.9,248085,5.0,-29181,-20.2,-910,-71.7,53,6.4
"53059","5","10","71","0","2017","4","",229,1521,1453,1433,11991914,7654381,90317,628,"",0.87,0.85,0.84,0.84,0.73,1.02,1.00,0.87,"",-8,-3.4,-131,-7.9,-101,-6.5,-92,-6.0,-209582,-1.7,98507,1.3,-15144,-14.4,33,5.5
"53061","0","10","70","0","2017","4","",20788,283033,284695,286052,4227114866,1100331567,11320682,1143,"",1.00,1.00,1.00,1.00,1.00,1.00,1.00,1.00,"",-103,-0.5,-1234,-0.4,-533,-0.2,774,0.3,104278553,2.5,64610221,6.2,-991641,-8.1,30,2.7
"53061","1","10","71","0","2017","4","",63,2113,2089,2103,37779118,0,0,1383,"",0.51,0.39,0.38,0.38,0.33,0.00,0.00,0.85,"",-2,-3.1,15,0.7,-41,-1.9,-53,-2.5,1352095,3.7,0,0.0,0,0.0,66,5.0
"53061","2","10","71","0","2017","4","",44,5945,5940,5681,85327648,0,0,1121,"",0.30,0.65,0.65,0.62,0.62,0.00,0.00,0.96,"",1,2.3,58,1.0,63,1.1,-63,-1.1,5447554,6.8,0,0.0,0,0.0,68,6.5
"53061","3","10","71","0","2017","4","",141,31886,32195,32209,487315574,12906426,51946,1168,"",0.40,1.14,1.14,1.14,1.34,0.59,0.87,1.18,"",0,0.0,776,2.5,561,1.8,753,2.4,31024395,6.8,814571,6.7,6663,14.7,50,4.5
"53061","5","10","71","0","2017","4","",20540,243089,244471,246059,3616692526,1087425141,11268736,1138,"",1.02,1.01,1.01,1.01,1.00,1.02,1.00,0.99,"",-102,-0.5,-2083,-0.8,-1116,-0.5,137,0.1,66454509,1.9,63795650,6.2,-998304,-8.1,26,2.3
"53063","0","10","70","0","2017","4","",15705,220803,221293,220489,2645828438,873334862,10907539,922,"",1.00,1.00,1.00,1.00,1.00,1.00,1.00,1.00,"",-89,-0.6,2711,1.2,2674,1.2,2871,1.3,147481893,5.9,49849023,6.1,-404697,-3.6,41,4.7
"53063","1","10","71","0","2017","4","",112,4642,4662,4741,86409729,0,0,1420,"",1.19,1.09,1.10,1.12,1.19,0.00,0.00,1.08,"",0,0.0,24,0.5,17,0.4,-22,-0.5,4644149,5.7,0,0.0,0,0.0,75,5.6
"53063","2","10","71","0","2017","4","",57,8862,8872,8908,135893904,0,0,1177,"",0.52,1.25,1.25,1.27,1.57,0.00,0.00,1.25,"",0,0.0,-519,-5.5,-508,-5.4,-412,-4.4,6808248,5.3,0,0.0,0,0.0,116,10.9
"53063","3","10","71","0","2017","4","",138,21740,21707,21572,272167345,2691470,19185,966,"",0.52,0.99,0.99,0.99,1.20,0.16,0.33,1.21,"",1,0.7,395,1.9,338,1.6,330,1.6,17931153,7.1,88572,3.4,-100,-0.5,49,5.3
"53063","5","10","71","0","2017","4","",15398,185559,186052,185268,2151357460,870643392,10888354,892,"",1.01,0.99,0.99,0.99,0.95,1.03,1.00,0.96,"",-90,-0.6,2811,1.5,2827,1.5,2975,1.6,118098343,5.8,49760451,6.1,-404597,-3.6,36,4.2
"53065","0","10","70","0","2017","4","",1178,10814,10707,10667,102510789,41916432,679588,735,"",1.00,1.00,1.00,1.00,1.00,1.00,1.00,1.00,"",-2,-0.2,256,2.4,111,1.0,199,1.9,6997461,7.3,3479657,9.1,-5496,-0.8,38,5.5
"53065","1","10","71","0","2017","4","",26,341,312,305,5161245,0,0,1243,"",3.68,1.64,1.52,1.48,1.83,0.00,0.00,1.18,"",0,0.0,-10,-2.8,-23,-6.9,-8,-2.6,-74748,-1.4,0,0.0,0,0.0,33,2.7
"53065","2","10","71","0","2017","4","",17,250,233,219,3269117,0,0,1075,"",2.06,0.72,0.68,0.64,0.98,0.00,0.00,1.43,"",1,6.2,18,7.8,15,6.9,0,0.0,338229,11.5,0,0.0,0,0.0,64,6.3
"53065","3","10","71","0","2017","4","",35,2536,2533,2525,23499720,5581176,100910,714,"",1.75,2.37,2.38,2.39,2.67,6.73,28.21,1.12,"",0,0.0,76,3.1,52,2.1,59,2.4,1609862,7.4,503839,9.9,-17201,-14.6,32,4.7
"53065","5","10","71","0","2017","4","",1100,7687,7629,7618,70580707,36335256,578678,710,"",0.96,0.84,0.84,0.84,0.81,0.90,0.86,0.96,"",-3,-0.3,172,2.3,67,0.9,148,2.0,5124118,7.8,2975818,8.9,11705,2.1,40,6.0
"53067","0","10","70","0","2017","4","",8323,114481,114787,114785,1446401317,377367344,4298712,970,"",1.00,1.00,1.00,1.00,1.00,1.00,1.00,1.00,"",84,1.0,2862,2.6,2727,2.4,2940,2.6,88218626,6.5,34651426,10.1,-113700,-2.6,36,3.9
"53067","1","10","71","0","2017","4","",44,885,850,861,17423225,0,0,1549,"",0.88,0.40,0.39,0.39,0.44,0.00,0.00,1.12,"",0,0.0,18,2.1,-13,-1.5,-18,-2.0,1345887,8.4,0,0.0,0,0.0,127,8.9
"53067","2","10","71","0","2017","4","",108,24543,24559,24435,407826643,0,0,1280,"",1.85,6.68,6.68,6.68,8.64,0.00,0.00,1.29,"",-1,-0.9,388,1.6,340,1.4,218,0.9,20357542,5.3,0,0.0,0,0.0,48,3.9
"53067","3","10","71","0","2017","4","",50,12528,12699,12616,161165152,2720919,17319,983,"",0.35,1.10,1.11,1.11,1.30,0.36,0.77,1.17,"",-1,-2.0,278,2.3,292,2.4,176,1.4,9337287,6.1,605546,28.6,3067,21.5,39,4.1
"53067","5","10","71","0","2017","4","",8121,76525,76679,76873,859986297,374646425,4281393,863,"",1.01,0.79,0.79,0.79,0.70,1.03,1.00,0.88,"",86,1.1,2178,2.9,2108,2.8,2564,3.5,57177910,7.1,34045880,10.0,-116767,-2.7,33,4.0
"53069","0","10","70","0","2017","4","",122,738,719,717,6716896,2141148,29799,713,"",1.00,1.00,1.00,1.00,1.00,1.00,1.00,1.00,"",-5,-3.9,23,3.2,26,3.8,22,3.2,378424,6.0,78279,3.8,-18614,-38.4,17,2.4
"53069","1","10","71","0","2017","4","",4,9,11,12,136833,0,0,987,"",5.47,0.63,0.80,0.87,0.74,0.00,0.00,0.97,"",0,0.0,-2,-18.2,2,22.2,2,20.0,24738,22.1,0,0.0,0,0.0,125,14.5
"53069","2","10","71","0","2017","4","N",7,0,0,0,0,0,0,0,"N",8.19,0,0,0,0,0,0,0,"N",0,0.0,0,0,0,0,0,0,0,0,0,0,0,0,0,0
"53069","3","10","71","0","2017","4","N",10,0,0,0,0,0,0,0,"N",4.82,0,0,0,0,0,0,0,"N",0,0.0,0,0,0,0,0,0,0,0,0,0,0,0,0,0
"53069","5","10","71","0","2017","4","",101,446,442,444,4100249,2054379,29360,710,"",0.85,0.71,0.72,0.73,0.71,0.99,0.99,0.99,"",-5,-4.7,18,4.2,28,6.8,28,6.7,215442,5.5,50335,2.5,-18322,-38.4,-3,-0.4
"53071","0","10","70","0","2017","4","",2107,28284,28201,26138,309372033,108695704,997274,864,"",1.00,1.00,1.00,1.00,1.00,1.00,1.00,1.00,"",-44,-2.0,-71,-0.3,348,1.2,199,0.8,14566702,4.9,11081787,11.4,34350,3.6,36,4.3
"53071","1","10","71","0","2017","4","",20,1444,1446,1456,25511444,0,0,1355,"",1.58,2.65,2.68,2.89,3.00,0.00,0.00,1.10,"",0,0.0,113,8.5,90,6.6,111,8.3,2642934,11.6,0,0.0,0,0.0,46,3.5
"53071","2","10","71","0","2017","4","",25,1802,1820,1708,25392599,0,0,1099,"",1.69,1.98,2.01,2.05,2.51,0.00,0.00,1.25,"",-1,-3.8,62,3.6,75,4.3,94,5.8,2312904,10.0,0,0.0,0,0.0,54,5.2
"53071","3","10","71","0","2017","4","",31,2494,2513,2478,26308182,752590,4303,811,"",0.87,0.89,0.90,0.96,0.99,0.35,0.82,1.08,"",0,0.0,47,1.9,2,0.1,8,0.3,-356332,-1.3,-109109,-12.7,-1919,-30.8,-17,-2.1
"53071","5","10","71","0","2017","4","",2031,22544,22422,20496,232159808,107943114,992971,818,"",0.99,0.94,0.94,0.92,0.88,1.03,1.00,0.94,"",-43,-2.1,-293,-1.3,181,0.8,-14,-0.1,9967196,4.5,11190896,11.6,36269,3.8,36,4.6
"53073","0","10","70","0","2017","4","",7309,89990,90484,89796,1055882921,376253872,5165348,902,"",1.00,1.00,1.00,1.00,1.00,1.00,1.00,1.00,"",-15,-0.2,1541,1.7,1632,1.8,1298,1.5,74720825,7.6,34311762,10.0,597804,13.1,50,5.9
"53073","1","10","71","0","2017","4","",40,1385,1388,1394,32153800,0,0,1781,"",0.91,0.80,0.80,0.81,1.11,0.00,0.00,1.38,"",0,0.0,3,0.2,22,1.6,9,0.6,1230431,4.0,0,0.0,0,0.0,54,3.1
"53073","2","10","71","0","2017","4","",31,3411,3445,3323,53695680,0,0,1217,"",0.61,1.18,1.19,1.16,1.56,0.00,0.00,1.32,"",0,0.0,-359,-9.5,-304,-8.1,-343,-9.4,62996,0.1,0,0.0,0,0.0,110,9.9
"53073","3","10","71","0","2017","4","",86,10030,10235,10179,120559323,4311391,16435,914,"",0.69,1.12,1.14,1.15,1.33,0.58,0.60,1.17,"",0,0.0,163,1.7,198,2.0,220,2.2,6632683,5.8,137510,3.3,1816,12.4,34,3.9
"53073","5","10","71","0","2017","4","",7152,75164,75416,74900,849474118,371942481,5148913,869,"",1.01,0.98,0.98,0.98,0.94,1.02,1.00,0.96,"",-15,-0.2,1734,2.4,1716,2.3,1412,1.9,66794715,8.5,34174252,10.1,595988,13.1,50,6.1
"53075","0","10","70","0","2017","4","",1265,18519,18665,18502,225212597,55303848,324538,933,"",1.00,1.00,1.00,1.00,1.00,1.00,1.00,1.00,"",-31,-2.4,-43,-0.2,94,0.5,133,0.7,8945438,4.1,3815584,7.4,-18519,-5.4,34,3.8
"53075","1","10","71","0","2017","4","",23,239,244,240,3480554,0,0,1111,"",3.03,0.67,0.68,0.67,0.56,0.00,0.00,0.83,"",0,0.0,1,0.4,3,1.2,0,0.0,137426,4.1,0,0.0,0,0.0,38,3.5
"53075","2","10","71","0","2017","4","N",19,0,0,0,0,0,0,0,"N",2.14,0,0,0,0,0,0,0,"N",0,0.0,0,0,0,0,0,0,0,0,0,0,0,0,0,0
"53075","3","10","71","0","2017","4","N",79,0,0,0,0,0,0,0,"N",3.67,0,0,0,0,0,0,0,"N",2,2.6,0,0,0,0,0,0,0,0,0,0,0,0,0,0
"53075","5","10","71","0","2017","4","",1144,10680,10771,10698,109702839,50350571,312089,787,"",0.93,0.68,0.68,0.68,0.57,0.94,0.97,0.84,"",-33,-2.8,21,0.2,171,1.6,133,1.3,6934123,6.7,3593327,7.7,-15430,-4.7,42,5.6
"53077","0","10","70","0","2017","4","",7749,121832,111862,106682,1142820709,526643296,7205533,775,"",1.00,1.00,1.00,1.00,1.00,1.00,1.00,1.00,"",-59,-0.8,4522,3.9,5744,5.4,4481,4.4,99267741,9.5,62242408,13.4,558964,8.4,35,4.7
"53077","1","10","71","0","2017","4","",56,1253,1217,1218,20034625,0,0,1254,"",1.20,0.53,0.57,0.59,0.64,0.00,0.00,1.13,"",0,0.0,-1,-0.1,-23,-1.9,-8,-0.7,765969,4.0,0,0.0,0,0.0,59,4.9
"53077","2","10","71","0","2017","4","",42,2761,2741,2557,37049277,0,0,1061,"",0.77,0.71,0.76,0.75,0.99,0.00,0.00,1.34,"",1,2.4,45,1.7,55,2.0,-40,-1.5,2742820,8.0,0,0.0,0,0.0,71,7.2
"53077","3","10","71","0","2017","4","",92,14134,14150,14055,160944074,6365993,56364,877,"",0.70,1.17,1.27,1.33,1.64,0.61,1.49,1.30,"",4,4.5,626,4.6,522,3.8,468,3.4,10419953,6.9,651882,11.4,-1279,-2.2,24,2.8
"53077","5","10","71","0","2017","4","",7559,103684,93754,88852,924792733,520277303,7149169,745,"",1.01,1.00,0.99,0.98,0.95,1.02,1.00,0.96,"",-64,-0.8,3852,3.9,5190,5.9,4061,4.8,85338999,10.2,61590526,13.4,560243,8.5,36,5.1
"53999","0","10","70","0","2017","4","",1669,17532,17367,17375,407896713,99831079,1659624,1801,"",1.00,1.00,1.00,1.00,1.00,1.00,1.00,1.00,"",-414,-19.9,-290,-1.6,-460,-2.6,-384,-2.2,-1529548,-0.4,2721717,2.8,-178412,-9.7,32,1.8
"53999","1","10","71","0","2017","4","",51,807,771,778,15051651,0,0,1474,"",5.09,2.39,2.32,2.32,1.34,0.00,0.00,0.57,"",1,2.0,64,8.6,28,3.8,39,5.3,1470996,10.8,0,0.0,0,0.0,65,4.6
"53999","3","10","71","0","2017","4","N",3,0,0,0,0,0,0,0,"N",0.11,0,0,0,0,0,0,0,"N",2,200.0,0,0,0,0,0,0,0,0,0,0,0,0,0,0
"53999","5","10","71","0","2017","4","N",1615,0,0,0,0,0,0,0,"N",1.00,0,0,0,0,0,0,0,"N",-417,-20.5,0,0,0,0,0,0,0,0,0,0,0,0,0,0
"54000","0","10","50","0","2017","4","",50838,696378,697275,694064,7663372094,699319006,21514339,847,"",1.00,1.00,1.00,1.00,1.00,1.00,1.00,1.00,"",608,1.2,3489,0.5,2546,0.4,1882,0.3,369391145,5.1,36402102,5.5,2420908,12.7,38,4.7
"54000","1","10","51","0","2017","4","",997,23717,23563,23733,441192558,0,0,1434,"",3.27,1.77,1.77,1.78,2.09,0.00,0.00,1.18,"",-1,-0.1,124,0.5,-127,-0.5,-146,-0.6,12066811,2.8,0,0.0,0,0.0,42,3.0
"54000","2","10","51","0","2017","4","",1059,41939,41851,41777,422134358,27190,459,776,"",2.97,1.88,1.87,1.89,1.69,0.00,0.02,0.90,"",122,13.0,-1293,-3.0,-1060,-2.5,-1010,-2.4,-36286824,-7.9,-4466363,-99.4,-93909,-99.5,-45,-5.5
"54000","3","10","51","0","2017","4","",1979,74961,75171,75109,685673948,7099118,132257,703,"",2.29,1.09,1.09,1.09,1.04,0.51,1.17,0.96,"",-6,-0.3,-906,-1.2,-1024,-1.3,-845,-1.1,-4402681,-0.6,478169,7.2,2117,1.6,5,0.7
"54000","5","10","51","0","2017","4","",46803,555761,556690,553445,6114371230,692192698,21381623,847,"",0.95,0.94,0.94,0.94,0.93,1.02,1.00,0.99,"",493,1.1,5564,1.0,4757,0.9,3883,0.7,398013839,7.0,40390296,6.2,2512700,13.3,48,6.0
"54000","8","10","96","0","2017","4","",4035,140617,140585,140619,1549000864,7126308,132716,847,"",2.65,1.34,1.34,1.35,1.38,0.31,0.94,1.03,"",115,2.9,-2075,-1.5,-2211,-1.5,-2001,-1.4,-28622694,-1.8,-3988194,-35.9,-91792,-40.9,-3,-0.4
"54001","0","10","70","0","2017","4","",289,3452,3425,3427,31704653,2930953,79274,710,"",1.00,1.00,1.00,1.00,1.00,1.00,1.00,1.00,"",13,4.7,74,2.2,81,2.4,96,2.9,2265837,7.7,13850,0.5,551,0.7,34,5.0
"54001","1","10","71","0","2017","4","",7,33,31,31,404880,0,0,984,"",4.04,0.50,0.47,0.47,0.46,0.00,0.00,0.97,"",0,0.0,0,0.0,-1,-3.1,1,3.3,37382,10.2,0,0.0,0,0.0,91,10.2
"54001","2","10","71","0","2017","4","",13,156,156,154,1351327,0,0,669,"",6.42,1.41,1.42,1.41,1.31,0.00,0.00,0.92,"",1,8.3,-6,-3.7,-5,-3.1,-6,-3.8,-152262,-10.1,0,0.0,0,0.0,-49,-6.8
"54001","3","10","71","0","2017","4","",25,564,562,566,4528906,62323,2193,618,"",5.09,1.65,1.65,1.67,1.66,1.07,5.26,1.00,"",-2,-7.4,-8,-1.4,-5,-0.9,-5,-0.9,-12039,-0.3,5296,9.3,411,23.1,5,0.8
"54001","5","10","71","0","2017","4","",244,2699,2676,2676,25419540,2868630,77081,729,"",0.87,0.92,0.92,0.92,0.94,1.01,0.98,1.02,"",14,6.1,88,3.4,92,3.6,106,4.1,2392756,10.4,8554,0.3,140,0.2,45,6.6
"54003","0","10","70","0","2017","4","",2044,35684,36640,35334,367287882,45039437,1212242,787,"",1.00,1.00,1.00,1.00,1.00,1.00,1.00,1.00,"",71,3.6,1351,3.9,931,2.6,-157,-0.4,19586657,5.6,2189649,5.1,36502,3.1,27,3.6
"54003","1","10","71","0","2017","4","",28,3374,3365,3385,72950974,0,0,1663,"",2.28,4.91,4.80,4.97,7.23,0.00,0.00,1.48,"",0,0.0,26,0.8,5,0.1,-1,0.0,2214164,3.1,0,0.0,0,0.0,46,2.8
"54003","2","10","71","0","2017","4","",40,1001,1002,1008,7646328,0,0,586,"",2.79,0.87,0.85,0.89,0.64,0.00,0.00,0.73,"",12,42.9,131,15.1,142,16.5,140,16.1,72856,1.0,-976667,-100.0,-20510,-100.0,-87,-12.9
"54003","3","10","71","0","2017","4","",63,4490,4503,4464,42516970,309729,6283,729,"",1.81,1.27,1.24,1.28,1.35,0.35,0.98,1.07,"",0,0.0,255,6.0,200,4.6,152,3.5,1335514,3.2,26949,9.5,308,5.2,-11,-1.5
"54003","5","10","71","0","2017","4","",1913,26819,27770,26477,244173610,44729708,1205959,695,"",0.96,0.88,0.89,0.88,0.78,1.03,1.00,0.88,"",59,3.2,939,3.6,584,2.1,-448,-1.7,15964123,7.0,3139367,7.5,56704,4.9,37,5.6
"54005","0","10","70","0","2017","4","",415,4872,4851,4915,54373857,4621165,126870,857,"",1.00,1.00,1.00,1.00,1.00,1.00,1.00,1.00,"",0,0.0,29,0.6,75,1.6,126,2.6,5443764,11.1,416521,9.9,13361,11.8,73,9.3
"54005","1","10","71","0","2017","4","",25,58,57,57,749540,0,0,1006,"",10.04,0.62,0.61,0.60,0.50,0.00,0.00,0.82,"",0,0.0,2,3.6,0,0.0,0,0.0,12838,1.7,0,0.0,0,0.0,6,0.6
"54005","2","10","71","0","2017","4","",15,236,237,237,1930379,0,0,627,"",5.16,1.51,1.53,1.51,1.09,0.00,0.00,0.72,"",2,15.4,-11,-4.5,-9,-3.7,-7,-2.9,-243633,-11.2,0,0.0,0,0.0,-54,-7.9
"54005","3","10","71","0","2017","4","",37,1163,1161,1180,11318460,246181,3834,745,"",5.25,2.41,2.41,2.43,2.42,2.69,5.74,1.00,"",0,0.0,-44,-3.6,-51,-4.2,-31,-2.6,-188102,-1.6,-33053,-11.8,-378,-9.0,13,1.8
"54005","5","10","71","0","2017","4","",338,3415,3396,3441,40375478,4374984,123036,909,"",0.84,0.83,0.82,0.82,0.87,0.98,0.98,1.05,"",-2,-0.6,82,2.5,135,4.1,164,5.0,5862661,17.0,449574,11.5,13739,12.6,102,12.6
"54007","0","10","70","0","2017","4","",340,3805,3774,3729,32373062,3069216,73995,661,"",1.00,1.00,1.00,1.00,1.00,1.00,1.00,1.00,"",-6,-1.7,-149,-3.8,-158,-4.0,-170,-4.4,-961570,-2.9,-345765,-10.1,-16782,-18.5,8,1.2
"54007","1","10","71","0","2017","4","",12,60,56,58,811440,0,0,1076,"",5.88,0.82,0.78,0.81,0.91,0.00,0.00,1.14,"",0,0.0,3,5.3,-6,-9.7,-2,-3.3,41307,5.4,0,0.0,0,0.0,83,8.4
"54007","2","10","71","0","2017","4","",16,226,226,226,1756607,0,0,598,"",6.72,1.85,1.87,1.90,1.66,0.00,0.00,0.89,"",2,14.3,-8,-3.4,-4,-1.7,0,0.0,-70471,-3.9,-6196,-100.0,-130,-100.0,-13,-2.1
"54007","3","10","71","0","2017","4","",29,751,746,745,4796107,124118,2244,494,"",5.02,1.99,1.99,2.02,1.72,2.04,5.76,0.86,"",0,0.0,13,1.8,-7,-0.9,-2,-0.3,-53886,-1.1,8310,7.2,96,4.5,-6,-1.2
"54007","5","10","71","0","2017","4","",283,2768,2746,2700,25008908,2945098,71751,703,"",0.86,0.86,0.86,0.85,0.90,0.99,0.98,1.06,"",-8,-2.7,-157,-5.4,-141,-4.9,-166,-5.8,-878520,-3.4,-347879,-10.6,-16748,-18.9,15,2.2
"54009","0","10","70","0","2017","4","",482,7865,7837,7815,82963035,6519741,173655,814,"",1.00,1.00,1.00,1.00,1.00,1.00,1.00,1.00,"",-2,-0.4,-248,-3.1,-251,-3.1,-214,-2.7,441977,0.5,188683,3.0,15537,9.8,28,3.6
"54009","1","10","71","0","2017","4","",7,30,28,29,359775,0,0,954,"",2.42,0.20,0.19,0.19,0.16,0.00,0.00,0.82,"",0,0.0,-1,-3.2,-3,-9.7,-3,-9.4,-34565,-8.8,0,0.0,0,0.0,-14,-1.4
"54009","2","10","71","0","2017","4","",9,84,83,83,720636,0,0,665,"",2.66,0.33,0.33,0.33,0.27,0.00,0.00,0.80,"",0,0.0,1,1.2,2,2.5,1,1.2,-35851,-4.7,0,0.0,0,0.0,-45,-6.3
"54009","3","10","71","0","2017","4","",33,881,878,853,7027748,180297,2816,621,"",4.03,1.13,1.13,1.10,0.99,1.40,3.08,0.88,"",0,0.0,-12,-1.3,5,0.6,-23,-2.6,-231050,-3.2,-44446,-19.8,-1469,-34.3,-13,-2.1
"54009","5","10","71","0","2017","4","",433,6870,6848,6850,74854876,6339444,170839,840,"",0.93,1.03,1.03,1.03,1.06,1.01,0.99,1.03,"",-2,-0.5,-236,-3.3,-255,-3.6,-189,-2.7,743443,1.0,233129,3.8,17006,11.1,35,4.3
"54011","0","10","70","0","2017","4","",2789,52613,52995,53007,554610603,51518396,1336435,807,"",1.00,1.00,1.00,1.00,1.00,1.00,1.00,1.00,"",-20,-0.7,211,0.4,426,0.8,627,1.2,12262216,2.3,3204896,6.6,135621,11.3,12,1.5
"54011","1","10","71","0","2017","4","",27,968,967,969,18950832,0,0,1506,"",1.61,0.96,0.95,0.95,1.24,0.00,0.00,1.30,"",0,0.0,23,2.4,23,2.4,25,2.6,1218911,6.9,0,0.0,0,0.0,62,4.3
"54011","2","10","71","0","2017","4","",39,3390,3371,3388,35077660,2088,40,798,"",2.00,2.01,1.99,2.00,1.94,0.00,0.02,0.97,"",3,8.3,-4,-0.1,-3,-0.1,33,1.0,-3222731,-8.4,-10789,-83.8,-231,-85.2,-75,-8.6
"54011","3","10","71","0","2017","4","",60,3348,3323,3340,32567587,436470,7113,751,"",1.27,0.64,0.63,0.64,0.68,0.43,1.01,1.07,"",0,0.0,-45,-1.3,-67,-2.0,-49,-1.4,-832318,-2.5,-81267,-15.7,-2130,-23.0,-7,-0.9
"54011","5","10","71","0","2017","4","",2663,44907,45334,45310,468014524,51079838,1329282,797,"",0.98,1.00,1.01,1.01,0.99,1.02,1.00,0.98,"",-23,-0.9,237,0.5,473,1.1,618,1.4,15098354,3.3,3296952,6.9,137982,11.6,18,2.3
"54013","0","10","70","0","2017","4","",138,1209,1233,1211,12995985,1769206,95968,821,"",1.00,1.00,1.00,1.00,1.00,1.00,1.00,1.00,"",1,0.7,-105,-8.0,-29,-2.3,-20,-1.6,-12647,-0.1,480227,37.3,49905,108.3,32,4.1
"54013","1","10","71","0","2017","4","",6,13,13,12,128072,0,0,778,"",7.25,0.56,0.55,0.51,0.36,0.00,0.00,0.66,"",0,0.0,0,0.0,0,0.0,-1,-7.7,8531,7.1,0,0.0,0,0.0,71,10.0
"54013","2","10","71","0","2017","4","",8,63,63,62,463485,0,0,569,"",8.27,1.62,1.60,1.61,1.09,0.00,0.00,0.68,"",2,33.3,3,5.0,2,3.3,2,3.3,-33413,-6.7,0,0.0,0,0.0,-65,-10.3
"54013","3","10","71","0","2017","4","",14,241,248,247,2003455,18053,395,628,"",5.97,2.01,2.03,2.06,1.79,0.52,0.78,0.88,"",0,0.0,4,1.7,9,3.8,4,1.6,5106,0.3,-4384,-19.5,-2,-0.5,-13,-2.0
"54013","5","10","71","0","2017","4","",110,892,909,890,10400973,1751153,95573,892,"",0.82,0.87,0.87,0.86,0.94,1.02,1.00,1.08,"",-1,-0.9,-112,-11.2,-40,-4.2,-25,-2.7,7129,0.1,484611,38.3,49907,109.3,56,6.7
"54015","0","10","70","0","2017","4","",138,1428,1417,1414,11056616,1264867,40755,599,"",1.00,1.00,1.00,1.00,1.00,1.00,1.00,1.00,"",-3,-2.1,-7,-0.5,-62,-4.2,-21,-1.5,-370159,-3.2,-56992,-4.3,-8518,-17.3,-7,-1.2
"54015","1","10","71","0","2017","4","",10,12,12,12,105209,0,0,674,"",12.08,0.44,0.44,0.44,0.35,0.00,0.00,0.79,"",0,0.0,1,9.1,0,0.0,0,0.0,1938,1.9,0,0.0,0,0.0,-7,-1.0
"54015","2","10","71","0","2017","4","",8,63,63,64,521419,0,0,633,"",8.27,1.37,1.39,1.42,1.44,0.00,0.00,1.04,"",1,14.3,-3,-4.5,-3,-4.5,1,1.6,-44203,-7.8,0,0.0,0,0.0,-36,-5.4
"54015","3","10","71","0","2017","4","",18,451,455,455,3483650,20617,309,591,"",7.67,3.19,3.23,3.25,3.66,0.82,1.44,1.14,"",0,0.0,22,5.1,-11,-2.4,23,5.3,-104431,-2.9,-5378,-20.7,-459,-59.8,-33,-5.3
"54015","5","10","71","0","2017","4","",102,902,887,883,6946338,1244250,40446,600,"",0.76,0.74,0.74,0.73,0.74,1.02,1.00,1.00,"",-4,-3.8,-27,-2.9,-48,-5.1,-45,-4.8,-223463,-3.1,-51614,-4.0,-8059,-16.6,7,1.2
"54017","0","10","70","0","2017","4","",119,1702,1678,1704,23014459,2531176,156945,1045,"",1.00,1.00,1.00,1.00,1.00,1.00,1.00,1.00,"",-3,-2.5,208,13.9,165,10.9,245,16.8,5005316,27.8,1376848,119.3,122029,349.5,114,12.2
"54017","1","10","71","0","2017","4","",2,12,10,10,128756,0,0,929,"",2.80,0.37,0.31,0.30,0.20,0.00,0.00,0.62,"",-1,-33.3,3,33.3,0,0.0,0,0.0,6220,5.1,0,0.0,0,0.0,-46,-4.7
"54017","2","10","71","0","2017","4","",10,138,138,141,1245725,0,0,689,"",11.99,2.53,2.57,2.59,1.66,0.00,0.00,0.65,"",1,11.1,-10,-6.8,-9,-6.1,-5,-3.4,-10137,-0.8,0,0.0,0,0.0,32,4.9
"54017","3","10","71","0","2017","4","",16,418,419,423,3677103,32899,711,673,"",7.91,2.48,2.51,2.51,1.86,0.66,0.86,0.74,"",0,0.0,26,6.6,0,0.0,21,5.2,47848,1.3,5874,21.7,305,75.1,-17,-2.5
"54017","5","10","71","0","2017","4","",91,1134,1111,1130,17962875,2498277,156234,1228,"",0.79,0.78,0.78,0.78,0.91,1.02,1.00,1.17,"",-3,-3.2,189,20.0,174,18.6,229,25.4,4961385,38.2,1370974,121.6,121724,352.7,150,13.9
"54019","0","10","70","0","2017","4","",971,10979,10302,10230,97492024,9326491,287002,714,"",1.00,1.00,1.00,1.00,1.00,1.00,1.00,1.00,"",4,0.4,-135,-1.2,-151,-1.4,-77,-0.7,3625434,3.9,-891099,-8.7,-30908,-9.7,34,5.0
"54019","1","10","71","0","2017","4","",41,246,226,224,3561300,0,0,1181,"",7.04,1.16,1.15,1.14,1.33,0.00,0.00,1.16,"",-1,-2.4,-7,-2.8,-13,-5.4,-12,-5.1,36191,1.0,0,0.0,0,0.0,64,5.7
"54019","2","10","71","0","2017","4","",25,878,866,855,7667242,0,0,681,"",3.67,2.49,2.62,2.62,2.41,0.00,0.00,0.94,"",0,0.0,-252,-22.3,-263,-23.3,-265,-23.7,-3248886,-29.8,-26755,-100.0,-562,-100.0,-65,-8.7
"54019","3","10","71","0","2017","4","",48,1714,1695,1684,13781137,118516,2116,624,"",2.91,1.58,1.66,1.66,1.64,0.64,1.40,1.01,"",0,0.0,-36,-2.1,-33,-1.9,-22,-1.3,-260420,-1.9,16794,16.5,468,28.4,-1,-0.2
"54019","5","10","71","0","2017","4","",857,8141,7515,7467,72482345,9207975,284886,723,"",0.91,0.87,0.86,0.86,0.87,1.02,1.00,1.01,"",5,0.6,160,2.0,158,2.1,222,3.1,7098549,10.9,-881138,-8.7,-30814,-9.8,55,8.2
"54021","0","10","70","0","2017","4","",157,1897,1864,1858,17596169,1285024,44086,723,"",1.00,1.00,1.00,1.00,1.00,1.00,1.00,1.00,"",1,0.6,-66,-3.4,-80,-4.1,-73,-3.8,-397817,-2.2,-45101,-3.4,8854,25.1,12,1.7
"54021","1","10","71","0","2017","4","",7,305,305,303,4650636,0,0,1175,"",7.43,8.35,8.55,8.47,9.62,0.00,0.00,1.14,"",0,0.0,-16,-5.0,-12,-3.8,-9,-2.9,-96785,-2.0,0,0.0,0,0.0,22,1.9
"54021","2","10","71","0","2017","4","",9,288,285,294,2838643,0,0,756,"",8.18,4.73,4.77,4.96,4.94,0.00,0.00,1.03,"",0,0.0,4,1.4,3,1.1,6,2.1,-56761,-2.0,0,0.0,0,0.0,-26,-3.3
"54021","3","10","71","0","2017","4","",17,269,269,274,1927240,24907,388,548,"",6.37,1.43,1.45,1.49,1.27,0.98,1.67,0.87,"",0,0.0,18,7.2,21,8.5,29,11.8,5762,0.3,5440,27.9,61,18.7,-48,-8.1
"54021","5","10","71","0","2017","4","",124,1035,1005,987,8179650,1260117,43698,624,"",0.81,0.64,0.63,0.63,0.54,1.01,1.00,0.86,"",1,0.8,-72,-6.5,-92,-8.4,-99,-9.1,-250033,-3.0,-50541,-3.9,8793,25.2,33,5.6
"54023","0","10","70","0","2017","4","",300,3303,3332,3305,34027711,2445919,74291,790,"",1.00,1.00,1.00,1.00,1.00,1.00,1.00,1.00,"",-3,-1.0,-205,-5.8,-136,-3.9,-11,-0.3,-1591887,-4.5,-210340,-7.9,-18552,-20.0,-9,-1.1
"54023","1","10","71","0","2017","4","",9,50,44,45,751972,0,0,1248,"",5.00,0.79,0.69,0.71,0.80,0.00,0.00,1.10,"",0,0.0,3,6.4,-1,-2.2,-3,-6.2,62584,9.1,0,0.0,0,0.0,112,9.9
"54023","2","10","71","0","2017","4","",12,72,72,71,556503,0,0,597,"",5.71,0.68,0.67,0.67,0.50,0.00,0.00,0.74,"",3,33.3,2,2.9,2,2.9,2,2.9,-9178,-1.6,0,0.0,0,0.0,-28,-4.5
"54023","3","10","71","0","2017","4","",25,819,845,835,7503436,45624,685,693,"",4.90,2.50,2.55,2.55,2.56,0.94,1.75,1.01,"",1,4.2,7,0.9,39,4.8,28,3.5,179635,2.5,3708,8.8,56,8.9,-4,-0.6
"54023","5","10","71","0","2017","4","",254,2362,2371,2354,25215800,2400295,73606,821,"",0.87,0.84,0.84,0.84,0.87,1.01,1.00,1.03,"",-7,-2.7,-217,-8.4,-176,-6.9,-38,-1.6,-1824928,-6.7,-214048,-8.2,-18608,-20.2,-9,-1.1
"54025","0","10","70","0","2017","4","",1143,13152,12971,13043,119056063,12180626,324566,701,"",1.00,1.00,1.00,1.00,1.00,1.00,1.00,1.00,"",32,2.9,-305,-2.3,-435,-3.2,-345,-2.6,193656,0.2,-1143917,-8.6,-78350,-19.4,20,2.9
"54025","1","10","71","0","2017","4","",24,88,87,88,1137124,0,0,998,"",3.50,0.35,0.35,0.35,0.35,0.00,0.00,1.00,"",0,0.0,0,0.0,-9,-9.4,-6,-6.4,-34050,-2.9,0,0.0,0,0.0,26,2.7
"54025","2","10","71","0","2017","4","",28,829,820,825,9340716,0,0,871,"",3.50,1.96,1.97,1.98,2.40,0.00,0.00,1.22,"",3,12.0,-133,-13.8,-140,-14.6,-135,-14.1,-443422,-4.5,-19193,-100.0,-464,-100.0,88,11.2
"54025","3","10","71","0","2017","4","",46,1284,1285,1303,10829292,157459,3150,645,"",2.37,0.99,1.00,1.01,1.06,0.65,1.84,1.06,"",0,0.0,14,1.1,4,0.3,1,0.1,-92824,-0.8,36761,30.5,451,16.7,-9,-1.4
"54025","5","10","71","0","2017","4","",1045,10951,10779,10827,97748931,12023167,321416,693,"",0.94,0.98,0.98,0.98,0.96,1.02,1.00,0.98,"",29,2.9,-186,-1.7,-290,-2.6,-205,-1.9,763952,0.8,-1161485,-8.8,-78337,-19.6,20,3.0
"54027","0","10","70","0","2017","4","",448,3782,3776,3736,29936215,2918370,72274,612,"",1.00,1.00,1.00,1.00,1.00,1.00,1.00,1.00,"",5,1.1,-295,-7.2,-233,-5.8,-215,-5.4,-1447741,-4.6,-387186,-11.7,-19438,-21.2,10,1.7
"54027","1","10","71","0","2017","4","",18,33,34,35,377592,0,0,854,"",6.70,0.45,0.47,0.49,0.46,0.00,0.00,0.98,"",0,0.0,-1,-2.9,-3,-8.1,-4,-10.3,12217,3.3,0,0.0,0,0.0,87,11.3
"54027","2","10","71","0","2017","4","",16,483,486,481,4155372,0,0,661,"",5.10,3.98,4.02,4.04,4.25,0.00,0.00,1.06,"",0,0.0,-18,-3.6,-5,-1.0,-16,-3.2,-265123,-6.0,0,0.0,0,0.0,-24,-3.5
"54027","3","10","71","0","2017","4","",28,779,791,768,5994662,167227,2728,592,"",3.68,2.08,2.11,2.08,2.33,2.89,7.17,1.12,"",0,0.0,-38,-4.7,-17,-2.1,-53,-6.5,-204962,-3.3,-7014,-4.0,-148,-5.1,7,1.2
"54027","5","10","71","0","2017","4","",386,2487,2465,2452,19408589,2751143,69546,605,"",0.89,0.77,0.77,0.77,0.76,0.97,0.97,0.98,"",5,1.3,-238,-8.7,-208,-7.8,-142,-5.5,-989873,-4.9,-380172,-12.1,-19290,-21.7,16,2.7
"54029","0","10","70","0","2017","4","",665,9580,9541,9448,97146440,8878466,230161,785,"",1.00,1.00,1.00,1.00,1.00,1.00,1.00,1.00,"",-5,-0.7,-229,-2.3,-223,-2.3,-259,-2.7,3237029,3.4,1198510,15.6,39520,20.7,45,6.1
"54029","1","10","71","0","2017","4","",5,61,58,54,871256,0,0,1162,"",1.25,0.33,0.32,0.30,0.33,0.00,0.00,1.04,"",0,0.0,2,3.4,-4,-6.5,-6,-10.0,-71234,-7.6,0,0.0,0,0.0,-40,-3.3
"54029","2","10","71","0","2017","4","",15,213,212,212,1438325,0,0,521,"",3.22,0.69,0.69,0.70,0.45,0.00,0.00,0.65,"",1,7.1,-8,-3.6,1,0.5,6,2.9,-94589,-6.2,0,0.0,0,0.0,-33,-6.0
"54029","3","10","71","0","2017","4","",27,1083,1087,1077,9813680,173206,2828,697,"",2.39,1.14,1.15,1.15,1.17,0.99,2.33,1.02,"",-1,-3.6,-24,-2.2,-20,-1.8,-18,-1.6,-107283,-1.1,34729,25.1,461,19.5,5,0.7
"54029","5","10","71","0","2017","4","",618,8223,8184,8105,85023179,8705260,227333,800,"",0.96,1.01,1.01,1.01,1.02,1.01,0.99,1.01,"",-5,-0.8,-199,-2.4,-200,-2.4,-241,-2.9,3510135,4.3,1163781,15.4,39059,20.7,52,7.0
"54031","0","10","70","0","2017","4","",344,6087,6029,6030,50180774,5385761,128580,638,"",1.00,1.00,1.00,1.00,1.00,1.00,1.00,1.00,"",15,4.6,20,0.3,-11,-0.2,-56,-0.9,1072302,2.2,-249356,-4.4,-35991,-21.9,15,2.4
"54031","1","10","71","0","2017","4","",9,47,47,46,651221,0,0,1073,"",4.36,0.40,0.41,0.40,0.47,0.00,0.00,1.18,"",0,0.0,-2,-4.1,-4,-7.8,-12,-20.7,-45525,-6.5,0,0.0,0,0.0,55,5.4
"54031","2","10","71","0","2017","4","",17,258,256,255,1867464,0,0,560,"",7.05,1.32,1.33,1.33,1.14,0.00,0.00,0.86,"",2,13.3,-2,-0.8,3,1.2,8,3.2,-143970,-7.2,-12139,-100.0,-255,-100.0,-51,-8.3
"54031","3","10","71","0","2017","4","",24,519,519,527,4150207,14867,362,612,"",4.10,0.86,0.87,0.88,0.96,0.14,0.53,1.11,"",-1,-4.0,-10,-1.9,7,1.4,-9,-1.7,-15962,-0.4,-13799,-48.1,-142,-28.2,2,0.3
"54031","5","10","71","0","2017","4","",294,5263,5207,5202,43511882,5370894,128218,641,"",0.88,1.02,1.02,1.02,1.02,1.03,1.00,1.00,"",14,5.0,34,0.7,-17,-0.3,-43,-0.8,1277759,3.0,-223418,-4.0,-35594,-21.7,20,3.2
"54033","0","10","70","0","2017","4","",2106,36617,36894,36819,438821457,38752849,1116959,918,"",1.00,1.00,1.00,1.00,1.00,1.00,1.00,1.00,"",-18,-0.8,634,1.8,634,1.7,503,1.4,21314025,5.1,3237518,9.1,154858,16.1,30,3.4
"54033","1","10","71","0","2017","4","",41,4145,4125,4111,75820285,0,0,1413,"",3.25,5.88,5.84,5.80,6.29,0.00,0.00,1.08,"",0,0.0,124,3.1,74,1.8,36,0.9,3036109,4.2,0,0.0,0,0.0,30,2.2
"54033","2","10","71","0","2017","4","",29,935,939,931,8070613,0,0,664,"",1.97,0.80,0.79,0.79,0.56,0.00,0.00,0.71,"",3,11.5,-53,-5.4,-33,-3.4,-41,-4.2,-793959,-9.0,-19828,-100.0,-416,-100.0,-34,-4.9
"54033","3","10","71","0","2017","4","",67,3017,3031,3013,31199305,205856,4123,795,"",1.87,0.83,0.83,0.83,0.83,0.27,0.70,1.00,"",0,0.0,-47,-1.5,-85,-2.7,-92,-3.0,-214453,-0.7,74364,56.6,1795,77.1,14,1.8
"54033","5","10","71","0","2017","4","",1969,28520,28799,28764,323731254,38546993,1112836,868,"",0.96,0.92,0.92,0.92,0.86,1.03,1.00,0.94,"",-21,-1.1,610,2.2,678,2.4,600,2.1,19286328,6.3,3182982,9.0,153479,16.0,34,4.1
"54035","0","10","70","0","2017","4","",612,8109,8189,8323,83148362,9118883,251066,779,"",1.00,1.00,1.00,1.00,1.00,1.00,1.00,1.00,"",9,1.5,175,2.2,304,3.9,467,5.9,8421789,11.3,2041703,28.8,71176,39.6,51,7.0
"54035","1","10","71","0","2017","4","",14,73,75,75,915324,0,0,947,"",3.81,0.47,0.48,0.47,0.40,0.00,0.00,0.85,"",0,0.0,0,0.0,4,5.6,0,0.0,16841,1.9,0,0.0,0,0.0,0,0.0
"54035","2","10","71","0","2017","4","",19,246,248,249,1777981,0,0,552,"",4.43,0.95,0.95,0.94,0.65,0.00,0.00,0.69,"",1,5.6,-30,-10.9,-26,-9.5,-23,-8.5,-221712,-11.1,-21559,-100.0,-453,-100.0,-9,-1.6
"54035","3","10","71","0","2017","4","",34,1071,1069,1084,9956140,9547,197,713,"",3.27,1.33,1.31,1.32,1.39,0.05,0.15,1.06,"",0,0.0,-19,-1.7,-27,-2.5,-13,-1.2,-136055,-1.3,794,9.1,-10,-4.8,4,0.6
"54035","5","10","71","0","2017","4","",545,6719,6797,6915,70498917,9109336,250869,796,"",0.92,0.98,0.98,0.98,0.99,1.03,1.01,1.02,"",8,1.5,224,3.4,353,5.5,503,7.8,8762715,14.2,2062468,29.3,71639,40.0,60,8.2
"54037","0","10","70","0","2017","4","",1129,15719,15610,15565,167871799,13406548,299460,826,"",1.00,1.00,1.00,1.00,1.00,1.00,1.00,1.00,"",61,5.7,-142,-0.9,-199,-1.3,-150,-1.0,3972344,2.4,-626958,-4.5,-36265,-10.8,28,3.5
"54037","1","10","71","0","2017","4","",26,1256,1236,1258,29075404,0,0,1789,"",3.84,4.15,4.14,4.20,6.30,0.00,0.00,1.51,"",1,4.0,17,1.4,-10,-0.8,1,0.1,1434381,5.2,0,0.0,0,0.0,84,4.9
"54037","2","10","71","0","2017","4","",23,897,913,910,7929463,0,0,673,"",2.91,1.78,1.83,1.83,1.45,0.00,0.00,0.80,"",10,76.9,8,0.9,29,3.3,28,3.2,-264527,-3.2,0,0.0,0,0.0,-39,-5.5
"54037","3","10","71","0","2017","4","",45,2034,2010,2014,20736320,96151,2294,790,"",2.35,1.31,1.30,1.31,1.44,0.36,1.46,1.10,"",0,0.0,38,1.9,0,0.0,19,1.0,80797,0.4,-10177,-9.6,-1525,-39.9,-4,-0.5
"54037","5","10","71","0","2017","4","",1035,11532,11451,11383,110130612,13310397,297166,740,"",0.95,0.86,0.86,0.86,0.77,1.03,1.00,0.89,"",50,5.1,-205,-1.7,-218,-1.9,-198,-1.7,2721693,2.5,-616781,-4.4,-34740,-10.5,32,4.5
"54039","0","10","70","0","2017","4","",5756,99485,99892,99473,1170286811,88779329,2351963,904,"",1.00,1.00,1.00,1.00,1.00,1.00,1.00,1.00,"",-54,-0.9,-1406,-1.4,-1414,-1.4,-1819,-1.8,12889901,1.1,1045225,1.2,85803,3.8,24,2.7
"54039","1","10","71","0","2017","4","",85,2108,2098,2196,38262113,0,0,1379,"",2.46,1.10,1.10,1.15,1.19,0.00,0.00,1.07,"",2,2.4,-33,-1.5,-43,-2.0,-17,-0.8,-2549515,-6.2,0,0.0,0,0.0,-71,-4.9
"54039","2","10","71","0","2017","4","",120,10804,10781,10761,108578384,22047,367,775,"",2.98,3.38,3.37,3.39,2.84,0.02,0.12,0.84,"",3,2.6,-500,-4.4,-409,-3.7,-417,-3.7,-12057727,-10.0,-2165858,-99.0,-45521,-99.2,-52,-6.3
"54039","3","10","71","0","2017","4","",144,8143,8310,8188,77687654,690991,12033,728,"",1.47,0.83,0.84,0.83,0.77,0.39,0.97,0.93,"",-1,-0.7,-210,-2.5,-188,-2.2,-178,-2.1,-917627,-1.2,69245,11.1,-1259,-9.5,9,1.3
"54039","5","10","71","0","2017","4","",5407,78430,78703,78328,945758660,88066291,2339563,927,"",0.97,0.93,0.93,0.93,0.95,1.03,1.00,1.02,"",-58,-1.1,-663,-0.8,-774,-1.0,-1207,-1.5,28414770,3.1,3141838,3.7,132583,6.0,38,4.3
"54041","0","10","70","0","2017","4","",460,5954,5944,5862,63159339,6148665,219351,821,"",1.00,1.00,1.00,1.00,1.00,1.00,1.00,1.00,"",-5,-1.1,-257,-4.1,-162,-2.7,-116,-1.9,166570,0.3,537523,9.6,55171,33.6,26,3.3
"54041","1","10","71","0","2017","4","",11,51,56,50,607295,0,0,893,"",3.99,0.44,0.49,0.44,0.35,0.00,0.00,0.76,"",-1,-8.3,-4,-7.3,6,12.0,-8,-13.8,15376,2.6,0,0.0,0,0.0,55,6.6
"54041","2","10","71","0","2017","4","",16,672,669,665,5657525,0,0,651,"",4.96,3.52,3.51,3.56,2.74,0.00,0.00,0.78,"",2,14.3,-72,-9.7,-79,-10.6,-65,-8.9,-1445003,-20.3,-8858,-100.0,-186,-100.0,-87,-11.8
"54041","3","10","71","0","2017","4","",21,619,622,618,5346375,34232,1021,664,"",2.69,1.05,1.05,1.07,0.98,0.28,0.88,0.93,"",0,0.0,-15,-2.4,-3,-0.5,-23,-3.6,-132637,-2.4,16312,91.0,724,243.8,-1,-0.2
"54041","5","10","71","0","2017","4","",412,4612,4597,4529,51548144,6114433,218330,866,"",0.92,0.91,0.91,0.91,0.96,1.03,1.00,1.05,"",-6,-1.4,-166,-3.5,-86,-1.8,-20,-0.4,1728834,3.5,530069,9.5,54633,33.4,45,5.5
"54043","0","10","70","0","2017","4","",268,2444,2427,2464,22797871,1335315,43431,717,"",1.00,1.00,1.00,1.00,1.00,1.00,1.00,1.00,"",-13,-4.6,-144,-5.6,-151,-5.9,-132,-5.1,-148252,-0.6,-434196,-24.5,-15766,-26.6,35,5.1
"54043","1","10","71","0","2017","4","",11,35,35,45,410780,0,0,824,"",6.84,0.74,0.75,0.95,0.66,0.00,0.00,0.80,"",0,0.0,1,2.9,-7,-16.7,2,4.7,28765,7.5,0,0.0,0,0.0,83,11.2
"54043","2","10","71","0","2017","4","",11,127,127,127,1023598,0,0,620,"",5.86,1.62,1.63,1.62,1.38,0.00,0.00,0.85,"",1,10.0,-8,-5.9,-5,-3.8,-4,-3.1,-111474,-9.8,0,0.0,0,0.0,-38,-5.8
"54043","3","10","71","0","2017","4","",23,735,735,744,7042698,33746,636,734,"",5.05,3.04,3.05,3.05,3.59,1.28,2.78,1.18,"",0,0.0,-40,-5.2,-36,-4.7,-34,-4.4,1093,0.0,1642,5.1,-206,-24.5,35,5.0
"54043","5","10","71","0","2017","4","",223,1547,1530,1548,14320795,1301569,42795,715,"",0.86,0.75,0.74,0.74,0.74,1.01,0.99,0.99,"",-14,-5.9,-97,-5.9,-103,-6.3,-96,-5.8,-66636,-0.5,-435838,-25.1,-15560,-26.7,40,5.9
"54045","0","10","70","0","2017","4","",866,9874,9845,9836,102886753,10047329,358121,803,"",1.00,1.00,1.00,1.00,1.00,1.00,1.00,1.00,"",9,1.1,23,0.2,-116,-1.2,-86,-0.9,4695693,4.8,399439,4.1,26566,8.0,41,5.4
"54045","1","10","71","0","2017","4","",30,91,89,88,1376536,0,0,1185,"",5.78,0.48,0.47,0.46,0.49,0.00,0.00,1.03,"",-1,-3.2,-4,-4.2,-3,-3.3,-4,-4.3,27409,2.0,0,0.0,0,0.0,69,6.2
"54045","2","10","71","0","2017","4","",26,573,572,567,4816487,0,0,649,"",4.28,1.81,1.81,1.81,1.43,0.00,0.00,0.79,"",4,18.2,-25,-4.2,-17,-2.9,-18,-3.1,-382221,-7.4,-19042,-100.0,-400,-100.0,-28,-4.1
"54045","3","10","71","0","2017","4","",49,1423,1430,1448,12809190,64683,1167,687,"",3.33,1.45,1.46,1.49,1.45,0.33,0.62,0.99,"",0,0.0,-34,-2.3,-45,-3.1,-32,-2.2,-552825,-4.1,6558,11.3,-25,-2.1,-12,-1.7
"54045","5","10","71","0","2017","4","",761,7787,7754,7733,83884540,9982646,356954,832,"",0.91,0.93,0.93,0.93,0.95,1.03,1.00,1.03,"",6,0.8,86,1.1,-51,-0.7,-32,-0.4,5603330,7.2,411923,4.3,26991,8.2,56,7.2
"54047","0","10","70","0","2017","4","",374,4513,4489,4507,52460132,4061292,196280,896,"",1.00,1.00,1.00,1.00,1.00,1.00,1.00,1.00,"",5,1.4,291,6.9,209,4.9,296,7.0,10702819,25.6,1245513,44.2,86823,79.3,138,18.2
"54047","1","10","71","0","2017","4","",35,369,363,364,5212253,0,0,1097,"",15.60,4.25,4.23,4.19,3.61,0.00,0.00,0.86,"",0,0.0,16,4.5,-4,-1.1,-9,-2.4,331392,6.8,0,0.0,0,0.0,66,6.4
"54047","2","10","71","0","2017","4","",18,411,400,399,2973331,0,0,567,"",6.87,2.84,2.78,2.78,1.74,0.00,0.00,0.62,"",2,12.5,-48,-10.5,-58,-12.7,-44,-9.9,-662859,-18.2,-6609,-100.0,-139,-100.0,-50,-8.1
"54047","3","10","71","0","2017","4","",42,1073,1071,1062,8155512,188864,2924,587,"",6.61,2.40,2.40,2.38,1.81,2.35,2.83,0.76,"",0,0.0,-73,-6.4,-65,-5.7,-66,-5.9,-466122,-5.4,-12143,-6.0,-225,-7.1,4,0.7
"54047","5","10","71","0","2017","4","",279,2660,2655,2682,36119036,3872428,193356,1042,"",0.77,0.69,0.70,0.70,0.81,0.99,0.99,1.16,"",3,1.1,396,17.5,336,14.5,415,18.3,11500408,46.7,1264265,48.5,87187,82.1,213,25.7
"54049","0","10","70","0","2017","4","",1365,18298,18391,18191,195228841,19291992,594012,821,"",1.00,1.00,1.00,1.00,1.00,1.00,1.00,1.00,"",16,1.2,35,0.2,111,0.6,-124,-0.7,8870980,4.8,1135217,6.3,120771,25.5,37,4.7
"54049","1","10","71","0","2017","4","",22,176,171,171,2995149,0,0,1334,"",2.69,0.50,0.49,0.49,0.56,0.00,0.00,1.14,"",0,0.0,-5,-2.8,-17,-9.0,-19,-10.0,-59902,-2.0,0,0.0,0,0.0,73,5.8
"54049","2","10","71","0","2017","4","",25,1249,1270,1275,11632549,0,0,708,"",2.61,2.13,2.16,2.20,1.83,0.00,0.00,0.85,"",3,13.6,9,0.7,33,2.7,33,2.7,407428,3.6,-19247,-100.0,-404,-100.0,11,1.6
"54049","3","10","71","0","2017","4","",61,2712,2728,2713,25462632,518558,12576,721,"",2.63,1.50,1.49,1.51,1.52,1.36,4.02,1.01,"",-1,-1.6,-110,-3.9,-104,-3.7,-123,-4.3,-373721,-1.4,76974,17.4,1921,18.0,19,2.7
"54049","5","10","71","0","2017","4","",1257,14161,14222,14032,155138511,18773434,581436,844,"",0.95,0.91,0.91,0.91,0.93,1.01,0.99,1.02,"",14,1.1,141,1.0,199,1.4,-15,-0.1,8897175,6.1,1077490,6.1,119254,25.8,42,5.2
"54051","0","10","70","0","2017","4","",568,12676,12426,12488,199346316,13458572,696691,1224,"",1.00,1.00,1.00,1.00,1.00,1.00,1.00,1.00,"",-1,-0.2,2253,21.6,2018,19.4,2070,19.9,71926854,56.4,5335604,65.7,488686,234.9,283,30.1
"54051","1","10","71","0","2017","4","",10,51,50,52,687157,0,0,1036,"",2.94,0.21,0.21,0.22,0.13,0.00,0.00,0.59,"",0,0.0,-2,-3.8,-1,-2.0,-3,-5.5,23538,3.5,0,0.0,0,0.0,73,7.6
"54051","2","10","71","0","2017","4","",19,468,466,466,4105113,0,0,677,"",4.77,1.15,1.17,1.17,0.63,0.00,0.00,0.54,"",2,11.8,-21,-4.3,-18,-3.7,-3,-0.6,-270062,-6.2,-10098,-100.0,-212,-100.0,-23,-3.3
"54051","3","10","71","0","2017","4","",39,1513,1420,1476,13924526,75032,1651,729,"",4.04,1.20,1.15,1.19,0.81,0.28,0.45,0.69,"",-1,-2.5,-30,-1.9,-13,-0.9,80,5.7,716902,5.4,7490,11.1,155,10.4,32,4.6
"54051","5","10","71","0","2017","4","",500,10644,10490,10494,180629520,13383540,695040,1318,"",0.91,0.99,0.99,0.99,1.06,1.03,1.00,1.07,"",-2,-0.4,2306,27.7,2050,24.3,1996,23.5,71456476,65.5,5338212,66.4,488743,236.9,321,32.2
"54053","0","10","70","0","2017","4","",411,5549,5534,5475,58597237,3688528,123510,817,"",1.00,1.00,1.00,1.00,1.00,1.00,1.00,1.00,"",1,0.2,-56,-1.0,-100,-1.8,-135,-2.4,555076,1.0,100107,2.8,9606,8.4,22,2.8
"54053","1","10","71","0","2017","4","",20,100,97,100,1277180,0,0,992,"",8.11,0.94,0.92,0.95,0.79,0.00,0.00,0.85,"",0,0.0,-2,-2.0,-5,-4.9,-4,-3.8,13438,1.1,0,0.0,0,0.0,45,4.8
"54053","2","10","71","0","2017","4","",19,452,445,451,3236316,0,0,554,"",6.60,2.54,2.51,2.58,1.69,0.00,0.00,0.66,"",2,11.8,-24,-5.0,-23,-4.9,-22,-4.7,-218787,-6.3,-21894,-100.0,-460,-100.0,-9,-1.6
"54053","3","10","71","0","2017","4","",29,957,983,963,8176922,117263,2015,650,"",4.15,1.74,1.79,1.78,1.62,1.61,3.10,0.92,"",1,3.6,4,0.4,21,2.2,30,3.2,-35354,-0.4,16761,16.7,289,16.7,-15,-2.3
"54053","5","10","71","0","2017","4","",343,4040,4009,3961,45906819,3571265,121495,882,"",0.86,0.86,0.85,0.85,0.92,1.00,0.99,1.07,"",-2,-0.6,-34,-0.8,-93,-2.3,-139,-3.4,795779,1.8,105240,3.0,9777,8.8,34,4.0
"54055","0","10","70","0","2017","4","",1374,19287,19447,19391,177651242,17708893,420807,705,"",1.00,1.00,1.00,1.00,1.00,1.00,1.00,1.00,"",-13,-0.9,-303,-1.5,-337,-1.7,-289,-1.5,4528454,2.6,264325,1.5,-26877,-6.0,28,4.1
"54055","1","10","71","0","2017","4","",20,157,151,152,2563618,0,0,1286,"",2.43,0.42,0.41,0.41,0.52,0.00,0.00,1.28,"",0,0.0,4,2.6,-3,-1.9,-4,-2.6,105305,4.3,0,0.0,0,0.0,61,5.0
"54055","2","10","71","0","2017","4","",30,1248,1250,1266,10928782,3055,52,670,"",3.12,2.02,2.01,2.05,1.88,0.01,0.09,0.93,"",4,15.4,-150,-10.7,-150,-10.7,-115,-8.3,-1413392,-11.5,-11364,-78.8,-251,-82.8,-12,-1.8
"54055","3","10","71","0","2017","4","",58,3372,3365,3384,33232297,186802,2828,758,"",2.48,1.76,1.74,1.76,2.18,0.53,1.28,1.24,"",0,0.0,-12,-0.4,-43,-1.3,-19,-0.6,743742,2.3,75227,67.4,1154,68.9,23,3.1
"54055","5","10","71","0","2017","4","",1266,14510,14681,14589,130926545,17519036,417927,690,"",0.95,0.89,0.89,0.89,0.86,1.02,1.00,0.97,"",-17,-1.3,-145,-1.0,-141,-1.0,-151,-1.0,5092799,4.0,200462,1.2,-27780,-6.2,33,5.0
"54057","0","10","70","0","2017","4","",537,7903,7885,7901,81437200,6755572,180096,793,"",1.00,1.00,1.00,1.00,1.00,1.00,1.00,1.00,"",-3,-0.6,94,1.2,27,0.3,94,1.2,4125280,5.3,439692,7.0,13995,8.4,33,4.3
"54057","1","10","71","0","2017","4","",12,92,90,89,1386945,0,0,1181,"",3.73,0.60,0.60,0.58,0.62,0.00,0.00,1.04,"",0,0.0,-3,-3.2,-4,-4.3,-4,-4.3,-32640,-2.3,0,0.0,0,0.0,19,1.6
"54057","2","10","71","0","2017","4","",15,547,547,546,5122321,0,0,721,"",3.99,2.16,2.17,2.17,1.93,0.00,0.00,0.89,"",0,0.0,-13,-2.3,-10,-1.8,-14,-2.5,-66390,-1.3,-6917,-100.0,-145,-100.0,7,1.0
"54057","3","10","71","0","2017","4","",38,910,913,916,8068965,89025,1550,680,"",4.16,1.16,1.17,1.17,1.15,0.67,1.64,0.99,"",1,2.7,-19,-2.0,-28,-3.0,-18,-1.9,-20296,-0.3,21010,30.9,480,44.9,14,2.1
"54057","5","10","71","0","2017","4","",472,6354,6335,6350,66858969,6666547,178546,810,"",0.91,0.95,0.95,0.95,0.96,1.02,1.00,1.02,"",-4,-0.8,129,2.1,69,1.1,130,2.1,4244606,6.8,425599,6.8,13660,8.3,38,4.9
"54059","0","10","70","0","2017","4","",554,5257,5221,5185,59450817,6174495,238568,876,"",1.00,1.00,1.00,1.00,1.00,1.00,1.00,1.00,"",5,0.9,460,9.6,395,8.2,265,5.4,9973656,20.2,135117,2.2,-8417,-3.4,91,11.6
"54059","1","10","71","0","2017","4","",23,73,66,67,820621,0,0,919,"",6.92,0.72,0.66,0.67,0.50,0.00,0.00,0.73,"",0,0.0,3,4.3,-3,-4.3,-1,-1.5,21799,2.7,0,0.0,0,0.0,28,3.1
"54059","2","10","71","0","2017","4","",14,176,178,178,1403852,0,0,609,"",3.61,1.04,1.06,1.08,0.72,0.00,0.00,0.68,"",2,16.7,-5,-2.8,2,1.1,2,1.1,-109755,-7.3,-6117,-100.0,-128,-100.0,-46,-7.0
"54059","3","10","71","0","2017","4","",39,905,905,899,8282632,91945,1936,706,"",4.14,1.74,1.75,1.75,1.62,0.75,1.54,0.93,"",1,2.6,-21,-2.3,-36,-3.8,-35,-3.7,-223831,-2.6,14920,19.4,634,48.7,5,0.7
"54059","5","10","71","0","2017","4","",478,4103,4072,4041,48943712,6082550,236632,925,"",0.89,0.92,0.92,0.92,0.96,1.02,1.00,1.05,"",2,0.4,483,13.3,432,11.9,299,8.0,10285443,26.6,126314,2.1,-8923,-3.6,114,14.1
"54061","0","10","70","0","2017","4","",2728,57777,57697,57283,702265542,46992163,1305520,938,"",1.00,1.00,1.00,1.00,1.00,1.00,1.00,1.00,"",59,2.2,1490,2.6,925,1.6,991,1.8,29503061,4.4,1230079,2.7,104475,8.7,21,2.3
"54061","1","10","71","0","2017","4","",29,1139,1145,1140,23381604,0,0,1576,"",1.77,1.02,1.04,1.03,1.21,0.00,0.00,1.17,"",0,0.0,-33,-2.8,-37,-3.1,-38,-3.2,-1069654,-4.4,0,0.0,0,0.0,-22,-1.4
"54061","2","10","71","0","2017","4","",31,7228,7207,7213,106489513,0,0,1135,"",1.62,3.90,3.90,3.95,4.64,0.00,0.00,1.19,"N",8,34.8,0,0,0,0,0,0,0,0,0,0,0,0,0,0
"54061","3","10","71","0","2017","4","",49,3028,3021,3026,30057985,99592,2200,764,"",1.06,0.53,0.53,0.53,0.50,0.11,0.32,0.94,"N",0,0.0,0,0,0,0,0,0,0,0,0,0,0,0,0,0
"54061","5","10","71","0","2017","4","",2619,46382,46324,45904,542336440,46892571,1303320,903,"",0.99,0.94,0.95,0.94,0.90,1.03,1.00,0.96,"",51,2.0,1331,3.0,786,1.7,881,2.0,37011834,7.3,1258783,2.8,106549,8.9,43,5.0
"54063","0","10","70","0","2017","4","",239,1985,1982,1993,18878565,1278717,29882,731,"",1.00,1.00,1.00,1.00,1.00,1.00,1.00,1.00,"",-8,-3.2,-12,-0.6,-33,-1.6,-54,-2.6,-309971,-1.6,-373841,-22.6,-14591,-32.8,0,0.0
"54063","1","10","71","0","2017","4","",14,193,192,190,2936110,0,0,1178,"",9.77,5.05,5.06,4.95,5.66,0.00,0.00,1.13,"",0,0.0,-4,-2.0,-10,-5.0,-12,-5.9,75958,2.7,0,0.0,0,0.0,80,7.3
"54063","2","10","71","0","2017","4","",8,72,72,71,550410,0,0,591,"",4.78,1.13,1.13,1.12,0.89,0.00,0.00,0.79,"",2,33.3,2,2.9,3,4.3,3,4.4,-3973,-0.7,0,0.0,0,0.0,-27,-4.4
"54063","3","10","71","0","2017","4","",22,479,479,482,4176165,64927,1071,669,"",5.42,2.44,2.43,2.44,2.57,2.56,6.81,1.06,"",-1,-4.3,45,10.4,43,9.9,5,1.0,109036,2.7,1387,2.2,-106,-9.0,-28,-4.0
"54063","5","10","71","0","2017","4","",195,1241,1239,1250,11215880,1213790,28811,694,"",0.84,0.74,0.74,0.74,0.70,0.98,0.97,0.94,"",-9,-4.4,-55,-4.2,-69,-5.3,-50,-3.8,-490992,-4.2,-375228,-23.6,-14485,-33.5,2,0.3
"54065","0","10","70","0","2017","4","",264,2817,2795,2804,23298940,2475656,56423,639,"",1.00,1.00,1.00,1.00,1.00,1.00,1.00,1.00,"",2,0.8,24,0.9,-6,-0.2,56,2.0,-164170,-0.7,-41444,-1.6,-2935,-4.9,-10,-1.5
"54065","1","10","71","0","2017","4","",3,25,25,25,364109,0,0,1120,"",1.89,0.46,0.47,0.46,0.57,0.00,0.00,1.23,"",0,0.0,1,4.2,1,4.2,0,0.0,21577,6.3,0,0.0,0,0.0,37,3.4
"54065","2","10","71","0","2017","4","",12,202,199,188,1046266,0,0,410,"",6.49,2.23,2.22,2.10,1.38,0.00,0.00,0.63,"",3,33.3,-4,-1.9,-1,-0.5,2,1.1,-31726,-2.9,0,0.0,0,0.0,-10,-2.4
"54065","3","10","71","0","2017","4","",21,523,513,528,4395873,34170,649,649,"",4.68,1.87,1.85,1.90,2.19,0.70,2.19,1.17,"",0,0.0,-15,-2.8,-33,-6.0,-9,-1.7,-33129,-0.7,-15004,-30.5,-285,-30.5,18,2.9
"54065","5","10","71","0","2017","4","",228,2067,2058,2063,17492692,2441486,55774,652,"",0.89,0.86,0.87,0.87,0.88,1.02,1.00,1.01,"",-1,-0.4,42,2.1,27,1.3,63,3.2,-120892,-0.7,-26440,-1.1,-2650,-4.5,-19,-2.8
"54067","0","10","70","0","2017","4","",713,7113,7108,7099,64377596,7389102,242282,697,"",1.00,1.00,1.00,1.00,1.00,1.00,1.00,1.00,"",-5,-0.7,-78,-1.1,-65,-0.9,-55,-0.8,423268,0.7,-1109431,-13.1,-20848,-7.9,11,1.6
"54067","1","10","71","0","2017","4","",24,92,92,89,1276372,0,0,1079,"",5.61,0.67,0.68,0.65,0.72,0.00,0.00,1.08,"",0,0.0,1,1.1,6,7.0,1,1.1,96750,8.2,0,0.0,0,0.0,52,5.1
"54067","2","10","71","0","2017","4","",18,186,185,187,1508067,0,0,624,"",3.60,0.81,0.81,0.83,0.72,0.00,0.00,0.88,"",3,20.0,5,2.8,5,2.8,7,3.9,-144542,-8.7,-29610,-100.0,-622,-100.0,-81,-11.5
"54067","3","10","71","0","2017","4","",41,1367,1388,1409,13119479,107844,2996,727,"",3.38,1.94,1.97,2.01,2.37,0.74,2.35,1.20,"",0,0.0,-50,-3.5,-54,-3.7,-30,-2.1,-659702,-4.8,-54345,-33.5,-78,-2.5,-13,-1.8
"54067","5","10","71","0","2017","4","",630,5468,5443,5414,48473678,7281258,239286,685,"",0.91,0.90,0.90,0.90,0.88,1.02,0.99,0.98,"",-8,-1.3,-34,-0.6,-22,-0.4,-33,-0.6,1130762,2.4,-1025476,-12.3,-20148,-7.8,19,2.9
"54069","0","10","70","0","2017","4","",1562,28501,29002,28988,302870676,25728164,687112,808,"",1.00,1.00,1.00,1.00,1.00,1.00,1.00,1.00,"",20,1.3,-856,-2.9,-491,-1.7,-246,-0.8,5346462,1.8,1617433,6.7,16026,2.4,29,3.7
"54069","1","10","71","0","2017","4","",18,381,390,377,7649735,0,0,1538,"",1.92,0.69,0.70,0.68,0.92,0.00,0.00,1.33,"",0,0.0,-11,-2.8,0,0.0,-21,-5.3,53577,0.7,0,0.0,0,0.0,52,3.5
"54069","2","10","71","0","2017","4","",32,877,874,874,7505491,0,0,660,"",2.92,0.96,0.94,0.95,0.76,0.00,0.00,0.80,"",5,18.5,70,8.7,78,9.8,84,10.6,837,0.0,-27827,-100.0,-584,-100.0,-64,-8.8
"54069","3","10","71","0","2017","4","",41,2329,2371,2453,19858455,164636,2671,641,"",1.54,0.82,0.82,0.86,0.76,0.32,0.74,0.91,"",1,2.5,-136,-5.5,-75,-3.1,-23,-0.9,-401008,-2.0,15426,10.3,329,14.0,8,1.3
"54069","5","10","71","0","2017","4","",1471,24914,25367,25284,267856995,25563528,684441,818,"",0.97,1.03,1.03,1.03,1.04,1.03,1.00,1.01,"",14,1.0,-779,-3.0,-494,-1.9,-286,-1.1,5693056,2.2,1629834,6.8,16281,2.4,34,4.3
"54071","0","10","70","0","2017","4","",188,1518,1515,1471,11762599,1048650,22359,603,"",1.00,1.00,1.00,1.00,1.00,1.00,1.00,1.00,"",0,0.0,-6,-0.4,-8,-0.5,-29,-1.9,330329,2.9,32737,3.2,-1127,-4.8,23,4.0
"54071","1","10","71","0","2017","4","",12,21,22,19,228897,0,0,852,"",10.64,0.72,0.76,0.67,0.71,0.00,0.00,0.99,"",0,0.0,1,5.0,-2,-8.3,-1,-5.0,-14243,-5.9,0,0.0,0,0.0,-25,-2.9
"54071","2","10","71","0","2017","4","",9,64,64,64,506866,0,0,609,"",6.83,1.31,1.32,1.36,1.32,0.00,0.00,0.99,"",1,12.5,0,0.0,1,1.6,2,3.2,-25349,-4.8,0,0.0,0,0.0,-41,-6.3
"54071","3","10","71","0","2017","4","",12,268,287,289,2050668,0,0,561,"",3.76,1.78,1.91,1.99,2.03,0.00,0.00,1.07,"",0,0.0,-8,-2.9,-8,-2.7,-5,-1.7,-43041,-2.1,0,0.0,0,0.0,2,0.4
"54071","5","10","71","0","2017","4","",155,1165,1142,1099,8976168,1048650,22359,608,"",0.85,0.90,0.89,0.88,0.89,1.03,1.01,1.00,"",-1,-0.6,1,0.1,1,0.1,-25,-2.2,412962,4.8,32737,3.2,-1127,-4.8,32,5.6
"54073","0","10","70","0","2017","4","",162,2777,2876,2739,34221053,3150235,136148,941,"",1.00,1.00,1.00,1.00,1.00,1.00,1.00,1.00,"",-1,-0.6,-94,-3.3,50,1.8,-160,-5.5,-1858155,-5.2,788374,33.4,51569,61.0,-28,-2.9
"54073","1","10","71","0","2017","4","",2,10,10,11,138988,0,0,1035,"",2.06,0.19,0.18,0.21,0.15,0.00,0.00,0.77,"",0,0.0,0,0.0,0,0.0,1,10.0,25723,22.7,0,0.0,0,0.0,164,18.8
"54073","2","10","71","0","2017","4","",12,257,259,252,1948737,0,0,586,"",10.57,2.88,2.81,2.89,1.74,0.00,0.00,0.61,"",1,9.1,-10,-3.7,-5,-1.9,-11,-4.2,-93665,-4.6,0,0.0,0,0.0,-8,-1.3
"54073","3","10","71","0","2017","4","",16,369,369,371,3028803,4049,67,630,"",5.81,1.34,1.29,1.37,1.03,0.06,0.09,0.77,"",0,0.0,-8,-2.1,-8,-2.1,-4,-1.1,-71969,-2.3,920,29.4,-13,-16.2,-4,-0.6
"54073","5","10","71","0","2017","4","",132,2141,2238,2105,29104525,3146186,136081,1036,"",0.84,0.91,0.92,0.90,1.00,1.03,1.01,1.10,"",-2,-1.5,-76,-3.4,63,2.9,-146,-6.5,-1718244,-5.6,787454,33.4,51582,61.0,-35,-3.3
"54075","0","10","70","0","2017","4","",267,2878,3000,3601,24221024,3188043,123478,590,"",1.00,1.00,1.00,1.00,1.00,1.00,1.00,1.00,"",-1,-0.4,4,0.1,223,8.0,186,5.4,609145,2.6,222025,7.5,9356,8.2,-11,-1.8
"54075","1","10","71","0","2017","4","",12,63,59,57,769671,0,0,992,"",7.49,1.14,1.03,0.82,1.16,0.00,0.00,1.18,"",0,0.0,0,0.0,-3,-4.8,-2,-3.4,21090,2.8,0,0.0,0,0.0,53,5.6
"54075","2","10","71","0","2017","4","",12,272,271,260,1763101,0,0,507,"",6.41,2.94,2.82,2.26,2.23,0.00,0.00,0.84,"",0,0.0,-7,-2.5,0,0.0,7,2.8,-19973,-1.1,-8857,-100.0,-186,-100.0,-5,-1.0
"54075","3","10","71","0","2017","4","",29,527,541,551,5152106,119409,2014,734,"",6.39,1.85,1.82,1.55,2.47,1.89,3.10,1.43,"",0,0.0,-7,-1.3,11,2.1,12,2.2,45492,0.9,5728,5.0,92,4.8,-1,-0.1
"54075","5","10","71","0","2017","4","",214,2016,2129,2733,16536146,3068634,121464,555,"",0.83,0.82,0.84,0.89,0.80,0.99,0.99,0.94,"",-1,-0.5,18,0.9,215,11.2,169,6.6,562536,3.5,225154,7.9,9450,8.4,-14,-2.5
"54077","0","10","70","0","2017","4","",669,7485,7421,7406,71798993,6542659,215320,743,"",1.00,1.00,1.00,1.00,1.00,1.00,1.00,1.00,"",-4,-0.6,141,1.9,72,1.0,-35,-0.5,1023484,1.4,-513106,-7.3,-8929,-4.0,5,0.7
"54077","1","10","71","0","2017","4","",15,876,871,888,13890585,0,0,1217,"",3.74,6.08,6.13,6.22,7.04,0.00,0.00,1.15,"",0,0.0,-24,-2.7,-35,-3.9,-16,-1.8,743817,5.7,0,0.0,0,0.0,97,8.7
"54077","2","10","71","0","2017","4","",15,399,398,393,3032136,0,0,588,"",3.20,1.66,1.67,1.66,1.29,0.00,0.00,0.78,"",3,25.0,23,6.1,21,5.6,15,4.0,207959,7.4,-840954,-100.0,-17660,-100.0,12,2.1
"54077","3","10","71","0","2017","4","",39,1312,1331,1324,12377126,13413,215,720,"",3.43,1.77,1.81,1.81,2.00,0.10,0.19,1.12,"",0,0.0,29,2.3,24,1.8,-10,-0.7,149800,1.2,-10161,-43.1,-389,-64.4,1,0.1
"54077","5","10","71","0","2017","4","",600,4898,4821,4801,42499146,6529246,215105,675,"",0.92,0.77,0.76,0.76,0.69,1.03,1.01,0.90,"",-7,-1.2,113,2.4,62,1.3,-24,-0.5,-78092,-0.2,338009,5.5,9120,4.4,-9,-1.3
"54079","0","10","70","0","2017","4","",1481,20228,20144,19976,255155015,22171462,818245,976,"",1.00,1.00,1.00,1.00,1.00,1.00,1.00,1.00,"",9,0.6,-607,-2.9,-459,-2.2,-412,-2.0,7153045,2.9,-338082,-1.5,29750,3.8,50,5.4
"54079","1","10","71","0","2017","4","",17,225,229,231,3184081,0,0,1073,"",1.91,0.58,0.59,0.60,0.45,0.00,0.00,0.77,"",0,0.0,-8,-3.4,0,0.0,-4,-1.7,5296,0.2,0,0.0,0,0.0,21,2.0
"54079","2","10","71","0","2017","4","",17,267,266,269,2302946,0,0,663,"",1.64,0.41,0.41,0.42,0.28,0.00,0.00,0.67,"",0,0.0,-21,-7.3,-23,-8.0,-19,-6.6,-307789,-11.8,-47577,-100.0,-999,-100.0,-34,-4.9
"54079","3","10","71","0","2017","4","",48,1953,1957,1954,19556252,81806,1672,770,"",1.91,0.97,0.98,0.99,0.89,0.19,0.39,0.91,"",0,0.0,-21,-1.1,-24,-1.2,-26,-1.3,-25931,-0.1,19396,31.1,715,74.7,9,1.2
"54079","5","10","71","0","2017","4","",1399,17783,17692,17522,230111736,22089656,816573,1002,"",0.97,1.03,1.03,1.03,1.06,1.03,1.00,1.02,"",9,0.6,-557,-3.0,-412,-2.3,-363,-2.0,7481469,3.4,-309901,-1.4,30034,3.8,56,5.9
"54081","0","10","70","0","2017","4","",2219,31768,31837,32057,322983067,35055462,1001989,779,"",1.00,1.00,1.00,1.00,1.00,1.00,1.00,1.00,"",20,0.9,655,2.1,594,1.9,517,1.6,22003087,7.3,3968320,12.8,154508,18.2,39,5.3
"54081","1","10","71","0","2017","4","",58,1669,1651,1644,30250688,0,0,1406,"",4.36,2.73,2.71,2.66,3.41,0.00,0.00,1.26,"",0,0.0,-36,-2.1,-64,-3.7,-81,-4.7,158372,0.5,0,0.0,0,0.0,56,4.1
"54081","2","10","71","0","2017","4","",36,1274,1278,1277,11401362,0,0,687,"",2.32,1.25,1.25,1.25,1.08,0.00,0.00,0.86,"",6,20.0,88,7.4,99,8.4,104,8.9,1636553,16.8,0,0.0,0,0.0,50,7.8
"54081","3","10","71","0","2017","4","",61,2754,2744,2769,26191945,261399,4960,731,"",1.62,0.87,0.87,0.87,0.94,0.38,0.94,1.08,"",-2,-3.2,-118,-4.1,-108,-3.8,-85,-3.0,-888449,-3.3,-27575,-9.5,-1800,-26.6,2,0.3
"54081","5","10","71","0","2017","4","",2064,26071,26164,26367,255139072,34794063,997029,749,"",0.96,0.97,0.97,0.97,0.93,1.03,1.00,0.96,"",16,0.8,721,2.8,667,2.6,579,2.2,21096611,9.0,3995895,13.0,156308,18.6,44,6.2
"54083","0","10","70","0","2017","4","",856,11406,11426,11394,99825916,10127930,264662,673,"",1.00,1.00,1.00,1.00,1.00,1.00,1.00,1.00,"",21,2.5,-418,-3.5,-368,-3.1,-375,-3.2,1641049,1.7,-507839,-4.8,-12573,-4.5,33,5.2
"54083","1","10","71","0","2017","4","",26,156,153,152,2435674,0,0,1219,"",5.06,0.71,0.70,0.69,0.89,0.00,0.00,1.27,"",0,0.0,-1,-0.6,-4,-2.5,-12,-7.3,82218,3.5,0,0.0,0,0.0,83,7.3
"54083","2","10","71","0","2017","4","",24,841,833,822,7293732,0,0,674,"",4.00,2.30,2.28,2.26,2.24,0.00,0.00,0.98,"",1,4.3,-55,-6.1,-57,-6.4,-51,-5.8,-1058016,-12.7,-15210,-100.0,-319,-100.0,-51,-7.0
"54083","3","10","71","0","2017","4","",42,1066,1069,1055,8722563,204518,3472,631,"",2.89,0.94,0.94,0.94,1.02,1.02,2.49,1.08,"",-1,-2.3,-12,-1.1,-9,-0.8,-24,-2.2,-70879,-0.8,33411,19.5,413,13.5,4,0.6
"54083","5","10","71","0","2017","4","",764,9343,9371,9365,81373947,9923412,261190,669,"",0.92,0.96,0.97,0.97,0.95,1.01,0.99,0.99,"",21,2.8,-350,-3.6,-298,-3.1,-288,-3.0,2687726,3.4,-526040,-5.0,-12667,-4.6,43,6.9
"54085","0","10","70","0","2017","4","",253,3363,3335,3328,33568716,2862761,97202,773,"",1.00,1.00,1.00,1.00,1.00,1.00,1.00,1.00,"",-4,-1.6,18,0.5,60,1.8,65,2.0,17259,0.1,328309,13.0,19845,25.7,-10,-1.3
"54085","1","10","71","0","2017","4","",8,26,28,27,299487,0,0,853,"",5.27,0.40,0.44,0.42,0.32,0.00,0.00,0.77,"",0,0.0,1,4.0,2,7.7,0,0.0,12297,4.3,0,0.0,0,0.0,3,0.4
"54085","2","10","71","0","2017","4","",9,110,109,105,673652,0,0,480,"",5.08,1.02,1.02,0.99,0.61,0.00,0.00,0.61,"",1,12.5,-5,-4.3,-3,-2.7,-1,-0.9,-39596,-5.6,0,0.0,0,0.0,-14,-2.8
"54085","3","10","71","0","2017","4","",20,366,376,370,3070896,12021,314,637,"",4.65,1.10,1.14,1.12,1.06,0.21,0.61,0.95,"",0,0.0,-36,-9.0,-29,-7.2,-28,-7.0,-129036,-4.0,2212,22.6,19,6.4,24,3.9
"54085","5","10","71","0","2017","4","",216,2861,2822,2826,29524681,2850740,96888,801,"",0.88,1.00,1.00,1.00,1.03,1.03,1.00,1.03,"",-5,-2.3,58,2.1,90,3.3,94,3.4,173594,0.6,326097,12.9,19826,25.7,-18,-2.2
"54087","0","10","70","0","2017","4","",294,2929,2922,2903,26956947,2389083,80500,711,"",1.00,1.00,1.00,1.00,1.00,1.00,1.00,1.00,"",1,0.3,-18,-0.6,-41,-1.4,-92,-3.1,528593,2.0,-109532,-4.4,1122,1.4,26,3.8
"54087","1","10","71","0","2017","4","",8,23,23,24,309491,0,0,1020,"",4.54,0.41,0.41,0.43,0.42,0.00,0.00,1.00,"",0,0.0,-3,-11.5,-1,-4.2,-2,-7.7,20424,7.1,0,0.0,0,0.0,142,16.2
"54087","2","10","71","0","2017","4","",13,112,111,111,802938,0,0,555,"",6.31,1.19,1.19,1.20,0.91,0.00,0.00,0.77,"",2,18.2,5,4.7,3,2.8,4,3.7,-26871,-3.2,0,0.0,0,0.0,-40,-6.7
"54087","3","10","71","0","2017","4","",21,505,522,508,4005187,21596,345,602,"",4.20,1.74,1.80,1.77,1.73,0.46,0.81,0.98,"",0,0.0,-5,-1.0,6,1.2,-27,-5.0,-17233,-0.4,-1218,-5.3,-19,-5.2,7,1.2
"54087","5","10","71","0","2017","4","",252,2289,2266,2260,21839331,2367487,80155,740,"",0.88,0.92,0.91,0.92,0.95,1.02,1.00,1.04,"",-1,-0.4,-15,-0.7,-49,-2.1,-67,-2.9,552273,2.6,-108314,-4.4,1141,1.4,33,4.7
"54089","0","10","70","0","2017","4","",204,2219,2197,2111,18254507,2078799,63889,645,"",1.00,1.00,1.00,1.00,1.00,1.00,1.00,1.00,"",5,2.5,15,0.7,44,2.0,-17,-0.8,1215692,7.1,443313,27.1,25223,65.2,39,6.4
"54089","1","10","71","0","2017","4","",10,38,35,34,488368,0,0,1053,"",8.17,0.89,0.83,0.84,0.97,0.00,0.00,1.14,"",0,0.0,-1,-2.6,1,2.9,0,0.0,44393,10.0,0,0.0,0,0.0,95,9.9
"54089","2","10","71","0","2017","4","",8,254,247,234,1396640,0,0,439,"",5.60,3.57,3.51,3.48,2.34,0.00,0.00,0.67,"",1,14.3,-12,-4.5,-9,-3.5,-4,-1.7,-35114,-2.5,0,0.0,0,0.0,4,0.9
"54089","3","10","71","0","2017","4","",19,463,473,447,3308663,155586,2619,552,"",5.48,2.11,2.17,2.14,2.11,3.78,7.79,0.99,"",0,0.0,-14,-2.9,12,2.6,-27,-5.7,3274,0.1,-26253,-14.4,-477,-15.4,12,2.2
"54089","5","10","71","0","2017","4","",167,1464,1442,1396,13060836,1923213,61270,701,"",0.84,0.78,0.77,0.78,0.84,0.96,0.97,1.08,"",4,2.5,42,3.0,40,2.9,14,1.0,1203139,10.1,469566,32.3,25700,72.3,50,7.7
"54091","0","10","70","0","2017","4","",281,3274,3277,3266,33651454,2415986,69682,791,"",1.00,1.00,1.00,1.00,1.00,1.00,1.00,1.00,"",5,1.8,-48,-1.4,-69,-2.1,-69,-2.1,116634,0.3,-495725,-17.0,-10971,-13.6,17,2.2
"54091","1","10","71","0","2017","4","",8,45,44,44,628380,0,0,1090,"",4.75,0.71,0.70,0.70,0.68,0.00,0.00,0.96,"",0,0.0,1,2.3,0,0.0,2,4.8,52128,9.0,0,0.0,0,0.0,67,6.5
"54091","2","10","71","0","2017","4","",17,235,237,234,1756677,0,0,574,"",8.63,2.24,2.26,2.25,1.60,0.00,0.00,0.71,"",3,21.4,-23,-8.9,-21,-8.1,-19,-7.5,-90924,-4.9,0,0.0,0,0.0,20,3.6
"54091","3","10","71","0","2017","4","",22,854,872,841,7524186,123446,1858,676,"",4.61,2.63,2.68,2.60,2.60,2.58,5.07,0.99,"",0,0.0,-11,-1.3,5,0.6,-22,-2.5,141864,1.9,19590,18.9,287,18.3,20,3.0
"54091","5","10","71","0","2017","4","",234,2140,2124,2147,23742211,2292540,67824,855,"",0.86,0.77,0.76,0.77,0.83,0.98,0.98,1.08,"",2,0.9,-15,-0.7,-53,-2.4,-30,-1.4,13566,0.1,-515315,-18.4,-11258,-14.2,14,1.7
"54093","0","10","70","0","2017","4","",213,2560,2531,2642,22500471,2218210,72169,671,"",1.00,1.00,1.00,1.00,1.00,1.00,1.00,1.00,"",-2,-0.9,-240,-8.6,-158,-5.9,-28,-1.0,-513291,-2.2,-117175,-5.0,-5027,-6.5,20,3.1
"54093","1","10","71","0","2017","4","",9,52,53,53,803021,0,0,1173,"",7.04,1.06,1.09,1.04,1.30,0.00,0.00,1.22,"",0,0.0,0,0.0,2,3.9,3,6.0,34427,4.5,0,0.0,0,0.0,14,1.2
"54093","2","10","71","0","2017","4","",10,225,223,217,1554140,0,0,539,"",6.70,2.74,2.75,2.58,2.12,0.00,0.00,0.79,"",0,0.0,-10,-4.3,-8,-3.5,-7,-3.1,-137746,-8.1,-8858,-100.0,-186,-100.0,-27,-4.8
"54093","3","10","71","0","2017","4","",22,352,358,345,2550907,38606,587,558,"",6.08,1.39,1.42,1.32,1.32,0.88,1.55,0.96,"",0,0.0,-15,-4.1,-9,-2.5,-17,-4.7,-65987,-2.5,-46343,-54.6,-890,-60.3,7,1.3
"54093","5","10","71","0","2017","4","",172,1931,1897,2027,17592403,2179604,71582,693,"",0.83,0.89,0.88,0.90,0.92,1.02,1.00,1.03,"",-2,-1.1,-215,-10.0,-143,-7.0,-7,-0.3,-343985,-1.9,-61974,-2.8,-3951,-5.2,28,4.2
"54095","0","10","70","0","2017","4","",147,2122,2124,2114,25275910,1501953,42982,917,"",1.00,1.00,1.00,1.00,1.00,1.00,1.00,1.00,"",7,5.0,-145,-6.4,-63,-2.9,-51,-2.4,-635392,-2.5,-274612,-15.5,-11873,-21.6,14,1.6
"54095","1","10","71","0","2017","4","",5,12,14,14,172434,0,0,995,"",5.67,0.29,0.34,0.34,0.25,0.00,0.00,0.76,"",0,0.0,-4,-25.0,-1,-6.7,-1,-6.7,-15830,-8.4,0,0.0,0,0.0,51,5.4
"54095","2","10","71","0","2017","4","N",7,0,0,0,0,0,0,0,"N",6.80,0,0,0,0,0,0,0,"N",1,16.7,0,0,0,0,0,0,0,0,0,0,0,0,0,0
"54095","3","10","71","0","2017","4","N",18,0,0,0,0,0,0,0,"N",7.20,0,0,0,0,0,0,0,"N",0,0.0,0,0,0,0,0,0,0,0,0,0,0,0,0,0
"54095","5","10","71","0","2017","4","",117,1532,1529,1530,19920383,1475801,42266,1001,"",0.82,0.85,0.85,0.85,0.92,1.02,0.99,1.09,"",6,5.4,-141,-8.4,-62,-3.9,-48,-3.0,-608424,-3.0,-274239,-15.7,-11780,-21.8,23,2.4
"54097","0","10","70","0","2017","4","",684,7376,7343,7298,68642825,6861463,217209,719,"",1.00,1.00,1.00,1.00,1.00,1.00,1.00,1.00,"",6,0.9,-130,-1.7,-154,-2.1,-118,-1.6,1220405,1.8,-26761,-0.4,18225,9.2,25,3.6
"54097","1","10","71","0","2017","4","",7,118,116,124,1635465,0,0,1054,"",1.71,0.83,0.83,0.88,0.87,0.00,0.00,1.03,"",0,0.0,-6,-4.8,-7,-5.7,-1,-0.8,-27655,-1.7,0,0.0,0,0.0,22,2.1
"54097","2","10","71","0","2017","4","",16,198,197,195,1663674,0,0,651,"",3.34,0.84,0.84,0.84,0.74,0.00,0.00,0.89,"",4,33.3,13,7.0,13,7.1,11,6.0,-33380,-2.0,-46220,-100.0,-971,-100.0,-57,-8.1
"54097","3","10","71","0","2017","4","",33,1021,1009,1006,8251743,92960,1640,627,"",2.84,1.40,1.38,1.39,1.40,0.68,1.43,1.01,"",0,0.0,5,0.5,-39,-3.7,-47,-4.5,-130521,-1.6,6709,7.8,52,3.3,6,1.0
"54097","5","10","71","0","2017","4","",628,6039,6021,5973,57091943,6768503,215569,731,"",0.95,0.96,0.97,0.96,0.97,1.02,1.00,1.01,"",2,0.3,-142,-2.3,-121,-2.0,-81,-1.3,1411961,2.5,12750,0.2,19144,9.7,32,4.6
"54099","0","10","70","0","2017","4","",585,8353,8305,8192,93644616,5892587,152125,870,"",1.00,1.00,1.00,1.00,1.00,1.00,1.00,1.00,"",4,0.7,121,1.5,153,1.9,67,0.8,4599248,5.2,-218580,-3.6,-17275,-10.2,32,3.8
"54099","1","10","71","0","2017","4","",20,1442,1439,1438,30630241,0,0,1637,"",5.70,8.97,9.05,9.11,11.90,0.00,0.00,1.32,"",0,0.0,24,1.7,28,2.0,25,1.8,2508859,8.9,0,0.0,0,0.0,107,7.0
"54099","2","10","71","0","2017","4","",10,201,199,194,1438661,0,0,559,"",2.44,0.75,0.75,0.74,0.47,0.00,0.00,0.63,"",0,0.0,-8,-3.8,-6,-2.9,-8,-4.0,-148216,-9.3,-6610,-100.0,-139,-100.0,-35,-5.9
"54099","3","10","71","0","2017","4","",43,1580,1594,1570,13918451,209923,4461,677,"",4.32,1.91,1.93,1.94,1.73,1.80,5.57,0.90,"",-3,-6.5,-74,-4.5,-26,-1.6,-72,-4.4,-500009,-3.5,15426,7.9,281,6.7,0,0.0
"54099","5","10","71","0","2017","4","",512,5130,5073,4990,47657263,5682664,147664,724,"",0.90,0.72,0.72,0.72,0.60,1.00,0.98,0.83,"",7,1.4,179,3.6,157,3.2,122,2.5,2738614,6.1,-227396,-3.8,-17417,-10.6,21,3.0
"54101","0","10","70","0","2017","4","",210,1767,1790,1761,15535795,1541170,47588,674,"",1.00,1.00,1.00,1.00,1.00,1.00,1.00,1.00,"",-6,-2.8,-27,-1.5,-2,-0.1,-18,-1.0,259018,1.7,55463,3.7,5095,12.0,17,2.6
"54101","1","10","71","0","2017","4","",7,12,12,12,155404,0,0,996,"",5.56,0.35,0.35,0.35,0.36,0.00,0.00,1.03,"",0,0.0,0,0.0,0,0.0,0,0.0,41,0.0,0,0.0,0,0.0,0,0.0
"54101","2","10","71","0","2017","4","",11,89,88,87,704915,0,0,616,"",7.48,1.57,1.53,1.55,1.39,0.00,0.00,0.90,"",3,37.5,4,4.7,3,3.5,5,6.1,-17653,-2.4,0,0.0,0,0.0,-46,-6.9
"54101","3","10","71","0","2017","4","",21,490,484,488,4756744,143201,2740,751,"",5.88,2.80,2.72,2.80,3.56,4.69,10.94,1.28,"",0,0.0,-25,-4.9,-21,-4.2,-10,-2.0,-60900,-1.3,12129,9.3,375,15.9,19,2.6
"54101","5","10","71","0","2017","4","",171,1176,1206,1174,9918732,1397969,44848,644,"",0.84,0.78,0.79,0.78,0.75,0.94,0.95,0.95,"",-9,-5.0,-6,-0.5,16,1.3,-13,-1.1,337530,3.5,43334,3.2,4720,11.8,23,3.7
"54103","0","10","70","0","2017","4","",422,4552,4618,4593,38771850,4657782,140274,650,"",1.00,1.00,1.00,1.00,1.00,1.00,1.00,1.00,"",-6,-1.4,-43,-0.9,-73,-1.6,-49,-1.1,1245644,3.3,524177,12.7,19242,15.9,28,4.5
"54103","1","10","71","0","2017","4","",10,36,35,35,434604,0,0,946,"",3.95,0.41,0.40,0.40,0.41,0.00,0.00,1.02,"",-1,-9.1,0,0.0,1,2.9,1,2.9,31633,7.8,0,0.0,0,0.0,52,5.8
"54103","2","10","71","0","2017","4","",14,120,121,120,823897,0,0,527,"",4.73,0.82,0.82,0.82,0.65,0.00,0.00,0.79,"",1,7.7,-3,-2.4,-2,-1.6,-3,-2.4,-65083,-7.3,0,0.0,0,0.0,-29,-5.2
"54103","3","10","71","0","2017","4","",33,1076,1110,1084,10294907,235891,4131,727,"",4.60,2.39,2.42,2.38,3.09,2.56,5.60,1.29,"",0,0.0,5,0.5,6,0.5,11,1.0,236027,2.3,168451,249.8,3006,267.2,12,1.7
"54103","5","10","71","0","2017","4","",365,3320,3352,3354,27218442,4421891,136143,626,"",0.89,0.86,0.85,0.86,0.82,0.98,0.98,0.96,"",-6,-1.6,-45,-1.3,-78,-2.3,-58,-1.7,1043067,4.0,355726,8.7,16236,13.5,34,5.7
"54105","0","10","70","0","2017","4","",81,550,558,558,3989698,326268,7562,553,"",1.00,1.00,1.00,1.00,1.00,1.00,1.00,1.00,"",0,0.0,-37,-6.3,-26,-4.5,-26,-4.5,-171025,-4.1,-87457,-21.1,-2799,-27.0,6,1.1
"54105","1","10","71","0","2017","4","",3,13,12,12,134567,0,0,839,"",6.18,1.23,1.12,1.12,1.23,0.00,0.00,1.06,"",0,0.0,0,0.0,0,0.0,0,0.0,-1455,-1.1,0,0.0,0,0.0,-9,-1.1
"54105","2","10","71","0","2017","4","",10,46,45,44,323307,0,0,553,"",17.62,2.61,2.52,2.47,2.48,0.00,0.00,0.98,"",1,11.1,-3,-6.1,-4,-8.2,-3,-6.4,-41276,-11.3,0,0.0,0,0.0,-27,-4.7
"54105","3","10","71","0","2017","4","N",12,0,0,0,0,0,0,0,"N",8.72,0,0,0,0,0,0,0,"N",0,0.0,0,0,0,0,0,0,0,0,0,0,0,0,0,0
"54105","5","10","71","0","2017","4","N",56,0,0,0,0,0,0,0,"N",0.71,0,0,0,0,0,0,0,"N",-1,-1.8,0,0,0,0,0,0,0,0,0,0,0,0,0,0
"54107","0","10","70","0","2017","4","",2291,35420,35632,35765,361912820,34457623,907361,782,"",1.00,1.00,1.00,1.00,1.00,1.00,1.00,1.00,"",2,0.1,-1231,-3.4,-1447,-3.9,-1213,-3.3,8818187,2.5,-567452,-1.6,29029,3.3,46,6.2
"54107","1","10","71","0","2017","4","",23,2412,2405,2393,41607293,0,0,1332,"",1.67,3.54,3.53,3.47,4.18,0.00,0.00,1.19,"",0,0.0,-14,-0.6,-33,-1.4,-53,-2.2,1271163,3.2,0,0.0,0,0.0,59,4.6
"54107","2","10","71","0","2017","4","",28,961,962,959,8132634,0,0,651,"",1.74,0.85,0.84,0.84,0.69,0.00,0.00,0.82,"",1,3.7,-32,-3.2,-32,-3.2,-39,-3.9,-383152,-4.5,-37248,-100.0,-782,-100.0,-7,-1.1
"54107","3","10","71","0","2017","4","",65,3407,3279,3346,29372329,266916,4519,676,"",1.67,0.97,0.93,0.95,0.94,0.39,0.95,1.00,"",3,4.8,8,0.2,-123,-3.6,-8,-0.2,-580058,-1.9,38546,16.9,279,6.6,-5,-0.7
"54107","5","10","71","0","2017","4","",2175,28640,28986,29067,282800564,34190707,902842,753,"",0.98,0.95,0.96,0.96,0.92,1.03,1.00,0.96,"",-2,-0.1,-1193,-4.0,-1259,-4.2,-1113,-3.7,8510234,3.1,-568750,-1.6,29532,3.4,52,7.4
"54109","0","10","70","0","2017","4","",375,4321,4321,4342,47597439,4066121,140930,846,"",1.00,1.00,1.00,1.00,1.00,1.00,1.00,1.00,"",-8,-2.1,-41,-0.9,-58,-1.3,-26,-0.6,1204483,2.6,472832,13.2,32654,30.2,29,3.5
"54109","1","10","71","0","2017","4","",25,94,93,92,1436899,0,0,1189,"",11.12,1.13,1.12,1.10,1.10,0.00,0.00,0.98,"",0,0.0,-3,-3.1,-4,-4.1,-4,-4.2,14034,1.0,0,0.0,0,0.0,57,5.0
"54109","2","10","71","0","2017","4","",12,173,172,169,1171789,0,0,526,"",4.57,1.25,1.24,1.22,0.75,0.00,0.00,0.61,"",0,0.0,-8,-4.4,-5,-2.8,-2,-1.2,-131872,-10.1,0,0.0,0,0.0,-43,-7.6
"54109","3","10","71","0","2017","4","",30,874,881,876,7298158,77381,1167,640,"",4.71,2.04,2.05,2.04,1.78,0.96,1.57,0.87,"",0,0.0,0,0.0,5,0.6,0,0.0,-338058,-4.4,6910,9.8,106,10.0,-31,-4.6
"54109","5","10","71","0","2017","4","",308,3180,3175,3205,37690593,3988740,139763,910,"",0.85,0.87,0.86,0.87,0.93,1.01,1.00,1.07,"",-8,-2.5,-30,-0.9,-54,-1.7,-20,-0.6,1660379,4.6,465922,13.2,32548,30.4,50,5.8
"54999","0","10","70","0","2017","4","",6288,28224,27660,26694,452450335,62487881,3024032,1264,"",1.00,1.00,1.00,1.00,1.00,1.00,1.00,1.00,"",393,6.7,3246,13.0,2818,11.3,2753,11.5,75437500,20.0,10904820,21.1,774266,34.4,84,7.1
"54999","1","10","71","0","2017","4","",27,377,373,432,7949151,0,0,1552,"",0.72,0.69,0.70,0.84,0.64,0.00,0.00,0.86,"",1,3.8,95,33.7,77,26.0,136,45.9,2139451,36.8,0,0.0,0,0.0,18,1.2
"54999","2","10","71","0","2017","4","N",4,0,0,0,0,0,0,0,"N",0.09,0,0,0,0,0,0,0,"N",-1,-20.0,0,0,0,0,0,0,0,0,0,0,0,0,0,0
"54999","5","10","71","0","2017","4","N",6257,0,0,0,0,0,0,0,"N",1.03,0,0,0,0,0,0,0,"N",393,6.7,0,0,0,0,0,0,0,0,0,0,0,0,0,0
"55000","0","10","50","0","2017","4","",172569,2875527,2875084,2874926,35539922901,3104776938,66552070,951,"",1.00,1.00,1.00,1.00,1.00,1.00,1.00,1.00,"",2207,1.3,20011,0.7,12940,0.5,31054,1.1,1286320725,3.8,127929590,4.3,-12069443,-15.4,28,3.0
"55000","1","10","51","0","2017","4","",1232,28898,28919,29230,494468474,0,0,1311,"",1.19,0.52,0.53,0.53,0.51,0.00,0.00,0.96,"",0,0.0,-251,-0.9,-133,-0.5,-193,-0.7,10498927,2.2,0,0.0,0,0.0,36,2.8
"55000","2","10","51","0","2017","4","",625,77500,77004,76740,950713462,11246,163,949,"",0.52,0.84,0.84,0.84,0.82,0.00,0.00,0.98,"",-22,-3.4,234,0.3,-203,-0.3,-588,-0.8,4077129,0.4,-9560,-45.9,-45,-21.6,7,0.7
"55000","3","10","51","0","2017","4","",5571,280220,281017,282406,2997892067,13309927,342959,820,"",1.90,0.98,0.98,0.99,0.98,0.22,0.98,0.99,"",-73,-1.3,-1867,-0.7,-12729,-4.3,-2563,-0.9,25773477,0.9,224385,1.7,-58927,-14.7,23,2.9
"55000","5","10","51","0","2017","4","",165141,2488909,2488144,2486550,31096848898,3091455765,66208948,961,"",0.99,1.02,1.02,1.02,1.02,1.03,1.00,1.01,"",2302,1.4,21895,0.9,26005,1.1,34398,1.4,1245971192,4.2,127714765,4.3,-12010471,-15.4,28,3.0
"55000","8","10","96","0","2017","4","",7428,386618,386940,388376,4443074003,13321173,343122,882,"",1.43,0.89,0.89,0.90,0.86,0.13,0.78,0.95,"",-95,-1.3,-1884,-0.5,-13065,-3.3,-3344,-0.9,40349533,0.9,214825,1.6,-58972,-14.7,21,2.4
"55001","0","10","70","0","2017","4","",337,4683,4372,4226,42045999,5197060,150752,731,"",1.00,1.00,1.00,1.00,1.00,1.00,1.00,1.00,"",-4,-1.2,-57,-1.2,-65,-1.5,-42,-1.0,1073793,2.6,-42411,-0.8,-60516,-28.6,28,4.0
"55001","1","10","71","0","2017","4","",5,260,256,256,4171190,0,0,1247,"",2.47,2.88,3.06,3.14,3.61,0.00,0.00,1.19,"",0,0.0,-22,-7.8,-25,-8.9,-25,-8.9,9409,0.2,0,0.0,0,0.0,109,9.6
"55001","2","10","71","0","2017","4","",5,25,22,21,203508,0,0,691,"",2.12,0.17,0.16,0.16,0.15,0.00,0.00,0.93,"",0,0.0,3,13.6,2,10.0,1,5.0,14493,7.7,0,0.0,0,0.0,-13,-1.8
"55001","3","10","71","0","2017","4","",38,756,736,721,7218006,0,0,753,"",6.63,1.63,1.70,1.72,2.00,0.00,0.00,1.19,"",0,0.0,-45,-5.6,-96,-11.5,-49,-6.4,127746,1.8,0,0.0,0,0.0,72,10.6
"55001","5","10","71","0","2017","4","",289,3642,3358,3228,30453295,5197060,150752,687,"",0.88,0.92,0.90,0.90,0.85,1.03,1.01,0.93,"",-4,-1.4,7,0.2,54,1.6,31,1.0,922145,3.1,-42411,-0.8,-60516,-28.6,15,2.2
"55003","0","10","70","0","2017","4","",600,8288,8186,8112,85797544,8902124,225109,805,"",1.00,1.00,1.00,1.00,1.00,1.00,1.00,1.00,"",1,0.2,31,0.4,55,0.7,172,2.2,8581650,11.1,637759,7.7,-27178,-10.8,73,10.0
"55003","1","10","71","0","2017","4","",19,163,157,157,2356088,0,0,1140,"",5.28,1.02,1.00,1.00,1.00,0.00,0.00,0.99,"",0,0.0,-2,-1.2,-4,-2.5,-7,-4.3,30169,1.3,0,0.0,0,0.0,45,4.1
"55003","2","10","71","0","2017","4","",10,74,68,66,671082,0,0,745,"",2.38,0.28,0.26,0.26,0.24,0.00,0.00,0.91,"",0,0.0,2,2.8,-1,-1.4,-1,-1.5,-20139,-2.9,0,0.0,0,0.0,-22,-2.9
"55003","3","10","71","0","2017","4","",53,1588,1618,1615,14037713,525492,16696,672,"",5.20,1.93,1.99,2.01,1.90,2.98,14.09,0.96,"",-4,-7.0,-141,-8.2,-97,-5.7,-85,-5.0,-1319280,-8.6,-128920,-19.7,-9786,-37.0,-17,-2.5
"55003","5","10","71","0","2017","4","",518,6463,6343,6274,68732661,8376632,208413,831,"",0.89,0.92,0.91,0.91,0.94,0.97,0.93,1.03,"",5,1.0,172,2.7,157,2.5,265,4.4,9890900,16.8,766679,10.1,-17392,-7.7,96,13.1
"55005","0","10","70","0","2017","4","",1479,22421,22158,22100,217876565,25308372,649763,754,"",1.00,1.00,1.00,1.00,1.00,1.00,1.00,1.00,"",68,4.8,568,2.6,343,1.6,481,2.2,11746312,5.7,2099116,9.0,7241,1.1,25,3.4
"55005","1","10","71","0","2017","4","",16,135,138,135,1843343,0,0,1043,"",1.80,0.31,0.33,0.32,0.31,0.00,0.00,0.97,"",0,0.0,-10,-6.9,-3,-2.1,-9,-6.2,73106,4.1,0,0.0,0,0.0,93,9.8
"55005","2","10","71","0","2017","4","",8,108,112,110,1013834,0,0,709,"",0.77,0.15,0.16,0.16,0.14,0.00,0.00,0.92,"",-1,-11.1,-13,-10.7,-10,-8.2,-10,-8.3,-87877,-8.0,0,0.0,0,0.0,9,1.3
"55005","3","10","71","0","2017","4","",82,3371,3351,3432,29861646,1001502,10033,679,"",3.26,1.52,1.52,1.57,1.59,2.00,2.93,1.04,"",-1,-1.2,48,1.4,-26,-0.8,87,2.6,1290933,4.5,171175,20.6,398,4.1,23,3.5
"55005","5","10","71","0","2017","4","",1373,18807,18557,18423,185157742,24306870,639730,766,"",0.96,0.99,0.99,0.98,1.00,0.99,0.99,1.01,"",70,5.4,543,3.0,382,2.1,413,2.3,10470150,6.0,1927941,8.6,6843,1.1,26,3.5
"55007","0","10","70","0","2017","4","",504,4248,3884,3840,28756614,3955541,140051,554,"",1.00,1.00,1.00,1.00,1.00,1.00,1.00,1.00,"",0,0.0,29,0.7,12,0.3,-31,-0.8,1246276,4.5,23065,0.6,-20271,-12.6,23,4.3
"55007","1","10","71","0","2017","4","",13,102,90,100,1272811,0,0,1006,"",4.30,1.25,1.21,1.35,1.61,0.00,0.00,1.27,"",0,0.0,-13,-11.3,-4,-4.3,1,1.0,79780,6.7,0,0.0,0,0.0,112,12.5
"55007","2","10","71","0","2017","4","N",2,0,0,0,0,0,0,0,"N",0.57,0,0,0,0,0,0,0,"N",0,0.0,0,0,0,0,0,0,0,0,0,0,0,0,0,0
"55007","3","10","71","0","2017","4","N",79,0,0,0,0,0,0,0,"N",9.22,0,0,0,0,0,0,0,"N",0,0.0,0,0,0,0,0,0,0,0,0,0,0,0,0,0
"55007","5","10","71","0","2017","4","",410,2707,2379,2291,17353116,3367728,114993,543,"",0.84,0.75,0.72,0.70,0.71,0.88,0.83,0.97,"",0,0.0,45,1.7,11,0.5,-23,-1.0,738859,4.4,-21519,-0.6,-13993,-10.8,21,4.0
"55009","0","10","70","0","2017","4","",6984,157509,158742,157459,2030874819,159821318,3229050,989,"",1.00,1.00,1.00,1.00,1.00,1.00,1.00,1.00,"",263,3.9,1278,0.8,2336,1.5,1763,1.1,94613469,4.9,8523929,5.6,-448526,-12.2,35,3.7
"55009","1","10","71","0","2017","4","",31,1223,1227,1242,21668767,0,0,1354,"",0.74,0.40,0.40,0.41,0.39,0.00,0.00,0.96,"",0,0.0,27,2.3,32,2.7,13,1.1,697705,3.3,0,0.0,0,0.0,17,1.3
"55009","2","10","71","0","2017","4","",17,1643,1633,1630,18077806,0,0,850,"",0.35,0.32,0.32,0.32,0.27,0.00,0.00,0.84,"",-1,-5.6,-69,-4.0,-82,-4.8,-95,-5.5,-862909,-4.6,0,0.0,0,0.0,2,0.2
"55009","3","10","71","0","2017","4","",184,14705,14843,14733,160717034,0,0,838,"",1.55,0.94,0.94,0.95,0.92,0.00,0.00,0.98,"",-3,-1.6,-160,-1.1,-591,-3.8,-75,-0.5,4400687,2.8,0,0.0,0,0.0,38,4.8
"55009","5","10","71","0","2017","4","",6752,139938,141039,139854,1830411212,159821318,3229050,1004,"",1.00,1.05,1.05,1.05,1.06,1.03,1.01,1.01,"",267,4.1,1480,1.1,2977,2.2,1920,1.4,90377986,5.2,8523929,5.6,-448526,-12.2,35,3.6
"55011","0","10","70","0","2017","4","",373,3889,3802,3795,35778642,3177489,54720,719,"",1.00,1.00,1.00,1.00,1.00,1.00,1.00,1.00,"",2,0.5,-23,-0.6,-33,-0.9,93,2.5,1076301,3.1,-316223,-9.1,-13033,-19.2,20,2.9
"55011","1","10","71","0","2017","4","",10,168,156,143,2733633,0,0,1351,"",4.47,2.24,2.14,1.96,2.78,0.00,0.00,1.31,"",-1,-9.1,0,0.0,-11,-6.6,23,19.2,222849,8.9,0,0.0,0,0.0,78,6.1
"55011","2","10","71","0","2017","4","",5,19,18,17,170533,0,0,729,"",1.91,0.15,0.15,0.14,0.15,0.00,0.00,0.99,"",0,0.0,1,5.6,1,5.9,1,6.2,1314,0.8,0,0.0,0,0.0,-37,-4.8
"55011","3","10","71","0","2017","4","",39,664,668,679,5361311,0,0,615,"",6.15,1.72,1.77,1.81,1.74,0.00,0.00,0.99,"",0,0.0,-10,-1.5,-24,-3.5,-1,-0.1,125022,2.4,0,0.0,0,0.0,24,4.1
"55011","5","10","71","0","2017","4","",319,3038,2960,2956,27513165,3177489,54720,709,"",0.88,0.92,0.92,0.92,0.90,1.03,1.01,0.98,"",3,0.9,-14,-0.5,1,0.0,70,2.4,727116,2.7,-316223,-9.1,-13033,-19.2,14,2.0
"55013","0","10","70","0","2017","4","",416,4770,4747,4648,40994229,4913206,128545,668,"",1.00,1.00,1.00,1.00,1.00,1.00,1.00,1.00,"",17,4.3,118,2.5,99,2.1,54,1.2,2170983,5.6,329753,7.2,-23709,-15.6,23,3.6
"55013","1","10","71","0","2017","4","",5,27,25,25,334461,0,0,1002,"",2.00,0.29,0.28,0.28,0.30,0.00,0.00,1.05,"",-1,-16.7,-7,-20.6,-4,-13.8,-3,-10.7,-10355,-3.0,0,0.0,0,0.0,128,14.6
"55013","2","10","71","0","2017","4","",4,30,29,29,288428,0,0,756,"",1.37,0.20,0.19,0.20,0.22,0.00,0.00,1.11,"",0,0.0,-6,-16.7,-10,-25.6,0,0.0,-16611,-5.4,0,0.0,0,0.0,79,11.7
"55013","3","10","71","0","2017","4","",43,1481,1505,1495,11895189,964606,42928,613,"",6.08,3.13,3.19,3.25,3.37,9.92,63.45,1.06,"",0,0.0,74,5.3,38,2.6,37,2.5,588488,5.2,139333,16.9,2974,7.4,11,1.8
"55013","5","10","71","0","2017","4","",364,3232,3188,3099,28476151,3948600,85617,690,"",0.90,0.80,0.79,0.78,0.81,0.83,0.67,1.03,"",18,5.2,57,1.8,75,2.4,20,0.6,1609461,6.0,190420,5.1,-26683,-23.8,28,4.2
"55015","0","10","70","0","2017","4","",793,13178,13326,13275,132543786,14791610,254853,769,"",1.00,1.00,1.00,1.00,1.00,1.00,1.00,1.00,"",10,1.3,-678,-4.9,-607,-4.4,-406,-3.0,-6191470,-4.5,1334297,9.9,-31165,-10.9,-3,-0.4
"55015","1","10","71","0","2017","4","",12,52,49,51,654475,0,0,994,"",2.52,0.20,0.19,0.20,0.18,0.00,0.00,0.90,"",-2,-14.3,-40,-43.5,-39,-44.3,-41,-44.6,-842987,-56.3,0,0.0,0,0.0,-276,-21.7
"55015","2","10","71","0","2017","4","",5,16,11,10,121372,0,0,757,"",0.90,0.04,0.03,0.02,0.03,0.00,0.00,0.97,"",1,25.0,2,14.3,0,0.0,0,0.0,6673,5.8,0,0.0,0,0.0,1,0.1
"55015","3","10","71","0","2017","4","",43,1233,1333,1273,11485834,0,0,690,"",3.19,0.94,1.01,0.97,1.01,0.00,0.00,1.03,"",0,0.0,-10,-0.8,-35,-2.6,-56,-4.2,56355,0.5,0,0.0,0,0.0,21,3.1
"55015","5","10","71","0","2017","4","",733,11877,11933,11941,120282105,14791610,254853,776,"",0.95,1.06,1.05,1.06,1.06,1.03,1.01,1.00,"",11,1.5,-630,-5.0,-533,-4.3,-309,-2.5,-5411511,-4.3,1334297,9.9,-31165,-10.9,-3,-0.4
"55017","0","10","70","0","2017","4","",1616,24633,24436,24227,246591238,24607446,544112,776,"",1.00,1.00,1.00,1.00,1.00,1.00,1.00,1.00,"",33,2.1,-16,-0.1,-160,-0.7,33,0.1,9253405,3.9,481321,2.0,-123030,-18.4,30,4.0
"55017","1","10","71","0","2017","4","",17,185,185,188,2988621,0,0,1236,"",1.75,0.39,0.40,0.40,0.44,0.00,0.00,1.11,"",0,0.0,-9,-4.6,3,1.6,1,0.5,39912,1.4,0,0.0,0,0.0,27,2.2
"55017","2","10","71","0","2017","4","",8,728,721,713,7505323,0,0,801,"",0.71,0.92,0.92,0.92,0.93,0.00,0.00,1.01,"",-2,-20.0,-2,-0.3,-3,-0.4,3,0.4,-89167,-1.2,0,0.0,0,0.0,-9,-1.1
"55017","3","10","71","0","2017","4","",70,2813,2853,2811,25874210,84596,787,704,"",2.55,1.15,1.18,1.17,1.22,0.17,0.27,1.05,"",0,0.0,62,2.3,75,2.7,52,1.9,833721,3.3,-14408,-14.6,-605,-43.5,7,1.0
"55017","5","10","71","0","2017","4","",1521,20907,20677,20515,210223084,24522850,543325,781,"",0.97,1.00,1.00,1.00,1.00,1.03,1.01,1.00,"",35,2.4,-67,-0.3,-235,-1.1,-23,-0.1,8468939,4.2,495729,2.1,-122425,-18.4,35,4.7
"55019","0","10","70","0","2017","4","",886,11270,11263,11221,109504554,11443839,246719,749,"",1.00,1.00,1.00,1.00,1.00,1.00,1.00,1.00,"",45,5.4,335,3.1,300,2.7,235,2.1,6095828,5.9,679451,6.3,-31386,-11.3,23,3.2
"55019","1","10","71","0","2017","4","",17,108,110,110,1353948,0,0,953,"",3.20,0.50,0.51,0.51,0.45,0.00,0.00,0.89,"",-1,-5.6,-5,-4.4,1,0.9,-3,-2.7,32958,2.5,0,0.0,0,0.0,43,4.7
"55019","2","10","71","0","2017","4","",6,12,13,12,113332,0,0,707,"",0.97,0.03,0.04,0.03,0.03,0.00,0.00,0.93,"",0,0.0,-1,-7.7,0,0.0,0,0.0,-20895,-15.6,0,0.0,0,0.0,-108,-13.3
"55019","3","10","71","0","2017","4","",75,1983,1988,2015,14544020,13801,149,561,"",4.98,1.78,1.78,1.81,1.54,0.06,0.11,0.86,"",2,2.7,130,7.0,38,1.9,71,3.7,405840,2.9,-43560,-75.9,17,12.9,-7,-1.2
"55019","5","10","71","0","2017","4","",788,9167,9152,9084,93493254,11430038,246570,787,"",0.92,0.96,0.96,0.95,1.00,1.03,1.01,1.05,"",44,5.9,211,2.4,261,2.9,167,1.9,5677925,6.5,723011,6.8,-31403,-11.3,30,4.0
"55021","0","10","70","0","2017","4","",1647,22807,22360,22594,239359092,24595785,621857,815,"",1.00,1.00,1.00,1.00,1.00,1.00,1.00,1.00,"",77,4.9,714,3.2,453,2.1,992,4.6,13341152,5.9,1457326,6.3,-48221,-7.2,20,2.5
"55021","1","10","71","0","2017","4","",19,159,166,169,2220022,0,0,1037,"",1.92,0.36,0.39,0.39,0.34,0.00,0.00,0.89,"",0,0.0,0,0.0,1,0.6,1,0.6,15503,0.7,0,0.0,0,0.0,3,0.3
"55021","2","10","71","0","2017","4","N",9,0,0,0,0,0,0,0,"N",0.78,0,0,0,0,0,0,0,"N",0,0.0,0,0,0,0,0,0,0,0,0,0,0,0,0,0
"55021","3","10","71","0","2017","4","N",102,0,0,0,0,0,0,0,"N",3.64,0,0,0,0,0,0,0,"N",0,0.0,0,0,0,0,0,0,0,0,0,0,0,0,0,0
"55021","5","10","71","0","2017","4","",1517,18942,18503,18746,202767466,24595785,621857,833,"",0.95,0.98,0.97,0.98,0.99,1.03,1.01,1.02,"",77,5.3,613,3.3,524,2.9,926,5.2,12267027,6.4,1457326,6.3,-48221,-7.2,21,2.6
"55023","0","10","70","0","2017","4","",465,7513,7474,7503,67490823,7912627,147980,693,"",1.00,1.00,1.00,1.00,1.00,1.00,1.00,1.00,"",24,5.4,-97,-1.3,-101,-1.3,-53,-0.7,-86266,-0.1,-78097,-1.0,-63002,-29.9,7,1.0
"55023","1","10","71","0","2017","4","",10,60,60,58,730366,0,0,947,"",3.59,0.41,0.42,0.40,0.39,0.00,0.00,0.96,"",0,0.0,-7,-10.4,2,3.4,1,1.8,3800,0.5,0,0.0,0,0.0,26,2.8
"55023","2","10","71","0","2017","4","N",5,0,0,0,0,0,0,0,"N",1.53,0,0,0,0,0,0,0,"N",0,0.0,0,0,0,0,0,0,0,0,0,0,0,0,0,0
"55023","3","10","71","0","2017","4","N",49,0,0,0,0,0,0,0,"N",6.20,0,0,0,0,0,0,0,"N",0,0.0,0,0,0,0,0,0,0,0,0,0,0,0,0,0
"55023","5","10","71","0","2017","4","",401,6392,6350,6299,57563958,7900417,146971,698,"",0.89,1.00,1.00,0.99,1.00,1.03,1.00,1.00,"",24,6.4,-76,-1.2,-60,-0.9,-75,-1.2,-224140,-0.4,-78176,-1.0,-62876,-30.0,5,0.7
"55025","0","10","70","0","2017","4","",15861,335118,337285,337095,4679423168,329723061,6231137,1070,"",1.00,1.00,1.00,1.00,1.00,1.00,1.00,1.00,"",817,5.4,1575,0.5,-258,-0.1,2944,0.9,180753217,4.0,-2330182,-0.7,-1590455,-20.3,37,3.6
"55025","1","10","71","0","2017","4","",73,4983,5036,5126,91133173,0,0,1389,"",0.77,0.77,0.78,0.79,0.71,0.00,0.00,0.91,"",0,0.0,-161,-3.1,-124,-2.4,-40,-0.8,1152988,1.3,0,0.0,0,0.0,47,3.5
"55025","2","10","71","0","2017","4","",57,41159,41152,41025,558602961,11246,163,1045,"",0.51,3.83,3.81,3.82,3.66,0.00,0.02,0.96,"",0,0.0,648,1.6,661,1.6,141,0.3,8412180,1.5,-9560,-45.9,-45,-21.6,3,0.3
"55025","3","10","71","0","2017","4","",340,25327,25259,25149,291598860,74409,856,889,"",1.26,0.76,0.75,0.75,0.72,0.01,0.03,0.96,"",7,2.1,-45,-0.2,-3037,-10.7,-56,-0.2,10297300,3.7,-10330,-12.2,-619,-42.0,66,8.0
"55025","5","10","71","0","2017","4","",15391,263649,265838,265795,3738088174,329637406,6230118,1085,"",1.00,0.93,0.93,0.93,0.94,1.03,1.01,1.01,"",810,5.6,1133,0.4,2242,0.9,2899,1.1,160890749,4.5,-2310292,-0.7,-1589791,-20.3,39,3.7
"55027","0","10","70","0","2017","4","",1870,36007,35555,35360,414585610,35263803,927584,895,"",1.00,1.00,1.00,1.00,1.00,1.00,1.00,1.00,"",59,3.3,576,1.6,179,0.5,118,0.3,20131309,5.1,26513,0.1,-133922,-12.6,37,4.3
"55027","1","10","71","0","2017","4","",24,168,169,175,2405109,0,0,1084,"",2.14,0.24,0.25,0.26,0.21,0.00,0.00,0.85,"",0,0.0,-4,-2.3,1,0.6,2,1.2,31762,1.3,0,0.0,0,0.0,16,1.5
"55027","2","10","71","0","2017","4","N",9,0,0,0,0,0,0,0,"N",0.69,0,0,0,0,0,0,0,"N",-1,-10.0,0,0,0,0,0,0,0,0,0,0,0,0,0,0
"55027","3","10","71","0","2017","4","N",102,0,0,0,0,0,0,0,"N",3.21,0,0,0,0,0,0,0,"N",1,1.0,0,0,0,0,0,0,0,0,0,0,0,0,0,0
"55027","5","10","71","0","2017","4","",1735,30655,30262,29912,360451894,35231270,927340,916,"",0.96,1.00,1.00,1.00,1.02,1.03,1.01,1.02,"",59,3.5,658,2.2,365,1.2,256,0.9,21043942,6.2,32107,0.1,-133842,-12.6,41,4.7
"55029","0","10","70","0","2017","4","",1286,14592,13128,12597,121987936,14646118,479240,698,"",1.00,1.00,1.00,1.00,1.00,1.00,1.00,1.00,"",31,2.5,167,1.2,50,0.4,78,0.6,6518973,5.6,366483,2.6,-117144,-19.6,32,4.8
"55029","1","10","71","0","2017","4","",13,67,73,66,1032637,0,0,1157,"",1.69,0.24,0.29,0.27,0.31,0.00,0.00,1.16,"",0,0.0,-2,-2.9,7,10.6,-2,-2.9,50602,5.2,0,0.0,0,0.0,41,3.7
"55029","2","10","71","0","2017","4","",7,81,57,50,561410,0,0,689,"",0.78,0.17,0.14,0.12,0.14,0.00,0.00,0.97,"",-1,-12.5,4,5.2,-5,-8.1,0,0.0,51093,10.0,0,0.0,0,0.0,66,10.6
"55029","3","10","71","0","2017","4","",42,1679,1679,1671,14244296,0,0,654,"",1.92,1.16,1.29,1.34,1.36,0.00,0.00,1.08,"",0,0.0,-17,-1.0,-96,-5.4,-38,-2.2,137992,1.0,0,0.0,0,0.0,26,4.1
"55029","5","10","71","0","2017","4","",1224,12765,11319,10810,106149593,14646118,479240,702,"",0.98,1.03,1.01,1.01,1.02,1.03,1.01,1.00,"",32,2.7,182,1.4,144,1.3,118,1.1,6279286,6.3,366483,2.6,-117144,-19.6,33,4.9
"55031","0","10","70","0","2017","4","",1122,15620,15519,15587,160188656,20461964,540871,791,"",1.00,1.00,1.00,1.00,1.00,1.00,1.00,1.00,"",38,3.5,38,0.2,28,0.2,267,1.7,6274380,4.1,3786463,22.7,74512,16.0,25,3.3
"55031","1","10","71","0","2017","4","",13,164,162,160,2593595,0,0,1232,"",1.93,0.55,0.55,0.53,0.59,0.00,0.00,1.09,"",0,0.0,-2,-1.2,-4,-2.4,-1,-0.6,51605,2.0,0,0.0,0,0.0,42,3.5
"55031","2","10","71","0","2017","4","",10,618,604,596,5925390,0,0,752,"",1.27,1.23,1.22,1.20,1.13,0.00,0.00,0.93,"",-1,-9.1,-9,-1.4,-20,-3.2,-31,-4.9,-90703,-1.5,0,0.0,0,0.0,13,1.8
"55031","3","10","71","0","2017","4","",50,2034,2053,2048,22474482,22507,537,845,"",2.62,1.31,1.33,1.33,1.63,0.06,0.19,1.23,"",-1,-2.0,-50,-2.4,-165,-7.4,-73,-3.4,23913,0.1,-22814,-50.3,-407,-43.1,38,4.7
"55031","5","10","71","0","2017","4","",1049,12804,12700,12783,129195189,20439457,540334,779,"",0.96,0.96,0.96,0.96,0.94,1.03,1.01,0.98,"",40,4.0,99,0.8,217,1.7,372,3.0,6289565,5.1,3809277,22.9,74919,16.1,25,3.3
"55033","0","10","70","0","2017","4","",1020,17769,17713,17572,185299340,21282139,418346,806,"",1.00,1.00,1.00,1.00,1.00,1.00,1.00,1.00,"",37,3.8,82,0.5,-225,-1.3,-125,-0.7,11665455,6.7,956022,4.7,-41364,-9.0,55,7.3
"55033","1","10","71","0","2017","4","",12,88,85,90,1218420,0,0,1069,"",1.96,0.26,0.25,0.27,0.24,0.00,0.00,0.93,"",-1,-7.7,1,1.1,2,2.4,7,8.4,103354,9.3,0,0.0,0,0.0,52,5.1
"55033","2","10","71","0","2017","4","N",8,0,0,0,0,0,0,0,"N",1.12,0,0,0,0,0,0,0,"N",0,0.0,0,0,0,0,0,0,0,0,0,0,0,0,0,0
"55033","3","10","71","0","2017","4","N",85,0,0,0,0,0,0,0,"N",4.90,0,0,0,0,0,0,0,"N",0,0.0,0,0,0,0,0,0,0,0,0,0,0,0,0,0
"55033","5","10","71","0","2017","4","",915,14587,14489,14400,153226626,21272057,418179,813,"",0.92,0.97,0.96,0.96,0.97,1.03,1.01,1.00,"",38,4.3,145,1.0,-64,-0.4,53,0.4,11248158,7.9,969140,4.8,-41229,-9.0,57,7.5
"55035","0","10","70","0","2017","4","",2804,58288,58728,58838,674289021,68455145,1471778,885,"",1.00,1.00,1.00,1.00,1.00,1.00,1.00,1.00,"",91,3.4,584,1.0,316,0.5,939,1.6,52667976,8.5,3036468,4.6,-120454,-7.6,61,7.4
"55035","1","10","71","0","2017","4","",19,340,343,351,5696761,0,0,1271,"",1.13,0.30,0.31,0.31,0.31,0.00,0.00,1.00,"",0,0.0,-1,-0.3,5,1.5,1,0.3,165394,3.0,0,0.0,0,0.0,31,2.5
"55035","2","10","71","0","2017","4","",18,1797,1791,1779,20876779,0,0,898,"",0.92,0.96,0.95,0.95,0.95,0.00,0.00,0.99,"",-2,-10.0,15,0.8,14,0.8,-31,-1.7,1151367,5.8,0,0.0,0,0.0,50,5.9
"55035","3","10","71","0","2017","4","",38,4506,4536,4442,47520981,6409,93,813,"",0.80,0.78,0.78,0.76,0.82,0.00,0.01,1.06,"",0,0.0,-214,-4.5,-748,-14.2,-288,-6.1,-3313231,-6.5,-540309,-98.8,-79,-45.9,17,2.1
"55035","5","10","71","0","2017","4","",2729,51645,52058,52266,600194500,68448736,1471685,888,"",1.00,1.04,1.04,1.05,1.04,1.03,1.01,1.00,"",93,3.5,784,1.5,1045,2.0,1257,2.5,54664446,10.0,3576777,5.5,-120375,-7.6,65,7.9
"55037","0","10","70","0","2017","4","",139,1048,1028,1028,7153545,1177896,24914,532,"",1.00,1.00,1.00,1.00,1.00,1.00,1.00,1.00,"",-7,-4.8,18,1.7,7,0.7,-13,-1.2,185567,2.7,15442,1.3,-2071,-7.7,12,2.3
"55037","1","10","71","0","2017","4","",4,18,13,12,188708,0,0,1013,"",4.80,0.89,0.66,0.61,0.96,0.00,0.00,1.33,"",0,0.0,7,63.6,2,18.2,1,9.1,63778,51.1,0,0.0,0,0.0,139,15.9
"55037","2","10","71","0","2017","4","",3,8,8,8,66411,0,0,639,"",3.08,0.24,0.24,0.24,0.28,0.00,0.00,1.18,"N",0,0.0,0,0,0,0,0,0,0,0,0,0,0,0,0,0
"55037","3","10","71","0","2017","4","",13,286,292,293,2207090,11706,56,585,"",5.50,2.75,2.86,2.88,3.59,0.50,0.43,1.27,"N",0,0.0,0,0,0,0,0,0,0,0,0,0,0,0,0,0
"55037","5","10","71","0","2017","4","",119,736,715,715,4691336,1166190,24858,500,"",0.88,0.83,0.82,0.82,0.77,1.02,1.00,0.93,"",-7,-5.6,-23,-3.0,-11,-1.5,-43,-5.7,105897,2.3,14934,1.3,-2087,-7.7,28,5.9
"55039","0","10","70","0","2017","4","",2365,46876,46746,46837,530962836,45620633,1030421,872,"",1.00,1.00,1.00,1.00,1.00,1.00,1.00,1.00,"",40,1.7,275,0.6,14,0.0,387,0.8,18576414,3.6,1773985,4.0,-165973,-13.9,26,3.1
"55039","1","10","71","0","2017","4","",21,192,190,182,2845026,0,0,1164,"",1.48,0.21,0.21,0.20,0.19,0.00,0.00,0.93,"",1,5.0,0,0.0,0,0.0,-14,-7.1,26260,0.9,0,0.0,0,0.0,39,3.5
"55039","2","10","71","0","2017","4","",11,598,583,576,6818974,0,0,896,"",0.66,0.40,0.39,0.39,0.39,0.00,0.00,1.01,"",-1,-8.3,-3,-0.5,-10,-1.7,-1,-0.2,-39675,-0.6,0,0.0,0,0.0,2,0.2
"55039","3","10","71","0","2017","4","",88,4593,4607,4677,48159265,0,0,801,"",2.19,0.99,0.99,1.01,1.05,0.00,0.00,1.06,"",-2,-2.2,-363,-7.3,-528,-10.3,-398,-7.8,-3308611,-6.4,0,0.0,0,0.0,18,2.3
"55039","5","10","71","0","2017","4","",2245,41493,41366,41402,473139571,45620633,1030421,879,"",0.98,1.04,1.04,1.04,1.04,1.03,1.01,1.00,"",42,1.9,641,1.6,552,1.4,800,2.0,21898440,4.9,1773985,4.0,-165973,-13.9,27,3.2
"55041","0","10","70","0","2017","4","",292,3120,3057,3084,29273837,2307121,58956,729,"",1.00,1.00,1.00,1.00,1.00,1.00,1.00,1.00,"",0,0.0,-27,-0.9,-69,-2.2,-20,-0.6,1254285,4.5,75638,3.4,-10859,-15.6,39,5.7
"55041","1","10","71","0","2017","4","",8,88,93,89,1097602,0,0,938,"",4.57,1.47,1.59,1.50,1.36,0.00,0.00,0.90,"",0,0.0,-11,-11.1,-3,-3.1,-6,-6.3,-33783,-3.0,0,0.0,0,0.0,38,4.2
"55041","2","10","71","0","2017","4","",3,8,7,7,86497,0,0,907,"",1.47,0.08,0.07,0.07,0.09,0.00,0.00,1.22,"",0,0.0,1,14.3,0,0.0,-1,-12.5,6431,8.0,0,0.0,0,0.0,67,8.0
"55041","3","10","71","0","2017","4","",35,1666,1649,1678,16966170,351814,7947,784,"",7.05,5.39,5.43,5.50,6.74,7.70,25.61,1.24,"",2,6.1,45,2.8,33,2.0,41,2.5,713373,4.4,17947,5.4,-5087,-39.0,14,1.8
"55041","5","10","71","0","2017","4","",246,1358,1308,1310,11123568,1955307,51009,646,"",0.87,0.51,0.50,0.50,0.45,0.88,0.87,0.88,"",-2,-0.8,-62,-4.4,-99,-7.0,-54,-4.0,568264,5.4,57691,3.0,-5772,-10.2,65,11.2
"55043","0","10","70","0","2017","4","",1386,18091,18010,18017,171712281,16320381,274125,732,"",1.00,1.00,1.00,1.00,1.00,1.00,1.00,1.00,"",2,0.1,8,0.0,-133,-0.7,-18,-0.1,4387994,2.6,-502907,-3.0,-75045,-21.5,20,2.8
"55043","1","10","71","0","2017","4","",27,140,142,139,1680148,0,0,921,"",3.25,0.40,0.41,0.40,0.36,0.00,0.00,0.88,"",0,0.0,-7,-4.8,-3,-2.1,-4,-2.8,8664,0.5,0,0.0,0,0.0,34,3.8
"55043","2","10","71","0","2017","4","N",11,0,0,0,0,0,0,0,"N",1.13,0,0,0,0,0,0,0,"N",0,0.0,0,0,0,0,0,0,0,0,0,0,0,0,0,0
"55043","3","10","71","0","2017","4","N",104,0,0,0,0,0,0,0,"N",4.41,0,0,0,0,0,0,0,"N",-1,-1.0,0,0,0,0,0,0,0,0,0,0,0,0,0,0
"55043","5","10","71","0","2017","4","",1244,13789,13751,13636,131023915,16304661,273736,734,"",0.93,0.90,0.90,0.89,0.89,1.03,1.01,1.00,"",3,0.2,-12,-0.1,3,0.0,42,0.3,3016275,2.4,-480679,-2.9,-74532,-21.4,16,2.2
"55045","0","10","70","0","2017","4","",1029,16234,16576,16760,168079422,21086079,538128,782,"",1.00,1.00,1.00,1.00,1.00,1.00,1.00,1.00,"",35,3.5,271,1.7,267,1.6,287,1.7,10110701,6.4,1288313,6.5,-97,0.0,34,4.5
"55045","1","10","71","0","2017","4","",12,77,77,81,1095966,0,0,1076,"",1.94,0.25,0.24,0.25,0.24,0.00,0.00,0.96,"",0,0.0,0,0.0,-7,-8.3,-2,-2.4,51592,4.9,0,0.0,0,0.0,88,8.9
"55045","2","10","71","0","2017","4","",6,26,26,22,275134,0,0,858,"",0.83,0.05,0.05,0.04,0.05,0.00,0.00,1.08,"",0,0.0,1,4.0,1,4.0,-1,-4.3,2324,0.9,0,0.0,0,0.0,-4,-0.5
"55045","3","10","71","0","2017","4","",57,1903,1897,1879,16579804,780,22,674,"",3.26,1.18,1.15,1.13,1.15,0.00,0.01,0.99,"",0,0.0,13,0.7,-76,-3.9,-23,-1.2,428204,2.7,-557,-41.7,-23,-51.1,27,4.2
"55045","5","10","71","0","2017","4","",954,14228,14576,14778,150128518,21085299,538106,795,"",0.96,1.03,1.04,1.04,1.05,1.03,1.01,1.01,"",35,3.8,257,1.8,349,2.5,313,2.2,9628581,6.9,1288870,6.5,-74,0.0,35,4.6
"55047","0","10","70","0","2017","4","",507,6265,6078,5945,59945576,5896272,151493,756,"",1.00,1.00,1.00,1.00,1.00,1.00,1.00,1.00,"",12,2.4,89,1.4,65,1.1,-3,-0.1,3306415,5.8,764159,14.9,-2029,-1.3,35,4.9
"55047","1","10","71","0","2017","4","",10,48,46,48,603289,0,0,980,"",3.29,0.40,0.40,0.42,0.37,0.00,0.00,0.91,"",0,0.0,-2,-4.0,-1,-2.1,-2,-4.0,10346,1.7,0,0.0,0,0.0,49,5.3
"55047","2","10","71","0","2017","4","",4,15,15,16,145956,0,0,732,"",1.13,0.07,0.08,0.08,0.07,0.00,0.00,0.95,"",-2,-33.3,0,0.0,1,7.1,3,23.1,-17281,-10.6,0,0.0,0,0.0,-165,-18.4
"55047","3","10","71","0","2017","4","",32,1014,1035,1072,8687076,0,0,642,"",3.71,1.63,1.71,1.82,1.69,0.00,0.00,0.98,"",0,0.0,6,0.6,5,0.5,-8,-0.7,300447,3.6,0,0.0,0,0.0,21,3.4
"55047","5","10","71","0","2017","4","",461,5188,4982,4809,50509255,5896272,151493,778,"",0.94,0.97,0.96,0.95,0.99,1.03,1.01,1.02,"",14,3.1,85,1.7,60,1.2,4,0.1,3012903,6.3,764159,14.9,-2029,-1.3,39,5.3
"55049","0","10","70","0","2017","4","",673,10093,10293,10182,110416414,11578041,246909,834,"",1.00,1.00,1.00,1.00,1.00,1.00,1.00,1.00,"",29,4.5,-13,-0.1,39,0.4,310,3.1,2821231,2.6,-17776,-0.2,-113697,-31.5,13,1.6
"55049","1","10","71","0","2017","4","",15,69,70,71,917678,0,0,1008,"",3.72,0.36,0.36,0.36,0.30,0.00,0.00,0.85,"",0,0.0,-3,-4.2,-4,-5.4,-1,-1.4,14676,1.6,0,0.0,0,0.0,52,5.4
"55049","2","10","71","0","2017","4","",7,79,65,71,663222,0,0,712,"",1.48,0.24,0.20,0.22,0.18,0.00,0.00,0.84,"",0,0.0,-12,-13.2,-10,-13.3,4,6.0,25684,4.0,0,0.0,0,0.0,81,12.8
"55049","3","10","71","0","2017","4","",49,1222,1209,1209,11121672,671,19,705,"",4.28,1.22,1.18,1.20,1.17,0.00,0.01,0.97,"",0,0.0,-2,-0.2,-68,-5.3,3,0.2,250216,2.3,22,3.4,-3,-13.6,28,4.1
"55049","5","10","71","0","2017","4","",602,8723,8949,8831,97713842,11577370,246890,851,"",0.92,1.02,1.02,1.02,1.04,1.03,1.01,1.01,"",29,5.1,4,0.0,121,1.4,304,3.6,2530655,2.7,-17798,-0.2,-113694,-31.5,9,1.1
"55051","0","10","70","0","2017","4","",225,1702,1658,1629,13714222,1798577,47757,634,"",1.00,1.00,1.00,1.00,1.00,1.00,1.00,1.00,"",9,4.2,-10,-0.6,-2,-0.1,20,1.2,782563,6.1,87851,5.1,-10125,-17.5,35,5.8
"55051","1","10","71","0","2017","4","",5,16,14,16,166985,0,0,838,"",3.71,0.49,0.44,0.51,0.44,0.00,0.00,0.92,"",0,0.0,1,6.7,-2,-12.5,1,6.7,3374,2.1,0,0.0,0,0.0,17,2.1
"55051","2","10","71","0","2017","4","",3,11,11,11,94130,0,0,658,"",1.90,0.20,0.21,0.21,0.21,0.00,0.00,1.02,"",0,0.0,-5,-31.2,-6,-35.3,-5,-31.2,-52830,-35.9,0,0.0,0,0.0,-34,-4.9
"55051","3","10","71","0","2017","4","",17,311,331,302,3135716,0,0,767,"",4.45,1.84,2.01,1.87,2.66,0.00,0.00,1.39,"",0,0.0,-35,-10.1,-11,-3.2,-2,-0.7,83996,2.8,0,0.0,0,0.0,57,8.0
"55051","5","10","71","0","2017","4","",200,1364,1302,1300,10317391,1798577,47757,600,"",0.92,0.94,0.92,0.94,0.88,1.03,1.01,0.94,"",9,4.7,29,2.2,17,1.3,26,2.0,748023,7.8,87851,5.1,-10125,-17.5,33,5.8
"55053","0","10","70","0","2017","4","",497,9026,8917,8773,94766950,8799865,203787,819,"",1.00,1.00,1.00,1.00,1.00,1.00,1.00,1.00,"",5,1.0,214,2.4,268,3.1,415,5.0,6135140,6.9,1146060,15.0,-6796,-3.2,27,3.4
"55053","1","10","71","0","2017","4","",9,37,45,40,477964,0,0,904,"",3.02,0.21,0.26,0.24,0.18,0.00,0.00,0.77,"",0,0.0,-4,-9.8,3,7.1,-1,-2.4,555,0.1,0,0.0,0,0.0,16,1.8
"55053","2","10","71","0","2017","4","N",6,0,0,0,0,0,0,0,"N",1.72,0,0,0,0,0,0,0,"N",-1,-14.3,0,0,0,0,0,0,0,0,0,0,0,0,0,0
"55053","3","10","71","0","2017","4","N",47,0,0,0,0,0,0,0,"N",5.56,0,0,0,0,0,0,0,"N",-1,-2.1,0,0,0,0,0,0,0,0,0,0,0,0,0,0
"55053","5","10","71","0","2017","4","",435,6609,6474,6313,72479686,8061928,195301,862,"",0.90,0.86,0.85,0.85,0.90,0.95,0.96,1.05,"",7,1.6,246,3.9,303,4.9,416,7.1,5495096,8.2,1177526,17.1,-1433,-0.7,23,2.7
"55055","0","10","70","0","2017","4","",2121,32904,32753,32952,345247854,34269770,691056,808,"",1.00,1.00,1.00,1.00,1.00,1.00,1.00,1.00,"",93,4.6,414,1.3,345,1.1,614,1.9,12489777,3.8,975552,2.9,-94009,-12.0,18,2.3
"55055","1","10","71","0","2017","4","",16,166,158,164,2676946,0,0,1266,"",1.26,0.26,0.25,0.26,0.28,0.00,0.00,1.10,"",0,0.0,-17,-9.3,-11,-6.5,-11,-6.3,-155541,-5.5,0,0.0,0,0.0,26,2.1
"55055","2","10","71","0","2017","4","",7,45,44,45,495468,0,0,853,"",0.47,0.04,0.04,0.04,0.04,0.00,0.00,1.04,"",-1,-12.5,-4,-8.2,-1,-2.2,0,0.0,14290,3.0,0,0.0,0,0.0,54,6.8
"55055","3","10","71","0","2017","4","",95,3689,3583,3569,34459900,0,0,734,"",2.64,1.13,1.10,1.09,1.16,0.00,0.00,1.05,"",-1,-1.0,24,0.7,-128,-3.4,-105,-2.9,1654639,5.0,0,0.0,0,0.0,49,7.2
"55055","5","10","71","0","2017","4","",2003,29004,28968,29174,307615540,34269770,691056,815,"",0.97,1.04,1.04,1.04,1.04,1.03,1.01,1.00,"",95,5.0,411,1.4,485,1.7,730,2.6,10976389,3.7,975552,2.9,-94009,-12.0,15,1.9
"55057","0","10","70","0","2017","4","",664,9492,9332,9364,95759073,8757525,172920,784,"",1.00,1.00,1.00,1.00,1.00,1.00,1.00,1.00,"",32,5.1,77,0.8,102,1.1,147,1.6,3907980,4.3,844733,10.7,-49646,-22.3,23,3.0
"55057","1","10","71","0","2017","4","",14,227,230,221,3176033,0,0,1081,"",3.52,1.24,1.29,1.23,1.21,0.00,0.00,0.96,"",0,0.0,-25,-9.9,-18,-7.3,-38,-14.7,-352196,-10.0,0,0.0,0,0.0,8,0.7
"55057","2","10","71","0","2017","4","",8,917,913,910,10120917,0,0,852,"",1.72,3.01,3.05,3.05,3.24,0.00,0.00,1.07,"",1,14.3,13,1.4,28,3.2,15,1.7,24763,0.2,0,0.0,0,0.0,-16,-1.8
"55057","3","10","71","0","2017","4","",50,1374,1332,1395,11723680,72306,735,660,"",4.43,1.46,1.44,1.51,1.42,0.42,0.81,0.97,"",0,0.0,47,3.5,-14,-1.0,31,2.3,262720,2.3,-5976,-7.6,-1281,-63.5,5,0.8
"55057","5","10","71","0","2017","4","",592,6974,6857,6838,70738443,8685219,172185,790,"",0.92,0.86,0.86,0.86,0.87,1.03,1.00,1.00,"",31,5.5,42,0.6,106,1.6,139,2.1,3972693,6.0,850709,10.9,-48365,-21.9,34,4.5
"55059","0","10","70","0","2017","4","",3413,67708,68234,68059,776673265,90936920,2363494,879,"",1.00,1.00,1.00,1.00,1.00,1.00,1.00,1.00,"",184,5.7,2801,4.3,1725,2.6,1792,2.7,59541695,8.3,2893664,3.3,-181747,-7.1,42,5.0
"55059","1","10","71","0","2017","4","",17,258,262,266,4469803,0,0,1312,"",0.83,0.20,0.20,0.20,0.21,0.00,0.00,1.04,"",-1,-5.6,-2,-0.8,4,1.6,9,3.5,189567,4.4,0,0.0,0,0.0,37,2.9
"55059","2","10","71","0","2017","4","",9,775,770,769,7591331,0,0,757,"",0.38,0.36,0.35,0.35,0.30,0.00,0.00,0.84,"",-1,-10.0,2,0.3,0,0.0,-2,-0.3,218508,3.0,0,0.0,0,0.0,22,3.0
"55059","3","10","71","0","2017","4","",67,7981,7905,7846,87069530,0,0,847,"",1.15,1.19,1.17,1.16,1.30,0.00,0.00,1.11,"",-1,-1.5,131,1.7,-48,-0.6,-144,-1.8,-1675013,-1.9,-7100,-100.0,0,0.0,-14,-1.6
"55059","5","10","71","0","2017","4","",3320,58694,59297,59178,677542601,90936920,2363494,883,"",1.00,1.02,1.02,1.02,1.02,1.03,1.01,1.00,"",187,6.0,2670,4.8,1769,3.1,1929,3.4,60808633,9.9,2900764,3.3,-181747,-7.1,50,6.0
"55061","0","10","70","0","2017","4","",548,7091,6960,6979,70117679,6737937,114605,769,"",1.00,1.00,1.00,1.00,1.00,1.00,1.00,1.00,"",13,2.4,36,0.5,-63,-0.9,-74,-1.0,1557186,2.3,480266,7.7,-22689,-16.5,20,2.7
"55061","1","10","71","0","2017","4","",7,67,70,68,955513,0,0,1076,"",2.13,0.49,0.53,0.51,0.50,0.00,0.00,0.98,"",0,0.0,-1,-1.5,0,0.0,-1,-1.4,38674,4.2,0,0.0,0,0.0,54,5.3
"55061","2","10","71","0","2017","4","",5,7,7,7,60904,0,0,669,"",1.30,0.03,0.03,0.03,0.03,0.00,0.00,0.85,"",0,0.0,-3,-30.0,-3,-30.0,-3,-30.0,-19606,-24.4,0,0.0,0,0.0,50,8.1
"55061","3","10","71","0","2017","4","",49,1169,1111,1193,9329111,0,0,620,"",5.26,1.66,1.61,1.73,1.55,0.00,0.00,0.93,"",-1,-2.0,20,1.7,-52,-4.5,-6,-0.5,15650,0.2,-11249,-100.0,-169,-100.0,8,1.3
"55061","5","10","71","0","2017","4","",487,5848,5772,5711,59772151,6737937,114605,796,"",0.92,0.97,0.98,0.96,1.00,1.03,1.01,1.03,"",14,3.0,20,0.3,-8,-0.1,-64,-1.1,1522468,2.6,491515,7.9,-22520,-16.4,23,3.0
"55063","0","10","70","0","2017","4","",3117,69846,70091,70244,786148559,70951431,1351228,863,"",1.00,1.00,1.00,1.00,1.00,1.00,1.00,1.00,"",82,2.7,-129,-0.2,-533,-0.8,25,0.0,24872523,3.3,1731314,2.5,-210179,-13.5,30,3.6
"55063","1","10","71","0","2017","4","",25,472,473,479,7691746,0,0,1247,"",1.34,0.35,0.35,0.35,0.36,0.00,0.00,1.01,"",1,4.2,4,0.9,12,2.6,13,2.8,296755,4.0,0,0.0,0,0.0,24,2.0
"55063","2","10","71","0","2017","4","",13,1548,1550,1555,18319689,0,0,909,"",0.60,0.69,0.69,0.69,0.71,0.00,0.00,1.03,"",-1,-7.1,-21,-1.3,-22,-1.4,-45,-2.8,644626,3.6,0,0.0,0,0.0,49,5.7
"55063","3","10","71","0","2017","4","",86,6204,6263,6364,65010060,11424,25,797,"",1.62,0.90,0.90,0.92,0.96,0.01,0.00,1.06,"",-3,-3.4,-467,-7.0,-604,-8.8,-378,-5.6,-3796821,-5.5,-188826,-94.3,-173,-87.4,14,1.8
"55063","5","10","71","0","2017","4","",2993,61622,61805,61846,695127064,70940007,1351203,866,"",0.99,1.04,1.04,1.04,1.04,1.03,1.01,1.00,"",85,2.9,355,0.6,81,0.1,435,0.7,27727963,4.2,1920140,2.8,-210006,-13.5,31,3.7
"55065","0","10","70","0","2017","4","",448,4296,4323,4366,41149685,4421353,70911,731,"",1.00,1.00,1.00,1.00,1.00,1.00,1.00,1.00,"",16,3.7,148,3.6,195,4.7,231,5.6,3904124,10.5,404345,10.1,-14682,-17.2,38,5.5
"55065","1","10","71","0","2017","4","",12,42,43,46,503735,0,0,887,"",4.47,0.51,0.52,0.55,0.45,0.00,0.00,0.85,"",0,0.0,-8,-16.0,0,0.0,-3,-6.1,-681,-0.1,0,0.0,0,0.0,67,8.2
"55065","2","10","71","0","2017","4","",5,21,16,16,145546,0,0,634,"",1.59,0.15,0.12,0.11,0.11,0.00,0.00,0.85,"",0,0.0,2,10.5,-2,-11.1,1,6.7,-10471,-6.7,0,0.0,0,0.0,-58,-8.4
"55065","3","10","71","0","2017","4","",45,1020,1028,1069,8556296,0,0,633,"",5.91,2.40,2.39,2.47,2.42,0.00,0.00,1.00,"",0,0.0,51,5.3,58,6.0,67,6.7,826209,10.7,-1304,-100.0,-43,-100.0,26,4.3
"55065","5","10","71","0","2017","4","",386,3213,3236,3235,31944108,4421353,70911,761,"",0.89,0.88,0.88,0.87,0.91,1.03,1.01,1.04,"",16,4.3,103,3.3,139,4.5,166,5.4,3089067,10.7,405649,10.1,-14639,-17.1,43,6.0
"55067","0","10","70","0","2017","4","",627,7532,7416,7461,70165512,7636947,162927,723,"",1.00,1.00,1.00,1.00,1.00,1.00,1.00,1.00,"",25,4.2,121,1.6,-28,-0.4,112,1.5,3117477,4.6,729272,10.6,-15671,-8.8,26,3.7
"55067","1","10","71","0","2017","4","",7,42,40,39,571030,0,0,1089,"",1.86,0.29,0.28,0.27,0.30,0.00,0.00,1.05,"",0,0.0,2,5.0,-1,-2.4,-2,-4.9,48823,9.3,0,0.0,0,0.0,101,10.2
"55067","2","10","71","0","2017","4","",6,28,21,23,227845,0,0,730,"",1.37,0.12,0.09,0.10,0.10,0.00,0.00,0.99,"",0,0.0,-3,-9.7,-7,-25.0,-3,-11.5,-15509,-6.4,0,0.0,0,0.0,69,10.4
"55067","3","10","71","0","2017","4","",37,921,942,963,8669680,0,0,708,"",3.47,1.23,1.28,1.30,1.44,0.00,0.00,1.13,"",0,0.0,11,1.2,-78,-7.6,22,2.3,158750,1.9,0,0.0,0,0.0,24,3.5
"55067","5","10","71","0","2017","4","",577,6541,6413,6436,60696957,7636947,162927,722,"",0.95,1.02,1.02,1.01,1.01,1.03,1.01,0.99,"",25,4.5,111,1.7,58,0.9,95,1.5,2925413,5.1,729272,10.6,-15671,-8.8,25,3.6
"55069","0","10","70","0","2017","4","",773,11214,11258,11202,111250693,10266257,261316,762,"",1.00,1.00,1.00,1.00,1.00,1.00,1.00,1.00,"",37,5.0,242,2.2,299,2.7,403,3.7,-12907328,-10.4,24565,0.2,-32771,-11.1,-113,-12.9
"55069","1","10","71","0","2017","4","",5,61,56,57,720699,0,0,956,"",1.08,0.28,0.26,0.26,0.24,0.00,0.00,0.88,"",0,0.0,1,1.7,1,1.8,-3,-5.0,-1903,-0.3,0,0.0,0,0.0,3,0.3
"55069","2","10","71","0","2017","4","N",7,0,0,0,0,0,0,0,"N",1.29,0,0,0,0,0,0,0,"N",-1,-12.5,0,0,0,0,0,0,0,0,0,0,0,0,0,0
"55069","3","10","71","0","2017","4","N",36,0,0,0,0,0,0,0,"N",2.74,0,0,0,0,0,0,0,"N",-2,-5.3,0,0,0,0,0,0,0,0,0,0,0,0,0,0
"55069","5","10","71","0","2017","4","",725,9341,9395,9313,92235702,10264997,261300,759,"",0.97,0.98,0.98,0.98,0.97,1.03,1.01,0.99,"",40,5.8,284,3.1,346,3.8,408,4.6,-12780208,-12.2,41474,0.4,-32546,-11.1,-138,-15.4
"55071","0","10","70","0","2017","4","",1889,33827,33604,33459,379504294,37702185,992762,868,"",1.00,1.00,1.00,1.00,1.00,1.00,1.00,1.00,"",37,2.0,22,0.1,-155,-0.5,89,0.3,25260369,7.1,3937321,11.7,4615,0.5,58,7.2
"55071","1","10","71","0","2017","4","",21,187,193,194,2945253,0,0,1184,"",1.85,0.29,0.30,0.30,0.28,0.00,0.00,0.95,"",0,0.0,-5,-2.6,4,2.1,4,2.1,197901,7.2,0,0.0,0,0.0,74,6.7
"55071","2","10","71","0","2017","4","",8,90,87,85,879346,0,0,775,"",0.60,0.08,0.08,0.08,0.07,0.00,0.00,0.88,"",0,0.0,-11,-10.9,-8,-8.4,-18,-17.5,-7394,-0.8,0,0.0,0,0.0,91,13.3
"55071","3","10","71","0","2017","4","",63,3427,3495,3530,36361803,7320,322,803,"",1.96,1.02,1.05,1.07,1.11,0.01,0.06,1.07,"",0,0.0,7,0.2,-61,-1.7,17,0.5,885221,2.5,-11884,-61.9,-1234,-79.3,22,2.8
"55071","5","10","71","0","2017","4","",1797,30123,29829,29650,339317892,37694865,992440,874,"",0.98,1.05,1.04,1.04,1.05,1.03,1.01,1.00,"",37,2.1,31,0.1,-90,-0.3,86,0.3,24184641,7.7,3949205,11.7,5849,0.6,62,7.6
"55073","0","10","70","0","2017","4","",3523,71060,71470,71843,821000528,69675462,1372639,884,"",1.00,1.00,1.00,1.00,1.00,1.00,1.00,1.00,"",96,2.8,11,0.0,180,0.3,600,0.8,33100113,4.2,1660602,2.4,-379478,-21.7,33,3.9
"55073","1","10","71","0","2017","4","",25,401,394,388,5927575,0,0,1156,"",1.18,0.29,0.29,0.28,0.26,0.00,0.00,0.91,"",0,0.0,6,1.5,0,0.0,-24,-5.8,-236903,-3.8,0,0.0,0,0.0,-28,-2.4
"55073","2","10","71","0","2017","4","",15,348,332,336,3814269,0,0,866,"",0.61,0.15,0.15,0.15,0.14,0.00,0.00,0.96,"",0,0.0,-13,-3.6,-32,-8.8,-20,-5.6,-28759,-0.7,0,0.0,0,0.0,46,5.6
"55073","3","10","71","0","2017","4","",129,6722,6747,6872,65416876,15296,166,742,"",2.15,0.95,0.95,0.97,0.93,0.01,0.02,0.97,"",0,0.0,-106,-1.6,-372,-5.2,-91,-1.3,712767,1.1,-61617,-80.1,-913,-84.6,28,3.9
"55073","5","10","71","0","2017","4","",3354,63589,63997,64247,745841808,69660166,1372473,897,"",0.98,1.05,1.05,1.05,1.06,1.03,1.01,1.01,"",96,2.9,124,0.2,584,0.9,735,1.2,32653008,4.6,1722219,2.5,-378565,-21.6,33,3.8
"55075","0","10","70","0","2017","4","",1204,18578,18582,18457,198312374,19782969,438685,823,"",1.00,1.00,1.00,1.00,1.00,1.00,1.00,1.00,"",29,2.5,195,1.1,87,0.5,193,1.1,5328247,2.8,2645137,15.4,-10494,-2.3,15,1.9
"55075","1","10","71","0","2017","4","",16,161,161,162,2624813,0,0,1252,"",2.22,0.45,0.45,0.46,0.48,0.00,0.00,1.06,"",0,0.0,2,1.3,1,0.6,5,3.2,134849,5.4,0,0.0,0,0.0,45,3.7
"55075","2","10","71","0","2017","4","",8,106,104,97,978024,0,0,735,"",0.95,0.18,0.17,0.16,0.15,0.00,0.00,0.88,"",0,0.0,-15,-12.4,-13,-11.1,-18,-15.7,-90073,-8.4,0,0.0,0,0.0,37,5.3
"55075","3","10","71","0","2017","4","",60,1884,1924,1894,16256848,52,6,658,"",2.93,1.02,1.04,1.04,0.95,0.00,0.00,0.92,"",-1,-1.6,-44,-2.3,-124,-6.1,-52,-2.7,364199,2.3,-1618,-96.9,-170,-96.6,39,6.3
"55075","5","10","71","0","2017","4","",1120,16427,16393,16304,178452689,19782917,438679,838,"",0.96,1.04,1.04,1.04,1.05,1.03,1.01,1.01,"",30,2.8,252,1.6,223,1.4,258,1.6,4919272,2.8,2646755,15.4,-10324,-2.3,10,1.2
"55077","0","10","70","0","2017","4","",353,3940,3923,3898,34337967,4587278,97261,674,"",1.00,1.00,1.00,1.00,1.00,1.00,1.00,1.00,"",10,2.9,119,3.1,135,3.6,129,3.4,2010092,6.2,640999,16.2,-3604,-3.6,18,2.7
"55077","1","10","71","0","2017","4","",10,53,48,49,677183,0,0,1042,"",4.72,0.70,0.64,0.65,0.72,0.00,0.00,1.08,"",0,0.0,-2,-3.6,-3,-5.9,-8,-14.0,6596,1.0,0,0.0,0,0.0,93,9.8
"55077","2","10","71","0","2017","4","",4,13,13,13,139097,0,0,823,"",1.62,0.10,0.10,0.10,0.12,0.00,0.00,1.20,"",0,0.0,-1,-7.1,0,0.0,-1,-7.1,-7042,-4.8,0,0.0,0,0.0,0,0.0
"55077","3","10","71","0","2017","4","",43,666,663,687,5373147,0,0,615,"",7.17,1.71,1.70,1.78,1.82,0.00,0.00,1.05,"",0,0.0,-29,-4.2,-69,-9.4,-24,-3.4,28487,0.5,-7195,-100.0,-4,-100.0,38,6.6
"55077","5","10","71","0","2017","4","",296,3208,3199,3149,28148540,4587278,97261,680,"",0.86,0.96,0.96,0.95,0.96,1.03,1.01,1.00,"",10,3.5,151,4.9,207,6.9,162,5.4,1982051,7.6,648194,16.5,-3600,-3.6,12,1.8
"55078","0","10","70","0","2017","4","",104,2111,2088,2127,18304306,2069848,55836,668,"",1.00,1.00,1.00,1.00,1.00,1.00,1.00,1.00,"",3,3.0,42,2.0,26,1.3,79,3.9,1594009,9.5,219,0.0,-28580,-33.9,44,7.1
"55078","1","10","71","0","2017","4","",2,5,5,4,56461,0,0,931,"",3.21,0.12,0.13,0.10,0.11,0.00,0.00,0.97,"",0,0.0,2,66.7,1,25.0,-1,-20.0,3434,6.5,0,0.0,0,0.0,-89,-8.7
"55078","3","10","71","0","2017","4","",36,1990,1967,2003,17812560,1901835,52054,690,"",20.37,9.51,9.49,9.52,11.32,46.42,177.14,1.19,"N",-2,-5.3,0,0,0,0,0,0,0,0,0,0,0,0,0,0
"55078","5","10","71","0","2017","4","",66,116,116,120,435285,168013,3782,285,"",0.65,0.06,0.07,0.07,0.03,0.08,0.07,0.42,"N",5,8.2,0,0,0,0,0,0,0,0,0,0,0,0,0,0
"55079","0","10","70","0","2017","4","",26731,489531,490326,492588,6738403769,548173284,11823476,1056,"",1.00,1.00,1.00,1.00,1.00,1.00,1.00,1.00,"",1013,3.9,2573,0.5,1818,0.4,4681,1.0,133658058,2.0,31636226,6.1,-2404438,-16.9,14,1.3
"55079","1","10","71","0","2017","4","",81,9255,9239,9431,176379738,0,0,1458,"",0.51,0.98,0.98,0.99,0.95,0.00,0.00,0.97,"",0,0.0,17,0.2,-62,-0.7,-89,-0.9,3510826,2.0,0,0.0,0,0.0,36,2.5
"55079","2","10","71","0","2017","4","",18,6776,6655,6584,73120783,0,0,843,"",0.10,0.43,0.42,0.42,0.33,0.00,0.00,0.78,"",-4,-18.2,-273,-3.9,-450,-6.3,-239,-3.5,-4497466,-5.8,0,0.0,0,0.0,-11,-1.3
"55079","3","10","71","0","2017","4","",348,40383,40623,40803,551335932,1060534,42228,1045,"",0.77,0.83,0.83,0.84,0.95,0.10,0.68,1.14,"",-30,-7.9,-468,-1.1,-980,-2.4,-704,-1.7,-15561686,-2.7,20043,1.9,-6409,-13.2,-10,-0.9
"55079","5","10","71","0","2017","4","",26284,433117,433809,435770,5937567316,547112750,11781248,1052,"",1.01,1.04,1.04,1.04,1.03,1.03,1.00,0.99,"",1047,4.1,3297,0.8,3310,0.8,5713,1.3,150206384,2.6,31616183,6.1,-2398029,-16.9,17,1.6
"55081","0","10","70","0","2017","4","",1124,20849,20771,20685,221179932,20889594,401001,819,"",1.00,1.00,1.00,1.00,1.00,1.00,1.00,1.00,"",37,3.4,322,1.6,424,2.1,336,1.7,17095267,8.4,1752625,9.2,-34579,-7.9,50,6.5
"55081","1","10","71","0","2017","4","",33,2482,2485,2500,37367123,0,0,1155,"",4.89,6.18,6.25,6.27,6.15,0.00,0.00,0.99,"",1,3.1,46,1.9,59,2.4,58,2.4,1614332,4.5,0,0.0,0,0.0,25,2.2
"55081","2","10","71","0","2017","4","",8,252,232,232,2522152,0,0,813,"",1.02,0.38,0.35,0.35,0.35,0.00,0.00,0.97,"",0,0.0,14,5.9,-4,-1.7,5,2.2,53172,2.2,0,0.0,0,0.0,0,0.0
"55081","3","10","71","0","2017","4","",92,2306,2307,2340,19454496,64471,697,646,"",4.82,1.12,1.12,1.14,1.02,0.16,0.33,0.91,"",0,0.0,0,0.0,-22,-0.9,42,1.8,977645,5.3,-26236,-28.9,-786,-53.0,31,5.0
"55081","5","10","71","0","2017","4","",991,15809,15747,15613,161836161,20825123,400304,792,"",0.91,0.89,0.89,0.89,0.86,1.03,1.00,0.96,"",36,3.8,262,1.7,391,2.5,231,1.5,14450118,9.8,1778861,9.3,-33793,-7.8,57,7.8
"55083","0","10","70","0","2017","4","",789,9279,9151,9098,77908982,9675056,279703,653,"",1.00,1.00,1.00,1.00,1.00,1.00,1.00,1.00,"",26,3.4,167,1.8,21,0.2,72,0.8,4049655,5.5,664742,7.4,2641,1.0,28,4.5
"55083","1","10","71","0","2017","4","",13,88,87,79,1020265,0,0,927,"",2.75,0.49,0.50,0.45,0.48,0.00,0.00,0.99,"",0,0.0,-7,-7.4,-4,-4.4,-10,-11.2,-39989,-3.8,0,0.0,0,0.0,37,4.2
"55083","2","10","71","0","2017","4","",4,10,11,11,151743,0,0,1094,"",0.72,0.03,0.04,0.04,0.06,0.00,0.00,1.64,"",0,0.0,0,0.0,1,10.0,1,10.0,7173,5.0,0,0.0,0,0.0,-18,-1.6
"55083","3","10","71","0","2017","4","",54,1639,1752,1838,14710958,1120,2,649,"",4.03,1.78,1.93,2.04,2.20,0.01,0.00,1.15,"",0,0.0,-86,-5.0,-105,-5.7,-39,-2.1,251192,1.7,-30,-2.6,-13,-86.7,38,6.2
"55083","5","10","71","0","2017","4","",718,7542,7301,7170,62026016,9673936,279701,650,"",0.94,0.96,0.94,0.93,0.93,1.03,1.01,0.99,"",26,3.8,260,3.6,129,1.8,120,1.7,3831279,6.6,664772,7.4,2654,1.0,25,4.0
"55085","0","10","70","0","2017","4","",1474,16412,16219,16088,163687897,18213041,460503,775,"",1.00,1.00,1.00,1.00,1.00,1.00,1.00,1.00,"",24,1.7,-128,-0.8,-173,-1.1,-196,-1.2,4653485,2.9,1349346,8.0,-34324,-6.9,29,3.9
"55085","1","10","71","0","2017","4","",16,191,185,185,2878147,0,0,1184,"",1.81,0.60,0.60,0.60,0.64,0.00,0.00,1.07,"",0,0.0,-5,-2.6,-2,-1.1,-8,-4.1,-96323,-3.2,0,0.0,0,0.0,-8,-0.7
"55085","2","10","71","0","2017","4","",11,288,279,282,3400055,0,0,924,"",1.07,0.55,0.54,0.55,0.64,0.00,0.00,1.17,"",1,10.0,-5,-1.7,-11,-3.8,-8,-2.8,-26238,-0.8,0,0.0,0,0.0,18,2.0
"55085","3","10","71","0","2017","4","",56,1734,1739,1830,17887737,4472,10,778,"",2.24,1.07,1.08,1.15,1.27,0.01,0.00,1.16,"",-1,-1.8,-55,-3.1,-141,-7.5,-62,-3.3,287120,1.6,-242,-5.1,-103,-91.2,48,6.6
"55085","5","10","71","0","2017","4","",1391,14199,14016,13791,139521958,18208569,460493,766,"",0.97,1.02,1.02,1.01,1.00,1.03,1.01,0.98,"",24,1.8,-63,-0.4,-19,-0.1,-118,-0.8,4488926,3.3,1349588,8.0,-34221,-6.9,28,3.8
"55087","0","10","70","0","2017","4","",5345,107974,108458,108617,1328682692,118055287,2507773,943,"",1.00,1.00,1.00,1.00,1.00,1.00,1.00,1.00,"",178,3.4,213,0.2,-26,0.0,1267,1.2,38443426,3.0,1632066,1.4,-654588,-20.7,23,2.5
"55087","1","10","71","0","2017","4","",27,621,617,624,10637965,0,0,1318,"",0.84,0.30,0.30,0.30,0.29,0.00,0.00,0.98,"",3,12.5,41,7.1,48,8.4,48,8.3,1137100,12.0,0,0.0,0,0.0,47,3.7
"55087","2","10","71","0","2017","4","",10,226,234,236,2687891,0,0,891,"",0.27,0.07,0.07,0.07,0.06,0.00,0.00,0.93,"",-1,-9.1,-11,-4.6,0,0.0,-9,-3.7,214847,8.7,0,0.0,0,0.0,94,11.8
"55087","3","10","71","0","2017","4","",162,10071,10091,10051,117172111,0,0,895,"",1.78,0.94,0.94,0.94,1.03,0.00,0.00,1.09,"",-1,-0.6,202,2.0,-323,-3.1,117,1.2,2740472,2.4,0,0.0,0,0.0,21,2.4
"55087","5","10","71","0","2017","4","",5146,97056,97516,97706,1198184725,118055287,2507773,946,"",0.99,1.06,1.06,1.06,1.06,1.03,1.01,1.00,"",177,3.6,-19,0.0,249,0.3,1111,1.2,34351007,3.0,1632066,1.4,-654588,-20.7,23,2.5
"55089","0","10","70","0","2017","4","",2919,43581,43766,43535,540161758,48202364,938582,952,"",1.00,1.00,1.00,1.00,1.00,1.00,1.00,1.00,"",113,4.0,-76,-0.2,67,0.2,174,0.4,20986740,4.0,1510129,3.2,-223159,-19.2,35,3.8
"55089","1","10","71","0","2017","4","",8,151,155,154,2493079,0,0,1251,"",0.46,0.18,0.19,0.18,0.17,0.00,0.00,0.92,"",0,0.0,0,0.0,7,4.7,3,2.0,56991,2.3,0,0.0,0,0.0,2,0.2
"55089","2","10","71","0","2017","4","",5,17,19,15,164599,0,0,745,"",0.24,0.01,0.01,0.01,0.01,0.00,0.00,0.77,"",0,0.0,-1,-5.6,1,5.6,0,0.0,-21119,-11.4,0,0.0,0,0.0,-95,-11.3
"55089","3","10","71","0","2017","4","",42,3530,3484,3512,38486010,0,0,844,"",0.85,0.82,0.80,0.82,0.83,0.00,0.00,1.02,"",-1,-2.3,53,1.5,-105,-2.9,32,0.9,719255,1.9,0,0.0,0,0.0,18,2.2
"55089","5","10","71","0","2017","4","",2864,39883,40108,39854,499018070,48202364,938582,961,"",1.01,1.08,1.08,1.08,1.08,1.03,1.01,1.00,"",114,4.1,-128,-0.3,164,0.4,139,0.3,20231613,4.2,1510129,3.2,-223159,-19.2,38,4.1
"55091","0","10","70","0","2017","4","",280,2419,2316,2236,23121987,2370750,47337,765,"",1.00,1.00,1.00,1.00,1.00,1.00,1.00,1.00,"",9,3.3,120,5.2,38,1.7,95,4.4,1443972,6.7,148693,6.7,-12794,-21.3,20,2.7
"55091","1","10","71","0","2017","4","",6,32,33,29,383699,0,0,942,"",3.57,0.69,0.74,0.67,0.60,0.00,0.00,0.86,"",0,0.0,-5,-13.5,0,0.0,-7,-19.4,-12287,-3.1,0,0.0,0,0.0,80,9.3
"55091","2","10","71","0","2017","4","N",2,0,0,0,0,0,0,0,"N",1.02,0,0,0,0,0,0,0,"N",0,0.0,0,0,0,0,0,0,0,0,0,0,0,0,0,0
"55091","3","10","71","0","2017","4","N",31,0,0,0,0,0,0,0,"N",6.51,0,0,0,0,0,0,0,"N",-1,-3.1,0,0,0,0,0,0,0,0,0,0,0,0,0,0
"55091","5","10","71","0","2017","4","",241,1924,1819,1749,19471672,2370433,47332,818,"",0.89,0.94,0.92,0.92,0.99,1.03,1.01,1.06,"",10,4.3,131,7.3,84,4.8,80,4.8,1476611,8.2,149572,6.7,-12783,-21.3,19,2.4
"55093","0","10","70","0","2017","4","",925,10318,10254,10163,94747949,9957303,209027,711,"",1.00,1.00,1.00,1.00,1.00,1.00,1.00,1.00,"",45,5.1,157,1.5,103,1.0,242,2.4,5498832,6.2,1192933,13.6,-29213,-12.3,30,4.4
"55093","1","10","71","0","2017","4","",14,81,78,76,1210571,0,0,1189,"",2.52,0.41,0.40,0.39,0.46,0.00,0.00,1.17,"",0,0.0,0,0.0,-5,-6.0,-6,-7.3,117692,10.8,0,0.0,0,0.0,164,16.0
"55093","2","10","71","0","2017","4","N",6,0,0,0,0,0,0,0,"N",0.93,0,0,0,0,0,0,0,"N",0,0.0,0,0,0,0,0,0,0,0,0,0,0,0,0,0
"55093","3","10","71","0","2017","4","N",65,0,0,0,0,0,0,0,"N",4.13,0,0,0,0,0,0,0,"N",-2,-3.0,0,0,0,0,0,0,0,0,0,0,0,0,0,0
"55093","5","10","71","0","2017","4","",840,7184,7076,7019,66280773,9955473,209013,719,"",0.94,0.82,0.81,0.81,0.82,1.03,1.01,1.01,"",47,5.9,129,1.8,222,3.2,265,3.9,4889513,8.0,1198784,13.7,-29128,-12.2,33,4.8
"55095","0","10","70","0","2017","4","",1183,16291,16253,16309,151389990,18096107,376100,715,"",1.00,1.00,1.00,1.00,1.00,1.00,1.00,1.00,"",33,2.9,-93,-0.6,58,0.4,219,1.4,189254,0.1,303068,1.7,-106127,-22.0,-2,-0.3
"55095","1","10","71","0","2017","4","",14,116,113,115,1512920,0,0,1015,"",1.97,0.37,0.36,0.37,0.36,0.00,0.00,0.99,"",-1,-6.7,-15,-11.5,-13,-10.3,-18,-13.5,-123280,-7.5,0,0.0,0,0.0,47,4.9
"55095","2","10","71","0","2017","4","",5,35,27,28,299389,0,0,768,"",0.60,0.07,0.05,0.05,0.06,0.00,0.00,1.05,"",0,0.0,0,0.0,-3,-10.0,-5,-15.2,-12926,-4.1,0,0.0,0,0.0,33,4.5
"55095","3","10","71","0","2017","4","",102,2533,2510,2612,21575600,2811,36,650,"",5.07,1.57,1.56,1.62,1.66,0.01,0.02,1.05,"",-3,-2.9,-15,-0.6,-95,-3.6,58,2.3,367186,1.7,-14414,-83.7,-203,-84.9,15,2.4
"55095","5","10","71","0","2017","4","",1062,13607,13603,13554,128002081,18093296,376064,725,"",0.93,0.98,0.99,0.98,0.99,1.03,1.01,1.01,"",37,3.6,-63,-0.5,169,1.3,184,1.4,-41726,0.0,317482,1.8,-105924,-22.0,-5,-0.7
"55097","0","10","70","0","2017","4","",1740,34703,34401,34110,373028913,36023948,799452,834,"",1.00,1.00,1.00,1.00,1.00,1.00,1.00,1.00,"",37,2.2,50,0.1,12,0.0,-252,-0.7,10335996,2.8,66953,0.2,-238132,-23.0,25,3.1
"55097","1","10","71","0","2017","4","",19,163,159,159,2360037,0,0,1132,"",1.82,0.24,0.24,0.24,0.23,0.00,0.00,0.95,"",0,0.0,-1,-0.6,-5,-3.0,-7,-4.2,-41397,-1.7,0,0.0,0,0.0,10,0.9
"55097","2","10","71","0","2017","4","N",10,0,0,0,0,0,0,0,"N",0.82,0,0,0,0,0,0,0,"N",-2,-16.7,0,0,0,0,0,0,0,0,0,0,0,0,0,0
"55097","3","10","71","0","2017","4","N",66,0,0,0,0,0,0,0,"N",2.23,0,0,0,0,0,0,0,"N",-1,-1.5,0,0,0,0,0,0,0,0,0,0,0,0,0,0
"55097","5","10","71","0","2017","4","",1645,30386,30095,29634,327600794,36023948,799452,839,"",0.97,1.03,1.03,1.02,1.03,1.03,1.01,1.00,"",40,2.5,190,0.6,227,0.8,-68,-0.2,11516198,3.6,175000,0.5,-236512,-22.8,26,3.2
"55099","0","10","70","0","2017","4","",474,5576,5537,5510,54648675,4702517,96762,759,"",1.00,1.00,1.00,1.00,1.00,1.00,1.00,1.00,"",-12,-2.5,-234,-4.0,-161,-2.8,-81,-1.4,211139,0.4,-353346,-7.0,-26470,-21.5,24,3.3
"55099","1","10","71","0","2017","4","",10,79,78,77,969055,0,0,956,"",3.52,0.74,0.74,0.73,0.65,0.00,0.00,0.88,"",0,0.0,-5,-6.0,-5,-6.0,-3,-3.8,-55514,-5.4,0,0.0,0,0.0,-1,-0.1
"55099","2","10","71","0","2017","4","",6,30,30,31,332336,0,0,843,"",1.81,0.17,0.17,0.18,0.19,0.00,0.00,1.09,"",-1,-14.3,-9,-23.1,-9,-23.1,-6,-16.2,-71871,-17.8,0,0.0,0,0.0,32,3.9
"55099","3","10","71","0","2017","4","",64,818,791,857,5510442,2461,260,516,"",7.94,1.48,1.44,1.57,1.17,0.03,0.51,0.78,"",0,0.0,-9,-1.1,-35,-4.2,2,0.2,19790,0.4,-12430,-83.5,-356,-57.8,11,2.2
"55099","5","10","71","0","2017","4","",394,4649,4638,4545,47836842,4700056,96502,798,"",0.86,0.98,0.99,0.97,1.03,1.03,1.00,1.05,"",-11,-2.7,-211,-4.3,-112,-2.4,-74,-1.6,318734,0.7,-340916,-6.8,-26114,-21.3,27,3.5
"55101","0","10","70","0","2017","4","",4440,75221,75216,75271,948190253,88593911,2049471,969,"",1.00,1.00,1.00,1.00,1.00,1.00,1.00,1.00,"",172,4.0,76,0.1,125,0.2,703,0.9,30331654,3.3,8221081,10.2,-196087,-8.7,27,2.9
"55101","1","10","71","0","2017","4","",20,341,360,363,5679305,0,0,1232,"",0.75,0.24,0.25,0.25,0.22,0.00,0.00,0.89,"",-1,-4.8,-6,-1.7,21,6.2,19,5.5,145155,2.6,0,0.0,0,0.0,-8,-0.6
"55101","2","10","71","0","2017","4","",11,1759,1760,1741,18471382,0,0,810,"",0.35,0.73,0.73,0.73,0.60,0.00,0.00,0.82,"",-1,-8.3,51,3.0,15,0.9,19,1.1,-204028,-1.1,0,0.0,0,0.0,-23,-2.8
"55101","3","10","71","0","2017","4","",93,7451,7537,7543,90997277,1313724,39990,932,"",1.23,1.00,1.01,1.01,1.12,0.75,3.71,1.11,"",1,1.1,77,1.0,-148,-1.9,42,0.6,1612127,1.8,1287673,4942.9,39718,14602.2,18,2.0
"55101","5","10","71","0","2017","4","",4316,65670,65559,65624,833042289,87280187,2009481,977,"",1.00,1.03,1.03,1.03,1.03,1.02,0.99,1.00,"",173,4.2,-46,-0.1,237,0.4,623,1.0,28778400,3.6,6933408,8.6,-235805,-10.5,30,3.2
"55103","0","10","70","0","2017","4","",458,5815,5785,5862,54833058,5323339,93572,725,"",1.00,1.00,1.00,1.00,1.00,1.00,1.00,1.00,"",6,1.3,-92,-1.6,-82,-1.4,-7,-0.1,2655254,5.1,-62633,-1.2,-32610,-25.8,43,6.3
"55103","1","10","71","0","2017","4","",7,47,47,46,688912,0,0,1136,"",2.55,0.42,0.42,0.41,0.46,0.00,0.00,1.10,"",-1,-12.5,-10,-17.5,-4,-7.8,-9,-16.4,-20407,-2.9,0,0.0,0,0.0,132,13.1
"55103","2","10","71","0","2017","4","",6,50,52,50,382491,0,0,581,"",1.87,0.27,0.28,0.27,0.21,0.00,0.00,0.79,"",-1,-14.3,-8,-13.8,-5,-8.8,-9,-15.3,-63213,-14.2,0,0.0,0,0.0,-10,-1.7
"55103","3","10","71","0","2017","4","",46,926,911,979,7203047,3054,85,590,"",5.91,1.61,1.59,1.69,1.53,0.03,0.17,0.94,"",-3,-6.1,-20,-2.1,-42,-4.4,-42,-4.1,-285047,-3.8,-9534,-75.7,-336,-79.8,-2,-0.3
"55103","5","10","71","0","2017","4","",399,4792,4775,4787,46558608,5320285,93487,749,"",0.90,0.97,0.97,0.96,0.99,1.03,1.01,1.03,"",11,2.8,-54,-1.1,-31,-0.6,53,1.1,3023921,6.9,-53099,-1.0,-32274,-25.7,51,7.3
"55105","0","10","70","0","2017","4","",3453,66642,66888,66524,764782221,75071102,1610689,882,"",1.00,1.00,1.00,1.00,1.00,1.00,1.00,1.00,"",150,4.5,1166,1.8,1215,1.9,1214,1.9,40736507,5.6,5700204,8.2,-223589,-12.2,32,3.8
"55105","1","10","71","0","2017","4","",17,290,286,286,4413501,0,0,1182,"",0.82,0.23,0.22,0.22,0.21,0.00,0.00,0.94,"",0,0.0,3,1.0,-5,-1.7,1,0.4,-102699,-2.3,0,0.0,0,0.0,-26,-2.2
"55105","2","10","71","0","2017","4","",9,316,320,314,3098964,0,0,753,"",0.37,0.15,0.15,0.15,0.12,0.00,0.00,0.84,"",0,0.0,-19,-5.7,-20,-5.9,-20,-6.0,-126989,-3.9,0,0.0,0,0.0,15,2.0
"55105","3","10","71","0","2017","4","",117,7799,7792,7704,88327458,13849,389,875,"",1.99,1.18,1.17,1.17,1.34,0.01,0.05,1.14,"",-3,-2.5,-1,0.0,-278,-3.4,2,0.0,1388075,1.6,-39460,-74.0,-860,-68.9,24,2.8
"55105","5","10","71","0","2017","4","",3310,58237,58490,58220,668942298,75057253,1610300,882,"",0.99,1.03,1.03,1.03,1.02,1.03,1.01,0.99,"",153,4.8,1183,2.1,1518,2.7,1231,2.2,39578120,6.3,5739664,8.3,-222729,-12.2,33,3.9
"55107","0","10","70","0","2017","4","",365,5162,5171,5131,49871864,5189282,123876,744,"",1.00,1.00,1.00,1.00,1.00,1.00,1.00,1.00,"",11,3.1,1,0.0,-12,-0.2,5,0.1,3676452,8.0,470344,10.0,535,0.4,55,8.0
"55107","1","10","71","0","2017","4","",10,34,37,32,348127,0,0,780,"",4.57,0.34,0.37,0.32,0.25,0.00,0.00,0.73,"",0,0.0,-4,-10.5,0,0.0,-4,-11.1,-8205,-2.3,0,0.0,0,0.0,39,5.3
"55107","2","10","71","0","2017","4","",6,18,18,17,165120,0,0,719,"",2.35,0.11,0.11,0.10,0.10,0.00,0.00,0.95,"",0,0.0,1,5.9,1,5.9,2,13.3,-11299,-6.4,0,0.0,0,0.0,-112,-13.5
"55107","3","10","71","0","2017","4","",44,1016,997,953,8539774,349,6,664,"",7.09,1.99,1.94,1.88,1.99,0.00,0.01,1.03,"",-1,-2.2,-25,-2.4,-57,-5.4,-16,-1.7,366745,4.5,-8592,-96.1,-127,-95.5,48,7.8
"55107","5","10","71","0","2017","4","",305,4094,4119,4129,40818843,5188933,123870,763,"",0.86,0.93,0.94,0.95,0.96,1.03,1.01,1.02,"",12,4.1,29,0.7,44,1.1,23,0.6,3329211,8.9,478936,10.2,662,0.5,57,8.1
"55109","0","10","70","0","2017","4","",2370,33880,33684,33653,367615471,40226758,800950,838,"",1.00,1.00,1.00,1.00,1.00,1.00,1.00,1.00,"",105,4.6,527,1.6,291,0.9,435,1.3,24970090,7.3,1761282,4.6,-125602,-13.6,47,5.9
"55109","1","10","71","0","2017","4","",19,155,146,154,2262089,0,0,1147,"",1.34,0.24,0.23,0.24,0.22,0.00,0.00,0.96,"",1,5.6,1,0.6,-6,-3.9,-4,-2.5,175257,8.4,0,0.0,0,0.0,109,10.5
"55109","2","10","71","0","2017","4","",8,117,114,113,1306430,0,0,876,"",0.48,0.11,0.11,0.11,0.11,0.00,0.00,1.03,"",1,14.3,-6,-4.9,-5,-4.2,0,0.0,-80193,-5.8,0,0.0,0,0.0,-25,-2.8
"55109","3","10","71","0","2017","4","",96,4149,4127,4184,40405754,1839,31,748,"",2.38,1.24,1.23,1.26,1.28,0.00,0.01,1.03,"",1,1.1,97,2.4,-12,-0.3,29,0.7,1406662,3.6,1839,100.0,31,100.0,19,2.6
"55109","5","10","71","0","2017","4","",2247,29459,29297,29202,323641198,40224919,800919,849,"",0.98,1.02,1.02,1.02,1.03,1.03,1.01,1.01,"",102,4.8,435,1.5,314,1.1,410,1.4,23468364,7.8,1759443,4.6,-125633,-13.6,51,6.4
"55111","0","10","70","0","2017","4","",2014,36078,35953,35856,363034209,39728950,727024,777,"",1.00,1.00,1.00,1.00,1.00,1.00,1.00,1.00,"",46,2.3,230,0.6,155,0.4,386,1.1,20353093,5.9,3286253,9.0,-88421,-10.8,39,5.3
"55111","1","10","71","0","2017","4","",21,160,155,159,2194210,0,0,1068,"",1.74,0.23,0.23,0.23,0.22,0.00,0.00,0.96,"",0,0.0,5,3.2,-1,-0.6,2,1.3,161103,7.9,0,0.0,0,0.0,65,6.5
"55111","2","10","71","0","2017","4","",9,140,117,112,1100650,0,0,688,"",0.64,0.12,0.10,0.10,0.09,0.00,0.00,0.87,"",0,0.0,6,4.5,-4,-3.3,-7,-5.9,24274,2.3,0,0.0,0,0.0,24,3.6
"55111","3","10","71","0","2017","4","",93,5098,5135,5202,48805110,1264638,14543,730,"",2.72,1.43,1.44,1.47,1.56,1.61,3.80,1.08,"",-2,-2.1,-3,-0.1,-102,-1.9,61,1.2,1925683,4.1,-57436,-4.3,-9230,-38.8,31,4.4
"55111","5","10","71","0","2017","4","",1891,30680,30546,30383,310934239,38464312,712481,783,"",0.97,1.00,1.00,1.00,1.00,1.00,0.99,1.00,"",48,2.6,222,0.7,262,0.9,330,1.1,18242033,6.2,3343689,9.5,-79191,-10.0,39,5.2
"55113","0","10","70","0","2017","4","",683,7010,6710,6586,60625128,7070213,209630,689,"",1.00,1.00,1.00,1.00,1.00,1.00,1.00,1.00,"",30,4.6,109,1.6,91,1.4,43,0.7,1613126,2.7,-367059,-4.9,-43983,-17.3,10,1.5
"55113","1","10","71","0","2017","4","",11,80,77,74,1012739,0,0,1012,"",2.69,0.59,0.60,0.58,0.61,0.00,0.00,1.03,"",0,0.0,4,5.3,2,2.7,1,1.4,130938,14.8,0,0.0,0,0.0,104,11.5
"55113","2","10","71","0","2017","4","",8,72,70,70,745235,0,0,811,"",1.67,0.32,0.33,0.33,0.38,0.00,0.00,1.15,"",1,14.3,-1,-1.4,-2,-2.8,-2,-2.8,-22472,-2.9,0,0.0,0,0.0,-5,-0.6
"55113","3","10","71","0","2017","4","",38,1799,1736,1782,15643440,916329,40755,679,"",3.27,2.59,2.61,2.73,3.00,6.55,36.94,1.14,"",0,0.0,29,1.6,18,1.0,61,3.5,436903,2.9,-92214,-9.1,-4842,-10.6,5,0.7
"55113","5","10","71","0","2017","4","",626,5059,4827,4660,43223714,6153884,168875,686,"",0.94,0.85,0.85,0.83,0.83,0.90,0.81,0.99,"",29,4.9,77,1.5,73,1.5,-17,-0.4,1067757,2.5,-274845,-4.3,-39141,-18.8,11,1.6
"55115","0","10","70","0","2017","4","",1045,12730,12809,12804,110901921,12801087,232994,667,"",1.00,1.00,1.00,1.00,1.00,1.00,1.00,1.00,"",6,0.6,59,0.5,-17,-0.1,111,0.9,4615897,4.3,407121,3.3,-65699,-22.0,25,3.9
"55115","1","10","71","0","2017","4","",19,108,115,108,1365982,0,0,952,"",3.03,0.44,0.47,0.44,0.45,0.00,0.00,1.00,"",0,0.0,1,0.9,3,2.7,-5,-4.4,-3219,-0.2,0,0.0,0,0.0,0,0.0
"55115","2","10","71","0","2017","4","",7,39,40,41,437500,0,0,841,"",0.96,0.10,0.10,0.10,0.12,0.00,0.00,1.24,"",0,0.0,3,8.3,5,14.3,6,17.1,44072,11.2,0,0.0,0,0.0,-16,-1.9
"55115","3","10","71","0","2017","4","",80,2651,2688,2697,21311004,611950,7170,612,"",4.50,2.10,2.11,2.13,2.23,2.41,5.85,1.06,"",-1,-1.2,-69,-2.5,-156,-5.5,-66,-2.4,123734,0.6,64884,11.9,-2522,-26.0,25,4.3
"55115","5","10","71","0","2017","4","",939,9932,9966,9958,87787435,12189137,225824,679,"",0.93,0.92,0.92,0.92,0.93,0.98,0.98,1.01,"",7,0.8,124,1.3,131,1.3,176,1.8,4451310,5.3,342237,2.9,-63177,-21.9,25,3.8
"55117","0","10","70","0","2017","4","",2841,60937,60999,60960,745857131,58865456,998403,941,"",1.00,1.00,1.00,1.00,1.00,1.00,1.00,1.00,"",61,2.2,816,1.4,828,1.4,941,1.6,32614451,4.6,-301327,-0.5,-291623,-22.6,28,3.1
"55117","1","10","71","0","2017","4","",18,192,196,198,2885703,0,0,1136,"",1.06,0.16,0.17,0.17,0.14,0.00,0.00,0.84,"",0,0.0,0,0.0,6,3.2,2,1.0,61550,2.2,0,0.0,0,0.0,8,0.7
"55117","2","10","71","0","2017","4","",11,539,518,514,5541769,0,0,814,"",0.55,0.28,0.27,0.26,0.23,0.00,0.00,0.85,"",0,0.0,59,12.3,-3,-0.6,16,3.2,27796,0.5,0,0.0,0,0.0,-35,-4.1
"55117","3","10","71","0","2017","4","",120,5092,5276,5264,52459492,0,0,774,"",2.49,0.84,0.87,0.87,0.82,0.00,0.00,0.95,"",1,0.8,-8,-0.2,-159,-2.9,-25,-0.5,1216836,2.4,0,0.0,0,0.0,27,3.6
"55117","5","10","71","0","2017","4","",2692,55114,55009,54984,684970167,58865456,998403,957,"",0.98,1.06,1.06,1.06,1.08,1.03,1.01,1.01,"",60,2.3,765,1.4,984,1.8,948,1.8,31308269,4.8,-301327,-0.5,-291623,-22.6,28,3.0
"55119","0","10","70","0","2017","4","",507,8254,8170,8116,81153775,8669182,197192,763,"",1.00,1.00,1.00,1.00,1.00,1.00,1.00,1.00,"",7,1.4,12,0.1,40,0.5,-25,-0.3,2646745,3.4,1281894,17.4,-16888,-7.9,24,3.2
"55119","1","10","71","0","2017","4","",10,50,56,56,683369,0,0,973,"",3.29,0.31,0.36,0.36,0.31,0.00,0.00,0.89,"",0,0.0,-5,-9.1,6,12.0,2,3.7,11887,1.8,0,0.0,0,0.0,-2,-0.2
"55119","2","10","71","0","2017","4","",5,15,16,16,171806,0,0,844,"",1.41,0.06,0.06,0.06,0.06,0.00,0.00,1.08,"",0,0.0,-1,-6.2,0,0.0,-1,-5.9,-2601,-1.5,0,0.0,0,0.0,23,2.8
"55119","3","10","71","0","2017","4","",41,988,959,978,8382170,8510,19,661,"",4.76,1.21,1.18,1.22,1.20,0.05,0.02,1.00,"",0,0.0,31,3.2,-5,-0.5,-21,-2.1,366787,4.6,-642,-7.0,-18,-48.6,28,4.4
"55119","5","10","71","0","2017","4","",451,7201,7139,7066,71916430,8660672,197173,775,"",0.92,1.03,1.03,1.02,1.04,1.03,1.01,1.01,"",7,1.6,-13,-0.2,39,0.5,-5,-0.1,2270672,3.3,1282536,17.4,-16870,-7.9,23,3.1
"55121","0","10","70","0","2017","4","",784,14440,14191,14139,149153611,12923681,263587,805,"",1.00,1.00,1.00,1.00,1.00,1.00,1.00,1.00,"",43,5.8,-121,-0.8,-203,-1.4,-106,-0.7,3565354,2.4,1586734,14.0,282,0.1,27,3.5
"55121","1","10","71","0","2017","4","",19,121,114,112,1419772,0,0,944,"",4.04,0.44,0.42,0.41,0.35,0.00,0.00,0.82,"",0,0.0,0,0.0,-10,-8.1,-7,-5.9,-138994,-8.9,0,0.0,0,0.0,-44,-4.5
"55121","2","10","71","0","2017","4","",5,25,20,20,214000,0,0,760,"",0.91,0.05,0.04,0.04,0.04,0.00,0.00,0.93,"",0,0.0,0,0.0,0,0.0,-3,-13.0,7565,3.7,0,0.0,0,0.0,59,8.4
"55121","3","10","71","0","2017","4","",63,2134,2115,2207,18309571,0,0,654,"",4.73,1.49,1.50,1.58,1.43,0.00,0.00,0.94,"",-1,-1.6,7,0.3,-36,-1.7,44,2.0,684753,3.9,0,0.0,0,0.0,23,3.6
"55121","5","10","71","0","2017","4","",697,12160,11942,11800,129210268,12923681,263587,831,"",0.92,0.99,0.99,0.98,1.01,1.03,1.01,1.03,"",44,6.7,-128,-1.0,-157,-1.3,-140,-1.2,3012030,2.4,1586734,14.0,282,0.1,29,3.6
"55123","0","10","70","0","2017","4","",716,9092,9100,9005,79661072,7755699,142421,676,"",1.00,1.00,1.00,1.00,1.00,1.00,1.00,1.00,"",43,6.4,84,0.9,68,0.8,87,1.0,1817520,2.3,-17025,-0.2,-36376,-20.3,10,1.5
"55123","1","10","71","0","2017","4","",16,114,111,106,1427925,0,0,996,"",3.73,0.65,0.64,0.61,0.65,0.00,0.00,1.03,"",0,0.0,3,2.7,-2,-1.8,-3,-2.8,73592,5.4,0,0.0,0,0.0,57,6.1
"55123","2","10","71","0","2017","4","",7,49,35,32,299882,0,0,597,"",1.40,0.17,0.12,0.11,0.12,0.00,0.00,0.87,"",0,0.0,2,4.3,-4,-10.3,-1,-3.0,37871,14.5,0,0.0,0,0.0,89,17.5
"55123","3","10","71","0","2017","4","",63,1713,1759,1736,12690280,0,0,562,"",5.18,1.90,1.95,1.95,1.85,0.00,0.00,0.96,"",1,1.6,27,1.6,3,0.2,7,0.4,314228,2.5,0,0.0,0,0.0,10,1.8
"55123","5","10","71","0","2017","4","",630,7216,7195,7131,65242985,7755699,142421,699,"",0.91,0.93,0.93,0.93,0.96,1.03,1.01,1.03,"",42,7.1,52,0.7,71,1.0,84,1.2,1391829,2.2,-17025,-0.2,-36376,-20.3,8,1.2
"55125","0","10","70","0","2017","4","",964,7882,7454,7339,64509291,9277568,252955,657,"",1.00,1.00,1.00,1.00,1.00,1.00,1.00,1.00,"",15,1.6,156,2.0,142,1.9,245,3.5,4839966,8.1,575302,6.6,-43611,-14.7,35,5.6
"55125","1","10","71","0","2017","4","",11,66,62,60,754745,0,0,926,"",1.90,0.44,0.43,0.42,0.43,0.00,0.00,0.99,"",0,0.0,1,1.5,-1,-1.6,-2,-3.2,22444,3.1,0,0.0,0,0.0,37,4.2
"55125","2","10","71","0","2017","4","N",6,0,0,0,0,0,0,0,"N",0.89,0,0,0,0,0,0,0,"N",1,20.0,0,0,0,0,0,0,0,0,0,0,0,0,0,0
"55125","3","10","71","0","2017","4","N",48,0,0,0,0,0,0,0,"N",2.93,0,0,0,0,0,0,0,"N",1,2.1,0,0,0,0,0,0,0,0,0,0,0,0,0,0
"55125","5","10","71","0","2017","4","",899,5746,5336,5265,44028815,8134006,229781,622,"",0.96,0.86,0.84,0.84,0.80,0.91,0.91,0.94,"",13,1.5,188,3.4,171,3.3,250,5.0,4271020,10.7,464320,6.1,-33955,-12.9,39,6.7
"55127","0","10","70","0","2017","4","",2893,42014,41399,41379,412722104,47701479,959556,763,"",1.00,1.00,1.00,1.00,1.00,1.00,1.00,1.00,"",153,5.6,600,1.4,356,0.9,816,2.0,14224371,3.6,3832813,8.7,-171128,-15.1,15,2.0
"55127","1","10","71","0","2017","4","",20,171,176,174,2534918,0,0,1123,"",1.15,0.21,0.22,0.22,0.22,0.00,0.00,1.03,"",0,0.0,-8,-4.5,-1,-0.6,-8,-4.4,35342,1.4,0,0.0,0,0.0,51,4.8
"55127","2","10","71","0","2017","4","N",10,0,0,0,0,0,0,0,"N",0.49,0,0,0,0,0,0,0,"N",0,0.0,0,0,0,0,0,0,0,0,0,0,0,0,0,0
"55127","3","10","71","0","2017","4","N",102,0,0,0,0,0,0,0,"N",2.07,0,0,0,0,0,0,0,"N",0,0.0,0,0,0,0,0,0,0,0,0,0,0,0,0,0
"55127","5","10","71","0","2017","4","",2761,35120,34619,34625,339971376,47701479,959556,752,"",0.98,0.98,0.98,0.98,0.96,1.03,1.01,0.98,"",153,5.9,521,1.5,359,1.0,794,2.3,10755677,3.3,3832813,8.7,-171128,-15.1,12,1.6
"55129","0","10","70","0","2017","4","",597,5823,5696,5679,49375143,6027761,128964,663,"",1.00,1.00,1.00,1.00,1.00,1.00,1.00,1.00,"",16,2.8,-21,-0.4,-60,-1.0,-31,-0.5,776710,1.6,441946,7.9,-4874,-3.6,15,2.3
"55129","1","10","71","0","2017","4","",13,74,69,74,927788,0,0,987,"",3.63,0.66,0.63,0.68,0.68,0.00,0.00,1.04,"",0,0.0,-9,-10.8,-14,-16.9,-19,-20.4,-120710,-11.5,0,0.0,0,0.0,53,5.7
"55129","2","10","71","0","2017","4","",10,156,156,153,1864285,0,0,925,"",2.39,0.83,0.85,0.84,1.16,0.00,0.00,1.37,"",0,0.0,-18,-10.3,-14,-8.2,-9,-5.6,-85115,-4.4,0,0.0,0,0.0,36,4.0
"55129","3","10","71","0","2017","4","",45,1030,1021,1046,8473756,8731,23,631,"",4.43,1.79,1.81,1.86,2.00,0.07,0.03,1.10,"",-2,-4.3,1,0.1,-79,-7.2,-23,-2.2,-317455,-3.6,-6246,-41.7,-187,-89.0,-3,-0.5
"55129","5","10","71","0","2017","4","",529,4563,4450,4406,38109314,6019030,128941,655,"",0.91,0.92,0.92,0.91,0.90,1.03,1.01,0.98,"",18,3.5,5,0.1,47,1.1,20,0.5,1299990,3.5,448192,8.0,-4687,-3.5,19,3.0
"55131","0","10","70","0","2017","4","",3453,55580,55547,56340,666528296,60805894,1155558,918,"",1.00,1.00,1.00,1.00,1.00,1.00,1.00,1.00,"",170,5.2,875,1.6,573,1.0,1421,2.6,40110591,6.4,4521495,8.0,-202278,-14.9,40,4.6
"55131","1","10","71","0","2017","4","",15,234,242,247,3799985,0,0,1213,"",0.72,0.22,0.23,0.23,0.21,0.00,0.00,0.92,"",0,0.0,-18,-7.1,-17,-6.6,-14,-5.4,-134382,-3.4,0,0.0,0,0.0,37,3.1
"55131","2","10","71","0","2017","4","",9,144,146,146,1315014,0,0,696,"",0.37,0.08,0.08,0.08,0.06,0.00,0.00,0.74,"",-1,-10.0,-5,-3.4,-7,-4.6,-4,-2.7,-36687,-2.7,0,0.0,0,0.0,6,0.9
"55131","3","10","71","0","2017","4","",79,4747,4766,4813,52385896,0,0,844,"",1.35,0.86,0.86,0.86,0.91,0.00,0.00,1.06,"",0,0.0,-70,-1.5,-407,-7.9,-69,-1.4,1105487,2.2,0,0.0,0,0.0,48,6.0
"55131","5","10","71","0","2017","4","",3350,50455,50393,51134,609027401,60805894,1155558,925,"",1.00,1.07,1.07,1.07,1.07,1.03,1.01,1.00,"",171,5.4,968,2.0,1004,2.0,1508,3.0,39176173,6.9,4521495,8.0,-202278,-14.9,39,4.4
"55133","0","10","70","0","2017","4","",13284,243763,244116,244910,3435785950,271542546,5773741,1082,"",1.00,1.00,1.00,1.00,1.00,1.00,1.00,1.00,"",570,4.5,3833,1.6,3536,1.5,5084,2.1,86260047,2.6,15900323,6.2,-867898,-13.1,9,0.8
"55133","1","10","71","0","2017","4","",36,748,779,786,13557710,0,0,1353,"",0.45,0.16,0.17,0.17,0.14,0.00,0.00,0.87,"",1,2.9,-13,-1.7,20,2.6,33,4.4,175111,1.3,0,0.0,0,0.0,-6,-0.4
"55133","2","10","71","0","2017","4","",17,1115,1065,1052,12063489,0,0,861,"",0.18,0.14,0.14,0.13,0.11,0.00,0.00,0.78,"",0,0.0,81,7.8,64,6.4,85,8.8,431751,3.7,0,0.0,0,0.0,-33,-3.7
"55133","3","10","71","0","2017","4","",195,15427,15377,15350,178109413,6519,14,891,"",0.86,0.64,0.63,0.63,0.60,0.00,0.00,0.95,"",-5,-2.5,-28,-0.2,-426,-2.7,53,0.3,5058152,2.9,1162,21.7,-43,-75.4,33,3.8
"55133","5","10","71","0","2017","4","",13036,226473,226895,227722,3232055338,271536027,5773727,1095,"",1.01,1.09,1.09,1.09,1.10,1.03,1.01,1.01,"",574,4.6,3793,1.7,3878,1.7,4913,2.2,80595033,2.6,15899161,6.2,-867855,-13.1,7,0.6
"55135","0","10","70","0","2017","4","",1340,19508,19444,19380,191128900,17923679,352606,756,"",1.00,1.00,1.00,1.00,1.00,1.00,1.00,1.00,"",19,1.4,-377,-1.9,-572,-2.9,-350,-1.8,-383132,-0.2,2223427,14.2,-46358,-11.6,15,2.0
"55135","1","10","71","0","2017","4","",18,133,128,129,1657300,0,0,981,"",2.24,0.35,0.34,0.35,0.32,0.00,0.00,0.91,"",0,0.0,3,2.3,-3,-2.3,-3,-2.3,82493,5.2,0,0.0,0,0.0,56,6.1
"55135","2","10","71","0","2017","4","N",9,0,0,0,0,0,0,0,"N",0.96,0,0,0,0,0,0,0,"N",1,12.5,0,0,0,0,0,0,0,0,0,0,0,0,0,0
"55135","3","10","71","0","2017","4","N",102,0,0,0,0,0,0,0,"N",4.48,0,0,0,0,0,0,0,"N",-1,-1.0,0,0,0,0,0,0,0,0,0,0,0,0,0,0
"55135","5","10","71","0","2017","4","",1211,15786,15664,15575,158288936,17923679,352606,777,"",0.93,0.95,0.95,0.95,0.97,1.03,1.01,1.02,"",19,1.6,-263,-1.6,-301,-1.9,-243,-1.5,201904,0.1,2223427,14.2,-46358,-11.6,14,1.8
"55137","0","10","70","0","2017","4","",525,6267,6199,6141,54767143,7662137,226364,679,"",1.00,1.00,1.00,1.00,1.00,1.00,1.00,1.00,"",20,4.0,84,1.4,127,2.1,231,3.9,5038422,10.1,1243481,19.4,3249,1.5,47,7.4
"55137","1","10","71","0","2017","4","",9,44,43,42,521587,0,0,933,"",2.86,0.36,0.36,0.36,0.35,0.00,0.00,0.96,"",0,0.0,4,10.0,-1,-2.3,-2,-4.5,-46396,-8.2,0,0.0,0,0.0,-91,-8.9
"55137","2","10","71","0","2017","4","N",5,0,0,0,0,0,0,0,"N",1.36,0,0,0,0,0,0,0,"N",0,0.0,0,0,0,0,0,0,0,0,0,0,0,0,0,0
"55137","3","10","71","0","2017","4","N",44,0,0,0,0,0,0,0,"N",4.93,0,0,0,0,0,0,0,"N",-1,-2.2,0,0,0,0,0,0,0,0,0,0,0,0,0,0
"55137","5","10","71","0","2017","4","",467,4841,4749,4733,41707752,7662137,226364,672,"",0.92,0.91,0.90,0.91,0.89,1.03,1.01,0.98,"",21,4.7,97,2.0,223,4.9,256,5.7,4992531,13.6,1243481,19.4,3249,1.5,56,9.1
"55139","0","10","70","0","2017","4","",3788,93901,94036,94569,1271609632,87964146,1710792,1039,"",1.00,1.00,1.00,1.00,1.00,1.00,1.00,1.00,"",97,2.6,265,0.3,-186,-0.2,620,0.7,44931561,3.7,-247469,-0.3,-816605,-32.3,34,3.4
"55139","1","10","71","0","2017","4","",15,420,415,414,6699050,0,0,1238,"",0.66,0.23,0.23,0.23,0.19,0.00,0.00,0.83,"",0,0.0,-1,-0.2,1,0.2,-9,-2.1,-89996,-1.3,0,0.0,0,0.0,-7,-0.6
"55139","2","10","71","0","2017","4","",15,3677,3701,3694,41134822,0,0,857,"",0.57,1.22,1.23,1.22,0.99,0.00,0.00,0.81,"",-2,-11.8,-113,-3.0,-85,-2.2,-111,-2.9,-302806,-0.7,0,0.0,0,0.0,17,2.0
"55139","3","10","71","0","2017","4","",115,6746,6815,6785,73783638,9031,42,837,"",1.79,0.73,0.73,0.72,0.67,0.01,0.00,0.93,"",1,0.9,-105,-1.5,-586,-7.9,-139,-2.0,1378509,1.9,-8632,-48.9,-135,-76.3,48,6.1
"55139","5","10","71","0","2017","4","",3643,83058,83105,83676,1149992122,87955115,1710750,1062,"",0.99,1.04,1.04,1.04,1.06,1.03,1.01,1.02,"",98,2.8,484,0.6,484,0.6,879,1.1,43945854,4.0,-238837,-0.3,-816470,-32.3,33,3.2
"55141","0","10","70","0","2017","4","",2011,38826,38613,38410,435515337,37774568,844430,868,"",1.00,1.00,1.00,1.00,1.00,1.00,1.00,1.00,"",58,3.0,299,0.8,7,0.0,42,0.1,10029406,2.4,1738576,4.8,-141727,-14.4,18,2.1
"55141","1","10","71","0","2017","4","",17,182,183,179,2543093,0,0,1079,"",1.41,0.24,0.25,0.24,0.21,0.00,0.00,0.87,"",0,0.0,-6,-3.2,-4,-2.1,-12,-6.3,39983,1.6,0,0.0,0,0.0,58,5.7
"55141","2","10","71","0","2017","4","",10,249,244,238,2656436,0,0,839,"",0.71,0.20,0.20,0.19,0.19,0.00,0.00,0.95,"",-1,-9.1,-13,-5.0,-21,-7.9,-28,-10.5,-101172,-3.7,0,0.0,0,0.0,37,4.6
"55141","3","10","71","0","2017","4","",100,4206,4234,4318,42906694,405745,4666,776,"",2.93,1.09,1.10,1.14,1.15,0.54,1.05,1.03,"",-1,-1.0,-146,-3.4,-258,-5.7,-72,-1.6,-35628,-0.1,-79526,-16.4,-3783,-44.8,27,3.6
"55141","5","10","71","0","2017","4","",1884,34189,33952,33675,387409114,37368823,839764,878,"",0.97,1.04,1.04,1.03,1.04,1.02,1.00,1.01,"",60,3.3,464,1.4,290,0.9,154,0.5,10126223,2.7,1818102,5.1,-137944,-14.1,15,1.7
"55999","0","10","70","0","2017","4","",15094,55112,55377,55218,967954339,94679855,2572982,1348,"",1.00,1.00,1.00,1.00,1.00,1.00,1.00,1.00,"",-3485,-18.8,-1789,-3.1,-1156,-2.0,-585,-1.0,42061499,4.5,-6740415,-6.6,-659719,-20.4,85,6.7
"55999","1","10","71","0","2017","4","",34,596,583,585,11400489,0,0,1491,"",0.38,0.56,0.55,0.55,0.43,0.00,0.00,0.77,"",2,6.2,57,10.6,48,9.0,56,10.6,1758538,18.2,0,0.0,0,0.0,103,7.4
"55999","2","10","71","0","2017","4","",15,196,193,196,2583592,0,0,1019,"",0.14,0.11,0.11,0.11,0.08,0.00,0.00,0.74,"",2,15.4,8,4.3,2,1.0,17,9.5,270706,11.7,0,0.0,0,0.0,62,6.5
"55999","3","10","71","0","2017","4","",13,17,17,18,75457,0,0,335,"",0.05,0.00,0.00,0.00,0.00,0.00,0.00,0.29,"N",-6,-31.6,0,0,0,0,0,0,0,0,0,0,0,0,0,0
"55999","5","10","71","0","2017","4","",15032,54303,54584,54419,953894801,94679855,2572982,1348,"",1.03,1.16,1.16,1.16,1.15,1.03,1.01,0.99,"N",-3483,-18.8,0,0,0,0,0,0,0,0,0,0,0,0,0,0
"56000","0","10","50","0","2017","4","",26280,272383,266556,267433,3273237068,605990690,9335414,937,"",1.00,1.00,1.00,1.00,1.00,1.00,1.00,1.00,"",416,1.6,515,0.2,1530,0.6,1403,0.5,161863570,5.2,38205022,6.7,1713694,22.5,43,4.8
"56000","1","10","51","0","2017","4","",405,7640,7103,7064,119709144,0,0,1267,"",2.57,1.46,1.39,1.37,1.33,0.00,0.00,0.95,"",-5,-1.2,75,1.0,-75,-1.0,-97,-1.4,3796375,3.3,0,0.0,0,0.0,46,3.8
"56000","2","10","51","0","2017","4","",476,12350,12369,12334,172082835,7738,26,1072,"",2.58,1.41,1.45,1.45,1.61,0.00,0.00,1.12,"",-7,-1.4,-210,-1.7,-222,-1.8,-223,-1.8,-1284096,-0.7,-17651,-69.5,-43,-62.3,11,1.0
"56000","3","10","51","0","2017","4","",615,46288,46300,46372,519597307,12123383,236893,863,"",1.38,1.72,1.75,1.75,1.85,1.01,4.82,1.06,"",0,0.0,-836,-1.8,-672,-1.4,-1009,-2.1,2677639,0.5,1012692,9.1,42222,21.7,20,2.4
"56000","5","10","51","0","2017","4","",24784,206105,200784,201663,2461847782,593859569,9098495,934,"",0.97,0.89,0.89,0.89,0.88,1.01,0.98,0.99,"",428,1.8,1486,0.7,2499,1.3,2732,1.4,156673652,6.8,37209981,6.7,1671515,22.5,50,5.7
"56000","8","10","96","0","2017","4","",1496,66278,65772,65770,811389286,12131121,236919,947,"",1.90,1.62,1.64,1.64,1.70,0.62,3.86,1.04,"",-12,-0.8,-971,-1.4,-969,-1.5,-1329,-2.0,5189918,0.6,995041,8.9,42179,21.7,22,2.4
"56001","0","10","70","0","2017","4","",1292,15504,15504,15460,160184226,27176065,248687,796,"",1.00,1.00,1.00,1.00,1.00,1.00,1.00,1.00,"",13,1.0,-300,-1.9,-182,-1.2,-37,-0.2,6782044,4.4,1436336,5.6,9111,3.8,43,5.7
"56001","1","10","71","0","2017","4","",12,181,166,166,2395509,0,0,1078,"",1.55,0.61,0.56,0.56,0.54,0.00,0.00,0.95,"",-1,-7.7,12,7.1,4,2.5,13,8.5,50806,2.2,0,0.0,0,0.0,-40,-3.6
"56001","2","10","71","0","2017","4","",29,3471,3481,3443,47383836,0,0,1052,"",3.20,6.97,7.01,6.98,9.06,0.00,0.00,1.30,"",0,0.0,-114,-3.2,-83,-2.3,-78,-2.2,-1137215,-2.3,0,0.0,0,0.0,3,0.3
"56001","3","10","71","0","2017","4","",12,1969,2022,2038,25690931,69805,522,983,"",0.55,1.28,1.31,1.33,1.87,0.13,0.40,1.42,"",0,0.0,-85,-4.1,-31,-1.5,-2,-0.1,3211616,14.3,14431,26.1,373,250.3,139,16.5
"56001","5","10","71","0","2017","4","",1239,9883,9835,9813,84713950,27106260,248165,662,"",0.99,0.75,0.75,0.75,0.62,1.03,1.00,0.83,"",14,1.1,-113,-1.1,-72,-0.7,30,0.3,4656837,5.8,1421905,5.5,8738,3.6,40,6.4
"56003","0","10","70","0","2017","4","",456,4131,4074,3979,43214574,7443208,170013,818,"",1.00,1.00,1.00,1.00,1.00,1.00,1.00,1.00,"",12,2.7,-117,-2.8,-107,-2.6,-152,-3.7,37062,0.1,-188543,-2.5,21375,14.4,25,3.2
"56003","1","10","71","0","2017","4","",17,90,74,71,1006154,0,0,988,"",6.22,1.13,0.95,0.93,0.85,0.00,0.00,0.84,"",-1,-5.6,10,12.5,-5,-6.3,-6,-7.8,-17205,-1.7,0,0.0,0,0.0,-13,-1.3
"56003","2","10","71","0","2017","4","",10,164,165,165,1834212,0,0,857,"",3.13,1.24,1.26,1.30,1.30,0.00,0.00,1.03,"",0,0.0,-6,-3.5,-4,-2.4,-7,-4.1,-86847,-4.5,0,0.0,0,0.0,-11,-1.3
"56003","3","10","71","0","2017","4","",33,1222,1216,1193,12242038,100194,395,778,"",4.26,2.99,3.01,3.03,3.29,0.68,0.44,1.10,"",0,0.0,-48,-3.8,-57,-4.5,-87,-6.8,398693,3.4,2535,2.6,57,16.9,63,8.8
"56003","5","10","71","0","2017","4","",396,2655,2619,2550,28132170,7343014,169618,830,"",0.90,0.76,0.76,0.75,0.76,1.02,1.00,1.01,"",13,3.4,-73,-2.7,-41,-1.5,-52,-2.0,-257579,-0.9,-191078,-2.5,21318,14.4,10,1.2
"56005","0","10","70","0","2017","4","",1790,24615,24637,24610,354798804,52491456,844224,1109,"",1.00,1.00,1.00,1.00,1.00,1.00,1.00,1.00,"",23,1.3,222,0.9,644,2.7,689,2.9,17839227,5.3,1151033,2.2,86624,11.4,34,3.2
"56005","1","10","71","0","2017","4","",10,93,92,90,1523325,0,0,1278,"",0.93,0.20,0.20,0.19,0.16,0.00,0.00,0.81,"",0,0.0,9,10.7,5,5.7,-3,-3.2,118499,8.4,0,0.0,0,0.0,50,4.1
"56005","2","10","71","0","2017","4","",22,179,184,181,2396547,0,0,1017,"",1.75,0.23,0.23,0.23,0.21,0.00,0.00,0.90,"",1,4.8,-1,-0.6,2,1.1,-1,-0.5,-24080,-1.0,0,0.0,0,0.0,-10,-1.0
"56005","3","10","71","0","2017","4","",58,4621,4625,4601,53370849,64476,320,889,"",1.91,1.89,1.89,1.89,1.75,0.06,0.07,0.92,"",0,0.0,-113,-2.4,-57,-1.2,-61,-1.3,-630422,-1.2,4043,6.7,-178,-35.7,4,0.5
"56005","5","10","71","0","2017","4","",1700,19722,19736,19738,297508083,52426980,843904,1160,"",0.98,0.94,0.94,0.94,0.98,1.03,1.01,1.04,"",22,1.3,327,1.7,694,3.6,754,4.0,18375230,6.6,1146990,2.2,86802,11.5,38,3.4
"56007","0","10","70","0","2017","4","",659,6920,6619,6465,76623727,15649906,210042,884,"",1.00,1.00,1.00,1.00,1.00,1.00,1.00,1.00,"",3,0.5,-426,-5.8,-376,-5.4,-249,-3.7,-3754492,-4.7,-1077554,-6.4,-42186,-16.7,3,0.3
"56007","1","10","71","0","2017","4","",17,184,168,172,2559785,0,0,1127,"",4.30,1.38,1.33,1.38,1.22,0.00,0.00,0.89,"",0,0.0,-11,-5.6,-10,-5.6,1,0.6,-61634,-2.4,0,0.0,0,0.0,15,1.3
"56007","2","10","71","0","2017","4","",17,420,418,415,5876533,0,0,1082,"",3.68,1.89,1.97,2.01,2.35,0.00,0.00,1.20,"",-2,-10.5,-38,-8.3,-29,-6.5,-35,-7.8,-86327,-1.4,0,0.0,0,0.0,66,6.5
"56007","3","10","71","0","2017","4","",32,1254,1216,1251,12900511,281691,1190,800,"",2.86,1.83,1.85,1.96,1.96,0.91,1.08,1.04,"",0,0.0,6,0.5,-34,-2.7,-6,-0.5,-178288,-1.4,-20517,-6.8,-635,-34.8,-4,-0.5
"56007","5","10","71","0","2017","4","",593,5062,4817,4627,55286898,15368215,208852,880,"",0.93,0.86,0.86,0.84,0.85,1.01,1.00,0.99,"",5,0.9,-383,-7.0,-303,-5.9,-209,-4.3,-3428243,-5.8,-1057037,-6.4,-41551,-16.6,0,0.0
"56009","0","10","70","0","2017","4","",567,5685,5656,5661,77771827,12028813,168706,1056,"",1.00,1.00,1.00,1.00,1.00,1.00,1.00,1.00,"",-4,-0.7,-31,-0.5,101,1.8,55,1.0,5506417,7.6,1864536,18.3,70004,70.9,68,6.9
"56009","1","10","71","0","2017","4","",4,70,57,58,852454,0,0,1063,"",1.18,0.64,0.53,0.53,0.40,0.00,0.00,0.70,"",0,0.0,2,2.9,-5,-8.1,-1,-1.7,-8078,-0.9,0,0.0,0,0.0,12,1.1
"56009","2","10","71","0","2017","4","",21,132,131,134,1774313,0,0,1031,"",5.29,0.72,0.72,0.74,0.70,0.00,0.00,0.96,"",1,5.0,-6,-4.3,-7,-5.1,0,0.0,-37115,-2.0,0,0.0,0,0.0,11,1.1
"56009","3","10","71","0","2017","4","",20,1361,1360,1365,15674972,175236,851,885,"",2.08,2.42,2.42,2.44,2.34,0.74,0.96,0.97,"",0,0.0,-77,-5.4,-69,-4.8,-65,-4.5,-333276,-2.1,-10949,-5.9,134,18.7,25,2.9
"56009","5","10","71","0","2017","4","",522,4122,4108,4104,59470088,11853577,167855,1113,"",0.95,0.85,0.85,0.85,0.90,1.02,1.00,1.05,"",-5,-0.9,50,1.2,182,4.6,121,3.0,5884886,11.0,1875485,18.8,69870,71.3,81,7.8
"56011","0","10","70","0","2017","4","",315,2410,2360,2292,26093778,4975891,72807,853,"",1.00,1.00,1.00,1.00,1.00,1.00,1.00,1.00,"",5,1.6,14,0.6,28,1.2,38,1.7,1760095,7.2,836593,20.2,19458,36.5,49,6.1
"56011","1","10","71","0","2017","4","",10,91,80,73,1001243,0,0,947,"",5.29,1.96,1.77,1.65,1.40,0.00,0.00,0.78,"",-1,-9.1,-2,-2.2,-11,-12.1,-16,-18.0,7068,0.7,0,0.0,0,0.0,107,12.7
"56011","2","10","71","0","2017","4","N",11,0,0,0,0,0,0,0,"N",4.98,0,0,0,0,0,0,0,"N",-1,-8.3,0,0,0,0,0,0,0,0,0,0,0,0,0,0
"56011","3","10","71","0","2017","4","N",19,0,0,0,0,0,0,0,"N",3.55,0,0,0,0,0,0,0,"N",0,0.0,0,0,0,0,0,0,0,0,0,0,0,0,0,0
"56011","5","10","71","0","2017","4","",275,1691,1645,1575,18498883,4598745,68764,869,"",0.90,0.83,0.82,0.81,0.83,0.96,0.95,1.01,"",7,2.6,49,3.0,27,1.7,48,3.1,1273111,7.4,775144,20.3,17816,35.0,39,4.7
"56013","0","10","70","0","2017","4","",1705,15626,15277,15299,162539306,36242648,655074,812,"",1.00,1.00,1.00,1.00,1.00,1.00,1.00,1.00,"",30,1.8,-369,-2.3,-183,-1.2,-113,-0.7,4926015,3.1,2713548,8.1,124693,23.5,36,4.6
"56013","1","10","71","0","2017","4","",34,483,456,441,7750699,0,0,1296,"",3.32,1.61,1.56,1.50,1.73,0.00,0.00,1.12,"",0,0.0,3,0.6,-11,-2.4,-17,-3.7,151620,2.0,0,0.0,0,0.0,48,3.8
"56013","2","10","71","0","2017","4","",31,715,699,707,8638623,0,0,940,"",2.59,1.43,1.43,1.45,1.63,0.00,0.00,1.14,"",-2,-6.1,1,0.1,-27,-3.7,-26,-3.5,-112348,-1.3,0,0.0,0,0.0,11,1.2
"56013","3","10","71","0","2017","4","",47,4290,4240,4236,44940491,7019295,196007,812,"",1.62,2.77,2.79,2.80,3.22,9.78,56.85,1.15,"",0,0.0,43,1.0,-24,-0.6,-54,-1.3,993849,2.3,858347,13.9,42062,27.3,20,2.5
"56013","5","10","71","0","2017","4","",1593,10138,9882,9915,101209493,29223353,459067,780,"",0.96,0.76,0.76,0.76,0.73,0.83,0.71,0.96,"",32,2.0,-416,-3.9,-121,-1.2,-16,-0.2,3892894,4.0,1855201,6.8,82631,22.0,43,5.8
"56015","0","10","70","0","2017","4","",430,4356,4365,4338,41251740,7423566,94510,729,"",1.00,1.00,1.00,1.00,1.00,1.00,1.00,1.00,"",-13,-2.9,-32,-0.7,-22,-0.5,-62,-1.4,815664,2.0,38190,0.5,2451,2.7,21,3.0
"56015","1","10","71","0","2017","4","",14,60,64,62,739309,0,0,917,"",5.43,0.72,0.77,0.74,0.65,0.00,0.00,0.88,"",-1,-6.7,-12,-16.7,-6,-8.6,-7,-10.1,-39155,-5.0,0,0.0,0,0.0,66,7.8
"56015","2","10","71","0","2017","4","",17,390,391,386,4983895,0,0,986,"",5.64,2.79,2.80,2.79,3.70,0.00,0.00,1.33,"",0,0.0,-12,-3.0,-14,-3.5,-20,-4.9,145417,3.0,0,0.0,0,0.0,65,7.1
"56015","3","10","71","0","2017","4","",14,922,930,931,8394070,27719,96,696,"",1.92,2.14,2.15,2.17,2.37,0.19,0.19,1.10,"",0,0.0,-10,-1.1,-15,-1.6,-17,-1.8,-90313,-1.1,-24064,-46.5,-88,-47.8,3,0.4
"56015","5","10","71","0","2017","4","",385,2984,2980,2959,27134466,7395847,94414,702,"",0.92,0.81,0.80,0.80,0.77,1.03,1.01,0.96,"",-12,-3.0,2,0.1,13,0.4,-18,-0.6,799715,3.0,62254,0.8,2539,2.8,21,3.1
"56017","0","10","70","0","2017","4","",251,1906,1900,1915,18101980,3509465,43856,730,"",1.00,1.00,1.00,1.00,1.00,1.00,1.00,1.00,"",6,2.4,-49,-2.5,-83,-4.2,-48,-2.4,838532,4.9,-93779,-2.6,10076,29.8,55,8.1
"56017","1","10","71","0","2017","4","",3,14,15,15,200342,0,0,1051,"",1.99,0.38,0.41,0.41,0.40,0.00,0.00,1.01,"",0,0.0,0,0.0,-1,-6.2,1,7.1,6733,3.5,0,0.0,0,0.0,36,3.5
"56017","2","10","71","0","2017","4","",11,75,77,78,870847,0,0,874,"",6.25,1.23,1.27,1.28,1.47,0.00,0.00,1.17,"N",1,10.0,0,0,0,0,0,0,0,0,0,0,0,0,0,0
"56017","3","10","71","0","2017","4","",15,439,445,452,4375001,35857,320,756,"",3.52,2.32,2.36,2.39,2.81,0.52,1.39,1.19,"N",0,0.0,0,0,0,0,0,0,0,0,0,0,0,0,0,0
"56017","5","10","71","0","2017","4","",222,1378,1363,1370,12655790,3473608,43536,710,"",0.91,0.85,0.84,0.84,0.82,1.02,1.00,0.97,"",5,2.3,-12,-0.9,-62,-4.4,-29,-2.1,781945,6.6,-114592,-3.2,9799,29.0,60,9.2
"56019","0","10","70","0","2017","4","",486,3215,3103,3096,29901307,6280339,82605,733,"",1.00,1.00,1.00,1.00,1.00,1.00,1.00,1.00,"",-2,-0.4,56,1.8,9,0.3,63,2.1,803245,2.8,10208,0.2,-3719,-4.3,10,1.4
"56019","1","10","71","0","2017","4","",9,125,111,114,1806495,0,0,1191,"",3.09,2.02,1.87,1.91,2.20,0.00,0.00,1.14,"",0,0.0,-7,-5.3,-17,-13.3,-6,-5.0,-44229,-2.4,0,0.0,0,0.0,67,6.0
"56019","2","10","71","0","2017","4","",13,108,110,111,1302096,0,0,913,"",3.82,1.05,1.11,1.12,1.33,0.00,0.00,1.22,"",2,18.2,-4,-3.6,-1,-0.9,-3,-2.6,-18825,-1.4,0,0.0,0,0.0,8,0.9
"56019","3","10","71","0","2017","4","",19,763,761,770,7872786,117706,1871,792,"",2.30,2.40,2.47,2.51,3.06,0.95,4.30,1.25,"",0,0.0,-5,-0.7,-32,-4.0,-1,-0.1,-339857,-4.1,25529,27.7,846,82.5,-21,-2.6
"56019","5","10","71","0","2017","4","",445,2219,2121,2101,18919930,6162633,80734,678,"",0.94,0.81,0.80,0.80,0.74,1.01,0.98,0.92,"",-4,-0.9,72,3.4,59,2.9,73,3.6,1206156,6.8,-15321,-0.2,-4565,-5.4,23,3.5
"56021","0","10","70","0","2017","4","",3656,45698,45665,45576,544455257,94209838,1109303,918,"",1.00,1.00,1.00,1.00,1.00,1.00,1.00,1.00,"",75,2.1,82,0.2,-129,-0.3,-72,-0.2,23166937,4.4,-232982,-0.2,52022,4.9,40,4.6
"56021","1","10","71","0","2017","4","",64,2747,2712,2702,48638441,0,0,1375,"",2.92,3.12,3.10,3.08,3.25,0.00,0.00,1.05,"",0,0.0,60,2.2,15,0.6,-3,-0.1,2049332,4.4,0,0.0,0,0.0,46,3.5
"56021","2","10","71","0","2017","4","",65,3813,3823,3833,59074274,0,0,1189,"",2.54,2.60,2.61,2.64,3.32,0.00,0.00,1.27,"",-1,-1.5,21,0.6,-1,0.0,11,0.3,522114,0.9,-19999,-100.0,-54,-100.0,8,0.7
"56021","3","10","71","0","2017","4","",27,7148,7205,7163,88023163,229084,1802,944,"",0.43,1.58,1.59,1.59,1.88,0.12,0.31,1.19,"",0,0.0,-199,-2.7,-174,-2.4,-210,-2.8,1789391,2.1,-11778,-4.9,28,1.6,44,4.9
"56021","5","10","71","0","2017","4","",3500,31990,31925,31878,348719379,93980754,1107501,840,"",0.99,0.82,0.82,0.82,0.75,1.03,1.00,0.91,"",76,2.2,200,0.6,31,0.1,130,0.4,18806100,5.7,-201205,-0.2,52048,4.9,42,5.3
"56023","0","10","70","0","2017","4","",873,6378,6325,6218,73497176,12765793,180238,896,"",1.00,1.00,1.00,1.00,1.00,1.00,1.00,1.00,"",28,3.3,71,1.1,182,3.0,206,3.4,4357178,6.3,285121,2.3,-16750,-8.5,32,3.7
"56023","1","10","71","0","2017","4","",20,118,108,100,1555782,0,0,1101,"",3.82,0.96,0.89,0.83,0.77,0.00,0.00,0.86,"",0,0.0,4,3.5,1,0.9,0,0.0,101954,7.0,0,0.0,0,0.0,56,5.4
"56023","2","10","71","0","2017","4","",17,117,121,120,1563260,0,0,1008,"",2.78,0.57,0.60,0.61,0.65,0.00,0.00,1.10,"",-1,-5.6,-5,-4.1,0,0.0,0,0.0,19168,1.2,0,0.0,0,0.0,26,2.6
"56023","3","10","71","0","2017","4","",38,1672,1686,1693,17005457,905407,4418,777,"",2.56,2.65,2.68,2.75,2.69,3.58,4.66,1.00,"",0,0.0,82,5.2,86,5.4,95,5.9,319348,1.9,-3862,-0.4,-1161,-20.8,-27,-3.4
"56023","5","10","71","0","2017","4","",798,4471,4410,4305,53372677,11860386,175820,934,"",0.94,0.83,0.82,0.81,0.85,0.96,0.98,1.04,"",29,3.8,-10,-0.2,95,2.2,111,2.6,3916708,7.9,288983,2.5,-15589,-8.1,55,6.3
"56025","0","10","70","0","2017","4","",3565,38605,38604,38469,489432379,98087120,1567831,976,"",1.00,1.00,1.00,1.00,1.00,1.00,1.00,1.00,"",78,2.2,700,1.8,965,2.6,900,2.4,34303034,7.5,11751640,13.6,550469,54.1,47,5.1
"56025","1","10","71","0","2017","4","",37,644,643,647,11324025,0,0,1351,"",1.73,0.87,0.87,0.87,0.84,0.00,0.00,0.97,"",-2,-5.1,10,1.6,6,0.9,-4,-0.6,195823,1.8,0,0.0,0,0.0,15,1.1
"56025","2","10","71","0","2017","4","",33,686,688,687,9770640,0,0,1094,"",1.32,0.55,0.56,0.56,0.61,0.00,0.00,1.10,"",0,0.0,-17,-2.4,-13,-1.9,-17,-2.4,-217267,-2.2,0,0.0,0,0.0,1,0.1
"56025","3","10","71","0","2017","4","",25,4290,4250,4270,50187416,782799,7291,904,"",0.41,1.12,1.11,1.12,1.19,0.40,0.88,1.07,"",0,0.0,-130,-2.9,-100,-2.3,-185,-4.2,-271282,-0.5,148527,23.4,2044,39.0,24,2.7
"56025","5","10","71","0","2017","4","",3470,32985,33023,32865,418150298,97304321,1560540,976,"",1.00,1.01,1.01,1.01,1.00,1.03,1.00,0.99,"",80,2.4,837,2.6,1072,3.4,1106,3.5,34595760,9.0,11603113,13.5,548425,54.2,53,5.7
"56027","0","10","70","0","2017","4","",131,889,897,887,7895767,1297217,12664,682,"",1.00,1.00,1.00,1.00,1.00,1.00,1.00,1.00,"",-3,-2.2,-26,-2.8,-5,-0.6,-4,-0.4,281518,3.7,35416,2.8,-496,-3.8,33,5.1
"56027","1","10","71","0","2017","4","",5,10,10,10,133002,0,0,1023,"",6.36,0.58,0.58,0.59,0.61,0.00,0.00,1.05,"",0,0.0,1,11.1,0,0.0,-1,-9.1,22029,19.9,0,0.0,0,0.0,169,19.8
"56027","2","10","71","0","2017","4","",8,96,97,97,1186054,0,0,944,"",8.72,3.36,3.38,3.43,4.60,0.00,0.00,1.36,"N",-1,-11.1,0,0,0,0,0,0,0,0,0,0,0,0,0,0
"56027","3","10","71","0","2017","4","N",16,0,0,0,0,0,0,0,"N",7.19,0,0,0,0,0,0,0,"N",0,0.0,0,0,0,0,0,0,0,0,0,0,0,0,0,0
"56027","5","10","71","0","2017","4","N",102,0,0,0,0,0,0,0,"N",0.80,0,0,0,0,0,0,0,"N",-2,-1.9,0,0,0,0,0,0,0,0,0,0,0,0,0,0
"56029","0","10","70","0","2017","4","",1539,13936,12709,12668,138781717,27854584,406725,815,"",1.00,1.00,1.00,1.00,1.00,1.00,1.00,1.00,"",34,2.3,-141,-1.0,-189,-1.5,-79,-0.6,2319349,1.7,-88689,-0.3,4763,1.2,22,2.8
"56029","1","10","71","0","2017","4","",18,790,575,578,8815072,0,0,1047,"",1.95,2.94,2.36,2.37,2.31,0.00,0.00,0.90,"",0,0.0,-8,-1.0,-18,-3.0,-48,-7.7,235260,2.7,0,0.0,0,0.0,65,6.6
"56029","2","10","71","0","2017","4","",28,201,198,199,2605983,7738,26,1006,"",2.60,0.45,0.49,0.49,0.58,0.02,0.05,1.21,"",0,0.0,1,0.5,-1,-0.5,2,1.0,-122376,-4.5,2348,43.6,11,73.3,-50,-4.7
"56029","3","10","71","0","2017","4","",34,2570,2545,2610,29131298,121245,1269,870,"",1.30,1.86,2.02,2.08,2.44,0.22,0.59,1.23,"",0,0.0,-51,-1.9,-48,-1.9,-10,-0.4,-131305,-0.4,-12997,-9.7,-110,-8.0,8,0.9
"56029","5","10","71","0","2017","4","",1459,10375,9391,9281,98229364,27725601,405430,780,"",0.98,0.88,0.87,0.86,0.83,1.03,1.00,0.95,"",34,2.4,-83,-0.8,-122,-1.3,-23,-0.2,2337770,2.4,-78040,-0.3,4862,1.2,24,3.2
"56031","0","10","70","0","2017","4","",406,3643,3595,3532,41287979,8060582,140635,885,"",1.00,1.00,1.00,1.00,1.00,1.00,1.00,1.00,"",17,4.4,147,4.2,137,4.0,99,2.9,3689245,9.8,1323338,19.6,53175,60.8,50,6.0
"56031","1","10","71","0","2017","4","",11,100,101,100,1321523,0,0,1013,"",4.52,1.43,1.47,1.47,1.16,0.00,0.00,0.80,"",0,0.0,-10,-9.1,4,4.1,3,3.1,13884,1.1,0,0.0,0,0.0,20,2.0
"56031","2","10","71","0","2017","4","",13,175,175,176,2057367,0,0,903,"",4.57,1.50,1.52,1.56,1.53,0.00,0.00,1.00,"",0,0.0,14,8.7,14,8.7,14,8.6,181879,9.7,0,0.0,0,0.0,9,1.0
"56031","3","10","71","0","2017","4","",18,669,658,658,5392562,329607,2680,627,"",2.61,1.85,1.84,1.88,1.52,2.07,3.62,0.82,"",0,0.0,9,1.4,1,0.2,3,0.5,193883,3.7,-26966,-7.6,600,28.8,19,3.1
"56031","5","10","71","0","2017","4","",364,2699,2661,2598,32516527,7730975,137955,943,"",0.92,0.87,0.87,0.87,0.92,0.99,0.99,1.06,"",17,4.9,134,5.2,118,4.6,79,3.1,3299599,11.3,1350304,21.2,52575,61.6,59,6.7
"56033","0","10","70","0","2017","4","",1414,13290,13182,13124,142373557,27869594,417729,830,"",1.00,1.00,1.00,1.00,1.00,1.00,1.00,1.00,"",20,1.4,-41,-0.3,-68,-0.5,-104,-0.8,2930707,2.1,1783503,6.8,80391,23.8,22,2.7
"56033","1","10","71","0","2017","4","",18,742,737,728,12676970,0,0,1326,"",2.12,2.90,2.92,2.88,3.24,0.00,0.00,1.12,"",0,0.0,-12,-1.6,-3,-0.4,-2,-0.3,312873,2.5,0,0.0,0,0.0,43,3.4
"56033","2","10","71","0","2017","4","",23,325,325,325,4275033,0,0,1012,"",2.32,0.76,0.77,0.78,0.92,0.00,0.00,1.20,"",-3,-11.5,-9,-2.7,-10,-3.0,-11,-3.3,-125189,-2.8,0,0.0,0,0.0,2,0.2
"56033","3","10","71","0","2017","4","",30,2442,2451,2445,28335177,56704,304,891,"",1.25,1.85,1.87,1.88,2.31,0.10,0.14,1.24,"",0,0.0,-5,-0.2,-25,-1.0,-78,-3.1,-161272,-0.6,29313,107.0,46,17.8,8,0.9
"56033","5","10","71","0","2017","4","",1343,9781,9669,9626,97086377,27812890,417425,771,"",0.98,0.87,0.86,0.86,0.80,1.03,1.01,0.92,"",23,1.7,-15,-0.2,-30,-0.3,-13,-0.1,2904295,3.1,1754190,6.7,80345,23.8,25,3.4
"56035","0","10","70","0","2017","4","",547,4178,4139,4203,59721083,11864456,258539,1101,"",1.00,1.00,1.00,1.00,1.00,1.00,1.00,1.00,"",32,6.2,243,6.2,278,7.2,335,8.7,7383807,14.1,3110440,35.5,120713,87.6,66,6.4
"56035","1","10","71","0","2017","4","",11,137,119,112,1912152,0,0,1199,"",3.35,1.70,1.50,1.38,1.16,0.00,0.00,0.76,"",0,0.0,15,12.3,11,10.2,13,13.1,196716,11.5,0,0.0,0,0.0,-4,-0.3
"56035","2","10","71","0","2017","4","",14,83,83,80,1246254,0,0,1169,"",3.65,0.62,0.63,0.60,0.64,0.00,0.00,1.04,"",0,0.0,1,1.2,-1,-1.2,-5,-5.9,15734,1.3,0,0.0,0,0.0,38,3.4
"56035","3","10","71","0","2017","4","",28,794,797,871,9277320,368520,4200,870,"",3.01,1.92,1.94,2.09,1.81,1.57,3.09,0.91,"",0,0.0,-73,-8.4,-50,-5.9,-44,-4.8,-332779,-3.5,-95098,-20.5,-4487,-51.7,26,3.1
"56035","5","10","71","0","2017","4","",494,3164,3140,3140,47285357,11495936,254339,1155,"",0.93,0.89,0.89,0.88,0.93,1.00,0.99,1.04,"",32,6.9,300,10.5,318,11.3,371,13.4,7504136,18.9,3205538,38.7,125200,96.9,69,6.4
"56037","0","10","70","0","2017","4","",1610,22446,22504,22443,336407666,47982137,762502,1152,"",1.00,1.00,1.00,1.00,1.00,1.00,1.00,1.00,"",9,0.6,27,0.1,250,1.1,246,1.1,15772742,4.9,6601255,16.0,240820,46.2,45,4.1
"56037","1","10","71","0","2017","4","",17,207,203,210,3227186,0,0,1201,"",1.76,0.48,0.47,0.49,0.35,0.00,0.00,0.73,"",0,0.0,0,0.0,4,2.0,5,2.4,-10242,-0.3,0,0.0,0,0.0,-22,-1.8
"56037","2","10","71","0","2017","4","",24,242,247,249,3312350,0,0,1036,"",2.13,0.34,0.34,0.35,0.30,0.00,0.00,0.88,"",0,0.0,-1,-0.4,1,0.4,3,1.2,-26937,-0.8,0,0.0,0,0.0,-12,-1.1
"56037","3","10","71","0","2017","4","",62,4032,4049,4026,44131568,230495,2467,841,"",2.27,1.81,1.81,1.81,1.53,0.24,0.61,0.84,"",0,0.0,-106,-2.6,-54,-1.3,-141,-3.4,-3618546,-7.6,129961,129.3,1632,195.4,-47,-5.3
"56037","5","10","71","0","2017","4","",1507,17965,18005,17958,285736562,47751642,760035,1223,"",0.96,0.94,0.94,0.94,0.99,1.03,1.00,1.06,"",9,0.6,134,0.8,299,1.7,379,2.2,19428467,7.3,6471294,15.7,239188,45.9,66,5.7
"56039","0","10","70","0","2017","4","",2383,20532,17445,19571,241707916,55934283,886223,969,"",1.00,1.00,1.00,1.00,1.00,1.00,1.00,1.00,"",87,3.8,479,2.4,507,3.0,202,1.0,16530686,7.3,1719393,3.2,-59636,-6.3,47,5.1
"56039","1","10","71","0","2017","4","",14,418,305,302,5225876,0,0,1177,"",0.98,1.06,0.91,0.80,0.79,0.00,0.00,0.85,"",-1,-6.7,-15,-3.5,-33,-9.8,-27,-8.2,110256,2.2,0,0.0,0,0.0,104,9.7
"56039","2","10","71","0","2017","4","",15,94,97,95,1358655,0,0,1096,"",0.90,0.14,0.17,0.15,0.17,0.00,0.00,1.11,"",0,0.0,1,1.1,5,5.4,-1,-1.0,63716,4.9,0,0.0,0,0.0,33,3.1
"56039","3","10","71","0","2017","4","",12,2034,2053,2098,28515823,495533,4586,1064,"",0.30,1.00,1.19,1.08,1.37,0.45,0.98,1.27,"",0,0.0,43,2.2,32,1.6,30,1.5,1605472,6.0,-125196,-20.2,-1571,-25.5,43,4.2
"56039","5","10","71","0","2017","4","",2342,17986,14990,17076,206607562,55438750,881637,953,"",1.01,1.03,1.01,1.03,1.00,1.02,1.00,0.98,"",88,3.9,450,2.6,503,3.5,200,1.2,14751242,7.7,1844589,3.4,-58065,-6.2,48,5.3
"56041","0","10","70","0","2017","4","",764,8248,8146,8048,85394692,18069477,292475,806,"",1.00,1.00,1.00,1.00,1.00,1.00,1.00,1.00,"",12,1.6,-161,-1.9,-152,-1.8,-138,-1.7,2411075,2.9,1252286,7.4,106165,57.0,37,4.8
"56041","1","10","71","0","2017","4","",12,67,60,59,788498,0,0,978,"",2.62,0.42,0.38,0.38,0.34,0.00,0.00,0.85,"",0,0.0,-6,-8.2,-10,-14.3,-4,-6.3,-64661,-7.6,0,0.0,0,0.0,22,2.3
"56041","2","10","71","0","2017","4","",21,462,467,459,5534276,0,0,920,"",3.92,1.75,1.79,1.79,1.99,0.00,0.00,1.12,"",0,0.0,-25,-5.1,-30,-6.0,-34,-6.9,-286506,-4.9,0,0.0,0,0.0,11,1.2
"56041","3","10","71","0","2017","4","",18,1681,1652,1588,13801575,90005,889,647,"",1.39,2.06,2.04,1.99,1.88,0.25,0.58,0.93,"",0,0.0,-30,-1.8,-33,-2.0,-108,-6.4,-499180,-3.5,54806,155.7,774,673.0,-1,-0.2
"56041","5","10","71","0","2017","4","",713,6038,5967,5942,65270343,17979472,291586,839,"",0.96,0.86,0.86,0.87,0.90,1.03,1.00,1.04,"",12,1.7,-100,-1.6,-79,-1.3,8,0.1,3261422,5.3,1197480,7.1,105391,56.6,49,6.2
"56043","0","10","70","0","2017","4","",463,3750,3688,3695,40318007,7500955,108242,836,"",1.00,1.00,1.00,1.00,1.00,1.00,1.00,1.00,"",-5,-1.1,28,0.8,34,0.9,33,0.9,3381108,9.2,451774,6.4,13302,14.0,64,8.3
"56043","1","10","71","0","2017","4","",8,113,106,109,1647495,0,0,1159,"",2.88,1.57,1.50,1.53,1.49,0.00,0.00,0.97,"",0,0.0,6,5.6,0,0.0,1,0.9,85558,5.5,0,0.0,0,0.0,36,3.2
"56043","2","10","71","0","2017","4","",17,170,166,165,2174245,0,0,1001,"",5.24,1.41,1.41,1.40,1.65,0.00,0.00,1.17,"",0,0.0,1,0.6,-7,-4.0,-8,-4.6,-26127,-1.2,0,0.0,0,0.0,15,1.5
"56043","3","10","71","0","2017","4","",17,612,611,593,5302139,194470,1180,674,"",2.16,1.65,1.67,1.62,1.53,1.31,2.07,0.93,"",0,0.0,-2,-0.3,22,3.7,3,0.5,267755,5.3,-1782,-0.9,-33,-2.7,26,4.0
"56043","5","10","71","0","2017","4","",421,2855,2805,2828,31194128,7306485,107062,848,"",0.94,0.90,0.90,0.90,0.91,1.01,1.00,1.01,"",-5,-1.2,23,0.8,19,0.7,37,1.3,3053922,10.9,453556,6.6,13335,14.2,76,9.8
"56045","0","10","70","0","2017","4","",278,2256,2257,2205,22925001,4281982,57849,787,"",1.00,1.00,1.00,1.00,1.00,1.00,1.00,1.00,"",-8,-2.8,-77,-3.3,-50,-2.2,-91,-4.0,884258,4.0,230097,5.7,6347,12.3,54,7.4
"56045","1","10","71","0","2017","4","",9,57,47,50,619697,0,0,929,"",5.40,1.31,1.09,1.18,0.98,0.00,0.00,0.83,"",0,0.0,7,14.0,-3,-6.0,-1,-2.0,37647,6.5,0,0.0,0,0.0,39,4.4
"56045","2","10","71","0","2017","4","",14,145,141,142,1815706,0,0,979,"",7.19,2.00,1.95,2.02,2.43,0.00,0.00,1.22,"",0,0.0,-8,-5.2,-11,-7.2,-9,-6.0,41464,2.3,0,0.0,0,0.0,81,9.0
"56045","3","10","71","0","2017","4","",21,604,619,605,5987152,41056,159,756,"",4.44,2.70,2.76,2.77,3.04,0.48,0.52,1.11,"",0,0.0,-7,-1.1,0,0.0,-49,-7.5,-71384,-1.2,-331,-0.8,-27,-14.5,14,1.9
"56045","5","10","71","0","2017","4","",234,1450,1450,1408,14502446,4240926,57690,777,"",0.87,0.76,0.76,0.75,0.74,1.02,1.00,0.98,"",-8,-3.3,-69,-4.5,-36,-2.4,-32,-2.2,876531,6.4,230428,5.7,6374,12.4,70,9.9
"56999","0","10","70","0","2017","4","",700,4166,3905,3679,58557602,16991315,543935,1150,"",1.00,1.00,1.00,1.00,1.00,1.00,1.00,1.00,"",-33,-4.5,216,5.5,-59,-1.5,-314,-7.9,8898117,17.9,3291862,24.0,264522,94.7,188,19.5
"56999","1","10","71","0","2017","4","",31,99,94,95,1988110,0,0,1593,"",7.38,1.23,1.26,1.34,1.24,0.00,0.00,0.97,"",2,6.9,19,23.8,8,9.3,12,14.5,345521,21.0,0,0.0,0,0.0,71,4.7
"56999","2","10","71","0","2017","4","N",2,0,0,0,0,0,0,0,"N",0.41,0,0,0,0,0,0,0,"N",-1,-33.3,0,0,0,0,0,0,0,0,0,0,0,0,0,0
"56999","5","10","71","0","2017","4","N",667,0,0,0,0,0,0,0,"N",0.98,0,0,0,0,0,0,0,"N",-34,-4.9,0,0,0,0,0,0,0,0,0,0,0,0,0,0
"72000","0","10","50","0","2017","4","",44845,828365,853799,888979,6364511543,374636237,13179967,571,"",1.00,1.00,1.00,1.00,1.00,1.00,1.00,1.00,"",-916,-2.0,-70313,-7.8,-50545,-5.6,-38345,-4.1,-215967408,-3.3,-6620688,-1.7,-410327,-3.0,15,2.7
"72000","1","10","51","0","2017","4","",274,14495,15755,16195,285543160,0,0,1419,"",1.02,0.91,0.96,0.95,1.63,0.00,0.00,1.74,"",-4,-1.4,60,0.4,1048,7.1,1393,9.4,17555884,6.6,0,0.0,0,0.0,12,0.9
"72000","2","10","51","0","2017","4","",1385,144806,145387,145048,1269493789,360106,12349,673,"",4.41,5.45,5.32,5.12,6.11,0.08,0.71,1.16,"",-40,-2.8,-10374,-6.7,-8005,-5.2,-8690,-5.7,-70917950,-5.3,-214253,-37.3,-4100,-24.9,4,0.6
"72000","3","10","51","0","2017","4","",148,50978,52373,53290,250656028,3169068,97638,369,"",0.19,0.62,0.62,0.61,0.46,0.43,1.41,0.74,"",1,0.7,-5126,-9.1,-3708,-6.6,-3140,-5.6,-40555715,-13.9,602874,23.5,-3032,-3.0,-30,-7.5
"72000","5","10","51","0","2017","4","",43038,618086,640284,674446,4558818566,371107063,13069980,544,"",0.99,0.88,0.88,0.89,0.84,1.02,1.00,0.95,"",-873,-2.0,-54873,-8.2,-39880,-5.9,-27908,-4.0,-122049627,-2.6,-7009309,-1.9,-403195,-3.0,18,3.4
"72000","8","10","96","0","2017","4","",1807,210279,213515,214533,1805692977,3529174,109987,653,"",1.34,1.69,1.66,1.61,1.94,0.29,1.27,1.18,"",-43,-2.3,-15440,-6.8,-10665,-4.8,-10437,-4.6,-93917781,-4.9,388621,12.4,-7132,-6.1,3,0.5
"72001","0","10","70","0","2017","4","",214,1803,1833,1868,9032632,688970,23377,379,"",1.00,1.00,1.00,1.00,1.00,1.00,1.00,1.00,"",-7,-3.2,-90,-4.8,-64,-3.4,-62,-3.2,-1231571,-12.0,-299403,-30.3,-12200,-34.3,-35,-8.5
"72001","1","10","71","0","2017","4","",1,6,6,7,105140,0,0,1277,"",0.78,0.17,0.17,0.19,0.42,0.00,0.00,2.36,"",0,0.0,0,0.0,1,20.0,0,0.0,4762,4.7,0,0.0,0,0.0,-10,-0.8
"72001","2","10","71","0","2017","4","N",13,0,0,0,0,0,0,0,"N",8.67,0,0,0,0,0,0,0,"N",1,8.3,0,0,0,0,0,0,0,0,0,0,0,0,0,0
"72001","3","10","71","0","2017","4","N",1,0,0,0,0,0,0,0,"N",0.27,0,0,0,0,0,0,0,"N",0,0.0,0,0,0,0,0,0,0,0,0,0,0,0,0,0
"72001","5","10","71","0","2017","4","",199,1187,1221,1258,5477848,688970,23377,345,"",0.96,0.77,0.78,0.79,0.71,1.03,1.01,0.91,"",-8,-3.9,-73,-5.8,-57,-4.5,-50,-3.8,-842641,-13.3,-299403,-30.3,-12200,-34.3,-34,-9.0
"72003","0","10","70","0","2017","4","",455,3992,4142,4310,19404258,1799964,69942,360,"",1.00,1.00,1.00,1.00,1.00,1.00,1.00,1.00,"",-20,-4.2,-105,-2.6,0,0.0,28,0.7,-798278,-4.0,-370344,-17.1,-13783,-16.5,-12,-3.2
"72003","1","10","71","0","2017","4","",2,99,99,101,2272463,0,0,1754,"",0.73,1.29,1.25,1.22,4.26,0.00,0.00,3.41,"",0,0.0,80,421.1,79,395.0,82,431.6,1883373,484.0,0,0.0,0,0.0,206,13.3
"72003","2","10","71","0","2017","4","",10,717,706,706,5381439,0,0,583,"",3.14,5.60,5.32,5.14,8.49,0.00,0.00,1.59,"",0,0.0,-9,-1.2,-22,-3.0,-20,-2.8,-151572,-2.7,0,0.0,0,0.0,-3,-0.5
"72003","3","10","71","0","2017","4","",8,699,801,800,2243212,48125,2243,225,"",1.03,1.77,1.95,1.88,1.34,1.35,6.09,0.72,"",0,0.0,145,26.2,246,44.3,245,44.1,-506390,-18.4,-89947,-65.1,-3682,-62.1,-156,-40.9
"72003","5","10","71","0","2017","4","",435,2477,2536,2703,9507144,1751839,67699,284,"",0.99,0.73,0.72,0.74,0.57,1.01,0.97,0.78,"",-20,-4.4,-321,-11.5,-303,-10.7,-279,-9.4,-2023689,-17.6,-280397,-13.8,-10101,-13.0,-25,-8.1
"72005","0","10","70","0","2017","4","",852,16457,16917,17575,132534263,5112147,166451,600,"",1.00,1.00,1.00,1.00,1.00,1.00,1.00,1.00,"",-7,-0.8,-1674,-9.2,-1175,-6.5,-792,-4.3,-10827791,-7.6,-1054419,-17.1,-47603,-22.2,-6,-1.0
"72005","1","10","71","0","2017","4","",12,790,797,794,15442415,0,0,1497,"",2.35,2.49,2.46,2.35,4.24,0.00,0.00,1.74,"",0,0.0,-28,-3.4,-33,-4.0,-44,-5.3,419228,2.8,0,0.0,0,0.0,102,7.3
"72005","2","10","71","0","2017","4","N",34,0,0,0,0,0,0,0,"N",5.70,0,0,0,0,0,0,0,"N",1,3.0,0,0,0,0,0,0,0,0,0,0,0,0,0,0
"72005","3","10","71","0","2017","4","N",1,0,0,0,0,0,0,0,"N",0.07,0,0,0,0,0,0,0,"N",0,0.0,0,0,0,0,0,0,0,0,0,0,0,0,0,0
"72005","5","10","71","0","2017","4","",805,10975,11420,12146,80270607,5110084,166405,536,"",0.97,0.78,0.79,0.81,0.71,1.03,1.01,0.89,"",-8,-1.0,-1300,-10.6,-791,-6.5,-303,-2.4,-8859033,-9.9,-1033481,-16.8,-47006,-22.0,-21,-3.8
"72007","0","10","70","0","2017","4","",135,1701,1685,1704,9031940,499000,17420,409,"",1.00,1.00,1.00,1.00,1.00,1.00,1.00,1.00,"",-8,-5.6,-97,-5.4,-108,-6.0,-115,-6.3,-832394,-8.4,22687,4.8,-201,-1.1,-12,-2.9
"72007","1","10","71","0","2017","4","",1,5,6,5,84159,0,0,1214,"",1.24,0.15,0.19,0.15,0.34,0.00,0.00,2.08,"",0,0.0,1,25.0,-1,-14.3,-1,-16.7,-21428,-20.3,0,0.0,0,0.0,-219,-15.3
"72007","2","10","71","0","2017","4","N",11,0,0,0,0,0,0,0,"N",11.63,0,0,0,0,0,0,0,"N",-1,-8.3,0,0,0,0,0,0,0,0,0,0,0,0,0,0
"72007","3","10","71","0","2017","4","N",2,0,0,0,0,0,0,0,"N",0.87,0,0,0,0,0,0,0,"N",0,0.0,0,0,0,0,0,0,0,0,0,0,0,0,0,0
"72007","5","10","71","0","2017","4","",121,946,929,949,4167702,499000,17420,341,"",0.92,0.65,0.65,0.66,0.54,1.03,1.01,0.83,"",-7,-5.5,-38,-3.9,-47,-4.8,-55,-5.5,-334616,-7.4,22687,4.8,-201,-1.1,-10,-2.8
"72009","0","10","70","0","2017","4","",314,5343,5236,5441,35851999,1334321,45559,516,"",1.00,1.00,1.00,1.00,1.00,1.00,1.00,1.00,"",-9,-2.8,-222,-4.0,-328,-5.9,-223,-3.9,-2747132,-7.1,55955,4.4,691,1.5,-14,-2.6
"72009","1","10","71","0","2017","4","",1,11,11,13,191313,0,0,1261,"",0.53,0.11,0.11,0.12,0.19,0.00,0.00,1.71,"",-1,-50.0,1,10.0,0,0.0,3,30.0,10999,6.1,0,0.0,0,0.0,-81,-6.0
"72009","2","10","71","0","2017","4","N",16,0,0,0,0,0,0,0,"N",7.27,0,0,0,0,0,0,0,"N",-2,-11.1,0,0,0,0,0,0,0,0,0,0,0,0,0,0
"72009","3","10","71","0","2017","4","N",2,0,0,0,0,0,0,0,"N",0.37,0,0,0,0,0,0,0,"N",0,0.0,0,0,0,0,0,0,0,0,0,0,0,0,0,0
"72009","5","10","71","0","2017","4","",295,4102,4000,4204,27503669,1334321,45559,516,"",0.97,0.90,0.90,0.91,0.90,1.03,1.01,0.99,"",-6,-2.0,-152,-3.6,-266,-6.2,-155,-3.6,-2528067,-8.4,55955,4.4,691,1.5,-22,-4.1
"72011","0","10","70","0","2017","4","",256,4604,4758,4889,34596083,1290860,44388,560,"",1.00,1.00,1.00,1.00,1.00,1.00,1.00,1.00,"",-13,-4.8,-495,-9.7,-333,-6.5,-258,-5.0,-3007680,-8.0,-70615,-5.2,-2923,-6.2,-6,-1.1
"72011","1","10","71","0","2017","4","",1,15,14,16,268946,0,0,1379,"",0.65,0.17,0.15,0.17,0.28,0.00,0.00,1.72,"",0,0.0,0,0.0,-2,-12.5,0,0.0,17085,6.8,0,0.0,0,0.0,142,11.5
"72011","2","10","71","0","2017","4","N",13,0,0,0,0,0,0,0,"N",7.25,0,0,0,0,0,0,0,"N",-1,-7.1,0,0,0,0,0,0,0,0,0,0,0,0,0,0
"72011","3","10","71","0","2017","4","N",1,0,0,0,0,0,0,0,"N",0.23,0,0,0,0,0,0,0,"N",0,0.0,0,0,0,0,0,0,0,0,0,0,0,0,0,0
"72011","5","10","71","0","2017","4","",241,3737,3904,4030,29963209,1290860,44388,592,"",0.97,0.96,0.97,0.97,1.01,1.03,1.01,1.05,"",-12,-4.7,-407,-9.8,-244,-5.9,-176,-4.2,-2363568,-7.3,-70615,-5.2,-2923,-6.2,-5,-0.8
"72013","0","10","70","0","2017","4","",1034,19240,19705,20388,140096470,5344468,171416,545,"",1.00,1.00,1.00,1.00,1.00,1.00,1.00,1.00,"",-14,-1.3,-1342,-6.5,-1110,-5.3,-905,-4.3,-3698839,-2.6,-1156878,-17.8,-53195,-23.7,16,3.0
"72013","1","10","71","0","2017","4","",6,113,114,119,2314724,0,0,1544,"",0.97,0.31,0.30,0.30,0.60,0.00,0.00,1.98,"",0,0.0,-2,-1.7,1,0.9,5,4.4,74201,3.3,0,0.0,0,0.0,32,2.1
"72013","2","10","71","0","2017","4","N",43,0,0,0,0,0,0,0,"N",5.93,0,0,0,0,0,0,0,"N",-1,-2.3,0,0,0,0,0,0,0,0,0,0,0,0,0,0
"72013","3","10","71","0","2017","4","N",2,0,0,0,0,0,0,0,"N",0.11,0,0,0,0,0,0,0,"N",0,0.0,0,0,0,0,0,0,0,0,0,0,0,0,0,0
"72013","5","10","71","0","2017","4","",983,12236,12576,13254,82244431,5290946,170143,499,"",0.98,0.75,0.75,0.76,0.69,1.02,1.00,0.91,"",-13,-1.3,-1022,-7.7,-907,-6.7,-658,-4.7,-2817058,-3.3,-1166131,-18.1,-53266,-23.8,16,3.3
"72015","0","10","70","0","2017","4","",86,2193,2181,2239,16752824,443789,16907,585,"",1.00,1.00,1.00,1.00,1.00,1.00,1.00,1.00,"",-7,-7.5,-246,-10.1,-258,-10.6,-236,-9.5,-927814,-5.2,-245843,-35.6,-10894,-39.2,30,5.4
"72015","1","10","71","0","2017","4","",1,8,8,8,126847,0,0,1220,"",1.94,0.19,0.19,0.19,0.28,0.00,0.00,1.46,"",0,0.0,0,0.0,1,14.3,1,14.3,-20411,-13.9,0,0.0,0,0.0,-325,-21.0
"72015","2","10","71","0","2017","4","N",9,0,0,0,0,0,0,0,"N",14.94,0,0,0,0,0,0,0,"N",-3,-25.0,0,0,0,0,0,0,0,0,0,0,0,0,0,0
"72015","3","10","71","0","2017","4","N",2,0,0,0,0,0,0,0,"N",1.37,0,0,0,0,0,0,0,"N",0,0.0,0,0,0,0,0,0,0,0,0,0,0,0,0,0
"72015","5","10","71","0","2017","4","",74,1487,1522,1577,12725433,443789,16907,640,"",0.89,0.80,0.82,0.83,0.89,1.03,1.01,1.09,"",-4,-5.1,-168,-10.2,-140,-8.4,-121,-7.1,-221065,-1.7,-245843,-35.6,-10894,-39.2,44,7.4
"72017","0","10","70","0","2017","4","",270,9754,10365,10311,80683376,5142425,204641,612,"",1.00,1.00,1.00,1.00,1.00,1.00,1.00,1.00,"",0,0.0,-90,-0.9,210,2.1,-151,-1.4,6426622,8.7,-878354,-14.6,-18183,-8.2,49,8.7
"72017","1","10","71","0","2017","4","",1,9,12,12,196072,0,0,1371,"",0.62,0.05,0.06,0.06,0.09,0.00,0.00,1.57,"",-1,-50.0,-8,-47.1,-3,-20.0,-3,-20.0,-8689,-4.2,0,0.0,0,0.0,366,36.4
"72017","2","10","71","0","2017","4","N",11,0,0,0,0,0,0,0,"N",5.81,0,0,0,0,0,0,0,"N",1,10.0,0,0,0,0,0,0,0,0,0,0,0,0,0,0
"72017","3","10","71","0","2017","4","N",5,0,0,0,0,0,0,0,"N",1.09,0,0,0,0,0,0,0,"N",0,0.0,0,0,0,0,0,0,0,0,0,0,0,0,0,0
"72017","5","10","71","0","2017","4","",253,8021,8631,8582,70681561,5080840,201933,646,"",0.97,0.97,0.98,0.98,1.03,1.02,0.99,1.05,"",0,0.0,102,1.3,408,5.0,62,0.7,7423614,11.7,-773262,-13.2,-13559,-6.3,54,9.1
"72019","0","10","70","0","2017","4","",300,2994,2970,3091,17583913,921454,30801,448,"",1.00,1.00,1.00,1.00,1.00,1.00,1.00,1.00,"",-23,-7.1,-110,-3.5,-136,-4.4,-97,-3.0,-845561,-4.6,-284897,-23.6,-10892,-26.1,-5,-1.1
"72019","1","10","71","0","2017","4","",1,6,6,6,110649,0,0,1419,"",0.56,0.10,0.11,0.10,0.23,0.00,0.00,2.21,"",0,0.0,0,0.0,1,20.0,1,20.0,-877,-0.8,0,0.0,0,0.0,-190,-11.8
"72019","2","10","71","0","2017","4","N",14,0,0,0,0,0,0,0,"N",6.66,0,0,0,0,0,0,0,"N",0,0.0,0,0,0,0,0,0,0,0,0,0,0,0,0,0
"72019","3","10","71","0","2017","4","N",2,0,0,0,0,0,0,0,"N",0.39,0,0,0,0,0,0,0,"N",0,0.0,0,0,0,0,0,0,0,0,0,0,0,0,0,0
"72019","5","10","71","0","2017","4","",283,1846,1834,1956,8753539,920026,30724,358,"",0.97,0.73,0.73,0.74,0.58,1.03,1.00,0.79,"",-23,-7.5,-98,-5.0,-108,-5.6,-68,-3.4,-914532,-9.5,-284897,-23.6,-10892,-26.2,-20,-5.3
"72021","0","10","70","0","2017","4","",2857,50203,52132,54697,345133152,18647083,609747,507,"",1.00,1.00,1.00,1.00,1.00,1.00,1.00,1.00,"",-57,-2.0,-4950,-9.0,-3606,-6.5,-3117,-5.4,-18862878,-5.2,-4957853,-21.0,-190374,-23.8,9,1.8
"72021","1","10","71","0","2017","4","",10,1136,1114,1120,18314594,0,0,1254,"",0.58,1.18,1.12,1.06,1.93,0.00,0.00,1.73,"",0,0.0,-18,-1.6,-48,-4.1,-57,-4.8,-1673493,-8.4,0,0.0,0,0.0,-67,-5.1
"72021","2","10","71","0","2017","4","N",30,0,0,0,0,0,0,0,"N",1.50,0,0,0,0,0,0,0,"N",0,0.0,0,0,0,0,0,0,0,0,0,0,0,0,0,0
"72021","3","10","71","0","2017","4","N",2,0,0,0,0,0,0,0,"N",0.04,0,0,0,0,0,0,0,"N",0,0.0,0,0,0,0,0,0,0,0,0,0,0,0,0,0
"72021","5","10","71","0","2017","4","",2815,38255,39087,41600,245553345,18489281,606277,476,"",1.02,0.90,0.88,0.89,0.83,1.02,1.00,0.93,"",-57,-2.0,-4112,-9.7,-3870,-9.0,-3293,-7.3,-15195427,-5.8,-4994765,-21.3,-190944,-24.0,14,3.0
"72023","0","10","70","0","2017","4","",523,4787,4878,5259,21680988,2079264,72581,335,"",1.00,1.00,1.00,1.00,1.00,1.00,1.00,1.00,"",-18,-3.3,-1292,-21.3,-1184,-19.5,-1054,-16.7,-7013742,-24.4,-317549,-13.2,-12456,-14.6,-24,-6.7
"72023","1","10","71","0","2017","4","",2,20,26,25,440231,0,0,1431,"",0.64,0.22,0.28,0.25,0.74,0.00,0.00,2.99,"",-1,-33.3,0,0.0,3,13.0,2,8.7,-8715,-1.9,0,0.0,0,0.0,-139,-8.9
"72023","2","10","71","0","2017","4","N",14,0,0,0,0,0,0,0,"N",3.82,0,0,0,0,0,0,0,"N",-1,-6.7,0,0,0,0,0,0,0,0,0,0,0,0,0,0
"72023","3","10","71","0","2017","4","N",2,0,0,0,0,0,0,0,"N",0.22,0,0,0,0,0,0,0,"N",0,0.0,0,0,0,0,0,0,0,0,0,0,0,0,0,0
"72023","5","10","71","0","2017","4","",505,3349,3449,3829,13513671,2078993,72576,293,"",1.00,0.82,0.83,0.86,0.73,1.03,1.01,0.87,"",-16,-3.1,-1148,-25.5,-1038,-23.1,-900,-19.0,-5333913,-28.3,-317820,-13.3,-12461,-14.7,-24,-7.6
"72025","0","10","70","0","2017","4","",2212,41460,42598,44525,295141202,18166190,637778,530,"",1.00,1.00,1.00,1.00,1.00,1.00,1.00,1.00,"",-62,-2.7,-5258,-11.3,-4594,-9.7,-3673,-7.6,-11628510,-3.8,-2934267,-13.9,-142711,-18.3,32,6.4
"72025","1","10","71","0","2017","4","",3,109,110,109,2058686,0,0,1448,"",0.23,0.14,0.13,0.13,0.25,0.00,0.00,1.91,"",0,0.0,0,0.0,0,0.0,0,0.0,57138,2.9,0,0.0,0,0.0,40,2.8
"72025","2","10","71","0","2017","4","N",35,0,0,0,0,0,0,0,"N",2.26,0,0,0,0,0,0,0,"N",1,2.9,0,0,0,0,0,0,0,0,0,0,0,0,0,0
"72025","3","10","71","0","2017","4","N",4,0,0,0,0,0,0,0,"N",0.11,0,0,0,0,0,0,0,"N",0,0.0,0,0,0,0,0,0,0,0,0,0,0,0,0,0
"72025","5","10","71","0","2017","4","",2170,35224,36336,38248,246379861,18154378,637519,518,"",1.01,1.00,1.00,1.01,0.98,1.03,1.01,0.97,"",-63,-2.8,-4982,-12.4,-4292,-10.6,-3355,-8.1,-9355620,-3.7,-2934355,-13.9,-142689,-18.3,36,7.5
"72027","0","10","70","0","2017","4","",312,3206,3311,3437,17101255,1483958,60853,396,"",1.00,1.00,1.00,1.00,1.00,1.00,1.00,1.00,"",9,3.0,-507,-13.7,-414,-11.1,-341,-9.0,-1262695,-6.9,33503,2.3,1797,3.0,18,4.8
"72027","1","10","71","0","2017","4","",1,8,8,9,171477,0,0,1583,"",0.53,0.13,0.13,0.14,0.36,0.00,0.00,2.80,"",0,0.0,2,33.3,0,0.0,1,12.5,21627,14.4,0,0.0,0,0.0,11,0.7
"72027","2","10","71","0","2017","4","N",14,0,0,0,0,0,0,0,"N",6.40,0,0,0,0,0,0,0,"N",0,0.0,0,0,0,0,0,0,0,0,0,0,0,0,0,0
"72027","3","10","71","0","2017","4","N",1,0,0,0,0,0,0,0,"N",0.19,0,0,0,0,0,0,0,"N",0,0.0,0,0,0,0,0,0,0,0,0,0,0,0,0,0
"72027","5","10","71","0","2017","4","",296,2073,2188,2319,9647740,1483958,60853,338,"",0.98,0.76,0.78,0.79,0.66,1.03,1.01,0.85,"",9,3.1,-299,-12.6,-199,-8.3,-126,-5.2,-646404,-6.3,33503,2.3,1797,3.0,8,2.4
"72029","0","10","70","0","2017","4","",316,4706,4629,4773,31522755,1295859,41553,516,"",1.00,1.00,1.00,1.00,1.00,1.00,1.00,1.00,"",-23,-6.8,-874,-15.7,-1115,-19.4,-1149,-19.4,-3096363,-8.9,-1238843,-48.9,-50043,-54.6,53,11.4
"72029","1","10","71","0","2017","4","",1,18,22,24,343690,0,0,1239,"",0.53,0.20,0.25,0.26,0.40,0.00,0.00,1.68,"",0,0.0,0,0.0,5,29.4,7,41.2,5259,1.6,0,0.0,0,0.0,-263,-17.5
"72029","2","10","71","0","2017","4","N",12,0,0,0,0,0,0,0,"N",5.42,0,0,0,0,0,0,0,"N",-1,-7.7,0,0,0,0,0,0,0,0,0,0,0,0,0,0
"72029","3","10","71","0","2017","4","N",3,0,0,0,0,0,0,0,"N",0.56,0,0,0,0,0,0,0,"N",0,0.0,0,0,0,0,0,0,0,0,0,0,0,0,0,0
"72029","5","10","71","0","2017","4","",300,3219,3149,3289,20814905,1285267,40986,497,"",0.98,0.81,0.80,0.81,0.77,1.03,0.99,0.96,"",-22,-6.8,-730,-18.5,-968,-23.5,-998,-23.3,-2681378,-11.4,-982774,-43.3,-36218,-46.9,58,13.2
"72031","0","10","70","0","2017","4","",1893,43386,44845,46325,303954190,20318996,744558,521,"",1.00,1.00,1.00,1.00,1.00,1.00,1.00,1.00,"",-78,-4.0,-2603,-5.7,-1762,-3.8,-1945,-4.0,-8584823,-2.7,-119995,-0.6,43637,6.2,9,1.8
"72031","1","10","71","0","2017","4","",7,708,694,693,11324534,0,0,1247,"",0.62,0.85,0.81,0.78,1.36,0.00,0.00,1.67,"",0,0.0,24,3.5,-3,-0.4,-26,-3.6,-244721,-2.1,0,0.0,0,0.0,-24,-1.9
"72031","2","10","71","0","2017","4","N",27,0,0,0,0,0,0,0,"N",2.04,0,0,0,0,0,0,0,"N",-2,-6.9,0,0,0,0,0,0,0,0,0,0,0,0,0,0
"72031","3","10","71","0","2017","4","N",7,0,0,0,0,0,0,0,"N",0.22,0,0,0,0,0,0,0,"N",0,0.0,0,0,0,0,0,0,0,0,0,0,0,0,0,0
"72031","5","10","71","0","2017","4","",1852,36977,38279,39874,249622484,20302705,743845,500,"",1.01,1.00,1.00,1.01,0.96,1.03,1.01,0.95,"",-76,-3.9,-2172,-5.5,-1353,-3.4,-1575,-3.8,-5738221,-2.2,-114256,-0.6,43889,6.3,10,2.0
"72033","0","10","70","0","2017","4","",306,10080,10302,10817,85846364,4643882,154299,635,"",1.00,1.00,1.00,1.00,1.00,1.00,1.00,1.00,"",1,0.3,-346,-3.3,-235,-2.2,23,0.2,1086714,1.3,-432953,-8.5,-26852,-14.8,19,3.1
"72033","1","10","71","0","2017","4","",2,168,211,200,3242134,0,0,1292,"",1.09,0.87,1.07,0.96,1.37,0.00,0.00,1.42,"",0,0.0,-4,-2.3,33,18.5,3,1.5,87702,2.8,0,0.0,0,0.0,-39,-2.9
"72033","2","10","71","0","2017","4","N",10,0,0,0,0,0,0,0,"N",4.66,0,0,0,0,0,0,0,"N",-1,-9.1,0,0,0,0,0,0,0,0,0,0,0,0,0,0
"72033","3","10","71","0","2017","4","N",1,0,0,0,0,0,0,0,"N",0.19,0,0,0,0,0,0,0,"N",0,0.0,0,0,0,0,0,0,0,0,0,0,0,0,0,0
"72033","5","10","71","0","2017","4","",293,8712,8781,9239,75539312,4643882,154299,652,"",0.99,1.02,1.00,1.00,1.03,1.03,1.01,1.02,"",2,0.7,-483,-5.3,-525,-5.6,-259,-2.7,965204,1.3,-432953,-8.5,-26852,-14.8,37,6.0
"72035","0","10","70","0","2017","4","",470,8939,9194,9759,68852389,2671518,85690,570,"",1.00,1.00,1.00,1.00,1.00,1.00,1.00,1.00,"",-17,-3.5,-828,-8.5,-695,-7.0,-378,-3.7,-4917850,-6.7,-494514,-15.6,-21625,-20.2,-1,-0.2
"72035","1","10","71","0","2017","4","",1,21,23,23,390018,0,0,1343,"",0.35,0.12,0.13,0.12,0.21,0.00,0.00,1.65,"",0,0.0,-1,-4.5,0,0.0,0,0.0,-19730,-4.8,0,0.0,0,0.0,-48,-3.5
"72035","2","10","71","0","2017","4","N",18,0,0,0,0,0,0,0,"N",5.47,0,0,0,0,0,0,0,"N",-3,-14.3,0,0,0,0,0,0,0,0,0,0,0,0,0,0
"72035","3","10","71","0","2017","4","N",2,0,0,0,0,0,0,0,"N",0.25,0,0,0,0,0,0,0,"N",0,0.0,0,0,0,0,0,0,0,0,0,0,0,0,0,0
"72035","5","10","71","0","2017","4","",449,6775,7034,7509,50407145,2633312,84658,546,"",0.98,0.89,0.90,0.91,0.86,1.02,0.99,0.95,"",-14,-3.0,-372,-5.2,-231,-3.2,8,0.1,-1818480,-3.5,-442300,-14.4,-20125,-19.2,-4,-0.7
"72037","0","10","70","0","2017","4","",91,1065,1081,1135,6150521,276885,9962,433,"",1.00,1.00,1.00,1.00,1.00,1.00,1.00,1.00,"",4,4.6,-64,-5.7,-46,-4.1,-22,-1.9,-346925,-5.3,-29430,-9.6,-1462,-12.8,-6,-1.4
"72037","1","10","71","0","2017","4","",3,24,26,31,356297,0,0,1015,"",5.50,1.17,1.26,1.42,2.11,0.00,0.00,1.64,"",0,0.0,-2,-7.7,1,4.0,4,14.8,-61251,-14.7,0,0.0,0,0.0,-220,-17.8
"72037","2","10","71","0","2017","4","N",10,0,0,0,0,0,0,0,"N",15.68,0,0,0,0,0,0,0,"N",2,25.0,0,0,0,0,0,0,0,0,0,0,0,0,0,0
"72037","3","10","71","0","2017","4","N",2,0,0,0,0,0,0,0,"N",1.29,0,0,0,0,0,0,0,"N",0,0.0,0,0,0,0,0,0,0,0,0,0,0,0,0,0
"72037","5","10","71","0","2017","4","",76,464,476,525,2653735,275945,9915,418,"",0.86,0.51,0.52,0.54,0.51,1.03,1.00,0.96,"",2,2.7,-25,-5.1,-13,-2.7,11,2.1,-174645,-6.2,-29662,-9.7,-1476,-13.0,-19,-4.3
"72039","0","10","70","0","2017","4","",133,1435,1464,1517,7456542,461233,18053,390,"",1.00,1.00,1.00,1.00,1.00,1.00,1.00,1.00,"",1,0.8,-156,-9.8,-138,-8.6,-124,-7.6,-858806,-10.3,-136119,-22.8,-3854,-17.6,-7,-1.8
"72039","1","10","71","0","2017","4","",1,7,8,10,131561,0,0,1214,"",1.25,0.25,0.29,0.34,0.64,0.00,0.00,2.18,"",0,0.0,0,0.0,2,33.3,4,66.7,13906,11.8,0,0.0,0,0.0,-215,-15.0
"72039","2","10","71","0","2017","4","N",10,0,0,0,0,0,0,0,"N",10.73,0,0,0,0,0,0,0,"N",-2,-16.7,0,0,0,0,0,0,0,0,0,0,0,0,0,0
"72039","3","10","71","0","2017","4","N",2,0,0,0,0,0,0,0,"N",0.88,0,0,0,0,0,0,0,"N",0,0.0,0,0,0,0,0,0,0,0,0,0,0,0,0,0
"72039","5","10","71","0","2017","4","",120,601,635,684,2274239,441255,17614,273,"",0.93,0.49,0.51,0.53,0.36,0.99,0.98,0.70,"",3,2.6,-88,-12.8,-58,-8.4,-44,-6.0,-415168,-15.4,-121935,-21.7,-3474,-16.5,-21,-7.1
"72041","0","10","70","0","2017","4","",334,5684,5699,5993,41978418,1865945,66458,558,"",1.00,1.00,1.00,1.00,1.00,1.00,1.00,1.00,"",-13,-3.7,-200,-3.4,-227,-3.8,-113,-1.9,-1194044,-2.8,-74449,-3.8,-2223,-3.2,2,0.4
"72041","1","10","71","0","2017","4","",1,17,19,18,273327,0,0,1168,"",0.50,0.16,0.17,0.16,0.24,0.00,0.00,1.46,"",0,0.0,2,13.3,3,18.8,2,12.5,8003,3.0,0,0.0,0,0.0,-135,-10.4
"72041","2","10","71","0","2017","4","N",11,0,0,0,0,0,0,0,"N",4.70,0,0,0,0,0,0,0,"N",-2,-15.4,0,0,0,0,0,0,0,0,0,0,0,0,0,0
"72041","3","10","71","0","2017","4","N",2,0,0,0,0,0,0,0,"N",0.35,0,0,0,0,0,0,0,"N",0,0.0,0,0,0,0,0,0,0,0,0,0,0,0,0,0
"72041","5","10","71","0","2017","4","",320,4213,4248,4504,32870526,1860143,66197,585,"",0.99,0.87,0.88,0.88,0.92,1.03,1.00,1.04,"",-11,-3.3,-150,-3.4,-146,-3.3,-54,-1.2,-952056,-2.8,-60613,-3.2,-1561,-2.3,-1,-0.2
"72043","0","10","70","0","2017","4","",286,3065,3114,3255,16914607,1332719,42236,414,"",1.00,1.00,1.00,1.00,1.00,1.00,1.00,1.00,"",-19,-6.2,-709,-18.8,-700,-18.4,-638,-16.4,-3578212,-17.5,-475678,-26.3,-23575,-35.8,2,0.5
"72043","1","10","71","0","2017","4","",1,15,17,18,291136,0,0,1344,"",0.58,0.25,0.29,0.29,0.63,0.00,0.00,2.27,"",0,0.0,3,25.0,4,30.8,4,28.6,-1360,-0.5,0,0.0,0,0.0,-387,-22.4
"72043","2","10","71","0","2017","4","N",16,0,0,0,0,0,0,0,"N",7.98,0,0,0,0,0,0,0,"N",-2,-11.1,0,0,0,0,0,0,0,0,0,0,0,0,0,0
"72043","3","10","71","0","2017","4","N",1,0,0,0,0,0,0,0,"N",0.21,0,0,0,0,0,0,0,"N",0,0.0,0,0,0,0,0,0,0,0,0,0,0,0,0,0
"72043","5","10","71","0","2017","4","",268,1902,1987,2032,9122089,1325685,42047,356,"",0.97,0.73,0.75,0.73,0.63,1.03,1.00,0.86,"",-17,-6.0,-590,-23.7,-545,-21.5,-575,-22.1,-2741142,-23.1,-462292,-25.9,-23091,-35.4,-3,-0.8
"72045","0","10","70","0","2017","4","",127,1584,1604,1655,8750304,464350,15828,417,"",1.00,1.00,1.00,1.00,1.00,1.00,1.00,1.00,"",-14,-9.9,-550,-25.8,-506,-24.0,-486,-22.7,-2223460,-20.3,-1432030,-75.5,-45970,-74.4,20,5.0
"72045","1","10","71","0","2017","4","",1,6,8,8,122740,0,0,1287,"",1.31,0.20,0.26,0.25,0.51,0.00,0.00,2.16,"",0,0.0,1,20.0,1,14.3,2,33.3,2540,2.1,0,0.0,0,0.0,-254,-16.5
"72045","2","10","71","0","2017","4","N",12,0,0,0,0,0,0,0,"N",13.48,0,0,0,0,0,0,0,"N",0,0.0,0,0,0,0,0,0,0,0,0,0,0,0,0,0
"72045","3","10","71","0","2017","4","N",2,0,0,0,0,0,0,0,"N",0.93,0,0,0,0,0,0,0,"N",0,0.0,0,0,0,0,0,0,0,0,0,0,0,0,0,0
"72045","5","10","71","0","2017","4","",112,736,764,809,3646173,464350,15828,364,"",0.91,0.55,0.56,0.58,0.49,1.03,1.01,0.87,"",-14,-11.1,-520,-41.4,-468,-38.0,-452,-35.8,-2010525,-35.5,-1432030,-75.5,-45970,-74.4,16,4.6
"72047","0","10","70","0","2017","4","",307,3634,3765,3877,19518674,1321186,49645,399,"",1.00,1.00,1.00,1.00,1.00,1.00,1.00,1.00,"",-13,-4.1,-362,-9.1,-250,-6.2,-166,-4.1,-1744346,-8.2,-194645,-12.8,-6831,-12.1,-8,-2.0
"72047","1","10","71","0","2017","4","",1,9,10,11,171459,0,0,1319,"",0.54,0.13,0.14,0.15,0.32,0.00,0.00,2.31,"",0,0.0,1,12.5,2,25.0,2,22.2,32221,23.1,0,0.0,0,0.0,34,2.6
"72047","2","10","71","0","2017","4","N",13,0,0,0,0,0,0,0,"N",6.04,0,0,0,0,0,0,0,"N",1,8.3,0,0,0,0,0,0,0,0,0,0,0,0,0,0
"72047","3","10","71","0","2017","4","N",1,0,0,0,0,0,0,0,"N",0.19,0,0,0,0,0,0,0,"N",0,0.0,0,0,0,0,0,0,0,0,0,0,0,0,0,0
"72047","5","10","71","0","2017","4","",292,2462,2598,2711,11110251,1321186,49645,330,"",0.98,0.80,0.81,0.82,0.67,1.03,1.01,0.82,"",-14,-4.6,-321,-11.5,-195,-7.0,-110,-3.9,-1273652,-10.3,-194645,-12.8,-6831,-12.1,-10,-2.9
"72049","0","10","70","0","2017","4","",53,384,388,422,1976699,104509,3110,382,"",1.00,1.00,1.00,1.00,1.00,1.00,1.00,1.00,"",1,1.9,-69,-15.2,-79,-16.9,-56,-11.7,-370484,-15.8,-75029,-41.8,-2444,-44.0,-5,-1.3
"72049","1","10","71","0","2017","4","",2,6,5,5,129032,0,0,1861,"",6.29,0.81,0.67,0.62,2.37,0.00,0.00,3.41,"",0,0.0,1,20.0,-1,-16.7,-1,-16.7,-1033,-0.8,0,0.0,0,0.0,95,5.4
"72049","2","10","71","0","2017","4","N",12,0,0,0,0,0,0,0,"N",32.31,0,0,0,0,0,0,0,"N",0,0.0,0,0,0,0,0,0,0,0,0,0,0,0,0,0
"72049","3","10","71","0","2017","4","N",1,0,0,0,0,0,0,0,"N",1.11,0,0,0,0,0,0,0,"N",0,0.0,0,0,0,0,0,0,0,0,0,0,0,0,0,0
"72049","5","10","71","0","2017","4","N",38,0,0,0,0,0,0,0,"N",0.74,0,0,0,0,0,0,0,"N",1,2.7,0,0,0,0,0,0,0,0,0,0,0,0,0,0
"72051","0","10","70","0","2017","4","",523,7676,7785,8089,62319071,5643889,235597,611,"",1.00,1.00,1.00,1.00,1.00,1.00,1.00,1.00,"",14,2.8,-857,-10.0,-783,-9.1,-829,-9.3,82116,0.1,774304,15.9,63446,36.9,59,10.7
"72051","1","10","71","0","2017","4","",1,17,18,18,333485,0,0,1452,"",0.32,0.12,0.12,0.12,0.19,0.00,0.00,1.66,"",0,0.0,-1,-5.6,0,0.0,0,0.0,5865,1.8,0,0.0,0,0.0,52,3.7
"72051","2","10","71","0","2017","4","N",15,0,0,0,0,0,0,0,"N",4.09,0,0,0,0,0,0,0,"N",-1,-6.2,0,0,0,0,0,0,0,0,0,0,0,0,0,0
"72051","3","10","71","0","2017","4","N",2,0,0,0,0,0,0,0,"N",0.22,0,0,0,0,0,0,0,"N",0,0.0,0,0,0,0,0,0,0,0,0,0,0,0,0,0
"72051","5","10","71","0","2017","4","",505,6393,6507,6752,53890297,5467241,231711,633,"",1.00,0.98,0.98,0.98,1.01,1.00,0.99,1.03,"",15,3.1,-704,-9.9,-643,-9.0,-736,-9.8,947542,1.8,623762,12.9,60709,35.5,71,12.6
"72053","0","10","70","0","2017","4","",489,9546,10240,10491,65566033,2810548,92105,500,"",1.00,1.00,1.00,1.00,1.00,1.00,1.00,1.00,"",-26,-5.0,-1669,-14.9,-965,-8.6,-847,-7.5,-7119430,-9.8,-1314034,-31.9,-46360,-33.5,3,0.6
"72053","1","10","71","0","2017","4","",4,50,51,53,1149670,0,0,1723,"",1.36,0.27,0.26,0.26,0.64,0.00,0.00,2.41,"",0,0.0,1,2.0,2,4.1,3,6.0,-23433,-2.0,0,0.0,0,0.0,-106,-5.8
"72053","2","10","71","0","2017","4","N",21,0,0,0,0,0,0,0,"N",6.13,0,0,0,0,0,0,0,"N",-2,-8.7,0,0,0,0,0,0,0,0,0,0,0,0,0,0
"72053","3","10","71","0","2017","4","N",1,0,0,0,0,0,0,0,"N",0.12,0,0,0,0,0,0,0,"N",0,0.0,0,0,0,0,0,0,0,0,0,0,0,0,0,0
"72053","5","10","71","0","2017","4","",463,6990,7693,7950,46084302,2513935,84097,470,"",0.98,0.86,0.88,0.89,0.82,0.92,0.92,0.93,"",-24,-4.9,-1564,-18.3,-852,-10.0,-720,-8.3,-6070702,-11.6,-1075664,-30.0,-37784,-31.0,3,0.6
"72054","0","10","70","0","2017","4","",68,960,1003,1172,5757170,311517,12820,424,"",1.00,1.00,1.00,1.00,1.00,1.00,1.00,1.00,"",1,1.5,-191,-16.6,-168,-14.3,-53,-4.3,-506099,-8.1,-82226,-20.9,-3525,-21.6,17,4.2
"72054","1","10","71","0","2017","4","",1,4,3,4,79319,0,0,1664,"",2.45,0.22,0.16,0.18,0.50,0.00,0.00,2.74,"",0,0.0,1,33.3,-1,-25.0,0,0.0,6686,9.2,0,0.0,0,0.0,140,9.2
"72054","2","10","71","0","2017","4","N",9,0,0,0,0,0,0,0,"N",18.89,0,0,0,0,0,0,0,"N",0,0.0,0,0,0,0,0,0,0,0,0,0,0,0,0,0
"72054","3","10","71","0","2017","4","N",1,0,0,0,0,0,0,0,"N",0.87,0,0,0,0,0,0,0,"N",0,0.0,0,0,0,0,0,0,0,0,0,0,0,0,0,0
"72054","5","10","71","0","2017","4","",57,364,412,580,2572051,311517,12820,438,"",0.86,0.45,0.48,0.58,0.52,1.03,1.01,1.03,"",1,1.8,-156,-30.0,-125,-23.3,-11,-1.9,-218505,-7.8,-82226,-20.9,-3525,-21.6,47,12.0
"72055","0","10","70","0","2017","4","",120,1805,2229,2283,9991202,1716375,81324,365,"",1.00,1.00,1.00,1.00,1.00,1.00,1.00,1.00,"",-4,-3.2,-746,-29.2,-119,-5.1,-136,-5.6,-1666648,-14.3,761198,79.7,40548,99.4,-3,-0.8
"72055","1","10","71","0","2017","4","",3,24,29,28,349783,0,0,997,"",4.17,0.69,0.68,0.64,1.27,0.00,0.00,1.91,"",0,0.0,-4,-14.3,1,3.6,11,64.7,12500,3.7,0,0.0,0,0.0,-69,-6.5
"72055","2","10","71","0","2017","4","N",13,0,0,0,0,0,0,0,"N",15.46,0,0,0,0,0,0,0,"N",-1,-7.1,0,0,0,0,0,0,0,0,0,0,0,0,0,0
"72055","3","10","71","0","2017","4","N",1,0,0,0,0,0,0,0,"N",0.49,0,0,0,0,0,0,0,"N",0,0.0,0,0,0,0,0,0,0,0,0,0,0,0,0,0
"72055","5","10","71","0","2017","4","",103,1018,1446,1500,5369030,1716375,81324,313,"",0.88,0.66,0.76,0.77,0.63,1.03,1.01,0.85,"",-3,-2.8,-685,-40.2,-55,-3.7,-83,-5.2,-1500521,-21.8,761198,79.7,40548,99.4,-18,-5.4
"72057","0","10","70","0","2017","4","",435,10024,10059,10444,68815785,2546456,87685,520,"",1.00,1.00,1.00,1.00,1.00,1.00,1.00,1.00,"",-28,-6.0,-888,-8.1,-905,-8.3,-751,-6.7,-5778804,-7.7,-2045875,-44.5,-57798,-39.7,-1,-0.2
"72057","1","10","71","0","2017","4","",2,34,36,35,655565,0,0,1441,"",0.77,0.18,0.19,0.17,0.35,0.00,0.00,1.94,"",0,0.0,-2,-5.6,1,2.9,-1,-2.8,-22383,-3.3,0,0.0,0,0.0,-21,-1.4
"72057","2","10","71","0","2017","4","N",31,0,0,0,0,0,0,0,"N",10.17,0,0,0,0,0,0,0,"N",1,3.3,0,0,0,0,0,0,0,0,0,0,0,0,0,0
"72057","3","10","71","0","2017","4","N",3,0,0,0,0,0,0,0,"N",0.41,0,0,0,0,0,0,0,"N",0,0.0,0,0,0,0,0,0,0,0,0,0,0,0,0,0
"72057","5","10","71","0","2017","4","",399,6356,6384,6660,40852513,2546456,87685,486,"",0.95,0.75,0.75,0.75,0.70,1.03,1.01,0.93,"",-29,-6.8,-675,-9.6,-720,-10.1,-616,-8.5,-5566927,-12.0,-2045875,-44.5,-57798,-39.7,-14,-2.8
"72059","0","10","70","0","2017","4","",122,2233,2240,2289,13374076,762405,27346,456,"",1.00,1.00,1.00,1.00,1.00,1.00,1.00,1.00,"",3,2.5,-106,-4.5,-115,-4.9,-112,-4.7,-1415864,-9.6,-721457,-48.6,-26864,-49.6,-25,-5.2
"72059","1","10","71","0","2017","4","",1,6,7,7,122230,0,0,1410,"",1.37,0.14,0.16,0.16,0.33,0.00,0.00,2.16,"",0,0.0,-1,-14.3,0,0.0,0,0.0,5443,4.7,0,0.0,0,0.0,127,9.9
"72059","2","10","71","0","2017","4","N",12,0,0,0,0,0,0,0,"N",14.04,0,0,0,0,0,0,0,"N",1,9.1,0,0,0,0,0,0,0,0,0,0,0,0,0,0
"72059","3","10","71","0","2017","4","N",1,0,0,0,0,0,0,0,"N",0.48,0,0,0,0,0,0,0,"N",-1,-50.0,0,0,0,0,0,0,0,0,0,0,0,0,0,0
"72059","5","10","71","0","2017","4","",108,1194,1207,1257,5760049,638311,21886,363,"",0.91,0.63,0.63,0.65,0.50,0.87,0.81,0.79,"",3,2.9,1,0.1,-1,-0.1,4,0.3,-6488,-0.1,-605066,-48.7,-21743,-49.8,-1,-0.3
"72061","0","10","70","0","2017","4","",2365,45287,45693,48503,418692354,21411722,732541,693,"",1.00,1.00,1.00,1.00,1.00,1.00,1.00,1.00,"",-3,-0.1,-2659,-5.5,-2629,-5.4,-1139,-2.3,-2138548,-0.5,-4334977,-16.8,-179877,-19.7,27,4.1
"72061","1","10","71","0","2017","4","",15,534,514,514,8338495,0,0,1232,"",1.06,0.61,0.59,0.55,0.72,0.00,0.00,1.24,"",-1,-6.2,-14,-2.6,-41,-7.4,-34,-6.2,-444813,-5.1,0,0.0,0,0.0,4,0.3
"72061","2","10","71","0","2017","4","N",19,0,0,0,0,0,0,0,"N",1.15,0,0,0,0,0,0,0,"N",0,0.0,0,0,0,0,0,0,0,0,0,0,0,0,0,0
"72061","3","10","71","0","2017","4","N",1,0,0,0,0,0,0,0,"N",0.02,0,0,0,0,0,0,0,"N",0,0.0,0,0,0,0,0,0,0,0,0,0,0,0,0,0
"72061","5","10","71","0","2017","4","",2330,41080,41535,44355,388831430,21411722,732541,707,"",1.02,1.07,1.07,1.08,1.09,1.03,1.01,1.01,"",-2,-0.1,-2436,-5.6,-2350,-5.4,-851,-1.9,-371165,-0.1,-4334977,-16.8,-179877,-19.7,30,4.4
"72063","0","10","70","0","2017","4","",327,6218,6341,6666,50328350,2602134,94528,604,"",1.00,1.00,1.00,1.00,1.00,1.00,1.00,1.00,"",-14,-4.1,-313,-4.8,-299,-4.5,-151,-2.2,1640563,3.4,-464030,-15.1,-28811,-23.4,42,7.5
"72063","1","10","71","0","2017","4","",2,39,40,39,500626,0,0,979,"",1.02,0.33,0.33,0.30,0.36,0.00,0.00,1.13,"",0,0.0,-4,-9.3,-4,-9.1,-4,-9.3,-98430,-16.4,0,0.0,0,0.0,-84,-7.9
"72063","2","10","71","0","2017","4","N",13,0,0,0,0,0,0,0,"N",5.67,0,0,0,0,0,0,0,"N",-1,-7.1,0,0,0,0,0,0,0,0,0,0,0,0,0,0
"72063","3","10","71","0","2017","4","N",2,0,0,0,0,0,0,0,"N",0.36,0,0,0,0,0,0,0,"N",0,0.0,0,0,0,0,0,0,0,0,0,0,0,0,0,0
"72063","5","10","71","0","2017","4","",310,4964,5107,5429,43343081,2365527,86957,645,"",0.98,0.94,0.95,0.96,1.01,0.94,0.93,1.06,"",-13,-4.0,-320,-6.1,-289,-5.4,-143,-2.6,1788935,4.3,-700637,-22.9,-36382,-29.5,55,9.3
"72065","0","10","70","0","2017","4","",520,7514,7686,8127,41688454,3291031,100242,412,"",1.00,1.00,1.00,1.00,1.00,1.00,1.00,1.00,"",-23,-4.2,-583,-7.2,-726,-8.6,-546,-6.3,-2169638,-4.9,-641740,-16.3,-25085,-20.0,10,2.5
"72065","1","10","71","0","2017","4","",1,9,11,11,188055,0,0,1400,"",0.32,0.06,0.07,0.07,0.16,0.00,0.00,2.38,"",0,0.0,-2,-18.2,0,0.0,1,10.0,7559,4.2,0,0.0,0,0.0,98,7.5
"72065","2","10","71","0","2017","4","N",11,0,0,0,0,0,0,0,"N",3.02,0,0,0,0,0,0,0,"N",-3,-21.4,0,0,0,0,0,0,0,0,0,0,0,0,0,0
"72065","3","10","71","0","2017","4","N",1,0,0,0,0,0,0,0,"N",0.11,0,0,0,0,0,0,0,"N",0,0.0,0,0,0,0,0,0,0,0,0,0,0,0,0,0
"72065","5","10","71","0","2017","4","",507,6320,6501,6950,34075081,3291031,100242,398,"",1.01,0.99,1.00,1.01,0.96,1.03,1.01,0.96,"",-20,-3.8,-533,-7.8,-653,-9.1,-424,-5.7,-1552581,-4.4,-641740,-16.3,-25085,-20.0,13,3.4
"72067","0","10","70","0","2017","4","",173,2370,2451,2511,11936255,1049038,39919,376,"",1.00,1.00,1.00,1.00,1.00,1.00,1.00,1.00,"",-7,-3.9,-25,-1.0,44,1.8,20,0.8,246853,2.1,-3282,-0.3,-1502,-3.6,6,1.6
"72067","1","10","71","0","2017","4","",1,7,10,10,171975,0,0,1470,"",0.96,0.15,0.21,0.21,0.52,0.00,0.00,2.73,"",0,0.0,1,16.7,3,42.9,3,42.9,36913,27.3,0,0.0,0,0.0,-88,-5.6
"72067","2","10","71","0","2017","4","N",11,0,0,0,0,0,0,0,"N",9.07,0,0,0,0,0,0,0,"N",-2,-15.4,0,0,0,0,0,0,0,0,0,0,0,0,0,0
"72067","3","10","71","0","2017","4","N",2,0,0,0,0,0,0,0,"N",0.68,0,0,0,0,0,0,0,"N",0,0.0,0,0,0,0,0,0,0,0,0,0,0,0,0,0
"72067","5","10","71","0","2017","4","",159,1670,1760,1819,7567026,1049038,39919,333,"",0.95,0.83,0.85,0.85,0.74,1.03,1.01,0.88,"",-5,-3.0,41,2.5,113,6.9,99,5.8,-162941,-2.1,-3282,-0.3,-1502,-3.6,-24,-6.7
"72069","0","10","70","0","2017","4","",773,14794,14563,14820,111407633,3619319,119189,582,"",1.00,1.00,1.00,1.00,1.00,1.00,1.00,1.00,"",-13,-1.7,-1639,-10.0,-2083,-12.5,-2102,-12.4,-12352923,-10.0,-1755330,-32.7,-59854,-33.4,11,1.9
"72069","1","10","71","0","2017","4","",2,21,24,24,424321,0,0,1419,"",0.43,0.07,0.09,0.08,0.14,0.00,0.00,1.70,"",0,0.0,-2,-8.7,2,9.1,2,9.1,-13418,-3.1,0,0.0,0,0.0,-89,-5.9
"72069","2","10","71","0","2017","4","N",38,0,0,0,0,0,0,0,"N",7.02,0,0,0,0,0,0,0,"N",-1,-2.6,0,0,0,0,0,0,0,0,0,0,0,0,0,0
"72069","3","10","71","0","2017","4","N",4,0,0,0,0,0,0,0,"N",0.30,0,0,0,0,0,0,0,"N",0,0.0,0,0,0,0,0,0,0,0,0,0,0,0,0,0
"72069","5","10","71","0","2017","4","",729,10137,9914,10181,73038563,3490170,116348,558,"",0.97,0.81,0.80,0.81,0.77,1.00,0.98,0.95,"",-12,-1.6,-995,-8.9,-1381,-12.2,-1362,-11.8,-9024893,-11.0,-1815904,-34.2,-61049,-34.4,1,0.2
"72071","0","10","70","0","2017","4","",427,6576,6712,6936,44467257,2213901,78838,507,"",1.00,1.00,1.00,1.00,1.00,1.00,1.00,1.00,"",-16,-3.6,-61,-0.9,-61,-0.9,-35,-0.5,1047532,2.4,-1314267,-37.3,-48697,-38.2,15,3.0
"72071","1","10","71","0","2017","4","",2,23,25,25,521551,0,0,1649,"",0.78,0.18,0.19,0.19,0.43,0.00,0.00,2.27,"",0,0.0,-2,-8.0,0,0.0,1,4.2,23507,4.7,0,0.0,0,0.0,96,6.2
"72071","2","10","71","0","2017","4","N",13,0,0,0,0,0,0,0,"N",4.34,0,0,0,0,0,0,0,"N",0,0.0,0,0,0,0,0,0,0,0,0,0,0,0,0,0
"72071","3","10","71","0","2017","4","N",2,0,0,0,0,0,0,0,"N",0.28,0,0,0,0,0,0,0,"N",0,0.0,0,0,0,0,0,0,0,0,0,0,0,0,0,0
"72071","5","10","71","0","2017","4","",410,5211,5342,5558,35201837,2211686,78789,504,"",0.99,0.93,0.94,0.94,0.93,1.03,1.01,0.99,"",-16,-3.8,11,0.2,6,0.1,21,0.4,1329522,3.9,-1309439,-37.2,-48577,-38.1,18,3.7
"72073","0","10","70","0","2017","4","",171,2819,2877,2925,19121990,725298,22000,512,"",1.00,1.00,1.00,1.00,1.00,1.00,1.00,1.00,"",-1,-0.6,-91,-3.1,-20,-0.7,10,0.3,-504112,-2.6,-218370,-23.1,-5862,-21.0,-7,-1.3
"72073","1","10","71","0","2017","4","",1,4,4,4,73163,0,0,1407,"",0.98,0.07,0.07,0.07,0.14,0.00,0.00,1.92,"",0,0.0,-1,-20.0,-1,-20.0,-1,-20.0,-20613,-22.0,0,0.0,0,0.0,-36,-2.5
"72073","2","10","71","0","2017","4","N",13,0,0,0,0,0,0,0,"N",10.85,0,0,0,0,0,0,0,"N",1,8.3,0,0,0,0,0,0,0,0,0,0,0,0,0,0
"72073","3","10","71","0","2017","4","N",1,0,0,0,0,0,0,0,"N",0.34,0,0,0,0,0,0,0,"N",0,0.0,0,0,0,0,0,0,0,0,0,0,0,0,0,0
"72073","5","10","71","0","2017","4","",156,1759,1818,1866,14207983,725298,22000,602,"",0.94,0.73,0.74,0.75,0.87,1.03,1.01,1.17,"",-2,-1.3,-188,-9.7,-130,-6.7,-84,-4.3,45753,0.3,-218370,-23.1,-5862,-21.0,43,7.7
"72075","0","10","70","0","2017","4","",289,5700,5730,6170,40583420,1914541,66144,532,"",1.00,1.00,1.00,1.00,1.00,1.00,1.00,1.00,"",-20,-6.5,-765,-11.8,-726,-11.2,-410,-6.2,-2187045,-5.1,-20984,-1.1,164,0.2,26,5.1
"72075","1","10","71","0","2017","4","",2,101,97,98,1102857,0,0,860,"",1.15,0.92,0.88,0.82,0.99,0.00,0.00,1.13,"",0,0.0,2,2.0,-3,-3.0,-1,-1.0,-104851,-8.7,0,0.0,0,0.0,-75,-8.0
"72075","2","10","71","0","2017","4","N",16,0,0,0,0,0,0,0,"N",7.90,0,0,0,0,0,0,0,"N",-1,-5.9,0,0,0,0,0,0,0,0,0,0,0,0,0,0
"72075","3","10","71","0","2017","4","N",1,0,0,0,0,0,0,0,"N",0.20,0,0,0,0,0,0,0,"N",0,0.0,0,0,0,0,0,0,0,0,0,0,0,0,0,0
"72075","5","10","71","0","2017","4","",270,4503,4542,4760,31484707,1824903,63276,526,"",0.96,0.93,0.93,0.91,0.91,0.99,0.96,0.98,"",-19,-6.6,-397,-8.1,-355,-7.2,-235,-4.7,-221838,-0.7,-105382,-5.5,-2579,-3.9,31,6.3
"72077","0","10","70","0","2017","4","",241,6549,6669,6612,77090720,1319806,42335,897,"",1.00,1.00,1.00,1.00,1.00,1.00,1.00,1.00,"",-5,-2.0,-72,-1.1,-5,-0.1,-210,-3.1,-233818,-0.3,-653866,-33.1,-18150,-30.0,10,1.1
"72077","1","10","71","0","2017","4","",2,21,24,28,478600,0,0,1513,"",1.38,0.17,0.19,0.22,0.23,0.00,0.00,1.18,"",0,0.0,5,31.2,8,50.0,12,75.0,203265,73.8,0,0.0,0,0.0,189,14.3
"72077","2","10","71","0","2017","4","N",12,0,0,0,0,0,0,0,"N",7.11,0,0,0,0,0,0,0,"N",0,0.0,0,0,0,0,0,0,0,0,0,0,0,0,0,0
"72077","3","10","71","0","2017","4","N",1,0,0,0,0,0,0,0,"N",0.24,0,0,0,0,0,0,0,"N",0,0.0,0,0,0,0,0,0,0,0,0,0,0,0,0,0
"72077","5","10","71","0","2017","4","",226,5295,5421,5368,69926860,1319806,42335,1003,"",0.97,0.95,0.96,0.96,1.06,1.03,1.01,1.11,"",-5,-2.2,54,1.0,124,2.3,-84,-1.5,1233391,1.8,-653866,-33.1,-18150,-30.0,12,1.2
"72079","0","10","70","0","2017","4","",217,2794,2967,3144,13584526,1297957,45928,352,"",1.00,1.00,1.00,1.00,1.00,1.00,1.00,1.00,"",5,2.4,-49,-1.7,99,3.5,71,2.3,-366527,-2.6,79807,6.6,947,2.1,-15,-4.1
"72079","1","10","71","0","2017","4","",1,9,10,11,173132,0,0,1332,"",0.77,0.17,0.18,0.18,0.46,0.00,0.00,2.65,"",0,0.0,1,12.5,1,11.1,2,22.2,10208,6.3,0,0.0,0,0.0,-114,-7.9
"72079","2","10","71","0","2017","4","N",13,0,0,0,0,0,0,0,"N",8.55,0,0,0,0,0,0,0,"N",0,0.0,0,0,0,0,0,0,0,0,0,0,0,0,0,0
"72079","3","10","71","0","2017","4","N",1,0,0,0,0,0,0,0,"N",0.27,0,0,0,0,0,0,0,"N",0,0.0,0,0,0,0,0,0,0,0,0,0,0,0,0,0
"72079","5","10","71","0","2017","4","",202,1978,2154,2330,8898586,1297957,45928,318,"",0.96,0.83,0.85,0.87,0.77,1.03,1.01,0.90,"",5,2.5,-18,-0.9,132,6.5,103,4.6,192919,2.2,79807,6.6,947,2.1,-4,-1.2
"72081","0","10","70","0","2017","4","",299,3335,3350,3401,15805531,1504526,52063,362,"",1.00,1.00,1.00,1.00,1.00,1.00,1.00,1.00,"",10,3.5,-321,-8.8,-303,-8.3,-299,-8.1,-1522732,-8.8,-361975,-19.4,-16533,-24.1,-1,-0.3
"72081","1","10","71","0","2017","4","",1,7,9,11,134240,0,0,1147,"",0.56,0.11,0.14,0.17,0.31,0.00,0.00,2.22,"",0,0.0,1,16.7,3,50.0,4,57.1,39992,42.4,0,0.0,0,0.0,2,0.2
"72081","2","10","71","0","2017","4","N",13,0,0,0,0,0,0,0,"N",6.21,0,0,0,0,0,0,0,"N",0,0.0,0,0,0,0,0,0,0,0,0,0,0,0,0,0
"72081","3","10","71","0","2017","4","N",1,0,0,0,0,0,0,0,"N",0.20,0,0,0,0,0,0,0,"N",0,0.0,0,0,0,0,0,0,0,0,0,0,0,0,0,0
"72081","5","10","71","0","2017","4","",284,2324,2340,2390,9446225,1504526,52063,309,"",0.98,0.82,0.82,0.83,0.70,1.03,1.01,0.85,"",10,3.6,-193,-7.7,-169,-6.7,-165,-6.5,-722523,-7.1,-361975,-19.4,-16533,-24.1,-1,-0.3
"72083","0","10","70","0","2017","4","",96,1178,1051,1146,4538777,400755,14490,310,"",1.00,1.00,1.00,1.00,1.00,1.00,1.00,1.00,"",-12,-11.1,-87,-6.9,-208,-16.5,-214,-15.7,-1163811,-20.4,-16908,-4.0,-1864,-11.4,-29,-8.6
"72083","1","10","71","0","2017","4","",1,3,3,3,57072,0,0,1463,"",1.74,0.13,0.15,0.14,0.46,0.00,0.00,3.30,"",0,0.0,0,0.0,0,0.0,0,0.0,-8612,-13.1,0,0.0,0,0.0,-221,-13.1
"72083","2","10","71","0","2017","4","N",10,0,0,0,0,0,0,0,"N",14.87,0,0,0,0,0,0,0,"N",1,11.1,0,0,0,0,0,0,0,0,0,0,0,0,0,0
"72083","3","10","71","0","2017","4","N",1,0,0,0,0,0,0,0,"N",0.61,0,0,0,0,0,0,0,"N",0,0.0,0,0,0,0,0,0,0,0,0,0,0,0,0,0
"72083","5","10","71","0","2017","4","",84,462,480,547,1518351,400755,14490,235,"",0.90,0.46,0.54,0.56,0.39,1.03,1.01,0.75,"",-13,-13.4,-223,-32.6,-203,-29.7,-245,-30.9,-917422,-37.7,-16908,-4.0,-1864,-11.4,-25,-9.6
"72085","0","10","70","0","2017","4","",273,6078,6989,7196,49461653,3418049,152927,563,"",1.00,1.00,1.00,1.00,1.00,1.00,1.00,1.00,"",-7,-2.5,-812,-11.8,66,1.0,-191,-2.6,-7406194,-13.0,-993067,-22.5,-53801,-26.0,-56,-9.0
"72085","1","10","71","0","2017","4","",1,11,10,11,177933,0,0,1283,"",0.61,0.09,0.07,0.08,0.13,0.00,0.00,1.59,"",0,0.0,0,0.0,-1,-9.1,0,0.0,14250,8.7,0,0.0,0,0.0,138,12.1
"72085","2","10","71","0","2017","4","N",10,0,0,0,0,0,0,0,"N",5.23,0,0,0,0,0,0,0,"N",-1,-9.1,0,0,0,0,0,0,0,0,0,0,0,0,0,0
"72085","3","10","71","0","2017","4","N",1,0,0,0,0,0,0,0,"N",0.22,0,0,0,0,0,0,0,"N",0,0.0,0,0,0,0,0,0,0,0,0,0,0,0,0,0
"72085","5","10","71","0","2017","4","",261,5009,5837,6081,43164435,3418049,152927,588,"",0.99,0.97,0.98,0.99,1.02,1.03,1.01,1.04,"",-6,-2.2,-766,-13.3,31,0.5,-198,-3.2,-7248691,-14.4,-993067,-22.5,-53801,-26.0,-63,-9.7
"72087","0","10","70","0","2017","4","",94,1717,3414,4773,52454204,22092522,968495,1222,"",1.00,1.00,1.00,1.00,1.00,1.00,1.00,1.00,"",3,3.3,111,6.9,1849,118.1,3186,200.8,44406340,551.8,21584267,4246.7,949137,4903.1,832,213.3
"72087","1","10","71","0","2017","4","",1,4,5,6,86720,0,0,1334,"",1.77,0.12,0.08,0.07,0.06,0.00,0.00,0.76,"",0,0.0,0,0.0,1,25.0,2,50.0,21964,33.9,0,0.0,0,0.0,89,7.1
"72087","2","10","71","0","2017","4","N",9,0,0,0,0,0,0,0,"N",13.66,0,0,0,0,0,0,0,"N",-1,-10.0,0,0,0,0,0,0,0,0,0,0,0,0,0,0
"72087","3","10","71","0","2017","4","N",1,0,0,0,0,0,0,0,"N",0.63,0,0,0,0,0,0,0,"N",0,0.0,0,0,0,0,0,0,0,0,0,0,0,0,0,0
"72087","5","10","71","0","2017","4","",83,850,2548,3906,47463125,22092522,968495,1500,"",0.91,0.58,0.88,0.96,1.06,1.03,1.01,1.22,"",4,5.1,51,6.4,1793,237.5,3132,404.7,44102893,1312.5,21584267,4246.7,949137,4903.1,1167,350.5
"72089","0","10","70","0","2017","4","",134,1697,1720,1784,9565930,516155,17104,424,"",1.00,1.00,1.00,1.00,1.00,1.00,1.00,1.00,"",1,0.8,-295,-14.8,-277,-13.9,-259,-12.7,-1697383,-15.1,-315722,-38.0,-12035,-41.3,-7,-1.6
"72089","1","10","71","0","2017","4","",1,7,9,9,157233,0,0,1451,"",1.24,0.21,0.27,0.26,0.60,0.00,0.00,2.39,"",0,0.0,-1,-12.5,-1,-10.0,0,0.0,1203,0.8,0,0.0,0,0.0,117,8.8
"72089","2","10","71","0","2017","4","N",13,0,0,0,0,0,0,0,"N",13.85,0,0,0,0,0,0,0,"N",1,8.3,0,0,0,0,0,0,0,0,0,0,0,0,0,0
"72089","3","10","71","0","2017","4","N",1,0,0,0,0,0,0,0,"N",0.44,0,0,0,0,0,0,0,"N",0,0.0,0,0,0,0,0,0,0,0,0,0,0,0,0,0
"72089","5","10","71","0","2017","4","",119,1105,1131,1197,5859485,516155,17104,394,"",0.92,0.77,0.77,0.79,0.72,1.03,1.01,0.92,"",0,0.0,-211,-16.0,-195,-14.7,-178,-12.9,-964614,-14.1,-315722,-38.0,-12035,-41.3,2,0.5
"72091","0","10","70","0","2017","4","",593,12365,13154,13917,98798619,4392748,159441,578,"",1.00,1.00,1.00,1.00,1.00,1.00,1.00,1.00,"",-18,-2.9,-1357,-9.9,-599,-4.4,-401,-2.8,-5755278,-5.5,-2126158,-32.6,-85440,-34.9,1,0.2
"72091","1","10","71","0","2017","4","",3,52,55,55,740465,0,0,1055,"",0.84,0.22,0.22,0.21,0.27,0.00,0.00,1.28,"",0,0.0,7,15.6,13,31.0,12,27.9,61811,9.1,0,0.0,0,0.0,-150,-12.4
"72091","2","10","71","0","2017","4","N",20,0,0,0,0,0,0,0,"N",4.81,0,0,0,0,0,0,0,"N",0,0.0,0,0,0,0,0,0,0,0,0,0,0,0,0,0
"72091","3","10","71","0","2017","4","N",1,0,0,0,0,0,0,0,"N",0.10,0,0,0,0,0,0,0,"N",0,0.0,0,0,0,0,0,0,0,0,0,0,0,0,0,0
"72091","5","10","71","0","2017","4","",569,10098,10916,11556,82935166,4392748,159441,588,"",0.99,0.96,0.98,0.98,0.98,1.03,1.01,1.01,"",-18,-3.1,-1277,-11.2,-483,-4.2,-299,-2.5,-5076476,-5.8,-2126158,-32.6,-85440,-34.9,1,0.2
"72093","0","10","70","0","2017","4","",72,1168,1192,1199,7067078,286882,11322,458,"",1.00,1.00,1.00,1.00,1.00,1.00,1.00,1.00,"",6,9.1,-155,-11.7,-125,-9.5,-25,-2.0,-601702,-7.8,-5521,-1.9,-209,-1.8,0,0.0
"72093","1","10","71","0","2017","4","",1,3,4,3,60907,0,0,1406,"",2.32,0.13,0.18,0.13,0.31,0.00,0.00,2.15,"",0,0.0,-1,-25.0,0,0.0,-1,-25.0,-7704,-11.2,0,0.0,0,0.0,87,6.6
"72093","2","10","71","0","2017","4","N",9,0,0,0,0,0,0,0,"N",17.84,0,0,0,0,0,0,0,"N",0,0.0,0,0,0,0,0,0,0,0,0,0,0,0,0,0
"72093","3","10","71","0","2017","4","N",1,0,0,0,0,0,0,0,"N",0.82,0,0,0,0,0,0,0,"N",0,0.0,0,0,0,0,0,0,0,0,0,0,0,0,0,0
"72093","5","10","71","0","2017","4","",61,794,788,806,4871312,286882,11322,471,"",0.87,0.80,0.78,0.79,0.81,1.03,1.01,1.02,"",6,10.9,10,1.3,9,1.2,19,2.4,-337387,-6.5,-5521,-1.9,-209,-1.8,-40,-7.8
"72095","0","10","70","0","2017","4","",66,1208,1211,1219,9325087,127636,4575,592,"",1.00,1.00,1.00,1.00,1.00,1.00,1.00,1.00,"",-3,-4.3,-104,-7.9,-83,-6.4,-99,-7.5,-185778,-2.0,-24857,-16.3,-1254,-21.5,33,5.9
"72095","1","10","71","0","2017","4","",2,419,440,439,5522879,0,0,982,"",5.05,18.02,18.99,18.69,21.55,0.00,0.00,1.16,"",0,0.0,-9,-2.1,11,2.6,12,2.8,76077,1.4,0,0.0,0,0.0,3,0.3
"72095","2","10","71","0","2017","4","N",9,0,0,0,0,0,0,0,"N",19.46,0,0,0,0,0,0,0,"N",0,0.0,0,0,0,0,0,0,0,0,0,0,0,0,0,0
"72095","3","10","71","0","2017","4","N",2,0,0,0,0,0,0,0,"N",1.78,0,0,0,0,0,0,0,"N",0,0.0,0,0,0,0,0,0,0,0,0,0,0,0,0,0
"72095","5","10","71","0","2017","4","",53,227,214,221,1034193,127636,4575,361,"",0.83,0.22,0.21,0.21,0.13,1.03,1.01,0.61,"",-3,-5.4,-7,-3.0,-12,-5.3,-13,-5.6,-37387,-3.5,2783,2.2,-38,-0.8,5,1.4
"72097","0","10","70","0","2017","4","",1495,27809,28707,29548,188029093,9876127,334647,504,"",1.00,1.00,1.00,1.00,1.00,1.00,1.00,1.00,"",-36,-2.4,-3121,-10.1,-2717,-8.6,-2638,-8.2,-10732703,-5.4,-2123878,-17.7,-89669,-21.1,19,3.9
"72097","1","10","71","0","2017","4","",10,297,302,307,6543637,0,0,1667,"",1.12,0.55,0.55,0.54,1.27,0.00,0.00,2.31,"",-1,-9.1,-20,-6.3,-16,-5.0,-6,-1.9,15594,0.2,0,0.0,0,0.0,78,4.9
"72097","2","10","71","0","2017","4","N",49,0,0,0,0,0,0,0,"N",4.68,0,0,0,0,0,0,0,"N",1,2.1,0,0,0,0,0,0,0,0,0,0,0,0,0,0
"72097","3","10","71","0","2017","4","N",3,0,0,0,0,0,0,0,"N",0.12,0,0,0,0,0,0,0,"N",1,50.0,0,0,0,0,0,0,0,0,0,0,0,0,0,0
"72097","5","10","71","0","2017","4","",1433,20228,21116,21966,115391886,9872690,334537,421,"",0.99,0.86,0.87,0.87,0.72,1.03,1.01,0.83,"",-37,-2.5,-2446,-10.8,-2084,-9.0,-1963,-8.2,-9019370,-7.2,-2049078,-17.2,-86345,-20.5,10,2.4
"72099","0","10","70","0","2017","4","",366,4077,4110,4327,19410506,1835152,68851,358,"",1.00,1.00,1.00,1.00,1.00,1.00,1.00,1.00,"",-3,-0.8,-208,-4.9,-262,-6.0,-136,-3.0,-2296066,-10.6,-1118085,-37.9,-65325,-48.7,-24,-6.3
"72099","1","10","71","0","2017","4","",1,10,10,12,180548,0,0,1302,"",0.46,0.13,0.13,0.14,0.34,0.00,0.00,2.54,"",0,0.0,4,66.7,4,66.7,6,100.0,39424,27.9,0,0.0,0,0.0,-507,-28.0
"72099","2","10","71","0","2017","4","N",12,0,0,0,0,0,0,0,"N",4.68,0,0,0,0,0,0,0,"N",0,0.0,0,0,0,0,0,0,0,0,0,0,0,0,0,0
"72099","3","10","71","0","2017","4","N",1,0,0,0,0,0,0,0,"N",0.16,0,0,0,0,0,0,0,"N",0,0.0,0,0,0,0,0,0,0,0,0,0,0,0,0,0
"72099","5","10","71","0","2017","4","",352,3108,3149,3363,13600076,1835152,68851,326,"",0.99,0.90,0.90,0.91,0.82,1.03,1.01,0.91,"",-3,-0.8,-103,-3.2,-152,-4.6,-26,-0.8,-1631988,-10.7,-1118085,-37.9,-65325,-48.7,-29,-8.2
"72101","0","10","70","0","2017","4","",176,2133,2117,2235,11478660,656580,21715,408,"",1.00,1.00,1.00,1.00,1.00,1.00,1.00,1.00,"",-3,-1.7,-207,-8.8,-226,-9.6,-180,-7.5,-1179584,-9.3,-320739,-32.8,-12161,-35.9,-4,-1.0
"72101","1","10","71","0","2017","4","",1,8,9,10,148488,0,0,1269,"",0.95,0.19,0.22,0.23,0.47,0.00,0.00,2.17,"",0,0.0,-1,-11.1,1,12.5,2,25.0,-1326,-0.9,0,0.0,0,0.0,-114,-8.2
"72101","2","10","71","0","2017","4","N",9,0,0,0,0,0,0,0,"N",7.30,0,0,0,0,0,0,0,"N",0,0.0,0,0,0,0,0,0,0,0,0,0,0,0,0,0
"72101","3","10","71","0","2017","4","N",1,0,0,0,0,0,0,0,"N",0.33,0,0,0,0,0,0,0,"N",0,0.0,0,0,0,0,0,0,0,0,0,0,0,0,0,0
"72101","5","10","71","0","2017","4","",165,1298,1288,1408,5774796,656580,21715,334,"",0.97,0.72,0.72,0.74,0.59,1.03,1.01,0.81,"",-3,-1.8,-166,-11.3,-183,-12.4,-131,-8.5,-761913,-11.7,-320739,-32.8,-12161,-35.9,-3,-0.9
"72103","0","10","70","0","2017","4","",154,1955,1980,2119,10304826,705088,26083,393,"",1.00,1.00,1.00,1.00,1.00,1.00,1.00,1.00,"",1,0.7,-144,-6.9,-95,-4.6,-38,-1.8,-1807880,-14.9,-258601,-26.8,-11985,-31.5,-49,-11.1
"72103","1","10","71","0","2017","4","",2,10,10,10,190005,0,0,1462,"",2.17,0.27,0.26,0.24,0.67,0.00,0.00,2.60,"",0,0.0,1,11.1,-1,-9.1,-1,-9.1,289,0.2,0,0.0,0,0.0,50,3.5
"72103","2","10","71","0","2017","4","N",11,0,0,0,0,0,0,0,"N",10.19,0,0,0,0,0,0,0,"N",-2,-15.4,0,0,0,0,0,0,0,0,0,0,0,0,0,0
"72103","3","10","71","0","2017","4","N",2,0,0,0,0,0,0,0,"N",0.76,0,0,0,0,0,0,0,"N",0,0.0,0,0,0,0,0,0,0,0,0,0,0,0,0,0
"72103","5","10","71","0","2017","4","",139,1356,1386,1529,6229758,701139,25870,337,"",0.93,0.82,0.82,0.85,0.71,1.03,1.00,0.85,"",3,2.2,-82,-5.7,-26,-1.8,37,2.5,-1342257,-17.7,-253030,-26.5,-11684,-31.1,-65,-16.2
"72105","0","10","70","0","2017","4","",300,2862,2917,3112,16312474,1226332,47553,423,"",1.00,1.00,1.00,1.00,1.00,1.00,1.00,1.00,"",8,2.7,-82,-2.8,-74,-2.5,61,2.0,-594102,-3.5,39671,3.3,3806,8.7,-11,-2.5
"72105","1","10","71","0","2017","4","",1,4,6,7,105059,0,0,1426,"",0.56,0.07,0.11,0.12,0.23,0.00,0.00,2.36,"",0,0.0,0,0.0,1,20.0,2,40.0,19046,22.1,0,0.0,0,0.0,8,0.6
"72105","2","10","71","0","2017","4","N",10,0,0,0,0,0,0,0,"N",4.76,0,0,0,0,0,0,0,"N",-1,-9.1,0,0,0,0,0,0,0,0,0,0,0,0,0,0
"72105","3","10","71","0","2017","4","N",2,0,0,0,0,0,0,0,"N",0.39,0,0,0,0,0,0,0,"N",0,0.0,0,0,0,0,0,0,0,0,0,0,0,0,0,0
"72105","5","10","71","0","2017","4","",287,1834,1892,2085,9889246,1212176,47242,393,"",0.99,0.75,0.76,0.79,0.71,1.02,1.00,0.92,"",9,3.2,-25,-1.3,-12,-0.6,125,6.4,-197025,-2.0,35597,3.0,3736,8.6,-14,-3.4
"72107","0","10","70","0","2017","4","",204,2482,2583,2649,13009073,1051121,41913,389,"",1.00,1.00,1.00,1.00,1.00,1.00,1.00,1.00,"",2,1.0,-558,-18.4,-523,-16.8,-400,-13.1,-2086279,-13.8,-381122,-26.6,-21539,-33.9,10,2.6
"72107","1","10","71","0","2017","4","",1,7,8,7,121397,0,0,1273,"",0.82,0.15,0.16,0.14,0.34,0.00,0.00,2.29,"",0,0.0,0,0.0,2,33.3,-1,-12.5,4130,3.5,0,0.0,0,0.0,-16,-1.2
"72107","2","10","71","0","2017","4","N",11,0,0,0,0,0,0,0,"N",7.70,0,0,0,0,0,0,0,"N",-1,-8.3,0,0,0,0,0,0,0,0,0,0,0,0,0,0
"72107","3","10","71","0","2017","4","N",2,0,0,0,0,0,0,0,"N",0.58,0,0,0,0,0,0,0,"N",0,0.0,0,0,0,0,0,0,0,0,0,0,0,0,0,0
"72107","5","10","71","0","2017","4","",190,1323,1400,1498,5997232,1051121,41913,328,"",0.96,0.63,0.64,0.67,0.54,1.03,1.01,0.84,"",3,1.6,-401,-23.3,-388,-21.7,-216,-12.6,-1325556,-18.1,-381122,-26.6,-21539,-33.9,5,1.5
"72109","0","10","70","0","2017","4","",115,1407,1441,1484,8577727,307464,10508,457,"",1.00,1.00,1.00,1.00,1.00,1.00,1.00,1.00,"",-5,-4.2,-110,-7.3,-96,-6.2,-82,-5.2,-347099,-3.9,-59512,-16.2,-2934,-21.8,11,2.5
"72109","1","10","71","0","2017","4","",1,6,8,9,116456,0,0,1168,"",1.45,0.22,0.29,0.31,0.49,0.00,0.00,1.79,"",0,0.0,0,0.0,2,33.3,4,80.0,13190,12.8,0,0.0,0,0.0,-234,-16.7
"72109","2","10","71","0","2017","4","N",10,0,0,0,0,0,0,0,"N",12.41,0,0,0,0,0,0,0,"N",-2,-16.7,0,0,0,0,0,0,0,0,0,0,0,0,0,0
"72109","3","10","71","0","2017","4","N",1,0,0,0,0,0,0,0,"N",0.51,0,0,0,0,0,0,0,"N",0,0.0,0,0,0,0,0,0,0,0,0,0,0,0,0,0
"72109","5","10","71","0","2017","4","",103,674,709,750,4458828,307464,10508,482,"",0.92,0.56,0.58,0.59,0.61,1.03,1.01,1.05,"",-3,-2.8,-60,-8.2,-46,-6.1,-27,-3.5,66995,1.5,-59512,-16.2,-2934,-21.8,35,7.8
"72111","0","10","70","0","2017","4","",160,2461,2500,2614,15529463,1118421,41099,473,"",1.00,1.00,1.00,1.00,1.00,1.00,1.00,1.00,"",-4,-2.4,-253,-9.3,-233,-8.5,-175,-6.3,-913239,-5.6,-58352,-5.0,-1686,-3.9,12,2.6
"72111","1","10","71","0","2017","4","",1,8,11,9,134554,0,0,1109,"",1.04,0.17,0.23,0.18,0.32,0.00,0.00,1.64,"",0,0.0,-1,-11.1,2,22.2,0,0.0,-24524,-15.4,0,0.0,0,0.0,-251,-18.5
"72111","2","10","71","0","2017","4","N",11,0,0,0,0,0,0,0,"N",9.81,0,0,0,0,0,0,0,"N",-1,-8.3,0,0,0,0,0,0,0,0,0,0,0,0,0,0
"72111","3","10","71","0","2017","4","N",4,0,0,0,0,0,0,0,"N",1.47,0,0,0,0,0,0,0,"N",0,0.0,0,0,0,0,0,0,0,0,0,0,0,0,0,0
"72111","5","10","71","0","2017","4","",144,1356,1400,1511,9190974,1018781,38120,497,"",0.93,0.65,0.66,0.68,0.69,0.94,0.93,1.05,"",-3,-2.0,-81,-5.6,-60,-4.1,-5,-0.3,197913,2.2,85709,9.2,2855,8.1,27,5.7
"72113","0","10","70","0","2017","4","",2167,43326,44490,46269,290556046,15125808,515176,500,"",1.00,1.00,1.00,1.00,1.00,1.00,1.00,1.00,"",0,0.0,-4745,-9.9,-4119,-8.5,-3305,-6.7,-13681568,-4.5,-3648514,-19.4,-161229,-23.8,20,4.2
"72113","1","10","71","0","2017","4","",14,405,406,410,8683088,0,0,1641,"",1.08,0.49,0.48,0.46,1.09,0.00,0.00,2.29,"",0,0.0,-17,-4.0,-17,-4.0,-17,-4.0,-122755,-1.4,0,0.0,0,0.0,43,2.7
"72113","2","10","71","0","2017","4","N",47,0,0,0,0,0,0,0,"N",3.10,0,0,0,0,0,0,0,"N",0,0.0,0,0,0,0,0,0,0,0,0,0,0,0,0,0
"72113","3","10","71","0","2017","4","N",3,0,0,0,0,0,0,0,"N",0.08,0,0,0,0,0,0,0,"N",0,0.0,0,0,0,0,0,0,0,0,0,0,0,0,0,0
"72113","5","10","71","0","2017","4","",2103,32128,33262,35105,200232615,15120148,515052,460,"",1.00,0.87,0.88,0.89,0.81,1.03,1.01,0.92,"",0,0.0,-4099,-11.3,-3507,-9.5,-2547,-6.8,-10550237,-5.0,-3637822,-19.4,-160960,-23.8,20,4.5
"72115","0","10","70","0","2017","4","",213,2028,2080,2183,10823632,856818,30902,397,"",1.00,1.00,1.00,1.00,1.00,1.00,1.00,1.00,"",1,0.5,-55,-2.6,-2,-0.1,48,2.2,-526509,-4.6,104323,13.9,4962,19.1,-19,-4.6
"72115","1","10","71","0","2017","4","",1,8,9,8,156546,0,0,1445,"",0.78,0.20,0.23,0.19,0.53,0.00,0.00,2.55,"",0,0.0,1,14.3,0,0.0,-1,-11.1,-12323,-7.3,0,0.0,0,0.0,-114,-7.3
"72115","2","10","71","0","2017","4","N",14,0,0,0,0,0,0,0,"N",9.38,0,0,0,0,0,0,0,"N",0,0.0,0,0,0,0,0,0,0,0,0,0,0,0,0,0
"72115","3","10","71","0","2017","4","N",1,0,0,0,0,0,0,0,"N",0.28,0,0,0,0,0,0,0,"N",0,0.0,0,0,0,0,0,0,0,0,0,0,0,0,0,0
"72115","5","10","71","0","2017","4","",197,1098,1158,1261,4346592,856768,30901,285,"",0.95,0.64,0.66,0.68,0.47,1.03,1.01,0.71,"",1,0.5,-3,-0.3,61,5.6,108,9.4,-119967,-2.7,104307,13.9,4962,19.1,-23,-7.5
"72117","0","10","70","0","2017","4","",165,1551,1595,1760,8013530,521247,18176,377,"",1.00,1.00,1.00,1.00,1.00,1.00,1.00,1.00,"",-2,-1.2,-272,-14.9,-265,-14.2,-105,-5.6,-1085151,-11.9,-172861,-24.9,-7866,-30.2,-1,-0.3
"72117","1","10","71","0","2017","4","",1,8,9,9,133908,0,0,1189,"",1.01,0.27,0.29,0.27,0.61,0.00,0.00,2.21,"",0,0.0,-1,-11.1,0,0.0,1,12.5,-23947,-15.2,0,0.0,0,0.0,-212,-15.1
"72117","2","10","71","0","2017","4","N",9,0,0,0,0,0,0,0,"N",7.78,0,0,0,0,0,0,0,"N",0,0.0,0,0,0,0,0,0,0,0,0,0,0,0,0,0
"72117","3","10","71","0","2017","4","N",2,0,0,0,0,0,0,0,"N",0.71,0,0,0,0,0,0,0,"N",0,0.0,0,0,0,0,0,0,0,0,0,0,0,0,0,0
"72117","5","10","71","0","2017","4","",153,914,950,1126,3995455,456141,15312,308,"",0.96,0.69,0.70,0.75,0.58,0.90,0.85,0.81,"",-2,-1.3,-247,-21.3,-246,-20.6,-76,-6.3,-995951,-20.0,-217312,-32.3,-9822,-39.1,-16,-4.9
"72119","0","10","70","0","2017","4","",309,5201,4888,4942,30575987,1742062,59092,469,"",1.00,1.00,1.00,1.00,1.00,1.00,1.00,1.00,"",-2,-0.6,-685,-11.6,-973,-16.6,-1055,-17.6,-4697519,-13.3,-555544,-24.2,-23471,-28.4,10,2.2
"72119","1","10","71","0","2017","4","",2,16,21,21,308576,0,0,1228,"",1.08,0.16,0.22,0.22,0.37,0.00,0.00,1.83,"",0,0.0,0,0.0,2,10.5,4,23.5,-17348,-5.3,0,0.0,0,0.0,-218,-15.1
"72119","2","10","71","0","2017","4","N",14,0,0,0,0,0,0,0,"N",6.47,0,0,0,0,0,0,0,"N",0,0.0,0,0,0,0,0,0,0,0,0,0,0,0,0,0
"72119","3","10","71","0","2017","4","N",2,0,0,0,0,0,0,0,"N",0.38,0,0,0,0,0,0,0,"N",0,0.0,0,0,0,0,0,0,0,0,0,0,0,0,0,0
"72119","5","10","71","0","2017","4","",291,3868,3546,3610,21514598,1741592,59068,450,"",0.97,0.88,0.85,0.86,0.82,1.03,1.01,0.95,"",-2,-0.7,-557,-12.6,-858,-19.5,-919,-20.3,-3527882,-14.1,-553197,-24.1,-23343,-28.3,17,3.9
"72121","0","10","70","0","2017","4","",187,2748,2785,2864,13743135,973305,38206,378,"",1.00,1.00,1.00,1.00,1.00,1.00,1.00,1.00,"",0,0.0,-401,-12.7,-357,-11.4,-323,-10.1,-1812707,-11.7,-281252,-22.4,-10602,-21.7,-1,-0.3
"72121","1","10","71","0","2017","4","",1,10,12,11,173025,0,0,1210,"",0.89,0.19,0.23,0.20,0.46,0.00,0.00,2.24,"",0,0.0,1,11.1,2,20.0,0,0.0,1527,0.9,0,0.0,0,0.0,-109,-8.3
"72121","2","10","71","0","2017","4","N",11,0,0,0,0,0,0,0,"N",8.40,0,0,0,0,0,0,0,"N",-1,-8.3,0,0,0,0,0,0,0,0,0,0,0,0,0,0
"72121","3","10","71","0","2017","4","N",3,0,0,0,0,0,0,0,"N",0.94,0,0,0,0,0,0,0,"N",0,0.0,0,0,0,0,0,0,0,0,0,0,0,0,0,0
"72121","5","10","71","0","2017","4","",172,1708,1760,1840,8135676,949052,36896,354,"",0.95,0.73,0.74,0.76,0.69,1.01,0.97,0.93,"",1,0.6,-257,-13.1,-221,-11.2,-220,-10.7,-861577,-9.6,-263414,-21.7,-9640,-20.7,8,2.3
"72123","0","10","70","0","2017","4","",184,3258,3408,3597,22263933,883198,33090,501,"",1.00,1.00,1.00,1.00,1.00,1.00,1.00,1.00,"",-12,-6.1,-125,-3.7,15,0.4,118,3.4,-637155,-2.8,-30785,-3.4,-1579,-4.6,-14,-2.7
"72123","1","10","71","0","2017","4","",3,142,144,145,1653497,0,0,885,"",2.72,2.26,2.21,2.09,2.70,0.00,0.00,1.24,"",0,0.0,-4,-2.7,-11,-7.1,-3,-2.0,-76502,-4.4,0,0.0,0,0.0,-4,-0.4
"72123","2","10","71","0","2017","4","N",15,0,0,0,0,0,0,0,"N",11.63,0,0,0,0,0,0,0,"N",0,0.0,0,0,0,0,0,0,0,0,0,0,0,0,0,0
"72123","3","10","71","0","2017","4","N",1,0,0,0,0,0,0,0,"N",0.32,0,0,0,0,0,0,0,"N",0,0.0,0,0,0,0,0,0,0,0,0,0,0,0,0,0
"72123","5","10","71","0","2017","4","",165,1795,1930,2149,9989309,883198,33090,392,"",0.92,0.65,0.67,0.70,0.53,1.03,1.01,0.78,"",-12,-6.8,-168,-8.6,-37,-1.9,104,5.1,84367,0.9,-30785,-3.4,-1579,-4.6,9,2.3
"72125","0","10","70","0","2017","4","",375,8003,8832,8643,50271284,3444317,145407,455,"",1.00,1.00,1.00,1.00,1.00,1.00,1.00,1.00,"",-20,-5.1,-1217,-13.2,-456,-4.9,-652,-7.0,-7129854,-12.4,-1554474,-31.1,-76003,-34.3,-21,-4.4
"72125","1","10","71","0","2017","4","",2,15,17,17,270048,0,0,1272,"",0.89,0.10,0.10,0.10,0.20,0.00,0.00,1.95,"",0,0.0,2,15.4,4,30.8,4,30.8,24275,9.9,0,0.0,0,0.0,-182,-12.5
"72125","2","10","71","0","2017","4","",15,809,811,808,7348454,0,0,698,"",5.71,3.15,2.87,2.93,4.48,0.00,0.00,1.50,"",-1,-6.2,-66,-7.5,-67,-7.6,-68,-7.8,-300940,-3.9,0,0.0,0,0.0,27,4.0
"72125","3","10","71","0","2017","4","",3,647,647,680,2944908,129642,5704,344,"",0.47,0.82,0.74,0.79,0.68,1.90,7.45,0.87,"",0,0.0,-52,-7.4,-53,-7.6,-21,-3.0,-302049,-9.3,70143,117.9,3103,119.3,-13,-3.6
"72125","5","10","71","0","2017","4","",355,6532,7357,7138,39707874,3314675,139703,436,"",0.98,0.96,0.98,0.97,0.93,0.99,0.97,0.95,"",-19,-5.1,-1101,-14.4,-340,-4.4,-567,-7.4,-6551140,-14.2,-1624617,-32.9,-79106,-36.2,-27,-5.8
"72127","0","10","70","0","2017","4","",10539,237144,245229,254992,2171562516,124881844,4219072,680,"",1.00,1.00,1.00,1.00,1.00,1.00,1.00,1.00,"",-155,-1.4,-12477,-5.0,-4436,-1.8,-451,-0.2,-30891595,-1.4,19697489,18.7,546915,14.9,7,1.0
"72127","1","10","71","0","2017","4","",68,8212,9342,9744,173860620,0,0,1470,"",1.08,1.80,1.99,1.98,2.91,0.00,0.00,1.51,"",-2,-2.9,0,0.0,940,11.2,1278,15.1,15021351,9.5,0,0.0,0,0.0,8,0.5
"72127","2","10","71","0","2017","4","N",187,0,0,0,0,0,0,0,"N",2.53,0,0,0,0,0,0,0,"N",-2,-1.1,0,0,0,0,0,0,0,0,0,0,0,0,0,0
"72127","3","10","71","0","2017","4","N",3,0,0,0,0,0,0,0,"N",0.02,0,0,0,0,0,0,0,"N",0,0.0,0,0,0,0,0,0,0,0,0,0,0,0,0,0
"72127","5","10","71","0","2017","4","",10281,173001,179356,188965,1457194345,124552679,4205763,621,"",1.01,0.86,0.86,0.87,0.79,1.03,1.00,0.91,"",-151,-1.4,-7509,-4.2,-2847,-1.6,1022,0.5,3621104,0.2,19763235,18.9,545916,14.9,12,2.0
"72129","0","10","70","0","2017","4","",253,3563,3594,3852,20664022,1610454,57769,433,"",1.00,1.00,1.00,1.00,1.00,1.00,1.00,1.00,"",-25,-9.0,-1247,-25.9,-1200,-25.0,-1141,-22.9,-12113795,-37.0,-366398,-18.5,-13193,-18.6,-85,-16.4
"72129","1","10","71","0","2017","4","",1,13,13,15,217503,0,0,1224,"",0.66,0.19,0.19,0.20,0.38,0.00,0.00,1.98,"",0,0.0,2,18.2,0,0.0,2,15.4,-22471,-9.4,0,0.0,0,0.0,-273,-18.2
"72129","2","10","71","0","2017","4","N",10,0,0,0,0,0,0,0,"N",5.64,0,0,0,0,0,0,0,"N",-2,-16.7,0,0,0,0,0,0,0,0,0,0,0,0,0,0
"72129","3","10","71","0","2017","4","N",2,0,0,0,0,0,0,0,"N",0.47,0,0,0,0,0,0,0,"N",0,0.0,0,0,0,0,0,0,0,0,0,0,0,0,0,0
"72129","5","10","71","0","2017","4","",240,2642,2623,2814,14288617,1604722,57517,408,"",0.98,0.87,0.86,0.86,0.81,1.03,1.00,0.94,"",-23,-8.7,-961,-26.7,-969,-27.0,-964,-25.5,-11259961,-44.1,-356819,-18.2,-12772,-18.2,-129,-24.0
"72131","0","10","70","0","2017","4","",539,4687,4870,5058,23513250,2805807,97101,371,"",1.00,1.00,1.00,1.00,1.00,1.00,1.00,1.00,"",-2,-0.4,-560,-10.7,-412,-7.8,-369,-6.8,-2081890,-8.1,-92978,-3.2,-14927,-13.3,1,0.3
"72131","1","10","71","0","2017","4","",1,12,14,15,257948,0,0,1452,"",0.31,0.13,0.15,0.15,0.40,0.00,0.00,2.74,"",0,0.0,-3,-20.0,0,0.0,1,7.1,2568,1.0,0,0.0,0,0.0,81,5.9
"72131","2","10","71","0","2017","4","",12,1016,1002,1007,8247266,0,0,629,"",3.18,6.75,6.42,6.24,10.74,0.00,0.00,1.66,"N",-2,-14.3,0,0,0,0,0,0,0,0,0,0,0,0,0,0
"72131","3","10","71","0","2017","4","",4,518,518,518,2524789,523192,17471,375,"",0.44,1.12,1.07,1.03,1.25,9.42,34.19,1.17,"N",1,33.3,0,0,0,0,0,0,0,0,0,0,0,0,0,0
"72131","5","10","71","0","2017","4","",522,3141,3336,3518,12483247,2282615,79630,288,"",1.00,0.79,0.81,0.82,0.62,0.84,0.83,0.77,"",-1,-0.2,-467,-12.9,-304,-8.4,-267,-7.1,-1825573,-12.8,-398132,-14.9,-20731,-20.7,-11,-3.7
"72133","0","10","70","0","2017","4","",192,5256,5058,5285,30669559,1579224,58853,454,"",1.00,1.00,1.00,1.00,1.00,1.00,1.00,1.00,"",-7,-3.5,-1246,-19.2,-1565,-23.6,-1716,-24.5,-2584313,-7.8,-1573141,-49.9,-79525,-57.5,73,19.2
"72133","1","10","71","0","2017","4","",1,10,12,11,219413,0,0,1534,"",0.87,0.10,0.12,0.11,0.26,0.00,0.00,2.36,"",0,0.0,0,0.0,2,20.0,1,10.0,23905,12.2,0,0.0,0,0.0,30,2.0
"72133","2","10","71","0","2017","4","N",11,0,0,0,0,0,0,0,"N",8.18,0,0,0,0,0,0,0,"N",0,0.0,0,0,0,0,0,0,0,0,0,0,0,0,0,0
"72133","3","10","71","0","2017","4","N",1,0,0,0,0,0,0,0,"N",0.31,0,0,0,0,0,0,0,"N",0,0.0,0,0,0,0,0,0,0,0,0,0,0,0,0,0
"72133","5","10","71","0","2017","4","",179,4445,4260,4468,24670244,1579224,58853,432,"",0.96,1.00,0.99,0.99,0.94,1.03,1.01,0.95,"",-7,-3.8,-1154,-20.6,-1467,-25.6,-1626,-26.7,-2408667,-8.9,-1573141,-49.9,-79525,-57.5,73,20.3
"72135","0","10","70","0","2017","4","",327,3091,3229,3408,17818914,1638683,55765,423,"",1.00,1.00,1.00,1.00,1.00,1.00,1.00,1.00,"",-12,-3.5,-383,-11.0,-263,-7.5,-193,-5.4,-2880378,-13.9,146570,9.8,2846,5.4,-29,-6.4
"72135","1","10","71","0","2017","4","",1,30,38,34,480235,0,0,1087,"",0.51,0.50,0.61,0.52,0.98,0.00,0.00,1.80,"",0,0.0,1,3.4,7,22.6,3,9.7,-9576,-2.0,0,0.0,0,0.0,-155,-12.5
"72135","2","10","71","0","2017","4","N",10,0,0,0,0,0,0,0,"N",4.36,0,0,0,0,0,0,0,"N",-1,-9.1,0,0,0,0,0,0,0,0,0,0,0,0,0,0
"72135","3","10","71","0","2017","4","N",1,0,0,0,0,0,0,0,"N",0.18,0,0,0,0,0,0,0,"N",0,0.0,0,0,0,0,0,0,0,0,0,0,0,0,0,0
"72135","5","10","71","0","2017","4","",315,1945,2087,2277,9878889,1531486,52335,361,"",0.99,0.74,0.76,0.79,0.65,0.97,0.94,0.85,"",-11,-3.4,-197,-9.2,-66,-3.1,20,0.9,-1669300,-14.5,39373,2.6,-584,-1.1,-46,-11.3
"72137","0","10","70","0","2017","4","",686,11727,12219,12485,79479497,5107041,173396,503,"",1.00,1.00,1.00,1.00,1.00,1.00,1.00,1.00,"",-27,-3.8,-804,-6.4,-452,-3.6,-506,-3.9,-2051322,-2.5,-53641,-1.0,-1262,-0.7,10,2.0
"72137","1","10","71","0","2017","4","",4,55,56,55,1028640,0,0,1430,"",0.97,0.24,0.24,0.23,0.47,0.00,0.00,1.99,"",0,0.0,0,0.0,0,0.0,-2,-3.5,-8681,-0.8,0,0.0,0,0.0,5,0.4
"72137","2","10","71","0","2017","4","N",16,0,0,0,0,0,0,0,"N",3.33,0,0,0,0,0,0,0,"N",0,0.0,0,0,0,0,0,0,0,0,0,0,0,0,0,0
"72137","3","10","71","0","2017","4","N",2,0,0,0,0,0,0,0,"N",0.17,0,0,0,0,0,0,0,"N",0,0.0,0,0,0,0,0,0,0,0,0,0,0,0,0,0
"72137","5","10","71","0","2017","4","",664,9585,10088,10368,62977222,5107041,173396,484,"",1.00,0.96,0.97,0.98,0.93,1.03,1.01,0.96,"",-27,-3.9,-462,-4.6,-121,-1.2,-190,-1.8,-411127,-0.6,-53641,-1.0,-1262,-0.7,9,1.9
"72139","0","10","70","0","2017","4","",531,9271,9486,9739,45329389,3073488,98012,367,"",1.00,1.00,1.00,1.00,1.00,1.00,1.00,1.00,"",-9,-1.7,-1171,-11.2,-1030,-9.8,-905,-8.5,-4905796,-9.8,-483835,-13.6,-18223,-15.7,0,0.0
"72139","1","10","71","0","2017","4","",2,37,39,43,736644,0,0,1429,"",0.63,0.21,0.21,0.23,0.59,0.00,0.00,2.72,"",0,0.0,6,19.4,5,14.7,12,38.7,113693,18.3,0,0.0,0,0.0,-68,-4.5
"72139","2","10","71","0","2017","4","N",12,0,0,0,0,0,0,0,"N",3.23,0,0,0,0,0,0,0,"N",0,0.0,0,0,0,0,0,0,0,0,0,0,0,0,0,0
"72139","3","10","71","0","2017","4","N",2,0,0,0,0,0,0,0,"N",0.22,0,0,0,0,0,0,0,"N",0,0.0,0,0,0,0,0,0,0,0,0,0,0,0,0,0
"72139","5","10","71","0","2017","4","",515,7733,7941,8186,35058950,3073488,98012,339,"",1.00,0.98,0.99,0.99,0.91,1.03,1.01,0.92,"",-9,-1.7,-1059,-12.0,-902,-10.2,-782,-8.7,-4060684,-10.4,-483835,-13.6,-18223,-15.7,0,0.0
"72141","0","10","70","0","2017","4","",272,3280,3529,3707,21588385,794988,23782,474,"",1.00,1.00,1.00,1.00,1.00,1.00,1.00,1.00,"",-3,-1.1,-564,-14.7,-326,-8.5,-309,-7.7,-926811,-4.1,-242820,-23.4,-9548,-28.6,30,6.8
"72141","1","10","71","0","2017","4","",2,10,11,13,189970,0,0,1289,"",1.23,0.16,0.16,0.18,0.32,0.00,0.00,1.90,"",0,0.0,-1,-9.1,1,10.0,3,30.0,22274,13.3,0,0.0,0,0.0,41,3.3
"72141","2","10","71","0","2017","4","N",23,0,0,0,0,0,0,0,"N",12.07,0,0,0,0,0,0,0,"N",0,0.0,0,0,0,0,0,0,0,0,0,0,0,0,0,0
"72141","3","10","71","0","2017","4","N",1,0,0,0,0,0,0,0,"N",0.22,0,0,0,0,0,0,0,"N",0,0.0,0,0,0,0,0,0,0,0,0,0,0,0,0,0
"72141","5","10","71","0","2017","4","",246,1312,1360,1445,5232641,794988,23782,293,"",0.93,0.47,0.45,0.46,0.28,1.03,1.01,0.61,"",-3,-1.2,-238,-15.4,-190,-12.3,-182,-11.2,-1010240,-16.2,-242820,-23.4,-9548,-28.6,-12,-3.9
"72143","0","10","70","0","2017","4","",291,3942,4023,4277,24009352,1636901,52998,453,"",1.00,1.00,1.00,1.00,1.00,1.00,1.00,1.00,"",-4,-1.4,-503,-11.3,-479,-10.6,-339,-7.3,-2459227,-9.3,-344999,-17.4,-12025,-18.5,3,0.7
"72143","1","10","71","0","2017","4","",1,12,15,15,207788,0,0,1142,"",0.57,0.16,0.19,0.18,0.31,0.00,0.00,1.76,"",0,0.0,-2,-14.3,1,7.1,1,7.1,-16012,-7.2,0,0.0,0,0.0,-88,-7.2
"72143","2","10","71","0","2017","4","N",13,0,0,0,0,0,0,0,"N",6.38,0,0,0,0,0,0,0,"N",-1,-7.1,0,0,0,0,0,0,0,0,0,0,0,0,0,0
"72143","3","10","71","0","2017","4","N",1,0,0,0,0,0,0,0,"N",0.20,0,0,0,0,0,0,0,"N",0,0.0,0,0,0,0,0,0,0,0,0,0,0,0,0,0
"72143","5","10","71","0","2017","4","",276,2829,2939,3129,17244816,1636901,52998,447,"",0.98,0.84,0.86,0.86,0.84,1.03,1.01,0.98,"",-3,-1.1,-355,-11.1,-309,-9.5,-229,-6.8,-1307345,-7.0,-344999,-17.4,-12025,-18.5,10,2.3
"72145","0","10","70","0","2017","4","",456,7380,7487,7691,51962292,2770434,90261,532,"",1.00,1.00,1.00,1.00,1.00,1.00,1.00,1.00,"",-11,-2.4,-641,-8.0,-517,-6.5,-489,-6.0,-2957721,-5.4,73003,2.7,-2020,-2.2,8,1.5
"72145","1","10","71","0","2017","4","",2,45,46,45,655401,0,0,1112,"",0.73,0.32,0.32,0.30,0.46,0.00,0.00,1.46,"",0,0.0,2,4.7,3,7.0,2,4.7,-61147,-8.5,0,0.0,0,0.0,-170,-13.3
"72145","2","10","71","0","2017","4","N",16,0,0,0,0,0,0,0,"N",5.01,0,0,0,0,0,0,0,"N",2,14.3,0,0,0,0,0,0,0,0,0,0,0,0,0,0
"72145","3","10","71","0","2017","4","N",2,0,0,0,0,0,0,0,"N",0.26,0,0,0,0,0,0,0,"N",0,0.0,0,0,0,0,0,0,0,0,0,0,0,0,0,0
"72145","5","10","71","0","2017","4","",436,5328,5433,5640,38818751,2231065,78395,546,"",0.99,0.85,0.85,0.86,0.87,0.83,0.87,1.02,"",-13,-2.9,-415,-7.2,-285,-5.0,-251,-4.3,-1557275,-3.9,-322132,-12.6,-10425,-11.7,9,1.7
"72147","0","10","70","0","2017","4","",121,1326,1221,1278,7378354,259021,8697,445,"",1.00,1.00,1.00,1.00,1.00,1.00,1.00,1.00,"",-5,-4.0,-464,-25.9,-567,-31.7,-594,-31.7,-2859736,-27.9,-230993,-47.1,-8184,-48.5,11,2.5
"72147","1","10","71","0","2017","4","",3,10,10,11,216441,0,0,1611,"",4.13,0.39,0.43,0.45,1.07,0.00,0.00,2.53,"",0,0.0,1,11.1,1,11.1,2,22.2,32652,17.8,0,0.0,0,0.0,40,2.5
"72147","2","10","71","0","2017","4","N",14,0,0,0,0,0,0,0,"N",16.51,0,0,0,0,0,0,0,"N",-1,-6.7,0,0,0,0,0,0,0,0,0,0,0,0,0,0
"72147","3","10","71","0","2017","4","N",1,0,0,0,0,0,0,0,"N",0.49,0,0,0,0,0,0,0,"N",0,0.0,0,0,0,0,0,0,0,0,0,0,0,0,0,0
"72147","5","10","71","0","2017","4","",103,668,565,616,3098723,259021,8697,387,"",0.88,0.59,0.54,0.57,0.49,1.03,1.01,0.86,"",-4,-3.7,-343,-33.9,-448,-44.2,-475,-43.5,-2627202,-45.9,-230993,-47.1,-8184,-48.5,-37,-8.7
"72149","0","10","70","0","2017","4","",157,3285,3410,3439,23485765,926155,31306,535,"",1.00,1.00,1.00,1.00,1.00,1.00,1.00,1.00,"",17,12.1,-137,-4.0,-14,-0.4,-59,-1.7,-960794,-3.9,98847,11.9,1994,6.8,-10,-1.8
"72149","1","10","71","0","2017","4","",1,8,6,5,94518,0,0,1148,"",1.06,0.13,0.09,0.08,0.15,0.00,0.00,1.50,"",0,0.0,1,14.3,-1,-14.3,-2,-28.6,-35171,-27.1,0,0.0,0,0.0,-277,-19.4
"72149","2","10","71","0","2017","4","N",11,0,0,0,0,0,0,0,"N",10.00,0,0,0,0,0,0,0,"N",-1,-8.3,0,0,0,0,0,0,0,0,0,0,0,0,0,0
"72149","3","10","71","0","2017","4","N",1,0,0,0,0,0,0,0,"N",0.37,0,0,0,0,0,0,0,"N",0,0.0,0,0,0,0,0,0,0,0,0,0,0,0,0,0
"72149","5","10","71","0","2017","4","",144,1880,2018,2047,15529027,738414,25299,603,"",0.95,0.67,0.70,0.70,0.77,0.82,0.81,1.12,"",18,14.3,-135,-6.7,3,0.1,-34,-1.6,-553627,-3.4,-88894,-10.7,-4013,-13.7,-4,-0.7
"72151","0","10","70","0","2017","4","",216,2544,2472,2626,13514844,582891,20859,408,"",1.00,1.00,1.00,1.00,1.00,1.00,1.00,1.00,"",-12,-5.3,-482,-15.9,-550,-18.2,-496,-15.9,-2953273,-17.9,-323453,-35.7,-14915,-41.7,-6,-1.4
"72151","1","10","71","0","2017","4","",1,7,9,9,144922,0,0,1338,"",0.77,0.14,0.19,0.18,0.39,0.00,0.00,2.29,"",0,0.0,1,16.7,3,50.0,2,28.6,10022,7.4,0,0.0,0,0.0,-300,-18.3
"72151","2","10","71","0","2017","4","N",14,0,0,0,0,0,0,0,"N",9.25,0,0,0,0,0,0,0,"N",1,7.7,0,0,0,0,0,0,0,0,0,0,0,0,0,0
"72151","3","10","71","0","2017","4","N",1,0,0,0,0,0,0,0,"N",0.27,0,0,0,0,0,0,0,"N",0,0.0,0,0,0,0,0,0,0,0,0,0,0,0,0,0
"72151","5","10","71","0","2017","4","",200,1217,1163,1304,6094110,582891,20859,382,"",0.95,0.56,0.55,0.58,0.53,1.03,1.01,0.93,"",-13,-6.1,-421,-25.7,-472,-28.9,-426,-24.6,-1773524,-22.5,-323453,-35.7,-14915,-41.7,19,5.2
"72153","0","10","70","0","2017","4","",425,5603,5714,5943,31108234,1992955,61835,416,"",1.00,1.00,1.00,1.00,1.00,1.00,1.00,1.00,"",-2,-0.5,-302,-5.1,-237,-4.0,-181,-3.0,-1927406,-5.8,-589834,-22.8,-20517,-24.9,-8,-1.9
"72153","1","10","71","0","2017","4","",2,20,22,23,354177,0,0,1257,"",0.78,0.19,0.20,0.20,0.41,0.00,0.00,2.11,"",0,0.0,3,17.6,3,15.8,4,21.1,25827,7.9,0,0.0,0,0.0,-121,-8.8
"72153","2","10","71","0","2017","4","N",15,0,0,0,0,0,0,0,"N",5.04,0,0,0,0,0,0,0,"N",-1,-6.2,0,0,0,0,0,0,0,0,0,0,0,0,0,0
"72153","3","10","71","0","2017","4","N",2,0,0,0,0,0,0,0,"N",0.28,0,0,0,0,0,0,0,"N",0,0.0,0,0,0,0,0,0,0,0,0,0,0,0,0,0
"72153","5","10","71","0","2017","4","",406,3612,3735,3949,18678356,1992955,61835,382,"",0.98,0.76,0.77,0.78,0.70,1.03,1.01,0.91,"",-1,-0.2,-436,-10.8,-395,-9.6,-342,-8.0,-1727501,-8.5,-574935,-22.4,-19712,-24.2,4,1.1
"72999","0","10","70","0","2017","4","",247,1655,1703,1774,24240808,967126,35632,1090,"",1.00,1.00,1.00,1.00,1.00,1.00,1.00,1.00,"",-21,-7.8,-176,-9.6,-120,-6.6,-163,-8.4,-3450144,-12.5,-537748,-35.7,-17014,-32.3,-53,-4.6
"72999","1","10","71","0","2017","4","",26,317,328,334,7486188,0,0,1765,"",17.55,9.95,10.06,9.77,11.24,0.00,0.00,1.13,"",3,13.0,56,21.5,68,26.2,78,30.5,2258578,43.2,0,0.0,0,0.0,212,13.7
"72999","2","10","71","0","2017","4","N",2,0,0,0,0,0,0,0,"N",1.16,0,0,0,0,0,0,0,"N",0,0.0,0,0,0,0,0,0,0,0,0,0,0,0,0,0
"72999","5","10","71","0","2017","4","N",219,0,0,0,0,0,0,0,"N",0.91,0,0,0,0,0,0,0,"N",-24,-9.9,0,0,0,0,0,0,0,0,0,0,0,0,0,0
"78000","0","10","50","0","2017","4","",3407,33539,33752,34375,398327649,90922387,1510918,904,"",1.00,1.00,1.00,1.00,1.00,1.00,1.00,1.00,"",-50,-1.4,-3759,-10.1,-4360,-11.4,-4160,-10.8,19186816,5.1,11491815,14.5,248506,19.7,136,17.7
"78000","1","10","51","0","2017","4","",52,858,899,943,17870787,0,0,1527,"",2.54,1.33,1.39,1.42,1.63,0.00,0.00,1.18,"",2,4.0,1,0.1,31,3.6,81,9.4,466371,2.7,0,0.0,0,0.0,-26,-1.7
"78000","2","10","51","0","2017","4","",80,9943,9803,9748,129497576,88423,1326,1013,"",3.35,9.24,9.07,8.89,9.96,0.08,0.67,1.10,"",-14,-14.9,204,2.1,-68,-0.7,-104,-1.1,8912930,7.4,-47321,-34.9,-710,-34.9,68,7.2
"78000","5","10","51","0","2017","4","",3275,22738,23050,23684,250959286,90833964,1509592,834,"",0.99,0.80,0.80,0.81,0.74,1.03,1.01,0.92,"",-38,-1.1,-3964,-14.8,-4323,-15.8,-4137,-14.9,9807515,4.1,11539136,14.6,249216,19.8,154,22.6
"78000","8","10","96","0","2017","4","",132,10801,10702,10691,147368363,88423,1326,1056,"",1.29,2.14,2.11,2.07,2.53,0.03,0.13,1.20,"",-12,-8.3,205,1.9,-37,-0.3,-23,-0.2,9379301,6.8,-47321,-34.9,-710,-34.9,62,6.2
"78010","0","10","70","0","2017","4","",1250,14014,13824,14025,154415537,30051982,475070,851,"",1.00,1.00,1.00,1.00,1.00,1.00,1.00,1.00,"",-56,-4.3,-215,-1.5,-599,-4.2,-498,-3.4,9545683,6.6,1794215,6.3,25644,5.7,77,9.9
"78010","1","10","71","0","2017","4","",20,315,311,324,6258797,0,0,1520,"",2.67,1.17,1.18,1.20,1.47,0.00,0.00,1.25,"",1,5.3,3,1.0,-1,-0.3,9,2.9,5727,0.1,0,0.0,0,0.0,-17,-1.1
"78010","2","10","71","0","2017","4","N",38,0,0,0,0,0,0,0,"N",4.34,0,0,0,0,0,0,0,"N",-6,-13.6,0,0,0,0,0,0,0,0,0,0,0,0,0,0
"78010","5","10","71","0","2017","4","N",1192,0,0,0,0,0,0,0,"N",0.98,0,0,0,0,0,0,0,"N",-51,-4.1,0,0,0,0,0,0,0,0,0,0,0,0,0,0
"78020","0","10","70","0","2017","4","",302,1304,1312,1412,13580872,3721315,59409,778,"",1.00,1.00,1.00,1.00,1.00,1.00,1.00,1.00,"",1,0.3,-730,-35.9,-1090,-45.4,-1070,-43.1,-7580608,-35.8,-3124698,-45.6,-52953,-47.1,72,10.2
"78020","1","10","71","0","2017","4","",4,57,50,46,872792,0,0,1316,"",2.21,2.27,1.99,1.69,2.34,0.00,0.00,1.18,"",0,0.0,-2,-3.4,-11,-18.0,-13,-22.0,-86997,-9.1,0,0.0,0,0.0,79,6.4
"78020","2","10","71","0","2017","4","N",1,0,0,0,0,0,0,0,"N",0.47,0,0,0,0,0,0,0,"N",0,0.0,0,0,0,0,0,0,0,0,0,0,0,0,0,0
"78020","5","10","71","0","2017","4","N",297,0,0,0,0,0,0,0,"N",1.01,0,0,0,0,0,0,0,"N",1,0.3,0,0,0,0,0,0,0,0,0,0,0,0,0,0
"78030","0","10","70","0","2017","4","",1855,18221,18616,18938,230331240,57149090,976439,953,"",1.00,1.00,1.00,1.00,1.00,1.00,1.00,1.00,"",5,0.3,-2814,-13.4,-2671,-12.5,-2592,-12.0,17221741,8.1,12822298,28.9,275815,39.4,183,23.8
"78030","1","10","71","0","2017","4","",28,486,538,573,10739198,0,0,1552,"",2.52,1.39,1.51,1.57,1.70,0.00,0.00,1.14,"",1,3.7,0,0.0,43,8.7,85,17.4,547641,5.4,0,0.0,0,0.0,-49,-3.1
"78030","2","10","71","0","2017","4","",41,5251,5235,5175,68978335,41211,618,1016,"",3.15,8.98,8.78,8.57,9.17,0.06,0.48,1.05,"",-8,-16.3,-87,-1.6,-166,-3.1,-226,-4.2,3677195,5.6,-25287,-38.0,-380,-38.1,82,8.8
"78030","5","10","71","0","2017","4","",1786,12484,12843,13190,150613707,57107879,975821,902,"",0.99,0.81,0.81,0.82,0.77,1.03,1.01,0.94,"",12,0.7,-2727,-17.9,-2548,-16.6,-2451,-15.7,12996905,9.4,12847585,29.0,276195,39.5,215,31.3
"C1010","0","10","80","0","2017","4","",1653,21848,21835,21807,237011838,23266618,146254,835,"",1.00,1.00,1.00,1.00,1.00,1.00,1.00,1.00,"",-9,-0.5,-415,-1.9,-456,-2.0,-391,-1.8,4314108,1.9,-2787047,-10.7,-20717,-12.4,31,3.9
"C1014","0","10","80","0","2017","4","",2376,23127,22968,22870,232845928,86882839,1105064,779,"",1.00,1.00,1.00,1.00,1.00,1.00,1.00,1.00,"",-69,-2.8,763,3.4,623,2.8,628,2.8,16239117,7.5,9427636,12.2,-5255,-0.5,32,4.3
"C1018","0","10","40","0","2017","4","",4263,67033,67396,67407,714981026,55024553,1140353,817,"",1.00,1.00,1.00,1.00,1.00,1.00,1.00,1.00,"",39,0.9,1340,2.0,1339,2.0,1429,2.2,38597740,5.7,2610617,5.0,222107,24.2,28,3.5
"C1018","1","10","41","0","2017","4","",56,1244,1291,1306,17771227,0,0,1068,"",2.19,0.96,1.00,1.01,0.90,0.00,0.00,0.91,"",-2,-3.4,15,1.2,36,2.9,11,0.8,825984,4.9,0,0.0,0,0.0,33,3.2
"C1018","2","10","41","0","2017","4","",41,3259,3269,3270,36478535,0,0,859,"",1.37,1.51,1.51,1.52,1.56,0.00,0.00,1.03,"",1,2.5,-36,-1.1,-26,-0.8,-15,-0.5,773492,2.2,0,0.0,0,0.0,25,3.0
"C1018","3","10","41","0","2017","4","",101,8134,8179,8195,80405918,304532,296,757,"",1.39,1.22,1.22,1.23,1.31,0.28,0.05,1.07,"",-2,-1.9,50,0.6,25,0.3,13,0.2,805972,1.0,-33472,-9.9,-6121,-95.4,5,0.7
"C1018","5","10","41","0","2017","4","",4065,54396,54657,54636,580325346,54720021,1140057,818,"",0.98,0.96,0.95,0.95,0.95,1.03,1.01,1.00,"",42,1.0,1311,2.5,1304,2.4,1420,2.7,36192292,6.7,2644089,5.1,228228,25.0,31,3.9
"C1022","0","10","80","0","2017","4","",1129,18176,18397,18385,205666330,28535073,200453,864,"",1.00,1.00,1.00,1.00,1.00,1.00,1.00,1.00,"",11,1.0,-142,-0.8,8,0.0,-26,-0.1,8630888,4.4,-1340292,-4.5,-17968,-8.2,39,4.7
"C1026","0","10","80","0","2017","4","",214,1803,1833,1868,9032632,688970,23377,379,"",1.00,1.00,1.00,1.00,1.00,1.00,1.00,1.00,"",-7,-3.2,-90,-4.8,-64,-3.4,-62,-3.2,-1231571,-12.0,-299403,-30.3,-12200,-34.3,-35,-8.5
"C1030","0","10","80","0","2017","4","",1746,26986,26873,26711,288525914,16724699,474354,826,"",1.00,1.00,1.00,1.00,1.00,1.00,1.00,1.00,"",12,0.7,-593,-2.2,-583,-2.1,-429,-1.6,-2234506,-0.8,-1376268,-7.6,-117546,-19.9,9,1.1
"C1038","0","10","40","0","2017","4","",3631,48559,49983,51963,319333063,17878592,619592,490,"",1.00,1.00,1.00,1.00,1.00,1.00,1.00,1.00,"",-56,-1.5,-4260,-8.1,-3137,-5.9,-2275,-4.2,-21498867,-6.3,-4798364,-21.2,-227205,-26.8,-1,-0.2
"C1038","1","10","41","0","2017","4","",23,974,988,996,19401989,0,0,1514,"",1.06,1.04,1.03,0.99,2.21,0.00,0.00,2.16,"",0,0.0,50,5.4,52,5.6,54,5.7,2423504,14.3,0,0.0,0,0.0,116,8.3
"C1038","2","10","41","0","2017","4","",139,10218,10190,10173,80953833,2063,46,611,"",5.46,6.56,6.36,6.14,7.77,0.01,0.06,1.22,"",-2,-1.4,-527,-4.9,-567,-5.3,-632,-5.8,-3164891,-3.8,-20938,-91.0,-597,-92.8,10,1.7
"C1038","3","10","41","0","2017","4","",21,4168,4468,4515,19276800,638638,22627,338,"",0.34,0.87,0.90,0.88,0.70,1.80,6.94,0.80,"",1,5.0,-518,-11.1,-229,-4.9,-244,-5.1,-2654437,-12.1,254830,66.4,3958,21.2,-20,-5.6
"C1038","5","10","41","0","2017","4","",3448,33199,34337,36279,199700441,17237891,596919,444,"",0.98,0.80,0.81,0.82,0.73,1.00,0.97,0.90,"",-55,-1.6,-3265,-9.0,-2393,-6.5,-1453,-3.9,-18103043,-8.3,-5032256,-22.6,-230566,-27.9,-9,-2.0
"C1042","0","10","40","0","2017","4","",17731,325266,324947,323449,4006724389,241539163,6827967,950,"",1.00,1.00,1.00,1.00,1.00,1.00,1.00,1.00,"",171,1.0,619,0.2,94,0.0,579,0.2,77657111,2.0,7281757,3.1,1248027,22.4,18,1.9
"C1042","1","10","41","0","2017","4","",73,2110,2120,2144,37716098,0,0,1366,"",0.69,0.34,0.34,0.34,0.34,0.00,0.00,1.01,"",2,2.8,91,4.5,87,4.3,94,4.6,1792645,5.0,0,0.0,0,0.0,7,0.5
"C1042","2","10","41","0","2017","4","N",41,0,0,0,0,0,0,0,"N",0.33,0,0,0,0,0,0,0,"N",-2,-4.7,0,0,0,0,0,0,0,0,0,0,0,0,0,0
"C1042","3","10","41","0","2017","4","N",538,0,0,0,0,0,0,0,"N",1.79,0,0,0,0,0,0,0,"N",0,0.0,0,0,0,0,0,0,0,0,0,0,0,0,0,0
"C1042","5","10","41","0","2017","4","",17079,285491,285184,284232,3492909283,241247919,6822309,943,"",0.99,1.03,1.03,1.03,1.02,1.03,1.01,0.99,"",171,1.0,1013,0.4,559,0.2,871,0.3,84760047,2.5,7386858,3.2,1248302,22.4,20,2.2
"C1046","0","10","80","0","2017","4","",1147,17300,17276,17359,162244909,29523664,296760,721,"",1.00,1.00,1.00,1.00,1.00,1.00,1.00,1.00,"",-12,-1.0,-437,-2.5,-430,-2.4,-386,-2.2,3476635,2.2,-552965,-1.8,-182874,-38.1,32,4.6
"C1050","0","10","40","0","2017","4","",3335,60249,60454,60380,619838249,51911641,849993,790,"",1.00,1.00,1.00,1.00,1.00,1.00,1.00,1.00,"",-345,-9.4,-431,-0.7,-660,-1.1,-779,-1.3,2978611,0.5,-5851992,-10.1,-310263,-26.7,12,1.5
"C1050","1","10","41","0","2017","4","",46,2577,2583,2575,46440356,0,0,1386,"",2.30,2.22,2.23,2.21,2.73,0.00,0.00,1.23,"",-12,-20.7,-24,-0.9,-47,-1.8,-40,-1.5,114801,0.2,0,0.0,0,0.0,23,1.7
"C1050","2","10","41","0","2017","4","N",63,0,0,0,0,0,0,0,"N",2.70,0,0,0,0,0,0,0,"N",1,1.6,0,0,0,0,0,0,0,0,0,0,0,0,0,0
"C1050","3","10","41","0","2017","4","N",86,0,0,0,0,0,0,0,"N",1.52,0,0,0,0,0,0,0,"N",-3,-3.4,0,0,0,0,0,0,0,0,0,0,0,0,0,0
"C1050","5","10","41","0","2017","4","",3140,48338,48619,48492,488738289,51737199,847069,775,"",0.97,0.94,0.95,0.94,0.92,1.03,1.00,0.98,"",-331,-9.5,-343,-0.7,-421,-0.9,-592,-1.2,2754607,0.6,-5877651,-10.2,-310548,-26.8,11,1.4
"C1054","0","10","40","0","2017","4","",3519,46945,46753,46886,499248759,169932950,3942649,820,"",1.00,1.00,1.00,1.00,1.00,1.00,1.00,1.00,"",76,2.2,1027,2.2,842,1.8,1164,2.5,187318,0.0,16463358,10.7,409938,11.6,-17,-2.0
"C1054","1","10","41","0","2017","4","",26,307,308,318,5533948,0,0,1369,"",1.23,0.34,0.34,0.35,0.40,0.00,0.00,1.17,"",0,0.0,-11,-3.5,-13,-4.0,-2,-0.6,-55815,-1.0,0,0.0,0,0.0,24,1.8
"C1054","2","10","41","0","2017","4","",32,1393,1382,1370,11593193,0,0,645,"",1.30,0.92,0.92,0.92,0.71,0.00,0.00,0.77,"",0,0.0,-33,-2.3,-40,-2.8,-39,-2.8,3074,0.0,0,0.0,0,0.0,17,2.7
"C1054","3","10","41","0","2017","4","",115,6057,6059,6071,61722767,230641,3547,783,"",1.92,1.30,1.31,1.31,1.44,0.07,0.17,1.10,"",0,0.0,39,0.6,45,0.7,143,2.4,3545874,6.1,80028,53.1,1028,40.8,35,4.7
"C1054","5","10","41","0","2017","4","",3346,39188,39004,39127,420398851,169702309,3939102,827,"",0.98,0.98,0.98,0.98,0.99,1.03,1.01,1.00,"",76,2.3,1032,2.7,850,2.2,1062,2.8,-3305815,-0.8,16383330,10.7,408910,11.6,-28,-3.3
"C1058","0","10","40","0","2017","4","",23816,453348,453545,451482,6320332711,326003784,9658680,1074,"",1.00,1.00,1.00,1.00,1.00,1.00,1.00,1.00,"",61,0.3,4627,1.0,5827,1.3,5208,1.2,300145902,5.0,15656344,5.0,-1013571,-9.5,39,3.8
"C1058","1","10","41","0","2017","4","",191,6537,6521,6605,123103237,0,0,1445,"",1.34,0.75,0.75,0.76,0.71,0.00,0.00,0.94,"",-1,-0.5,97,1.5,46,0.7,114,1.8,3871416,3.2,0,0.0,0,0.0,27,1.9
"C1058","2","10","41","0","2017","4","",390,48562,48282,48480,896083247,2434,88,1423,"",2.34,3.34,3.32,3.37,4.34,0.00,0.01,1.30,"",12,3.2,-295,-0.6,-510,-1.0,-350,-0.7,69208067,8.4,1526,168.1,48,120.0,120,9.2
"C1058","3","10","41","0","2017","4","",453,44351,45051,44926,562970082,400145,5890,967,"",1.12,0.99,1.00,1.01,1.04,0.06,0.12,1.04,"",0,0.0,325,0.7,739,1.7,263,0.6,21084540,3.9,-26973,-6.3,-2047,-25.8,27,2.9
"C1058","5","10","41","0","2017","4","",22782,353898,353691,351471,4738176145,325601205,9652702,1032,"",0.99,0.92,0.92,0.92,0.88,1.03,1.01,0.96,"",50,0.2,4500,1.3,5552,1.6,5181,1.5,205981879,4.5,15681791,5.1,-1011572,-9.5,30,3.0
"C1062","0","10","80","0","2017","4","",1369,19512,19530,19530,175829837,35635270,313035,693,"",1.00,1.00,1.00,1.00,1.00,1.00,1.00,1.00,"",-2,-0.1,167,0.9,93,0.5,339,1.8,5448044,3.2,2773497,8.4,-169243,-35.1,15,2.2
"C1066","0","10","80","0","2017","4","",808,12014,11899,11951,125565557,30049659,286965,808,"",1.00,1.00,1.00,1.00,1.00,1.00,1.00,1.00,"",34,4.4,-191,-1.6,-243,-2.0,-115,-1.0,2612390,2.1,689214,2.3,-36403,-11.3,29,3.7
"C1070","0","10","80","0","2017","4","",2095,36496,36610,36827,338894762,27472881,379602,711,"",1.00,1.00,1.00,1.00,1.00,1.00,1.00,1.00,"",19,0.9,368,1.0,355,1.0,511,1.4,13502503,4.1,-714261,-2.5,-52437,-12.1,20,2.9
"C1074","0","10","40","0","2017","4","",22291,376905,377709,377304,4360706828,826467231,9002561,889,"",1.00,1.00,1.00,1.00,1.00,1.00,1.00,1.00,"",251,1.1,3604,1.0,3682,1.0,3329,0.9,117837489,2.8,14842927,1.8,-5317063,-37.1,16,1.8
"C1074","1","10","41","0","2017","4","",164,14359,14293,14394,284007798,0,0,1523,"",1.23,1.98,1.98,1.98,2.37,0.00,0.00,1.20,"",2,1.2,-3,0.0,-132,-0.9,-169,-1.2,2384575,0.8,0,0.0,0,0.0,24,1.6
"C1074","2","10","41","0","2017","4","",266,22792,22814,22682,329963658,8809,248,1115,"",1.70,1.88,1.89,1.89,2.32,0.00,0.02,1.23,"",0,0.0,-292,-1.3,-212,-0.9,-185,-0.8,3736652,1.1,-13638,-60.8,-475,-65.7,24,2.2
"C1074","3","10","41","0","2017","4","",457,39778,40134,40150,393844081,15956297,112513,757,"",1.21,1.07,1.07,1.08,1.05,0.98,2.37,0.98,"",-2,-0.4,-295,-0.7,-456,-1.1,-96,-0.2,3417453,0.9,28198,0.2,-97845,-46.5,12,1.6
"C1074","5","10","41","0","2017","4","",21404,299976,300468,300078,3352891291,810502125,8889800,859,"",0.99,0.94,0.94,0.94,0.90,1.01,0.99,0.96,"",251,1.2,4194,1.4,4482,1.5,3779,1.3,108298809,3.3,14828367,1.9,-5218743,-37.0,16,1.9
"C1078","0","10","40","0","2017","4","",3916,60541,60727,60820,619524526,38788787,580100,785,"",1.00,1.00,1.00,1.00,1.00,1.00,1.00,1.00,"",35,0.9,-779,-1.3,-451,-0.7,-257,-0.4,-6198490,-1.0,-149715,-0.4,-1362,-0.2,-2,-0.3
"C1078","1","10","41","0","2017","4","",50,2814,2818,2821,49946857,0,0,1364,"",2.13,2.41,2.42,2.41,2.93,0.00,0.00,1.21,"",0,0.0,-61,-2.1,-64,-2.2,-51,-1.8,502717,1.0,0,0.0,0,0.0,42,3.2
"C1078","2","10","41","0","2017","4","",57,3482,3553,3598,34986164,0,0,759,"",2.08,1.79,1.83,1.86,1.73,0.00,0.00,0.95,"",0,0.0,89,2.6,130,3.8,135,3.9,973916,2.9,0,0.0,0,0.0,-5,-0.7
"C1078","3","10","41","0","2017","4","",103,7123,7154,7076,61878969,108872,1573,669,"",1.55,1.19,1.19,1.18,1.16,0.14,0.52,0.98,"",1,1.0,75,1.1,72,1.0,102,1.5,2168354,3.6,-4410,-3.9,-355,-18.4,16,2.5
"C1078","5","10","41","0","2017","4","",3706,47122,47202,47325,472712536,38679915,578527,770,"",0.98,0.92,0.91,0.92,0.89,1.03,1.00,0.98,"",34,0.9,-882,-1.8,-589,-1.2,-443,-0.9,-9843477,-2.0,-145305,-0.4,-1007,-0.2,-6,-0.8
"C1082","0","10","80","0","2017","4","",1396,18797,18563,18427,205832280,44168918,506479,851,"",1.00,1.00,1.00,1.00,1.00,1.00,1.00,1.00,"",59,4.4,321,1.7,280,1.5,242,1.3,9921762,5.1,1333906,3.1,-49118,-8.8,28,3.4
"C1086","0","10","80","0","2017","4","",897,15570,15472,15889,184484821,18032221,688962,907,"",1.00,1.00,1.00,1.00,1.00,1.00,1.00,1.00,"",-22,-2.4,-228,-1.4,-394,-2.5,152,1.0,28819938,18.5,4126912,29.7,346540,101.2,149,19.7
"C1090","0","10","40","0","2017","4","",19553,357084,359197,359012,4692439028,359956672,15788572,1007,"",1.00,1.00,1.00,1.00,1.00,1.00,1.00,1.00,"",56,0.3,2929,0.8,4125,1.2,4098,1.2,192873099,4.3,10210693,2.9,-1465524,-8.5,31,3.2
"C1090","1","10","41","0","2017","4","",118,2291,2225,2278,41416650,0,0,1407,"",1.01,0.33,0.32,0.33,0.32,0.00,0.00,0.98,"",1,0.9,75,3.4,-8,-0.4,10,0.4,1109502,2.8,0,0.0,0,0.0,22,1.6
"C1090","2","10","41","0","2017","4","",85,2480,2496,2507,36742164,0,0,1133,"",0.62,0.22,0.22,0.22,0.24,0.00,0.00,1.10,"",0,0.0,-114,-4.4,-152,-5.7,-176,-6.6,-872577,-2.3,0,0.0,0,0.0,38,3.5
"C1090","3","10","41","0","2017","4","",523,35186,35507,35330,441542858,4025430,77196,961,"",1.57,0.99,1.00,0.99,1.09,0.56,0.93,1.10,"",-2,-0.4,211,0.6,222,0.6,107,0.3,14654257,3.4,-221551,-5.2,-2741,-3.4,27,2.9
"C1090","5","10","41","0","2017","4","",18827,317127,318969,318897,4172737356,355931242,15711376,1008,"",0.99,1.05,1.05,1.05,1.04,1.02,1.00,1.00,"",57,0.3,2757,0.9,4063,1.3,4157,1.3,177981917,4.5,10432244,3.0,-1462783,-8.5,31,3.2
"C1094","0","10","80","0","2017","4","",701,12569,12533,12486,144366981,6850487,201063,886,"",1.00,1.00,1.00,1.00,1.00,1.00,1.00,1.00,"",-23,-3.2,-535,-4.1,-414,-3.2,-478,-3.7,3573272,2.5,-433598,-6.0,-29859,-12.9,53,6.4
"C1098","0","10","80","0","2017","4","",789,11710,11607,11519,113536672,8378926,297336,752,"",1.00,1.00,1.00,1.00,1.00,1.00,1.00,1.00,"",-2,-0.3,-310,-2.6,-384,-3.2,-308,-2.6,2854621,2.6,116063,1.4,-26994,-8.3,39,5.5
"C1102","0","10","40","0","2017","4","",3353,58369,58675,58791,625640460,43075091,2130585,821,"",1.00,1.00,1.00,1.00,1.00,1.00,1.00,1.00,"",-14,-0.4,-19,0.0,305,0.5,486,0.8,25039552,4.2,2121967,5.2,-40954,-1.9,29,3.7
"C1102","1","10","41","0","2017","4","",29,1054,1055,1065,18123634,0,0,1318,"",1.44,0.94,0.94,0.94,1.05,0.00,0.00,1.12,"",1,3.6,43,4.3,45,4.5,39,3.8,700253,4.0,0,0.0,0,0.0,-2,-0.2
"C1102","2","10","41","0","2017","4","",22,2058,2072,2082,26300984,0,0,977,"",0.94,1.10,1.10,1.11,1.29,0.00,0.00,1.17,"",-1,-4.3,-88,-4.1,-114,-5.2,-106,-4.8,-1107668,-4.0,0,0.0,0,0.0,7,0.7
"C1102","3","10","41","0","2017","4","",102,4489,4455,4465,48306524,129177,6314,831,"",1.79,0.78,0.76,0.77,0.90,0.15,0.56,1.17,"",-2,-1.9,-99,-2.2,-95,-2.1,-64,-1.4,203044,0.4,-6935,-5.1,778,14.1,19,2.3
"C1102","5","10","41","0","2017","4","",3200,50768,51093,51179,532909318,42945914,2124271,804,"",0.98,1.02,1.03,1.02,1.00,1.03,1.00,0.97,"",-12,-0.4,125,0.2,469,0.9,617,1.2,25243923,5.0,2128902,5.2,-41732,-1.9,32,4.1
"C1106","0","10","80","0","2017","4","",641,9428,9451,9521,92387853,12624086,112691,751,"",1.00,1.00,1.00,1.00,1.00,1.00,1.00,1.00,"",5,0.8,-219,-2.3,-205,-2.1,-106,-1.1,1811405,2.0,-155776,-1.2,-19668,-14.9,28,3.9
"C1110","0","10","40","0","2017","4","",6755,115228,115903,115641,1381763899,90530169,1478244,920,"",1.00,1.00,1.00,1.00,1.00,1.00,1.00,1.00,"",52,0.8,-362,-0.3,-397,-0.3,-802,-0.7,49531136,3.7,-141122,-0.2,146995,11.0,37,4.2
"C1110","1","10","41","0","2017","4","",55,2185,2183,2209,42769987,0,0,1501,"",1.36,0.99,0.98,0.99,1.13,0.00,0.00,1.14,"",1,1.9,37,1.7,-8,-0.4,-12,-0.5,1600561,3.9,0,0.0,0,0.0,53,3.7
"C1110","2","10","41","0","2017","4","",67,4958,5026,4968,57834354,0,0,893,"",1.42,1.34,1.35,1.35,1.28,0.00,0.00,0.95,"",-4,-5.6,-215,-4.2,-179,-3.4,-244,-4.7,52918,0.1,0,0.0,0,0.0,38,4.4
"C1110","3","10","41","0","2017","4","",105,13182,13278,13265,141481106,285705,280,822,"",0.91,1.15,1.15,1.16,1.19,0.16,0.04,1.03,"",1,1.0,100,0.8,65,0.5,74,0.6,3572981,2.6,-13822,-4.6,-5404,-95.1,16,2.0
"C1110","5","10","41","0","2017","4","",6528,94903,95416,95199,1139678452,90244464,1477964,921,"",1.00,0.97,0.97,0.97,0.97,1.03,1.01,1.00,"",54,0.8,-284,-0.3,-275,-0.3,-620,-0.6,44304676,4.0,-127300,-0.1,152399,11.5,39,4.4
"C1114","0","10","80","0","2017","4","",717,12167,11919,11908,113220579,10109216,202333,726,"",1.00,1.00,1.00,1.00,1.00,1.00,1.00,1.00,"",-80,-10.0,20,0.2,-88,-0.7,81,0.7,6379573,6.0,-678660,-6.3,-37799,-15.7,41,6.0
"C1118","0","10","40","0","2017","4","",2615,46836,46780,46196,589412661,86984645,1044635,973,"",1.00,1.00,1.00,1.00,1.00,1.00,1.00,1.00,"",81,3.2,947,2.1,704,1.5,1157,2.6,35818113,6.5,7300449,9.2,31412,3.1,41,4.4
"C1118","1","10","41","0","2017","4","",25,922,925,932,15080441,0,0,1252,"",1.59,1.02,1.03,1.05,0.93,0.00,0.00,0.90,"",0,0.0,-25,-2.6,-14,-1.5,-17,-1.8,123771,0.8,0,0.0,0,0.0,35,2.9
"C1118","2","10","41","0","2017","4","N",29,0,0,0,0,0,0,0,"N",1.58,0,0,0,0,0,0,0,"N",2,7.4,0,0,0,0,0,0,0,0,0,0,0,0,0,0
"C1118","3","10","41","0","2017","4","N",57,0,0,0,0,0,0,0,"N",1.28,0,0,0,0,0,0,0,"N",0,0.0,0,0,0,0,0,0,0,0,0,0,0,0,0,0
"C1118","5","10","41","0","2017","4","",2504,32828,32773,32205,378046329,86984645,1044635,892,"",0.99,0.83,0.82,0.82,0.75,1.03,1.01,0.91,"",79,3.3,1062,3.3,833,2.6,1089,3.5,33746889,9.8,7300449,9.2,31412,3.1,54,6.4
"C1122","0","10","80","0","2017","4","",1241,20425,20345,20256,204586486,19993814,505234,774,"",1.00,1.00,1.00,1.00,1.00,1.00,1.00,1.00,"",7,0.6,807,4.1,607,3.1,715,3.7,11439520,5.9,1152068,6.1,-163944,-24.5,17,2.2
"C1126","0","10","40","0","2017","4","",10333,173054,170600,169972,2371377703,602461792,10097115,1065,"",1.00,1.00,1.00,1.00,1.00,1.00,1.00,1.00,"",-109,-1.0,-1514,-0.9,-1869,-1.1,-2179,-1.3,20595093,0.9,4629713,0.8,-958033,-8.7,20,1.9
"C1126","1","10","41","0","2017","4","",124,8561,8589,8608,178948819,0,0,1603,"",2.00,2.57,2.63,2.63,2.75,0.00,0.00,1.05,"",4,3.3,-172,-2.0,-157,-1.8,-160,-1.8,2620972,1.5,0,0.0,0,0.0,53,3.4
"C1126","2","10","41","0","2017","4","N",108,0,0,0,0,0,0,0,"N",1.49,0,0,0,0,0,0,0,"N",-21,-16.3,0,0,0,0,0,0,0,0,0,0,0,0,0,0
"C1126","3","10","41","0","2017","4","N",18,0,0,0,0,0,0,0,"N",0.10,0,0,0,0,0,0,0,"N",-1,-5.3,0,0,0,0,0,0,0,0,0,0,0,0,0,0
"C1126","5","10","41","0","2017","4","",10083,139688,137183,136465,1837781799,600499501,10065303,1026,"",1.01,0.95,0.95,0.94,0.91,1.03,1.00,0.96,"",-91,-0.9,-639,-0.5,-1010,-0.7,-1541,-1.1,13569630,0.7,4506043,0.8,-957425,-8.7,15,1.5
"C1138","0","10","80","0","2017","4","",492,7233,7303,7312,120287864,8814245,255462,1271,"",1.00,1.00,1.00,1.00,1.00,1.00,1.00,1.00,"",26,5.6,515,7.7,472,6.9,431,6.3,18072666,17.7,2124445,31.8,146760,135.0,116,10.0
"C1142","0","10","80","0","2017","4","",955,15689,15754,15570,146540469,15197193,304633,719,"",1.00,1.00,1.00,1.00,1.00,1.00,1.00,1.00,"",-10,-1.0,-198,-1.2,-184,-1.2,107,0.7,8431891,6.1,811533,5.6,-18716,-5.8,45,6.7
"C1146","0","10","40","0","2017","4","",8311,215701,216836,215842,3186240866,116670347,3198009,1134,"",1.00,1.00,1.00,1.00,1.00,1.00,1.00,1.00,"",230,2.8,4705,2.2,4596,2.2,4187,2.0,161788504,5.3,3621318,3.2,50417,1.6,35,3.2
"C1146","1","10","41","0","2017","4","",36,4006,3984,3995,85993993,0,0,1656,"",0.72,0.96,0.96,0.96,0.98,0.00,0.00,1.02,"",0,0.0,-23,-0.6,-44,-1.1,-103,-2.5,30181,0.0,0,0.0,0,0.0,24,1.5
"C1146","2","10","41","0","2017","4","",19,67207,67799,67332,1013705424,0,0,1156,"",0.33,9.71,9.76,9.78,9.75,0.00,0.00,1.00,"",0,0.0,2101,3.2,2267,3.5,1886,2.9,62034102,6.5,0,0.0,0,0.0,36,3.2
"C1146","3","10","41","0","2017","4","",130,12035,12044,11752,151203716,14763,184,974,"",0.92,0.56,0.56,0.55,0.55,0.01,0.01,0.99,"",-2,-1.5,247,2.1,345,2.9,195,1.7,6559461,4.5,9221,166.4,45,32.4,21,2.2
"C1146","5","10","41","0","2017","4","",8126,132453,133009,132763,1935337733,116655584,3197825,1122,"",1.01,0.72,0.72,0.72,0.71,1.03,1.01,0.98,"",232,2.9,2380,1.8,2028,1.5,2209,1.7,93164760,5.1,3612097,3.2,50372,1.6,36,3.3
"C1150","0","10","40","0","2017","4","",2550,44397,44655,44437,441494069,32261188,466119,763,"",1.00,1.00,1.00,1.00,1.00,1.00,1.00,1.00,"",13,0.5,509,1.2,467,1.1,309,0.7,16536924,3.9,720046,2.3,-28587,-5.8,21,2.8
"C1150","1","10","41","0","2017","4","",44,3576,3595,3594,58299825,0,0,1250,"",2.88,4.18,4.21,4.20,4.80,0.00,0.00,1.15,"",0,0.0,-83,-2.3,-75,-2.0,-62,-1.7,1382314,2.4,0,0.0,0,0.0,54,4.5
"C1150","2","10","41","0","2017","4","",27,1709,1713,1701,20789193,0,0,936,"",1.51,1.20,1.20,1.20,1.44,0.00,0.00,1.20,"",0,0.0,-27,-1.6,-35,-2.0,-39,-2.2,-115898,-0.6,0,0.0,0,0.0,13,1.4
"C1150","3","10","41","0","2017","4","",72,6490,6490,6517,64421827,83711,1163,763,"",1.66,1.48,1.46,1.48,1.70,0.13,0.47,1.15,"",2,2.9,225,3.6,211,3.4,224,3.6,2856848,4.6,8636,11.5,466,66.9,9,1.2
"C1150","5","10","41","0","2017","4","",2407,32622,32857,32625,297983224,32177477,464956,701,"",0.97,0.86,0.87,0.86,0.79,1.03,1.00,0.91,"",11,0.5,394,1.2,366,1.1,186,0.6,12413660,4.3,711410,2.3,-29053,-5.9,23,3.4
"C1154","0","10","40","0","2017","4","",6138,121152,121784,121892,1461226478,132846897,2762626,924,"",1.00,1.00,1.00,1.00,1.00,1.00,1.00,1.00,"",188,3.2,-465,-0.4,-633,-0.5,861,0.7,32251956,2.3,2966363,2.3,-685753,-19.9,21,2.3
"C1154","1","10","41","0","2017","4","",39,673,666,675,11292440,0,0,1294,"",1.06,0.29,0.29,0.29,0.28,0.00,0.00,0.98,"",1,2.6,1,0.1,9,1.4,7,1.0,294113,2.7,0,0.0,0,0.0,23,1.8
"C1154","2","10","41","0","2017","4","",15,242,245,246,2809263,0,0,884,"",0.35,0.06,0.06,0.06,0.06,0.00,0.00,0.94,"",0,0.0,-9,-3.6,0,0.0,-9,-3.5,221520,8.6,0,0.0,0,0.0,89,11.2
"C1154","3","10","41","0","2017","4","",205,11304,11424,11324,128657945,0,0,872,"",1.96,0.94,0.94,0.94,1.02,0.00,0.00,1.09,"",-1,-0.5,192,1.7,-358,-3.0,61,0.5,2796827,2.2,0,0.0,0,0.0,22,2.6
"C1154","5","10","41","0","2017","4","",5879,108933,109449,109647,1318466830,132846897,2762626,928,"",0.99,1.06,1.06,1.06,1.06,1.03,1.01,1.00,"",188,3.3,-649,-0.6,-284,-0.3,802,0.7,28939496,2.2,2966363,2.3,-685753,-19.9,21,2.3
"C1158","0","10","80","0","2017","4","",630,8785,8861,9279,83521718,6541466,68379,716,"",1.00,1.00,1.00,1.00,1.00,1.00,1.00,1.00,"",-13,-2.0,189,2.2,149,1.7,384,4.3,4765959,6.1,17475,0.3,-16185,-19.1,22,3.2
"C1162","0","10","80","0","2017","4","",1750,23889,24022,24117,253467578,41727949,373990,812,"",1.00,1.00,1.00,1.00,1.00,1.00,1.00,1.00,"",2,0.1,-312,-1.3,-231,-1.0,119,0.5,6781479,2.7,710426,1.7,-33218,-8.2,26,3.3
"C1164","0","10","40","0","2017","4","",2079,31988,32782,34135,209709811,10976275,363413,489,"",1.00,1.00,1.00,1.00,1.00,1.00,1.00,1.00,"",-27,-1.3,-2487,-7.2,-2252,-6.4,-1744,-4.9,-7657681,-3.5,-1660792,-13.1,-71521,-16.4,13,2.7
"C1164","1","10","41","0","2017","4","",9,138,142,147,2830802,0,0,1530,"",0.72,0.22,0.23,0.22,0.49,0.00,0.00,2.19,"",0,0.0,-1,-0.7,1,0.7,6,4.3,91064,3.3,0,0.0,0,0.0,28,1.9
"C1164","2","10","41","0","2017","4","",82,8183,8259,8258,66821533,53572,1274,624,"",5.63,7.97,7.87,7.59,9.76,0.38,2.66,1.25,"",-4,-4.7,-352,-4.1,-296,-3.5,-323,-3.8,-1364889,-2.0,9269,20.9,71,5.9,11,1.8
"C1164","3","10","41","0","2017","4","",5,1940,1958,1946,9743632,0,0,385,"",0.14,0.61,0.60,0.58,0.54,0.00,0.00,0.91,"",0,0.0,-277,-12.5,-259,-11.7,-327,-14.4,-1247846,-11.4,0,0.0,0,0.0,7,1.9
"C1164","5","10","41","0","2017","4","",1983,21727,22423,23784,130313844,10922703,362139,443,"",0.98,0.80,0.81,0.82,0.73,1.03,1.00,0.90,"",-23,-1.1,-1857,-7.9,-1698,-7.0,-1100,-4.4,-5136010,-3.8,-1670061,-13.3,-71592,-16.5,12,2.8
"C1166","0","10","80","0","2017","4","",645,9393,9428,9415,80872321,7734025,147005,661,"",1.00,1.00,1.00,1.00,1.00,1.00,1.00,1.00,"",17,2.7,197,2.1,195,2.1,100,1.1,3031947,3.9,285637,3.8,-6784,-4.4,14,2.2
"C1168","0","10","80","0","2017","4","",792,14536,14363,14383,139059275,32789803,211577,741,"",1.00,1.00,1.00,1.00,1.00,1.00,1.00,1.00,"",-25,-3.1,-43,-0.3,-44,-0.3,79,0.6,3147258,2.3,-2129749,-6.1,-52508,-19.9,16,2.2
"C1170","0","10","40","0","2017","4","",14245,191160,191685,191668,2049028498,415978553,3741407,823,"",1.00,1.00,1.00,1.00,1.00,1.00,1.00,1.00,"",298,2.1,2818,1.5,3410,1.8,2979,1.6,77017085,3.9,17264677,4.3,-2095359,-35.9,18,2.2
"C1170","1","10","41","0","2017","4","",81,3328,3348,3392,67732644,0,0,1553,"",0.95,0.90,0.91,0.92,1.20,0.00,0.00,1.32,"",0,0.0,47,1.4,90,2.8,220,6.9,4401007,6.9,0,0.0,0,0.0,48,3.2
"C1170","2","10","41","0","2017","4","",68,5684,5481,5334,55893006,13358,134,782,"",0.68,0.93,0.89,0.87,0.84,0.00,0.03,0.93,"",-1,-1.4,-91,-1.6,-109,-1.9,-132,-2.4,-1334567,-2.3,4699,54.3,47,54.0,-3,-0.4
"C1170","3","10","41","0","2017","4","",209,16702,16667,16640,189246028,3092769,2077,873,"",0.86,0.88,0.88,0.88,1.07,0.38,0.11,1.22,"",3,1.5,176,1.1,172,1.0,209,1.3,8433676,4.7,391306,14.5,-10133,-83.0,29,3.4
"C1170","5","10","41","0","2017","4","",13887,165446,166189,166302,1736156820,412872426,3739196,805,"",1.01,1.02,1.02,1.02,0.99,1.03,1.01,0.97,"",296,2.2,2686,1.7,3257,2.0,2682,1.6,65516969,3.9,16868672,4.3,-2085273,-35.8,17,2.2
"C1174","0","10","80","0","2017","4","",1136,18614,18463,18317,183929489,11787519,280908,766,"",1.00,1.00,1.00,1.00,1.00,1.00,1.00,1.00,"",2,0.2,151,0.8,151,0.8,49,0.3,6216568,3.5,266015,2.3,56162,25.0,21,2.8
"C1178","0","10","80","0","2017","4","",2091,30371,30208,30110,291534028,21934493,635432,742,"",1.00,1.00,1.00,1.00,1.00,1.00,1.00,1.00,"",30,1.5,238,0.8,87,0.3,274,0.9,12409207,4.4,2133513,10.8,191946,43.3,27,3.8
"C1182","0","10","80","0","2017","4","",1709,18814,18560,18210,174359866,65256920,1400248,724,"",1.00,1.00,1.00,1.00,1.00,1.00,1.00,1.00,"",66,4.0,345,1.9,353,1.9,299,1.7,8199136,4.9,5568317,9.3,89926,6.9,22,3.1
"C1186","0","10","80","0","2017","4","",395,5558,5568,5537,64013464,10917965,133959,887,"",1.00,1.00,1.00,1.00,1.00,1.00,1.00,1.00,"",-13,-3.2,42,0.8,27,0.5,-24,-0.4,13992470,28.0,129257,1.2,35669,36.3,192,27.6
"C1190","0","10","80","0","2017","4","",1211,22060,22013,21497,220864682,12512087,308785,777,"",1.00,1.00,1.00,1.00,1.00,1.00,1.00,1.00,"",13,1.1,453,2.1,389,1.8,29,0.1,8906983,4.2,1118152,9.8,87767,39.7,21,2.8
"C1194","0","10","80","0","2017","4","",909,17818,18068,18008,197808087,14378811,204397,847,"",1.00,1.00,1.00,1.00,1.00,1.00,1.00,1.00,"",23,2.6,134,0.8,423,2.4,376,2.1,7959832,4.2,265775,1.9,34489,20.3,20,2.4
"C1198","0","10","80","0","2017","4","",1501,16958,17043,17004,160432539,13862553,244389,726,"",1.00,1.00,1.00,1.00,1.00,1.00,1.00,1.00,"",38,2.6,18,0.1,-146,-0.8,27,0.2,13189013,9.0,373107,2.8,41163,20.3,61,9.2
"C1202","0","10","40","0","2017","4","",4741,89000,89495,89039,969794694,73609572,994507,837,"",1.00,1.00,1.00,1.00,1.00,1.00,1.00,1.00,"",-384,-7.5,2179,2.5,2439,2.8,2593,3.0,23604433,2.5,2909963,4.1,-66748,-6.3,-2,-0.2
"C1202","1","10","41","0","2017","4","",45,1082,1181,1170,20755495,0,0,1395,"",1.58,0.63,0.69,0.68,0.78,0.00,0.00,1.17,"",-12,-21.1,-49,-4.3,36,3.1,17,1.5,553879,2.7,0,0.0,0,0.0,35,2.6
"C1202","2","10","41","0","2017","4","",63,14750,14748,14537,194514830,19959,391,1019,"",1.90,5.16,5.14,5.12,6.14,0.02,0.30,1.19,"",-3,-4.5,387,2.7,434,3.0,546,3.9,10452726,5.7,1277,6.8,44,12.7,24,2.4
"C1202","3","10","41","0","2017","4","",76,7692,7641,7601,79180565,544553,2715,797,"",0.94,0.87,0.86,0.86,0.95,0.37,0.52,1.10,"",-2,-2.6,-45,-0.6,-112,-1.4,2,0.0,-58263,-0.1,-68144,-11.1,-1088,-28.6,5,0.6
"C1202","5","10","41","0","2017","4","",4557,65476,65925,65731,675343804,73045060,991401,791,"",0.99,0.87,0.87,0.87,0.82,1.03,1.00,0.94,"",-367,-7.5,1886,3.0,2081,3.3,2028,3.2,12656091,1.9,2976830,4.2,-65704,-6.2,-9,-1.1
"C1206","0","10","40","0","2017","4","",152796,2597168,2618330,2619349,38847167610,2710031372,47040349,1144,"",1.00,1.00,1.00,1.00,1.00,1.00,1.00,1.00,"",-15993,-9.5,71220,2.8,70824,2.8,64615,2.5,2298647417,6.3,103419256,4.0,-2792677,-5.6,38,3.4
"C1206","1","10","41","0","2017","4","",505,46056,46188,46183,1035605877,0,0,1726,"",0.55,0.92,0.92,0.92,0.97,0.00,0.00,1.05,"",-114,-18.4,-162,-0.4,-335,-0.7,-809,-1.7,20707703,2.0,0,0.0,0,0.0,50,3.0
"C1206","2","10","41","0","2017","4","",780,62932,63157,62933,839313388,813339,7310,1025,"",0.73,0.75,0.75,0.75,0.66,0.02,0.12,0.88,"",-11,-1.4,1558,2.5,1392,2.3,1245,2.0,44416517,5.6,-234211,-22.4,-374,-4.9,33,3.3
"C1206","3","10","41","0","2017","4","",1628,209577,211385,209712,2369794829,4164897,44870,867,"",0.63,0.81,0.81,0.81,0.71,0.08,0.18,0.87,"",-22,-1.3,1506,0.7,336,0.2,1420,0.7,82887618,3.6,159172,4.0,-4102,-8.4,26,3.1
"C1206","5","10","41","0","2017","4","",149883,2278603,2297600,2300521,34602453516,2705053136,46988169,1161,"",1.01,1.03,1.03,1.03,1.04,1.03,1.01,1.01,"",-15846,-9.6,68318,3.1,69431,3.1,62759,2.8,2150635579,6.6,103494295,4.0,-2788201,-5.6,39,3.5
"C1210","0","10","40","0","2017","4","",6557,124599,123751,122553,1473130724,363529535,7933227,917,"",1.00,1.00,1.00,1.00,1.00,1.00,1.00,1.00,"",-21,-0.3,-1638,-1.3,-349,-0.3,-145,-0.1,42163728,2.9,11037940,3.1,-65161,-0.8,32,3.6
"C1210","1","10","41","0","2017","4","",52,2577,2575,2622,61426055,0,0,1823,"",1.32,1.07,1.09,1.11,1.52,0.00,0.00,1.39,"",0,0.0,-3,-0.1,-37,-1.4,7,0.3,1518575,2.5,0,0.0,0,0.0,52,2.9
"C1210","2","10","41","0","2017","4","",58,3940,3754,3635,57835096,656422,4595,1178,"",1.26,0.99,0.95,0.93,1.20,0.14,0.44,1.26,"",0,0.0,151,4.0,12,0.3,52,1.5,1165725,2.1,51103,8.4,358,8.4,1,0.1
"C1210","3","10","41","0","2017","4","",131,14632,14700,14686,228529390,6611335,46573,1198,"",1.18,1.19,1.20,1.21,1.80,0.92,1.12,1.51,"",1,0.8,-238,-1.6,-226,-1.5,-283,-1.9,-2748601,-1.2,448466,7.3,3435,8.0,6,0.5
"C1210","5","10","41","0","2017","4","",6316,103450,102722,101610,1125340183,356261778,7882059,844,"",0.99,0.98,0.98,0.98,0.89,1.01,1.00,0.92,"",-22,-0.3,-1548,-1.5,-98,-0.1,79,0.1,42228029,3.9,10538371,3.0,-68954,-0.9,36,4.5
"C1214","0","10","80","0","2017","4","",968,21827,21840,22026,265271153,18823205,399887,932,"",1.00,1.00,1.00,1.00,1.00,1.00,1.00,1.00,"",5,0.5,219,1.0,196,0.9,325,1.5,18541597,7.5,915047,5.1,-51380,-11.4,55,6.3
"C1218","0","10","80","0","2017","4","",1748,25759,25560,25517,283692766,19702248,577076,852,"",1.00,1.00,1.00,1.00,1.00,1.00,1.00,1.00,"",-39,-2.2,-417,-1.6,-484,-1.9,-420,-1.6,-2575310,-0.9,769903,4.1,-98802,-14.6,7,0.8
"C1222","0","10","40","0","2017","4","",3182,58771,58899,58282,588777133,45123741,573776,772,"",1.00,1.00,1.00,1.00,1.00,1.00,1.00,1.00,"",45,1.4,1090,1.9,557,1.0,-49,-0.1,7830617,1.3,-6325743,-12.3,-412664,-41.8,3,0.4
"C1222","1","10","41","0","2017","4","",18,297,294,302,4820196,0,0,1246,"",0.94,0.26,0.26,0.27,0.30,0.00,0.00,1.13,"",0,0.0,-4,-1.3,-5,-1.7,-10,-3.2,129114,2.8,0,0.0,0,0.0,59,5.0
"C1222","2","10","41","0","2017","4","",28,7038,7037,7010,121575999,0,0,1331,"",1.26,3.73,3.73,3.77,6.32,0.00,0.00,1.69,"",1,3.7,88,1.3,92,1.3,47,0.7,1858018,1.6,0,0.0,0,0.0,6,0.5
"C1222","3","10","41","0","2017","4","",101,7903,7891,7873,89904246,64503,1267,877,"",1.87,1.36,1.35,1.36,1.78,0.07,0.42,1.31,"",-5,-4.7,225,2.9,193,2.5,210,2.7,4536293,5.3,-14264,-18.1,-15,-1.2,22,2.6
"C1222","5","10","41","0","2017","4","",3035,43533,43677,43097,372476692,45059238,572509,660,"",0.98,0.87,0.87,0.87,0.74,1.03,1.00,0.85,"",49,1.6,781,1.8,277,0.6,-296,-0.7,1307192,0.4,-6311479,-12.3,-412649,-41.9,-1,-0.2
"C1226","0","10","40","0","2017","4","",11091,223971,225173,225511,2671547140,251398990,4547249,914,"",1.00,1.00,1.00,1.00,1.00,1.00,1.00,1.00,"",-566,-4.9,4449,2.0,3968,1.8,3398,1.5,130115317,5.1,36792045,17.1,180339,4.1,29,3.3
"C1226","1","10","41","0","2017","4","",108,8932,8937,8949,152396252,0,0,1311,"",1.62,2.07,2.07,2.06,2.08,0.00,0.00,1.00,"",-17,-13.6,-201,-2.2,-189,-2.1,-252,-2.7,1672767,1.1,0,0.0,0,0.0,44,3.5
"C1226","2","10","41","0","2017","4","",145,12613,12438,11996,162792449,98965,1091,1014,"",1.87,1.75,1.72,1.67,1.87,0.03,0.18,1.09,"",-1,-0.7,582,4.8,31,0.2,112,0.9,10290206,6.7,-3707,-3.6,-344,-24.0,45,4.6
"C1226","3","10","41","0","2017","4","",278,21611,21716,21762,219727169,384830,4871,779,"",1.47,0.97,0.97,0.98,0.96,0.08,0.20,0.98,"",-5,-1.8,-117,-0.5,246,1.1,-144,-0.7,8773940,4.2,-1525,-0.4,-825,-14.5,31,4.1
"C1226","5","10","41","0","2017","4","",10560,180815,182082,182804,2136631270,250915195,4541287,904,"",0.98,0.95,0.95,0.95,0.94,1.03,1.01,0.98,"",-543,-4.9,4185,2.4,3880,2.2,3682,2.1,109378404,5.4,36797277,17.2,181508,4.2,28,3.2
"C1230","0","10","80","0","2017","4","",3988,60008,59961,60007,657943810,42620016,757552,844,"",1.00,1.00,1.00,1.00,1.00,1.00,1.00,1.00,"",-4,-0.1,-263,-0.4,-191,-0.3,186,0.3,23538321,3.7,-1688940,-3.8,-150019,-16.5,32,3.9
"C1238","0","10","80","0","2017","4","",843,16699,16863,16553,221038598,39643174,320738,1018,"",1.00,1.00,1.00,1.00,1.00,1.00,1.00,1.00,"",14,1.7,101,0.6,98,0.6,-35,-0.2,-37789089,-14.6,-544189,-1.4,-23236,-6.8,-178,-14.9
"C1242","0","10","40","0","2017","4","",58688,998894,1003912,1005342,15499596370,884657146,18775480,1189,"",1.00,1.00,1.00,1.00,1.00,1.00,1.00,1.00,"",2608,4.7,31460,3.3,31034,3.2,32544,3.3,879959962,6.0,42611505,5.1,1987191,11.8,31,2.7
"C1242","1","10","41","0","2017","4","",149,12117,12368,12480,201025771,0,0,1255,"",0.42,0.63,0.64,0.64,0.47,0.00,0.00,0.74,"",2,1.4,582,5.0,396,3.3,573,4.8,8285363,4.3,0,0.0,0,0.0,-1,-0.1
"C1242","2","10","41","0","2017","4","N",189,0,0,0,0,0,0,0,"N",0.46,0,0,0,0,0,0,0,"N",-2,-1.0,0,0,0,0,0,0,0,0,0,0,0,0,0,0
"C1242","3","10","41","0","2017","4","N",411,0,0,0,0,0,0,0,"N",0.41,0,0,0,0,0,0,0,"N",-2,-0.5,0,0,0,0,0,0,0,0,0,0,0,0,0,0
"C1242","5","10","41","0","2017","4","",57939,829832,834817,836596,13108552462,880377138,18771243,1209,"",1.02,0.98,0.98,0.98,0.99,1.03,1.01,1.01,"",2610,4.7,29090,3.6,30404,3.8,32080,4.0,810964000,6.6,42379370,5.1,2059827,12.3,31,2.6
"C1246","0","10","80","0","2017","4","",634,9246,9357,9413,75935653,6925042,91957,625,"",1.00,1.00,1.00,1.00,1.00,1.00,1.00,1.00,"",-60,-8.6,517,5.9,870,10.3,1048,12.5,2992097,4.1,-219513,-3.1,-8632,-8.6,-33,-5.0
"C1254","0","10","40","0","2017","4","",19147,330957,324989,313762,3739298998,288437116,13938853,890,"",1.00,1.00,1.00,1.00,1.00,1.00,1.00,1.00,"",1153,6.4,3790,1.2,5593,1.8,3259,1.0,139832564,3.9,17059066,6.3,776818,5.9,22,2.5
"C1254","1","10","41","0","2017","4","",103,10480,10498,10548,237814866,0,0,1741,"",0.90,1.65,1.69,1.75,2.31,0.00,0.00,1.37,"",0,0.0,153,1.5,109,1.0,4,0.0,8145057,3.5,0,0.0,0,0.0,46,2.7
"C1254","2","10","41","0","2017","4","",361,9790,9772,9805,143394036,0,0,1127,"",2.69,0.92,0.94,0.98,1.17,0.00,0.00,1.24,"",-4,-1.1,83,0.9,40,0.4,-295,-2.9,7994332,5.9,0,0.0,0,0.0,69,6.5
"C1254","3","10","41","0","2017","4","",546,45573,45531,45228,595870296,538083,23383,1009,"",1.68,1.39,1.41,1.46,1.85,0.09,0.32,1.31,"",13,2.4,1324,3.0,1193,2.7,1317,3.0,30561870,5.4,-1025576,-65.6,-35550,-60.3,24,2.4
"C1254","5","10","41","0","2017","4","",18137,265114,259188,248181,2762219800,287899033,13915470,825,"",0.98,0.94,0.94,0.93,0.87,1.03,1.00,0.92,"",1144,6.7,2230,0.8,4251,1.7,2233,0.9,93131305,3.5,18084642,6.7,812368,6.2,19,2.4
"C1258","0","10","40","0","2017","4","",72535,1336467,1343401,1341884,20906938834,1009317066,22688950,1200,"",1.00,1.00,1.00,1.00,1.00,1.00,1.00,1.00,"",64,0.1,11727,0.9,11885,0.9,10137,0.8,820585294,4.1,887110,0.1,-2095759,-8.5,38,3.3
"C1258","1","10","41","0","2017","4","",363,50222,50320,50570,1168938761,0,0,1785,"",0.83,1.95,1.96,1.96,2.03,0.00,0.00,1.04,"",1,0.3,-756,-1.5,-610,-1.2,-1001,-1.9,27433778,2.4,0,0.0,0,0.0,69,4.0
"C1258","2","10","41","0","2017","4","",267,61014,61056,60690,1009654173,65129025,0,1275,"",0.53,1.42,1.42,1.42,1.48,5.08,0.00,1.04,"",-1,-0.4,-87,-0.1,41,0.1,188,0.3,17676939,1.8,-182649,-0.3,0,0.0,21,1.7
"C1258","3","10","41","0","2017","4","",871,111006,112120,111701,1545977346,209184,1706,1066,"",0.71,0.84,0.84,0.84,0.86,0.01,0.01,1.02,"",-5,-0.6,-7,0.0,269,0.2,-799,-0.7,48048537,3.2,4245,2.1,500,41.5,35,3.4
"C1258","5","10","41","0","2017","4","",71034,1114225,1119905,1118923,17182368554,943978857,22687244,1183,"",1.01,0.98,0.98,0.98,0.96,0.97,1.01,0.98,"",69,0.1,12577,1.1,12185,1.1,11749,1.1,727426040,4.4,1065514,0.1,-2096259,-8.5,38,3.3
"C1262","0","10","40","0","2017","4","",4858,70226,70574,70219,739697699,61773766,1176058,809,"",1.00,1.00,1.00,1.00,1.00,1.00,1.00,1.00,"",-38,-0.8,-256,-0.4,83,0.1,122,0.2,23598445,3.3,2752954,4.7,-18705,-1.6,26,3.3
"C1262","1","10","41","0","2017","4","",77,1143,1158,1172,18677208,0,0,1241,"",2.64,0.85,0.86,0.87,0.92,0.00,0.00,1.07,"",-2,-2.5,-27,-2.3,-13,-1.1,-17,-1.4,-257226,-1.4,0,0.0,0,0.0,3,0.2
"C1262","2","10","41","0","2017","4","",22,4679,4696,4593,54219993,357122,13447,896,"",0.65,2.08,2.08,2.05,2.25,0.46,8.67,1.09,"",0,0.0,6,0.1,52,1.1,-4,-0.1,719194,1.3,15497,4.5,-1372,-9.3,9,1.0
"C1262","3","10","41","0","2017","4","",279,6573,6585,6590,60424099,130953,1735,706,"",3.38,0.94,0.94,0.95,0.95,0.11,0.28,1.01,"",5,1.8,57,0.9,-26,-0.4,15,0.2,915472,1.5,-702,-0.5,-386,-18.2,9,1.3
"C1262","5","10","41","0","2017","4","",4480,57831,58135,57864,606376399,61285691,1160876,805,"",0.95,0.97,0.97,0.97,0.96,1.03,0.99,0.99,"",-41,-0.9,-292,-0.5,70,0.1,128,0.2,22221005,3.8,2738159,4.7,-16947,-1.4,30,3.9
"C1266","0","10","80","0","2017","4","",2014,36078,35953,35856,363034209,39728950,727024,777,"",1.00,1.00,1.00,1.00,1.00,1.00,1.00,1.00,"",46,2.3,230,0.6,155,0.4,386,1.1,20353093,5.9,3286253,9.0,-88421,-10.8,39,5.3
"C1268","0","10","80","0","2017","4","",1187,16001,16159,16214,170103124,16896429,423494,811,"",1.00,1.00,1.00,1.00,1.00,1.00,1.00,1.00,"",-11,-0.9,347,2.2,257,1.6,299,1.9,11407079,7.2,1142841,7.3,-39816,-8.6,40,5.2
"C1270","0","10","40","0","2017","4","",9504,97599,93120,91852,1177500761,169728948,3900750,962,"",1.00,1.00,1.00,1.00,1.00,1.00,1.00,1.00,"",58,0.6,695,0.7,608,0.7,856,0.9,32349487,2.8,985208,0.6,-169918,-4.2,20,2.1
"C1270","1","10","41","0","2017","4","",87,1629,1580,1595,29299910,0,0,1407,"",1.53,0.87,0.89,0.90,0.91,0.00,0.00,1.02,"",1,1.2,-4,-0.2,-66,-4.0,-45,-2.7,152008,0.5,0,0.0,0,0.0,40,2.9
"C1270","2","10","41","0","2017","4","",85,2905,2911,2872,45144822,45144822,229595,1199,"",1.28,0.93,0.98,0.98,1.17,20.95,44.65,1.22,"",9,11.8,12,0.4,6,0.2,-21,-0.7,219380,0.5,219380,0.5,-47748,-17.2,6,0.5
"C1270","3","10","41","0","2017","4","",202,10343,10344,10101,148900158,12716195,30147,1116,"",1.25,1.07,1.12,1.11,1.47,3.78,1.47,1.34,"",2,1.0,184,1.8,158,1.6,116,1.2,4120857,2.8,995075,8.5,-5574,-15.6,14,1.3
"C1270","5","10","41","0","2017","4","",9130,82722,78285,77284,954155871,111867931,3641008,924,"",0.99,1.00,0.99,0.99,0.95,0.68,0.94,0.96,"",46,0.5,503,0.6,510,0.7,806,1.1,27857242,3.0,-229247,-0.2,-116596,-3.1,20,2.2
"C1274","0","10","80","0","2017","4","",2626,33488,33425,33696,435418827,34643143,1080745,999,"",1.00,1.00,1.00,1.00,1.00,1.00,1.00,1.00,"",11,0.4,150,0.4,151,0.5,212,0.6,21623807,5.2,705306,2.1,-104117,-8.8,45,4.7
"C1278","0","10","80","0","2017","4","",1283,19732,19693,19603,233828209,30668653,249251,914,"",1.00,1.00,1.00,1.00,1.00,1.00,1.00,1.00,"",-16,-1.2,-395,-2.0,-353,-1.8,-395,-2.0,-7117800,-3.0,1450442,5.0,-4867,-1.9,-10,-1.1
"C1282","0","10","80","0","2017","4","",541,6874,6722,6832,55530014,5387417,107303,627,"",1.00,1.00,1.00,1.00,1.00,1.00,1.00,1.00,"",14,2.7,-39,-0.6,-99,-1.5,-71,-1.0,2111301,4.0,522852,10.7,14643,15.8,30,5.0
"C1286","0","10","80","0","2017","4","",1487,23386,23237,23256,243954286,17625833,512867,806,"",1.00,1.00,1.00,1.00,1.00,1.00,1.00,1.00,"",2,0.1,327,1.4,268,1.2,359,1.6,8637906,3.7,2126031,13.7,8715,1.7,18,2.3
"C1290","0","10","80","0","2017","4","",918,15739,15805,16002,156383959,17136177,388234,759,"",1.00,1.00,1.00,1.00,1.00,1.00,1.00,1.00,"",-10,-1.1,192,1.2,152,1.0,143,0.9,6636435,4.4,353241,2.1,17378,4.7,25,3.4
"C1294","0","10","40","0","2017","4","",23474,387798,388779,386494,5047979411,313571758,5642423,1002,"",1.00,1.00,1.00,1.00,1.00,1.00,1.00,1.00,"",518,2.3,-1253,-0.3,877,0.2,1573,0.4,-2064752,0.0,-22218476,-6.6,-795041,-12.4,-1,-0.1
"C1294","1","10","41","0","2017","4","",144,2958,2923,3000,54353793,0,0,1412,"",1.02,0.40,0.39,0.40,0.39,0.00,0.00,0.99,"",-1,-0.7,35,1.2,16,0.6,-45,-1.5,1245935,2.3,0,0.0,0,0.0,31,2.2
"C1294","2","10","41","0","2017","4","N",273,0,0,0,0,0,0,0,"N",1.66,0,0,0,0,0,0,0,"N",-1,-0.4,0,0,0,0,0,0,0,0,0,0,0,0,0,0
"C1294","3","10","41","0","2017","4","N",419,0,0,0,0,0,0,0,"N",1.05,0,0,0,0,0,0,0,"N",-2,-0.5,0,0,0,0,0,0,0,0,0,0,0,0,0,0
"C1294","5","10","41","0","2017","4","",22638,319900,320708,318390,4259921611,312653250,5629086,1025,"",0.99,0.97,0.97,0.97,0.99,1.03,1.00,1.02,"",522,2.4,-1091,-0.3,1180,0.4,1869,0.6,-17779544,-0.4,-22550176,-6.7,-801517,-12.5,-6,-0.6
"C1298","0","10","40","0","2017","4","",2248,55319,55575,55388,713218291,30637356,873072,990,"",1.00,1.00,1.00,1.00,1.00,1.00,1.00,1.00,"",-14,-0.6,-1909,-3.3,-2035,-3.5,-1663,-2.9,-14141107,-1.9,-4626759,-13.1,-214875,-19.8,13,1.3
"C1298","1","10","41","0","2017","4","",22,2945,2947,2975,57297198,0,0,1491,"",1.63,2.77,2.77,2.79,2.92,0.00,0.00,1.05,"",-1,-4.3,-81,-2.7,-95,-3.1,-89,-2.9,-437436,-0.8,0,0.0,0,0.0,32,2.2
"C1298","2","10","41","0","2017","4","",12,492,487,489,7837374,0,0,1232,"",0.76,0.28,0.27,0.28,0.34,0.00,0.00,1.22,"",0,0.0,-14,-2.8,-13,-2.6,-8,-1.6,-121068,-1.5,0,0.0,0,0.0,10,0.8
"C1298","3","10","41","0","2017","4","",86,7111,7292,7233,83572960,16218,74,891,"",2.25,1.30,1.32,1.32,1.36,0.03,0.02,1.04,"",3,3.6,11,0.2,-57,-0.8,132,1.9,2241199,2.8,-489,-2.9,-115,-60.8,20,2.3
"C1298","5","10","41","0","2017","4","",2128,44771,44849,44691,564510759,30621138,872998,970,"",0.98,0.95,0.95,0.95,0.93,1.03,1.01,0.97,"",-16,-0.7,-1825,-3.9,-1870,-4.0,-1698,-3.7,-15823802,-2.7,-4626270,-13.1,-214760,-19.7,11,1.1
"C1302","0","10","40","0","2017","4","",2083,34241,34144,33869,382323743,24814637,815048,863,"",1.00,1.00,1.00,1.00,1.00,1.00,1.00,1.00,"",-21,-1.0,-988,-2.8,-1211,-3.4,-838,-2.4,-5830395,-1.5,1365578,5.8,29232,3.7,12,1.4
"C1302","1","10","41","0","2017","4","",18,243,239,247,3982174,0,0,1261,"",1.44,0.37,0.37,0.38,0.38,0.00,0.00,1.02,"",-1,-5.3,2,0.8,-11,-4.4,-4,-1.6,154334,4.0,0,0.0,0,0.0,71,6.0
"C1302","2","10","41","0","2017","4","",13,415,399,399,5558457,0,0,1057,"",0.89,0.38,0.36,0.37,0.45,0.00,0.00,1.20,"",0,0.0,-4,-1.0,-7,-1.7,-4,-1.0,-736316,-11.7,0,0.0,0,0.0,-126,-10.7
"C1302","3","10","41","0","2017","4","",76,4647,4640,4595,51855510,115815,659,862,"",2.15,1.37,1.37,1.37,1.58,0.24,0.15,1.15,"",-1,-1.3,-224,-4.6,-199,-4.1,-169,-3.5,1055306,2.1,-4431,-3.7,-311,-32.1,52,6.4
"C1302","5","10","41","0","2017","4","",1976,28936,28866,28628,320927602,24698822,814389,857,"",0.98,0.99,1.00,0.99,0.98,1.03,1.01,0.99,"",-19,-1.0,-762,-2.6,-994,-3.3,-661,-2.3,-6303719,-1.9,1370009,5.9,29543,3.8,7,0.8
"C1306","0","10","80","0","2017","4","",850,10749,10851,10821,145044708,8522359,204209,1032,"",1.00,1.00,1.00,1.00,1.00,1.00,1.00,1.00,"",20,2.4,-477,-4.2,36,0.3,84,0.8,-462295,-0.3,-1008686,-10.6,-96726,-32.1,8,0.8
"C1310","0","10","80","0","2017","4","",825,8965,9020,9142,86132319,5840754,68776,733,"",1.00,1.00,1.00,1.00,1.00,1.00,1.00,1.00,"",5,0.6,-193,-2.1,-231,-2.5,-4,0.0,4065411,5.0,442003,8.2,4,0.0,46,6.7
"C1314","0","10","40","0","2017","4","",8311,158097,158702,158439,2244172644,164119466,6056148,1090,"",1.00,1.00,1.00,1.00,1.00,1.00,1.00,1.00,"",69,0.8,-1133,-0.7,422,0.3,677,0.4,112513026,5.3,12961432,8.6,1157117,23.6,55,5.3
"C1314","1","10","41","0","2017","4","",66,1986,1959,1983,35455422,0,0,1380,"",1.32,0.65,0.65,0.65,0.57,0.00,0.00,0.89,"",2,3.1,14,0.7,-34,-1.7,-28,-1.4,744341,2.1,0,0.0,0,0.0,40,3.0
"C1314","2","10","41","0","2017","4","",67,4670,4667,4680,59797979,0,0,984,"",1.15,0.92,0.92,0.93,0.82,0.00,0.00,0.89,"",-6,-8.2,-159,-3.3,-141,-2.9,-155,-3.2,12139,0.0,0,0.0,0,0.0,31,3.3
"C1314","3","10","41","0","2017","4","",232,17296,17677,17436,191508298,868865,852,843,"",1.64,1.10,1.12,1.11,0.99,0.27,0.03,0.89,"",0,0.0,-327,-1.9,-221,-1.2,-292,-1.6,6901046,3.7,77186,9.7,-14176,-94.3,43,5.4
"C1314","5","10","41","0","2017","4","",7946,134145,134399,134340,1957410945,163250601,6055296,1121,"",0.99,1.00,1.00,1.00,1.02,1.03,1.01,1.02,"",73,0.9,-661,-0.5,818,0.6,1152,0.9,104855500,5.7,12884246,8.6,1171293,24.0,56,5.3
"C1318","0","10","80","0","2017","4","",1870,36007,35555,35360,414585610,35263803,927584,895,"",1.00,1.00,1.00,1.00,1.00,1.00,1.00,1.00,"",59,3.3,576,1.6,179,0.5,118,0.3,20131309,5.1,26513,0.1,-133922,-12.6,37,4.3
"C1322","0","10","40","0","2017","4","",3190,42747,42139,42287,420475091,44381953,1288991,763,"",1.00,1.00,1.00,1.00,1.00,1.00,1.00,1.00,"",24,0.8,520,1.2,443,1.1,440,1.1,25628521,6.5,3077221,7.5,123600,10.6,39,5.4
"C1322","1","10","41","0","2017","4","",99,1915,1877,1868,33811988,0,0,1379,"",5.17,2.33,2.33,2.29,2.93,0.00,0.00,1.26,"",-1,-1.0,-43,-2.2,-77,-3.9,-93,-4.7,194563,0.6,0,0.0,0,0.0,58,4.4
"C1322","2","10","41","0","2017","4","",61,2152,2144,2132,19068604,0,0,685,"",2.73,1.57,1.59,1.58,1.39,0.00,0.00,0.88,"",6,10.9,-164,-7.1,-164,-7.1,-161,-7.0,-1612333,-7.8,-26755,-100.0,-562,-100.0,-5,-0.7
"C1322","3","10","41","0","2017","4","",109,4468,4439,4453,39973082,379915,7076,690,"",2.01,1.05,1.06,1.06,1.11,0.43,1.04,1.04,"",-2,-1.8,-154,-3.3,-141,-3.1,-107,-2.3,-1148869,-2.8,-10781,-2.8,-1332,-15.8,0,0.0
"C1322","5","10","41","0","2017","4","",2921,34212,33679,33834,327621417,44002038,1281915,743,"",0.94,0.94,0.94,0.94,0.91,1.02,1.00,0.97,"",21,0.7,881,2.6,825,2.5,801,2.4,28195160,9.4,3114757,7.6,125494,10.9,47,6.8
"C1326","0","10","80","0","2017","4","",860,13573,13507,13480,128892779,10735502,210804,733,"",1.00,1.00,1.00,1.00,1.00,1.00,1.00,1.00,"",27,3.2,193,1.4,188,1.4,181,1.4,3619267,2.9,697349,6.9,-13201,-5.9,10,1.4
"C1330","0","10","80","0","2017","4","",592,8787,8808,8842,84222483,5317613,99744,735,"",1.00,1.00,1.00,1.00,1.00,1.00,1.00,1.00,"",-33,-5.3,-248,-2.7,-171,-1.9,-206,-2.3,-4447629,-5.0,668134,14.4,29079,41.2,-21,-2.8
"C1334","0","10","80","0","2017","4","",936,19851,20241,20290,250377557,16329033,353530,957,"",1.00,1.00,1.00,1.00,1.00,1.00,1.00,1.00,"",9,1.0,66,0.3,106,0.5,14,0.1,6135535,2.5,567033,3.6,69621,24.5,21,2.2
"C1338","0","10","40","0","2017","4","",7309,89990,90484,89796,1055882921,376253872,5165348,902,"",1.00,1.00,1.00,1.00,1.00,1.00,1.00,1.00,"",-15,-0.2,1541,1.7,1632,1.8,1298,1.5,74720825,7.6,34311762,10.0,597804,13.1,50,5.9
"C1338","1","10","41","0","2017","4","",40,1385,1388,1394,32153800,0,0,1781,"",0.91,0.80,0.80,0.81,1.11,0.00,0.00,1.38,"",0,0.0,3,0.2,22,1.6,9,0.6,1230431,4.0,0,0.0,0,0.0,54,3.1
"C1338","2","10","41","0","2017","4","",31,3411,3445,3323,53695680,0,0,1217,"",0.61,1.18,1.19,1.16,1.56,0.00,0.00,1.32,"",0,0.0,-359,-9.5,-304,-8.1,-343,-9.4,62996,0.1,0,0.0,0,0.0,110,9.9
"C1338","3","10","41","0","2017","4","",86,10030,10235,10179,120559323,4311391,16435,914,"",0.69,1.12,1.14,1.15,1.33,0.58,0.60,1.17,"",0,0.0,163,1.7,198,2.0,220,2.2,6632683,5.8,137510,3.3,1816,12.4,34,3.9
"C1338","5","10","41","0","2017","4","",7152,75164,75416,74900,849474118,371942481,5148913,869,"",1.01,0.98,0.98,0.98,0.94,1.02,1.00,0.96,"",-15,-0.2,1734,2.4,1716,2.3,1412,1.9,66794715,8.5,34174252,10.1,595988,13.1,50,6.1
"C1342","0","10","80","0","2017","4","",1210,19624,19541,19513,205261648,43062914,631276,807,"",1.00,1.00,1.00,1.00,1.00,1.00,1.00,1.00,"",30,2.5,-90,-0.5,-72,-0.4,49,0.3,8097955,4.1,1408125,3.4,-24923,-3.8,33,4.3
"C1346","0","10","40","0","2017","4","",8512,81173,81387,81073,922705973,330797354,7384995,874,"",1.00,1.00,1.00,1.00,1.00,1.00,1.00,1.00,"",496,6.2,2907,3.7,2833,3.6,3050,3.9,70007292,8.2,30241298,10.1,576587,8.5,36,4.3
"C1346","1","10","41","0","2017","4","",34,952,884,872,15674279,0,0,1336,"",0.67,0.61,0.57,0.56,0.62,0.00,0.00,1.07,"",-2,-5.6,3,0.3,-29,-3.2,31,3.7,591831,3.9,0,0.0,0,0.0,48,3.7
"C1346","2","10","41","0","2017","4","",39,1169,1158,1142,14073218,0,0,936,"",0.65,0.45,0.44,0.44,0.47,0.00,0.00,1.05,"",0,0.0,-10,-0.8,-33,-2.8,-45,-3.8,-254433,-1.8,0,0.0,0,0.0,6,0.6
"C1346","3","10","41","0","2017","4","",155,7759,8017,7902,92048940,890897,21599,897,"",1.07,0.96,0.99,0.98,1.16,0.14,0.56,1.18,"",0,0.0,165,2.2,140,1.8,187,2.4,5424380,6.3,-239008,-21.2,-6763,-23.8,35,4.1
"C1346","5","10","41","0","2017","4","",8284,71293,71328,71157,800909536,329906457,7363396,865,"",1.00,1.03,1.03,1.03,1.02,1.03,1.00,0.98,"",498,6.4,2749,4.0,2755,4.0,2877,4.2,64245514,8.7,30480306,10.2,583350,8.6,37,4.5
"C1350","0","10","80","0","2017","4","",355,6820,6820,6780,71533591,6558871,139114,808,"",1.00,1.00,1.00,1.00,1.00,1.00,1.00,1.00,"",4,1.1,109,1.6,100,1.5,64,1.0,2728739,4.0,992929,17.8,24002,20.9,20,2.5
"C1354","0","10","80","0","2017","4","",1572,17372,17090,17255,194047437,24093493,829720,866,"",1.00,1.00,1.00,1.00,1.00,1.00,1.00,1.00,"",25,1.6,40,0.2,134,0.8,217,1.3,8666029,4.7,169654,0.7,-98337,-10.6,32,3.8
"C1362","0","10","80","0","2017","4","",1176,13365,13000,13210,131146565,12969479,168792,765,"",1.00,1.00,1.00,1.00,1.00,1.00,1.00,1.00,"",-23,-1.9,168,1.3,9,0.1,-7,-0.1,4803268,3.8,1120367,9.5,15860,10.4,25,3.4
"C1366","0","10","80","0","2017","4","",650,14434,14177,13842,149929456,8158954,241759,815,"",1.00,1.00,1.00,1.00,1.00,1.00,1.00,1.00,"",-12,-1.8,-166,-1.1,-504,-3.4,-341,-2.4,-1955755,-1.3,-648876,-7.4,-63773,-20.9,9,1.1
"C1370","0","10","80","0","2017","4","",1052,13398,13469,13723,174065791,12579757,296987,990,"",1.00,1.00,1.00,1.00,1.00,1.00,1.00,1.00,"",3,0.3,472,3.7,405,3.1,689,5.3,21788552,14.3,2108823,20.1,108927,57.9,90,10.0
"C1372","0","10","80","0","2017","4","",1546,18523,18524,18443,170630245,11742197,177111,710,"",1.00,1.00,1.00,1.00,1.00,1.00,1.00,1.00,"",20,1.3,202,1.1,179,1.0,170,0.9,5840537,3.5,-2312785,-16.5,-107272,-37.7,18,2.6
"C1374","0","10","40","0","2017","4","",7401,84324,84035,84397,1002618477,284132906,2917588,915,"",1.00,1.00,1.00,1.00,1.00,1.00,1.00,1.00,"",412,5.9,23,0.0,-184,-0.2,827,1.0,9747722,1.0,8201725,3.0,196492,7.2,6,0.7
"C1374","1","10","41","0","2017","4","",73,1857,1825,1836,38086999,0,0,1593,"",1.64,1.14,1.13,1.13,1.38,0.00,0.00,1.22,"",0,0.0,0,0.0,8,0.4,-2,-0.1,5069078,15.4,0,0.0,0,0.0,211,15.3
"C1374","2","10","41","0","2017","4","N",24,0,0,0,0,0,0,0,"N",0.46,0,0,0,0,0,0,0,"N",-1,-4.0,0,0,0,0,0,0,0,0,0,0,0,0,0,0
"C1374","3","10","41","0","2017","4","N",53,0,0,0,0,0,0,0,"N",0.42,0,0,0,0,0,0,0,"N",-1,-1.9,0,0,0,0,0,0,0,0,0,0,0,0,0,0
"C1374","5","10","41","0","2017","4","",7251,74707,74429,74754,877153746,237716934,2775598,904,"",1.01,1.04,1.04,1.04,1.02,0.86,0.96,0.98,"",414,6.1,-66,-0.1,-302,-0.4,612,0.8,793259,0.1,6485382,2.8,153137,5.8,0,0.0
"C1378","0","10","40","0","2017","4","",5383,101176,100931,100757,1138327664,73660489,2220223,867,"",1.00,1.00,1.00,1.00,1.00,1.00,1.00,1.00,"",-67,-1.2,-655,-0.6,-1012,-1.0,-560,-0.6,54153554,5.0,1647824,2.3,-290727,-11.6,47,5.7
"C1378","1","10","41","0","2017","4","",59,680,673,679,11465924,0,0,1302,"",1.83,0.35,0.35,0.35,0.37,0.00,0.00,1.05,"",0,0.0,-13,-1.9,-10,-1.5,-13,-1.9,288604,2.6,0,0.0,0,0.0,55,4.4
"C1378","2","10","41","0","2017","4","",76,6045,6071,6058,102175392,0,0,1297,"",2.01,1.86,1.88,1.89,2.75,0.00,0.00,1.47,"",2,2.7,-819,-11.9,-902,-12.9,-903,-13.0,18332024,21.9,0,0.0,0,0.0,367,39.5
"C1378","3","10","41","0","2017","4","",150,14484,14499,14680,142808656,46443,994,755,"",1.64,1.44,1.45,1.47,1.46,0.03,0.09,1.00,"",0,0.0,183,1.3,140,1.0,247,1.7,1723302,1.2,-9224,-16.6,-224,-18.4,-1,-0.1
"C1378","5","10","41","0","2017","4","",5098,79967,79688,79340,881877692,73614046,2219229,852,"",0.98,0.93,0.93,0.93,0.91,1.03,1.01,0.98,"",-69,-1.3,-6,0.0,-240,-0.3,109,0.1,33809624,4.0,1657048,2.3,-290503,-11.6,34,4.2
"C1382","0","10","40","0","2017","4","",29604,491654,494915,495038,6639746129,366008471,5446695,1034,"",1.00,1.00,1.00,1.00,1.00,1.00,1.00,1.00,"",561,1.9,6639,1.4,7130,1.5,6840,1.4,328108780,5.2,26082038,7.7,45032,0.8,37,3.7
"C1382","1","10","41","0","2017","4","",182,9060,9015,9206,164390999,0,0,1391,"",1.02,0.96,0.95,0.97,0.90,0.00,0.00,0.94,"",-2,-1.1,-53,-0.6,-128,-1.4,1,0.0,2912410,1.8,0,0.0,0,0.0,34,2.5
"C1382","2","10","41","0","2017","4","",183,25792,25932,25794,380209958,0,0,1132,"",0.88,1.63,1.64,1.63,1.75,0.00,0.00,1.07,"",-1,-0.5,104,0.4,247,1.0,163,0.6,19311084,5.4,0,0.0,0,0.0,50,4.6
"C1382","3","10","41","0","2017","4","",760,42889,43115,43473,495990828,933695,9381,884,"",1.51,0.88,0.88,0.89,0.87,0.13,0.33,0.99,"",-6,-0.8,493,1.2,384,0.9,454,1.1,12314024,2.5,-27546,-2.9,197,2.1,13,1.5
"C1382","5","10","41","0","2017","4","",28479,413913,416853,416565,5599154344,365074776,5437314,1036,"",0.99,0.99,0.99,0.99,0.99,1.03,1.00,1.00,"",570,2.0,6095,1.5,6627,1.6,6222,1.5,293571262,5.5,26109584,7.7,44835,0.8,39,3.9
"C1390","0","10","40","0","2017","4","",4942,70567,70383,69983,906330531,191130778,3088039,992,"",1.00,1.00,1.00,1.00,1.00,1.00,1.00,1.00,"",56,1.1,-1909,-2.6,-1717,-2.4,-1101,-1.5,-3859309,-0.4,-18017255,-8.6,367634,13.5,18,1.8
"C1390","1","10","41","0","2017","4","",64,1445,1435,1457,25394736,0,0,1351,"",2.16,1.06,1.07,1.08,1.02,0.00,0.00,0.95,"",1,1.6,-12,-0.8,-26,-1.8,-27,-1.8,-32280,-0.1,0,0.0,0,0.0,18,1.4
"C1390","2","10","41","0","2017","4","N",86,0,0,0,0,0,0,0,"N",2.48,0,0,0,0,0,0,0,"N",0,0.0,0,0,0,0,0,0,0,0,0,0,0,0,0,0
"C1390","3","10","41","0","2017","4","N",68,0,0,0,0,0,0,0,"N",0.81,0,0,0,0,0,0,0,"N",1,1.5,0,0,0,0,0,0,0,0,0,0,0,0,0,0
"C1390","5","10","41","0","2017","4","",4724,55701,55624,55145,719617624,184791902,2992030,998,"",0.99,0.93,0.93,0.93,0.93,1.00,0.98,1.00,"",54,1.2,-1799,-3.1,-1514,-2.6,-993,-1.8,-635995,-0.1,-16891381,-8.4,356233,13.5,25,2.6
"C1394","0","10","80","0","2017","4","",1114,16180,15316,15019,145619379,58495631,690435,722,"",1.00,1.00,1.00,1.00,1.00,1.00,1.00,1.00,"",15,1.4,248,1.6,118,0.8,415,2.8,11045495,8.2,1634944,2.9,-34990,-4.8,43,6.3
"C1398","0","10","40","0","2017","4","",4329,69718,69241,70350,738570412,41865000,554922,814,"",1.00,1.00,1.00,1.00,1.00,1.00,1.00,1.00,"",135,3.2,114,0.2,421,0.6,663,1.0,22165461,3.1,564033,1.4,-131489,-19.2,20,2.5
"C1398","1","10","41","0","2017","4","",43,447,443,431,7269945,0,0,1270,"",1.66,0.33,0.33,0.32,0.36,0.00,0.00,1.09,"",1,2.4,-4,-0.9,11,2.5,-8,-1.8,43767,0.6,0,0.0,0,0.0,9,0.7
"C1398","2","10","41","0","2017","4","",69,10936,10065,11345,163744532,0,0,1168,"",2.27,4.89,4.54,5.06,6.79,0.00,0.00,1.41,"",3,4.5,75,0.7,41,0.4,176,1.6,5951879,3.8,0,0.0,0,0.0,32,2.8
"C1398","3","10","41","0","2017","4","",168,7849,7941,7955,68184414,2488923,10243,663,"",2.28,1.14,1.15,1.14,1.07,3.00,3.51,0.94,"",-1,-0.6,41,0.5,16,0.2,73,0.9,1741221,2.6,-61664,-2.4,-2554,-20.0,14,2.2
"C1398","5","10","41","0","2017","4","",4049,50486,50792,50619,499371521,39376077,544679,759,"",0.96,0.85,0.86,0.85,0.79,0.97,0.99,0.93,"",132,3.4,2,0.0,353,0.7,422,0.8,14428594,3.0,625697,1.6,-128935,-19.1,18,2.4
"C1401","0","10","40","0","2017","4","",3762,89138,89149,88365,1091781958,77715889,2112727,945,"",1.00,1.00,1.00,1.00,1.00,1.00,1.00,1.00,"",-406,-9.7,-1104,-1.2,-1054,-1.2,-750,-0.8,18139535,1.7,-3032958,-3.8,-131247,-5.8,26,2.8
"C1401","1","10","41","0","2017","4","",41,503,505,525,6678613,0,0,1005,"",1.82,0.29,0.30,0.31,0.22,0.00,0.00,0.74,"",-2,-4.7,8,1.6,36,7.7,-21,-3.8,47888,0.7,0,0.0,0,0.0,-8,-0.8
"C1401","2","10","41","0","2017","4","N",1,0,0,0,0,0,0,0,"N",0.04,0,0,0,0,0,0,0,"N",0,0.0,0,0,0,0,0,0,0,0,0,0,0,0,0,0
"C1401","3","10","41","0","2017","4","N",134,0,0,0,0,0,0,0,"N",2.10,0,0,0,0,0,0,0,"N",-10,-6.9,0,0,0,0,0,0,0,0,0,0,0,0,0,0
"C1401","5","10","41","0","2017","4","",3586,75855,75751,75249,942590876,76652151,2098705,959,"",0.98,1.00,1.00,1.00,1.01,1.02,1.00,1.01,"",-394,-9.9,-1153,-1.5,-1180,-1.5,-840,-1.1,16066790,1.7,-1594168,-2.0,-118319,-5.3,29,3.1
"C1402","0","10","40","0","2017","4","",3311,68089,68326,67974,741578980,49834842,859106,837,"",1.00,1.00,1.00,1.00,1.00,1.00,1.00,1.00,"",48,1.5,460,0.7,337,0.5,774,1.2,54975868,8.0,2232375,4.7,-7564,-0.9,56,7.2
"C1402","1","10","41","0","2017","4","",29,352,353,354,5749975,0,0,1253,"",1.46,0.27,0.27,0.27,0.28,0.00,0.00,1.05,"",0,0.0,19,5.7,15,4.4,-4,-1.1,-33094,-0.6,0,0.0,0,0.0,-44,-3.4
"C1402","2","10","41","0","2017","4","N",35,0,0,0,0,0,0,0,"N",1.51,0,0,0,0,0,0,0,"N",-3,-7.9,0,0,0,0,0,0,0,0,0,0,0,0,0,0
"C1402","3","10","41","0","2017","4","N",69,0,0,0,0,0,0,0,"N",1.23,0,0,0,0,0,0,0,"N",1,1.5,0,0,0,0,0,0,0,0,0,0,0,0,0,0
"C1402","5","10","41","0","2017","4","",3178,50600,50833,50605,545078122,49522414,854730,827,"",0.99,0.87,0.88,0.88,0.86,1.03,1.00,0.98,"",50,1.6,277,0.6,427,0.8,547,1.1,48663708,9.8,2233497,4.7,-8472,-1.0,67,8.8
"C1410","0","10","40","0","2017","4","",2012,40932,41159,40608,527986187,22572153,1182180,993,"",1.00,1.00,1.00,1.00,1.00,1.00,1.00,1.00,"",19,1.0,0,0.0,219,0.5,127,0.3,16344519,3.2,-515734,-2.2,-125214,-9.6,28,2.9
"C1410","1","10","41","0","2017","4","",20,190,187,184,2795675,0,0,1150,"",1.66,0.24,0.24,0.24,0.19,0.00,0.00,0.81,"",0,0.0,9,5.0,-3,-1.6,-6,-3.2,53672,2.0,0,0.0,0,0.0,22,2.0
"C1410","2","10","41","0","2017","4","",28,2093,2093,2101,29116222,0,0,1069,"",1.99,1.59,1.59,1.62,1.69,0.00,0.00,1.06,"",0,0.0,-38,-1.8,-20,-0.9,18,0.9,1058126,3.8,0,0.0,0,0.0,46,4.5
"C1410","3","10","41","0","2017","4","",154,2927,2990,2990,29438387,110115,4345,763,"",4.50,0.72,0.73,0.74,0.65,0.25,0.70,0.89,"",27,21.3,-91,-3.0,-98,-3.2,-75,-2.4,131637,0.4,-5655,-4.9,-91,-2.1,26,3.5
"C1410","5","10","41","0","2017","4","",1810,35722,35889,35333,466635903,22462038,1177835,1007,"",0.93,1.03,1.03,1.02,1.04,1.03,1.00,1.01,"",-8,-0.4,120,0.3,340,1.0,190,0.5,15101084,3.3,-510079,-2.2,-125123,-9.6,27,2.8
"C1414","0","10","80","0","2017","4","",2500,34123,34336,34206,311868681,27785714,635706,701,"",1.00,1.00,1.00,1.00,1.00,1.00,1.00,1.00,"",-2,-0.1,-369,-1.1,-426,-1.2,-403,-1.2,12377447,4.1,-2976032,-9.7,-102521,-13.9,36,5.4
"C1418","0","10","80","0","2017","4","",1146,18358,18298,18238,220125516,20810350,548122,925,"",1.00,1.00,1.00,1.00,1.00,1.00,1.00,1.00,"",-38,-3.2,-369,-2.0,164,0.9,284,1.6,10105602,4.8,-857917,-4.0,-251170,-31.4,41,4.6
"C1422","0","10","80","0","2017","4","",798,10553,10753,10612,95076747,7859041,132034,687,"",1.00,1.00,1.00,1.00,1.00,1.00,1.00,1.00,"",30,3.9,53,0.5,13,0.1,-93,-0.9,792526,0.8,694408,9.7,1666,1.3,6,0.9
"C1426","0","10","40","0","2017","4","",22095,311903,311466,310977,3921241333,1154265223,13521040,968,"",1.00,1.00,1.00,1.00,1.00,1.00,1.00,1.00,"",1117,5.3,11332,3.8,10539,3.5,11707,3.9,492804336,14.4,104063284,9.9,604972,4.7,90,10.3
"C1426","1","10","41","0","2017","4","",108,6479,6345,6367,114824041,0,0,1381,"",0.81,1.08,1.06,1.06,1.07,0.00,0.00,1.00,"",-1,-0.9,243,3.9,173,2.8,204,3.3,4508266,4.1,0,0.0,0,0.0,10,0.7
"C1426","2","10","41","0","2017","4","N",118,0,0,0,0,0,0,0,"N",0.76,0,0,0,0,0,0,0,"N",8,7.3,0,0,0,0,0,0,0,0,0,0,0,0,0,0
"C1426","3","10","41","0","2017","4","N",397,0,0,0,0,0,0,0,"N",1.06,0,0,0,0,0,0,0,"N",-6,-1.5,0,0,0,0,0,0,0,0,0,0,0,0,0,0
"C1426","5","10","41","0","2017","4","",21472,266646,266475,265707,3395367549,1151600588,13497061,981,"",1.00,1.01,1.01,1.01,1.01,1.03,1.00,1.01,"",1116,5.5,10246,4.0,9529,3.7,10285,4.0,463874268,15.8,103814522,9.9,605032,4.7,101,11.5
"C1434","0","10","80","0","2017","4","",711,9089,9065,9162,93356293,21343237,285002,789,"",1.00,1.00,1.00,1.00,1.00,1.00,1.00,1.00,"",-10,-1.4,-690,-7.1,-638,-6.6,-443,-4.6,-5919561,-6.0,-2630297,-11.0,-169141,-37.2,1,0.1
"C1438","0","10","80","0","2017","4","",1715,23851,23678,23594,218776724,42200145,389336,710,"",1.00,1.00,1.00,1.00,1.00,1.00,1.00,1.00,"",33,2.0,619,2.7,741,3.2,-79,-0.3,5547653,2.6,1668379,4.1,-180778,-31.7,5,0.7
"C1442","0","10","80","0","2017","4","",505,8307,8400,8291,119422182,5669163,151507,1102,"",1.00,1.00,1.00,1.00,1.00,1.00,1.00,1.00,"",-15,-2.9,-453,-5.2,-322,-3.7,-537,-6.1,-15092692,-11.2,-785018,-12.2,-42022,-21.7,-78,-6.6
"C1446","0","10","40","0","2017","4","",166212,2667802,2675113,2677198,53418255899,4356349287,89502556,1537,"",1.00,1.00,1.00,1.00,1.00,1.00,1.00,1.00,"",3187,2.0,35250,1.3,34819,1.3,34232,1.3,3099495498,6.2,92478072,2.2,511908,0.6,70,4.8
"C1446","1","10","41","0","2017","4","",599,34977,34910,34929,742111419,0,0,1634,"",0.60,0.68,0.68,0.68,0.51,0.00,0.00,0.74,"",5,0.8,-36,-0.1,-184,-0.5,-489,-1.4,15873594,2.2,0,0.0,0,0.0,46,2.9
"C1446","2","10","41","0","2017","4","",1462,75373,75293,75222,1458420754,1137129381,2288281,1490,"",1.26,0.88,0.88,0.88,0.84,20.56,19.40,0.95,"",159,12.2,-2113,-2.7,-2075,-2.7,-1715,-2.2,17325215,1.2,2995435,0.3,-1119215,-32.8,55,3.8
"C1446","3","10","41","0","2017","4","",2313,189806,191988,192210,3022062359,167047043,623055,1215,"",0.82,0.72,0.72,0.73,0.66,1.94,1.32,0.91,"",-5,-0.2,293,0.2,-1283,-0.7,691,0.4,102495928,3.5,7787168,4.9,-23535,-3.6,42,3.6
"C1446","5","10","41","0","2017","4","",161838,2367646,2372922,2374837,48195661367,3052172863,86591220,1563,"",1.00,1.04,1.04,1.04,1.06,0.72,0.97,1.01,"",3028,1.9,37106,1.6,38361,1.6,35745,1.5,2963800761,6.6,81695469,2.8,1654658,1.9,73,4.9
"C1450","0","10","40","0","2017","4","",15322,181872,182656,183115,3031177122,209699514,3806478,1277,"",1.00,1.00,1.00,1.00,1.00,1.00,1.00,1.00,"",580,3.9,2778,1.6,2446,1.4,3284,1.8,140264927,4.9,9503125,4.7,98749,2.7,40,3.2
"C1450","1","10","41","0","2017","4","",40,2047,2033,2038,51784876,0,0,1953,"",0.44,0.58,0.58,0.58,0.62,0.00,0.00,1.07,"",3,8.1,-18,-0.9,-15,-0.7,-12,-0.6,1121029,2.2,0,0.0,0,0.0,56,3.0
"C1450","2","10","41","0","2017","4","",17,10731,10922,11120,193146198,0,0,1360,"",0.16,1.84,1.87,1.90,1.95,0.00,0.00,1.04,"",-2,-10.5,-64,-0.6,91,0.8,300,2.8,13338922,7.4,0,0.0,0,0.0,81,6.3
"C1450","3","10","41","0","2017","4","",48,16689,16690,16533,201815427,12242631,37001,933,"",0.18,0.93,0.92,0.91,0.77,2.95,1.85,0.84,"",-1,-2.0,122,0.7,-170,-1.0,-140,-0.8,2851203,1.4,446995,3.8,1466,4.1,17,1.9
"C1450","5","10","41","0","2017","4","",15217,152405,153011,153424,2584430621,197456883,3769477,1300,"",1.02,0.99,0.99,0.99,1.00,0.97,1.00,1.01,"",580,4.0,2738,1.8,2540,1.7,3136,2.1,122953773,5.0,9056130,4.8,97283,2.6,39,3.1
"C1454","0","10","40","0","2017","4","",4488,73770,74629,74120,784741463,73048708,1697171,814,"",1.00,1.00,1.00,1.00,1.00,1.00,1.00,1.00,"",-53,-1.2,121,0.2,330,0.4,195,0.3,30741802,4.1,-1099460,-1.5,-481250,-22.1,30,3.8
"C1454","1","10","41","0","2017","4","",45,673,645,654,10288114,0,0,1204,"",1.67,0.47,0.45,0.46,0.48,0.00,0.00,1.03,"",-1,-2.2,21,3.2,10,1.6,2,0.3,630658,6.5,0,0.0,0,0.0,55,4.8
"C1454","2","10","41","0","2017","4","",88,4298,4369,4391,44342209,5512,33,784,"",2.80,1.82,1.83,1.86,1.73,0.01,0.01,0.94,"",5,6.0,26,0.6,34,0.8,39,0.9,1755418,4.1,3521,176.8,-21,-38.9,26,3.4
"C1454","3","10","41","0","2017","4","",60,6481,6566,6563,58216954,109833,1746,685,"",0.79,0.89,0.89,0.89,0.86,0.08,0.20,0.97,"",1,1.7,46,0.7,89,1.4,129,2.0,1606180,2.8,10045,10.1,-338,-16.2,10,1.5
"C1454","5","10","41","0","2017","4","",4295,62318,63049,62512,671894186,72933363,1695392,825,"",0.99,0.99,0.99,0.99,1.00,1.03,1.01,1.01,"",-58,-1.3,28,0.0,197,0.3,25,0.0,26749546,4.1,-1113026,-1.5,-480891,-22.1,32,4.0
"C1458","0","10","80","0","2017","4","",6874,57712,56908,57118,655812986,248594527,2519289,881,"",1.00,1.00,1.00,1.00,1.00,1.00,1.00,1.00,"",535,8.4,2271,4.1,2292,4.2,1735,3.1,48938422,8.1,16085956,6.9,313655,14.2,34,4.0
"C1462","0","10","80","0","2017","4","",1167,15245,15256,15187,160496870,9241385,513659,811,"",1.00,1.00,1.00,1.00,1.00,1.00,1.00,1.00,"",-6,-0.5,66,0.4,104,0.7,82,0.5,8721157,5.7,758708,8.9,41725,8.8,40,5.2
"C1466","0","10","80","0","2017","4","",3017,40758,39423,38847,383675731,104483997,1689333,744,"",1.00,1.00,1.00,1.00,1.00,1.00,1.00,1.00,"",120,4.1,1064,2.7,966,2.5,1099,2.9,17893579,4.9,-2737386,-2.6,-17899,-1.0,16,2.2
"C1470","0","10","80","0","2017","4","",2773,36485,36380,35284,283975128,54636556,1252909,606,"",1.00,1.00,1.00,1.00,1.00,1.00,1.00,1.00,"",103,3.9,804,2.3,467,1.3,676,2.0,9599551,3.5,1403019,2.6,-506499,-28.8,10,1.7
"C1472","0","10","80","0","2017","4","",2307,19185,21009,24163,221580823,37631927,569380,795,"",1.00,1.00,1.00,1.00,1.00,1.00,1.00,1.00,"",48,2.1,545,2.9,745,3.7,280,1.2,9133530,4.3,-330140,-0.9,-2864,-0.5,14,1.8
"C1474","0","10","40","0","2017","4","",6650,87956,88316,88331,1156942652,273645199,2791555,1009,"",1.00,1.00,1.00,1.00,1.00,1.00,1.00,1.00,"",-41,-0.6,1167,1.3,1136,1.3,1074,1.2,59852503,5.5,20338502,8.0,-213583,-7.1,40,4.1
"C1474","1","10","41","0","2017","4","",61,19194,19290,19377,409740886,0,0,1634,"",1.53,11.34,11.41,11.39,12.88,0.00,0.00,1.13,"",-1,-1.6,28,0.1,71,0.4,144,0.7,16381711,4.2,0,0.0,0,0.0,59,3.7
"C1474","2","10","41","0","2017","4","",35,1862,1864,1825,23058809,13505,14,959,"",0.75,0.66,0.66,0.65,0.61,0.00,0.00,0.93,"",0,0.0,2,0.1,15,0.8,28,1.6,1656053,7.7,-1013,-7.0,-153,-91.6,62,6.9
"C1474","3","10","41","0","2017","4","",55,11209,11387,11441,145844154,10278813,73046,989,"",0.49,1.29,1.30,1.31,1.47,1.90,4.97,1.13,"",1,1.9,11,0.1,23,0.2,31,0.3,7098050,5.1,1888830,22.5,7441,11.3,47,5.0
"C1474","5","10","41","0","2017","4","",6499,55691,55775,55688,578298803,263352881,2718495,798,"",1.01,0.75,0.74,0.74,0.59,0.99,0.98,0.79,"",-41,-0.6,1126,2.1,1027,1.9,871,1.6,34716689,6.4,18450685,7.5,-220871,-7.5,34,4.5
"C1478","0","10","80","0","2017","4","",961,14754,14803,14814,151825331,10003609,217165,790,"",1.00,1.00,1.00,1.00,1.00,1.00,1.00,1.00,"",24,2.6,-5,0.0,-10,-0.1,-7,0.0,7211083,5.0,295225,3.0,49004,29.1,38,5.1
"C1482","0","10","80","0","2017","4","",909,8967,8842,8802,81537966,18638083,176382,707,"",1.00,1.00,1.00,1.00,1.00,1.00,1.00,1.00,"",14,1.6,85,1.0,88,1.0,80,0.9,3493380,4.5,461909,2.5,-100194,-36.2,24,3.5
"C1486","0","10","40","0","2017","4","",35512,421309,424074,424698,9299012565,520792519,17673362,1690,"",1.00,1.00,1.00,1.00,1.00,1.00,1.00,1.00,"",371,1.1,-3690,-0.9,-2409,-0.6,-1576,-0.4,14389250,0.2,-361034,-0.1,-942033,-5.1,13,0.8
"C1486","1","10","41","0","2017","4","",81,2821,2826,2859,53895205,0,0,1462,"",0.38,0.35,0.35,0.35,0.21,0.00,0.00,0.60,"",-1,-1.2,50,1.8,12,0.4,-1,0.0,2224354,4.3,0,0.0,0,0.0,50,3.5
"C1486","2","10","41","0","2017","4","",83,6120,6060,6056,94989770,0,0,1202,"",0.33,0.45,0.45,0.45,0.31,0.00,0.00,0.70,"",-2,-2.4,-282,-4.4,-231,-3.7,-166,-2.7,1799363,1.9,0,0.0,0,0.0,65,5.7
"C1486","3","10","41","0","2017","4","",379,36621,36933,36434,613673216,820354,30244,1288,"",0.63,0.88,0.88,0.87,0.77,0.08,0.33,0.88,"",2,0.5,-201,-0.5,-501,-1.3,-354,-1.0,-1699046,-0.3,51123,6.6,2120,7.5,9,0.7
"C1486","5","10","41","0","2017","4","",34969,375747,378255,379349,8536454374,519972165,17643118,1738,"",1.02,1.05,1.05,1.05,1.08,1.03,1.00,1.02,"",372,1.1,-3257,-0.9,-1689,-0.4,-1055,-0.3,12064579,0.1,-412157,-0.1,-944153,-5.1,11,0.6
"C1502","0","10","80","0","2017","4","",818,12243,12226,12236,112097284,16091688,71246,705,"",1.00,1.00,1.00,1.00,1.00,1.00,1.00,1.00,"",-6,-0.7,352,3.0,279,2.3,263,2.2,4585712,4.3,339161,2.2,-18876,-20.9,12,1.7
"C1506","0","10","80","0","2017","4","",838,6682,6575,6581,60194789,24838332,565436,700,"",1.00,1.00,1.00,1.00,1.00,1.00,1.00,1.00,"",3,0.4,-94,-1.4,-26,-0.4,86,1.3,2138899,3.7,1481497,6.3,25337,4.7,26,3.9
"C1510","0","10","80","0","2017","4","",1074,18649,18585,18313,197084467,18170141,125004,819,"",1.00,1.00,1.00,1.00,1.00,1.00,1.00,1.00,"",-2,-0.2,-387,-2.0,-510,-2.7,-376,-2.0,-2338547,-1.2,-1930582,-9.6,-122332,-49.5,9,1.1
"C1518","0","10","40","0","2017","4","",6548,139256,140189,140668,1185467401,120378292,2618370,651,"",1.00,1.00,1.00,1.00,1.00,1.00,1.00,1.00,"",4,0.1,353,0.3,-7,0.0,42,0.0,23443890,2.0,3688772,3.2,306424,13.3,12,1.9
"C1518","1","10","41","0","2017","4","",56,3363,3372,3376,73378027,0,0,1675,"",1.43,1.25,1.26,1.25,2.25,0.00,0.00,1.80,"",-1,-1.8,63,1.9,48,1.4,21,0.6,1172715,1.6,0,0.0,0,0.0,5,0.3
"C1518","2","10","41","0","2017","4","",28,3018,3052,3066,34061370,0,0,860,"",0.61,0.68,0.68,0.68,0.88,0.00,0.00,1.30,"",-4,-12.5,-504,-14.3,-508,-14.3,-495,-13.9,-3200618,-8.6,0,0.0,0,0.0,52,6.4
"C1518","3","10","41","0","2017","4","",112,23296,23414,23322,246232791,1008035,994,811,"",1.01,1.69,1.68,1.68,2.42,0.42,0.07,1.44,"",0,0.0,-380,-1.6,-389,-1.6,-462,-1.9,9121075,3.8,-127575,-11.2,-20567,-95.4,43,5.6
"C1518","5","10","41","0","2017","4","",6352,109579,110351,110904,831795213,119370257,2617376,580,"",1.00,0.93,0.93,0.93,0.82,1.02,1.01,0.89,"",9,0.1,1174,1.1,842,0.8,978,0.9,16350718,2.0,3816347,3.3,326991,14.3,6,1.0
"C1522","0","10","80","0","2017","4","",909,15733,15802,15812,151997743,12647839,242728,741,"",1.00,1.00,1.00,1.00,1.00,1.00,1.00,1.00,"",-1,-0.1,-46,-0.3,-278,-1.7,-253,-1.6,8197637,5.7,845491,7.2,49421,25.6,49,7.1
"C1526","0","10","40","0","2017","4","",3061,41781,42107,42060,437074181,38133944,592232,801,"",1.00,1.00,1.00,1.00,1.00,1.00,1.00,1.00,"",-332,-9.8,579,1.4,451,1.1,352,0.8,16441875,3.9,442597,1.2,-94283,-13.7,22,2.8
"C1526","1","10","41","0","2017","4","",45,1893,1901,1925,43348355,0,0,1749,"",2.45,2.35,2.36,2.38,3.61,0.00,0.00,1.53,"",-15,-25.0,64,3.5,67,3.7,71,3.8,2866288,7.1,0,0.0,0,0.0,56,3.3
"C1526","2","10","41","0","2017","4","",47,1781,1779,1772,16617760,29840,414,719,"",2.19,1.33,1.32,1.32,1.16,0.06,0.53,0.88,"",-3,-6.0,40,2.3,-7,-0.4,-13,-0.7,1160395,7.5,-3771,-11.2,-241,-36.8,47,7.0
"C1526","3","10","41","0","2017","4","",33,4632,4657,4641,45705701,31391,95,757,"",0.63,1.12,1.11,1.11,1.22,0.04,0.03,1.09,"",-2,-5.7,-30,-0.6,-47,-1.0,-17,-0.4,-1542254,-3.3,-15170,-32.6,-522,-84.6,-20,-2.6
"C1526","5","10","41","0","2017","4","",2936,33475,33770,33722,331402365,38072713,591723,757,"",0.99,0.94,0.94,0.94,0.89,1.03,1.01,0.94,"",-312,-9.6,505,1.5,438,1.3,311,0.9,13957446,4.4,461538,1.2,-93520,-13.6,22,3.0
"C1534","0","10","80","0","2017","4","",935,13404,13371,13299,133103938,8320595,223935,766,"",1.00,1.00,1.00,1.00,1.00,1.00,1.00,1.00,"",12,1.3,-181,-1.3,-200,-1.5,-232,-1.7,6304347,5.0,-834509,-9.1,13893,6.6,47,6.5
"C1538","0","10","40","0","2017","4","",29654,549872,550954,549310,6818215185,457074580,13758807,954,"",1.00,1.00,1.00,1.00,1.00,1.00,1.00,1.00,"",102,0.3,100,0.0,2096,0.4,2213,0.4,242720717,3.7,25188546,5.8,-1313066,-8.7,32,3.5
"C1538","1","10","41","0","2017","4","",138,9308,9448,9417,183595699,0,0,1504,"",0.78,0.88,0.90,0.89,0.98,0.00,0.00,1.10,"",-1,-0.7,169,1.8,293,3.2,-42,-0.4,8272008,4.7,0,0.0,0,0.0,46,3.2
"C1538","2","10","41","0","2017","4","",210,20221,20238,20217,381904758,29935,479,1452,"",1.01,1.15,1.15,1.15,1.72,0.01,0.03,1.49,"",8,4.0,-1253,-5.8,-1197,-5.6,-1186,-5.5,68505451,21.9,-12395,-29.3,-410,-46.1,327,29.1
"C1538","3","10","41","0","2017","4","",464,58350,58727,59125,802744107,239886,7258,1051,"",0.92,1.07,1.07,1.09,1.37,0.03,0.10,1.27,"",9,2.0,440,0.8,474,0.8,424,0.7,12044012,1.5,-33175,-12.1,-2205,-23.3,8,0.8
"C1538","5","10","41","0","2017","4","",28842,461993,462541,460551,5449970621,456804759,13751070,908,"",1.00,0.99,0.99,0.99,0.94,1.03,1.01,0.95,"",86,0.3,744,0.2,2526,0.5,3017,0.7,153899246,2.9,25234116,5.8,-1310451,-8.7,22,2.5
"C1542","0","10","80","0","2017","4","",1501,20217,19086,18558,186576620,84435257,932702,744,"",1.00,1.00,1.00,1.00,1.00,1.00,1.00,1.00,"",34,2.3,638,3.3,106,0.6,195,1.1,10926473,6.2,3638815,4.5,-6282,-0.7,32,4.5
"C1546","0","10","80","0","2017","4","",1507,23179,23317,23178,243600112,52703651,1079325,807,"",1.00,1.00,1.00,1.00,1.00,1.00,1.00,1.00,"",18,1.2,-262,-1.1,-238,-1.0,-299,-1.3,4535649,1.9,-2512460,-4.6,-20060,-1.8,24,3.1
"C1550","0","10","40","0","2017","4","",3453,60787,61532,61729,623702179,132039926,1270125,782,"",1.00,1.00,1.00,1.00,1.00,1.00,1.00,1.00,"",83,2.5,348,0.6,615,1.0,569,0.9,16669899,2.7,2376566,1.8,-757194,-37.3,14,1.8
"C1550","1","10","41","0","2017","4","",14,238,248,247,3606121,0,0,1135,"",0.68,0.20,0.21,0.21,0.21,0.00,0.00,1.01,"",0,0.0,14,6.2,28,12.7,14,6.0,174835,5.1,0,0.0,0,0.0,-35,-3.0
"C1550","2","10","41","0","2017","4","",17,977,995,998,8572242,0,0,666,"",0.70,0.50,0.50,0.51,0.42,0.00,0.00,0.84,"",0,0.0,9,0.9,10,1.0,12,1.2,-182269,-2.1,0,0.0,0,0.0,-21,-3.1
"C1550","3","10","41","0","2017","4","",60,5897,5903,5868,56970493,0,0,744,"",1.02,0.98,0.97,0.96,1.06,0.00,0.00,1.10,"",0,0.0,69,1.2,45,0.8,24,0.4,1437475,2.6,0,0.0,0,0.0,13,1.8
"C1550","5","10","41","0","2017","4","",3362,53675,54386,54616,554553323,132039926,1270125,787,"",1.00,1.04,1.04,1.04,1.04,1.03,1.01,1.00,"",83,2.5,256,0.5,532,1.0,519,1.0,15239858,2.8,2376566,1.8,-757194,-37.3,16,2.1
"C1554","0","10","40","0","2017","4","",8401,122458,121684,122111,1635652228,143261449,4289867,1031,"",1.00,1.00,1.00,1.00,1.00,1.00,1.00,1.00,"",168,2.0,507,0.4,218,0.2,896,0.7,49562594,3.1,7764072,5.7,-387012,-8.3,27,2.7
"C1554","1","10","41","0","2017","4","",103,3981,3980,4010,76765750,0,0,1480,"",2.04,1.69,1.71,1.70,1.71,0.00,0.00,1.00,"",-1,-1.0,118,3.1,76,1.9,206,5.4,5635995,7.9,0,0.0,0,0.0,61,4.3
"C1554","2","10","41","0","2017","4","N",56,0,0,0,0,0,0,0,"N",0.95,0,0,0,0,0,0,0,"N",0,0.0,0,0,0,0,0,0,0,0,0,0,0,0,0,0
"C1554","3","10","41","0","2017","4","N",201,0,0,0,0,0,0,0,"N",1.41,0,0,0,0,0,0,0,"N",7,3.6,0,0,0,0,0,0,0,0,0,0,0,0,0,0
"C1554","5","10","41","0","2017","4","",8041,100653,100000,100319,1335286472,143020753,4284980,1024,"",0.99,0.97,0.97,0.97,0.96,1.03,1.01,0.99,"",162,2.1,527,0.5,397,0.4,596,0.6,37973874,2.9,7721097,5.7,-387660,-8.3,24,2.4
"C1558","0","10","80","0","2017","4","",1343,15921,15903,15752,168944788,61844652,572347,819,"",1.00,1.00,1.00,1.00,1.00,1.00,1.00,1.00,"",43,3.3,-57,-0.4,144,0.9,60,0.4,4214858,2.6,1260597,2.1,69699,13.9,17,2.1
"C1562","0","10","80","0","2017","4","",1135,16851,16676,16745,170293443,12920508,462360,782,"",1.00,1.00,1.00,1.00,1.00,1.00,1.00,1.00,"",14,1.2,236,1.4,126,0.8,189,1.1,11578629,7.3,1008468,8.5,49525,12.0,45,6.1
"C1566","0","10","80","0","2017","4","",1022,21642,21621,21763,234286429,22624231,549026,831,"",1.00,1.00,1.00,1.00,1.00,1.00,1.00,1.00,"",-64,-5.9,1340,6.6,1258,6.2,1283,6.3,34437720,17.2,2913113,14.8,116781,27.0,77,10.2
"C1568","0","10","40","0","2017","4","",2162,44266,44380,44477,778032780,23970609,468454,1349,"",1.00,1.00,1.00,1.00,1.00,1.00,1.00,1.00,"",12,0.6,748,1.7,584,1.3,714,1.6,36843391,5.0,160518,0.7,-35078,-7.0,44,3.4
"C1568","1","10","41","0","2017","4","",39,9618,9641,9708,280141921,0,0,2232,"",3.01,11.29,11.35,11.33,13.10,0.00,0.00,1.16,"",-2,-4.9,98,1.0,92,1.0,137,1.4,10719550,4.0,0,0.0,0,0.0,61,2.8
"C1568","2","10","41","0","2017","4","",11,929,932,897,11917183,139312,0,997,"",0.73,0.65,0.66,0.63,0.47,0.46,0.00,0.72,"",0,0.0,-8,-0.9,-7,-0.7,21,2.4,153422,1.3,-10464,-7.0,0,0.0,11,1.1
"C1568","3","10","41","0","2017","4","",59,3866,3795,3846,50287071,33658,102,1008,"",1.61,0.88,0.86,0.87,0.75,0.07,0.04,0.86,"",0,0.0,-7,-0.2,-129,-3.3,-72,-1.8,-160026,-0.3,19074,130.8,58,131.8,14,1.4
"C1568","5","10","41","0","2017","4","",2053,29853,30012,30026,435686605,23797639,468352,1118,"",0.98,0.79,0.80,0.79,0.66,1.03,1.01,0.82,"",14,0.7,665,2.3,628,2.1,628,2.1,26130445,6.4,151908,0.6,-35136,-7.0,44,4.1
"C1570","0","10","80","0","2017","4","",726,11042,11020,10685,113314577,13100086,194997,799,"",1.00,1.00,1.00,1.00,1.00,1.00,1.00,1.00,"",1,0.1,-384,-3.4,-338,-3.0,-303,-2.8,-377478,-0.3,275100,2.1,-25163,-11.4,22,2.8
"C1574","0","10","80","0","2017","4","",949,15647,15533,15416,164321014,12966088,489683,814,"",1.00,1.00,1.00,1.00,1.00,1.00,1.00,1.00,"",-1,-0.1,496,3.3,523,3.5,296,2.0,13507685,9.0,2569341,24.7,252741,106.7,45,5.9
"C1578","0","10","80","0","2017","4","",776,9930,9929,9920,103134423,8799442,154682,799,"",1.00,1.00,1.00,1.00,1.00,1.00,1.00,1.00,"",10,1.3,65,0.7,17,0.2,14,0.1,5295670,5.4,953738,12.2,-27620,-15.2,38,5.0
"C1582","0","10","80","0","2017","4","",734,12914,13184,13385,118687949,16508761,428192,694,"",1.00,1.00,1.00,1.00,1.00,1.00,1.00,1.00,"",-18,-2.4,874,7.3,928,7.6,1052,8.5,10516143,9.7,2485803,17.7,-9719,-2.2,12,1.8
"C1586","0","10","80","0","2017","4","",943,13627,13620,13484,136195804,18355832,245906,772,"",1.00,1.00,1.00,1.00,1.00,1.00,1.00,1.00,"",27,2.9,224,1.7,203,1.5,115,0.9,4999204,3.8,1311150,7.7,2670,1.1,19,2.5
"C1590","0","10","80","0","2017","4","",666,8413,8336,8325,72696072,7724676,198698,669,"",1.00,1.00,1.00,1.00,1.00,1.00,1.00,1.00,"",-61,-8.4,-22,-0.3,-88,-1.0,-105,-1.2,1499242,2.1,204934,2.7,2540,1.3,19,2.9
"C1594","0","10","40","0","2017","4","",9184,168126,168504,167887,1815139431,132839761,3819097,830,"",1.00,1.00,1.00,1.00,1.00,1.00,1.00,1.00,"",11,0.1,1482,0.9,1575,0.9,1902,1.1,98242306,5.7,12811609,10.7,1053593,38.1,37,4.7
"C1594","1","10","41","0","2017","4","",52,1035,1034,1034,17371509,0,0,1292,"",0.94,0.32,0.32,0.32,0.35,0.00,0.00,1.09,"",1,2.0,43,4.3,44,4.4,25,2.5,997543,6.1,0,0.0,0,0.0,29,2.3
"C1594","2","10","41","0","2017","4","",22,1440,1449,1444,18956376,0,0,1010,"",0.34,0.27,0.27,0.27,0.32,0.00,0.00,1.19,"",0,0.0,49,3.5,59,4.2,48,3.4,-1919526,-9.2,0,0.0,0,0.0,-143,-12.4
"C1594","3","10","41","0","2017","4","",307,17787,17947,17734,181521165,61381,863,783,"",1.97,1.07,1.07,1.07,1.16,0.02,0.04,1.09,"",2,0.7,149,0.8,302,1.7,151,0.9,6048523,3.4,15066,32.5,452,110.0,17,2.2
"C1594","5","10","41","0","2017","4","",8803,147864,148074,147675,1597290381,132778380,3818234,831,"",0.99,1.04,1.03,1.03,1.03,1.03,1.01,1.00,"",8,0.1,1241,0.8,1170,0.8,1678,1.1,93115766,6.2,12796543,10.7,1053141,38.1,41,5.2
"C1598","0","10","40","0","2017","4","",21983,256729,263404,266067,2972408516,211119969,2164584,872,"",1.00,1.00,1.00,1.00,1.00,1.00,1.00,1.00,"",369,1.7,4723,1.9,5722,2.2,5930,2.3,159943241,5.7,6842719,3.3,-702334,-24.5,29,3.4
"C1598","1","10","41","0","2017","4","",55,2306,2301,2371,39436937,0,0,1304,"",0.42,0.47,0.46,0.46,0.48,0.00,0.00,1.05,"",1,1.9,-212,-8.4,-210,-8.4,-217,-8.4,-4239728,-9.7,0,0.0,0,0.0,-19,-1.4
"C1598","2","10","41","0","2017","4","",71,5347,5392,5367,59574415,0,0,854,"",0.46,0.65,0.64,0.63,0.61,0.00,0.00,0.96,"",1,1.4,1217,29.5,1240,29.9,1217,29.3,13477687,29.2,0,0.0,0,0.0,-2,-0.2
"C1598","3","10","41","0","2017","4","",53,34653,34533,34406,486370218,756957,1135,1083,"",0.14,1.36,1.32,1.31,1.90,0.18,0.10,1.43,"",-3,-5.4,684,2.0,299,0.9,-554,-1.6,21942191,4.7,-119519,-13.6,-914,-44.6,44,4.2
"C1598","5","10","41","0","2017","4","",21804,214423,221178,223923,2387026946,210363012,2163449,835,"",1.02,0.98,0.99,0.99,0.94,1.03,1.01,0.95,"",370,1.7,3034,1.4,4393,2.0,5484,2.5,128763091,5.7,6962238,3.4,-701420,-24.5,29,3.6
"C1602","0","10","40","0","2017","4","",3201,44092,44313,44518,455423390,46449974,608011,791,"",1.00,1.00,1.00,1.00,1.00,1.00,1.00,1.00,"",156,5.1,183,0.4,132,0.3,217,0.5,13548864,3.1,3104373,7.2,-127675,-17.4,21,2.7
"C1602","1","10","41","0","2017","4","",41,417,411,411,6839885,0,0,1274,"",2.14,0.49,0.48,0.48,0.55,0.00,0.00,1.13,"",-3,-6.8,-128,-23.5,-141,-25.5,-146,-26.2,244262,3.7,0,0.0,0,0.0,354,38.5
"C1602","2","10","41","0","2017","4","",30,2256,2252,2297,23543624,0,0,798,"",1.34,1.59,1.59,1.62,1.58,0.00,0.00,0.99,"",-2,-6.2,-36,-1.6,-76,-3.3,-49,-2.1,291518,1.3,0,0.0,0,0.0,28,3.6
"C1602","3","10","41","0","2017","4","",90,3884,3916,3839,28615435,396947,7327,567,"",1.65,0.89,0.89,0.87,0.73,0.43,2.29,0.83,"",1,1.1,75,2.0,80,2.1,60,1.6,733612,2.6,120537,43.6,393,5.7,4,0.7
"C1602","5","10","41","0","2017","4","",3040,37535,37734,37971,396424446,46053027,600684,808,"",0.98,1.00,1.00,1.00,1.02,1.02,0.99,1.02,"",160,5.6,272,0.7,269,0.7,352,0.9,12279472,3.2,2983836,6.9,-128068,-17.6,19,2.4
"C1606","0","10","40","0","2017","4","",2593,53263,53687,52880,536218220,52261408,1305212,774,"",1.00,1.00,1.00,1.00,1.00,1.00,1.00,1.00,"",-247,-8.7,-117,-0.2,-32,-0.1,-83,-0.2,15906471,3.1,1084330,2.1,-143151,-9.9,24,3.2
"C1606","1","10","41","0","2017","4","",42,1788,1781,1779,33224848,0,0,1434,"",2.70,1.74,1.73,1.75,2.25,0.00,0.00,1.30,"",-1,-2.3,-7,-0.4,-21,-1.2,-34,-1.9,400426,1.2,0,0.0,0,0.0,34,2.4
"C1606","2","10","41","0","2017","4","N",2,0,0,0,0,0,0,0,"N",0.11,0,0,0,0,0,0,0,"N",-1,-33.3,0,0,0,0,0,0,0,0,0,0,0,0,0,0
"C1606","3","10","41","0","2017","4","N",84,0,0,0,0,0,0,0,"N",1.91,0,0,0,0,0,0,0,"N",-4,-4.5,0,0,0,0,0,0,0,0,0,0,0,0,0,0
"C1606","5","10","41","0","2017","4","",2465,40210,40613,40441,388329486,49888414,1270031,739,"",0.98,0.89,0.89,0.90,0.85,0.99,0.98,0.95,"",-241,-8.9,121,0.3,166,0.4,395,1.0,16242207,4.4,1295761,2.7,-127925,-9.2,27,3.8
"C1610","0","10","80","0","2017","4","",1709,28206,28527,28699,411751180,87208427,1274742,1112,"",1.00,1.00,1.00,1.00,1.00,1.00,1.00,1.00,"",20,1.2,1952,7.4,2349,9.0,2294,8.7,24393678,6.3,26005200,42.5,467083,57.8,-22,-1.9
"C1618","0","10","40","0","2017","4","",2070,30366,30355,30253,394629674,70379519,1518350,1001,"",1.00,1.00,1.00,1.00,1.00,1.00,1.00,1.00,"",22,1.1,1576,5.5,1536,5.3,1290,4.5,34589437,9.6,9796714,16.2,282035,22.8,41,4.3
"C1618","1","10","41","0","2017","4","",18,841,873,817,12587123,0,0,1148,"",1.45,1.44,1.50,1.40,1.16,0.00,0.00,0.80,"",0,0.0,315,59.9,366,72.2,310,61.1,3418722,37.3,0,0.0,0,0.0,-226,-16.4
"C1618","2","10","41","0","2017","4","N",145,0,0,0,0,0,0,0,"N",10.00,0,0,0,0,0,0,0,"N",-4,-2.7,0,0,0,0,0,0,0,0,0,0,0,0,0,0
"C1618","3","10","41","0","2017","4","N",10,0,0,0,0,0,0,0,"N",0.28,0,0,0,0,0,0,0,"N",1,11.1,0,0,0,0,0,0,0,0,0,0,0,0,0,0
"C1618","5","10","41","0","2017","4","",1897,20659,20536,20435,250991734,70317484,1516706,940,"",0.94,0.80,0.80,0.79,0.74,1.03,1.01,0.93,"",25,1.3,1165,6.0,1089,5.6,897,4.6,25857702,11.5,9800963,16.2,282147,22.9,52,5.9
"C1622","0","10","40","0","2017","4","",3565,38605,38604,38469,489432379,98087120,1567831,976,"",1.00,1.00,1.00,1.00,1.00,1.00,1.00,1.00,"",78,2.2,700,1.8,965,2.6,900,2.4,34303034,7.5,11751640,13.6,550469,54.1,47,5.1
"C1622","1","10","41","0","2017","4","",37,644,643,647,11324025,0,0,1351,"",1.73,0.87,0.87,0.87,0.84,0.00,0.00,0.97,"",-2,-5.1,10,1.6,6,0.9,-4,-0.6,195823,1.8,0,0.0,0,0.0,15,1.1
"C1622","2","10","41","0","2017","4","",33,686,688,687,9770640,0,0,1094,"",1.32,0.55,0.56,0.56,0.61,0.00,0.00,1.10,"",0,0.0,-17,-2.4,-13,-1.9,-17,-2.4,-217267,-2.2,0,0.0,0,0.0,1,0.1
"C1622","3","10","41","0","2017","4","",25,4290,4250,4270,50187416,782799,7291,904,"",0.41,1.12,1.11,1.12,1.19,0.40,0.88,1.07,"",0,0.0,-130,-2.9,-100,-2.3,-185,-4.2,-271282,-0.5,148527,23.4,2044,39.0,24,2.7
"C1622","5","10","41","0","2017","4","",3470,32985,33023,32865,418150298,97304321,1560540,976,"",1.00,1.01,1.01,1.01,1.00,1.03,1.00,0.99,"",80,2.4,837,2.6,1072,3.4,1106,3.5,34595760,9.0,11603113,13.5,548425,54.2,53,5.7
"C1626","0","10","80","0","2017","4","",1591,17951,18127,18246,155038793,52592841,285356,659,"",1.00,1.00,1.00,1.00,1.00,1.00,1.00,1.00,"",62,4.1,740,4.3,827,4.8,724,4.1,10312490,7.1,4225053,8.7,-53045,-15.7,17,2.6
"C1630","0","10","40","0","2017","4","",8152,142315,142922,143406,2022142605,313074584,5624318,1089,"",1.00,1.00,1.00,1.00,1.00,1.00,1.00,1.00,"",128,1.6,-457,-0.3,266,0.2,934,0.7,115165615,6.0,6468566,2.1,-233031,-4.0,61,5.9
"C1630","1","10","41","0","2017","4","",67,1163,1172,1182,20696601,0,0,1358,"",1.37,0.42,0.43,0.43,0.37,0.00,0.00,0.87,"",0,0.0,-1,-0.1,20,1.7,2,0.2,846823,4.3,0,0.0,0,0.0,48,3.7
"C1630","2","10","41","0","2017","4","",59,922,923,932,12750574,12620,13,1060,"",1.03,0.20,0.20,0.20,0.19,0.00,0.00,0.95,"",0,0.0,-57,-5.8,-59,-6.0,-79,-7.8,-595881,-4.5,-281,-2.2,0,0.0,24,2.3
"C1630","3","10","41","0","2017","4","",186,14733,14830,14968,168256588,2485019,3567,872,"",1.34,1.04,1.04,1.05,0.97,0.40,0.12,0.92,"",-1,-0.5,118,0.8,110,0.7,115,0.8,1756266,1.1,367113,17.3,-1851,-34.2,2,0.2
"C1630","5","10","41","0","2017","4","",7840,125497,125997,126324,1820438842,310576945,5620738,1112,"",0.99,1.04,1.04,1.04,1.05,1.03,1.01,1.02,"",129,1.7,-517,-0.4,195,0.2,896,0.7,113158407,6.6,6101734,2.0,-231180,-4.0,68,6.5
"C1634","0","10","80","0","2017","4","",624,11291,11328,11302,111414541,11198699,173080,758,"",1.00,1.00,1.00,1.00,1.00,1.00,1.00,1.00,"",-55,-8.1,367,3.4,293,2.7,396,3.6,6252644,5.9,1731917,18.3,8176,5.0,20,2.7
"C1638","0","10","80","0","2017","4","",1089,20080,19994,20076,223252865,13310563,284456,857,"",1.00,1.00,1.00,1.00,1.00,1.00,1.00,1.00,"",3,0.3,213,1.1,114,0.6,185,0.9,10473189,4.9,1180579,9.7,84401,42.2,34,4.1
"C1646","0","10","80","0","2017","4","",836,12960,12994,12978,124704194,12672051,329150,739,"",1.00,1.00,1.00,1.00,1.00,1.00,1.00,1.00,"",-84,-9.1,-6,0.0,34,0.3,25,0.2,4069453,3.4,-213475,-1.7,-41361,-11.2,23,3.2
"C1650","0","10","80","0","2017","4","",2398,26054,26145,25956,275876228,104684593,1282644,815,"",1.00,1.00,1.00,1.00,1.00,1.00,1.00,1.00,"",-16,-0.7,1067,4.3,968,3.8,1102,4.4,24015770,9.5,12303641,13.3,-45777,-3.4,40,5.2
"C1654","0","10","40","0","2017","4","",3289,58701,58788,59384,639645592,51280178,2619886,835,"",1.00,1.00,1.00,1.00,1.00,1.00,1.00,1.00,"",22,0.7,754,1.3,680,1.2,791,1.3,25204152,4.1,2658028,5.5,21662,0.8,23,2.8
"C1654","1","10","41","0","2017","4","",46,2197,2214,2235,40375311,0,0,1402,"",2.33,1.94,1.97,1.95,2.30,0.00,0.00,1.17,"",-1,-2.1,10,0.5,26,1.2,24,1.1,1460781,3.8,0,0.0,0,0.0,38,2.8
"C1654","2","10","41","0","2017","4","",22,890,907,892,11226754,0,0,963,"",0.95,0.47,0.48,0.47,0.54,0.00,0.00,1.13,"",2,10.0,-21,-2.3,-20,-2.2,-30,-3.3,432109,4.0,0,0.0,0,0.0,60,6.6
"C1654","3","10","41","0","2017","4","",118,4591,4613,4505,49398579,131457,3830,832,"",2.11,0.79,0.79,0.77,0.90,0.13,0.28,1.15,"",2,1.7,-22,-0.5,-46,-1.0,-100,-2.2,9002,0.0,-48383,-26.9,-1546,-28.8,11,1.3
"C1654","5","10","41","0","2017","4","",3103,51023,51054,51752,538644948,51148721,2616056,808,"",0.97,1.02,1.02,1.03,0.99,1.03,1.01,0.96,"",19,0.6,787,1.6,720,1.4,897,1.8,23302260,4.5,2706411,5.6,23208,0.9,23,2.9
"C1658","0","10","40","0","2017","4","",4766,99603,99690,99092,1186392755,82947882,2003912,918,"",1.00,1.00,1.00,1.00,1.00,1.00,1.00,1.00,"",-305,-6.0,786,0.8,751,0.8,1248,1.3,-4036666,-0.3,2091338,2.6,-139060,-6.5,-11,-1.2
"C1658","1","10","41","0","2017","4","",70,1312,1339,1356,23901129,0,0,1377,"",2.45,0.68,0.70,0.71,0.73,0.00,0.00,1.05,"",-4,-5.4,-27,-2.0,-3,-0.2,-18,-1.3,724687,3.1,0,0.0,0,0.0,58,4.4
"C1658","2","10","41","0","2017","4","N",2,0,0,0,0,0,0,0,"N",0.06,0,0,0,0,0,0,0,"N",0,0.0,0,0,0,0,0,0,0,0,0,0,0,0,0,0
"C1658","3","10","41","0","2017","4","N",191,0,0,0,0,0,0,0,"N",2.36,0,0,0,0,0,0,0,"N",-4,-2.1,0,0,0,0,0,0,0,0,0,0,0,0,0,0
"C1658","5","10","41","0","2017","4","",4503,72484,72332,72137,807576213,80016101,1972840,859,"",0.97,0.86,0.85,0.86,0.80,1.00,0.99,0.93,"",-297,-6.2,747,1.0,634,0.9,1078,1.5,-17287531,-2.1,2961060,3.8,-110544,-5.3,-28,-3.2
"C1662","0","10","40","0","2017","4","",6309,105785,106160,105802,1235717284,94665361,2519588,897,"",1.00,1.00,1.00,1.00,1.00,1.00,1.00,1.00,"",-57,-0.9,-1384,-1.3,-1401,-1.3,-1714,-1.6,17963506,1.5,1404754,1.5,90646,3.7,25,2.9
"C1662","1","10","41","0","2017","4","",120,2178,2167,2265,39116862,0,0,1366,"",3.17,1.07,1.07,1.11,1.15,0.00,0.00,1.06,"",2,1.7,-30,-1.4,-43,-1.9,-17,-0.7,-2534739,-6.1,0,0.0,0,0.0,-69,-4.8
"C1662","2","10","41","0","2017","4","",143,11103,11081,11062,111030182,22047,367,771,"",3.23,3.27,3.26,3.28,2.75,0.02,0.11,0.84,"",6,4.4,-514,-4.4,-421,-3.7,-423,-3.7,-12345563,-10.0,-2165858,-99.0,-45521,-99.2,-52,-6.3
"C1662","3","10","41","0","2017","4","",199,9757,9926,9823,92489764,957789,16176,723,"",1.86,0.93,0.94,0.94,0.87,0.51,1.22,0.93,"",-1,-0.5,-232,-2.3,-250,-2.5,-186,-1.9,-1210160,-1.3,30814,3.3,-2096,-11.5,6,0.8
"C1662","5","10","41","0","2017","4","",5847,82747,82986,82652,993080476,93685525,2503045,923,"",0.96,0.92,0.92,0.92,0.94,1.02,1.00,1.02,"",-64,-1.1,-608,-0.7,-687,-0.8,-1088,-1.3,34053968,3.6,3539798,3.9,138263,5.8,40,4.5
"C1666","0","10","80","0","2017","4","",1275,27307,27488,27495,254985357,34103454,799445,715,"",1.00,1.00,1.00,1.00,1.00,1.00,1.00,1.00,"",-127,-9.1,649,2.4,632,2.4,668,2.5,10281377,4.2,3547391,11.6,-10858,-1.3,12,1.7
"C1670","0","10","40","0","2017","4","",20854,332815,335164,335286,4134631983,431433553,5205423,951,"",1.00,1.00,1.00,1.00,1.00,1.00,1.00,1.00,"",643,3.2,9078,2.8,7091,2.2,7177,2.2,241036457,6.2,27714968,6.9,-441775,-7.8,34,3.7
"C1670","1","10","41","0","2017","4","",156,10819,10836,10923,225930098,0,0,1600,"",1.25,1.69,1.69,1.69,1.99,0.00,0.00,1.18,"",1,0.6,110,1.0,94,0.9,86,0.8,8405643,3.9,0,0.0,0,0.0,45,2.9
"C1670","2","10","41","0","2017","4","",89,22263,22376,22339,304075981,0,0,1048,"",0.61,2.08,2.08,2.09,2.25,0.00,0.00,1.08,"",-26,-22.6,46,0.2,128,0.6,-67,-0.3,4609276,1.5,0,0.0,0,0.0,15,1.5
"C1670","3","10","41","0","2017","4","",273,28367,28562,28627,295886970,2845535,11592,798,"",0.77,0.86,0.86,0.86,0.83,0.33,0.42,0.97,"",5,1.9,733,2.7,732,2.6,712,2.6,5806150,2.0,1214616,74.5,549,5.0,-5,-0.6
"C1670","5","10","41","0","2017","4","",20336,271366,273390,273397,3308738934,428588018,5193831,933,"",1.01,0.96,0.96,0.96,0.94,1.03,1.00,0.98,"",663,3.4,8189,3.1,6137,2.3,6446,2.4,222215388,7.2,26500352,6.6,-442324,-7.8,40,4.5
"C1674","0","10","40","0","2017","4","",70019,1175217,1180168,1181999,16491411871,2412920395,27003806,1076,"",1.00,1.00,1.00,1.00,1.00,1.00,1.00,1.00,"",1663,2.4,30820,2.7,30487,2.7,30716,2.7,924003045,5.9,154644100,6.8,-10480140,-28.0,33,3.2
"C1674","1","10","41","0","2017","4","",193,10376,10376,10431,198091431,0,0,1466,"",0.46,0.46,0.46,0.46,0.44,0.00,0.00,0.95,"",0,0.0,176,1.7,56,0.5,-57,-0.5,1321708,0.7,0,0.0,0,0.0,2,0.1
"C1674","2","10","41","0","2017","4","",182,16668,16858,16809,191346687,14294,200,877,"",0.37,0.44,0.45,0.45,0.36,0.00,0.01,0.80,"",-8,-4.2,9,0.1,12,0.1,-5,0.0,-1528418,-0.8,866,6.4,21,11.7,-8,-0.9
"C1674","3","10","41","0","2017","4","",1152,124432,124725,124801,1592015836,857376,6581,982,"",0.97,1.07,1.06,1.07,1.12,0.02,0.05,1.05,"",12,1.1,1487,1.2,770,0.6,1557,1.3,56537219,3.7,242513,39.4,2520,62.1,25,2.6
"C1674","5","10","41","0","2017","4","",68492,1023741,1028209,1029958,14509957917,2412048725,26997025,1086,"",1.01,1.03,1.03,1.03,1.03,1.03,1.01,1.00,"",1659,2.5,29148,2.9,29649,3.0,29221,2.9,867672536,6.4,154400721,6.8,-10482681,-28.0,34,3.2
"C1682","0","10","40","0","2017","4","",8366,111672,111919,111292,1491602039,67442070,841680,1028,"",1.00,1.00,1.00,1.00,1.00,1.00,1.00,1.00,"",438,5.5,2366,2.2,1906,1.7,2343,2.2,70280098,4.9,3268213,5.1,-94403,-10.1,29,2.9
"C1682","1","10","41","0","2017","4","",63,1440,1441,1441,30101160,0,0,1607,"",1.26,0.67,0.67,0.67,0.73,0.00,0.00,1.09,"",-2,-3.1,37,2.6,33,2.3,32,2.3,1232164,4.3,0,0.0,0,0.0,28,1.8
"C1682","2","10","41","0","2017","4","",99,21647,21840,21541,381398366,0,0,1353,"",1.69,6.04,6.09,6.07,7.83,0.00,0.00,1.29,"",5,5.3,453,2.1,499,2.3,567,2.7,21767775,6.1,0,0.0,0,0.0,46,3.5
"C1682","3","10","41","0","2017","4","",79,10177,10389,10148,105038517,328799,2182,789,"",0.56,0.92,0.93,0.92,0.82,0.25,0.49,0.88,"",2,2.6,192,1.9,294,2.9,167,1.7,3134820,3.1,-50220,-13.2,-1119,-33.9,7,0.9
"C1682","5","10","41","0","2017","4","",8125,78408,78249,78162,975063996,67113271,839498,958,"",1.00,0.83,0.82,0.83,0.77,1.03,1.00,0.93,"",433,5.6,1684,2.2,1080,1.4,1577,2.1,44145339,4.7,3318433,5.2,-93284,-10.0,26,2.8
"C1686","0","10","40","0","2017","4","",12311,243247,245282,245465,3128518286,195817767,2438803,984,"",1.00,1.00,1.00,1.00,1.00,1.00,1.00,1.00,"",188,1.6,3978,1.7,4842,2.0,4619,1.9,175229669,5.9,3197750,1.7,77209,3.3,38,4.0
"C1686","1","10","41","0","2017","4","",85,5319,5312,5346,195719353,0,0,2827,"",1.15,1.14,1.13,1.13,2.28,0.00,0.00,2.01,"",-3,-3.4,-156,-2.8,-144,-2.6,-122,-2.2,-1837845,-0.9,0,0.0,0,0.0,47,1.7
"C1686","2","10","41","0","2017","4","",90,5807,5812,5820,63881647,43001,338,845,"",1.04,0.74,0.74,0.74,0.63,0.02,0.11,0.84,"",-3,-3.2,65,1.1,44,0.8,61,1.1,3104628,5.1,11238,35.4,29,9.4,33,4.1
"C1686","3","10","41","0","2017","4","",199,25094,25218,25298,296418228,811059,6277,905,"",0.95,1.04,1.04,1.04,1.10,0.21,0.49,1.06,"",2,1.0,-164,-0.6,-180,-0.7,-173,-0.7,16926017,6.1,-2145702,-72.6,-7156,-53.3,58,6.8
"C1686","5","10","41","0","2017","4","",11937,207027,208940,209001,2572499058,194963707,2432188,950,"",1.00,1.00,1.00,1.00,0.96,1.03,1.00,0.96,"",192,1.6,4233,2.1,5122,2.5,4853,2.4,157036869,6.5,5332214,2.8,84336,3.6,37,4.1
"C1694","0","10","40","0","2017","4","",3656,45698,45665,45576,544455257,94209838,1109303,918,"",1.00,1.00,1.00,1.00,1.00,1.00,1.00,1.00,"",75,2.1,82,0.2,-129,-0.3,-72,-0.2,23166937,4.4,-232982,-0.2,52022,4.9,40,4.6
"C1694","1","10","41","0","2017","4","",64,2747,2712,2702,48638441,0,0,1375,"",2.92,3.12,3.10,3.08,3.25,0.00,0.00,1.05,"",0,0.0,60,2.2,15,0.6,-3,-0.1,2049332,4.4,0,0.0,0,0.0,46,3.5
"C1694","2","10","41","0","2017","4","",65,3813,3823,3833,59074274,0,0,1189,"",2.54,2.60,2.61,2.64,3.32,0.00,0.00,1.27,"",-1,-1.5,21,0.6,-1,0.0,11,0.3,522114,0.9,-19999,-100.0,-54,-100.0,8,0.7
"C1694","3","10","41","0","2017","4","",27,7148,7205,7163,88023163,229084,1802,944,"",0.43,1.58,1.59,1.59,1.88,0.12,0.31,1.19,"",0,0.0,-199,-2.7,-174,-2.4,-210,-2.8,1789391,2.1,-11778,-4.9,28,1.6,44,4.9
"C1694","5","10","41","0","2017","4","",3500,31990,31925,31878,348719379,93980754,1107501,840,"",0.99,0.82,0.82,0.82,0.75,1.03,1.00,0.91,"",76,2.2,200,0.6,31,0.1,130,0.4,18806100,5.7,-201205,-0.2,52048,4.9,42,5.3
"C1698","0","10","40","0","2017","4","",252281,4534532,4549695,4544593,71606345685,4930413261,134913624,1212,"",1.00,1.00,1.00,1.00,1.00,1.00,1.00,1.00,"",-22167,-8.1,34606,0.8,39480,0.9,43337,1.0,2455246487,3.6,226894853,4.8,-5808691,-4.1,31,2.6
"C1698","1","10","41","0","2017","4","",638,53868,54074,55113,1127960976,0,0,1596,"",0.42,0.62,0.62,0.63,0.57,0.00,0.00,0.92,"",-15,-2.3,-45,-0.1,-65,-0.1,-553,-1.0,17551101,1.6,0,0.0,0,0.0,31,2.0
"C1698","2","10","41","0","2017","4","",94,33410,34143,33718,554680295,1549,25,1264,"",0.05,0.23,0.23,0.23,0.24,0.00,0.00,1.02,"",6,6.8,-254,-0.8,-246,-0.7,-46,-0.1,12376329,2.3,1549,100.0,25,100.0,35,2.8
"C1698","3","10","41","0","2017","4","",2517,433459,433826,434748,5882137043,20398537,444391,1043,"",0.59,0.96,0.96,0.97,0.96,0.21,0.63,0.99,"",-27,-1.1,-1220,-0.3,-1514,-0.3,-6840,-1.5,16442854,0.3,-833551,-3.9,-85368,-16.1,11,1.1
"C1698","5","10","41","0","2017","4","",249032,4013795,4027652,4021014,64041567371,4910013175,134469208,1225,"",1.02,1.04,1.04,1.04,1.05,1.03,1.00,1.01,"",-22131,-8.2,36125,0.9,41305,1.0,50776,1.3,2408876203,3.9,227726855,4.9,-5723348,-4.1,33,2.8
"C1702","0","10","40","0","2017","4","",8545,84889,83823,83291,902132659,53580657,2398283,826,"",1.00,1.00,1.00,1.00,1.00,1.00,1.00,1.00,"",349,4.3,1457,1.7,959,1.2,1907,2.3,55142169,6.5,564472,1.1,-67929,-2.8,37,4.7
"C1702","1","10","41","0","2017","4","",32,581,566,546,9273738,0,0,1264,"",0.62,0.36,0.35,0.34,0.37,0.00,0.00,1.07,"",-1,-3.0,13,2.3,7,1.3,0,0.0,405879,4.6,0,0.0,0,0.0,41,3.4
"C1702","2","10","41","0","2017","4","",237,3403,3419,3381,50832496,0,0,1150,"",3.96,1.25,1.27,1.27,1.73,0.00,0.00,1.37,"",12,5.3,86,2.6,92,2.8,173,5.4,4517652,9.8,0,0.0,0,0.0,65,6.0
"C1702","3","10","41","0","2017","4","",229,11642,11710,11660,132347948,1086268,59733,872,"",1.58,1.38,1.41,1.41,1.71,1.02,4.73,1.22,"",6,2.7,11,0.1,-5,0.0,6,0.1,3732298,2.9,39408,3.8,1498,2.6,24,2.8
"C1702","5","10","41","0","2017","4","",8047,69263,68128,67704,709678477,52494389,2338550,799,"",0.97,0.96,0.96,0.96,0.92,1.01,0.98,0.96,"",332,4.3,1347,2.0,865,1.3,1728,2.6,46486340,7.0,525064,1.0,-69427,-2.9,38,5.0
"C1706","0","10","80","0","2017","4","",1370,28433,28835,28851,318835220,18719285,548157,854,"",1.00,1.00,1.00,1.00,1.00,1.00,1.00,1.00,"",-3,-0.2,551,2.0,843,3.0,995,3.6,16839244,5.6,2064192,12.4,229904,72.2,22,2.6
"C1714","0","10","40","0","2017","4","",54514,1046718,1050592,1053468,14202617793,866581086,22887072,1040,"",1.00,1.00,1.00,1.00,1.00,1.00,1.00,1.00,"",669,1.2,13212,1.3,14025,1.4,16798,1.6,540438812,4.0,17584434,2.1,2073803,10.0,25,2.5
"C1714","1","10","41","0","2017","4","",242,14523,14690,15054,271149678,0,0,1414,"",0.74,0.72,0.73,0.74,0.69,0.00,0.00,0.95,"",-3,-1.2,-280,-1.9,-14,-0.1,-132,-0.9,1388502,0.5,0,0.0,0,0.0,21,1.5
"C1714","2","10","41","0","2017","4","N",237,0,0,0,0,0,0,0,"N",0.62,0,0,0,0,0,0,0,"N",0,0.0,0,0,0,0,0,0,0,0,0,0,0,0,0,0
"C1714","3","10","41","0","2017","4","N",1273,0,0,0,0,0,0,0,"N",1.37,0,0,0,0,0,0,0,"N",-2,-0.2,0,0,0,0,0,0,0,0,0,0,0,0,0,0
"C1714","5","10","41","0","2017","4","",52762,927227,930713,934322,12647518744,865007472,22855872,1045,"",1.00,1.04,1.04,1.04,1.04,1.03,1.01,1.00,"",674,1.3,12503,1.4,13219,1.4,15953,1.7,482103142,4.0,17716604,2.1,2071852,10.0,24,2.4
"C1720","0","10","80","0","2017","4","",7554,99532,99079,100319,1288951067,98521127,1659407,995,"",1.00,1.00,1.00,1.00,1.00,1.00,1.00,1.00,"",10,0.1,188,0.2,351,0.4,426,0.4,24402334,1.9,2611604,2.7,-81184,-4.7,16,1.6
"C1722","0","10","80","0","2017","4","",2506,41593,41849,41789,495487370,43700011,1343586,913,"",1.00,1.00,1.00,1.00,1.00,1.00,1.00,1.00,"",-16,-0.6,794,1.9,730,1.8,679,1.7,26435975,5.6,4118641,10.4,265916,24.7,33,3.8
"C1726","0","10","80","0","2017","4","",628,8039,8006,7922,73112574,11198902,163999,704,"",1.00,1.00,1.00,1.00,1.00,1.00,1.00,1.00,"",-15,-2.3,-73,-0.9,-27,-0.3,27,0.3,-2149012,-2.9,909065,8.8,3283,2.0,-18,-2.5
"C1730","0","10","40","0","2017","4","",5023,87717,88647,88631,896319775,74973051,1427000,781,"",1.00,1.00,1.00,1.00,1.00,1.00,1.00,1.00,"",77,1.6,1079,1.2,1229,1.4,1123,1.3,39675902,4.6,265559,0.4,-126533,-8.1,25,3.3
"C1730","1","10","41","0","2017","4","",67,5487,5531,5535,76040185,0,0,1060,"",2.22,3.25,3.26,3.24,3.09,0.00,0.00,0.95,"",0,0.0,-101,-1.8,-74,-1.3,-84,-1.5,1106754,1.5,0,0.0,0,0.0,31,3.0
"C1730","2","10","41","0","2017","4","",71,3091,3088,2870,32199869,0,0,821,"",2.02,1.10,1.09,1.02,1.10,0.00,0.00,1.03,"",0,0.0,47,1.5,32,1.0,-158,-5.2,1738709,5.7,0,0.0,0,0.0,51,6.6
"C1730","3","10","41","0","2017","4","",61,10156,10196,10261,98114493,288555,6900,740,"",0.71,1.17,1.16,1.17,1.27,0.19,0.92,1.09,"",0,0.0,-166,-1.6,-72,-0.7,-41,-0.4,-2477829,-2.5,-37347,-11.5,-1130,-14.1,-11,-1.5
"C1730","5","10","41","0","2017","4","",4824,68983,69832,69965,689965228,74684496,1420100,763,"",0.99,0.93,0.93,0.93,0.90,1.03,1.00,0.97,"",77,1.6,1299,1.9,1343,2.0,1406,2.1,39308268,6.0,302906,0.4,-125403,-8.1,30,4.1
"C1734","0","10","80","0","2017","4","",3151,16481,16001,16073,158229702,11082463,509853,752,"",1.00,1.00,1.00,1.00,1.00,1.00,1.00,1.00,"",148,4.9,257,1.6,163,1.0,259,1.6,8745327,5.9,239150,2.2,-14111,-2.7,31,4.3
"C1738","0","10","80","0","2017","4","",836,11461,11418,11417,104130791,13941387,141683,701,"",1.00,1.00,1.00,1.00,1.00,1.00,1.00,1.00,"",-13,-1.5,-407,-3.4,-423,-3.6,-378,-3.2,-7402871,-6.6,449678,3.3,-55836,-28.3,-24,-3.3
"C1742","0","10","40","0","2017","4","",2113,44515,46376,47338,478881383,43927849,572483,799,"",1.00,1.00,1.00,1.00,1.00,1.00,1.00,1.00,"",-22,-1.0,-1165,-2.6,322,0.7,-1812,-3.7,6634206,1.4,-4180943,-8.7,1532,0.3,25,3.2
"C1742","1","10","41","0","2017","4","",17,279,279,276,5355517,0,0,1482,"",1.34,0.33,0.31,0.30,0.41,0.00,0.00,1.30,"",-1,-5.6,-6,-2.1,0,0.0,-8,-2.8,-172399,-3.1,0,0.0,0,0.0,-22,-1.5
"C1742","2","10","41","0","2017","4","",25,781,772,805,6783944,0,0,664,"",1.69,0.55,0.52,0.53,0.43,0.00,0.00,0.81,"",0,0.0,105,15.5,88,12.9,87,12.1,428116,6.7,0,0.0,0,0.0,-42,-5.9
"C1742","3","10","41","0","2017","4","",33,4606,4642,4589,43401683,181583,1841,724,"",0.92,1.04,1.01,0.98,1.05,0.21,0.61,1.04,"",-1,-2.9,-106,-2.2,-118,-2.5,-131,-2.8,674260,1.6,43002,31.0,321,21.1,29,4.2
"C1742","5","10","41","0","2017","4","",2038,38849,40683,41668,423340239,43746266,570642,806,"",0.99,1.03,1.03,1.04,1.04,1.03,1.00,1.00,"",-20,-1.0,-1158,-2.9,352,0.9,-1760,-4.1,5704229,1.4,-4223945,-8.8,1211,0.2,27,3.5
"C1746","0","10","40","0","2017","4","",56048,1017294,1016623,1014069,13865163105,734229342,21167836,1050,"",1.00,1.00,1.00,1.00,1.00,1.00,1.00,1.00,"",372,0.7,4695,0.5,2078,0.2,3369,0.3,475022845,3.5,19419284,2.7,3550626,20.2,33,3.2
"C1746","1","10","41","0","2017","4","",184,18114,18133,18205,369520621,0,0,1566,"",0.55,0.93,0.93,0.93,0.97,0.00,0.00,1.04,"",-5,-2.6,61,0.3,55,0.3,-252,-1.4,6939987,1.9,0,0.0,0,0.0,33,2.2
"C1746","2","10","41","0","2017","4","",77,5816,5797,5884,90799829,0,0,1198,"",0.20,0.18,0.18,0.18,0.20,0.00,0.00,1.12,"",0,0.0,-34,-0.6,-69,-1.2,28,0.5,-9791580,-9.7,0,0.0,0,0.0,-123,-9.3
"C1746","3","10","41","0","2017","4","",1773,107475,107477,106450,1389275975,1441246,34803,998,"",1.86,1.07,1.06,1.06,1.17,0.10,0.31,1.10,"",-4,-0.2,38,0.0,-306,-0.3,-385,-0.4,26092683,1.9,-42931,-2.9,4894,16.4,21,2.1
"C1746","5","10","41","0","2017","4","",54014,885889,885216,883530,12015566680,732788096,21133033,1045,"",0.99,1.03,1.02,1.03,1.01,1.03,1.00,0.99,"",381,0.7,4630,0.5,2398,0.3,3978,0.5,451781755,3.9,19462215,2.7,3545732,20.2,36,3.6
"C1750","0","10","80","0","2017","4","",867,11981,12052,12661,129995195,9417898,181079,818,"",1.00,1.00,1.00,1.00,1.00,1.00,1.00,1.00,"",-5,-0.6,257,2.2,-180,-1.5,-387,-3.0,1079527,0.8,-200909,-2.1,-80521,-30.8,14,1.7
"C1754","0","10","80","0","2017","4","",1414,21258,21291,21026,215171444,50106934,1131209,781,"",1.00,1.00,1.00,1.00,1.00,1.00,1.00,1.00,"",-4,-0.3,-113,-0.5,-412,-1.9,-342,-1.6,1930075,0.9,3527103,7.6,239441,26.9,17,2.2
"C1758","0","10","80","0","2017","4","",1208,17578,17610,17750,165257241,41632346,407742,720,"",1.00,1.00,1.00,1.00,1.00,1.00,1.00,1.00,"",26,2.2,481,2.8,493,2.9,550,3.2,8819609,5.6,2224200,5.6,-28502,-6.5,18,2.6
"C1762","0","10","80","0","2017","4","",286,3065,3114,3255,16914607,1332719,42236,414,"",1.00,1.00,1.00,1.00,1.00,1.00,1.00,1.00,"",-19,-6.2,-709,-18.8,-700,-18.4,-638,-16.4,-3578212,-17.5,-475678,-26.3,-23575,-35.8,2,0.5
"C1764","0","10","80","0","2017","4","",184,3258,3408,3597,22263933,883198,33090,501,"",1.00,1.00,1.00,1.00,1.00,1.00,1.00,1.00,"",-12,-6.1,-125,-3.7,15,0.4,118,3.4,-637155,-2.8,-30785,-3.4,-1579,-4.6,-14,-2.7
"C1766","0","10","40","0","2017","4","",5362,61306,60365,60264,608954720,236179433,2947018,772,"",1.00,1.00,1.00,1.00,1.00,1.00,1.00,1.00,"",232,4.5,2221,3.8,1867,3.2,2392,4.1,47169500,8.4,21436141,10.0,113415,4.0,33,4.5
"C1766","1","10","41","0","2017","4","",29,660,612,613,10559557,0,0,1293,"",0.90,0.56,0.53,0.53,0.63,0.00,0.00,1.17,"",0,0.0,33,5.3,8,1.3,32,5.5,570135,5.7,0,0.0,0,0.0,21,1.7
"C1766","2","10","41","0","2017","4","",27,895,882,874,10384143,0,0,904,"",0.72,0.45,0.46,0.45,0.52,0.00,0.00,1.15,"",0,0.0,23,2.6,20,2.3,19,2.2,2547315,32.5,0,0.0,0,0.0,205,29.3
"C1766","3","10","41","0","2017","4","",109,9738,9860,9836,113117254,566749,5413,887,"",1.20,1.60,1.64,1.65,2.16,0.12,0.35,1.32,"",0,0.0,127,1.3,231,2.4,245,2.6,5500986,5.1,-117863,-17.2,-1609,-22.9,26,3.0
"C1766","5","10","41","0","2017","4","",5197,50013,49011,48941,474893766,235612684,2941605,741,"",1.00,0.96,0.96,0.96,0.91,1.03,1.00,0.95,"",232,4.7,2038,4.2,1608,3.4,2096,4.5,38551064,8.8,21554004,10.1,115024,4.1,33,4.7
"C1770","0","10","80","0","2017","4","",1703,14422,14375,14444,133479897,35960826,387653,712,"",1.00,1.00,1.00,1.00,1.00,1.00,1.00,1.00,"",-217,-11.3,-301,-2.0,-359,-2.4,-285,-1.9,6567161,5.2,368823,1.0,-36292,-8.6,49,7.4
"C1774","0","10","80","0","2017","4","",797,14360,14419,14343,153069882,14996980,401474,819,"",1.00,1.00,1.00,1.00,1.00,1.00,1.00,1.00,"",20,2.6,1181,9.0,1194,9.0,1284,9.8,17693797,13.1,3069548,25.7,74819,22.9,27,3.4
"C1778","0","10","40","0","2017","4","",5397,113765,115014,113831,1207068188,83701596,1585524,813,"",1.00,1.00,1.00,1.00,1.00,1.00,1.00,1.00,"",150,2.9,3233,2.9,3705,3.3,3396,3.1,75433613,6.7,8502813,11.3,408286,34.7,27,3.4
"C1778","1","10","41","0","2017","4","",44,823,811,824,14010663,0,0,1315,"",1.36,0.38,0.37,0.38,0.42,0.00,0.00,1.13,"",0,0.0,5,0.6,6,0.7,-12,-1.4,406239,3.0,0,0.0,0,0.0,38,3.0
"C1778","2","10","41","0","2017","4","",63,27581,27784,26971,300615339,0,0,843,"",1.67,7.55,7.54,7.43,7.63,0.00,0.00,1.02,"",-1,-1.6,120,0.4,57,0.2,-21,-0.1,6516913,2.2,0,0.0,0,0.0,17,2.1
"C1778","3","10","41","0","2017","4","",109,10843,10982,10956,113233679,388629,383,797,"",1.19,0.96,0.96,0.97,1.09,0.23,0.05,1.13,"",1,0.9,140,1.3,222,2.1,153,1.4,5173873,4.8,103392,36.2,-5033,-92.9,24,3.1
"C1778","5","10","41","0","2017","4","",5181,74518,75437,75080,779208507,83312967,1585141,799,"",0.99,0.77,0.77,0.78,0.76,1.03,1.01,0.98,"",150,3.0,2968,4.1,3420,4.7,3276,4.6,63336588,8.8,8399421,11.2,413319,35.3,32,4.2
"C1782","0","10","40","0","2017","4","",20665,281650,282193,281630,3524755419,370669238,7235876,962,"",1.00,1.00,1.00,1.00,1.00,1.00,1.00,1.00,"",1367,7.1,7161,2.6,6640,2.4,7350,2.7,178982153,5.3,16089343,4.5,64272,0.9,25,2.7
"C1782","1","10","41","0","2017","4","",136,12000,12008,11962,223099204,0,0,1431,"",1.10,2.21,2.22,2.20,2.30,0.00,0.00,1.04,"",-3,-2.2,-640,-5.1,-705,-5.5,-770,-6.0,1516770,0.7,0,0.0,0,0.0,88,6.6
"C1782","2","10","41","0","2017","4","",39,10114,10173,10273,153251867,2169895,6510,1157,"",0.27,1.12,1.13,1.14,1.33,0.46,0.68,1.18,"",0,0.0,728,7.8,720,7.6,808,8.5,16208556,11.8,120606,5.9,363,5.9,40,3.6
"C1782","3","10","41","0","2017","4","",111,28912,29153,28919,313726445,37935867,117134,832,"",0.32,1.04,1.04,1.04,1.04,5.17,3.08,1.00,"",-1,-0.9,570,2.0,614,2.2,548,1.9,13018300,4.3,3743628,10.9,10041,9.4,18,2.2
"C1782","5","10","41","0","2017","4","",20379,230624,230859,230476,2834677903,330563476,7112232,945,"",1.02,0.96,0.96,0.96,0.94,0.92,0.99,0.98,"",1371,7.2,6503,2.9,6011,2.7,6764,3.0,148238527,5.5,12225109,3.8,53868,0.8,23,2.5
"C1786","0","10","40","0","2017","4","",5029,94805,95271,94454,1043768520,86283823,1112023,847,"",1.00,1.00,1.00,1.00,1.00,1.00,1.00,1.00,"",158,3.2,651,0.7,929,1.0,922,1.0,14754010,1.4,-354158,-0.4,-320394,-22.4,5,0.6
"C1786","1","10","41","0","2017","4","",24,2519,2571,2505,47546905,0,0,1445,"",0.80,1.38,1.41,1.38,1.66,0.00,0.00,1.19,"",0,0.0,84,3.4,125,5.1,43,1.7,2370428,5.2,0,0.0,0,0.0,25,1.8
"C1786","2","10","41","0","2017","4","",21,17337,17490,17427,260295971,0,0,1150,"",0.60,5.70,5.73,5.79,7.64,0.00,0.00,1.33,"",-2,-8.7,122,0.7,59,0.3,22,0.1,5996487,2.4,0,0.0,0,0.0,23,2.0
"C1786","3","10","41","0","2017","4","",113,6885,6892,6793,71475409,31803,123,802,"",1.32,0.73,0.73,0.73,0.80,0.02,0.02,1.09,"",0,0.0,26,0.4,96,1.4,35,0.5,1061638,1.5,-499520,-94.0,-7043,-98.3,6,0.8
"C1786","5","10","41","0","2017","4","",4871,68064,68318,67729,664450235,86252020,1111900,751,"",1.00,0.85,0.84,0.84,0.75,1.03,1.01,0.88,"",160,3.4,419,0.6,649,1.0,822,1.2,5325457,0.8,145362,0.2,-313351,-22.0,-1,-0.1
"C1790","0","10","40","0","2017","4","",19146,372394,376855,376829,4246497438,444981376,6754022,870,"",1.00,1.00,1.00,1.00,1.00,1.00,1.00,1.00,"",625,3.4,-1861,-0.5,-2042,-0.5,-1387,-0.4,35460135,0.8,1162691,0.3,-344706,-4.9,11,1.3
"C1790","1","10","41","0","2017","4","",160,10230,10280,10404,171964591,0,0,1284,"",1.39,1.43,1.43,1.43,1.47,0.00,0.00,1.03,"",2,1.3,202,2.0,134,1.3,-7,-0.1,4975241,3.0,0,0.0,0,0.0,24,1.9
"C1790","2","10","41","0","2017","4","",216,32984,33278,33153,406351524,191039,2628,943,"",1.61,2.76,2.76,2.76,2.93,0.03,0.30,1.06,"",7,3.3,-953,-2.8,-719,-2.1,-797,-2.3,6438452,1.6,-43368,-18.5,-411,-13.5,37,4.1
"C1790","3","10","41","0","2017","4","",366,38571,38623,38606,438378928,2043325,14903,874,"",1.12,1.05,1.03,1.04,1.20,0.23,0.42,1.16,"",0,0.0,604,1.6,539,1.4,423,1.1,12974036,3.0,243730,13.5,-1833,-11.0,15,1.7
"C1790","5","10","41","0","2017","4","",18404,290609,294674,294666,3229802395,442747012,6736491,847,"",0.99,0.92,0.92,0.92,0.89,1.03,1.00,0.97,"",616,3.5,-1714,-0.6,-1996,-0.7,-1006,-0.3,11072406,0.3,962329,0.2,-342462,-4.8,7,0.8
"C1798","0","10","40","0","2017","4","",6077,115494,116683,116770,1282961489,95969799,1542881,848,"",1.00,1.00,1.00,1.00,1.00,1.00,1.00,1.00,"",-581,-8.7,-46,0.0,943,0.8,625,0.5,56180741,4.6,5097290,5.6,58992,4.0,33,4.0
"C1798","1","10","41","0","2017","4","",76,6403,6422,6447,85648178,0,0,1026,"",2.09,2.88,2.88,2.87,2.43,0.00,0.00,0.85,"",-16,-17.4,-299,-4.5,-273,-4.1,-242,-3.6,36665,0.0,0,0.0,0,0.0,42,4.3
"C1798","2","10","41","0","2017","4","N",67,0,0,0,0,0,0,0,"N",1.57,0,0,0,0,0,0,0,"N",-3,-4.3,0,0,0,0,0,0,0,0,0,0,0,0,0,0
"C1798","3","10","41","0","2017","4","N",139,0,0,0,0,0,0,0,"N",1.35,0,0,0,0,0,0,0,"N",-1,-0.7,0,0,0,0,0,0,0,0,0,0,0,0,0,0
"C1798","5","10","41","0","2017","4","",5795,92201,93175,93294,1043423729,95604770,1539093,864,"",0.98,0.94,0.94,0.94,0.95,1.03,1.00,1.01,"",-561,-8.8,348,0.4,1248,1.4,876,0.9,56171087,5.7,5204535,5.8,58045,3.9,39,4.7
"C1802","0","10","40","0","2017","4","",1898,50452,51124,51155,672514287,45868320,660616,1016,"",1.00,1.00,1.00,1.00,1.00,1.00,1.00,1.00,"",-10,-0.5,-43,-0.1,385,0.8,216,0.4,30979315,4.8,2563424,5.9,-141310,-17.6,43,4.4
"C1802","1","10","41","0","2017","4","",12,169,168,164,2746461,0,0,1265,"",1.05,0.17,0.17,0.17,0.15,0.00,0.00,0.87,"",0,0.0,11,7.0,-10,-5.6,-18,-9.9,36451,1.3,0,0.0,0,0.0,58,4.8
"C1802","2","10","41","0","2017","4","",19,1057,1075,1058,8629917,0,0,624,"",1.43,0.65,0.66,0.65,0.39,0.00,0.00,0.60,"",0,0.0,-34,-3.1,-19,-1.7,-20,-1.9,273381,3.3,0,0.0,0,0.0,33,5.6
"C1802","3","10","41","0","2017","4","",41,4914,4991,4979,50382751,44563,489,781,"",1.27,0.98,0.98,0.98,0.87,0.05,0.14,0.89,"",0,0.0,-30,-0.6,153,3.2,150,3.1,2465553,5.1,-9467,-17.5,-192,-28.2,24,3.2
"C1802","5","10","41","0","2017","4","",1826,44312,44890,44954,610755158,45823757,660127,1051,"",0.99,1.03,1.03,1.03,1.06,1.03,1.01,1.03,"",-10,-0.5,10,0.0,261,0.6,104,0.2,28203930,4.8,2572891,5.9,-141118,-17.6,46,4.6
"C1806","0","10","80","0","2017","4","",1565,25006,25018,25001,262052559,27327095,197710,806,"",1.00,1.00,1.00,1.00,1.00,1.00,1.00,1.00,"",-26,-1.6,-726,-2.8,-843,-3.3,-446,-1.8,90229,0.0,-3429819,-11.2,-96475,-32.8,21,2.7
"C1810","0","10","80","0","2017","4","",1185,18892,18836,18854,211338301,13285168,110087,862,"",1.00,1.00,1.00,1.00,1.00,1.00,1.00,1.00,"",-6,-0.5,284,1.5,185,1.0,303,1.6,12053413,6.0,630370,5.0,-12481,-10.2,38,4.6
"C1814","0","10","40","0","2017","4","",48719,1032463,1040229,1036449,13763935706,872218360,22486707,1022,"",1.00,1.00,1.00,1.00,1.00,1.00,1.00,1.00,"",1160,2.4,15700,1.5,14606,1.4,12483,1.2,559136627,4.2,17272373,2.0,3358034,17.6,28,2.8
"C1814","1","10","41","0","2017","4","",223,14326,14379,14586,279955146,0,0,1492,"",0.76,0.72,0.72,0.73,0.74,0.00,0.00,1.02,"",2,0.9,-6,0.0,34,0.2,-27,-0.2,7324313,2.7,0,0.0,0,0.0,39,2.7
"C1814","2","10","41","0","2017","4","",272,60777,60699,61423,1051158179,0,0,1326,"",0.80,1.83,1.82,1.86,2.34,0.00,0.00,1.27,"",-7,-2.5,1213,2.0,1126,1.9,806,1.3,-2140433,-0.2,0,0.0,0,0.0,-26,-1.9
"C1814","3","10","41","0","2017","4","",1404,83855,84480,82522,1098262395,1576360,48576,1010,"",1.70,0.82,0.82,0.80,0.93,0.09,0.41,1.14,"",-1,-0.1,376,0.5,318,0.4,99,0.1,40769111,3.9,210036,15.4,15204,45.6,34,3.5
"C1814","5","10","41","0","2017","4","",46820,873505,880671,877918,11334559986,870642000,22438131,994,"",0.99,1.00,1.00,1.00,0.96,1.03,1.00,0.97,"",1166,2.6,14117,1.6,13128,1.5,11605,1.3,513183636,4.7,17062337,2.0,3342830,17.5,31,3.2
"C1818","0","10","80","0","2017","4","",5126,77166,77087,78083,1056898558,66139163,586396,1050,"",1.00,1.00,1.00,1.00,1.00,1.00,1.00,1.00,"",35,0.7,313,0.4,-74,-0.1,577,0.7,36898079,3.6,1120858,1.7,45333,8.4,33,3.2
"C1822","0","10","80","0","2017","4","",433,6385,6451,6461,60019765,5213904,122452,718,"",1.00,1.00,1.00,1.00,1.00,1.00,1.00,1.00,"",-7,-1.6,-275,-4.1,-155,-2.3,-112,-1.7,1024279,1.7,152787,3.0,-6959,-5.4,32,4.7
"C1826","0","10","80","0","2017","4","",2427,42999,43442,43371,417356782,33704421,410314,742,"",1.00,1.00,1.00,1.00,1.00,1.00,1.00,1.00,"",103,4.4,935,2.2,992,2.3,1113,2.6,17267712,4.3,865368,2.6,-23429,-5.4,14,1.9
"C1830","0","10","80","0","2017","4","",1956,23085,23159,23038,225749302,81267343,1986055,752,"",1.00,1.00,1.00,1.00,1.00,1.00,1.00,1.00,"",7,0.4,317,1.4,349,1.5,225,1.0,9822432,4.5,4659331,6.1,119227,6.4,23,3.2
"C1838","0","10","80","0","2017","4","",587,8143,8169,8119,82118845,7090192,109986,776,"",1.00,1.00,1.00,1.00,1.00,1.00,1.00,1.00,"",-28,-4.6,93,1.2,-19,-0.2,-102,-1.2,9225822,12.7,369029,5.5,-21049,-16.1,88,12.8
"C1842","0","10","80","0","2017","4","",791,13843,13892,14425,126675792,17491643,126511,693,"",1.00,1.00,1.00,1.00,1.00,1.00,1.00,1.00,"",-12,-1.5,24,0.2,37,0.3,309,2.2,10093734,8.7,215140,1.2,-51735,-29.0,49,7.6
"C1846","0","10","80","0","2017","4","",862,14385,14447,14728,131916484,12636591,188687,699,"",1.00,1.00,1.00,1.00,1.00,1.00,1.00,1.00,"",-75,-8.0,8,0.1,-10,-0.1,109,0.7,1836494,1.4,287153,2.3,-12043,-6.0,8,1.2
"C1850","0","10","80","0","2017","4","",2141,37472,37384,37231,519337911,26591429,795632,1069,"",1.00,1.00,1.00,1.00,1.00,1.00,1.00,1.00,"",9,0.4,-253,-0.7,-144,-0.4,-24,-0.1,19413582,3.9,2109713,8.6,-100431,-11.2,44,4.3
"C1858","0","10","40","0","2017","4","",10085,186193,186762,187951,2254588854,186443885,5660638,928,"",1.00,1.00,1.00,1.00,1.00,1.00,1.00,1.00,"",0,0.0,-1842,-1.0,-2442,-1.3,-617,-0.3,54232837,2.5,9235092,5.2,1029353,22.2,31,3.5
"C1858","1","10","41","0","2017","4","",75,5625,5617,5649,99150305,0,0,1355,"",1.24,1.57,1.57,1.56,1.60,0.00,0.00,1.02,"",1,1.4,-159,-2.7,-175,-3.0,-157,-2.7,2853075,3.0,0,0.0,0,0.0,77,6.0
"C1858","2","10","41","0","2017","4","",79,5556,5604,5607,58687774,0,0,808,"",1.12,0.93,0.94,0.94,0.80,0.00,0.00,0.85,"",-3,-3.7,-58,-1.0,-2,0.0,9,0.2,3859766,7.0,0,0.0,0,0.0,56,7.4
"C1858","3","10","41","0","2017","4","",198,21868,22029,22032,237901826,992549,1098,833,"",1.16,1.19,1.19,1.18,1.23,0.27,0.04,1.03,"",0,0.0,-109,-0.5,-111,-0.5,-219,-1.0,5416716,2.3,-332954,-25.1,-24073,-95.6,25,3.1
"C1858","5","10","41","0","2017","4","",9733,153144,153512,154663,1858848949,185451336,5659540,930,"",0.99,0.97,0.97,0.97,0.97,1.03,1.01,1.00,"",2,0.0,-1516,-1.0,-2154,-1.4,-250,-0.2,42103280,2.3,9568046,5.4,1053426,22.9,29,3.2
"C1862","0","10","80","0","2017","4","",976,16727,16706,16420,161881436,13888139,328955,749,"",1.00,1.00,1.00,1.00,1.00,1.00,1.00,1.00,"",-4,-0.4,48,0.3,12,0.1,-140,-0.8,7603210,4.9,240546,1.8,43075,15.1,36,5.0
"C1866","0","10","80","0","2017","4","",1107,18737,18779,18453,190912718,12927853,372841,787,"",1.00,1.00,1.00,1.00,1.00,1.00,1.00,1.00,"",12,1.1,272,1.5,247,1.3,251,1.4,14901659,8.5,-1036304,-7.4,-116255,-23.8,51,6.9
"C1870","0","10","40","0","2017","4","",2741,38911,39038,38317,504075543,102476732,2089322,1001,"",1.00,1.00,1.00,1.00,1.00,1.00,1.00,1.00,"",46,1.7,1447,3.9,1413,3.8,1175,3.2,27167105,5.7,11020303,12.0,186646,9.8,20,2.0
"C1870","1","10","41","0","2017","4","",16,491,480,480,9085469,0,0,1445,"",0.97,0.66,0.64,0.65,0.66,0.00,0.00,1.01,"",-1,-5.9,-18,-3.5,-28,-5.5,-34,-6.6,127971,1.4,0,0.0,0,0.0,95,7.0
"C1870","2","10","41","0","2017","4","",16,425,425,418,3998296,0,0,728,"",0.83,0.34,0.34,0.34,0.24,0.00,0.00,0.71,"",0,0.0,26,6.5,29,7.3,23,5.8,238075,6.3,0,0.0,0,0.0,-1,-0.1
"C1870","3","10","41","0","2017","4","",78,9184,9169,9108,138419731,45101,908,1163,"",1.67,2.38,2.37,2.40,3.19,0.02,0.08,1.34,"",-1,-1.3,228,2.5,191,2.1,168,1.9,6647639,5.0,-4106,-8.3,116,14.6,31,2.7
"C1870","5","10","41","0","2017","4","",2631,28811,28964,28311,352572047,102431631,2088414,945,"",0.99,0.87,0.87,0.87,0.82,1.03,1.01,0.94,"",48,1.9,1211,4.4,1221,4.4,1018,3.7,20153420,6.1,11024409,12.1,186530,9.8,17,1.8
"C1874","0","10","80","0","2017","4","",722,10280,10197,10148,96312460,6904600,231000,726,"",1.00,1.00,1.00,1.00,1.00,1.00,1.00,1.00,"",-7,-1.0,-80,-0.8,31,0.3,35,0.3,2627376,2.8,682833,11.0,82981,56.1,20,2.8
"C1878","0","10","80","0","2017","4","",467,4753,4811,4728,59101358,10866481,147665,954,"",1.00,1.00,1.00,1.00,1.00,1.00,1.00,1.00,"",30,6.9,-27,-0.6,94,2.0,76,1.6,2583186,4.6,2017183,22.8,19687,15.4,32,3.5
"C1882","0","10","80","0","2017","4","",847,15313,15299,15246,171752750,13534032,217072,864,"",1.00,1.00,1.00,1.00,1.00,1.00,1.00,1.00,"",9,1.1,-268,-1.7,-273,-1.8,-131,-0.9,4320385,2.6,211784,1.6,-3745,-1.7,34,4.1
"C1886","0","10","80","0","2017","4","",818,8277,8067,8047,78295644,3807370,179488,741,"",1.00,1.00,1.00,1.00,1.00,1.00,1.00,1.00,"",22,2.8,1,0.0,40,0.5,-20,-0.2,155494,0.2,-780498,-17.0,-37510,-17.3,1,0.1
"C1888","0","10","40","0","2017","4","",8985,108656,108247,107332,1189992191,78060645,802596,847,"",1.00,1.00,1.00,1.00,1.00,1.00,1.00,1.00,"",193,2.2,1915,1.8,1987,1.9,1950,1.9,39112393,3.4,3523925,4.7,-286856,-26.3,13,1.6
"C1888","1","10","41","0","2017","4","",85,8656,8698,8714,163226974,0,0,1445,"",1.58,4.14,4.20,4.21,4.99,0.00,0.00,1.19,"",1,1.2,-5,-0.1,-2,0.0,-15,-0.2,4167592,2.6,0,0.0,0,0.0,38,2.7
"C1888","2","10","41","0","2017","4","",51,2086,2071,2113,18471928,0,0,680,"",0.81,0.60,0.60,0.62,0.48,0.00,0.00,0.79,"",-2,-3.8,693,49.7,680,48.9,716,51.3,6086411,49.1,0,0.0,0,0.0,-4,-0.6
"C1888","3","10","41","0","2017","4","",45,9669,9672,9657,98970194,40177,160,788,"",0.29,0.90,0.90,0.91,0.97,0.03,0.04,1.07,"",2,4.7,-518,-5.1,-529,-5.2,-447,-4.4,-2875123,-2.8,-17164,-29.9,-571,-78.1,17,2.2
"C1888","5","10","41","0","2017","4","",8804,88245,87806,86848,909323095,78020468,802436,798,"",1.01,0.96,0.95,0.95,0.89,1.03,1.01,0.94,"",192,2.2,1745,2.0,1838,2.1,1696,2.0,31733513,3.6,3541089,4.8,-286285,-26.3,12,1.5
"C1890","0","10","80","0","2017","4","",1109,17961,17766,17729,171724957,14358029,159608,741,"",1.00,1.00,1.00,1.00,1.00,1.00,1.00,1.00,"",0,0.0,-185,-1.0,-335,-1.9,-257,-1.4,3397233,2.0,2927,0.0,-6660,-4.0,25,3.5
"C1898","0","10","80","0","2017","4","",1839,28704,28804,28825,291865925,20649041,251110,780,"",1.00,1.00,1.00,1.00,1.00,1.00,1.00,1.00,"",15,0.8,-214,-0.7,-306,-1.1,-178,-0.6,6615862,2.3,-446082,-2.1,-32233,-11.4,24,3.2
"C1900","0","10","80","0","2017","4","",1035,13955,13801,13526,130027647,25899444,327103,727,"",1.00,1.00,1.00,1.00,1.00,1.00,1.00,1.00,"",30,3.0,319,2.3,201,1.5,336,2.5,5384061,4.3,1231429,5.0,-138448,-29.7,15,2.1
"C1906","0","10","40","0","2017","4","",2112,37524,37526,37429,381397122,33504064,646514,782,"",1.00,1.00,1.00,1.00,1.00,1.00,1.00,1.00,"",-21,-1.0,-344,-0.9,-315,-0.8,111,0.3,11466199,3.1,1505994,4.7,-8146,-1.2,27,3.6
"C1906","1","10","41","0","2017","4","",38,576,568,579,9128551,0,0,1223,"",3.00,0.80,0.79,0.80,0.87,0.00,0.00,1.09,"",-1,-2.6,-13,-2.2,-19,-3.2,-17,-2.9,-44060,-0.5,0,0.0,0,0.0,28,2.3
"C1906","2","10","41","0","2017","4","",28,3261,3253,3250,39560816,7486242,0,935,"",1.89,2.71,2.71,2.72,3.18,17.60,0.00,1.17,"",0,0.0,-19,-0.6,-25,-0.8,142,4.6,177627,0.5,260619,3.6,-145,-100.0,-5,-0.5
"C1906","3","10","41","0","2017","4","",81,3892,3907,3896,44551421,93291,1562,879,"",2.26,1.05,1.05,1.05,1.36,0.14,0.46,1.30,"",1,1.2,-128,-3.2,-139,-3.4,-76,-1.9,1203008,2.8,-14729,-13.6,371,31.2,48,5.8
"C1906","5","10","41","0","2017","4","",1965,29795,29798,29704,288156334,25924531,644952,745,"",0.96,0.93,0.93,0.93,0.88,0.80,1.00,0.95,"",-21,-1.1,-184,-0.6,-132,-0.4,62,0.2,10129624,3.6,1260104,5.1,-8372,-1.3,29,4.1
"C1910","0","10","40","0","2017","4","",180247,3494506,3524415,3526930,54586123994,3296686525,76688303,1194,"",1.00,1.00,1.00,1.00,1.00,1.00,1.00,1.00,"",6451,3.7,87790,2.6,91758,2.7,85091,2.5,3110112598,6.0,82401540,2.6,8771445,12.9,39,3.4
"C1910","1","10","41","0","2017","4","",486,46342,46981,47187,992671603,0,0,1630,"",0.45,0.69,0.70,0.69,0.66,0.00,0.00,0.95,"",3,0.6,1570,3.5,1991,4.4,1561,3.4,59638016,6.4,0,0.0,0,0.0,40,2.5
"C1910","2","10","41","0","2017","4","N",265,0,0,0,0,0,0,0,"N",0.21,0,0,0,0,0,0,0,"N",-6,-2.2,0,0,0,0,0,0,0,0,0,0,0,0,0,0
"C1910","3","10","41","0","2017","4","N",1321,0,0,0,0,0,0,0,"N",0.43,0,0,0,0,0,0,0,"N",8,0.6,0,0,0,0,0,0,0,0,0,0,0,0,0,0
"C1910","5","10","41","0","2017","4","",178175,3071178,3097547,3101383,48582265717,3287388063,76678409,1209,"",1.02,1.03,1.03,1.03,1.04,1.03,1.01,1.01,"",6446,3.8,78858,2.6,81809,2.7,77989,2.6,2850346106,6.2,81835577,2.6,8927102,13.2,40,3.4
"C1914","0","10","40","0","2017","4","",2682,64252,64495,64743,754529439,56763647,1280243,900,"",1.00,1.00,1.00,1.00,1.00,1.00,1.00,1.00,"",-234,-8.0,-592,-0.9,-572,-0.9,-394,-0.6,37362831,5.2,257129,0.5,-95653,-7.0,51,6.0
"C1914","1","10","41","0","2017","4","",18,238,247,247,3954811,0,0,1247,"",1.12,0.19,0.20,0.20,0.19,0.00,0.00,0.97,"",-3,-14.3,-3,-1.2,-6,-2.4,-3,-1.2,-35089,-0.9,0,0.0,0,0.0,9,0.7
"C1914","2","10","41","0","2017","4","",39,1027,971,974,9784198,3450,90,760,"",2.08,0.50,0.47,0.47,0.40,0.00,0.05,0.83,"",-1,-2.5,59,6.1,-3,-0.3,2,0.2,303795,3.2,163,5.0,4,4.7,9,1.2
"C1914","3","10","41","0","2017","4","",66,5418,5490,5427,54895373,50393,266,776,"",1.45,0.85,0.86,0.85,0.85,0.04,0.04,0.99,"",0,0.0,-68,-1.2,123,2.3,76,1.4,1618321,3.0,-6287,-11.1,-93,-25.9,17,2.2
"C1914","5","10","41","0","2017","4","",2559,57569,57787,58095,685895057,56709804,1279887,913,"",0.98,1.05,1.05,1.06,1.06,1.03,1.01,1.01,"",-230,-8.2,-580,-1.0,-686,-1.2,-469,-0.8,35475804,5.5,263253,0.5,-95564,-6.9,56,6.5
"C1918","0","10","40","0","2017","4","",1378,26936,27011,27102,296616749,27558100,766450,845,"",1.00,1.00,1.00,1.00,1.00,1.00,1.00,1.00,"",-144,-9.5,-469,-1.7,-333,-1.2,0,0.0,-1174057,-0.4,993457,3.7,-51274,-6.3,5,0.6
"C1918","1","10","41","0","2017","4","",27,1427,1431,1463,25453375,0,0,1359,"",3.27,2.75,2.77,2.80,3.12,0.00,0.00,1.12,"",0,0.0,-66,-4.4,-64,-4.3,-26,-1.7,458864,1.8,0,0.0,0,0.0,71,5.5
"C1918","2","10","41","0","2017","4","N",1,0,0,0,0,0,0,0,"N",0.10,0,0,0,0,0,0,0,"N",0,0.0,0,0,0,0,0,0,0,0,0,0,0,0,0,0
"C1918","3","10","41","0","2017","4","N",94,0,0,0,0,0,0,0,"N",4.01,0,0,0,0,0,0,0,"N",0,0.0,0,0,0,0,0,0,0,0,0,0,0,0,0,0
"C1918","5","10","41","0","2017","4","",1256,21322,21378,21441,233141441,25923250,739287,839,"",0.94,0.93,0.93,0.93,0.92,0.97,0.97,0.99,"",-144,-10.3,-417,-1.9,-309,-1.4,-27,-0.1,-1770145,-0.8,1362848,5.5,-46389,-5.9,4,0.5
"C1922","0","10","80","0","2017","4","",1239,18074,18181,18163,178735603,17674188,428404,758,"",1.00,1.00,1.00,1.00,1.00,1.00,1.00,1.00,"",-32,-2.5,-198,-1.1,-137,-0.7,-178,-1.0,2465949,1.4,2725960,18.2,-509,-0.1,17,2.3
"C1926","0","10","80","0","2017","4","",3189,39128,39555,39493,355993710,27976913,536508,695,"",1.00,1.00,1.00,1.00,1.00,1.00,1.00,1.00,"",194,6.5,-332,-0.8,-336,-0.8,-553,-1.4,3961170,1.1,-9589189,-25.5,-240896,-31.0,15,2.2
"C1930","0","10","40","0","2017","4","",6225,71600,71401,70787,670952306,59987963,817827,724,"",1.00,1.00,1.00,1.00,1.00,1.00,1.00,1.00,"",262,4.4,1828,2.6,1608,2.3,1576,2.3,37863772,6.0,3044104,5.3,-16343,-2.0,24,3.4
"C1930","1","10","41","0","2017","4","",31,344,357,354,5447111,0,0,1191,"",0.83,0.25,0.26,0.26,0.30,0.00,0.00,1.15,"",-2,-6.1,-1,-0.3,7,2.0,2,0.6,226451,4.3,0,0.0,0,0.0,40,3.5
"C1930","2","10","41","0","2017","4","",39,1279,1290,1262,13128564,0,0,791,"",0.89,0.56,0.56,0.56,0.60,0.00,0.00,1.07,"",1,2.6,61,5.0,157,13.9,57,4.7,565469,4.5,0,0.0,0,0.0,-24,-2.9
"C1930","3","10","41","0","2017","4","",84,7961,8050,8038,82954331,158395,944,796,"",0.79,1.12,1.14,1.15,1.44,0.13,0.22,1.27,"",0,0.0,189,2.4,156,2.0,153,1.9,2721562,3.4,-21515,-12.0,-190,-16.8,10,1.3
"C1930","5","10","41","0","2017","4","",6071,62016,61704,61133,569422300,59829568,816883,711,"",1.01,1.02,1.02,1.02,0.99,1.03,1.01,0.98,"",263,4.5,1579,2.6,1288,2.1,1364,2.3,34350290,6.4,3065619,5.4,-16153,-1.9,27,3.9
"C1934","0","10","40","0","2017","4","",9965,182135,183100,183012,2458618845,306181225,6593483,1035,"",1.00,1.00,1.00,1.00,1.00,1.00,1.00,1.00,"",-223,-2.2,1271,0.7,1953,1.1,1978,1.1,70838438,3.0,17256591,6.0,360983,5.8,20,2.0
"C1934","1","10","41","0","2017","4","",120,5752,5747,5754,102658661,0,0,1373,"",2.01,1.64,1.64,1.63,1.52,0.00,0.00,0.93,"",-1,-0.8,10,0.2,-2,0.0,-85,-1.5,1983414,2.0,0,0.0,0,0.0,32,2.4
"C1934","2","10","41","0","2017","4","",37,867,865,858,13520577,18069,18,1205,"",0.53,0.15,0.15,0.15,0.17,0.00,0.00,1.14,"N",2,5.7,0,0,0,0,0,0,0,0,0,0,0,0,0,0
"C1934","3","10","41","0","2017","4","",303,19513,19651,19198,195946814,1532960,25235,775,"",1.79,1.08,1.08,1.06,0.93,0.25,0.73,0.86,"N",-5,-1.6,0,0,0,0,0,0,0,0,0,0,0,0,0,0
"C1934","5","10","41","0","2017","4","",9505,156003,156837,157202,2146492793,304630196,6568230,1054,"",0.98,1.01,1.01,1.01,1.02,1.03,1.00,1.01,"",-219,-2.3,616,0.4,1583,1.0,1939,1.2,65701188,3.2,17031391,5.9,353072,5.7,23,2.2
"C1938","0","10","40","0","2017","4","",17759,372253,374724,373980,4582968017,274099824,7386973,943,"",1.00,1.00,1.00,1.00,1.00,1.00,1.00,1.00,"",52,0.3,5108,1.4,5521,1.5,4463,1.2,179561395,4.1,4607228,1.7,1417907,23.8,24,2.6
"C1938","1","10","41","0","2017","4","",116,18484,18576,18624,428084675,0,0,1774,"",1.09,2.58,2.59,2.59,3.40,0.00,0.00,1.32,"",-1,-0.9,-51,-0.3,62,0.3,-40,-0.2,11615335,2.8,0,0.0,0,0.0,49,2.8
"C1938","2","10","41","0","2017","4","N",43,0,0,0,0,0,0,0,"N",0.35,0,0,0,0,0,0,0,"N",-1,-2.3,0,0,0,0,0,0,0,0,0,0,0,0,0,0
"C1938","3","10","41","0","2017","4","N",659,0,0,0,0,0,0,0,"N",2.18,0,0,0,0,0,0,0,"N",0,0.0,0,0,0,0,0,0,0,0,0,0,0,0,0,0
"C1938","5","10","41","0","2017","4","",16941,313119,315317,314757,3665060136,273559840,7372211,897,"",0.98,0.99,0.99,0.99,0.94,1.03,1.00,0.95,"",54,0.3,5148,1.7,5569,1.8,4502,1.5,158447997,4.5,4611378,1.7,1415844,23.8,25,2.9
"C1942","0","10","80","0","2017","4","",505,10799,10730,10707,133406949,6588940,103751,955,"",1.00,1.00,1.00,1.00,1.00,1.00,1.00,1.00,"",26,5.4,-510,-4.5,-399,-3.6,-251,-2.3,3235572,2.5,-50738,-0.8,18090,21.1,56,6.2
"C1946","0","10","40","0","2017","4","",3263,51929,52400,52519,588110102,40000386,684777,865,"",1.00,1.00,1.00,1.00,1.00,1.00,1.00,1.00,"",25,0.8,510,1.0,735,1.4,548,1.1,25540454,4.5,2460215,6.6,40807,6.3,28,3.3
"C1946","1","10","41","0","2017","4","",31,378,374,379,6394664,0,0,1305,"",1.58,0.38,0.37,0.37,0.40,0.00,0.00,1.05,"",0,0.0,-10,-2.6,-11,-2.9,-17,-4.3,-32267,-0.5,0,0.0,0,0.0,36,2.8
"C1946","2","10","41","0","2017","4","",31,801,808,802,10010129,0,0,958,"",1.36,0.48,0.48,0.48,0.52,0.00,0.00,1.09,"",0,0.0,23,3.0,17,2.1,19,2.4,11884,0.1,0,0.0,0,0.0,-23,-2.3
"C1946","3","10","41","0","2017","4","",135,6843,6914,6898,69377869,109983,1018,775,"",2.43,1.33,1.33,1.33,1.37,0.14,0.28,1.03,"",2,1.5,21,0.3,68,1.0,6,0.1,1877316,2.8,-144017,-56.7,-743,-42.2,17,2.2
"C1946","5","10","41","0","2017","4","",3066,43907,44304,44440,502327440,39890403,683759,874,"",0.97,1.00,1.00,1.00,1.00,1.03,1.01,1.00,"",23,0.8,476,1.1,661,1.5,540,1.2,23683521,4.9,2604232,7.0,41550,6.5,31,3.7
"C1950","0","10","40","0","2017","4","",2186,49998,49980,49574,617170859,45468913,1404977,952,"",1.00,1.00,1.00,1.00,1.00,1.00,1.00,1.00,"",-207,-8.7,341,0.7,402,0.8,134,0.3,15988206,2.7,732816,1.6,-2775,-0.2,19,2.0
"C1950","1","10","41","0","2017","4","",25,317,309,307,4667156,0,0,1154,"",1.91,0.33,0.32,0.32,0.28,0.00,0.00,0.85,"",-1,-3.8,0,0.0,-4,-1.3,-6,-1.9,87170,1.9,0,0.0,0,0.0,33,2.9
"C1950","2","10","41","0","2017","4","N",1,0,0,0,0,0,0,0,"N",0.07,0,0,0,0,0,0,0,"N",0,0.0,0,0,0,0,0,0,0,0,0,0,0,0,0,0
"C1950","3","10","41","0","2017","4","N",73,0,0,0,0,0,0,0,"N",1.96,0,0,0,0,0,0,0,"N",0,0.0,0,0,0,0,0,0,0,0,0,0,0,0,0,0
"C1950","5","10","41","0","2017","4","",2087,44623,44700,44391,561337604,45097309,1398484,969,"",0.98,1.05,1.05,1.05,1.07,1.03,1.00,1.01,"",-206,-9.0,367,0.8,433,1.0,278,0.6,14314232,2.6,835991,1.9,5543,0.4,17,1.8
"C1954","0","10","80","0","2017","4","",706,13966,13872,13834,141170209,10861370,281935,782,"",1.00,1.00,1.00,1.00,1.00,1.00,1.00,1.00,"",4,0.6,714,5.4,432,3.2,402,3.0,16875867,13.6,956472,9.7,44868,18.9,67,9.4
"C1958","0","10","80","0","2017","4","",877,15654,15733,15835,169660150,11798998,294625,829,"",1.00,1.00,1.00,1.00,1.00,1.00,1.00,1.00,"",13,1.5,48,0.3,54,0.3,145,0.9,-125926,-0.1,1517880,14.8,82036,38.6,-5,-0.6
"C1962","0","10","80","0","2017","4","",908,17570,17766,17773,166320281,12059730,219839,723,"",1.00,1.00,1.00,1.00,1.00,1.00,1.00,1.00,"",0,0.0,80,0.5,146,0.8,158,0.9,4803385,3.0,671535,5.9,8089,3.8,16,2.3
"C1966","0","10","40","0","2017","4","",16788,193884,196246,196282,1980407853,133655533,1585513,779,"",1.00,1.00,1.00,1.00,1.00,1.00,1.00,1.00,"",310,1.9,2742,1.4,2423,1.3,2306,1.2,97843482,5.2,5427373,4.2,-342905,-17.8,29,3.9
"C1966","1","10","41","0","2017","4","",48,1449,1446,1451,26362495,0,0,1400,"",0.48,0.39,0.39,0.38,0.48,0.00,0.00,1.26,"",0,0.0,79,5.8,63,4.6,39,2.8,2408379,10.1,0,0.0,0,0.0,73,5.5
"C1966","2","10","41","0","2017","4","",71,4489,4529,4479,46564206,0,0,796,"",0.60,0.72,0.72,0.72,0.72,0.00,0.00,1.00,"",-2,-2.7,1305,41.0,1348,42.4,1298,40.8,14638314,45.9,0,0.0,0,0.0,24,3.1
"C1966","3","10","41","0","2017","4","",44,17845,17933,17926,210471136,1689,2,904,"",0.15,0.93,0.92,0.92,1.24,0.00,0.00,1.34,"",-2,-4.3,-1180,-6.2,-1157,-6.1,-1272,-6.6,-3799439,-1.8,1,0.1,-50,-96.2,41,4.8
"C1966","5","10","41","0","2017","4","",16625,170101,172338,172426,1697010016,133653844,1585511,761,"",1.02,1.03,1.03,1.03,1.00,1.03,1.01,0.97,"",314,1.9,2538,1.5,2169,1.3,2241,1.3,84596228,5.2,5427372,4.2,-342855,-17.8,28,3.8
"C1970","0","10","80","0","2017","4","",529,7911,7196,7023,63520398,17295491,300915,662,"",1.00,1.00,1.00,1.00,1.00,1.00,1.00,1.00,"",4,0.8,-414,-5.0,-319,-4.2,-178,-2.5,-1976676,-3.0,-1197445,-6.5,-127159,-29.7,6,0.9
"C1974","0","10","40","0","2017","4","",102061,1459774,1466973,1469782,23880970802,2013598658,38940286,1253,"",1.00,1.00,1.00,1.00,1.00,1.00,1.00,1.00,"",1873,1.9,28040,2.0,33127,2.3,36232,2.5,1665150231,7.5,151332491,8.1,1952247,5.3,60,5.0
"C1974","1","10","41","0","2017","4","",320,28330,28209,28200,602332930,0,0,1640,"",0.52,1.01,1.00,1.00,0.92,0.00,0.00,0.92,"",-7,-2.1,-451,-1.6,-497,-1.7,-713,-2.5,-37467,0.0,0,0.0,0,0.0,31,1.9
"C1974","2","10","41","0","2017","4","N",166,0,0,0,0,0,0,0,"N",0.23,0,0,0,0,0,0,0,"N",-1,-0.6,0,0,0,0,0,0,0,0,0,0,0,0,0,0
"C1974","3","10","41","0","2017","4","N",389,0,0,0,0,0,0,0,"N",0.22,0,0,0,0,0,0,0,"N",2,0.5,0,0,0,0,0,0,0,0,0,0,0,0,0,0
"C1974","5","10","41","0","2017","4","",101186,1261881,1268214,1271475,20841204594,1854388322,38432473,1265,"",1.02,1.02,1.02,1.02,1.02,0.95,0.99,1.00,"",1879,1.9,26739,2.2,31837,2.6,34105,2.8,1579852960,8.2,140633539,8.2,1924198,5.3,67,5.6
"C1976","0","10","80","0","2017","4","",720,8230,8221,7839,81123254,4675932,63821,771,"",1.00,1.00,1.00,1.00,1.00,1.00,1.00,1.00,"",-6,-0.8,-532,-6.1,-530,-6.1,-571,-6.8,-1291527,-1.6,-525222,-10.1,-8451,-11.7,37,5.0
"C1978","0","10","40","0","2017","4","",21979,363929,365218,364338,5167484722,844893104,13564578,1091,"",1.00,1.00,1.00,1.00,1.00,1.00,1.00,1.00,"",449,2.1,3504,1.0,5582,1.6,5462,1.5,202622496,4.1,20218774,2.5,-359643,-2.6,29,2.7
"C1978","1","10","41","0","2017","4","",159,6337,6284,6373,115113475,0,0,1399,"",1.21,0.90,0.90,0.91,0.81,0.00,0.00,0.90,"",1,0.6,93,1.5,31,0.5,27,0.4,4508902,4.1,0,0.0,0,0.0,44,3.2
"C1978","2","10","41","0","2017","4","",301,7280,7333,7291,115792442,222303,232,1220,"",1.95,0.62,0.63,0.63,0.69,0.02,0.01,1.10,"",12,4.2,-271,-3.6,-261,-3.4,-298,-3.9,-2186483,-1.9,-8970,-3.9,-28,-10.8,22,1.8
"C1978","3","10","41","0","2017","4","",379,30969,31311,31358,372857739,2120182,8481,919,"",1.01,0.86,0.86,0.87,0.84,0.13,0.12,0.97,"",1,0.3,739,2.4,890,2.9,898,2.9,15768815,4.4,26055,1.2,956,12.7,15,1.7
"C1978","5","10","41","0","2017","4","",21140,319343,320290,319316,4563721066,842550619,13555865,1098,"",0.99,1.03,1.03,1.03,1.03,1.03,1.01,1.00,"",435,2.1,2943,0.9,4922,1.6,4835,1.5,184531262,4.2,20201689,2.5,-360571,-2.6,30,2.8
"C1982","0","10","40","0","2017","4","",97705,1912462,1923030,1916334,29626965080,1480055816,47236947,1189,"",1.00,1.00,1.00,1.00,1.00,1.00,1.00,1.00,"",1282,1.3,14788,0.8,13388,0.7,13938,0.7,1155910005,4.1,9339954,0.6,-3788412,-7.4,38,3.3
"C1982","1","10","41","0","2017","4","",298,27328,27375,27996,574861328,0,0,1604,"",0.51,0.74,0.74,0.76,0.71,0.00,0.00,0.94,"",-3,-1.0,46,0.2,-23,-0.1,-215,-0.8,8231311,1.5,0,0.0,0,0.0,26,1.6
"C1982","2","10","41","0","2017","4","",199,21980,21939,21928,342997591,0,0,1202,"",0.29,0.36,0.36,0.36,0.35,0.00,0.00,0.99,"",0,0.0,-288,-1.3,-296,-1.3,-264,-1.2,2356405,0.7,0,0.0,0,0.0,23,2.0
"C1982","3","10","41","0","2017","4","",1183,130617,131324,129677,1754991230,871186,15256,1034,"",0.71,0.69,0.69,0.68,0.69,0.03,0.06,1.00,"",-2,-0.2,1724,1.3,106,0.1,959,0.7,41080723,2.4,53556,6.6,-294,-1.9,17,1.7
"C1982","5","10","41","0","2017","4","",96025,1732537,1742392,1736733,26954114931,1479184630,47221691,1194,"",1.01,1.07,1.07,1.07,1.07,1.03,1.01,1.00,"",1287,1.4,13306,0.8,13601,0.8,13458,0.8,1104241566,4.3,9286398,0.6,-3788118,-7.4,40,3.5
"C1986","0","10","80","0","2017","4","",1470,19094,19009,18961,287670160,64081769,1720541,1163,"",1.00,1.00,1.00,1.00,1.00,1.00,1.00,1.00,"",-17,-1.1,254,1.3,243,1.3,618,3.4,20218936,7.6,-6130795,-8.7,339707,24.6,60,5.4
"C1994","0","10","80","0","2017","4","",696,13363,13180,13263,148464545,10570008,292575,861,"",1.00,1.00,1.00,1.00,1.00,1.00,1.00,1.00,"",-49,-6.6,48,0.4,78,0.6,229,1.8,6116014,4.3,136300,1.3,-25806,-8.1,28,3.4
"C1998","0","10","80","0","2017","4","",853,17646,17655,17732,175010772,36100861,182085,762,"",1.00,1.00,1.00,1.00,1.00,1.00,1.00,1.00,"",2,0.2,-313,-1.7,-334,-1.9,-226,-1.3,-1199581,-0.7,-864070,-2.3,-12086,-6.2,8,1.1
"C2002","0","10","40","0","2017","4","",3822,56442,56735,56655,609341038,44617616,636402,828,"",1.00,1.00,1.00,1.00,1.00,1.00,1.00,1.00,"",41,1.1,780,1.4,778,1.4,376,0.7,22476001,3.8,3524331,8.6,26619,4.4,21,2.6
"C2002","1","10","41","0","2017","4","",41,413,419,405,6060616,0,0,1131,"",1.79,0.38,0.39,0.37,0.36,0.00,0.00,0.96,"",-1,-2.4,16,4.0,14,3.5,-14,-3.3,10759,0.2,0,0.0,0,0.0,-12,-1.0
"C2002","2","10","41","0","2017","4","",53,1234,1186,1158,12990385,0,0,838,"",1.98,0.68,0.65,0.64,0.65,0.00,0.00,0.99,"",0,0.0,-29,-2.3,-48,-3.9,-74,-6.0,-320263,-2.4,0,0.0,0,0.0,14,1.7
"C2002","3","10","41","0","2017","4","",131,8898,8876,8852,95535724,862452,10100,828,"",2.02,1.59,1.58,1.58,1.82,0.98,3.02,1.15,"",0,0.0,-140,-1.5,-138,-1.5,-233,-2.6,-156264,-0.2,40034,4.9,1137,12.7,14,1.7
"C2002","5","10","41","0","2017","4","",3597,45897,46254,46240,494754313,43755164,626302,825,"",0.97,0.96,0.96,0.96,0.95,1.01,0.99,0.99,"",42,1.2,933,2.1,950,2.1,697,1.5,22941769,4.9,3484297,8.7,25482,4.2,23,2.9
"C2006","0","10","80","0","2017","4","",905,17232,17335,17455,161325707,19354658,291339,716,"",1.00,1.00,1.00,1.00,1.00,1.00,1.00,1.00,"",-71,-7.3,207,1.2,20,0.1,343,2.0,12321222,8.3,1999010,11.5,-370,-0.1,48,7.2
"C2010","0","10","40","0","2017","4","",4082,66483,66817,66382,732752807,86874466,1360883,847,"",1.00,1.00,1.00,1.00,1.00,1.00,1.00,1.00,"",79,2.0,-492,-0.7,-299,-0.4,-278,-0.4,15936276,2.2,-2383184,-2.7,-329875,-19.5,23,2.8
"C2010","1","10","41","0","2017","4","",64,1643,1653,1643,27620235,0,0,1291,"",2.61,1.28,1.29,1.28,1.37,0.00,0.00,1.07,"",-1,-1.5,-34,-2.0,-18,-1.1,-48,-2.8,425868,1.6,0,0.0,0,0.0,46,3.7
"C2010","2","10","41","0","2017","4","",45,11675,11481,11313,139167498,55113,1000,932,"",1.57,5.47,5.36,5.34,5.82,0.05,0.56,1.08,"",0,0.0,-316,-2.6,-494,-4.1,-315,-2.7,2994174,2.2,-65934,-54.5,-1343,-57.3,49,5.5
"C2010","3","10","41","0","2017","4","N",67,0,0,0,0,0,0,0,"N",0.97,0,0,0,0,0,0,0,"N",0,0.0,0,0,0,0,0,0,0,0,0,0,0,0,0,0
"C2010","5","10","41","0","2017","4","N",3906,0,0,0,0,0,0,0,"N",0.99,0,0,0,0,0,0,0,"N",80,2.1,0,0,0,0,0,0,0,0,0,0,0,0,0,0
"C2014","0","10","80","0","2017","4","",1178,19929,19998,20096,195817961,18587337,320594,753,"",1.00,1.00,1.00,1.00,1.00,1.00,1.00,1.00,"",-99,-7.8,309,1.6,-21,-0.1,124,0.6,8529926,4.6,1553894,9.1,-9962,-3.0,28,3.9
"C2018","0","10","80","0","2017","4","",2126,29820,29957,29874,296949872,22237756,1136862,764,"",1.00,1.00,1.00,1.00,1.00,1.00,1.00,1.00,"",-30,-1.4,180,0.6,182,0.6,196,0.7,15821998,5.6,1778717,8.7,37483,3.4,36,4.9
"C2022","0","10","40","0","2017","4","",3279,58571,58680,58618,705020518,130323267,2204335,925,"",1.00,1.00,1.00,1.00,1.00,1.00,1.00,1.00,"",27,0.8,481,0.8,356,0.6,251,0.4,19314001,2.8,6481473,5.2,247318,12.6,20,2.2
"C2022","1","10","41","0","2017","4","",24,272,267,267,4099570,0,0,1174,"",1.22,0.24,0.24,0.24,0.21,0.00,0.00,0.89,"",0,0.0,6,2.3,6,2.3,0,0.0,173214,4.4,0,0.0,0,0.0,33,2.9
"C2022","2","10","41","0","2017","4","",29,202,198,205,2750124,6485,6,1049,"",1.26,0.11,0.11,0.11,0.12,0.00,0.00,1.11,"",0,0.0,-15,-6.9,-16,-7.5,-22,-9.7,-237381,-7.9,178,2.8,0,0.0,1,0.1
"C2022","3","10","41","0","2017","4","",65,4391,4362,4312,44276921,118234,371,782,"",1.17,0.76,0.75,0.74,0.73,0.05,0.03,0.97,"",-1,-1.5,-25,-0.6,21,0.5,-11,-0.3,1210874,2.8,-23588,-16.6,-109,-22.7,22,2.9
"C2022","5","10","41","0","2017","4","",3161,53706,53853,53834,653893903,130198548,2203958,935,"",0.99,1.08,1.08,1.08,1.09,1.03,1.01,1.01,"",28,0.9,515,1.0,345,0.6,284,0.5,18167294,2.9,6504883,5.3,247427,12.6,20,2.2
"C2026","0","10","40","0","2017","4","",7182,128577,127563,127103,1455202013,263528879,4221616,876,"",1.00,1.00,1.00,1.00,1.00,1.00,1.00,1.00,"",199,2.8,648,0.5,750,0.6,1052,0.8,49583588,3.5,14861684,6.0,231444,5.8,24,2.8
"C2026","1","10","41","0","2017","4","",97,1624,1602,1595,26642460,0,0,1275,"",2.25,0.66,0.66,0.65,0.67,0.00,0.00,1.02,"",-1,-1.0,21,1.3,4,0.3,4,0.3,635595,2.4,0,0.0,0,0.0,23,1.8
"C2026","2","10","41","0","2017","4","",119,5830,5742,5606,65426585,0,0,879,"",2.36,1.41,1.41,1.38,1.38,0.00,0.00,0.98,"",5,4.4,91,1.6,96,1.7,-25,-0.4,-5481720,-7.7,0,0.0,0,0.0,-83,-8.6
"C2026","3","10","41","0","2017","4","",296,16604,16808,16764,181614618,689636,7255,835,"",2.42,1.30,1.33,1.33,1.45,0.13,0.33,1.10,"",3,1.0,121,0.7,-83,-0.5,164,1.0,4618933,2.6,-39204,-5.4,-1884,-20.6,18,2.2
"C2026","5","10","41","0","2017","4","",6670,104519,103411,103138,1181518350,262839243,4214361,877,"",0.96,0.96,0.95,0.95,0.95,1.03,1.00,1.00,"",192,3.0,415,0.4,733,0.7,909,0.9,49810780,4.4,14900888,6.0,233328,5.9,32,3.8
"C2030","0","10","80","0","2017","4","",549,10859,11105,11066,131888301,12379321,241761,921,"",1.00,1.00,1.00,1.00,1.00,1.00,1.00,1.00,"",10,1.9,-282,-2.5,15,0.1,-65,-0.6,4600868,3.6,221592,1.8,76322,46.1,41,4.7
"C2034","0","10","80","0","2017","4","",1139,13948,13975,14051,146707317,25710336,386474,807,"",1.00,1.00,1.00,1.00,1.00,1.00,1.00,1.00,"",3,0.3,531,4.0,453,3.4,533,3.9,12529575,9.3,4514627,21.3,214597,124.9,42,5.5
"C2038","0","10","80","0","2017","4","",1784,25906,25869,25391,234139545,55017814,543197,700,"",1.00,1.00,1.00,1.00,1.00,1.00,1.00,1.00,"",26,1.5,576,2.3,349,1.4,254,1.0,4795486,2.1,779407,1.4,-294171,-35.1,3,0.4
"C2042","0","10","80","0","2017","4","",2625,26580,26363,26432,332786660,77774268,833375,968,"",1.00,1.00,1.00,1.00,1.00,1.00,1.00,1.00,"",66,2.6,-216,-0.8,-18,-0.1,-153,-0.6,9824759,3.0,7248147,10.3,65630,8.5,34,3.6
"C2046","0","10","80","0","2017","4","",946,17758,17625,17922,178821800,32483950,176127,774,"",1.00,1.00,1.00,1.00,1.00,1.00,1.00,1.00,"",61,6.9,973,5.8,730,4.3,948,5.6,20269179,12.8,1375240,4.4,-2139,-1.2,52,7.2
"C2050","0","10","40","0","2017","4","",14659,298218,299392,298257,4679553150,448007827,4264428,1205,"",1.00,1.00,1.00,1.00,1.00,1.00,1.00,1.00,"",233,1.6,5042,1.7,4348,1.5,3191,1.1,183551874,4.1,13763668,3.2,-2418517,-36.2,30,2.6
"C2050","1","10","41","0","2017","4","",58,6552,6516,6514,149849096,0,0,1766,"",0.66,1.14,1.14,1.13,1.16,0.00,0.00,1.02,"",2,3.6,97,1.5,-17,-0.3,-36,-0.5,5644981,3.9,0,0.0,0,0.0,63,3.7
"C2050","2","10","41","0","2017","4","N",72,0,0,0,0,0,0,0,"N",0.70,0,0,0,0,0,0,0,"N",3,4.3,0,0,0,0,0,0,0,0,0,0,0,0,0,0
"C2050","3","10","41","0","2017","4","N",130,0,0,0,0,0,0,0,"N",0.52,0,0,0,0,0,0,0,"N",1,0.8,0,0,0,0,0,0,0,0,0,0,0,0,0,0
"C2050","5","10","41","0","2017","4","",14399,237928,239100,238323,3714016004,447464713,4258901,1198,"",1.01,0.94,0.94,0.94,0.93,1.03,1.01,0.99,"",227,1.6,5005,2.1,4630,2.0,3415,1.5,163604270,4.6,13628648,3.1,-2416184,-36.2,31,2.7
"C2054","0","10","80","0","2017","4","",826,15120,15240,15234,157113558,11178793,160275,795,"",1.00,1.00,1.00,1.00,1.00,1.00,1.00,1.00,"",3,0.4,-380,-2.5,-277,-1.8,-247,-1.6,1888870,1.2,-992846,-8.2,13111,8.9,25,3.2
"C2058","0","10","80","0","2017","4","",890,17937,18098,18067,155005743,13240370,234464,661,"",1.00,1.00,1.00,1.00,1.00,1.00,1.00,1.00,"",3,0.3,164,0.9,-53,-0.3,-85,-0.5,5159875,3.4,131683,1.0,13364,6.0,22,3.4
"C2066","0","10","80","0","2017","4","",1565,19476,19453,19313,216000636,15390855,355660,856,"",1.00,1.00,1.00,1.00,1.00,1.00,1.00,1.00,"",-4,-0.3,143,0.7,291,1.5,122,0.6,7743728,3.7,490057,3.3,11738,3.4,23,2.8
"C2070","0","10","40","0","2017","4","",3563,56014,56087,56239,592314610,48778458,2431222,812,"",1.00,1.00,1.00,1.00,1.00,1.00,1.00,1.00,"",-11,-0.3,419,0.8,274,0.5,487,0.9,18599959,3.2,4871697,11.1,60598,2.6,20,2.5
"C2070","1","10","41","0","2017","4","",61,3067,3089,3081,51897678,0,0,1297,"",2.85,2.84,2.88,2.84,3.19,0.00,0.00,1.12,"",0,0.0,-101,-3.2,-75,-2.4,-84,-2.7,1388414,2.7,0,0.0,0,0.0,70,5.7
"C2070","2","10","41","0","2017","4","",18,1195,1219,1217,18356707,0,0,1167,"",0.72,0.66,0.68,0.68,0.95,0.00,0.00,1.41,"",0,0.0,-13,-1.1,-24,-1.9,-5,-0.4,124861,0.7,0,0.0,0,0.0,22,1.9
"C2070","3","10","41","0","2017","4","",98,5982,6044,5990,80591810,59134,1917,1032,"",1.62,1.08,1.09,1.08,1.58,0.06,0.15,1.47,"",0,0.0,-33,-0.5,-19,-0.3,13,0.2,-1607394,-2.0,13260,28.9,-696,-26.6,-19,-1.8
"C2070","5","10","41","0","2017","4","",3386,45770,45735,45951,441468415,48719324,2429305,741,"",0.98,0.96,0.96,0.96,0.87,1.03,1.01,0.91,"",-11,-0.3,566,1.3,392,0.9,563,1.2,18694078,4.4,4858437,11.1,61294,2.6,23,3.2
"C2074","0","10","40","0","2017","4","",4420,82921,83164,83065,920880259,93062591,2015890,853,"",1.00,1.00,1.00,1.00,1.00,1.00,1.00,1.00,"",124,2.9,568,0.7,156,0.2,972,1.2,61921381,7.2,3517789,3.9,-243484,-10.8,52,6.5
"C2074","1","10","41","0","2017","4","",36,525,528,539,8685382,0,0,1259,"",1.36,0.33,0.33,0.34,0.34,0.00,0.00,1.03,"",0,0.0,-10,-1.9,8,1.5,2,0.4,205306,2.4,0,0.0,0,0.0,30,2.4
"C2074","2","10","41","0","2017","4","",26,2525,2512,2492,28382102,0,0,870,"",0.84,0.95,0.94,0.94,0.94,0.00,0.00,1.00,"",-4,-13.3,13,0.5,11,0.4,-28,-1.1,1062200,3.9,0,0.0,0,0.0,33,3.9
"C2074","3","10","41","0","2017","4","",108,7319,7389,7253,73395191,91005,880,771,"",1.44,0.89,0.89,0.88,0.93,0.05,0.08,1.04,"",0,0.0,-152,-2.0,-673,-8.3,-236,-3.2,-2479510,-3.3,-554717,-85.9,-684,-43.7,10,1.3
"C2074","5","10","41","0","2017","4","",4250,72552,72735,72781,810417584,92971586,2015010,858,"",0.99,1.03,1.03,1.03,1.03,1.03,1.01,1.00,"",128,3.1,717,1.0,810,1.1,1234,1.7,63133385,8.4,4072506,4.6,-242800,-10.8,57,7.1
"C2078","0","10","80","0","2017","4","",3510,30159,30503,34651,379117183,69963961,933531,918,"",1.00,1.00,1.00,1.00,1.00,1.00,1.00,1.00,"",86,2.5,499,1.7,1051,3.6,293,0.9,18647580,5.2,2527615,3.7,-10950,-1.2,28,3.1
"C2082","0","10","80","0","2017","4","",1192,21772,21833,22173,219987387,23107393,463527,772,"",1.00,1.00,1.00,1.00,1.00,1.00,1.00,1.00,"",-57,-4.6,1217,5.9,1184,5.7,1320,6.3,16842326,8.3,1957287,9.3,15514,3.5,17,2.3
"C2090","0","10","80","0","2017","4","",1172,15870,15863,15797,153203109,12147948,230120,744,"",1.00,1.00,1.00,1.00,1.00,1.00,1.00,1.00,"",30,2.6,503,3.3,468,3.0,513,3.4,10885458,7.6,1983973,19.5,77529,50.8,31,4.3
"C2094","0","10","40","0","2017","4","",7448,63459,63092,63446,630901370,53343732,2621471,766,"",1.00,1.00,1.00,1.00,1.00,1.00,1.00,1.00,"",339,4.8,-711,-1.1,-1823,-2.8,-989,-1.5,26132500,4.3,2225432,4.4,39129,1.5,45,6.2
"C2094","1","10","41","0","2017","4","",49,2089,2088,2081,50222862,0,0,1852,"",1.10,1.71,1.73,1.70,2.90,0.00,0.00,1.69,"",-2,-3.9,-35,-1.6,-22,-1.0,-19,-0.9,-355508,-0.7,0,0.0,0,0.0,9,0.5
"C2094","2","10","41","0","2017","4","",86,2905,2919,2921,37000267,0,0,976,"",1.65,1.43,1.44,1.44,1.80,0.00,0.00,1.25,"",-4,-4.4,-115,-3.8,-110,-3.6,-325,-10.0,718787,2.0,0,0.0,0,0.0,75,8.3
"C2094","3","10","41","0","2017","4","",161,13566,13772,12149,173603489,522148,30537,1015,"",1.27,2.16,2.20,1.93,3.20,0.49,2.21,1.53,"",0,0.0,166,1.2,49,0.4,71,0.6,6611920,4.0,71182,15.8,4339,16.6,32,3.3
"C2094","5","10","41","0","2017","4","",7152,44899,44313,46295,370074752,52821584,2590934,630,"",0.99,0.83,0.83,0.86,0.69,1.02,0.99,0.82,"",345,5.1,-727,-1.6,-1740,-3.8,-716,-1.5,19157301,5.5,2154250,4.3,34790,1.4,46,7.9
"C2098","0","10","80","0","2017","4","",1321,17650,17718,17769,213149007,17508190,348446,926,"",1.00,1.00,1.00,1.00,1.00,1.00,1.00,1.00,"",4,0.3,41,0.2,79,0.4,165,0.9,5844277,2.8,207636,1.2,-91376,-20.8,21,2.3
"C2102","0","10","80","0","2017","4","",1443,19324,19326,19233,181437141,33532114,359807,723,"",1.00,1.00,1.00,1.00,1.00,1.00,1.00,1.00,"",17,1.2,71,0.4,-125,-0.6,-75,-0.4,4749796,2.7,2043724,6.5,-117818,-24.7,20,2.8
"C2106","0","10","40","0","2017","4","",3642,54735,55287,55659,578109618,46560951,1015907,805,"",1.00,1.00,1.00,1.00,1.00,1.00,1.00,1.00,"",-169,-4.4,294,0.5,386,0.7,551,1.0,10639656,1.9,1408701,3.1,-172335,-14.5,9,1.1
"C2106","1","10","41","0","2017","4","",60,5689,5706,5676,85700346,0,0,1159,"",2.75,5.40,5.39,5.29,5.39,0.00,0.00,1.01,"",-1,-1.6,-84,-1.5,-73,-1.3,-65,-1.1,690976,0.8,0,0.0,0,0.0,25,2.2
"C2106","2","10","41","0","2017","4","",67,1247,1263,1258,11522400,0,0,706,"",2.63,0.71,0.71,0.71,0.61,0.00,0.00,0.86,"",-1,-1.5,77,6.6,86,7.3,76,6.4,780426,7.3,0,0.0,0,0.0,4,0.6
"C2106","3","10","41","0","2017","4","",64,8373,8409,8423,91105625,691735,15960,834,"",1.03,1.54,1.53,1.53,1.83,0.75,2.99,1.19,"",1,1.6,248,3.1,236,2.9,214,2.6,4968054,5.8,432296,166.6,9847,161.1,23,2.8
"C2106","5","10","41","0","2017","4","",3451,39426,39909,40302,389781247,45869216,999947,752,"",0.98,0.85,0.85,0.85,0.79,1.02,0.99,0.93,"",-168,-4.6,53,0.1,137,0.3,326,0.8,4200200,1.1,976405,2.2,-182182,-15.4,5,0.7
"C2112","0","10","80","0","2017","4","",829,10376,10272,10322,124759384,23839410,390522,930,"",1.00,1.00,1.00,1.00,1.00,1.00,1.00,1.00,"",-19,-2.2,606,6.2,610,6.3,628,6.5,13172762,11.8,5436961,29.5,210799,117.3,46,5.2
"C2114","0","10","40","0","2017","4","",4683,136321,137042,137782,1751815451,155313427,4165404,983,"",1.00,1.00,1.00,1.00,1.00,1.00,1.00,1.00,"",15,0.3,7643,5.9,7643,5.9,7432,5.7,206708482,13.4,29502906,23.5,527783,14.5,65,7.1
"C2114","1","10","41","0","2017","4","",15,271,270,276,4487529,0,0,1268,"",0.53,0.10,0.10,0.10,0.09,0.00,0.00,0.90,"",0,0.0,9,3.4,6,2.3,3,1.1,83463,1.9,0,0.0,0,0.0,-4,-0.3
"C2114","2","10","41","0","2017","4","",15,235,235,245,2652218,0,0,856,"",0.46,0.05,0.05,0.06,0.05,0.00,0.00,0.85,"",0,0.0,15,6.8,18,8.3,25,11.4,493693,22.9,0,0.0,0,0.0,98,12.9
"C2114","3","10","41","0","2017","4","",54,8348,8302,8311,82742646,77999,527,765,"",0.68,0.62,0.61,0.61,0.55,0.03,0.02,0.90,"",-1,-1.8,-104,-1.2,-109,-1.3,-59,-0.7,4091057,5.2,2596,3.4,-118,-18.3,46,6.4
"C2114","5","10","41","0","2017","4","",4599,127467,128235,128950,1661933058,155235428,4164877,997,"",1.01,1.10,1.10,1.10,1.11,1.03,1.01,1.01,"",16,0.3,7723,6.4,7728,6.4,7463,6.1,202040269,13.8,29500310,23.5,527901,14.5,66,7.1
"C2118","0","10","80","0","2017","4","",856,11406,11426,11394,99825916,10127930,264662,673,"",1.00,1.00,1.00,1.00,1.00,1.00,1.00,1.00,"",21,2.5,-418,-3.5,-368,-3.1,-375,-3.2,1641049,1.7,-507839,-4.8,-12573,-4.5,33,5.2
"C2122","0","10","80","0","2017","4","",1443,26809,26654,26462,385462084,77349117,1535180,1113,"",1.00,1.00,1.00,1.00,1.00,1.00,1.00,1.00,"",-16,-1.1,167,0.6,39,0.1,78,0.3,13651526,3.7,5753647,8.0,202965,15.2,36,3.3
"C2126","0","10","80","0","2017","4","",1414,15344,14969,14554,159599632,58393033,785978,821,"",1.00,1.00,1.00,1.00,1.00,1.00,1.00,1.00,"",-18,-1.3,496,3.3,267,1.8,628,4.5,11819292,8.0,5368182,10.1,-29738,-3.6,37,4.7
"C2130","0","10","40","0","2017","4","",1949,35762,35850,35804,415707542,25571937,774107,893,"",1.00,1.00,1.00,1.00,1.00,1.00,1.00,1.00,"",-20,-1.0,29,0.1,61,0.2,-89,-0.2,10397513,2.6,1049162,4.3,-134148,-14.8,22,2.5
"C2130","1","10","41","0","2017","4","",19,207,211,210,3286861,0,0,1208,"",1.63,0.30,0.31,0.30,0.29,0.00,0.00,0.95,"",-2,-9.5,3,1.5,6,2.9,5,2.4,112067,3.5,0,0.0,0,0.0,15,1.3
"C2130","2","10","41","0","2017","4","",48,1796,1802,1803,31282815,0,0,1337,"",3.51,1.56,1.57,1.58,2.30,0.00,0.00,1.47,"",0,0.0,-38,-2.1,-24,-1.3,-16,-0.9,823205,2.7,0,0.0,0,0.0,54,4.2
"C2130","3","10","41","0","2017","4","",66,4147,4136,4117,49492525,33810,439,921,"",1.99,1.17,1.16,1.16,1.38,0.07,0.11,1.19,"",0,0.0,48,1.2,68,1.7,39,1.0,834390,1.7,-23155,-40.6,-544,-55.3,4,0.4
"C2130","5","10","41","0","2017","4","",1816,29612,29701,29674,331645341,25538127,773668,860,"",0.96,0.97,0.98,0.98,0.93,1.03,1.01,0.96,"",-18,-1.0,16,0.1,11,0.0,-117,-0.4,8627851,2.7,1072317,4.4,-133604,-14.7,23,2.7
"C2134","0","10","40","0","2017","4","",15354,303982,306750,307282,2984564431,244925580,5190552,750,"",1.00,1.00,1.00,1.00,1.00,1.00,1.00,1.00,"",396,2.6,3273,1.1,4209,1.4,4169,1.4,111719978,3.9,1155216,0.5,382076,7.9,19,2.6
"C2134","1","10","41","0","2017","4","",104,12821,12854,12919,239123882,0,0,1430,"",1.13,2.19,2.19,2.18,2.91,0.00,0.00,1.33,"",2,2.0,34,0.3,20,0.2,72,0.6,4528545,1.9,0,0.0,0,0.0,23,1.6
"C2134","2","10","41","0","2017","4","",47,9735,9859,9906,124328986,0,0,973,"",0.44,1.00,1.00,1.01,1.28,0.00,0.00,1.27,"",0,0.0,-5,-0.1,123,1.3,458,4.8,3591008,3.0,0,0.0,0,0.0,10,1.0
"C2134","3","10","41","0","2017","4","",119,47064,46947,47166,510144108,1169270,20611,834,"",0.46,1.56,1.54,1.55,1.99,0.24,0.75,1.28,"",2,1.7,265,0.6,128,0.3,220,0.5,22505135,4.6,-303946,-20.6,-15245,-42.5,33,4.1
"C2134","5","10","41","0","2017","4","",15084,234362,237090,237291,2110967455,243756310,5169941,687,"",1.01,0.91,0.91,0.91,0.83,1.03,1.00,0.91,"",392,2.7,2979,1.3,3938,1.7,3419,1.5,81095290,4.0,1459162,0.6,397321,8.3,16,2.4
"C2138","0","10","80","0","2017","4","",854,15278,15261,15252,134313658,40501837,214733,677,"",1.00,1.00,1.00,1.00,1.00,1.00,1.00,1.00,"",-14,-1.6,-199,-1.3,-246,-1.6,-223,-1.4,-661246,-0.5,729034,1.8,-3973,-1.8,7,1.0
"C2142","0","10","80","0","2017","4","",1749,24329,24418,24459,260955038,41947084,362625,823,"",1.00,1.00,1.00,1.00,1.00,1.00,1.00,1.00,"",-3,-0.2,-2321,-8.7,-2083,-7.9,-1996,-7.5,-43166264,-14.2,-4844009,-10.4,-223425,-38.1,-59,-6.7
"C2146","0","10","80","0","2017","4","",1094,15690,15738,15721,138951896,12541886,186345,680,"",1.00,1.00,1.00,1.00,1.00,1.00,1.00,1.00,"",5,0.5,213,1.4,209,1.3,46,0.3,3826799,2.8,-1142633,-8.3,-29303,-13.6,12,1.8
"C2150","0","10","40","0","2017","4","",6913,122336,122569,121771,1289821455,84569901,4374778,812,"",1.00,1.00,1.00,1.00,1.00,1.00,1.00,1.00,"",-61,-0.9,-568,-0.5,-44,0.0,225,0.2,2026701,0.2,3830701,4.7,-948,0.0,2,0.2
"C2150","1","10","41","0","2017","4","",50,1548,1559,1566,28389240,0,0,1402,"",1.21,0.66,0.66,0.67,0.80,0.00,0.00,1.21,"",0,0.0,25,1.6,23,1.5,25,1.6,1133991,4.2,0,0.0,0,0.0,35,2.6
"C2150","2","10","41","0","2017","4","",31,3417,3423,3402,49350052,0,0,1112,"",0.64,0.87,0.87,0.88,1.17,0.00,0.00,1.34,"",0,0.0,-67,-1.9,-86,-2.5,-65,-1.9,-315705,-0.6,0,0.0,0,0.0,16,1.5
"C2150","3","10","41","0","2017","4","",240,10114,10315,10147,109709915,369833,22447,828,"",2.04,0.83,0.85,0.84,0.99,0.22,0.97,1.18,"",-4,-1.6,113,1.1,122,1.2,104,1.0,1170359,1.1,39581,12.0,395,1.8,0,0.0
"C2150","5","10","41","0","2017","4","",6592,107257,107272,106656,1102372248,84200068,4352331,792,"",0.98,1.03,1.03,1.03,1.00,1.03,1.00,0.97,"",-57,-0.9,-639,-0.6,-103,-0.1,161,0.2,38056,0.0,3791120,4.7,-1343,0.0,1,0.1
"C2154","0","10","80","0","2017","4","",996,13819,13455,13375,136205782,9341526,345622,773,"",1.00,1.00,1.00,1.00,1.00,1.00,1.00,1.00,"",-18,-1.8,-20,-0.1,-75,-0.6,71,0.5,1134801,0.8,726260,8.4,21585,6.7,7,0.9
"C2158","0","10","80","0","2017","4","",813,10006,9924,9861,84198853,22092571,267647,652,"",1.00,1.00,1.00,1.00,1.00,1.00,1.00,1.00,"",43,5.6,205,2.1,215,2.2,131,1.3,4657382,5.9,2373351,12.0,-93876,-26.0,24,3.8
"C2166","0","10","40","0","2017","4","",12142,156807,156624,156374,1755313079,566232712,12680303,862,"",1.00,1.00,1.00,1.00,1.00,1.00,1.00,1.00,"",285,2.4,2780,1.8,1978,1.3,2470,1.6,59912240,3.5,46307410,8.9,1046294,9.0,16,1.9
"C2166","1","10","41","0","2017","4","",62,1807,1736,1769,31468977,0,0,1367,"",0.85,0.60,0.58,0.59,0.65,0.00,0.00,1.11,"",0,0.0,60,3.4,16,0.9,9,0.5,1857080,6.3,0,0.0,0,0.0,60,4.6
"C2166","2","10","41","0","2017","4","",56,3448,3449,3436,31928235,0,0,713,"",0.66,0.69,0.69,0.69,0.56,0.00,0.00,0.81,"",0,0.0,34,1.0,47,1.4,47,1.4,762687,2.4,0,0.0,0,0.0,8,1.1
"C2166","3","10","41","0","2017","4","",289,21117,21388,21230,270349009,5483912,71134,979,"",1.40,1.36,1.38,1.37,1.79,0.49,1.07,1.31,"",5,1.8,267,1.3,155,0.7,282,1.3,10367145,4.0,481242,9.6,8658,13.9,27,2.8
"C2166","5","10","41","0","2017","4","",11735,130435,130051,129939,1421566858,560748800,12609169,840,"",1.00,0.98,0.98,0.98,0.95,1.02,1.00,0.97,"",280,2.4,2419,1.9,1760,1.4,2132,1.7,46925328,3.4,45826168,8.9,1037636,9.0,14,1.7
"C2170","0","10","80","0","2017","4","",5495,50106,49986,50008,515854203,31402003,1309836,793,"",1.00,1.00,1.00,1.00,1.00,1.00,1.00,1.00,"",524,10.5,1100,2.2,1146,2.3,1404,2.9,30236008,6.2,2335482,8.0,39080,3.1,28,3.7
"C2174","0","10","80","0","2017","4","",764,8248,8146,8048,85394692,18069477,292475,806,"",1.00,1.00,1.00,1.00,1.00,1.00,1.00,1.00,"",12,1.6,-161,-1.9,-152,-1.8,-138,-1.7,2411075,2.9,1252286,7.4,106165,57.0,37,4.8
"C2178","0","10","40","0","2017","4","",7544,154532,155388,154921,1816123943,146548952,3045362,902,"",1.00,1.00,1.00,1.00,1.00,1.00,1.00,1.00,"",-16,-0.2,2018,1.3,2176,1.4,2357,1.5,88394069,5.1,13155477,9.9,36839,1.2,32,3.7
"C2178","1","10","41","0","2017","4","",59,1302,1292,1289,22330186,0,0,1327,"",1.30,0.44,0.43,0.43,0.45,0.00,0.00,1.03,"",1,1.7,-10,-0.8,-35,-2.6,-51,-3.8,512287,2.3,0,0.0,0,0.0,62,4.9
"C2178","2","10","41","0","2017","4","",75,3043,3090,3056,31759110,0,0,798,"",1.42,0.61,0.62,0.62,0.54,0.00,0.00,0.87,"",3,4.2,-44,-1.4,19,0.6,-70,-2.2,1360371,4.5,0,0.0,0,0.0,42,5.6
"C2178","3","10","41","0","2017","4","",78,11543,11461,11618,107814362,332598,2423,719,"",0.61,0.75,0.74,0.76,0.69,0.11,0.15,0.92,"",0,0.0,-48,-0.4,160,1.4,150,1.3,4127427,4.0,28029,9.2,-368,-13.2,23,3.3
"C2178","5","10","41","0","2017","4","",7332,138644,139545,138958,1654220285,146216354,3042939,915,"",1.00,1.06,1.06,1.06,1.07,1.03,1.01,1.01,"",-20,-0.3,2120,1.6,2032,1.5,2328,1.7,82393984,5.2,13127448,9.9,37207,1.2,32,3.6
"C2182","0","10","40","0","2017","4","",2279,36688,35700,35653,467672310,120663539,2039774,999,"",1.00,1.00,1.00,1.00,1.00,1.00,1.00,1.00,"",9,0.4,-192,-0.5,-185,-0.5,-13,0.0,1213654,0.3,11078653,10.1,-42970,-2.1,6,0.6
"C2182","1","10","41","0","2017","4","",70,2961,2892,2984,51467849,0,0,1344,"",5.12,4.19,4.23,4.34,4.00,0.00,0.00,0.94,"",0,0.0,5,0.2,-58,-2.0,-92,-3.0,705093,1.4,0,0.0,0,0.0,40,3.1
"C2182","2","10","41","0","2017","4","",30,3900,3856,3815,56542328,36887,553,1128,"",1.88,3.31,3.37,3.36,3.70,0.02,0.21,1.11,"",-6,-16.7,-127,-3.2,-184,-4.6,-117,-3.0,-890477,-1.6,568,1.6,8,1.5,23,2.1
"C2182","3","10","41","0","2017","4","",12,3051,3078,3103,42253055,218183,3773,1056,"",0.31,0.84,0.87,0.88,1.05,0.09,0.35,1.22,"",0,0.0,-36,-1.2,-42,-1.3,-42,-1.3,234592,0.6,-32920,-13.1,-1393,-27.0,19,1.8
"C2182","5","10","41","0","2017","4","",2167,26776,25874,25751,317409078,120408469,2035448,934,"",0.98,0.86,0.85,0.85,0.79,1.03,1.00,0.93,"",15,0.7,-34,-0.1,99,0.4,238,0.9,1164446,0.4,11111005,10.2,-41585,-2.0,0,0.0
"C2184","0","10","80","0","2017","4","",793,7591,7609,7680,78764395,20927658,346577,794,"",1.00,1.00,1.00,1.00,1.00,1.00,1.00,1.00,"",-14,-1.7,-188,-2.4,-140,-1.8,-110,-1.4,-1214509,-1.5,-198052,-0.9,-97386,-21.9,2,0.3
"C2190","0","10","80","0","2017","4","",1365,18298,18391,18191,195228841,19291992,594012,821,"",1.00,1.00,1.00,1.00,1.00,1.00,1.00,1.00,"",16,1.2,35,0.2,111,0.6,-124,-0.7,8870980,4.8,1135217,6.3,120771,25.5,37,4.7
"C2198","0","10","80","0","2017","4","",660,8190,8237,8422,97368706,27588247,593227,904,"",1.00,1.00,1.00,1.00,1.00,1.00,1.00,1.00,"",-7,-1.0,360,4.6,444,5.7,686,8.9,10235908,11.7,7557098,37.7,184117,45.0,43,5.0
"C2202","0","10","40","0","2017","4","",8600,138436,137828,137132,1722417796,390448717,5113265,962,"",1.00,1.00,1.00,1.00,1.00,1.00,1.00,1.00,"",123,1.5,274,0.2,229,0.2,846,0.6,51406599,3.1,-38292889,-8.9,537368,11.7,26,2.8
"C2202","1","10","41","0","2017","4","",65,2550,2548,2595,48159833,0,0,1445,"",1.26,0.96,0.97,0.98,1.02,0.00,0.00,1.05,"",0,0.0,93,3.8,40,1.6,51,2.0,1438733,3.1,0,0.0,0,0.0,9,0.6
"C2202","2","10","41","0","2017","4","",52,4428,4476,4456,64796784,2495,65,1119,"",0.86,1.00,1.01,1.02,1.15,0.00,0.01,1.14,"",1,2.0,-216,-4.7,-163,-3.5,-135,-2.9,-2710300,-4.0,2495,100.0,65,100.0,-4,-0.4
"C2202","3","10","41","0","2017","4","",106,10301,10297,10770,116027828,211877,2447,854,"",0.73,0.75,0.75,0.79,0.78,0.03,0.09,1.02,"",0,0.0,156,1.5,191,1.9,463,4.5,4816858,4.3,-44092,-17.2,1140,87.2,14,1.7
"C2202","5","10","41","0","2017","4","",8377,121157,120507,119311,1493433351,390234345,5110753,955,"",1.00,1.03,1.03,1.02,1.02,1.03,1.01,0.99,"",122,1.5,241,0.2,161,0.1,467,0.4,47861308,3.3,-38251292,-8.9,536163,11.7,29,3.1
"C2206","0","10","80","0","2017","4","",1583,25218,25091,24987,298374742,56716149,624982,914,"",1.00,1.00,1.00,1.00,1.00,1.00,1.00,1.00,"",70,4.6,288,1.2,150,0.6,307,1.2,9664318,3.3,2381091,4.4,-59910,-8.7,20,2.2
"C2210","0","10","80","0","2017","4","",1957,23570,23570,23626,191962454,24841360,330232,626,"",1.00,1.00,1.00,1.00,1.00,1.00,1.00,1.00,"",125,6.8,221,0.9,200,0.9,189,0.8,8175793,4.4,519527,2.1,-123703,-27.3,21,3.5
"C2214","0","10","40","0","2017","4","",2913,48540,47856,47882,546810227,111715770,2101926,875,"",1.00,1.00,1.00,1.00,1.00,1.00,1.00,1.00,"",-30,-1.0,1096,2.3,661,1.4,592,1.3,29355728,5.7,16647998,17.5,418581,24.9,34,4.0
"C2214","1","10","41","0","2017","4","",43,1510,1509,1511,27185861,0,0,1385,"",2.46,1.62,1.65,1.64,1.81,0.00,0.00,1.11,"",0,0.0,14,0.9,13,0.9,-4,-0.3,1433838,5.6,0,0.0,0,0.0,66,5.0
"C2214","2","10","41","0","2017","4","",32,440,435,431,4757492,0,0,841,"",1.57,0.28,0.28,0.28,0.27,0.00,0.00,0.94,"",1,3.2,2,0.5,-1,-0.2,-8,-1.8,108917,2.3,0,0.0,0,0.0,24,2.9
"C2214","3","10","41","0","2017","4","",124,9182,9207,9179,85908328,7311411,164751,719,"",2.50,1.91,1.94,1.94,1.83,3.31,14.89,0.95,"",1,0.8,-314,-3.3,-220,-2.3,-193,-2.1,446878,0.5,132462,1.8,-127696,-43.7,22,3.2
"C2214","5","10","41","0","2017","4","",2714,37408,36705,36761,428958546,104404359,1937175,893,"",0.96,0.91,0.90,0.90,0.92,0.97,0.93,1.02,"",-32,-1.2,1394,3.9,869,2.4,797,2.2,27366095,6.8,16515536,18.8,546277,39.3,33,3.8
"C2218","0","10","40","0","2017","4","",6734,127850,128880,129098,1369469068,234111789,2584140,819,"",1.00,1.00,1.00,1.00,1.00,1.00,1.00,1.00,"",94,1.4,1146,0.9,146,0.1,406,0.3,52620289,4.0,10910644,4.9,-899765,-25.8,28,3.5
"C2218","1","10","41","0","2017","4","",70,14665,14690,14838,253186053,0,0,1322,"",1.73,5.96,5.96,5.97,6.73,0.00,0.00,1.13,"",-1,-1.4,-111,-0.8,-109,-0.7,-22,-0.1,8899719,3.6,0,0.0,0,0.0,53,4.2
"C2218","2","10","41","0","2017","4","",31,3720,3795,3748,41651812,0,0,853,"",0.66,0.91,0.92,0.91,0.93,0.00,0.00,1.02,"",0,0.0,18,0.5,57,1.5,7,0.2,-1039225,-2.4,0,0.0,0,0.0,-28,-3.2
"C2218","3","10","41","0","2017","4","",145,20967,21362,21156,249877975,41753,1631,908,"",1.27,1.66,1.67,1.66,2.12,0.01,0.12,1.28,"",4,2.8,249,1.2,432,2.1,224,1.1,10268217,4.3,4842,13.1,267,19.6,24,2.7
"C2218","5","10","41","0","2017","4","",6488,88498,89033,89356,824753228,234070036,2582509,713,"",0.99,0.81,0.81,0.81,0.71,1.03,1.01,0.87,"",91,1.4,990,1.1,-234,-0.3,197,0.2,34491578,4.4,10905802,4.9,-900032,-25.8,27,3.9
"C2222","0","10","40","0","2017","4","",13212,236373,237525,237510,3058890955,272159501,4028248,992,"",1.00,1.00,1.00,1.00,1.00,1.00,1.00,1.00,"",394,3.1,4998,2.2,4899,2.1,4738,2.0,130850617,4.5,-724177,-0.3,-504224,-11.1,22,2.3
"C2222","1","10","41","0","2017","4","",96,2566,2558,2583,48826287,0,0,1462,"",1.21,0.56,0.56,0.56,0.58,0.00,0.00,1.03,"",1,1.1,69,2.8,45,1.8,66,2.6,2781661,6.0,0,0.0,0,0.0,50,3.5
"C2222","2","10","41","0","2017","4","",52,7725,7720,7716,106651897,0,0,1063,"",0.56,1.02,1.01,1.02,1.07,0.00,0.00,1.05,"",0,0.0,354,4.8,331,4.5,343,4.7,7094879,7.1,0,0.0,0,0.0,25,2.4
"C2222","3","10","41","0","2017","4","",187,18788,18909,19036,194666975,1269481,13017,792,"",0.83,0.80,0.80,0.81,0.74,0.24,0.61,0.92,"",4,2.2,521,2.9,546,3.0,328,1.8,13223863,7.3,248207,24.3,-303,-2.3,35,4.6
"C2222","5","10","41","0","2017","4","",12877,207294,208338,208175,2708745796,270890020,4015231,1002,"",1.00,1.03,1.03,1.03,1.04,1.03,1.00,1.00,"",389,3.1,4054,2.0,3977,1.9,4001,2.0,107750214,4.1,-972384,-0.4,-503921,-11.2,21,2.1
"C2226","0","10","80","0","2017","4","",1772,23181,22670,22583,232917642,59562615,838017,785,"",1.00,1.00,1.00,1.00,1.00,1.00,1.00,1.00,"",65,3.8,401,1.8,114,0.5,140,0.6,8864892,4.0,2810599,5.0,47648,6.0,22,2.9
"C2228","0","10","80","0","2017","4","",1029,11923,11947,11768,131676605,37233592,846874,853,"",1.00,1.00,1.00,1.00,1.00,1.00,1.00,1.00,"",14,1.4,341,2.9,361,3.1,276,2.4,9663200,7.9,2455522,7.1,67975,8.7,41,5.0
"C2230","0","10","80","0","2017","4","",1815,45943,46540,46563,565999484,37024615,850115,939,"",1.00,1.00,1.00,1.00,1.00,1.00,1.00,1.00,"",8,0.4,131,0.3,749,1.6,1081,2.4,42547558,8.1,3035095,8.9,219420,34.8,58,6.6
"C2234","0","10","80","0","2017","4","",342,5322,5306,5280,44691385,5038652,73248,648,"",1.00,1.00,1.00,1.00,1.00,1.00,1.00,1.00,"",-28,-7.6,-258,-4.6,-332,-5.9,-392,-6.9,-1371656,-3.0,62395,1.3,-15133,-17.1,19,3.0
"C2238","0","10","40","0","2017","4","",3411,63766,62883,62475,662378083,42485507,906399,808,"",1.00,1.00,1.00,1.00,1.00,1.00,1.00,1.00,"",73,2.2,1028,1.6,1047,1.7,1345,2.2,31636668,5.0,3695907,9.5,105735,13.2,24,3.1
"C2238","1","10","41","0","2017","4","",58,2747,2666,2613,43039360,0,0,1237,"",2.83,2.24,2.22,2.17,2.36,0.00,0.00,1.07,"",-1,-1.7,-64,-2.3,-58,-2.1,-13,-0.5,607134,1.4,0,0.0,0,0.0,37,3.1
"C2238","2","10","41","0","2017","4","",23,5041,5022,5006,60794106,0,0,931,"",0.96,2.46,2.49,2.51,2.81,0.00,0.00,1.13,"",0,0.0,146,3.0,135,2.8,148,3.0,3096638,5.4,0,0.0,0,0.0,22,2.4
"C2238","3","10","41","0","2017","4","",96,8178,8172,8190,103987624,1139861,28572,978,"",1.66,1.29,1.31,1.32,1.83,1.36,5.99,1.40,"",1,1.1,-37,-0.5,-62,-0.8,32,0.4,7363602,7.6,-121857,-9.7,-8635,-23.2,72,7.9
"C2238","5","10","41","0","2017","4","",3234,47800,47023,46666,454556993,41345646,877827,741,"",0.98,0.88,0.88,0.88,0.80,1.01,0.97,0.91,"",73,2.3,983,2.1,1032,2.2,1178,2.6,20569294,4.7,3817764,10.2,114370,15.0,17,2.3
"C2242","0","10","40","0","2017","4","",6848,135512,135445,136007,1583385850,102815825,3129992,898,"",1.00,1.00,1.00,1.00,1.00,1.00,1.00,1.00,"",-23,-0.3,362,0.3,-439,-0.3,532,0.4,17117797,1.1,1248233,1.2,-189192,-5.7,9,1.0
"C2242","1","10","41","0","2017","4","",40,1077,1054,1076,19216924,0,0,1383,"",0.97,0.41,0.41,0.41,0.44,0.00,0.00,1.08,"",0,0.0,12,1.1,-4,-0.4,-17,-1.6,715708,3.9,0,0.0,0,0.0,55,4.1
"C2242","2","10","41","0","2017","4","",20,2851,2877,2854,31607922,0,0,850,"",0.42,0.66,0.66,0.66,0.61,0.00,0.00,0.93,"",0,0.0,-102,-3.5,-99,-3.3,-293,-9.3,-259794,-0.8,0,0.0,0,0.0,40,4.9
"C2242","3","10","41","0","2017","4","",145,15094,15207,15160,183499866,403234,14007,931,"",1.25,1.12,1.13,1.13,1.35,0.20,0.85,1.20,"",0,0.0,260,1.8,265,1.8,198,1.3,4657869,2.6,41200,11.4,-574,-3.9,8,0.9
"C2242","5","10","41","0","2017","4","",6643,116490,116307,116917,1349061138,102412591,3115985,890,"",1.00,1.01,1.01,1.01,1.00,1.03,1.00,0.99,"",-23,-0.3,192,0.2,-601,-0.5,644,0.6,12004014,0.9,1207033,1.2,-188618,-5.7,7,0.8
"C2250","0","10","40","0","2017","4","",4257,83516,84163,84434,884301745,98764980,1341244,809,"",1.00,1.00,1.00,1.00,1.00,1.00,1.00,1.00,"",-81,-1.9,761,0.9,95,0.1,251,0.3,15283523,1.8,1038047,1.1,-122470,-8.4,10,1.3
"C2250","1","10","41","0","2017","4","",45,687,752,751,11664569,0,0,1229,"",1.76,0.43,0.47,0.46,0.48,0.00,0.00,1.06,"",0,0.0,-15,-2.1,27,3.7,62,9.0,547618,4.9,0,0.0,0,0.0,17,1.4
"C2250","2","10","41","0","2017","4","",48,3106,3128,3117,31903175,21166,0,787,"",1.61,1.16,1.16,1.16,1.11,0.02,0.00,0.95,"",1,2.1,-6,-0.2,-3,-0.1,13,0.4,-468008,-1.4,12785,152.5,0,0.0,-12,-1.5
"C2250","3","10","41","0","2017","4","",100,12454,12469,12560,132046871,1587708,20214,813,"",1.38,1.50,1.49,1.50,1.74,0.81,2.86,1.16,"",-3,-2.9,33,0.3,-59,-0.5,32,0.3,1982866,1.5,18454,1.2,-2382,-10.5,12,1.5
"C2250","5","10","41","0","2017","4","",4064,67269,67814,68006,708687130,97156106,1321030,805,"",0.98,0.95,0.95,0.95,0.94,1.02,0.99,0.99,"",-79,-1.9,749,1.1,130,0.2,144,0.2,13221047,1.9,1006808,1.0,-120088,-8.3,11,1.4
"C2252","0","10","40","0","2017","4","",3432,53548,53818,53626,546952969,38339045,592217,784,"",1.00,1.00,1.00,1.00,1.00,1.00,1.00,1.00,"",14,0.4,-4,0.0,-24,0.0,-49,-0.1,17704022,3.3,-479915,-1.2,-90480,-13.3,26,3.4
"C2252","1","10","41","0","2017","4","",33,859,864,872,24032144,0,0,2137,"",1.60,0.83,0.84,0.84,1.60,0.00,0.00,1.91,"",-1,-2.9,-66,-7.1,-45,-5.0,-48,-5.2,-1220564,-4.8,0,0.0,0,0.0,21,1.0
"C2252","2","10","41","0","2017","4","",34,2029,2027,1827,22741448,0,0,892,"",1.41,1.18,1.18,1.07,1.27,0.00,0.00,1.12,"",0,0.0,46,2.3,52,2.6,18,1.0,639379,2.9,0,0.0,0,0.0,8,0.9
"C2252","3","10","41","0","2017","4","",94,6584,6521,6498,67113901,133523,1406,790,"",1.61,1.24,1.22,1.22,1.43,0.18,0.45,1.16,"",0,0.0,-4,-0.1,-93,-1.4,-57,-0.9,1949984,3.0,-27547,-17.1,-534,-27.5,29,3.8
"C2252","5","10","41","0","2017","4","",3271,44076,44406,44429,433065476,38205522,590811,752,"",0.98,0.97,0.97,0.97,0.93,1.03,1.00,0.95,"",15,0.5,20,0.0,62,0.1,38,0.1,16335223,3.9,-452368,-1.2,-89946,-13.2,28,3.9
"C2254","0","10","40","0","2017","4","",2365,46876,46746,46837,530962836,45620633,1030421,872,"",1.00,1.00,1.00,1.00,1.00,1.00,1.00,1.00,"",40,1.7,275,0.6,14,0.0,387,0.8,18576414,3.6,1773985,4.0,-165973,-13.9,26,3.1
"C2254","1","10","41","0","2017","4","",21,192,190,182,2845026,0,0,1164,"",1.48,0.21,0.21,0.20,0.19,0.00,0.00,0.93,"",1,5.0,0,0.0,0,0.0,-14,-7.1,26260,0.9,0,0.0,0,0.0,39,3.5
"C2254","2","10","41","0","2017","4","",11,598,583,576,6818974,0,0,896,"",0.66,0.40,0.39,0.39,0.39,0.00,0.00,1.01,"",-1,-8.3,-3,-0.5,-10,-1.7,-1,-0.2,-39675,-0.6,0,0.0,0,0.0,2,0.2
"C2254","3","10","41","0","2017","4","",88,4593,4607,4677,48159265,0,0,801,"",2.19,0.99,0.99,1.01,1.05,0.00,0.00,1.06,"",-2,-2.2,-363,-7.3,-528,-10.3,-398,-7.8,-3308611,-6.4,0,0.0,0,0.0,18,2.3
"C2254","5","10","41","0","2017","4","",2245,41493,41366,41402,473139571,45620633,1030421,879,"",0.98,1.04,1.04,1.04,1.04,1.03,1.01,1.00,"",42,1.9,641,1.6,552,1.4,800,2.0,21898440,4.9,1773985,4.0,-165973,-13.9,27,3.2
"C2258","0","10","80","0","2017","4","",1299,18155,18248,18233,158790551,37331838,455386,671,"",1.00,1.00,1.00,1.00,1.00,1.00,1.00,1.00,"",8,0.6,-227,-1.2,-4,0.0,-93,-0.5,-1701483,-1.1,391287,1.1,-232787,-33.8,-3,-0.4
"C2262","0","10","80","0","2017","4","",733,7492,7447,7455,67491518,7583342,135854,695,"",1.00,1.00,1.00,1.00,1.00,1.00,1.00,1.00,"",-25,-3.3,-499,-6.2,-446,-5.7,-367,-4.7,-614492,-0.9,-968291,-11.3,-35132,-20.5,32,4.8
"C2266","0","10","40","0","2017","4","",12204,160389,160001,159056,2101376936,201122632,3627810,1011,"",1.00,1.00,1.00,1.00,1.00,1.00,1.00,1.00,"",617,5.3,4451,2.9,4931,3.2,5118,3.3,127561624,6.5,12314344,6.5,-21307,-0.6,31,3.2
"C2266","1","10","41","0","2017","4","",39,2523,2400,2385,50073892,0,0,1581,"",0.53,0.82,0.78,0.78,0.87,0.00,0.00,1.09,"",-2,-4.9,-29,-1.1,-69,-2.8,-97,-3.9,-361932,-0.7,0,0.0,0,0.0,30,1.9
"C2266","2","10","41","0","2017","4","",35,16088,16159,16178,219103803,0,0,1044,"",0.41,3.12,3.15,3.19,3.19,0.00,0.00,1.01,"",-1,-2.8,1057,7.0,1129,7.5,1135,7.5,17797307,8.8,0,0.0,0,0.0,14,1.4
"C2266","3","10","41","0","2017","4","",51,14828,14594,14355,170094491,13398523,45272,897,"",0.25,0.93,0.92,0.91,0.94,3.37,2.37,1.02,"",-2,-3.8,-61,-0.4,124,0.9,15,0.1,5632163,3.4,307065,2.3,2219,5.2,28,3.2
"C2266","5","10","41","0","2017","4","",12079,126950,126848,126138,1662104750,187724109,3582538,1010,"",1.02,0.93,0.93,0.93,0.93,0.96,0.99,0.99,"",622,5.4,3484,2.8,3747,3.0,4065,3.3,104494086,6.7,12007279,6.8,-23526,-0.7,35,3.6
"C2270","0","10","80","0","2017","4","",1219,18272,18387,18366,212383680,41375892,660265,891,"",1.00,1.00,1.00,1.00,1.00,1.00,1.00,1.00,"",-9,-0.7,-1046,-5.4,-634,-3.3,-448,-2.4,-5508003,-2.5,-1811889,-4.2,-182741,-21.7,11,1.2
"C2278","0","10","80","0","2017","4","",858,13111,13236,12944,119986063,12108313,154443,705,"",1.00,1.00,1.00,1.00,1.00,1.00,1.00,1.00,"",18,2.1,72,0.6,108,0.8,-155,-1.2,4848373,4.2,1331713,12.4,-24031,-13.5,28,4.1
"C2280","0","10","80","0","2017","4","",1664,20965,20889,20862,216915735,42163017,951648,798,"",1.00,1.00,1.00,1.00,1.00,1.00,1.00,1.00,"",-76,-4.4,-1161,-5.2,-1165,-5.3,-872,-4.0,-25489308,-10.5,-5034475,-10.7,-391036,-29.1,-51,-6.0
"C2282","0","10","80","0","2017","4","",797,12252,12310,12341,136447296,16397510,284232,853,"",1.00,1.00,1.00,1.00,1.00,1.00,1.00,1.00,"",63,8.6,330,2.8,263,2.2,291,2.4,9373389,7.4,754128,4.8,54649,23.8,39,4.8
"C2286","0","10","80","0","2017","4","",939,12775,12740,12853,122568498,7406866,120083,737,"",1.00,1.00,1.00,1.00,1.00,1.00,1.00,1.00,"",-1,-0.1,-448,-3.4,-280,-2.2,121,1.0,2795556,2.3,-78329,-1.0,1063,0.9,28,3.9
"C2290","0","10","40","0","2017","4","",6613,106244,106872,106970,1059712875,133689764,1792365,764,"",1.00,1.00,1.00,1.00,1.00,1.00,1.00,1.00,"",77,1.2,-1619,-1.5,-1350,-1.2,-944,-0.9,20656639,2.0,4412406,3.4,-227177,-11.2,24,3.2
"C2290","1","10","41","0","2017","4","",92,1286,1283,1282,22224505,0,0,1332,"",2.32,0.63,0.63,0.62,0.76,0.00,0.00,1.22,"",2,2.2,-23,-1.8,-23,-1.8,-15,-1.2,502063,2.3,0,0.0,0,0.0,51,4.0
"C2290","2","10","41","0","2017","4","",62,2738,2727,2742,27951014,316692,3196,786,"",1.34,0.80,0.80,0.80,0.81,0.19,1.35,1.01,"",1,1.6,27,1.0,45,1.7,94,3.5,2112552,8.2,-64176,-16.8,-929,-22.5,44,5.9
"C2290","3","10","41","0","2017","4","",216,13897,13958,13994,133778015,8886084,25745,738,"",1.92,1.32,1.32,1.32,1.47,3.36,2.73,1.11,"",4,1.9,230,1.7,180,1.3,159,1.1,4130630,3.2,-764546,-7.9,-4823,-15.8,13,1.8
"C2290","5","10","41","0","2017","4","",6243,88323,88904,88952,875759341,124486988,1763424,759,"",0.97,0.98,0.98,0.98,0.97,0.96,0.99,0.99,"",70,1.1,-1853,-2.1,-1552,-1.7,-1182,-1.3,13911394,1.6,5241128,4.4,-221425,-11.2,24,3.3
"C2306","0","10","40","0","2017","4","",10075,210442,211187,211227,2395319089,166315527,2863012,873,"",1.00,1.00,1.00,1.00,1.00,1.00,1.00,1.00,"",63,0.6,2200,1.1,2538,1.2,2683,1.3,123776993,5.4,8413687,5.3,-312429,-9.8,35,4.2
"C2306","1","10","41","0","2017","4","",59,2159,2163,2208,40392654,0,0,1427,"",0.98,0.53,0.54,0.54,0.61,0.00,0.00,1.14,"",0,0.0,70,3.4,62,3.0,19,0.9,2033147,5.3,0,0.0,0,0.0,39,2.8
"C2306","2","10","41","0","2017","4","",50,3480,3486,3461,34106330,1610,26,755,"",0.71,0.52,0.52,0.51,0.44,0.00,0.01,0.85,"",2,4.2,126,3.8,92,2.7,79,2.3,1338695,4.1,1610,100.0,26,100.0,9,1.2
"C2306","3","10","41","0","2017","4","",195,15920,15942,16037,164439295,325828,12732,792,"",1.14,0.76,0.76,0.77,0.80,0.10,0.84,1.05,"",6,3.2,110,0.7,134,0.8,199,1.3,10261947,6.7,17857,5.8,2321,22.3,42,5.6
"C2306","5","10","41","0","2017","4","",9771,188883,189596,189521,2156380810,165988089,2850254,876,"",1.00,1.06,1.06,1.06,1.05,1.03,1.00,1.00,"",55,0.6,1894,1.0,2250,1.2,2386,1.3,110143204,5.4,8394220,5.3,-314776,-9.9,35,4.2
"C2314","0","10","80","0","2017","4","",579,10864,10864,10966,109821082,7582351,142646,775,"",1.00,1.00,1.00,1.00,1.00,1.00,1.00,1.00,"",-7,-1.2,-220,-2.0,-219,-2.0,-101,-0.9,3128535,2.9,-212195,-2.7,-228,-0.2,34,4.6
"C2318","0","10","80","0","2017","4","",2325,35970,37655,37597,390926804,26871452,605292,811,"",1.00,1.00,1.00,1.00,1.00,1.00,1.00,1.00,"",3,0.1,-918,-2.5,1155,3.2,145,0.4,-6035112,-1.5,-3908522,-12.7,-252270,-29.4,-15,-1.8
"C2324","0","10","80","0","2017","4","",1076,10508,10725,10822,107129523,9404853,112935,771,"",1.00,1.00,1.00,1.00,1.00,1.00,1.00,1.00,"",12,1.1,114,1.1,166,1.6,294,2.8,3794600,3.7,-39046,-0.4,13231,13.3,14,1.8
"C2330","0","10","80","0","2017","4","",1060,17755,17747,17707,194465799,18450664,529069,843,"",1.00,1.00,1.00,1.00,1.00,1.00,1.00,1.00,"",-54,-4.8,1369,8.4,1430,8.8,1278,7.8,19939839,11.4,3000209,19.4,7093,1.4,23,2.8
"C2334","0","10","80","0","2017","4","",1192,17544,17517,17572,175851703,13376254,112210,771,"",1.00,1.00,1.00,1.00,1.00,1.00,1.00,1.00,"",-10,-0.8,278,1.6,274,1.6,352,2.0,6677190,3.9,591434,4.6,-20112,-15.2,16,2.1
"C2338","0","10","80","0","2017","4","",1393,26369,26309,26308,276474565,19795203,524485,808,"",1.00,1.00,1.00,1.00,1.00,1.00,1.00,1.00,"",-5,-0.4,172,0.7,530,2.1,627,2.4,13681301,5.2,-9210,0.0,65092,14.2,27,3.5
"C2342","0","10","40","0","2017","4","",35594,383928,381504,379782,4404121803,282249368,13459746,887,"",1.00,1.00,1.00,1.00,1.00,1.00,1.00,1.00,"",2052,6.1,7104,1.9,6575,1.8,8924,2.4,231862743,5.6,10106166,3.7,99199,0.7,29,3.4
"C2342","1","10","41","0","2017","4","",98,8791,9441,9021,143688415,0,0,1217,"",0.46,1.19,1.29,1.23,1.19,0.00,0.00,0.96,"",0,0.0,-157,-1.8,-134,-1.4,-179,-1.9,3735840,2.7,0,0.0,0,0.0,52,4.5
"C2342","2","10","41","0","2017","4","",478,11289,11330,11219,181595505,0,0,1238,"",1.92,0.92,0.93,0.93,1.26,0.00,0.00,1.37,"",19,4.1,730,6.9,826,7.9,639,6.0,22702718,14.3,0,0.0,0,0.0,79,6.8
"C2342","3","10","41","0","2017","4","",745,50471,50965,51248,663338992,1421670,57603,1003,"",1.23,1.33,1.35,1.36,1.75,0.25,0.81,1.30,"",7,0.9,859,1.7,1140,2.3,1817,3.7,41510431,6.7,112529,8.6,-6269,-9.8,39,4.0
"C2342","5","10","41","0","2017","4","",34273,313377,309768,308294,3415498891,280827698,13402143,846,"",0.99,0.96,0.96,0.96,0.91,1.03,1.00,0.95,"",2026,6.3,5672,1.8,4743,1.6,6647,2.2,163913754,5.0,9993637,3.7,105468,0.8,25,3.0
"C2346","0","10","40","0","2017","4","",2085,36147,36388,36523,341551510,32447921,469303,723,"",1.00,1.00,1.00,1.00,1.00,1.00,1.00,1.00,"",29,1.4,83,0.2,-58,-0.2,95,0.3,10145367,3.1,1625075,5.3,19796,4.4,21,3.0
"C2346","1","10","41","0","2017","4","",18,308,298,307,5232748,0,0,1323,"",1.44,0.44,0.43,0.44,0.56,0.00,0.00,1.28,"",0,0.0,14,4.8,-1,-0.3,8,2.7,301401,6.1,0,0.0,0,0.0,47,3.7
"C2346","2","10","41","0","2017","4","",23,798,805,798,8603534,0,0,827,"",1.57,0.69,0.69,0.69,0.77,0.00,0.00,1.12,"",-1,-4.2,2,0.3,-5,-0.6,-12,-1.5,-309130,-3.5,0,0.0,0,0.0,-24,-2.8
"C2346","3","10","41","0","2017","4","",105,4101,4133,4121,38411222,153930,908,717,"",2.96,1.15,1.14,1.14,1.31,0.24,0.37,1.14,"",1,1.0,-32,-0.8,-19,-0.5,-35,-0.8,384393,1.0,-76261,-33.1,-938,-50.8,12,1.7
"C2346","5","10","41","0","2017","4","",1939,30940,31152,31297,289304006,32293991,468395,715,"",0.96,1.01,1.01,1.01,0.99,1.03,1.00,0.98,"",29,1.5,99,0.3,-33,-0.1,134,0.4,9768703,3.5,1701336,5.6,20734,4.6,23,3.3
"C2350","0","10","80","0","2017","4","",879,19744,19835,19978,181437733,25022633,380622,703,"",1.00,1.00,1.00,1.00,1.00,1.00,1.00,1.00,"",-23,-2.5,424,2.2,443,2.3,510,2.6,7348177,4.2,2862560,12.9,8192,2.2,12,1.7
"C2354","0","10","40","0","2017","4","",7482,133904,135221,134518,1585629760,76620895,761333,907,"",1.00,1.00,1.00,1.00,1.00,1.00,1.00,1.00,"",54,0.7,1853,1.4,2036,1.5,1216,0.9,98826542,6.6,3577277,4.9,-172805,-18.5,46,5.3
"C2354","1","10","41","0","2017","4","",50,4554,4529,4550,92181269,0,0,1560,"",1.11,1.77,1.75,1.76,2.12,0.00,0.00,1.20,"",1,2.0,-101,-2.2,-159,-3.4,-173,-3.7,9385360,11.3,0,0.0,0,0.0,202,14.9
"C2354","2","10","41","0","2017","4","",80,22292,22244,22204,358086089,0,0,1238,"",1.53,5.19,5.14,5.18,6.92,0.00,0.00,1.34,"",-3,-3.6,1728,8.4,1643,8.0,1324,6.3,29147944,8.9,0,0.0,0,0.0,15,1.2
"C2354","3","10","41","0","2017","4","",33,10193,10305,10272,116757885,1050024,1531,876,"",0.26,0.77,0.77,0.77,0.86,0.69,0.38,1.11,"",-1,-2.9,-1307,-11.4,-1328,-11.4,-1279,-11.1,-6307326,-5.1,146746,16.2,-1779,-53.7,57,7.0
"C2354","5","10","41","0","2017","4","",7319,96865,98143,97492,1018604517,75570871,759802,804,"",1.01,0.85,0.85,0.85,0.75,1.02,1.00,0.88,"",57,0.8,1533,1.6,1880,2.0,1344,1.4,66600564,7.0,3430531,4.8,-171026,-18.4,40,5.2
"C2358","0","10","40","0","2017","4","",4404,86984,86977,86719,1104737418,86936607,1269269,978,"",1.00,1.00,1.00,1.00,1.00,1.00,1.00,1.00,"",-320,-6.8,3374,4.0,2868,3.4,2366,2.8,91317519,9.0,6733708,8.4,-3406,-0.3,50,5.4
"C2358","1","10","41","0","2017","4","",22,456,470,464,8012597,0,0,1330,"",0.83,0.27,0.28,0.28,0.26,0.00,0.00,0.95,"",-2,-8.3,-12,-2.6,8,1.7,-11,-2.3,197962,2.5,0,0.0,0,0.0,46,3.6
"C2358","2","10","41","0","2017","4","",35,2580,2619,2581,25025032,452443,2799,742,"",1.13,0.92,0.94,0.93,0.69,0.41,1.67,0.74,"",-1,-2.8,369,16.7,315,13.7,197,8.3,2419626,10.7,330380,270.7,1648,143.2,-14,-1.9
"C2358","3","10","41","0","2017","4","",58,7339,7403,7309,74349914,100358,905,778,"",0.77,0.85,0.86,0.85,0.78,0.06,0.14,0.92,"",1,1.8,-24,-0.3,-32,-0.4,-27,-0.4,2057009,2.8,51015,103.4,439,94.2,24,3.2
"C2358","5","10","41","0","2017","4","",4289,76609,76485,76365,997349875,86383806,1265565,1003,"",1.00,1.04,1.04,1.04,1.06,1.03,1.00,1.02,"",-318,-6.9,3041,4.1,2577,3.5,2207,3.0,86642922,9.5,6352313,7.9,-5493,-0.4,55,5.8
"C2362","0","10","80","0","2017","4","",976,14003,14086,14154,164658331,10737631,272229,900,"",1.00,1.00,1.00,1.00,1.00,1.00,1.00,1.00,"",-2,-0.2,-385,-2.7,-362,-2.5,-318,-2.2,2225748,1.4,388309,3.8,58296,27.2,34,3.9
"C2366","0","10","80","0","2017","4","",1032,18121,18215,18018,161298219,15199314,331050,685,"",1.00,1.00,1.00,1.00,1.00,1.00,1.00,1.00,"",-72,-6.5,-1030,-5.4,-924,-4.8,-1002,-5.3,-3267187,-2.0,-22400,-0.1,-16844,-4.8,22,3.3
"C2370","0","10","80","0","2017","4","",1268,20704,20879,20991,180131024,41867030,389184,664,"",1.00,1.00,1.00,1.00,1.00,1.00,1.00,1.00,"",-6,-0.5,-193,-0.9,31,0.1,-103,-0.5,5921074,3.4,-637445,-1.5,-223902,-36.5,24,3.8
"C2378","0","10","80","0","2017","4","",1229,20276,20467,20451,207686932,52381445,262632,783,"",1.00,1.00,1.00,1.00,1.00,1.00,1.00,1.00,"",-17,-1.4,-279,-1.4,-159,-0.8,-150,-0.7,5784772,2.9,-1693390,-3.1,-47891,-15.4,29,3.8
"C2382","0","10","80","0","2017","4","",1820,19225,19122,19217,223983607,67241426,1519634,898,"",1.00,1.00,1.00,1.00,1.00,1.00,1.00,1.00,"",-34,-1.8,517,2.8,650,3.5,656,3.5,10247206,4.8,7447921,12.5,244983,19.2,13,1.5
"C2386","0","10","80","0","2017","4","",1869,23458,23133,22947,236083243,29299723,447107,783,"",1.00,1.00,1.00,1.00,1.00,1.00,1.00,1.00,"",-52,-2.7,870,3.9,349,1.5,245,1.1,12317157,5.5,2242509,8.3,54438,13.9,24,3.2
"C2390","0","10","40","0","2017","4","",2187,35975,35173,34945,375212989,28667757,1415947,816,"",1.00,1.00,1.00,1.00,1.00,1.00,1.00,1.00,"",2,0.1,107,0.3,184,0.5,146,0.4,16634326,4.6,-2901161,-9.2,-165307,-10.5,33,4.2
"C2390","1","10","41","0","2017","4","",28,669,664,662,14391838,0,0,1665,"",2.13,0.97,0.99,0.98,1.40,0.00,0.00,1.43,"",0,0.0,-24,-3.5,-16,-2.4,-16,-2.4,427678,3.1,0,0.0,0,0.0,94,6.0
"C2390","2","10","41","0","2017","4","",13,182,187,190,2343351,0,0,967,"",0.85,0.16,0.17,0.17,0.19,0.00,0.00,1.16,"",1,8.3,-5,-2.7,-7,-3.6,0,0.0,-37220,-1.6,0,0.0,0,0.0,5,0.5
"C2390","3","10","41","0","2017","4","",95,3288,3325,3272,39334908,184095,7147,918,"",2.56,0.92,0.95,0.95,1.22,0.32,0.96,1.30,"",4,4.4,170,5.5,158,5.0,149,4.8,2576567,7.0,50302,37.6,1794,33.5,16,1.8
"C2390","5","10","41","0","2017","4","",2051,31836,30997,30821,319142892,28483662,1408800,786,"",0.97,1.04,1.04,1.04,1.00,1.03,1.00,0.96,"",-3,-0.1,-34,-0.1,49,0.2,13,0.0,13667301,4.5,-2951463,-9.4,-167101,-10.6,33,4.4
"C2394","0","10","80","0","2017","4","",1790,24615,24637,24610,354798804,52491456,844224,1109,"",1.00,1.00,1.00,1.00,1.00,1.00,1.00,1.00,"",23,1.3,222,0.9,644,2.7,689,2.9,17839227,5.3,1151033,2.2,86624,11.4,34,3.2
"C2398","0","10","80","0","2017","4","",1217,18765,18798,18799,170832451,18608992,437067,699,"",1.00,1.00,1.00,1.00,1.00,1.00,1.00,1.00,"",-28,-2.2,-235,-1.2,-174,-0.9,-84,-0.4,2151931,1.3,1560717,9.2,-67521,-13.4,14,2.0
"C2402","0","10","40","0","2017","4","",3701,54495,53080,52767,594644634,42706091,1416808,856,"",1.00,1.00,1.00,1.00,1.00,1.00,1.00,1.00,"",-25,-0.7,18,0.0,-198,-0.4,-527,-1.0,27804014,4.9,1027825,2.5,-208421,-12.8,44,5.4
"C2402","1","10","41","0","2017","4","",51,320,317,326,4585827,0,0,1099,"",2.30,0.31,0.31,0.32,0.28,0.00,0.00,0.90,"",0,0.0,-10,-3.0,-6,-1.9,-1,-0.3,14467,0.3,0,0.0,0,0.0,23,2.1
"C2402","2","10","41","0","2017","4","",69,1945,1940,1894,31938113,0,0,1275,"",2.66,1.11,1.14,1.13,1.65,0.00,0.00,1.46,"",2,3.0,37,1.9,82,4.4,35,1.9,1707201,5.6,0,0.0,0,0.0,35,2.8
"C2402","3","10","41","0","2017","4","",91,7828,7978,7925,80044654,20311,338,778,"",1.45,1.45,1.51,1.52,1.57,0.02,0.05,1.05,"",0,0.0,58,0.7,40,0.5,-32,-0.4,2357365,3.0,2068,11.3,-151,-30.9,20,2.6
"C2402","5","10","41","0","2017","4","",3490,44402,42845,42622,478076040,42685780,1416470,850,"",0.97,0.96,0.95,0.95,0.94,1.03,1.01,0.99,"",-27,-0.8,-67,-0.2,-314,-0.7,-529,-1.2,23724981,5.2,1025757,2.5,-208270,-12.8,48,6.0
"C2406","0","10","80","0","2017","4","",4414,40462,40129,43694,540977398,78367112,1188599,1004,"",1.00,1.00,1.00,1.00,1.00,1.00,1.00,1.00,"",80,1.8,570,1.4,922,2.4,-21,0.0,14189462,2.7,3057082,4.1,-123857,-9.4,14,1.4
"C2410","0","10","80","0","2017","4","",1212,17126,17157,17175,172781125,12880650,327997,775,"",1.00,1.00,1.00,1.00,1.00,1.00,1.00,1.00,"",-8,-0.7,-135,-0.8,-102,-0.6,-75,-0.4,1538260,0.9,-152571,-1.2,-90145,-21.6,12,1.6
"C2414","0","10","40","0","2017","4","",2271,42445,42325,42242,399754312,79350790,570830,726,"",1.00,1.00,1.00,1.00,1.00,1.00,1.00,1.00,"",-17,-0.7,744,1.8,82,0.2,-177,-0.4,3513185,0.9,1227199,1.6,-376928,-39.8,2,0.3
"C2414","1","10","41","0","2017","4","",35,1183,1150,1141,16272187,0,0,1081,"",2.57,1.45,1.42,1.40,1.48,0.00,0.00,1.04,"",-1,-2.8,2,0.2,-38,-3.2,-69,-5.7,192673,1.2,0,0.0,0,0.0,44,4.2
"C2414","2","10","41","0","2017","4","",17,3049,3081,3070,33047349,0,0,829,"",1.07,2.24,2.27,2.28,2.53,0.00,0.00,1.12,"",1,6.2,-72,-2.3,-44,-1.4,-72,-2.3,-977187,-2.9,0,0.0,0,0.0,-7,-0.8
"C2414","3","10","41","0","2017","4","",56,4858,4878,4880,46144282,30295,18,729,"",1.45,1.16,1.16,1.17,1.34,0.02,0.01,1.16,"",-1,-1.8,60,1.3,65,1.4,-25,-0.5,615424,1.4,-62967,-67.5,-532,-96.7,5,0.7
"C2414","5","10","41","0","2017","4","",2163,33355,33216,33151,304290494,79320495,570812,704,"",0.98,0.92,0.92,0.92,0.89,1.03,1.01,0.96,"",-16,-0.7,754,2.3,99,0.3,-11,0.0,3682275,1.2,1290166,1.7,-376396,-39.7,2,0.3
"C2422","0","10","40","0","2017","4","",3232,54540,53774,53168,615515557,136752038,1997262,880,"",1.00,1.00,1.00,1.00,1.00,1.00,1.00,1.00,"",45,1.4,-213,-0.4,-266,-0.5,-123,-0.2,5970281,1.0,-10069121,-6.9,187837,10.4,12,1.4
"C2422","1","10","41","0","2017","4","",67,1085,1110,1112,16960354,0,0,1184,"",3.46,1.03,1.08,1.09,1.00,0.00,0.00,0.94,"",0,0.0,-34,-3.0,-31,-2.7,-47,-4.1,-40336,-0.2,0,0.0,0,0.0,37,3.2
"C2422","2","10","41","0","2017","4","",43,4233,4232,4204,61775214,10000,77,1125,"",1.90,2.42,2.46,2.48,3.07,0.01,0.03,1.25,"",0,0.0,-159,-3.6,-173,-3.9,-180,-4.1,-3875878,-5.9,-2463,-19.8,42,120.0,-24,-2.1
"C2422","3","10","41","0","2017","4","",87,5412,5536,5544,58261693,409591,1919,815,"",1.58,1.00,1.04,1.05,1.10,0.15,0.18,1.07,"",-1,-1.1,-242,-4.3,-221,-3.8,-136,-2.4,2047064,3.6,-105627,-20.5,-4304,-69.2,56,7.4
"C2422","5","10","41","0","2017","4","",3035,43810,42896,42308,478518296,136332447,1995266,856,"",0.97,0.95,0.94,0.94,0.91,1.03,1.01,0.97,"",46,1.5,222,0.5,159,0.4,240,0.6,7839431,1.7,-9961031,-6.8,192099,10.7,10,1.2
"C2426","0","10","40","0","2017","4","",3039,42535,42248,42441,433882988,31930619,278307,787,"",1.00,1.00,1.00,1.00,1.00,1.00,1.00,1.00,"",3,0.1,242,0.6,169,0.4,384,0.9,8980107,2.1,46902,0.1,-65725,-19.1,11,1.4
"C2426","1","10","41","0","2017","4","",43,719,726,724,11739621,0,0,1249,"",2.36,0.88,0.90,0.89,0.98,0.00,0.00,1.11,"",-1,-2.3,-9,-1.2,0,0.0,-22,-2.9,98403,0.8,0,0.0,0,0.0,28,2.3
"C2426","2","10","41","0","2017","4","",35,690,677,660,7107720,0,0,809,"",1.64,0.51,0.50,0.49,0.50,0.00,0.00,1.01,"",0,0.0,-41,-5.6,-54,-7.4,-45,-6.4,-612784,-7.9,0,0.0,0,0.0,-13,-1.6
"C2426","3","10","41","0","2017","4","",75,5390,5365,5318,59624319,176177,706,856,"",1.45,1.28,1.28,1.27,1.60,0.28,0.48,1.25,"",1,1.4,-38,-0.7,-39,-0.7,-45,-0.8,2020839,3.5,-30984,-15.0,-469,-39.9,35,4.3
"C2426","5","10","41","0","2017","4","",2886,35736,35480,35739,355411328,31754442,277601,767,"",0.98,0.99,0.99,0.99,0.96,1.03,1.00,0.97,"",3,0.1,330,0.9,262,0.7,496,1.4,7473649,2.1,77886,0.2,-65256,-19.0,9,1.2
"C2430","0","10","40","0","2017","4","",4884,62111,62140,61719,688156524,78841949,1854535,854,"",1.00,1.00,1.00,1.00,1.00,1.00,1.00,1.00,"",181,3.8,1940,3.2,2071,3.4,2040,3.4,51551030,8.1,10968933,16.2,454198,32.4,37,4.5
"C2430","1","10","41","0","2017","4","",46,1573,1531,1568,28393648,0,0,1402,"",1.57,1.32,1.29,1.32,1.50,0.00,0.00,1.15,"",0,0.0,45,2.9,26,1.7,24,1.6,1320599,4.9,0,0.0,0,0.0,37,2.7
"C2430","2","10","41","0","2017","4","",23,2041,2029,2006,25860962,0,0,982,"",0.67,1.02,1.02,1.02,1.15,0.00,0.00,1.13,"",0,0.0,3,0.1,18,0.9,-6,-0.3,819004,3.3,0,0.0,0,0.0,29,3.0
"C2430","3","10","41","0","2017","4","",43,5912,6006,5936,61272029,5971024,24696,792,"",0.52,0.96,0.97,0.97,1.04,3.83,2.53,1.07,"",2,4.9,-128,-2.1,-61,-1.0,16,0.3,-257413,-0.4,408485,7.3,4826,24.3,4,0.5
"C2430","5","10","41","0","2017","4","",4772,52585,52574,52209,572629885,72870925,1829839,840,"",1.01,1.00,1.00,1.00,0.97,0.96,0.99,0.98,"",179,3.9,2020,4.0,2088,4.1,2006,4.0,49668840,9.5,10560448,16.9,449372,32.6,42,5.3
"C2434","0","10","40","0","2017","4","",22161,556082,556928,554948,6904257599,455749200,11891367,955,"",1.00,1.00,1.00,1.00,1.00,1.00,1.00,1.00,"",399,1.8,8002,1.5,8332,1.5,6068,1.1,249520914,3.7,2132002,0.5,-1196609,-9.1,22,2.4
"C2434","1","10","41","0","2017","4","",118,3476,3430,3493,61702958,0,0,1369,"",0.89,0.32,0.32,0.33,0.33,0.00,0.00,1.00,"",-5,-4.1,86,2.5,13,0.4,-46,-1.3,399405,0.7,0,0.0,0,0.0,2,0.1
"C2434","2","10","41","0","2017","4","",66,5836,5810,5783,92983059,0,0,1231,"",0.43,0.33,0.33,0.33,0.41,0.00,0.00,1.26,"",0,0.0,-120,-2.0,-73,-1.2,-163,-2.7,1121964,1.2,0,0.0,0,0.0,39,3.3
"C2434","3","10","41","0","2017","4","",322,36137,36046,36071,433317932,183052,2433,924,"",0.85,0.66,0.65,0.66,0.73,0.02,0.04,1.12,"",-3,-0.9,603,1.7,290,0.8,422,1.2,22699985,5.5,-4238,-2.3,-1133,-31.8,38,4.3
"C2434","5","10","41","0","2017","4","",21655,510633,511642,509601,6316253650,455566148,11888934,952,"",1.01,1.08,1.08,1.08,1.07,1.03,1.01,0.99,"",407,1.9,7433,1.5,8102,1.6,5855,1.2,225299560,3.7,2136240,0.5,-1195476,-9.1,21,2.3
"C2438","0","10","80","0","2017","4","",485,7707,7716,7732,68808257,13636015,157831,686,"",1.00,1.00,1.00,1.00,1.00,1.00,1.00,1.00,"",22,4.8,-235,-3.0,-213,-2.7,-177,-2.2,-1222174,-1.7,-849703,-5.9,-140718,-47.1,6,0.9
"C2442","0","10","40","0","2017","4","",2531,27462,27033,27018,258515352,107952004,2545228,732,"",1.00,1.00,1.00,1.00,1.00,1.00,1.00,1.00,"",46,1.9,935,3.5,738,2.8,759,2.9,13198319,5.4,9042939,9.1,183067,7.7,16,2.2
"C2442","1","10","41","0","2017","4","",19,288,237,235,3894176,0,0,1182,"",1.25,0.54,0.46,0.45,0.55,0.00,0.00,1.13,"",0,0.0,14,5.1,-2,-0.8,6,2.6,201757,5.5,0,0.0,0,0.0,34,3.0
"C2442","2","10","41","0","2017","4","",14,820,790,777,6642737,0,0,642,"",0.79,0.93,0.91,0.90,0.79,0.00,0.00,0.86,"",-2,-12.5,-39,-4.5,-29,-3.5,-42,-5.1,-18821,-0.3,0,0.0,0,0.0,26,4.2
"C2442","3","10","41","0","2017","4","",57,2685,2686,2665,29103705,249973,3501,836,"",1.32,0.99,1.00,1.00,1.31,0.12,0.26,1.32,"",2,3.6,53,2.0,75,2.9,66,2.5,2282377,8.5,91487,57.7,176,5.3,47,6.0
"C2442","5","10","41","0","2017","4","",2441,23669,23320,23341,218874734,107702031,2541727,718,"",0.99,1.01,1.02,1.02,0.99,1.03,1.01,0.98,"",46,1.9,907,4.0,694,3.1,729,3.2,10733006,5.2,8951452,9.1,182891,7.8,12,1.7
"C2446","0","10","80","0","2017","4","",981,12384,12346,12365,119936713,24804313,199211,746,"",1.00,1.00,1.00,1.00,1.00,1.00,1.00,1.00,"",-8,-0.8,356,3.0,254,2.1,404,3.4,8376441,7.5,324267,1.3,33400,20.1,32,4.5
"C2450","0","10","40","0","2017","4","",2864,35722,35595,35520,373162949,118802606,1238992,806,"",1.00,1.00,1.00,1.00,1.00,1.00,1.00,1.00,"",118,4.3,295,0.8,60,0.2,163,0.5,6527794,1.8,4108010,3.6,99081,8.7,10,1.3
"C2450","1","10","41","0","2017","4","",59,1662,1643,1653,25436301,0,0,1184,"",3.43,2.42,2.41,2.42,2.48,0.00,0.00,1.03,"",0,0.0,-24,-1.4,-29,-1.7,-40,-2.4,622287,2.5,0,0.0,0,0.0,50,4.4
"C2450","2","10","41","0","2017","4","",16,969,960,935,9574153,9574153,33820,771,"",0.80,0.85,0.84,0.83,0.79,6.35,20.71,0.94,"",1,6.7,-14,-1.4,-13,-1.3,-51,-5.2,-63070,-0.7,-63070,-0.7,9477,38.9,15,2.0
"C2450","3","10","41","0","2017","4","",53,3170,3174,3129,32032516,12724396,57713,780,"",1.09,0.90,0.90,0.89,1.00,5.41,8.85,1.12,"",2,3.9,50,1.6,46,1.5,14,0.4,581669,1.8,435629,3.5,14692,34.2,5,0.6
"C2450","5","10","41","0","2017","4","",2736,29921,29818,29803,306119979,96504057,1147459,789,"",0.98,0.99,0.99,0.99,0.96,0.84,0.93,0.97,"",115,4.4,283,1.0,56,0.2,240,0.8,5386908,1.8,3735451,4.0,74912,7.0,9,1.2
"C2454","0","10","40","0","2017","4","",7362,108132,107935,107258,1349425715,169964919,3461235,963,"",1.00,1.00,1.00,1.00,1.00,1.00,1.00,1.00,"",539,7.9,6538,6.4,6421,6.3,6873,6.8,164780470,13.9,26023941,18.1,874372,33.8,62,6.9
"C2454","1","10","41","0","2017","4","",45,663,665,669,11086543,0,0,1281,"",1.02,0.32,0.32,0.32,0.30,0.00,0.00,0.93,"",-2,-4.3,28,4.4,16,2.5,10,1.5,-18592,-0.2,0,0.0,0,0.0,-38,-2.9
"C2454","2","10","41","0","2017","4","",19,2908,2893,2904,38798995,0,0,1029,"",0.37,0.84,0.84,0.85,0.88,0.00,0.00,1.05,"",-1,-5.0,-78,-2.6,-81,-2.7,-85,-2.8,5129496,15.2,0,0.0,0,0.0,161,18.5
"C2454","3","10","41","0","2017","4","",87,12286,12255,12188,122964418,28686254,86156,773,"",0.70,1.15,1.14,1.15,1.06,8.53,4.73,0.93,"",1,1.2,272,2.3,261,2.2,332,2.8,6296563,5.4,2420696,9.2,7250,9.2,22,2.9
"C2454","5","10","41","0","2017","4","",7211,92275,92122,91497,1176575759,141278665,3375079,984,"",1.01,1.00,1.00,1.00,1.02,0.86,0.98,1.02,"",541,8.1,6316,7.3,6225,7.2,6616,7.8,153373003,15.0,23603245,20.1,867122,34.6,64,7.0
"C2458","0","10","40","0","2017","4","",8321,173879,174853,173536,2178901480,176234311,3623358,963,"",1.00,1.00,1.00,1.00,1.00,1.00,1.00,1.00,"",302,3.8,1481,0.9,2294,1.3,1761,1.0,100220310,4.8,9668937,5.8,-468574,-11.5,35,3.8
"C2458","1","10","41","0","2017","4","",51,1378,1384,1389,23644545,0,0,1314,"",1.02,0.41,0.41,0.42,0.39,0.00,0.00,0.95,"",0,0.0,19,1.4,28,2.1,2,0.1,696390,3.0,0,0.0,0,0.0,23,1.8
"C2458","2","10","41","0","2017","4","",26,1660,1651,1648,18290453,0,0,851,"",0.45,0.30,0.29,0.30,0.26,0.00,0.00,0.87,"",-1,-3.7,-72,-4.2,-84,-4.8,-97,-5.6,-875342,-4.6,0,0.0,0,0.0,2,0.2
"C2458","3","10","41","0","2017","4","",287,17513,17706,17764,184757103,1120,2,805,"",2.03,1.02,1.02,1.03,0.99,0.00,0.00,0.96,"",-4,-1.4,-226,-1.3,-748,-4.1,-120,-0.7,4667529,2.6,-11279,-91.0,-182,-98.9,36,4.7
"C2458","5","10","41","0","2017","4","",7957,153328,154112,152735,1952209379,176233191,3623356,979,"",0.99,1.04,1.04,1.04,1.05,1.03,1.01,1.01,"",307,4.0,1760,1.2,3098,2.1,1976,1.3,95731733,5.2,9680216,5.8,-468392,-11.4,34,3.6
"C2462","0","10","80","0","2017","4","",1171,25504,25737,25679,257999123,20672143,229594,774,"",1.00,1.00,1.00,1.00,1.00,1.00,1.00,1.00,"",4,0.3,-552,-2.1,-436,-1.7,-260,-1.0,10869836,4.4,-226361,-1.1,13610,6.3,44,6.0
"C2464","0","10","80","0","2017","4","",2479,27366,27234,27211,288790276,60516571,910752,815,"",1.00,1.00,1.00,1.00,1.00,1.00,1.00,1.00,"",30,1.2,77,0.3,-88,-0.3,57,0.2,6855539,2.4,3030229,5.3,65508,7.8,19,2.4
"C2466","0","10","40","0","2017","4","",18524,352768,353746,352737,4126082164,715268327,7476687,899,"",1.00,1.00,1.00,1.00,1.00,1.00,1.00,1.00,"",51,0.3,-1406,-0.4,-3565,-1.0,-3074,-0.9,167093196,4.2,17469893,2.5,-4220892,-36.1,43,5.0
"C2466","1","10","41","0","2017","4","",79,4251,4204,4297,75572562,0,0,1368,"",0.71,0.63,0.62,0.63,0.67,0.00,0.00,1.06,"",2,2.6,-72,-1.7,-110,-2.5,-129,-2.9,367932,0.5,0,0.0,0,0.0,39,2.9
"C2466","2","10","41","0","2017","4","",62,9796,9864,9685,117898368,8842,5,927,"",0.48,0.87,0.87,0.86,0.88,0.00,0.00,1.01,"",-2,-3.1,88,0.9,129,1.3,95,1.0,-1498955,-1.3,383,4.5,-27,-84.4,-22,-2.3
"C2466","3","10","41","0","2017","4","",284,27807,27821,27555,299033874,41494,1907,830,"",0.90,0.80,0.79,0.79,0.84,0.00,0.05,1.06,"",2,0.7,-688,-2.4,-1145,-4.0,-757,-2.7,2404854,0.8,3482,9.2,776,68.6,32,4.0
"C2466","5","10","41","0","2017","4","",18099,310914,311857,311200,3633577360,715217991,7474775,898,"",1.01,1.04,1.04,1.04,1.03,1.03,1.01,0.99,"",49,0.3,-734,-0.2,-2439,-0.8,-2283,-0.7,165819365,4.8,17466028,2.5,-4221641,-36.1,46,5.4
"C2470","0","10","80","0","2017","4","",657,13946,13986,14068,156447278,12651390,162157,860,"",1.00,1.00,1.00,1.00,1.00,1.00,1.00,1.00,"",8,1.2,36,0.3,23,0.2,-42,-0.3,4241788,2.8,-264330,-2.0,-65461,-28.8,23,2.7
"C2474","0","10","80","0","2017","4","",1286,16988,16917,16950,151107997,21125059,210080,686,"",1.00,1.00,1.00,1.00,1.00,1.00,1.00,1.00,"",-5,-0.4,-334,-1.9,-288,-1.7,-357,-2.1,857458,0.6,-639637,-2.9,-47517,-18.4,17,2.5
"C2478","0","10","40","0","2017","4","",3819,77230,77480,77221,869850075,130792549,1564009,865,"",1.00,1.00,1.00,1.00,1.00,1.00,1.00,1.00,"",66,1.8,2041,2.7,1057,1.4,807,1.1,24510798,2.9,9616334,7.9,-424423,-21.3,9,1.1
"C2478","1","10","41","0","2017","4","",26,700,703,706,13344580,0,0,1460,"",1.14,0.47,0.47,0.47,0.56,0.00,0.00,1.18,"",0,0.0,26,3.9,19,2.8,22,3.2,500803,3.9,0,0.0,0,0.0,9,0.6
"C2478","2","10","41","0","2017","4","",21,8064,8098,8123,128239686,0,0,1219,"",0.78,3.25,3.26,3.30,4.52,0.00,0.00,1.38,"",1,5.0,-1,0.0,22,0.3,22,0.3,-786818,-0.6,0,0.0,0,0.0,-9,-0.7
"C2478","3","10","41","0","2017","4","",77,15442,15444,15438,187181435,15844,10,932,"",1.19,2.02,2.01,2.02,2.50,0.01,0.00,1.24,"",-1,-1.3,313,2.1,265,1.7,313,2.1,2877712,1.6,7956,100.9,-4,-28.6,-4,-0.4
"C2478","5","10","41","0","2017","4","",3695,53024,53235,52954,541084374,130776705,1563999,784,"",1.00,0.81,0.81,0.81,0.73,1.03,1.01,0.90,"",66,1.8,1703,3.3,751,1.4,450,0.9,21919101,4.2,9608378,7.9,-424419,-21.3,18,2.3
"C2482","0","10","80","0","2017","4","",1223,18583,18651,18411,192210648,14269469,309984,797,"",1.00,1.00,1.00,1.00,1.00,1.00,1.00,1.00,"",12,1.0,-297,-1.6,-40,-0.2,-129,-0.7,6221857,3.3,381562,2.7,40082,14.9,32,4.2
"C2486","0","10","40","0","2017","4","",20875,392190,395541,396372,4637028964,541469505,8329337,904,"",1.00,1.00,1.00,1.00,1.00,1.00,1.00,1.00,"",270,1.3,5734,1.5,6688,1.7,6906,1.8,198647690,4.5,12860277,2.4,-936519,-10.1,25,2.8
"C2486","1","10","41","0","2017","4","",97,2709,2718,2850,47806884,0,0,1333,"",0.77,0.36,0.36,0.37,0.38,0.00,0.00,1.03,"",-2,-2.0,61,2.3,23,0.9,-12,-0.4,1277844,2.7,0,0.0,0,0.0,24,1.8
"C2486","2","10","41","0","2017","4","N",101,0,0,0,0,0,0,0,"N",0.69,0,0,0,0,0,0,0,"N",2,2.0,0,0,0,0,0,0,0,0,0,0,0,0,0,0
"C2486","3","10","41","0","2017","4","N",386,0,0,0,0,0,0,0,"N",1.09,0,0,0,0,0,0,0,"N",-40,-9.4,0,0,0,0,0,0,0,0,0,0,0,0,0,0
"C2486","5","10","41","0","2017","4","",20291,333618,336689,337481,3915728890,539786234,8314219,897,"",1.00,1.00,1.00,1.00,0.99,1.03,1.00,0.99,"",310,1.6,4562,1.4,5394,1.6,5733,1.7,155507853,4.1,13725246,2.6,-925116,-10.0,22,2.5
"C2490","0","10","80","0","2017","4","",975,16037,16019,15848,136227863,18227738,191462,656,"",1.00,1.00,1.00,1.00,1.00,1.00,1.00,1.00,"",-14,-1.4,540,3.5,534,3.4,132,0.8,3038976,2.3,21476,0.1,-18788,-8.9,-2,-0.3
"C2494","0","10","80","0","2017","4","",1758,33734,34071,34249,353246503,40001972,633377,799,"",1.00,1.00,1.00,1.00,1.00,1.00,1.00,1.00,"",3,0.2,-666,-1.9,-820,-2.4,-1180,-3.3,5954140,1.7,1600920,4.2,96721,18.0,34,4.4
"C2498","0","10","80","0","2017","4","",567,10616,10582,10659,91947276,16264341,88527,666,"",1.00,1.00,1.00,1.00,1.00,1.00,1.00,1.00,"",9,1.6,-30,-0.3,116,1.1,149,1.4,-528462,-0.6,2282143,16.3,-24843,-21.9,-9,-1.3
"C2502","0","10","40","0","2017","4","",636,13624,13681,14167,94146336,3297709,115100,524,"",1.00,1.00,1.00,1.00,1.00,1.00,1.00,1.00,"",-40,-5.9,-1244,-8.4,-1259,-8.4,-1069,-7.0,-7053717,-7.0,-2351230,-41.6,-71626,-38.4,6,1.2
"C2502","1","10","41","0","2017","4","",4,48,52,52,898868,0,0,1365,"",1.05,0.18,0.20,0.19,0.35,0.00,0.00,1.82,"",0,0.0,-2,-4.0,4,8.3,4,8.3,-29604,-3.2,0,0.0,0,0.0,-103,-7.0
"C2502","2","10","41","0","2017","4","",50,3610,3608,3580,28467604,0,0,608,"",11.22,8.25,8.23,7.92,9.26,0.00,0.00,1.14,"",-4,-7.4,-104,-2.8,-81,-2.2,-133,-3.6,295422,1.0,0,0.0,0,0.0,23,3.9
"C2502","3","10","41","0","2017","4","",6,1449,1406,1548,6743090,0,0,353,"",0.56,1.07,1.03,1.10,0.83,0.00,0.00,0.78,"",0,0.0,-235,-14.0,-276,-16.4,-176,-10.2,-1598538,-19.2,0,0.0,0,0.0,-25,-6.6
"C2502","5","10","41","0","2017","4","",576,8517,8615,8987,58036774,3297709,115100,513,"",0.93,0.74,0.74,0.75,0.72,1.03,1.01,0.97,"",-36,-5.9,-903,-9.6,-906,-9.5,-764,-7.8,-5720997,-9.0,-2351230,-41.6,-71626,-38.4,0,0.0
"C2506","0","10","40","0","2017","4","",7912,146349,146785,147249,1619627123,169221531,1143123,849,"",1.00,1.00,1.00,1.00,1.00,1.00,1.00,1.00,"",35,0.4,-386,-0.3,-235,-0.2,474,0.3,50461204,3.2,-1379283,-0.8,-195611,-14.6,27,3.3
"C2506","1","10","41","0","2017","4","",108,8717,8686,8731,160799465,0,0,1420,"",2.28,3.09,3.09,3.08,3.61,0.00,0.00,1.17,"",-1,-0.9,28,0.3,-34,-0.4,-13,-0.1,5108449,3.3,0,0.0,0,0.0,46,3.3
"C2506","2","10","41","0","2017","4","",59,2244,2226,2227,20916827,0,0,721,"",1.06,0.48,0.47,0.47,0.40,0.00,0.00,0.83,"",1,1.7,40,1.8,12,0.5,-45,-2.0,-262631,-1.2,0,0.0,0,0.0,-10,-1.4
"C2506","3","10","41","0","2017","4","",172,21791,21769,21856,246531392,1007084,5740,870,"",1.28,1.50,1.49,1.50,1.77,0.30,0.95,1.18,"",1,0.6,-16,-0.1,-89,-0.4,23,0.1,5469127,2.3,5036,0.5,-246,-4.1,21,2.5
"C2506","5","10","41","0","2017","4","",7573,113597,114104,114435,1191379439,168214447,1137383,804,"",0.99,0.91,0.92,0.91,0.86,1.03,1.00,0.94,"",34,0.5,-438,-0.4,-124,-0.1,509,0.4,40146259,3.5,-1384319,-0.8,-195365,-14.7,28,3.6
"C2510","0","10","80","0","2017","4","",576,9880,9822,9909,102400560,15323994,92675,798,"",1.00,1.00,1.00,1.00,1.00,1.00,1.00,1.00,"",-24,-4.0,-21,-0.2,-71,-0.7,-86,-0.9,4451547,4.5,910667,6.3,15150,19.5,39,5.1
"C2518","0","10","40","0","2017","4","",5543,102197,103769,102434,1102948991,94848474,2314006,825,"",1.00,1.00,1.00,1.00,1.00,1.00,1.00,1.00,"",44,0.8,861,0.8,402,0.4,-1248,-1.2,48641515,4.6,204970,0.2,-123893,-5.1,36,4.6
"C2518","1","10","41","0","2017","4","",61,3944,3930,3954,80971821,0,0,1580,"",1.83,2.00,1.98,2.00,2.67,0.00,0.00,1.34,"",1,1.7,2,0.1,-21,-0.5,-35,-0.9,2159656,2.7,0,0.0,0,0.0,49,3.2
"C2518","2","10","41","0","2017","4","",52,2983,2993,2991,36366581,235405,0,936,"",1.34,0.91,0.90,0.92,1.01,0.20,0.00,1.11,"",11,26.8,-25,-0.8,9,0.3,-2,-0.1,-1092169,-2.9,-1029256,-81.4,-20510,-100.0,-26,-2.7
"C2518","3","10","41","0","2017","4","",128,10653,10685,10643,114829483,360022,7568,829,"",1.36,1.05,1.04,1.05,1.21,0.19,0.62,1.16,"",0,0.0,347,3.4,229,2.2,147,1.4,3342241,3.0,10831,3.1,-221,-2.8,6,0.7
"C2518","5","10","41","0","2017","4","",5302,84617,86161,84846,870781106,94253047,2306438,786,"",0.99,0.97,0.98,0.97,0.92,1.03,1.00,0.95,"",32,0.6,537,0.6,185,0.2,-1358,-1.6,44231787,5.4,1223395,1.3,-103162,-4.3,42,5.6
"C2520","0","10","80","0","2017","4","",1874,14581,14449,15213,166793992,57512273,738905,870,"",1.00,1.00,1.00,1.00,1.00,1.00,1.00,1.00,"",54,3.0,479,3.4,629,4.6,524,3.6,13259430,8.6,3966561,7.4,18631,2.6,38,4.6
"C2522","0","10","40","0","2017","4","",2964,44339,44961,44847,414376983,33188973,506793,713,"",1.00,1.00,1.00,1.00,1.00,1.00,1.00,1.00,"",112,3.9,1201,2.8,1652,3.8,1535,3.5,15187568,3.8,-174809,-0.5,-15194,-2.9,3,0.4
"C2522","1","10","41","0","2017","4","",23,370,351,366,6215913,0,0,1320,"",1.29,0.43,0.41,0.42,0.55,0.00,0.00,1.29,"",0,0.0,-2,-0.5,-15,-4.1,-9,-2.4,-86627,-1.4,0,0.0,0,0.0,13,1.0
"C2522","2","10","41","0","2017","4","",31,2744,2761,2734,28803422,25540,59,807,"",1.49,1.93,1.92,1.91,2.13,0.06,0.09,1.11,"",0,0.0,44,1.6,57,2.1,26,1.0,1035852,3.7,-2504,-8.9,-32,-35.2,17,2.2
"C2522","3","10","41","0","2017","4","",97,7865,7893,7862,87019876,70251,873,850,"",1.93,1.79,1.77,1.77,2.44,0.11,0.33,1.37,"",3,3.2,599,8.2,587,8.0,578,7.9,13788815,18.8,-16571,-19.1,-263,-23.2,77,10.0
"C2522","5","10","41","0","2017","4","",2813,33360,33956,33885,292337772,33093182,505861,667,"",0.98,0.89,0.89,0.89,0.83,1.03,1.00,0.93,"",109,4.0,560,1.7,1023,3.1,940,2.9,449528,0.2,-155734,-0.5,-14899,-2.9,-16,-2.3
"C2526","0","10","40","0","2017","4","",3947,48347,47590,47268,520879861,32246110,1540022,839,"",1.00,1.00,1.00,1.00,1.00,1.00,1.00,1.00,"",221,5.9,1821,3.9,1145,2.5,1216,2.6,27476870,5.6,2843355,9.7,177539,13.0,20,2.4
"C2526","1","10","41","0","2017","4","",18,1144,1159,1171,17102035,0,0,1136,"",0.76,1.23,1.27,1.29,1.19,0.00,0.00,0.95,"",0,0.0,-15,-1.3,-14,-1.2,-13,-1.1,257630,1.5,0,0.0,0,0.0,30,2.7
"C2526","2","10","41","0","2017","4","",136,5644,5708,5740,79150287,0,0,1069,"",4.92,3.64,3.74,3.81,4.65,0.00,0.00,1.25,"",3,2.3,-34,-0.6,-30,-0.5,-376,-6.1,4480925,6.0,0,0.0,0,0.0,86,8.7
"C2526","3","10","41","0","2017","4","",111,8091,8192,8038,99740928,675327,40417,946,"",1.65,1.69,1.73,1.72,2.23,1.06,4.99,1.30,"",-1,-0.9,198,2.5,175,2.2,49,0.6,3493102,3.6,-125383,-15.7,-8386,-17.2,17,1.8
"C2526","5","10","41","0","2017","4","",3682,33468,32531,32319,324886611,31570783,1499605,763,"",0.96,0.81,0.80,0.80,0.73,1.01,0.98,0.90,"",219,6.3,1672,5.3,1014,3.2,1556,5.1,19245213,6.3,2968738,10.4,185925,14.2,13,1.7
"C2530","0","10","80","0","2017","4","",1205,16831,17139,17094,164929284,16793255,213460,745,"",1.00,1.00,1.00,1.00,1.00,1.00,1.00,1.00,"",52,4.5,-428,-2.5,-426,-2.4,-281,-1.6,3544825,2.2,7924,0.0,-88536,-29.3,32,4.5
"C2542","0","10","40","0","2017","4","",14860,325085,326129,326554,4317390023,253401081,12860809,1019,"",1.00,1.00,1.00,1.00,1.00,1.00,1.00,1.00,"",49,0.3,3686,1.1,3252,1.0,3485,1.1,228170398,5.6,17776088,7.5,-159809,-1.2,43,4.4
"C2542","1","10","41","0","2017","4","",162,7221,7292,7314,139428699,0,0,1474,"",1.82,1.15,1.17,1.16,1.17,0.00,0.00,1.01,"",-4,-2.4,-29,-0.4,-20,-0.3,-109,-1.5,1428158,1.0,0,0.0,0,0.0,25,1.7
"C2542","2","10","41","0","2017","4","",130,27832,27932,27865,412677040,0,0,1139,"",1.25,2.67,2.67,2.68,2.93,0.00,0.00,1.10,"",2,1.6,-621,-2.2,-781,-2.7,-832,-2.9,262743,0.1,-10079,-100.0,-283,-100.0,31,2.8
"C2542","3","10","41","0","2017","4","",400,19931,20008,19817,241835478,570879,23855,934,"",1.58,0.62,0.62,0.61,0.65,0.11,0.35,1.06,"",0,0.0,141,0.7,99,0.5,72,0.4,9025924,3.9,-18362,-3.1,-4018,-14.4,30,3.3
"C2542","5","10","41","0","2017","4","",14168,270101,270897,271558,3523448806,252830202,12836954,1001,"",0.98,0.98,0.98,0.98,0.96,1.03,1.00,0.98,"",51,0.4,4195,1.6,3954,1.5,4354,1.6,217453573,6.6,17804529,7.6,-155508,-1.2,47,4.9
"C2546","0","10","80","0","2017","4","",1114,15089,15096,15087,143906298,14706892,251962,734,"",1.00,1.00,1.00,1.00,1.00,1.00,1.00,1.00,"",-12,-1.1,-34,-0.2,-10,-0.1,127,0.8,7103049,5.2,1617073,12.4,-52164,-17.2,35,5.0
"C2550","0","10","40","0","2017","4","",3479,64788,65089,64989,660026618,42122779,552091,782,"",1.00,1.00,1.00,1.00,1.00,1.00,1.00,1.00,"",121,3.6,260,0.4,661,1.0,279,0.4,20776984,3.3,869802,2.1,-68400,-11.0,20,2.6
"C2550","1","10","41","0","2017","4","",33,347,340,347,5451566,0,0,1217,"",1.58,0.28,0.27,0.28,0.30,0.00,0.00,1.09,"",-1,-2.9,-1,-0.3,-2,-0.6,0,0.0,53165,1.0,0,0.0,0,0.0,16,1.3
"C2550","2","10","41","0","2017","4","N",32,0,0,0,0,0,0,0,"N",1.31,0,0,0,0,0,0,0,"N",1,3.2,0,0,0,0,0,0,0,0,0,0,0,0,0,0
"C2550","3","10","41","0","2017","4","N",61,0,0,0,0,0,0,0,"N",1.03,0,0,0,0,0,0,0,"N",0,0.0,0,0,0,0,0,0,0,0,0,0,0,0,0,0
"C2550","5","10","41","0","2017","4","",3353,53901,54082,54037,545563649,42104594,551907,777,"",0.99,0.98,0.98,0.98,0.97,1.03,1.01,0.99,"",121,3.7,114,0.2,395,0.7,108,0.2,15331480,2.9,897554,2.2,-67768,-10.9,19,2.5
"C2554","0","10","40","0","2017","4","",36581,621172,624587,624383,10163251889,704175674,24867338,1254,"",1.00,1.00,1.00,1.00,1.00,1.00,1.00,1.00,"",665,1.9,1953,0.3,2331,0.4,2179,0.4,287902084,2.9,-4368714,-0.6,-1915637,-7.2,31,2.5
"C2554","1","10","41","0","2017","4","",178,6159,6097,6231,118938053,0,0,1485,"",0.81,0.52,0.51,0.52,0.43,0.00,0.00,0.83,"",3,1.7,28,0.5,-66,-1.1,-194,-3.0,2778768,2.4,0,0.0,0,0.0,53,3.7
"C2554","2","10","41","0","2017","4","",282,37998,37857,37828,682557065,0,0,1386,"",1.10,1.91,1.89,1.90,2.06,0.00,0.00,1.08,"",-3,-1.1,-1400,-3.6,-1266,-3.2,-1184,-3.0,-694003,-0.1,0,0.0,0,0.0,44,3.3
"C2554","3","10","41","0","2017","4","",762,46855,47834,47142,691873079,1001403,23680,1126,"",1.23,0.76,0.77,0.76,0.79,0.07,0.18,1.04,"",-3,-0.4,-834,-1.7,-1134,-2.3,-1004,-2.1,2924020,0.4,122232,13.9,1769,8.1,28,2.6
"C2554","5","10","41","0","2017","4","",35359,530160,532799,533182,8669883692,703174271,24843658,1253,"",1.00,1.00,1.00,1.00,1.00,1.03,1.01,0.99,"",668,1.9,4159,0.8,4797,0.9,4561,0.9,282893299,3.4,-4490946,-0.6,-1917406,-7.2,30,2.5
"C2558","0","10","80","0","2017","4","",1163,15439,15405,15210,156290556,10496076,98908,783,"",1.00,1.00,1.00,1.00,1.00,1.00,1.00,1.00,"",-10,-0.9,-161,-1.0,-69,-0.4,-62,-0.4,5751822,3.8,326129,3.2,-10725,-9.8,33,4.4
"C2562","0","10","40","0","2017","4","",3506,62061,62862,62570,614028739,81856261,497949,756,"",1.00,1.00,1.00,1.00,1.00,1.00,1.00,1.00,"",-2,-0.1,1202,2.0,1338,2.2,1232,2.0,30852672,5.3,5197783,6.8,-70849,-12.5,23,3.1
"C2562","1","10","41","0","2017","4","",29,823,812,812,12683111,0,0,1196,"",1.38,0.69,0.67,0.67,0.75,0.00,0.00,1.11,"",0,0.0,13,1.6,-4,-0.5,-16,-1.9,-197370,-1.5,0,0.0,0,0.0,-15,-1.2
"C2562","2","10","41","0","2017","4","",41,3282,3288,3271,38434190,0,0,901,"",1.67,1.65,1.63,1.64,1.92,0.00,0.00,1.17,"",1,2.5,22,0.7,-5,-0.2,-4,-0.1,-2488,0.0,0,0.0,0,0.0,-2,-0.2
"C2562","3","10","41","0","2017","4","",78,9735,9787,9740,92768061,1114256,10911,732,"",1.31,1.58,1.57,1.57,1.76,0.69,4.16,1.12,"",-2,-2.5,58,0.6,90,0.9,68,0.7,6572706,7.6,227763,25.7,2403,28.2,47,6.9
"C2562","5","10","41","0","2017","4","",3358,48221,48975,48747,470143377,80742005,487038,743,"",0.99,0.91,0.92,0.92,0.90,1.02,0.98,0.98,"",-1,0.0,1109,2.4,1257,2.6,1184,2.5,24479824,5.5,4970020,6.6,-73252,-13.1,21,2.9
"C2570","0","10","80","0","2017","4","",1119,15381,15346,15290,145833963,24101156,141918,731,"",1.00,1.00,1.00,1.00,1.00,1.00,1.00,1.00,"",-22,-1.9,108,0.7,49,0.3,170,1.1,1070823,0.7,-905832,-3.6,26672,23.1,0,0.0
"C2572","0","10","80","0","2017","4","",1117,9029,9016,9100,92621144,30260188,169971,787,"",1.00,1.00,1.00,1.00,1.00,1.00,1.00,1.00,"",90,8.8,703,8.4,782,9.5,859,10.4,9445754,11.4,4028728,15.4,-11801,-6.5,13,1.7
"C2574","0","10","80","0","2017","4","",3352,38189,38044,38069,435762529,175560847,1283845,880,"",1.00,1.00,1.00,1.00,1.00,1.00,1.00,1.00,"",207,6.6,-252,-0.7,-443,-1.2,-57,-0.1,6661069,1.6,3238574,1.9,117442,10.1,19,2.2
"C2576","0","10","80","0","2017","4","",783,5443,5483,5467,46173334,5204399,122008,650,"",1.00,1.00,1.00,1.00,1.00,1.00,1.00,1.00,"",-11,-1.4,-48,-0.9,34,0.6,37,0.7,1514245,3.4,-92106,-1.7,-13426,-9.9,20,3.2
"C2578","0","10","80","0","2017","4","",833,14910,14915,14935,133581843,32233759,336076,689,"",1.00,1.00,1.00,1.00,1.00,1.00,1.00,1.00,"",-23,-2.7,-171,-1.1,-307,-2.0,-376,-2.5,-782826,-0.6,-7381,0.0,-170837,-33.7,9,1.3
"C2582","0","10","80","0","2017","4","",504,7453,7478,7552,81444251,6415453,86438,836,"",1.00,1.00,1.00,1.00,1.00,1.00,1.00,1.00,"",-1,-0.2,-27,-0.4,-64,-0.8,-8,-0.1,2290331,2.9,87358,1.4,8222,10.5,27,3.3
"C2584","0","10","80","0","2017","4","",2572,37783,36874,35781,393300601,153952906,3630937,822,"",1.00,1.00,1.00,1.00,1.00,1.00,1.00,1.00,"",24,0.9,812,2.2,588,1.6,348,1.0,25862472,7.0,10890164,7.6,232548,6.8,42,5.4
"C2586","0","10","40","0","2017","4","",7823,151543,152707,152606,1568771597,316186639,3397085,792,"",1.00,1.00,1.00,1.00,1.00,1.00,1.00,1.00,"",67,0.9,2037,1.4,2337,1.6,2213,1.5,63007634,4.2,15272841,5.1,-1665930,-32.9,20,2.6
"C2586","1","10","41","0","2017","4","",43,629,642,637,9528200,0,0,1152,"",0.92,0.22,0.22,0.22,0.22,0.00,0.00,1.02,"",-1,-2.3,17,2.8,15,2.4,2,0.3,95780,1.0,0,0.0,0,0.0,-10,-0.9
"C2586","2","10","41","0","2017","4","N",57,0,0,0,0,0,0,0,"N",1.04,0,0,0,0,0,0,0,"N",-2,-3.4,0,0,0,0,0,0,0,0,0,0,0,0,0,0
"C2586","3","10","41","0","2017","4","N",212,0,0,0,0,0,0,0,"N",1.59,0,0,0,0,0,0,0,"N",1,0.5,0,0,0,0,0,0,0,0,0,0,0,0,0,0
"C2586","5","10","41","0","2017","4","",7511,128857,129827,130026,1327918226,316161810,3396876,788,"",0.99,1.00,1.00,1.00,0.99,1.03,1.01,0.99,"",69,0.9,2066,1.6,2505,2.0,2389,1.9,57088884,4.5,15287199,5.1,-1665937,-32.9,20,2.6
"C2588","0","10","80","0","2017","4","",773,12637,12572,12525,140172331,8684817,254692,857,"",1.00,1.00,1.00,1.00,1.00,1.00,1.00,1.00,"",-7,-0.9,-119,-0.9,-361,-2.8,-301,-2.3,758092,0.5,-592064,-6.4,-54967,-17.8,22,2.6
"C2590","0","10","80","0","2017","4","",5463,70985,71498,72082,786214747,297416564,3520423,846,"",1.00,1.00,1.00,1.00,1.00,1.00,1.00,1.00,"",84,1.6,2034,2.9,2223,3.2,2021,2.9,40190153,5.4,24719285,9.1,334158,10.5,19,2.3
"C2594","0","10","40","0","2017","4","",6229,74255,74476,73580,747848157,102738555,1023070,776,"",1.00,1.00,1.00,1.00,1.00,1.00,1.00,1.00,"",264,4.4,4477,6.4,2780,3.9,1908,2.7,28690933,4.0,2437653,2.4,-136874,-11.8,-3,-0.4
"C2594","1","10","41","0","2017","4","",44,2247,2253,2233,32006615,0,0,1097,"",1.18,1.57,1.58,1.58,1.56,0.00,0.00,0.99,"",0,0.0,-20,-0.9,-25,-1.1,-30,-1.3,260315,0.8,0,0.0,0,0.0,21,2.0
"C2594","2","10","41","0","2017","4","",41,1410,1429,1426,13763376,14715,0,745,"",0.94,0.59,0.60,0.61,0.56,0.01,0.00,0.94,"",1,2.5,31,2.2,42,3.0,39,2.8,202009,1.5,12055,453.2,0,0.0,-9,-1.2
"C2594","3","10","41","0","2017","4","",30,7887,7856,7683,97999303,192530,1281,965,"",0.28,1.07,1.06,1.06,1.52,0.09,0.24,1.43,"",0,0.0,190,2.5,70,0.9,-33,-0.4,-3696768,-3.6,-30466,-13.7,-761,-37.3,-47,-4.6
"C2594","5","10","41","0","2017","4","",6114,62711,62938,62238,604078863,102531310,1021789,742,"",1.01,0.99,0.99,1.00,0.95,1.03,1.01,0.95,"",263,4.5,4276,7.3,2693,4.5,1932,3.2,31925377,5.6,2456064,2.5,-136113,-11.8,4,0.5
"C2598","0","10","40","0","2017","4","",957,19765,19810,19760,196520136,15096870,219303,764,"",1.00,1.00,1.00,1.00,1.00,1.00,1.00,1.00,"",-74,-7.2,778,4.1,587,3.1,615,3.2,7509042,4.0,-781714,-4.9,-47691,-17.9,4,0.5
"C2598","1","10","41","0","2017","4","",35,3623,3640,3628,46106723,0,0,977,"",6.10,9.52,9.60,9.53,8.54,0.00,0.00,0.89,"",-14,-28.6,-161,-4.3,-147,-3.9,-145,-3.8,-171748,-0.4,0,0.0,0,0.0,36,3.8
"C2598","2","10","41","0","2017","4","",27,425,427,417,3739214,7064,176,680,"",4.03,0.67,0.67,0.66,0.58,0.04,0.61,0.87,"N",-1,-3.6,0,0,0,0,0,0,0,0,0,0,0,0,0,0
"C2598","3","10","41","0","2017","4","",29,3457,3455,3446,32556656,62430,1252,725,"",1.78,1.77,1.76,1.76,1.93,0.21,1.08,1.09,"N",-2,-6.5,0,0,0,0,0,0,0,0,0,0,0,0,0,0
"C2598","5","10","41","0","2017","4","",866,12260,12288,12269,114117543,15027376,217875,715,"",0.93,0.73,0.73,0.73,0.68,1.03,1.00,0.93,"",-57,-6.2,839,7.3,717,6.2,723,6.3,6881495,6.4,-787894,-5.0,-48610,-18.2,-2,-0.3
"C2602","0","10","80","0","2017","4","",1932,29245,29424,29504,388594933,90273858,1237161,1017,"",1.00,1.00,1.00,1.00,1.00,1.00,1.00,1.00,"",-11,-0.6,1334,4.8,1472,5.3,1501,5.4,54389407,16.3,15084715,20.1,250957,25.4,97,10.5
"C2609","0","10","80","0","2017","4","",2182,38858,38406,38010,470780079,27844180,823516,942,"",1.00,1.00,1.00,1.00,1.00,1.00,1.00,1.00,"",33,1.5,160,0.4,328,0.9,633,1.7,28345479,6.4,2961168,11.9,44110,5.7,48,5.4
"C2614","0","10","40","0","2017","4","",3093,32339,32637,32752,307226903,21812902,229976,725,"",1.00,1.00,1.00,1.00,1.00,1.00,1.00,1.00,"",22,0.7,-7,0.0,54,0.2,197,0.6,11396708,3.9,34707,0.2,-79855,-25.8,25,3.6
"C2614","1","10","41","0","2017","4","",12,234,238,241,3958445,0,0,1281,"",0.65,0.38,0.38,0.38,0.47,0.00,0.00,1.24,"",0,0.0,8,3.5,14,6.2,18,8.1,474049,13.6,0,0.0,0,0.0,86,7.2
"C2614","2","10","41","0","2017","4","",25,350,351,352,3051566,0,0,669,"",1.15,0.34,0.34,0.34,0.30,0.00,0.00,0.90,"",-2,-7.4,9,2.6,3,0.9,0,0.0,183012,6.4,0,0.0,0,0.0,33,5.2
"C2614","3","10","41","0","2017","4","",12,3798,3839,3945,33942999,82914,647,676,"",0.23,1.19,1.18,1.22,1.28,0.19,0.53,1.07,"",0,0.0,-84,-2.2,-75,-1.9,6,0.2,-839,0.0,-8128,-8.9,-72,-10.0,8,1.2
"C2614","5","10","41","0","2017","4","",3044,27957,28209,28214,266273893,21729988,229329,728,"",1.01,1.02,1.02,1.01,1.02,1.03,1.00,1.00,"",24,0.8,60,0.2,112,0.4,173,0.6,10740486,4.2,42835,0.2,-79783,-25.8,26,3.7
"C2622","0","10","80","0","2017","4","",1355,14168,13623,13729,141026895,60486012,1366254,784,"",1.00,1.00,1.00,1.00,1.00,1.00,1.00,1.00,"",35,2.7,1312,10.2,960,7.6,675,5.2,14610132,11.6,9361009,18.3,240527,21.4,28,3.7
"C2630","0","10","40","0","2017","4","",3133,36519,36518,36549,350185601,43069129,765506,737,"",1.00,1.00,1.00,1.00,1.00,1.00,1.00,1.00,"",18,0.6,226,0.6,128,0.4,321,0.9,21181064,6.4,1670949,4.0,-82672,-9.7,40,5.7
"C2630","1","10","41","0","2017","4","",28,448,447,448,7832913,0,0,1346,"",1.49,0.64,0.64,0.64,0.81,0.00,0.00,1.28,"",0,0.0,-26,-5.5,-26,-5.5,-11,-2.4,190542,2.5,0,0.0,0,0.0,92,7.3
"C2630","2","10","41","0","2017","4","",23,987,1001,990,8644535,0,0,670,"",1.05,0.84,0.86,0.85,0.76,0.00,0.00,0.89,"",1,4.5,-15,-1.5,-1,-0.1,1,0.1,597627,7.4,0,0.0,0,0.0,50,8.1
"C2630","3","10","41","0","2017","4","",34,2986,2997,2978,30257192,351231,2680,779,"",0.64,0.83,0.83,0.82,1.00,0.41,0.67,1.22,"",1,3.0,49,1.7,-152,-4.8,44,1.5,1575722,5.5,-39011,-10.0,-711,-21.0,45,6.1
"C2630","5","10","41","0","2017","4","",3048,32098,32073,32133,303450961,42717898,762826,727,"",1.00,1.03,1.03,1.03,1.01,1.03,1.00,0.98,"",16,0.5,218,0.7,307,1.0,287,0.9,18817173,6.6,1709960,4.2,-81961,-9.7,39,5.7
"C2634","0","10","80","0","2017","4","",930,11783,11527,11356,122048292,7674984,231748,812,"",1.00,1.00,1.00,1.00,1.00,1.00,1.00,1.00,"",1,0.1,-277,-2.3,-296,-2.5,-387,-3.3,-443521,-0.4,-149082,-1.9,-68097,-22.7,19,2.4
"C2638","0","10","40","0","2017","4","",5319,83661,84348,84375,1054309819,60271907,910336,964,"",1.00,1.00,1.00,1.00,1.00,1.00,1.00,1.00,"",-44,-0.8,-1062,-1.3,1,0.0,117,0.1,3562031,0.3,8300384,16.0,179722,24.6,7,0.7
"C2638","1","10","41","0","2017","4","",33,416,416,430,6787707,0,0,1241,"",1.03,0.26,0.26,0.26,0.23,0.00,0.00,0.90,"",0,0.0,4,1.0,6,1.5,7,1.7,-23727,-0.3,0,0.0,0,0.0,-22,-1.7
"C2638","2","10","41","0","2017","4","",56,1775,1778,1777,20179518,22762,277,874,"",1.50,0.66,0.66,0.66,0.59,0.03,0.23,0.89,"",1,1.8,2,0.1,12,0.7,7,0.4,-200650,-1.0,17461,329.4,251,965.4,-12,-1.4
"C2638","3","10","41","0","2017","4","",155,9844,9920,9915,96887802,181760,1473,753,"",1.71,1.19,1.18,1.19,1.07,0.15,0.31,0.90,"",4,2.6,-174,-1.7,-127,-1.3,-154,-1.5,-1104716,-1.1,22475,14.1,-222,-13.1,3,0.4
"C2638","5","10","41","0","2017","4","",5075,71626,72234,72253,930454792,60067385,908586,994,"",0.98,1.01,1.01,1.01,1.03,1.03,1.00,1.03,"",-49,-1.0,-894,-1.2,110,0.2,257,0.4,4891124,0.5,8260448,15.9,179693,24.7,8,0.8
"C2642","0","10","40","0","2017","4","",156864,2923345,2943334,2949308,48971798612,2710794244,78106476,1282,"",1.00,1.00,1.00,1.00,1.00,1.00,1.00,1.00,"",3547,2.3,40141,1.4,52932,1.8,55839,1.9,2096972110,4.5,189088331,7.5,17793173,29.5,34,2.7
"C2642","1","10","41","0","2017","4","",343,28694,28694,29354,655205356,0,0,1743,"",0.36,0.51,0.51,0.52,0.49,0.00,0.00,0.95,"",-4,-1.2,419,1.5,392,1.4,285,1.0,31551994,5.1,0,0.0,0,0.0,63,3.8
"C2642","2","10","41","0","2017","4","N",245,0,0,0,0,0,0,0,"N",0.22,0,0,0,0,0,0,0,"N",-30,-10.9,0,0,0,0,0,0,0,0,0,0,0,0,0,0
"C2642","3","10","41","0","2017","4","N",893,0,0,0,0,0,0,0,"N",0.33,0,0,0,0,0,0,0,"N",-2,-0.2,0,0,0,0,0,0,0,0,0,0,0,0,0,0
"C2642","5","10","41","0","2017","4","",155383,2531297,2547245,2552163,43276377726,2704023574,78099623,1309,"",1.02,1.02,1.02,1.02,1.03,1.03,1.01,1.02,"",3583,2.4,36239,1.5,48236,1.9,51988,2.1,1885543837,4.6,189503946,7.5,17922606,29.8,34,2.7
"C2646","0","10","80","0","2017","4","",2052,22724,22273,22125,237329770,19565112,543209,816,"",1.00,1.00,1.00,1.00,1.00,1.00,1.00,1.00,"",17,0.8,313,1.4,149,0.7,343,1.6,6446232,2.8,2777933,16.5,9148,1.7,13,1.6
"C2650","0","10","80","0","2017","4","",962,12695,12569,12356,123298577,7775763,424917,756,"",1.00,1.00,1.00,1.00,1.00,1.00,1.00,1.00,"",18,1.9,190,1.5,147,1.2,157,1.3,5264438,4.5,-1027510,-11.7,-98174,-18.8,22,3.0
"C2654","0","10","80","0","2017","4","",878,13760,13635,13535,132164435,10063396,174112,745,"",1.00,1.00,1.00,1.00,1.00,1.00,1.00,1.00,"",3,0.3,-479,-3.4,-597,-4.2,-541,-3.8,1371472,1.0,-857857,-7.9,-73445,-29.7,36,5.1
"C2658","0","10","40","0","2017","4","",8288,129927,129957,128978,1416193735,119610254,3544447,840,"",1.00,1.00,1.00,1.00,1.00,1.00,1.00,1.00,"",-45,-0.5,385,0.3,164,0.1,-173,-0.1,43381843,3.2,2357288,2.0,206194,6.2,25,3.1
"C2658","1","10","41","0","2017","4","",106,3247,3230,3242,62125051,0,0,1475,"",2.13,1.30,1.30,1.30,1.60,0.00,0.00,1.23,"",0,0.0,19,0.6,15,0.5,15,0.5,3689186,6.3,0,0.0,0,0.0,80,5.7
"C2658","2","10","41","0","2017","4","",143,5223,5201,5208,50376388,2088,40,744,"",2.46,1.25,1.25,1.27,1.09,0.00,0.01,0.87,"",4,2.9,-67,-1.3,-57,-1.1,-9,-0.2,-3823137,-7.1,-64976,-96.9,-1369,-97.2,-49,-6.2
"C2658","3","10","41","0","2017","4","",297,13628,13699,13614,129531141,923692,15439,730,"",2.11,1.06,1.06,1.07,1.06,0.39,0.83,1.00,"",-4,-1.3,-226,-1.6,-121,-0.9,-221,-1.6,10098,0.0,-332530,-26.5,-4830,-23.8,10,1.4
"C2658","5","10","41","0","2017","4","",7742,107829,107827,106914,1174161155,118684474,3528968,840,"",0.96,0.98,0.98,0.98,0.97,1.03,1.00,0.99,"",-45,-0.6,659,0.6,327,0.3,42,0.0,43505696,3.8,2754794,2.4,212393,6.4,29,3.6
"C2662","0","10","40","0","2017","4","",11169,220920,222230,222365,3233777839,155449432,2701702,1121,"",1.00,1.00,1.00,1.00,1.00,1.00,1.00,1.00,"",191,1.7,4143,1.9,4733,2.2,4813,2.2,164054590,5.3,3673528,2.4,-100761,-3.6,34,3.1
"C2662","1","10","41","0","2017","4","",93,19147,19164,19202,496450972,0,0,1992,"",1.39,4.50,4.51,4.48,5.59,0.00,0.00,1.24,"",1,1.1,-204,-1.1,-204,-1.1,-202,-1.0,-1928216,-0.4,0,0.0,0,0.0,13,0.7
"C2662","2","10","41","0","2017","4","",51,4967,4946,4948,67215799,0,0,1044,"",0.65,0.70,0.69,0.70,0.64,0.00,0.00,0.91,"",1,2.0,65,1.3,61,1.2,75,1.5,1668006,2.5,0,0.0,0,0.0,12,1.2
"C2662","3","10","41","0","2017","4","",244,24800,24969,25033,291738026,522602,10093,900,"",1.29,1.13,1.13,1.14,1.05,0.17,0.71,0.93,"",2,0.8,700,2.9,749,3.1,735,3.0,9121963,3.2,-101491,-16.3,-3636,-26.5,2,0.2
"C2662","5","10","41","0","2017","4","",10781,172006,173151,173182,2378373042,154926830,2691609,1059,"",1.00,0.92,0.92,0.92,0.86,1.03,1.00,0.94,"",187,1.8,3582,2.1,4127,2.4,4205,2.5,155192837,7.0,3775019,2.5,-97125,-3.5,46,4.5
"C2666","0","10","80","0","2017","4","",1323,26975,27043,26826,272873759,13787594,254736,779,"",1.00,1.00,1.00,1.00,1.00,1.00,1.00,1.00,"",32,2.5,-452,-1.6,-458,-1.7,-408,-1.5,4560345,1.7,1262517,10.1,65800,34.8,25,3.3
"C2670","0","10","80","0","2017","4","",670,8517,8553,8603,87408348,8842923,61549,786,"",1.00,1.00,1.00,1.00,1.00,1.00,1.00,1.00,"",-9,-1.3,24,0.3,52,0.6,79,0.9,975460,1.1,431949,5.1,-1376,-2.2,4,0.5
"C2674","0","10","80","0","2017","4","",1652,27013,26975,26929,262003493,62311391,378565,747,"",1.00,1.00,1.00,1.00,1.00,1.00,1.00,1.00,"",-44,-2.6,472,1.8,388,1.5,596,2.3,17196033,7.0,1124476,1.8,31308,9.0,36,5.1
"C2678","0","10","80","0","2017","4","",926,16373,16329,16276,197725653,37238349,423350,932,"",1.00,1.00,1.00,1.00,1.00,1.00,1.00,1.00,"",25,2.8,-207,-1.2,-233,-1.4,-197,-1.2,7206836,3.8,2757136,8.0,-14314,-3.3,46,5.2
"C2682","0","10","40","0","2017","4","",4728,65284,65298,64966,738253754,229328401,2444032,871,"",1.00,1.00,1.00,1.00,1.00,1.00,1.00,1.00,"",108,2.3,1391,2.2,1526,2.4,1502,2.4,55712267,8.2,-3308511,-1.4,-243641,-9.1,47,5.7
"C2682","1","10","41","0","2017","4","",47,870,850,850,15939570,0,0,1431,"",1.66,0.69,0.68,0.68,0.79,0.00,0.00,1.15,"",0,0.0,11,1.3,16,1.9,14,1.7,390697,2.5,0,0.0,0,0.0,12,0.8
"C2682","2","10","41","0","2017","4","",35,974,970,976,11222334,0,0,887,"",1.06,0.46,0.46,0.47,0.47,0.00,0.00,1.00,"",0,0.0,-11,-1.1,-9,-0.9,21,2.2,1566816,16.2,0,0.0,0,0.0,124,16.3
"C2682","3","10","41","0","2017","4","",132,6296,6351,6266,52371048,204198,3473,639,"",1.64,0.97,0.98,0.97,0.82,0.04,0.27,0.85,"",0,0.0,82,1.3,151,2.4,128,2.1,3119104,6.3,-927,-0.5,-510,-12.8,26,4.2
"C2682","5","10","41","0","2017","4","",4514,57144,57127,56874,658720802,229124203,2440559,888,"",0.98,1.03,1.03,1.03,1.04,1.03,1.01,1.01,"",108,2.5,1309,2.3,1368,2.5,1339,2.4,50635650,8.3,-3307584,-1.4,-243131,-9.1,48,5.7
"C2686","0","10","80","0","2017","4","",1956,30111,30312,30232,334571876,21765164,1264996,852,"",1.00,1.00,1.00,1.00,1.00,1.00,1.00,1.00,"",-49,-2.4,-136,-0.4,-61,-0.2,229,0.8,15577207,4.9,1182548,5.7,23612,1.9,40,4.9
"C2690","0","10","40","0","2017","4","",48200,1006846,1013996,1015796,13106112731,954531310,16763408,996,"",1.00,1.00,1.00,1.00,1.00,1.00,1.00,1.00,"",560,1.2,12462,1.3,12050,1.2,16178,1.6,529640725,4.2,38275688,4.2,-1958887,-10.5,27,2.8
"C2690","1","10","41","0","2017","4","",192,16529,16544,16719,322557902,0,0,1495,"",0.66,0.85,0.85,0.85,0.90,0.00,0.00,1.05,"",3,1.6,-253,-1.5,-177,-1.1,-367,-2.1,1715982,0.5,0,0.0,0,0.0,31,2.1
"C2690","2","10","41","0","2017","4","N",292,0,0,0,0,0,0,0,"N",0.86,0,0,0,0,0,0,0,"N",9,3.2,0,0,0,0,0,0,0,0,0,0,0,0,0,0
"C2690","3","10","41","0","2017","4","N",585,0,0,0,0,0,0,0,"N",0.71,0,0,0,0,0,0,0,"N",-2,-0.3,0,0,0,0,0,0,0,0,0,0,0,0,0,0
"C2690","5","10","41","0","2017","4","",47131,879765,885330,886484,11517269105,952838945,16744590,1002,"",1.01,1.03,1.03,1.03,1.03,1.03,1.01,1.00,"",550,1.2,10043,1.2,9748,1.1,13763,1.6,455749510,4.1,38107195,4.2,-1958099,-10.5,27,2.8
"C2694","0","10","80","0","2017","4","",549,8370,8307,8234,71047239,9875831,118575,658,"",1.00,1.00,1.00,1.00,1.00,1.00,1.00,1.00,"",-2,-0.4,-179,-2.1,-233,-2.7,-200,-2.4,109732,0.2,333611,3.5,-3744,-3.1,17,2.7
"C2696","0","10","80","0","2017","4","",997,20725,20877,21165,183423334,18975700,430983,674,"",1.00,1.00,1.00,1.00,1.00,1.00,1.00,1.00,"",65,7.0,444,2.2,201,1.0,388,1.9,12501840,7.3,234228,1.2,-40671,-8.6,35,5.5
"C2698","0","10","40","0","2017","4","",5024,94202,94369,93782,1160122648,184010455,2330294,948,"",1.00,1.00,1.00,1.00,1.00,1.00,1.00,1.00,"",80,1.6,1121,1.2,969,1.0,1256,1.4,37199949,3.3,4436707,2.5,14112,0.6,19,2.0
"C2698","1","10","41","0","2017","4","",30,2135,2170,2165,41436106,0,0,1478,"",1.00,1.18,1.20,1.20,1.30,0.00,0.00,1.09,"",-2,-6.2,22,1.0,47,2.2,30,1.4,2928742,7.6,0,0.0,0,0.0,83,5.9
"C2698","2","10","41","0","2017","4","N",46,0,0,0,0,0,0,0,"N",1.31,0,0,0,0,0,0,0,"N",0,0.0,0,0,0,0,0,0,0,0,0,0,0,0,0,0
"C2698","3","10","41","0","2017","4","N",92,0,0,0,0,0,0,0,"N",1.08,0,0,0,0,0,0,0,"N",0,0.0,0,0,0,0,0,0,0,0,0,0,0,0,0,0
"C2698","5","10","41","0","2017","4","",4856,63889,63840,63552,641652341,182721717,2327416,774,"",1.00,0.80,0.80,0.80,0.65,1.03,1.01,0.81,"",82,1.7,474,0.7,407,0.6,554,0.9,16280216,2.6,4218780,2.4,13210,0.6,14,1.8
"C2702","0","10","80","0","2017","4","",972,14973,14814,14891,174145435,10999505,455017,899,"",1.00,1.00,1.00,1.00,1.00,1.00,1.00,1.00,"",-26,-2.6,41,0.3,-100,-0.7,98,0.7,11255814,6.9,972973,9.7,62285,15.9,57,6.8
"C2706","0","10","40","0","2017","4","",2692,50181,50092,50139,657112440,28640327,736081,1008,"",1.00,1.00,1.00,1.00,1.00,1.00,1.00,1.00,"",4,0.1,-812,-1.6,-900,-1.8,-175,-0.3,8325429,1.3,369891,1.3,-99194,-11.9,25,2.5
"C2706","1","10","41","0","2017","4","",22,259,266,267,4113481,0,0,1199,"",1.36,0.27,0.28,0.28,0.23,0.00,0.00,0.83,"",0,0.0,-15,-5.5,-2,-0.7,-4,-1.5,-160937,-3.8,0,0.0,0,0.0,-14,-1.2
"C2706","2","10","41","0","2017","4","",28,627,615,586,10223679,0,0,1291,"",1.48,0.39,0.38,0.37,0.48,0.00,0.00,1.26,"",1,3.7,-3,-0.5,1,0.2,-5,-0.8,878760,9.4,0,0.0,0,0.0,116,9.9
"C2706","3","10","41","0","2017","4","",57,5398,5372,5483,64486025,34676,712,916,"",1.25,1.09,1.08,1.10,1.14,0.06,0.18,1.05,"",-2,-3.4,-151,-2.7,-159,-2.9,137,2.6,1880107,3.0,6392,22.6,97,15.8,36,4.1
"C2706","5","10","41","0","2017","4","",2585,43897,43839,43803,578289255,28605651,735369,1015,"",0.99,1.03,1.03,1.03,1.03,1.03,1.01,1.00,"",5,0.2,-643,-1.4,-740,-1.7,-303,-0.7,5727499,1.0,363499,1.3,-99291,-11.9,23,2.3
"C2710","0","10","40","0","2017","4","",2656,57319,57507,57117,715622027,43147866,1354730,960,"",1.00,1.00,1.00,1.00,1.00,1.00,1.00,1.00,"",-17,-0.6,-573,-1.0,-490,-0.8,-372,-0.6,16471207,2.4,614850,1.4,-91794,-6.3,29,3.1
"C2710","1","10","41","0","2017","4","",22,325,324,329,5258712,0,0,1241,"",1.38,0.29,0.29,0.30,0.27,0.00,0.00,0.90,"",0,0.0,5,1.6,-2,-0.6,-1,-0.3,159893,3.1,0,0.0,0,0.0,35,2.9
"C2710","2","10","41","0","2017","4","",28,2188,2211,2162,37325040,0,0,1313,"",1.50,1.19,1.20,1.19,1.60,0.00,0.00,1.34,"",0,0.0,-58,-2.6,-67,-2.9,-58,-2.6,471430,1.3,0,0.0,0,0.0,52,4.1
"C2710","3","10","41","0","2017","4","",74,5344,5390,5148,60035730,22631,344,872,"",1.64,0.94,0.94,0.91,0.98,0.03,0.05,1.05,"",-1,-1.3,-75,-1.4,-133,-2.4,-212,-4.0,-200225,-0.3,10225,82.4,54,18.6,19,2.2
"C2710","5","10","41","0","2017","4","",2532,49462,49582,49478,613002545,43125235,1354386,952,"",0.98,1.02,1.01,1.02,1.00,1.03,1.01,0.99,"",-16,-0.6,-445,-0.9,-288,-0.6,-101,-0.2,16040109,2.7,604625,1.4,-91848,-6.4,30,3.3
"C2714","0","10","40","0","2017","4","",14636,260259,261443,262604,2846163176,292653570,1824057,837,"",1.00,1.00,1.00,1.00,1.00,1.00,1.00,1.00,"",38,0.3,1412,0.5,1794,0.7,2307,0.9,44478138,1.6,-1045022,-0.4,-264131,-12.6,7,0.8
"C2714","1","10","41","0","2017","4","",135,6249,6239,6301,117673032,0,0,1445,"",1.54,1.25,1.25,1.25,1.50,0.00,0.00,1.21,"",0,0.0,-150,-2.3,-167,-2.6,-200,-3.1,777972,0.7,0,0.0,0,0.0,48,3.4
"C2714","2","10","41","0","2017","4","N",215,0,0,0,0,0,0,0,"N",2.10,0,0,0,0,0,0,0,"N",7,3.4,0,0,0,0,0,0,0,0,0,0,0,0,0,0
"C2714","3","10","41","0","2017","4","N",247,0,0,0,0,0,0,0,"N",0.99,0,0,0,0,0,0,0,"N",0,0.0,0,0,0,0,0,0,0,0,0,0,0,0,0,0
"C2714","5","10","41","0","2017","4","",14039,204966,206505,206984,2199408659,288978521,1804781,821,"",0.99,0.93,0.93,0.93,0.91,1.02,1.00,0.98,"",31,0.2,1263,0.6,1761,0.9,1919,0.9,42328076,2.0,-1844571,-0.6,-266917,-12.9,10,1.2
"C2716","0","10","80","0","2017","4","",721,10328,10367,10352,93573305,8094824,209663,696,"",1.00,1.00,1.00,1.00,1.00,1.00,1.00,1.00,"",13,1.8,97,0.9,104,1.0,241,2.4,2048878,2.2,1137656,16.4,72085,52.4,6,0.9
"C2718","0","10","40","0","2017","4","",3015,66385,66548,66567,751404147,51783698,694978,869,"",1.00,1.00,1.00,1.00,1.00,1.00,1.00,1.00,"",55,1.9,-141,-0.2,-116,-0.2,172,0.3,38470577,5.4,1883533,3.8,-22111,-3.1,45,5.5
"C2718","1","10","41","0","2017","4","",43,472,481,475,8896327,0,0,1438,"",2.38,0.37,0.38,0.37,0.43,0.00,0.00,1.16,"",-1,-2.3,-23,-4.6,-15,-3.0,-31,-6.1,-219408,-2.4,0,0.0,0,0.0,33,2.3
"C2718","2","10","41","0","2017","4","",47,1917,1930,1930,21190685,0,0,846,"",2.22,0.90,0.91,0.91,0.86,0.00,0.00,0.95,"",0,0.0,97,5.3,91,4.9,94,5.1,944426,4.7,0,0.0,0,0.0,-4,-0.5
"C2718","3","10","41","0","2017","4","",53,11593,11568,11561,135925442,590976,11124,903,"",1.03,1.76,1.75,1.75,2.10,0.58,3.04,1.20,"",13,32.5,-3,0.0,64,0.6,113,1.0,7732559,6.0,73696,14.2,-118,-1.0,47,5.5
"C2718","5","10","41","0","2017","4","",2872,52403,52569,52601,585391693,51192722,683854,857,"",0.98,0.93,0.93,0.93,0.91,1.02,0.99,0.98,"",43,1.5,-212,-0.4,-256,-0.5,-4,0.0,30013000,5.4,1809837,3.7,-21993,-3.1,46,5.7
"C2722","0","10","80","0","2017","4","",2919,23853,20485,22560,270298640,67956089,1033627,932,"",1.00,1.00,1.00,1.00,1.00,1.00,1.00,1.00,"",125,4.5,656,2.8,646,3.3,398,1.8,19608928,7.8,3187003,4.9,-55106,-5.1,45,5.1
"C2726","0","10","40","0","2017","4","",43617,666093,673976,675312,8518819250,513706205,6351979,975,"",1.00,1.00,1.00,1.00,1.00,1.00,1.00,1.00,"",837,2.0,23167,3.6,23471,3.6,23677,3.6,548314711,6.9,34301521,7.2,-1500660,-19.1,29,3.1
"C2726","1","10","41","0","2017","4","",144,17581,17706,17872,322439748,0,0,1400,"",0.55,1.37,1.37,1.37,1.38,0.00,0.00,1.00,"",1,0.7,59,0.3,242,1.4,-119,-0.7,9119029,2.9,0,0.0,0,0.0,35,2.6
"C2726","2","10","41","0","2017","4","",165,15292,15418,15497,176803231,0,0,883,"",0.54,0.72,0.71,0.72,0.64,0.00,0.00,0.89,"",-10,-5.7,2884,23.2,2930,23.5,2999,24.0,54012935,44.0,-68304,-100.0,-1844,-100.0,125,16.5
"C2726","3","10","41","0","2017","4","",151,43632,44176,43848,525146951,523582,1049,920,"",0.20,0.66,0.66,0.66,0.72,0.05,0.03,1.09,"",-1,-0.7,-2096,-4.6,-1973,-4.3,-2258,-4.9,-24579499,-4.5,13049,2.6,-1168,-52.7,1,0.1
"C2726","5","10","41","0","2017","4","",43157,589588,596676,598095,7494429320,513182623,6350930,969,"",1.02,1.04,1.04,1.04,1.03,1.03,1.01,0.99,"",847,2.0,22320,3.9,22272,3.9,23055,4.0,509762246,7.3,34356776,7.2,-1497648,-19.1,30,3.2
"C2730","0","10","80","0","2017","4","",859,15083,15136,15095,148412250,12573749,289366,756,"",1.00,1.00,1.00,1.00,1.00,1.00,1.00,1.00,"",-49,-5.4,-387,-2.5,-435,-2.8,-395,-2.6,-5786134,-3.8,-377725,-2.9,-43550,-13.1,-9,-1.2
"C2734","0","10","40","0","2017","4","",3115,49067,49597,49400,440908944,92563140,800398,687,"",1.00,1.00,1.00,1.00,1.00,1.00,1.00,1.00,"",56,1.8,1382,2.9,1684,3.5,1513,3.2,17573551,4.2,5096529,5.8,-381242,-32.3,6,0.9
"C2734","1","10","41","0","2017","4","",27,6332,6301,6269,86919514,0,0,1061,"",1.45,6.70,6.64,6.59,7.17,0.00,0.00,1.08,"",0,0.0,-166,-2.6,-145,-2.2,-143,-2.2,-398648,-0.5,0,0.0,0,0.0,20,1.9
"C2734","2","10","41","0","2017","4","",17,1061,1089,1064,8996825,0,0,646,"",0.78,0.67,0.69,0.68,0.63,0.00,0.00,0.92,"",0,0.0,1,0.1,10,0.9,2,0.2,-371068,-4.0,0,0.0,0,0.0,-29,-4.3
"C2734","3","10","41","0","2017","4","",119,7119,7226,7176,80344216,0,0,862,"",2.25,1.46,1.47,1.47,2.12,0.00,0.00,1.45,"",3,2.6,200,2.9,283,4.1,176,2.5,2758860,3.6,0,0.0,0,0.0,4,0.5
"C2734","5","10","41","0","2017","4","",2952,34555,34981,34891,264648389,92563140,800398,585,"",0.98,0.83,0.83,0.83,0.70,1.03,1.01,0.85,"",53,1.8,1347,4.1,1536,4.6,1478,4.4,15584407,6.3,5096529,5.8,-381242,-32.3,11,1.9
"C2738","0","10","80","0","2017","4","",826,14348,14503,14600,131313721,10818184,203614,697,"",1.00,1.00,1.00,1.00,1.00,1.00,1.00,1.00,"",14,1.7,-358,-2.4,-294,-2.0,-156,-1.1,1065821,0.8,-257310,-2.3,20785,11.4,18,2.7
"C2742","0","10","80","0","2017","4","",847,11337,11316,11283,122542270,26870268,302477,833,"",1.00,1.00,1.00,1.00,1.00,1.00,1.00,1.00,"",-26,-3.0,-318,-2.7,-261,-2.3,-177,-1.5,-236881,-0.2,-4201747,-13.5,40152,15.3,16,2.0
"C2746","0","10","80","0","2017","4","",3189,49666,49155,49115,495509592,36345921,1087418,773,"",1.00,1.00,1.00,1.00,1.00,1.00,1.00,1.00,"",8,0.3,397,0.8,358,0.7,164,0.3,28913123,6.2,2492083,7.4,-35438,-3.2,41,5.6
"C2750","0","10","40","0","2017","4","",3453,66642,66888,66524,764782221,75071102,1610689,882,"",1.00,1.00,1.00,1.00,1.00,1.00,1.00,1.00,"",150,4.5,1166,1.8,1215,1.9,1214,1.9,40736507,5.6,5700204,8.2,-223589,-12.2,32,3.8
"C2750","1","10","41","0","2017","4","",17,290,286,286,4413501,0,0,1182,"",0.82,0.23,0.22,0.22,0.21,0.00,0.00,0.94,"",0,0.0,3,1.0,-5,-1.7,1,0.4,-102699,-2.3,0,0.0,0,0.0,-26,-2.2
"C2750","2","10","41","0","2017","4","",9,316,320,314,3098964,0,0,753,"",0.37,0.15,0.15,0.15,0.12,0.00,0.00,0.84,"",0,0.0,-19,-5.7,-20,-5.9,-20,-6.0,-126989,-3.9,0,0.0,0,0.0,15,2.0
"C2750","3","10","41","0","2017","4","",117,7799,7792,7704,88327458,13849,389,875,"",1.99,1.18,1.17,1.17,1.34,0.01,0.05,1.14,"",-3,-2.5,-1,0.0,-278,-3.4,2,0.0,1388075,1.6,-39460,-74.0,-860,-68.9,24,2.8
"C2750","5","10","41","0","2017","4","",3310,58237,58490,58220,668942298,75057253,1610300,882,"",0.99,1.03,1.03,1.03,1.02,1.03,1.01,0.99,"",153,4.8,1183,2.1,1518,2.7,1231,2.2,39578120,6.3,5739664,8.3,-222729,-12.2,33,3.9
"C2754","0","10","80","0","2017","4","",1470,31942,31848,32318,357173438,22110650,315221,858,"",1.00,1.00,1.00,1.00,1.00,1.00,1.00,1.00,"",-1,-0.1,-102,-0.3,-197,-0.6,-129,-0.4,19929843,5.9,-307893,-1.4,-52693,-14.3,52,6.5
"C2758","0","10","80","0","2017","4","",171,2819,2877,2925,19121990,725298,22000,512,"",1.00,1.00,1.00,1.00,1.00,1.00,1.00,1.00,"",-1,-0.6,-91,-3.1,-20,-0.7,10,0.3,-504112,-2.6,-218370,-23.1,-5862,-21.0,-7,-1.3
"C2760","0","10","80","0","2017","4","",1409,27124,28306,28043,273406430,38085220,671335,756,"",1.00,1.00,1.00,1.00,1.00,1.00,1.00,1.00,"",-78,-5.2,1265,4.9,1852,7.0,1780,6.8,13755147,5.3,1330788,3.6,-18822,-2.7,-7,-0.9
"C2762","0","10","40","0","2017","4","",3999,76132,75983,75841,796316667,68170626,998609,806,"",1.00,1.00,1.00,1.00,1.00,1.00,1.00,1.00,"",121,3.1,82,0.1,-75,-0.1,83,0.1,30381813,4.0,1667290,2.5,-270023,-21.3,30,3.9
"C2762","1","10","41","0","2017","4","",65,809,792,783,12885390,0,0,1247,"",2.71,0.55,0.54,0.54,0.59,0.00,0.00,1.08,"",0,0.0,0,0.0,-9,-1.1,-29,-3.6,455663,3.7,0,0.0,0,0.0,63,5.3
"C2762","2","10","41","0","2017","4","N",95,0,0,0,0,0,0,0,"N",3.39,0,0,0,0,0,0,0,"N",-3,-3.1,0,0,0,0,0,0,0,0,0,0,0,0,0,0
"C2762","3","10","41","0","2017","4","N",167,0,0,0,0,0,0,0,"N",2.46,0,0,0,0,0,0,0,"N",-2,-1.2,0,0,0,0,0,0,0,0,0,0,0,0,0,0
"C2762","5","10","41","0","2017","4","",3672,51285,51245,51141,546410960,67571357,995430,821,"",0.95,0.79,0.79,0.79,0.80,1.02,1.00,1.01,"",126,3.6,350,0.7,330,0.6,358,0.7,23641954,4.5,1618828,2.5,-269555,-21.3,31,3.9
"C2770","0","10","80","0","2017","4","",559,7847,7930,7909,77857390,6006448,96679,759,"",1.00,1.00,1.00,1.00,1.00,1.00,1.00,1.00,"",-46,-7.6,88,1.1,56,0.7,115,1.5,1878546,2.5,-414905,-6.5,-23221,-19.4,11,1.5
"C2774","0","10","40","0","2017","4","",3923,78175,78359,78518,839464010,51290318,592937,824,"",1.00,1.00,1.00,1.00,1.00,1.00,1.00,1.00,"",87,2.3,1053,1.4,1085,1.4,1214,1.6,48067231,6.1,1555081,3.1,37674,6.8,36,4.6
"C2774","1","10","41","0","2017","4","",41,2908,2881,2929,55578724,0,0,1471,"",1.74,1.93,1.92,1.94,2.41,0.00,0.00,1.25,"",1,2.5,85,3.0,68,2.4,79,2.8,2579544,4.9,0,0.0,0,0.0,30,2.1
"C2774","2","10","41","0","2017","4","",50,4607,4638,4573,54758163,0,0,914,"",1.82,1.84,1.85,1.83,2.00,0.00,0.00,1.09,"",-1,-2.0,360,8.5,392,9.2,368,8.8,5940236,12.2,0,0.0,0,0.0,27,3.0
"C2774","3","10","41","0","2017","4","",40,7899,7897,7971,72156797,492431,4007,701,"",0.60,1.02,1.01,1.03,1.00,0.48,1.28,0.98,"",0,0.0,-191,-2.4,-156,-1.9,-216,-2.6,245681,0.3,-31824,-6.1,-721,-15.2,19,2.8
"C2774","5","10","41","0","2017","4","",3792,62761,62943,63045,656970326,50797887,588930,803,"",1.00,0.94,0.95,0.94,0.92,1.02,1.00,0.97,"",87,2.3,799,1.3,781,1.3,983,1.6,39301770,6.4,1586905,3.2,38395,7.0,37,4.8
"C2778","0","10","40","0","2017","4","",3486,51574,51752,51626,509847009,36580101,2024340,759,"",1.00,1.00,1.00,1.00,1.00,1.00,1.00,1.00,"",-53,-1.5,-1285,-2.4,-899,-1.7,-939,-1.8,5609425,1.1,729247,2.0,41921,2.1,23,3.1
"C2778","1","10","41","0","2017","4","",69,992,991,992,16047354,0,0,1245,"",3.30,1.00,1.00,1.00,1.15,0.00,0.00,1.15,"",1,1.5,-32,-3.1,-39,-3.8,-52,-5.0,1761521,12.3,0,0.0,0,0.0,181,17.0
"C2778","2","10","41","0","2017","4","",27,1548,1589,1570,18322690,0,0,898,"",1.11,0.94,0.96,0.95,1.10,0.00,0.00,1.16,"",0,0.0,-86,-5.3,-75,-4.5,-86,-5.2,-270900,-1.5,0,0.0,0,0.0,32,3.7
"C2778","3","10","41","0","2017","4","",206,4964,5026,5021,47096330,407400,17853,724,"",3.48,0.97,0.98,0.98,1.07,0.56,1.68,1.10,"",-9,-4.2,-101,-2.0,-39,-0.8,-17,-0.3,-250444,-0.5,36473,9.8,619,3.6,4,0.6
"C2778","5","10","41","0","2017","4","",3184,44070,44146,44043,428380635,36172701,2006487,747,"",0.94,1.01,1.00,1.00,0.98,1.02,1.00,0.98,"",-45,-1.4,-1066,-2.4,-746,-1.7,-784,-1.7,4369248,1.0,692774,2.0,41302,2.1,21,2.9
"C2786","0","10","40","0","2017","4","",3384,56549,56925,56660,554004756,64414351,1222907,751,"",1.00,1.00,1.00,1.00,1.00,1.00,1.00,1.00,"",33,1.0,1488,2.7,1701,3.1,1538,2.8,26840734,5.1,4568612,7.6,-101196,-7.6,16,2.2
"C2786","1","10","41","0","2017","4","",40,379,386,380,5736999,0,0,1156,"",1.97,0.35,0.35,0.35,0.38,0.00,0.00,1.08,"",0,0.0,-3,-0.8,3,0.8,-15,-3.8,-146668,-2.5,0,0.0,0,0.0,-14,-1.2
"C2786","2","10","41","0","2017","4","",33,3276,3264,3265,35331676,0,0,832,"",1.39,1.80,1.79,1.81,1.95,0.00,0.00,1.09,"",1,3.1,128,4.1,113,3.6,116,3.7,2865300,8.8,0,0.0,0,0.0,39,4.9
"C2786","3","10","41","0","2017","4","",65,5229,5238,5204,47791197,564302,5390,704,"",1.13,0.93,0.93,0.93,1.00,0.44,0.84,1.08,"",0,0.0,180,3.6,153,3.0,144,2.8,1257623,2.7,-51754,-8.4,-1052,-16.3,-3,-0.4
"C2786","5","10","41","0","2017","4","",3246,47665,48037,47811,465144884,63850049,1217517,748,"",0.99,0.99,0.99,0.99,0.98,1.02,1.00,0.99,"",32,1.0,1183,2.5,1432,3.1,1293,2.8,22864479,5.2,4620366,7.8,-100144,-7.6,17,2.3
"C2790","0","10","40","0","2017","4","",4772,78012,78621,78787,778389597,90204353,1030473,763,"",1.00,1.00,1.00,1.00,1.00,1.00,1.00,1.00,"",159,3.4,949,1.2,1002,1.3,867,1.1,35139824,4.7,5377354,6.3,-200245,-16.3,26,3.5
"C2790","1","10","41","0","2017","4","",45,413,425,435,6046604,0,0,1096,"",1.57,0.28,0.28,0.29,0.28,0.00,0.00,1.00,"",-1,-2.2,-10,-2.4,1,0.2,3,0.7,67830,1.1,0,0.0,0,0.0,17,1.6
"C2790","2","10","41","0","2017","4","",28,1342,1339,1339,13023677,0,0,748,"",0.84,0.54,0.53,0.53,0.51,0.00,0.00,0.96,"",0,0.0,-16,-1.2,-19,-1.4,-15,-1.1,514039,4.1,0,0.0,0,0.0,39,5.5
"C2790","3","10","41","0","2017","4","",179,7835,7821,7777,62110814,589110,3358,612,"",2.21,1.01,1.00,1.00,0.93,0.33,0.62,0.92,"",0,0.0,231,3.0,-3,0.0,-10,-0.1,379385,0.6,12843,2.2,-1952,-36.8,-2,-0.3
"C2790","5","10","41","0","2017","4","",4520,68422,69036,69236,697208502,89615243,1027115,778,"",0.98,1.03,1.03,1.03,1.05,1.03,1.00,1.01,"",160,3.7,744,1.1,1023,1.5,889,1.3,34178570,5.2,5364511,6.4,-198293,-16.2,28,3.7
"C2792","0","10","80","0","2017","4","",693,13098,13111,13181,127475525,34844226,269070,747,"",1.00,1.00,1.00,1.00,1.00,1.00,1.00,1.00,"",-23,-3.2,-733,-5.3,-617,-4.5,-447,-3.3,-3121019,-2.4,-1717608,-4.7,39752,17.3,15,2.0
"C2794","0","10","80","0","2017","4","",1127,16986,16423,16202,212820796,43661320,758336,990,"",1.00,1.00,1.00,1.00,1.00,1.00,1.00,1.00,"",3,0.3,-96,-0.6,70,0.4,29,0.2,1544888,0.7,589410,1.4,-57990,-7.1,7,0.7
"C2798","0","10","40","0","2017","4","",6220,76973,77524,78573,870768622,350909330,3612020,862,"",1.00,1.00,1.00,1.00,1.00,1.00,1.00,1.00,"",99,1.6,1551,2.1,1457,1.9,1695,2.2,27710755,3.3,22158911,6.7,436582,13.7,10,1.2
"C2798","1","10","41","0","2017","4","",44,863,871,869,13783716,0,0,1222,"",1.18,0.58,0.59,0.57,0.58,0.00,0.00,0.99,"",-2,-4.3,32,3.9,16,1.9,2,0.2,466192,3.5,0,0.0,0,0.0,18,1.5
"C2798","2","10","41","0","2017","4","",477,4728,4743,4794,65431524,0,0,1059,"",10.94,1.91,1.91,1.91,2.30,0.00,0.00,1.20,"",-4,-0.8,-1432,-23.2,-1426,-23.1,-1402,-22.6,-25887321,-28.3,0,0.0,0,0.0,-79,-6.9
"C2798","3","10","41","0","2017","4","",179,2625,2600,2635,44830969,0,0,1316,"",1.69,0.34,0.34,0.34,0.60,0.00,0.00,1.76,"",6,3.5,7,0.3,-32,-1.2,-25,-0.9,1516794,3.5,0,0.0,0,0.0,52,4.1
"C2798","5","10","41","0","2017","4","",5520,68757,69310,70275,746722413,350909330,3612020,827,"",0.91,1.05,1.05,1.05,1.00,1.03,1.01,0.95,"",99,1.8,2944,4.5,2899,4.4,3120,4.6,51615090,7.4,22158911,6.7,436582,13.7,22,2.7
"C2802","0","10","40","0","2017","4","",6380,141035,140630,139750,1788464697,107570642,2862477,979,"",1.00,1.00,1.00,1.00,1.00,1.00,1.00,1.00,"",46,0.7,366,0.3,60,0.0,880,0.6,36159301,2.1,1685169,1.6,-532940,-15.7,16,1.7
"C2802","1","10","41","0","2017","4","",49,823,816,825,12868099,0,0,1205,"",1.28,0.30,0.30,0.31,0.26,0.00,0.00,0.86,"",-1,-2.0,27,3.4,4,0.5,2,0.2,-96359,-0.7,0,0.0,0,0.0,-26,-2.1
"C2802","2","10","41","0","2017","4","",33,4432,4472,4539,90281148,0,0,1550,"",0.74,0.98,0.99,1.02,1.55,0.00,0.00,1.55,"",0,0.0,-100,-2.2,-135,-2.9,-50,-1.1,265712,0.3,0,0.0,0,0.0,37,2.4
"C2802","3","10","41","0","2017","4","",146,12451,12639,12435,145890626,46797,1146,897,"",1.35,0.89,0.91,0.90,0.95,0.02,0.08,1.06,"",0,0.0,17,0.1,-202,-1.6,12,0.1,2334729,1.6,-1012,-2.1,59,5.4,18,2.0
"C2802","5","10","41","0","2017","4","",6152,123329,122703,121951,1539424824,107523845,2861331,965,"",0.99,1.03,1.03,1.03,1.01,1.03,1.01,0.98,"",47,0.8,422,0.3,393,0.3,916,0.8,33655219,2.2,1686181,1.6,-532999,-15.7,16,1.7
"C2806","0","10","80","0","2017","4","",4951,43240,42508,43126,472304596,153426434,2079476,846,"",1.00,1.00,1.00,1.00,1.00,1.00,1.00,1.00,"",353,7.7,936,2.2,820,2.0,852,2.0,30647024,6.9,2332197,1.5,-5055,-0.2,39,4.8
"C2810","0","10","40","0","2017","4","",2278,45004,44903,44624,473030203,46627325,1269780,811,"",1.00,1.00,1.00,1.00,1.00,1.00,1.00,1.00,"",-154,-6.3,1222,2.8,302,0.7,699,1.6,14585754,3.2,3640773,8.5,66234,5.5,11,1.4
"C2810","1","10","41","0","2017","4","",23,228,230,232,3551072,0,0,1188,"",1.68,0.26,0.27,0.27,0.27,0.00,0.00,1.02,"",-2,-8.0,-6,-2.6,0,0.0,-3,-1.3,22641,0.6,0,0.0,0,0.0,23,2.0
"C2810","2","10","41","0","2017","4","N",2,0,0,0,0,0,0,0,"N",0.13,0,0,0,0,0,0,0,"N",0,0.0,0,0,0,0,0,0,0,0,0,0,0,0,0,0
"C2810","3","10","41","0","2017","4","N",93,0,0,0,0,0,0,0,"N",2.40,0,0,0,0,0,0,0,"N",3,3.3,0,0,0,0,0,0,0,0,0,0,0,0,0,0
"C2810","5","10","41","0","2017","4","",2160,38393,38276,37961,401159637,45636108,1241885,808,"",0.98,1.00,1.00,1.00,0.99,1.01,0.98,0.99,"",-155,-6.7,1225,3.3,317,0.8,773,2.1,13392883,3.5,3581517,8.5,64528,5.5,11,1.4
"C2814","0","10","40","0","2017","4","",64712,1043752,1046868,1047195,14116108597,1838626588,20940036,1038,"",1.00,1.00,1.00,1.00,1.00,1.00,1.00,1.00,"",1078,1.7,11371,1.1,13786,1.3,14028,1.4,499947062,3.7,-5684712,-0.3,-2716907,-11.5,24,2.4
"C2814","1","10","41","0","2017","4","",363,25966,26210,26098,491690013,0,0,1450,"",0.94,1.29,1.31,1.29,1.27,0.00,0.00,0.98,"",-5,-1.4,-286,-1.1,-278,-1.0,-636,-2.4,11890294,2.5,0,0.0,0,0.0,57,4.1
"C2814","2","10","41","0","2017","4","",217,15223,15303,15209,244178961,0,0,1232,"",0.48,0.45,0.46,0.46,0.53,0.00,0.00,1.16,"",4,1.9,-346,-2.2,-221,-1.4,-151,-1.0,13199294,5.7,0,0.0,0,0.0,85,7.4
"C2814","3","10","41","0","2017","4","",1245,106196,105981,105712,1149890049,445813534,545814,835,"",1.13,1.03,1.02,1.02,0.95,12.25,4.95,0.93,"",-2,-0.2,418,0.4,897,0.9,735,0.7,38293879,3.4,21030314,5.0,-43644,-7.4,23,2.8
"C2814","5","10","41","0","2017","4","",62887,896367,899374,900176,12230349574,1392813054,20394222,1047,"",1.00,1.01,1.01,1.01,1.01,0.78,0.98,1.00,"",1081,1.7,11585,1.3,13388,1.5,14080,1.6,436563595,3.7,-26715026,-1.9,-2673263,-11.6,23,2.2
"C2818","0","10","80","0","2017","4","",2709,31988,32196,32531,370150765,142374886,1608582,883,"",1.00,1.00,1.00,1.00,1.00,1.00,1.00,1.00,"",60,2.3,944,3.0,1138,3.7,1267,4.1,24624248,7.1,12413525,9.6,252287,18.6,29,3.4
"C2826","0","10","80","0","2017","4","",2163,29616,29546,29610,298930227,22944819,197210,777,"",1.00,1.00,1.00,1.00,1.00,1.00,1.00,1.00,"",38,1.8,-75,-0.3,114,0.4,286,1.0,5860581,2.0,877843,4.0,-35465,-15.2,12,1.6
"C2830","0","10","80","0","2017","4","",2141,32032,31930,31995,384112263,30233385,229794,924,"",1.00,1.00,1.00,1.00,1.00,1.00,1.00,1.00,"",-5,-0.2,-340,-1.1,-514,-1.6,-305,-0.9,16215693,4.4,479094,1.6,4310,1.9,50,5.7
"C2834","0","10","80","0","2017","4","",866,18113,18265,18473,183928734,15984851,402817,774,"",1.00,1.00,1.00,1.00,1.00,1.00,1.00,1.00,"",20,2.4,75,0.4,215,1.2,292,1.6,10939594,6.3,1881989,13.3,20947,5.5,38,5.2
"C2838","0","10","80","0","2017","4","",1675,9612,9592,9574,66403647,12784807,223730,532,"",1.00,1.00,1.00,1.00,1.00,1.00,1.00,1.00,"",109,7.0,-255,-2.6,-284,-2.9,-29,-0.3,1731107,2.7,438458,3.6,-43663,-16.3,23,4.5
"C2842","0","10","40","0","2017","4","",8430,123051,120046,117617,1543123818,476249977,6502813,987,"",1.00,1.00,1.00,1.00,1.00,1.00,1.00,1.00,"",-7,-0.1,2727,2.3,2713,2.3,3154,2.8,94423566,6.5,29393269,6.6,-990641,-13.2,38,4.0
"C2842","1","10","41","0","2017","4","",47,1241,1240,1255,26070459,0,0,1610,"",0.93,0.52,0.54,0.55,0.61,0.00,0.00,1.14,"",-1,-2.1,10,0.8,0,0.0,11,0.9,-798316,-3.0,0,0.0,0,0.0,-59,-3.5
"C2842","2","10","41","0","2017","4","",52,2951,2956,2753,37765979,0,0,1006,"",0.88,0.75,0.77,0.73,0.75,0.00,0.00,1.00,"",1,2.0,-27,-0.9,-111,-3.6,-20,-0.7,1681004,4.7,0,0.0,0,0.0,62,6.6
"C2842","3","10","41","0","2017","4","",111,15657,15683,15657,223918232,3161421,24947,1100,"",0.77,1.28,1.32,1.35,1.69,0.34,0.73,1.28,"",-6,-5.1,391,2.6,279,1.8,253,1.6,12347559,5.8,-368176,-10.4,-12299,-33.0,40,3.8
"C2842","5","10","41","0","2017","4","",8220,103202,100167,97952,1255369148,473088556,6477866,961,"",1.01,0.99,0.98,0.98,0.95,1.03,1.00,0.97,"",-1,0.0,2353,2.3,2545,2.6,2910,3.1,81193319,6.9,29761445,6.7,-978342,-13.1,38,4.1
"C2850","0","10","80","0","2017","4","",1478,17743,18114,18102,194209965,14177514,220014,831,"",1.00,1.00,1.00,1.00,1.00,1.00,1.00,1.00,"",4,0.3,70,0.4,319,1.8,315,1.8,4388731,2.3,-35563,-0.3,10489,5.0,8,1.0
"C2854","0","10","80","0","2017","4","",605,7096,6582,6469,82226154,24188515,434515,942,"",1.00,1.00,1.00,1.00,1.00,1.00,1.00,1.00,"",13,2.2,148,2.1,94,1.4,-55,-0.8,2872581,3.6,510138,2.2,-45414,-9.5,25,2.7
"C2858","0","10","80","0","2017","4","",4494,37846,39090,40417,428203291,30960300,299657,842,"",1.00,1.00,1.00,1.00,1.00,1.00,1.00,1.00,"",-9,-0.2,-3303,-8.0,-3055,-7.2,-2125,-5.0,4830748,1.1,-2193559,-6.6,-87311,-22.6,66,8.5
"C2862","0","10","80","0","2017","4","",2028,20493,19054,17703,168590950,41319503,802514,680,"",1.00,1.00,1.00,1.00,1.00,1.00,1.00,1.00,"",37,1.9,185,0.9,193,1.0,170,1.0,5422597,3.3,1889602,4.8,-145064,-15.3,16,2.4
"C2866","0","10","40","0","2017","4","",7185,140451,141686,141764,1666050834,105718185,2141280,907,"",1.00,1.00,1.00,1.00,1.00,1.00,1.00,1.00,"",290,4.2,2181,1.6,2347,1.7,2148,1.5,108123922,6.9,1839074,1.8,58643,2.8,45,5.2
"C2866","1","10","41","0","2017","4","",71,10655,10732,10770,175296783,0,0,1258,"",1.65,3.94,3.96,3.94,3.83,0.00,0.00,0.97,"",-1,-1.4,78,0.7,106,1.0,26,0.2,7012066,4.2,0,0.0,0,0.0,42,3.5
"C2866","2","10","41","0","2017","4","",72,4258,4246,4228,47039927,0,0,853,"",1.43,0.94,0.94,0.94,0.86,0.00,0.00,0.92,"",-8,-10.0,-200,-4.5,-225,-5.0,-218,-4.9,-1875008,-3.8,0,0.0,0,0.0,9,1.1
"C2866","3","10","41","0","2017","4","",176,22845,22972,23047,229361187,2188255,2177,769,"",1.44,1.64,1.63,1.64,1.60,1.05,0.19,0.98,"",-1,-0.6,-185,-0.8,-159,-0.7,7,0.0,6709536,3.0,-201390,-8.4,-43214,-95.2,27,3.6
"C2866","5","10","41","0","2017","4","",6866,102693,103736,103719,1214352937,103529930,2139103,904,"",0.99,0.86,0.86,0.86,0.85,1.01,1.01,0.99,"",300,4.6,2488,2.5,2625,2.6,2333,2.3,96277328,8.6,2040464,2.0,101857,5.0,52,6.1
"C2870","0","10","40","0","2017","4","",6764,115579,116368,116706,1312719112,80014745,1027612,869,"",1.00,1.00,1.00,1.00,1.00,1.00,1.00,1.00,"",136,2.1,-482,-0.4,-237,-0.2,-223,-0.2,51636052,4.1,5428331,7.3,-60632,-5.6,37,4.4
"C2870","1","10","41","0","2017","4","",63,877,881,866,15547435,0,0,1367,"",1.55,0.39,0.40,0.39,0.43,0.00,0.00,1.10,"",3,5.0,11,1.3,11,1.3,-21,-2.4,893002,6.1,0,0.0,0,0.0,78,6.1
"C2870","2","10","41","0","2017","4","",90,2322,2322,2325,23883620,0,0,791,"",1.90,0.63,0.62,0.62,0.56,0.00,0.00,0.89,"",7,8.4,-104,-4.3,-109,-4.5,-114,-4.7,-668315,-2.7,0,0.0,0,0.0,14,1.8
"C2870","3","10","41","0","2017","4","",125,13019,13082,13111,119037629,1935592,18175,701,"",1.09,1.14,1.13,1.14,1.05,1.22,3.36,0.93,"",7,5.9,40,0.3,7,0.1,-4,0.0,3678863,3.2,-7101,-0.4,-2630,-12.6,21,3.1
"C2870","5","10","41","0","2017","4","",6486,99361,100083,100404,1154250428,78079153,1009437,888,"",0.99,1.01,1.01,1.01,1.03,1.01,0.99,1.02,"",119,1.9,-429,-0.4,-146,-0.1,-84,-0.1,47732502,4.3,5435432,7.5,-58002,-5.4,38,4.5
"C2874","0","10","40","0","2017","4","",5261,62654,61599,60881,688558255,54414079,1510889,858,"",1.00,1.00,1.00,1.00,1.00,1.00,1.00,1.00,"",47,0.9,526,0.8,534,0.9,148,0.2,31601419,4.8,3394171,6.7,-149625,-9.0,34,4.1
"C2874","1","10","41","0","2017","4","",62,421,425,422,7062317,0,0,1285,"",1.96,0.35,0.36,0.36,0.37,0.00,0.00,1.05,"",-1,-1.6,-43,-9.3,-35,-7.6,-30,-6.6,-287466,-3.9,0,0.0,0,0.0,52,4.2
"C2874","2","10","41","0","2017","4","",64,4096,4071,4051,65170509,0,0,1231,"",1.74,2.04,2.06,2.09,2.90,0.00,0.00,1.41,"",1,1.6,-28,-0.7,-68,-1.6,-52,-1.3,3730085,6.1,0,0.0,0,0.0,84,7.3
"C2874","3","10","41","0","2017","4","",91,8757,8803,8784,121350048,228144,3959,1063,"",1.02,1.41,1.44,1.46,2.05,0.21,0.50,1.43,"",-1,-1.1,-35,-0.4,15,0.2,-23,-0.3,344105,0.3,35215,18.3,-208,-5.0,5,0.5
"C2874","5","10","41","0","2017","4","",5044,49380,48300,47624,494975381,54185935,1506930,786,"",0.99,0.93,0.92,0.92,0.84,1.03,1.00,0.91,"",48,1.0,632,1.3,622,1.3,253,0.5,27814695,6.0,3358956,6.6,-149417,-9.0,36,4.8
"C2878","0","10","80","0","2017","4","",672,12327,12423,12477,125819982,7581740,193310,780,"",1.00,1.00,1.00,1.00,1.00,1.00,1.00,1.00,"",-4,-0.6,-506,-3.9,-469,-3.6,-191,-1.5,6021792,5.0,-123430,-1.6,21185,12.3,60,8.3
"C2882","0","10","80","0","2017","4","",1335,28447,28467,28651,278943346,58390143,713059,752,"",1.00,1.00,1.00,1.00,1.00,1.00,1.00,1.00,"",-3,-0.2,1105,4.0,606,2.2,528,1.9,17517677,6.7,3755746,6.9,-287980,-28.8,28,3.9
"C2886","0","10","80","0","2017","4","",938,11217,11292,11192,90624769,10547330,131558,621,"",1.00,1.00,1.00,1.00,1.00,1.00,1.00,1.00,"",141,17.7,767,7.3,776,7.4,734,7.0,7142978,8.6,1487960,16.4,-22146,-14.4,8,1.3
"C2890","0","10","80","0","2017","4","",2070,23998,23319,22998,233572608,87480848,2117895,767,"",1.00,1.00,1.00,1.00,1.00,1.00,1.00,1.00,"",56,2.8,365,1.5,220,1.0,180,0.8,12319407,5.6,5881109,7.2,110222,5.5,33,4.5
"C2894","0","10","40","0","2017","4","",19432,377928,381064,380793,4885684918,285219481,3535508,989,"",1.00,1.00,1.00,1.00,1.00,1.00,1.00,1.00,"",406,2.1,427,0.1,1532,0.4,2087,0.6,156340473,3.3,-689346,-0.2,-140628,-3.8,28,2.9
"C2894","1","10","41","0","2017","4","",139,5350,5352,5413,135875739,0,0,1946,"",1.19,0.74,0.73,0.74,1.01,0.00,0.00,1.38,"",0,0.0,14,0.3,0,0.0,-31,-0.6,-1968384,-1.4,0,0.0,0,0.0,-26,-1.3
"C2894","2","10","41","0","2017","4","N",132,0,0,0,0,0,0,0,"N",0.97,0,0,0,0,0,0,0,"N",-2,-1.5,0,0,0,0,0,0,0,0,0,0,0,0,0,0
"C2894","3","10","41","0","2017","4","N",167,0,0,0,0,0,0,0,"N",0.51,0,0,0,0,0,0,0,"N",0,0.0,0,0,0,0,0,0,0,0,0,0,0,0,0,0
"C2894","5","10","41","0","2017","4","",18994,323040,325938,325425,4193324103,282972525,3508441,993,"",1.01,1.01,1.01,1.01,1.01,1.03,1.00,1.00,"",408,2.2,1159,0.4,2908,0.9,2493,0.8,146513708,3.6,-449993,-0.2,-136700,-3.8,28,2.9
"C2902","0","10","40","0","2017","4","",1682,40220,40403,40440,476410517,31229222,509399,908,"",1.00,1.00,1.00,1.00,1.00,1.00,1.00,1.00,"",2,0.1,-143,-0.4,493,1.2,137,0.3,17797689,3.9,3096839,11.0,-28423,-5.3,30,3.4
"C2902","1","10","41","0","2017","4","",12,180,182,212,3075317,0,0,1236,"",1.19,0.23,0.24,0.27,0.23,0.00,0.00,0.95,"",-1,-7.7,4,2.3,2,1.1,4,1.9,126518,4.3,0,0.0,0,0.0,29,2.4
"C2902","2","10","41","0","2017","4","",19,1002,1012,994,7454809,0,0,572,"",1.61,0.78,0.78,0.77,0.48,0.00,0.00,0.62,"",-1,-5.0,-9,-0.9,8,0.8,-2,-0.2,263935,3.7,0,0.0,0,0.0,21,3.8
"C2902","3","10","41","0","2017","4","",43,3489,3551,3545,31663435,77213,390,690,"",1.50,0.88,0.89,0.89,0.77,0.12,0.15,0.88,"",0,0.0,-44,-1.2,-37,-1.0,1,0.0,1104346,3.6,10987,16.6,48,14.0,29,4.4
"C2902","5","10","41","0","2017","4","",1608,35549,35658,35689,434216956,31152009,509009,937,"",0.99,1.04,1.04,1.04,1.07,1.03,1.01,1.03,"",4,0.2,-94,-0.3,520,1.5,134,0.4,16302890,3.9,3085852,11.0,-28471,-5.3,30,3.3
"C2906","0","10","80","0","2017","4","",2037,25779,25494,25324,306462177,27864190,230604,923,"",1.00,1.00,1.00,1.00,1.00,1.00,1.00,1.00,"",10,0.5,198,0.8,289,1.1,39,0.2,15622645,5.4,2544684,10.1,26404,12.9,41,4.6
"C2910","0","10","40","0","2017","4","",3558,75051,75271,75451,831798992,83054949,1507857,850,"",1.00,1.00,1.00,1.00,1.00,1.00,1.00,1.00,"",91,2.6,-162,-0.2,-542,-0.7,42,0.1,26626977,3.3,2390144,3.0,-221099,-12.8,29,3.5
"C2910","1","10","41","0","2017","4","",35,540,541,545,8635748,0,0,1226,"",1.64,0.37,0.38,0.37,0.38,0.00,0.00,1.01,"",1,2.9,5,0.9,12,2.3,13,2.4,351109,4.2,0,0.0,0,0.0,28,2.3
"C2910","2","10","41","0","2017","4","",18,1565,1566,1570,18521433,0,0,909,"",0.72,0.65,0.65,0.65,0.68,0.00,0.00,1.05,"",-1,-5.3,-22,-1.4,-22,-1.4,-45,-2.8,639806,3.6,0,0.0,0,0.0,48,5.6
"C2910","3","10","41","0","2017","4","",118,7333,7388,7535,74923658,41989,2003,777,"",1.95,0.99,0.99,1.01,1.05,0.03,0.25,1.05,"",-2,-1.7,-463,-5.9,-628,-7.8,-386,-4.9,-3541639,-4.5,-183372,-81.4,318,18.9,14,1.8
"C2910","5","10","41","0","2017","4","",3387,65613,65776,65801,729718153,83012960,1505854,854,"",0.98,1.03,1.03,1.03,1.03,1.03,1.01,1.00,"",93,2.8,318,0.5,96,0.1,460,0.7,29177701,4.2,2573516,3.2,-221417,-12.8,31,3.8
"C2918","0","10","40","0","2017","4","",15091,194985,195357,194922,2295973065,144931282,2230617,905,"",1.00,1.00,1.00,1.00,1.00,1.00,1.00,1.00,"",228,1.5,-253,-0.1,-65,0.0,-723,-0.4,66595522,3.0,8411241,6.2,176024,8.6,28,3.2
"C2918","1","10","41","0","2017","4","",81,1395,1394,1428,24642468,0,0,1349,"",0.89,0.37,0.37,0.38,0.39,0.00,0.00,1.04,"",1,1.2,28,2.0,21,1.5,-11,-0.8,398838,1.6,0,0.0,0,0.0,10,0.7
"C2918","2","10","41","0","2017","4","",110,4402,4361,4408,53450146,32340,247,937,"",1.04,0.70,0.70,0.71,0.71,0.02,0.08,1.02,"",1,0.9,115,2.7,65,1.5,136,3.2,2395055,4.7,9339,40.6,-12,-4.6,20,2.2
"C2918","3","10","41","0","2017","4","",335,19569,19473,19371,186222577,229250,1853,736,"",1.31,1.01,1.00,1.00,0.94,0.08,0.16,0.94,"",-5,-1.5,11,0.1,-134,-0.7,-89,-0.5,2979156,1.6,60719,36.0,695,60.0,15,2.1
"C2918","5","10","41","0","2017","4","",14565,169619,170129,169715,2031657874,144669692,2228517,920,"",0.99,1.02,1.03,1.02,1.04,1.03,1.01,1.01,"",231,1.6,-407,-0.2,-17,0.0,-759,-0.4,60822473,3.1,8341183,6.1,175341,8.5,29,3.3
"C2920","0","10","40","0","2017","4","",4020,92260,92579,92450,1086546442,72997858,1165590,904,"",1.00,1.00,1.00,1.00,1.00,1.00,1.00,1.00,"",23,0.6,836,0.9,786,0.9,1285,1.4,41851736,4.0,3128118,4.5,-101662,-8.0,25,2.8
"C2920","1","10","41","0","2017","4","",42,497,496,500,8209123,0,0,1269,"",1.74,0.28,0.28,0.28,0.27,0.00,0.00,0.98,"",0,0.0,-14,-2.7,-22,-4.2,-46,-8.4,-231266,-2.7,0,0.0,0,0.0,32,2.6
"C2920","2","10","41","0","2017","4","",35,11855,11882,11612,206848983,4500,72,1350,"",1.24,4.00,4.01,3.94,5.83,0.00,0.05,1.46,"",-1,-2.8,-206,-1.7,-246,-2.0,-155,-1.3,5162649,2.6,3750,500.0,60,500.0,56,4.3
"C2920","3","10","41","0","2017","4","",59,7106,7082,7163,67524953,1230189,12647,730,"",0.86,0.78,0.77,0.78,0.72,0.85,2.06,0.93,"",0,0.0,14,0.2,43,0.6,101,1.4,3931174,6.2,675341,121.7,4208,49.9,38,5.5
"C2920","5","10","41","0","2017","4","",3884,72802,73119,73175,803963383,71763169,1152871,847,"",1.00,0.93,0.93,0.93,0.87,1.02,1.00,0.93,"",24,0.6,1042,1.5,1011,1.4,1385,1.9,32989179,4.3,2449027,3.5,-105930,-8.4,22,2.7
"C2926","0","10","80","0","2017","4","",992,10239,10121,10082,99288945,31985762,711009,753,"",1.00,1.00,1.00,1.00,1.00,1.00,1.00,1.00,"",18,1.8,72,0.7,40,0.4,138,1.4,5847163,6.3,2879353,9.9,53956,8.2,39,5.5
"C2930","0","10","80","0","2017","4","",1517,39466,39402,39524,432127701,38146666,648070,842,"",1.00,1.00,1.00,1.00,1.00,1.00,1.00,1.00,"",-107,-6.6,40,0.1,-334,-0.8,-329,-0.8,5572681,1.3,-5287098,-12.2,-238585,-26.9,15,1.8
"C2934","0","10","40","0","2017","4","",5532,113941,113308,112736,1556113520,93269397,1685763,1056,"",1.00,1.00,1.00,1.00,1.00,1.00,1.00,1.00,"",111,2.0,6044,5.6,5033,4.6,4687,4.3,150794182,10.7,-6906654,-6.9,-214705,-11.3,56,5.6
"C2934","1","10","41","0","2017","4","",36,549,548,554,9772079,0,0,1366,"",1.08,0.25,0.25,0.26,0.23,0.00,0.00,0.90,"",0,0.0,-13,-2.3,-15,-2.7,-28,-4.8,-144649,-1.5,0,0.0,0,0.0,25,1.9
"C2934","2","10","41","0","2017","4","",47,2100,2120,2122,23665497,9073,9,861,"",1.21,0.57,0.58,0.59,0.47,0.01,0.00,0.80,"",-2,-4.1,5,0.2,20,1.0,27,1.3,359150,1.5,-3850,-29.8,-4,-30.8,6,0.7
"C2934","3","10","41","0","2017","4","",110,11875,11858,11645,125644971,234634,1868,820,"",1.17,1.05,1.05,1.04,0.94,0.13,0.21,0.90,"",2,1.9,58,0.5,-39,-0.3,156,1.4,10056643,8.7,41470,21.5,215,13.0,62,8.2
"C2934","5","10","41","0","2017","4","",5339,99417,98782,98415,1397030973,93025690,1683886,1087,"",0.99,1.03,1.03,1.03,1.05,1.03,1.01,1.02,"",111,2.1,5994,6.4,5067,5.4,4532,4.8,140523038,11.2,-6944274,-6.9,-214916,-11.3,55,5.3
"C2938","0","10","80","0","2017","4","",1551,24312,24474,24649,239246530,18512783,180216,752,"",1.00,1.00,1.00,1.00,1.00,1.00,1.00,1.00,"",31,2.0,-520,-2.1,-533,-2.1,-281,-1.1,12591115,5.6,216039,1.2,-62104,-25.6,52,7.4
"C2942","0","10","40","0","2017","4","",3740,49627,49893,49694,480920268,37029137,943860,744,"",1.00,1.00,1.00,1.00,1.00,1.00,1.00,1.00,"",55,1.5,1041,2.1,1044,2.1,1061,2.2,29677746,6.6,2910529,8.5,81539,9.5,31,4.3
"C2942","1","10","41","0","2017","4","",33,448,440,439,7563402,0,0,1315,"",1.47,0.47,0.46,0.46,0.57,0.00,0.00,1.24,"",-1,-2.9,-4,-0.9,-4,-0.9,-5,-1.1,312060,4.3,0,0.0,0,0.0,66,5.3
"C2942","2","10","41","0","2017","4","",13,521,519,534,5533668,0,0,811,"",0.50,0.33,0.32,0.34,0.35,0.00,0.00,1.07,"",0,0.0,44,9.2,2,0.4,26,5.1,283933,5.4,0,0.0,0,0.0,4,0.5
"C2942","3","10","41","0","2017","4","",61,6705,6779,6552,70257077,1383781,26338,809,"",0.96,1.36,1.37,1.33,1.70,1.89,5.30,1.25,"",0,0.0,-147,-2.1,-90,-1.3,-88,-1.3,3750492,5.6,-121083,-8.0,-7220,-21.5,55,7.3
"C2942","5","10","41","0","2017","4","",3633,41953,42155,42169,397566121,35645356,917522,727,"",1.00,1.00,0.99,1.00,0.97,0.99,0.98,0.97,"",56,1.6,1148,2.8,1136,2.8,1128,2.7,25331261,6.8,3031612,9.3,88759,10.7,28,4.0
"C2946","0","10","40","0","2017","4","",13251,215502,219761,220909,2334530380,166560681,1650077,821,"",1.00,1.00,1.00,1.00,1.00,1.00,1.00,1.00,"",261,2.0,5520,2.6,6400,3.0,5612,2.6,119727546,5.4,12420949,8.1,-499412,-23.2,21,2.6
"C2946","1","10","41","0","2017","4","",53,1085,1093,1122,18704844,0,0,1308,"",0.67,0.26,0.26,0.26,0.29,0.00,0.00,1.11,"",-3,-5.4,-5,-0.5,24,2.2,14,1.3,1292782,7.4,0,0.0,0,0.0,78,6.3
"C2946","2","10","41","0","2017","4","",64,4864,4894,4868,48607856,0,0,767,"",0.69,0.70,0.70,0.69,0.64,0.00,0.00,0.92,"",-2,-3.0,981,25.3,1035,26.8,1001,25.9,9253621,23.5,0,0.0,0,0.0,-15,-1.9
"C2946","3","10","41","0","2017","4","",41,22008,22375,22232,234950088,922877,2362,814,"",0.18,1.03,1.03,1.02,1.17,0.28,0.27,1.14,"",-1,-2.4,-1362,-5.8,-1013,-4.3,-1189,-5.1,-145952,-0.1,24023,2.7,-3293,-58.2,41,5.3
"C2946","5","10","41","0","2017","4","",13093,187545,191399,192687,2032267592,165637804,1647715,820,"",1.02,1.02,1.03,1.03,1.02,1.03,1.01,0.99,"",267,2.1,5906,3.3,6354,3.4,5786,3.1,109327095,5.7,12396926,8.1,-496119,-23.1,18,2.2
"C2950","0","10","80","0","2017","4","",515,4311,4517,4516,43853051,4289872,91053,758,"",1.00,1.00,1.00,1.00,1.00,1.00,1.00,1.00,"",2,0.4,-156,-3.5,-46,-1.0,-95,-2.1,832383,1.9,236570,5.8,20669,29.4,30,4.1
"C2954","0","10","40","0","2017","4","",13458,239462,240218,241156,2818968476,184979313,8712630,902,"",1.00,1.00,1.00,1.00,1.00,1.00,1.00,1.00,"",123,0.9,3542,1.5,4005,1.7,3790,1.6,122117694,4.5,10796998,6.2,-176839,-2.0,25,2.9
"C2954","1","10","41","0","2017","4","",71,1280,1266,1331,21127660,0,0,1258,"",0.88,0.28,0.28,0.29,0.27,0.00,0.00,0.98,"",0,0.0,46,3.7,17,1.4,-1,-0.1,-563441,-2.6,0,0.0,0,0.0,-54,-4.1
"C2954","2","10","41","0","2017","4","",32,2250,2278,2246,30945354,0,0,1054,"",0.34,0.29,0.30,0.29,0.34,0.00,0.00,1.15,"",-1,-3.0,-125,-5.3,-125,-5.2,-127,-5.4,-582325,-1.8,0,0.0,0,0.0,37,3.6
"C2954","3","10","41","0","2017","4","",267,15962,16031,15839,193739190,166428,5722,935,"",1.17,0.67,0.67,0.66,0.80,0.05,0.12,1.19,"",0,0.0,154,1.0,120,0.8,143,0.9,6794008,3.6,-56319,-25.3,-7449,-56.6,25,2.7
"C2954","5","10","41","0","2017","4","",13088,219970,220643,221740,2573156272,184812885,8706908,897,"",1.00,1.08,1.08,1.08,1.07,1.03,1.01,0.99,"",124,1.0,3467,1.6,3993,1.8,3775,1.7,116469452,4.7,10853317,6.2,-169390,-1.9,26,3.0
"C2962","0","10","40","0","2017","4","",9101,212338,212841,211470,2785154808,135515876,3768048,1010,"",1.00,1.00,1.00,1.00,1.00,1.00,1.00,1.00,"",85,0.9,461,0.2,331,0.2,108,0.1,48605750,1.8,-3913980,-2.8,-455627,-10.8,17,1.7
"C2962","1","10","41","0","2017","4","",84,1953,1929,1974,32082431,0,0,1264,"",1.54,0.48,0.47,0.48,0.42,0.00,0.00,0.88,"",-1,-1.2,61,3.2,-11,-0.6,-22,-1.1,272034,0.9,0,0.0,0,0.0,4,0.3
"C2962","2","10","41","0","2017","4","",183,31773,31840,31144,567960746,0,0,1383,"",2.87,4.66,4.67,4.62,6.25,0.00,0.00,1.34,"",0,0.0,129,0.4,308,1.0,468,1.5,9432055,1.7,0,0.0,0,0.0,10,0.7
"C2962","3","10","41","0","2017","4","",240,18014,18091,17958,222174754,196729,3992,948,"",1.55,0.86,0.86,0.86,0.93,0.07,0.20,1.08,"",1,0.4,-92,-0.5,-274,-1.5,-139,-0.8,1673605,0.8,-25647,-11.5,-1671,-29.5,15,1.6
"C2962","5","10","41","0","2017","4","",8594,160598,160981,160394,1962936877,135319147,3764056,940,"",0.97,0.89,0.89,0.89,0.83,1.03,1.01,0.93,"",85,1.0,363,0.2,308,0.2,-199,-0.1,37228056,1.9,-3888333,-2.8,-453956,-10.8,17,1.8
"C2966","0","10","80","0","2017","4","",1292,15504,15504,15460,160184226,27176065,248687,796,"",1.00,1.00,1.00,1.00,1.00,1.00,1.00,1.00,"",13,1.0,-300,-1.9,-182,-1.2,-37,-0.2,6782044,4.4,1436336,5.6,9111,3.8,43,5.7
"C2970","0","10","40","0","2017","4","",5446,100227,101013,101182,924933464,82471174,1583855,706,"",1.00,1.00,1.00,1.00,1.00,1.00,1.00,1.00,"",95,1.8,991,1.0,904,0.9,1023,1.0,39264308,4.4,846463,1.0,176559,12.5,24,3.5
"C2970","1","10","41","0","2017","4","",31,3371,3359,3362,79575376,0,0,1820,"",0.95,1.75,1.74,1.72,3.13,0.00,0.00,1.80,"",0,0.0,36,1.1,16,0.5,43,1.3,3406800,4.5,0,0.0,0,0.0,62,3.5
"C2970","2","10","41","0","2017","4","",26,2098,2123,2117,23231903,0,0,846,"",0.68,0.65,0.66,0.66,0.77,0.00,0.00,1.17,"",-1,-3.7,-84,-3.8,-67,-3.1,-83,-3.8,1834506,8.6,0,0.0,0,0.0,95,12.6
"C2970","3","10","41","0","2017","4","",52,16690,16720,16739,184860959,908700,907,851,"",0.56,1.68,1.67,1.67,2.32,0.56,0.11,1.39,"",0,0.0,-7,0.0,-46,-0.3,98,0.6,7266660,4.1,-18861,-2.0,-16714,-94.9,33,4.0
"C2970","5","10","41","0","2017","4","",5337,78068,78811,78964,637265226,81562474,1582948,624,"",1.01,0.92,0.92,0.92,0.81,1.02,1.01,0.88,"",96,1.8,1046,1.4,1001,1.3,965,1.2,26756342,4.4,865324,1.1,193273,13.9,19,3.1
"C2974","0","10","40","0","2017","4","",4703,71577,71016,71437,685754505,164024443,1899519,739,"",1.00,1.00,1.00,1.00,1.00,1.00,1.00,1.00,"",70,1.5,-1157,-1.6,-1239,-1.7,-989,-1.4,9730629,1.4,-1428394,-0.9,-1061755,-35.9,21,2.9
"C2974","1","10","41","0","2017","4","",71,3365,3352,3350,68471622,0,0,1570,"",2.52,2.44,2.47,2.43,3.63,0.00,0.00,1.49,"",-3,-4.1,-78,-2.3,-86,-2.5,-84,-2.4,-167847,-0.2,0,0.0,0,0.0,34,2.2
"C2974","2","10","41","0","2017","4","",104,5560,5554,5508,65621331,3774,213,911,"",3.16,2.42,2.44,2.42,2.93,0.00,0.09,1.21,"",1,1.0,-121,-2.1,-115,-2.0,-138,-2.4,-1810267,-2.7,-1022,-21.3,-91,-29.9,-5,-0.5
"C2974","3","10","41","0","2017","4","",122,8804,8891,8924,88479352,657229,4066,767,"",1.53,1.24,1.26,1.26,1.50,0.20,0.41,1.20,"",0,0.0,-32,-0.4,-34,-0.4,107,1.2,2052380,2.4,102516,18.5,-4082,-50.1,17,2.3
"C2974","5","10","41","0","2017","4","",4406,53848,53219,53655,463182200,163363440,1895240,665,"",0.97,0.89,0.88,0.88,0.79,1.03,1.00,0.90,"",72,1.7,-926,-1.7,-1004,-1.9,-874,-1.6,9656363,2.1,-1529888,-0.9,-1057582,-35.8,25,3.9
"C2978","0","10","80","0","2017","4","",779,8228,8244,8159,62741772,15023197,165506,588,"",1.00,1.00,1.00,1.00,1.00,1.00,1.00,1.00,"",34,4.6,-32,-0.4,75,0.9,-21,-0.3,1483129,2.4,71903,0.5,-103383,-38.4,14,2.4
"C2982","0","10","40","0","2017","4","",54380,977317,982597,982561,11957810687,3233446619,67894172,938,"",1.00,1.00,1.00,1.00,1.00,1.00,1.00,1.00,"",-1784,-3.2,27067,2.8,27606,2.9,30177,3.2,696574012,6.2,265228275,8.9,6795704,11.1,29,3.2
"C2982","1","10","41","0","2017","4","",114,12931,12911,12975,235166692,0,0,1398,"",0.35,0.69,0.69,0.69,0.72,0.00,0.00,1.04,"",-2,-1.7,71,0.6,48,0.4,-38,-0.3,6714161,2.9,0,0.0,0,0.0,37,2.7
"C2982","2","10","41","0","2017","4","",206,17942,18167,18321,211189910,155535,1271,895,"",0.54,0.57,0.58,0.58,0.54,0.00,0.01,0.94,"",4,2.0,826,4.8,873,5.0,886,5.1,-8055171,-3.7,31673,25.6,277,27.9,-81,-8.3
"C2982","3","10","41","0","2017","4","",74,68446,70063,70774,978124532,2357195,44504,1079,"",0.08,0.71,0.72,0.73,0.95,0.04,0.12,1.33,"",2,2.8,668,1.0,846,1.2,879,1.3,28995391,3.1,639473,37.2,14421,47.9,20,1.9
"C2982","5","10","41","0","2017","4","",53986,877998,881456,880491,10533329553,3230933889,67848397,921,"",1.02,1.06,1.06,1.05,1.03,1.03,1.01,0.98,"",-1788,-3.2,25502,3.0,25839,3.0,28450,3.3,668919631,6.8,264557129,8.9,6781006,11.1,32,3.6
"C2986","0","10","80","0","2017","4","",1615,30822,31017,31110,347356003,33106727,184562,862,"",1.00,1.00,1.00,1.00,1.00,1.00,1.00,1.00,"",17,1.1,106,0.3,334,1.1,280,0.9,35325818,11.3,1214510,3.8,-32012,-14.8,81,10.4
"C2990","0","10","80","0","2017","4","",618,11857,11952,11906,114566692,19861685,242705,740,"",1.00,1.00,1.00,1.00,1.00,1.00,1.00,1.00,"",-5,-0.8,148,1.3,179,1.5,171,1.5,5403728,5.0,775490,4.1,-90023,-27.1,25,3.5
"C2994","0","10","40","0","2017","4","",3005,50414,50715,49777,498094927,124754940,901707,762,"",1.00,1.00,1.00,1.00,1.00,1.00,1.00,1.00,"",-13,-0.4,-11,0.0,258,0.5,-75,-0.2,12795937,2.6,-326289,-0.3,-45937,-4.8,19,2.6
"C2994","1","10","41","0","2017","4","",16,421,417,421,6373164,0,0,1168,"",0.89,0.43,0.43,0.44,0.47,0.00,0.00,1.07,"",1,6.7,2,0.5,-12,-2.8,-7,-1.6,50841,0.8,0,0.0,0,0.0,25,2.2
"C2994","2","10","41","0","2017","4","N",25,0,0,0,0,0,0,0,"N",1.19,0,0,0,0,0,0,0,"N",7,38.9,0,0,0,0,0,0,0,0,0,0,0,0,0,0
"C2994","3","10","41","0","2017","4","N",37,0,0,0,0,0,0,0,"N",0.72,0,0,0,0,0,0,0,"N",0,0.0,0,0,0,0,0,0,0,0,0,0,0,0,0,0
"C2994","5","10","41","0","2017","4","",2927,37870,38084,37283,325847312,52756056,825395,664,"",1.00,0.88,0.88,0.88,0.77,0.44,0.92,0.87,"",-21,-0.7,-193,-0.5,-40,-0.1,-249,-0.7,11573520,3.7,-4404050,-7.7,-35152,-4.1,26,4.1
"C2998","0","10","80","0","2017","4","",735,10198,10241,10251,95418759,6882456,71087,717,"",1.00,1.00,1.00,1.00,1.00,1.00,1.00,1.00,"",4,0.5,3,0.0,-84,-0.8,-133,-1.3,3569796,3.9,-615720,-8.2,-8598,-10.8,31,4.5
"C3002","0","10","40","0","2017","4","",2489,43574,43686,43592,415244674,60922863,535717,732,"",1.00,1.00,1.00,1.00,1.00,1.00,1.00,1.00,"",-12,-0.5,-797,-1.8,-1019,-2.3,-945,-2.1,5770736,1.4,-2271516,-3.6,-69668,-11.5,25,3.5
"C3002","1","10","41","0","2017","4","",57,3815,3800,3792,53734419,0,0,1087,"",3.82,4.55,4.55,4.52,4.71,0.00,0.00,1.04,"",0,0.0,-143,-3.6,-176,-4.4,-180,-4.5,-1419502,-2.6,0,0.0,0,0.0,18,1.7
"C3002","2","10","41","0","2017","4","",26,1550,1565,1554,12069459,1369982,60,597,"",1.49,1.11,1.12,1.12,0.89,1.77,0.08,0.80,"",0,0.0,-74,-4.6,-64,-3.9,-48,-3.0,-543022,-4.3,111564,8.9,-4,-6.2,-3,-0.5
"C3002","3","10","41","0","2017","4","",84,9321,9377,9261,83578987,4423415,43050,690,"",1.99,2.16,2.16,2.15,2.34,3.67,15.27,1.09,"",0,0.0,-46,-0.5,-76,-0.8,-56,-0.6,1015067,1.2,-127551,-2.8,-2172,-4.8,13,1.9
"C3002","5","10","41","0","2017","4","",2322,28888,28944,28985,265861809,55129466,492607,707,"",0.96,0.78,0.78,0.78,0.75,0.94,0.93,0.96,"",-12,-0.5,-534,-1.8,-703,-2.4,-661,-2.2,6718193,2.6,-2255529,-3.9,-67492,-12.1,33,4.9
"C3006","0","10","80","0","2017","4","",847,13744,13789,13709,118455506,14736130,242747,663,"",1.00,1.00,1.00,1.00,1.00,1.00,1.00,1.00,"",7,0.8,125,0.9,182,1.3,146,1.1,6919150,6.2,-549820,-3.6,-110744,-31.3,32,5.1
"C3014","0","10","40","0","2017","4","",2795,50085,50139,50176,547284767,38353149,1874071,840,"",1.00,1.00,1.00,1.00,1.00,1.00,1.00,1.00,"",-8,-0.3,348,0.7,281,0.6,214,0.4,30004552,5.8,2874918,8.1,-93199,-4.7,42,5.3
"C3014","1","10","41","0","2017","4","",36,3168,3208,3213,54208391,0,0,1305,"",2.15,3.29,3.34,3.32,3.60,0.00,0.00,1.09,"",0,0.0,56,1.8,55,1.7,36,1.1,2490267,4.8,0,0.0,0,0.0,41,3.2
"C3014","2","10","41","0","2017","4","",19,653,663,668,8791513,0,0,1023,"",0.97,0.41,0.41,0.42,0.49,0.00,0.00,1.19,"",0,0.0,-2,-0.3,3,0.5,-1,-0.1,199645,2.3,0,0.0,0,0.0,24,2.4
"C3014","3","10","41","0","2017","4","",93,4392,4357,4348,49280154,43821,1431,868,"",1.96,0.89,0.88,0.88,1.05,0.06,0.15,1.19,"",2,2.2,-25,-0.6,-44,-1.0,-4,-0.1,2384245,5.1,16093,58.0,550,62.4,46,5.6
"C3014","5","10","41","0","2017","4","",2647,41872,41911,41947,435004709,38309328,1872640,798,"",0.98,0.98,0.98,0.98,0.93,1.03,1.01,0.94,"",-10,-0.4,319,0.8,267,0.6,183,0.4,24930395,6.1,2858825,8.1,-93749,-4.8,41,5.4
"C3022","0","10","80","0","2017","4","",640,9910,10105,10195,124406585,9283357,295915,950,"",1.00,1.00,1.00,1.00,1.00,1.00,1.00,1.00,"",6,0.9,384,4.0,361,3.7,386,3.9,12669255,11.3,-33794,-0.4,114968,63.5,63,7.1
"C3026","0","10","80","0","2017","4","",1001,17810,17778,17767,191194821,10512420,513725,827,"",1.00,1.00,1.00,1.00,1.00,1.00,1.00,1.00,"",10,1.0,135,0.8,57,0.3,123,0.7,6617812,3.6,751809,7.7,-7233,-1.4,24,3.0
"C3028","0","10","80","0","2017","4","",534,10162,10142,10142,112259892,7711124,103175,851,"",1.00,1.00,1.00,1.00,1.00,1.00,1.00,1.00,"",-1,-0.2,1083,11.9,1016,11.1,939,10.2,17645185,18.6,-1379472,-15.2,-90452,-46.7,54,6.8
"C3030","0","10","40","0","2017","4","",1883,27935,27818,27686,284986068,103405897,1169659,788,"",1.00,1.00,1.00,1.00,1.00,1.00,1.00,1.00,"",11,0.6,180,0.6,-36,-0.1,-113,-0.4,9388252,3.4,10167994,10.9,83423,7.7,25,3.3
"C3030","1","10","41","0","2017","4","",25,245,243,248,3797789,0,0,1191,"",2.21,0.46,0.46,0.46,0.48,0.00,0.00,1.06,"",0,0.0,-2,-0.8,1,0.4,2,0.8,141514,3.9,0,0.0,0,0.0,43,3.7
"C3030","2","10","41","0","2017","4","",43,1265,1234,1197,14624433,0,0,913,"",3.26,1.41,1.38,1.36,1.57,0.00,0.00,1.14,"",1,2.4,68,5.7,38,3.2,37,3.2,1484639,11.3,0,0.0,0,0.0,60,7.0
"C3030","3","10","41","0","2017","4","",52,3602,3647,3639,35785579,4285568,42776,758,"",1.62,1.30,1.32,1.33,1.46,2.09,6.95,1.11,"",0,0.0,20,0.6,15,0.4,27,0.7,996349,2.9,129378,3.1,-3938,-8.4,16,2.2
"C3030","5","10","41","0","2017","4","",1763,22823,22694,22602,230778267,99120329,1126883,782,"",0.97,0.96,0.96,0.96,0.95,0.99,0.97,0.99,"",10,0.6,94,0.4,-90,-0.4,-179,-0.8,6765750,3.0,10038616,11.3,87361,8.4,25,3.3
"C3034","0","10","40","0","2017","4","",3194,49564,49199,49413,536435490,44541730,803287,835,"",1.00,1.00,1.00,1.00,1.00,1.00,1.00,1.00,"",32,1.0,-637,-1.3,-634,-1.3,-601,-1.2,12854851,2.5,-175362,-0.4,-109838,-12.0,30,3.7
"C3034","1","10","41","0","2017","4","",28,273,260,268,3956674,0,0,1140,"",1.46,0.29,0.28,0.28,0.27,0.00,0.00,0.95,"",0,0.0,3,1.1,-13,-4.8,-6,-2.2,25545,0.6,0,0.0,0,0.0,30,2.7
"C3034","2","10","41","0","2017","4","",11,619,626,618,5894456,25832,245,730,"",0.49,0.39,0.40,0.39,0.34,0.05,0.23,0.86,"",0,0.0,-24,-3.7,-18,-2.8,-23,-3.6,-83385,-1.4,72,0.3,-92,-27.3,14,2.0
"C3034","3","10","41","0","2017","4","",110,4650,4584,4705,48302965,74620,620,800,"",2.03,0.95,0.94,0.96,1.05,0.08,0.15,1.10,"",0,0.0,247,5.6,61,1.3,214,4.8,3256854,7.2,25194,51.0,29,4.9,25,3.2
"C3034","5","10","41","0","2017","4","",3045,44022,43729,43822,478281395,44441278,802422,839,"",0.98,1.05,1.05,1.04,1.04,1.03,1.01,1.00,"",32,1.1,-863,-1.9,-664,-1.5,-786,-1.8,9655837,2.1,-200628,-0.4,-109775,-12.0,31,3.8
"C3038","0","10","80","0","2017","4","",1052,15814,15768,15808,159092584,9552898,485804,775,"",1.00,1.00,1.00,1.00,1.00,1.00,1.00,1.00,"",3,0.3,199,1.3,199,1.3,208,1.3,9930515,6.7,-252198,-2.6,-37208,-7.1,39,5.3
"C3042","0","10","80","0","2017","4","",923,11792,11746,11758,118340429,7823930,59941,774,"",1.00,1.00,1.00,1.00,1.00,1.00,1.00,1.00,"",-26,-2.7,-59,-0.5,35,0.3,-7,-0.1,6733923,6.0,-81499,-1.0,-10937,-15.4,45,6.2
"C3046","0","10","40","0","2017","4","",15652,272438,275195,274205,3388213931,267123853,6488476,951,"",1.00,1.00,1.00,1.00,1.00,1.00,1.00,1.00,"",-7,0.0,2203,0.8,2612,1.0,2844,1.0,75635509,2.3,-203976,-0.1,-1247476,-16.1,12,1.3
"C3046","1","10","41","0","2017","4","",71,4457,4464,4494,84898281,0,0,1460,"",0.76,0.85,0.85,0.85,0.91,0.00,0.00,1.07,"",0,0.0,-39,-0.9,-43,-1.0,-57,-1.3,564118,0.7,0,0.0,0,0.0,24,1.7
"C3046","2","10","41","0","2017","4","",150,24714,24878,24920,392168533,35034,555,1215,"",1.37,2.83,2.82,2.85,3.55,0.01,0.06,1.25,"",9,6.4,557,2.3,597,2.5,600,2.5,20887756,5.6,30946,757.0,476,602.5,37,3.1
"C3046","3","10","41","0","2017","4","",114,19716,19906,19966,214131270,433434,4289,829,"",0.43,0.73,0.73,0.74,0.73,0.08,0.13,1.00,"",-1,-0.9,559,2.9,631,3.3,1061,5.6,6219480,3.0,3281,0.8,-1522,-26.2,-8,-1.0
"C3046","5","10","41","0","2017","4","",15317,223551,225947,224825,2697015847,266655385,6483632,923,"",1.01,0.97,0.97,0.96,0.93,1.03,1.01,0.97,"",-15,-0.1,1126,0.5,1427,0.6,1240,0.6,47964155,1.8,-238203,-0.1,-1246430,-16.1,11,1.2
"C3058","0","10","80","0","2017","4","",588,10677,10717,10795,106180572,29249794,108861,761,"",1.00,1.00,1.00,1.00,1.00,1.00,1.00,1.00,"",-15,-2.5,-433,-3.9,-473,-4.2,-464,-4.1,2516817,2.4,-1103436,-3.6,12647,13.1,48,6.7
"C3062","0","10","40","0","2017","4","",2501,51323,51618,51327,578123772,37883759,981420,865,"",1.00,1.00,1.00,1.00,1.00,1.00,1.00,1.00,"",27,1.1,371,0.7,343,0.7,348,0.7,25504371,4.6,1173695,3.2,178467,22.2,33,4.0
"C3062","1","10","41","0","2017","4","",15,318,321,318,5538044,0,0,1335,"",1.00,0.32,0.32,0.32,0.35,0.00,0.00,1.08,"",0,0.0,-4,-1.2,3,0.9,-11,-3.3,113185,2.1,0,0.0,0,0.0,43,3.3
"C3062","2","10","41","0","2017","4","",15,989,987,993,13975388,0,0,1086,"",0.86,0.60,0.60,0.61,0.74,0.00,0.00,1.23,"",-2,-11.8,17,1.7,19,2.0,19,2.0,-1431927,-9.3,0,0.0,0,0.0,-134,-11.0
"C3062","3","10","41","0","2017","4","",105,4663,4650,4608,50065473,8017,72,830,"",2.47,0.92,0.91,0.91,1.01,0.01,0.01,1.11,"",1,1.0,-11,-0.2,-41,-0.9,-15,-0.3,1731167,3.6,1465,22.4,53,278.9,33,4.1
"C3062","5","10","41","0","2017","4","",2366,45353,45660,45408,508544867,37875742,981348,860,"",0.98,1.04,1.04,1.04,1.03,1.03,1.01,0.99,"",28,1.2,369,0.8,362,0.8,355,0.8,25091946,5.2,1172230,3.2,178414,22.2,36,4.4
"C3066","0","10","80","0","2017","4","",581,9336,9232,9292,94243942,7372330,169344,781,"",1.00,1.00,1.00,1.00,1.00,1.00,1.00,1.00,"",-40,-6.4,175,1.9,68,0.7,200,2.2,2924556,3.2,20313,0.3,-18767,-10.0,12,1.6
"C3070","0","10","40","0","2017","4","",10734,176116,177061,176843,2018905235,126753369,1132548,879,"",1.00,1.00,1.00,1.00,1.00,1.00,1.00,1.00,"",122,1.1,-274,-0.2,-108,-0.1,1514,0.9,69895753,3.6,4907180,4.0,-217358,-16.1,29,3.4
"C3070","1","10","41","0","2017","4","",66,3405,3423,3434,59262805,0,0,1333,"",1.03,1.00,1.01,1.01,1.07,0.00,0.00,1.06,"",0,0.0,173,5.4,199,6.2,239,7.5,4244361,7.7,0,0.0,0,0.0,17,1.3
"C3070","2","10","41","0","2017","4","",168,16432,16522,16452,210904573,3359,11,985,"",2.23,2.91,2.91,2.92,3.20,0.00,0.01,1.10,"",-1,-0.6,-143,-0.9,-46,-0.3,-4,0.0,3270748,1.6,3359,100.0,11,100.0,19,2.0
"C3070","3","10","41","0","2017","4","",72,14881,14912,14933,166573689,342497,1909,859,"",0.39,0.85,0.85,0.85,0.96,0.14,0.32,1.13,"",-1,-1.4,157,1.1,44,0.3,154,1.0,7159129,4.5,-862,-0.3,-459,-19.4,30,3.6
"C3070","5","10","41","0","2017","4","",10428,141398,142204,142024,1582164168,126407513,1130628,858,"",1.00,0.95,0.95,0.94,0.92,1.03,1.00,0.97,"",124,1.2,-461,-0.3,-305,-0.2,1125,0.8,55221515,3.6,4904683,4.0,-216910,-16.1,29,3.5
"C3078","0","10","40","0","2017","4","",21119,336609,337773,337730,4001489982,334393018,5764720,912,"",1.00,1.00,1.00,1.00,1.00,1.00,1.00,1.00,"",101,0.5,3486,1.0,3991,1.2,3125,0.9,119996608,3.1,11169414,3.5,-942135,-14.0,18,2.0
"C3078","1","10","41","0","2017","4","",155,9452,9513,9651,180180349,0,0,1453,"",1.22,1.46,1.47,1.48,1.64,0.00,0.00,1.11,"",0,0.0,-64,-0.7,-18,-0.2,45,0.5,7319886,4.2,0,0.0,0,0.0,61,4.4
"C3078","2","10","41","0","2017","4","",255,32085,32159,32186,419304235,228770,8007,1003,"",1.72,2.97,2.97,2.99,3.21,0.05,1.05,1.08,"",-29,-10.2,-637,-1.9,-616,-1.9,-571,-1.7,11739740,2.9,17038,8.0,-1309,-14.1,46,4.8
"C3078","3","10","41","0","2017","4","",228,25564,25587,25498,272073954,3266542,47860,819,"",0.64,0.77,0.76,0.76,0.79,0.49,1.58,1.04,"",4,1.8,651,2.6,686,2.8,333,1.3,13860960,5.4,1085446,49.8,13210,38.1,24,3.0
"C3078","5","10","41","0","2017","4","",20481,269508,270514,270395,3129931444,330897706,5708853,891,"",1.00,0.94,0.94,0.94,0.92,1.02,1.00,0.97,"",126,0.6,3536,1.3,3939,1.5,3318,1.2,87076022,2.9,10066930,3.1,-954036,-14.3,13,1.5
"C3082","0","10","80","0","2017","4","",912,13116,13132,13131,143155095,9480255,520499,839,"",1.00,1.00,1.00,1.00,1.00,1.00,1.00,1.00,"",12,1.3,114,0.9,250,1.9,282,2.2,7662942,5.7,790004,9.1,28550,5.8,32,4.0
"C3086","0","10","40","0","2017","4","",4134,59434,59822,59900,553590283,173808553,911687,713,"",1.00,1.00,1.00,1.00,1.00,1.00,1.00,1.00,"",117,2.9,1621,2.8,1860,3.2,2022,3.5,31158514,6.0,15285789,9.6,-23882,-2.6,19,2.7
"C3086","1","10","41","0","2017","4","",33,379,366,353,5318591,0,0,1118,"",1.33,0.33,0.32,0.31,0.35,0.00,0.00,1.10,"",0,0.0,12,3.3,-4,-1.1,-8,-2.2,155493,3.0,0,0.0,0,0.0,33,3.0
"C3086","2","10","41","0","2017","4","N",22,0,0,0,0,0,0,0,"N",0.76,0,0,0,0,0,0,0,"N",0,0.0,0,0,0,0,0,0,0,0,0,0,0,0,0,0
"C3086","3","10","41","0","2017","4","N",132,0,0,0,0,0,0,0,"N",1.88,0,0,0,0,0,0,0,"N",0,0.0,0,0,0,0,0,0,0,0,0,0,0,0,0,0
"C3086","5","10","41","0","2017","4","",3947,47707,48055,48277,440036568,172844277,906121,705,"",0.98,0.94,0.95,0.95,0.93,1.03,1.00,0.98,"",117,3.1,1434,3.1,1649,3.6,1724,3.7,25765260,6.2,15182290,9.6,-23359,-2.5,18,2.6
"C3088","0","10","80","0","2017","4","",866,9874,9845,9836,102886753,10047329,358121,803,"",1.00,1.00,1.00,1.00,1.00,1.00,1.00,1.00,"",9,1.1,23,0.2,-116,-1.2,-86,-0.9,4695693,4.8,399439,4.1,26566,8.0,41,5.4
"C3090","0","10","80","0","2017","4","",700,14564,14564,14628,146414686,12534883,224280,772,"",1.00,1.00,1.00,1.00,1.00,1.00,1.00,1.00,"",-16,-2.2,-56,-0.4,-16,-0.1,78,0.5,10265429,7.5,1465200,13.2,17868,8.7,54,7.5
"C3094","0","10","80","0","2017","4","",2947,47230,47446,47177,434744238,50689750,1413754,707,"",1.00,1.00,1.00,1.00,1.00,1.00,1.00,1.00,"",29,1.0,912,2.0,745,1.6,490,1.0,16998037,4.1,5030023,11.0,-28424,-2.0,17,2.5
"C3098","0","10","40","0","2017","4","",5712,93790,93996,94357,1121592963,91632363,3188726,917,"",1.00,1.00,1.00,1.00,1.00,1.00,1.00,1.00,"",40,0.7,-556,-0.6,-262,-0.3,423,0.5,64705018,6.1,8299294,10.0,794352,33.2,54,6.3
"C3098","1","10","41","0","2017","4","",37,472,476,477,7821487,0,0,1267,"",1.08,0.26,0.26,0.26,0.25,0.00,0.00,0.97,"",-1,-2.6,-8,-1.7,7,1.5,-12,-2.5,158514,2.1,0,0.0,0,0.0,37,3.0
"C3098","2","10","41","0","2017","4","",49,611,612,608,7801919,0,0,983,"",1.22,0.20,0.20,0.20,0.21,0.00,0.00,1.05,"",-3,-5.8,-12,-1.9,-14,-2.2,-10,-1.6,172891,2.3,0,0.0,0,0.0,40,4.2
"C3098","3","10","41","0","2017","4","",180,10862,10933,11004,106736238,444207,432,751,"",1.85,1.17,1.17,1.18,1.11,0.24,0.03,0.94,"",14,8.4,98,0.9,90,0.8,179,1.7,2226375,2.1,-7976,-1.8,-8150,-95.0,7,0.9
"C3098","5","10","41","0","2017","4","",5446,81845,81975,82268,999233319,91188156,3188294,937,"",0.98,1.03,1.03,1.03,1.04,1.03,1.01,1.02,"",30,0.6,-634,-0.8,-345,-0.4,266,0.3,62147238,6.6,8307270,10.0,802502,33.6,61,7.0
"C3102","0","10","40","0","2017","4","",2961,38795,38737,38642,470108571,153689754,1985889,934,"",1.00,1.00,1.00,1.00,1.00,1.00,1.00,1.00,"",-64,-2.1,376,1.0,212,0.6,184,0.5,28111062,6.4,10620801,7.4,-63453,-3.1,50,5.7
"C3102","1","10","41","0","2017","4","",18,232,220,227,3944672,0,0,1341,"",1.01,0.31,0.30,0.30,0.31,0.00,0.00,1.00,"",-1,-5.3,12,5.5,1,0.5,22,10.7,395840,11.2,0,0.0,0,0.0,69,5.4
"C3102","2","10","41","0","2017","4","",22,1120,1107,1077,12461242,0,0,870,"",1.06,0.90,0.89,0.87,0.81,0.00,0.00,0.91,"",1,4.8,23,2.1,38,3.6,21,2.0,796522,6.8,0,0.0,0,0.0,35,4.2
"C3102","3","10","41","0","2017","4","",44,4957,4997,4932,59495324,3755189,34521,922,"",0.87,1.29,1.30,1.29,1.47,1.23,3.30,1.14,"",0,0.0,147,3.1,132,2.7,137,2.9,3078504,5.5,117411,3.2,-503,-1.4,22,2.4
"C3102","5","10","41","0","2017","4","",2877,32486,32413,32406,394207333,149934565,1951368,935,"",1.00,0.99,0.98,0.99,0.98,1.01,0.99,1.00,"",-64,-2.2,194,0.6,41,0.1,4,0.0,23840196,6.4,10503390,7.5,-62950,-3.1,54,6.1
"C3106","0","10","80","0","2017","4","",437,16157,16233,16285,318582521,20630616,141142,1510,"",1.00,1.00,1.00,1.00,1.00,1.00,1.00,1.00,"",-1,-0.2,399,2.5,434,2.7,357,2.2,14006288,4.6,905024,4.6,-99274,-41.3,30,2.0
"C3108","0","10","40","0","2017","4","",613797,6046338,6084078,6091838,104187665542,4492631856,190594137,1319,"",1.00,1.00,1.00,1.00,1.00,1.00,1.00,1.00,"",27915,4.8,82741,1.4,84528,1.4,86482,1.4,7224308285,7.5,222995519,5.2,-900253,-0.5,74,5.9
"C3108","1","10","41","0","2017","4","",573,59360,59089,60502,1244753071,0,0,1605,"",0.16,0.51,0.51,0.52,0.43,0.00,0.00,0.85,"",-4,-0.7,457,0.8,-693,-1.2,-1069,-1.7,15252963,1.2,0,0.0,0,0.0,31,2.0
"C3108","2","10","41","0","2017","4","",2168,99472,99844,99148,1775054110,0,0,1372,"",0.50,0.51,0.51,0.51,0.52,0.00,0.00,1.02,"",17,0.8,2532,2.6,3305,3.4,2574,2.7,124406247,7.5,0,0.0,0,0.0,59,4.5
"C3108","3","10","41","0","2017","4","",4964,568556,574393,566794,9626451587,6574821,281826,1299,"",0.48,0.95,0.95,0.94,1.07,0.07,0.28,1.14,"",18,0.4,1391,0.2,1794,0.3,789,0.1,281267961,3.0,2113077,47.4,65477,30.3,35,2.8
"C3108","5","10","41","0","2017","4","",606092,5318950,5350752,5365394,91541406774,4486057035,190312311,1317,"",1.02,1.04,1.04,1.04,1.03,1.03,1.01,0.99,"",27884,4.8,78361,1.5,80122,1.5,84188,1.6,6803381114,8.0,220882442,5.2,-965730,-0.5,79,6.4
"C3114","0","10","40","0","2017","4","",35861,642829,648834,648952,8255223642,637856774,14869302,982,"",1.00,1.00,1.00,1.00,1.00,1.00,1.00,1.00,"",-142,-0.4,8623,1.4,8628,1.3,6100,0.9,333260208,4.2,10039804,1.6,-2239981,-13.1,28,2.9
"C3114","1","10","41","0","2017","4","",170,8827,8911,9013,155400391,0,0,1341,"",0.79,0.71,0.72,0.72,0.68,0.00,0.00,0.95,"",-2,-1.2,-57,-0.6,-32,-0.4,-82,-0.9,2503706,1.6,0,0.0,0,0.0,30,2.3
"C3114","2","10","41","0","2017","4","",260,15304,15266,15152,208104566,184208,4847,1050,"",1.03,0.74,0.73,0.73,0.77,0.02,0.25,1.05,"",1,0.4,-539,-3.4,-630,-4.0,-696,-4.4,-4117462,-1.9,15580,9.2,-2144,-30.7,21,2.0
"C3114","3","10","41","0","2017","4","",339,47406,47679,47525,550304217,1975262,19487,890,"",0.56,0.74,0.74,0.74,0.78,0.16,0.25,1.04,"",-39,-10.3,-1446,-3.0,-1591,-3.2,-1488,-3.0,-17022365,-3.0,-53524,-2.6,-9294,-32.3,0,0.0
"C3114","5","10","41","0","2017","4","",35092,571292,576978,577262,7341414468,635697304,14844968,982,"",1.01,1.05,1.05,1.05,1.04,1.03,1.00,0.99,"",-102,-0.3,10665,1.9,10881,1.9,8366,1.5,351896329,5.0,10077748,1.6,-2228543,-13.1,31,3.3
"C3118","0","10","40","0","2017","4","",8077,143647,145005,144336,1620186040,125835342,2255570,864,"",1.00,1.00,1.00,1.00,1.00,1.00,1.00,1.00,"",108,1.4,1659,1.2,1376,1.0,1065,0.7,70932567,4.6,1896671,1.5,250327,12.5,30,3.6
"C3118","1","10","41","0","2017","4","",58,1348,1504,1533,23643522,0,0,1244,"",1.20,0.49,0.54,0.55,0.53,0.00,0.00,1.01,"",0,0.0,13,1.0,25,1.7,21,1.4,777846,3.4,0,0.0,0,0.0,24,2.0
"C3118","2","10","41","0","2017","4","",48,11267,11365,11496,182844725,0,0,1236,"",0.85,2.44,2.45,2.50,3.46,0.00,0.00,1.40,"",0,0.0,-135,-1.2,-52,-0.5,-21,-0.2,3002868,1.7,0,0.0,0,0.0,27,2.2
"C3118","3","10","41","0","2017","4","",100,17770,17892,17889,208595386,254222,273,899,"",0.73,1.25,1.24,1.25,1.50,0.10,0.02,1.20,"",0,0.0,417,2.4,387,2.2,456,2.6,9678929,4.9,15727,6.6,-4251,-94.0,21,2.4
"C3118","5","10","41","0","2017","4","",7871,113262,114244,113418,1205102407,125581120,2255297,816,"",1.00,0.93,0.93,0.92,0.87,1.03,1.01,0.94,"",108,1.4,1364,1.2,1016,0.9,609,0.5,57472924,5.0,1880944,1.5,254578,12.7,32,4.1
"C3122","0","10","80","0","2017","4","",687,10676,10200,10041,103940929,7826893,323272,776,"",1.00,1.00,1.00,1.00,1.00,1.00,1.00,1.00,"",-16,-2.3,-202,-1.9,-330,-3.1,-200,-2.0,2107834,2.1,-508638,-6.1,-55513,-14.7,33,4.4
"C3126","0","10","80","0","2017","4","",1915,35316,35430,35561,367137371,30790208,559969,797,"",1.00,1.00,1.00,1.00,1.00,1.00,1.00,1.00,"",17,0.9,-588,-1.6,-742,-2.1,-716,-2.0,7624793,2.1,1275531,4.3,85059,17.9,31,4.0
"C3130","0","10","80","0","2017","4","",2000,38824,38946,39057,343797548,73873301,749199,679,"",1.00,1.00,1.00,1.00,1.00,1.00,1.00,1.00,"",-2,-0.1,912,2.4,-76,-0.2,-278,-0.7,9018651,2.7,251931,0.3,-428283,-36.4,15,2.3
"C3134","0","10","40","0","2017","4","",7692,100413,100947,100704,1093564158,64002990,1018460,835,"",1.00,1.00,1.00,1.00,1.00,1.00,1.00,1.00,"",364,5.0,1348,1.4,1308,1.3,1756,1.8,42893457,4.1,1658277,2.7,-125304,-11.0,20,2.5
"C3134","1","10","41","0","2017","4","",53,581,567,559,8446917,0,0,1142,"",1.15,0.30,0.29,0.29,0.28,0.00,0.00,0.96,"",0,0.0,25,4.5,16,2.9,10,1.8,427822,5.3,0,0.0,0,0.0,25,2.2
"C3134","2","10","41","0","2017","4","",90,2482,2442,2454,25106391,0,0,785,"",1.67,0.77,0.76,0.76,0.70,0.00,0.00,0.92,"",3,3.4,-173,-6.5,-211,-8.0,-189,-7.2,-2128928,-7.8,0,0.0,0,0.0,-5,-0.6
"C3134","3","10","41","0","2017","4","",122,10140,10217,10175,88227933,109623,929,667,"",0.93,1.02,1.02,1.02,0.94,0.09,0.17,0.92,"",1,0.8,58,0.6,113,1.1,33,0.3,2576476,3.0,-12476,-10.2,-571,-38.1,15,2.3
"C3134","5","10","41","0","2017","4","",7427,87210,87721,87516,971782917,63893367,1017531,854,"",1.00,1.02,1.02,1.02,1.04,1.03,1.01,1.02,"",360,5.1,1438,1.7,1390,1.6,1902,2.2,42018087,4.5,1670753,2.7,-124733,-10.9,21,2.5
"C3138","0","10","80","0","2017","4","",601,10897,11049,11070,105348040,8629270,248543,736,"",1.00,1.00,1.00,1.00,1.00,1.00,1.00,1.00,"",-57,-8.7,-305,-2.7,-181,-1.6,-70,-0.6,4109627,4.1,436270,5.3,5735,2.4,40,5.7
"C3142","0","10","40","0","2017","4","",5247,97788,98733,99194,1051258067,86681390,1269267,820,"",1.00,1.00,1.00,1.00,1.00,1.00,1.00,1.00,"",-497,-8.7,48,0.0,121,0.1,333,0.3,35756281,3.5,3047718,3.6,-101037,-7.4,26,3.3
"C3142","1","10","41","0","2017","4","",35,1127,1110,1129,21544932,0,0,1477,"",1.11,0.60,0.59,0.59,0.75,0.00,0.00,1.26,"",-18,-34.0,-9,-0.8,-25,-2.2,-50,-4.2,363761,1.7,0,0.0,0,0.0,60,4.2
"C3142","2","10","41","0","2017","4","",87,3747,3759,3723,39160352,378330,1105,805,"",2.37,1.19,1.19,1.18,1.14,0.34,0.66,0.96,"",-5,-5.4,43,1.2,89,2.4,61,1.7,2747100,7.5,59611,18.7,232,26.6,44,5.8
"C3142","3","10","41","0","2017","4","",124,9172,9292,9301,83772595,431833,10468,696,"",1.39,0.95,0.95,0.95,0.93,0.25,1.57,0.98,"",0,0.0,29,0.3,47,0.5,126,1.4,3367522,4.2,75177,21.1,4302,69.8,23,3.4
"C3142","5","10","41","0","2017","4","",5001,83742,84572,85041,906780188,85871227,1257694,826,"",0.98,1.01,1.01,1.01,1.01,1.02,1.00,1.00,"",-474,-8.7,-15,0.0,10,0.0,196,0.2,29277898,3.3,2912930,3.5,-105571,-7.7,26,3.2
"C3146","0","10","40","0","2017","4","",4292,49867,48934,49107,543266578,47578382,2236461,848,"",1.00,1.00,1.00,1.00,1.00,1.00,1.00,1.00,"",213,5.2,480,1.0,1198,2.5,1134,2.4,30760811,6.0,2274508,5.0,233432,11.7,33,4.0
"C3146","1","10","41","0","2017","4","",17,330,294,300,4538592,0,0,1134,"",0.66,0.34,0.31,0.32,0.30,0.00,0.00,0.94,"",0,0.0,-6,-1.8,-37,-11.2,7,2.4,109229,2.5,0,0.0,0,0.0,69,6.5
"C3146","2","10","41","0","2017","4","",88,2563,2589,2599,40002582,0,0,1191,"",2.93,1.60,1.65,1.66,2.26,0.00,0.00,1.38,"",-1,-1.1,53,2.1,46,1.8,-190,-6.8,3590492,9.9,0,0.0,0,0.0,119,11.1
"C3146","3","10","41","0","2017","4","",145,8216,8356,8227,101592681,747567,40548,945,"",1.99,1.66,1.72,1.69,2.17,0.79,3.44,1.28,"",0,0.0,483,6.2,405,5.1,376,4.8,7644387,8.1,-107341,-12.6,-7803,-16.1,24,2.6
"C3146","5","10","41","0","2017","4","",4042,38758,37695,37981,397132723,46830815,2195913,801,"",0.97,0.91,0.91,0.91,0.86,1.02,0.99,0.94,"",214,5.6,-50,-0.1,784,2.1,941,2.5,19416703,5.1,2381849,5.4,241235,12.3,28,3.6
"C3150","0","10","80","0","2017","4","",655,12260,12244,12291,124446223,9123371,132814,780,"",1.00,1.00,1.00,1.00,1.00,1.00,1.00,1.00,"",-4,-0.6,-105,-0.8,-120,-1.0,-111,-0.9,2122482,1.7,-241491,-2.6,-30101,-18.5,20,2.6
"C3154","0","10","40","0","2017","4","",19210,384252,386514,386631,5197278096,386982966,7638031,1036,"",1.00,1.00,1.00,1.00,1.00,1.00,1.00,1.00,"",958,5.2,2547,0.7,501,0.1,4533,1.2,207026301,4.1,397681,0.1,-1752470,-18.7,34,3.4
"C3154","1","10","41","0","2017","4","",119,5288,5349,5447,95366839,0,0,1368,"",1.03,0.71,0.72,0.73,0.67,0.00,0.00,0.92,"",0,0.0,-164,-3.0,-134,-2.4,-42,-0.8,1234759,1.3,0,0.0,0,0.0,45,3.4
"C3154","2","10","41","0","2017","4","N",79,0,0,0,0,0,0,0,"N",0.59,0,0,0,0,0,0,0,"N",0,0.0,0,0,0,0,0,0,0,0,0,0,0,0,0,0
"C3154","3","10","41","0","2017","4","N",548,0,0,0,0,0,0,0,"N",1.68,0,0,0,0,0,0,0,"N",7,1.3,0,0,0,0,0,0,0,0,0,0,0,0,0,0
"C3154","5","10","41","0","2017","4","",18464,305542,307866,308150,4188698000,386895860,7636971,1049,"",0.99,0.94,0.94,0.94,0.94,1.03,1.01,1.01,"",951,5.4,2007,0.7,3236,1.1,4442,1.5,185317012,4.6,418106,0.1,-1751780,-18.7,36,3.6
"C3158","0","10","80","0","2017","4","",1101,17389,17551,17518,186319645,14602980,349699,820,"",1.00,1.00,1.00,1.00,1.00,1.00,1.00,1.00,"",-8,-0.7,-436,-2.4,-415,-2.3,-408,-2.3,-5612824,-2.9,-1880553,-11.4,-152986,-30.4,-5,-0.6
"C3162","0","10","80","0","2017","4","",714,8019,8024,8018,81287078,6973211,148818,780,"",1.00,1.00,1.00,1.00,1.00,1.00,1.00,1.00,"",-17,-2.3,-60,-0.7,-159,-1.9,-61,-0.8,1107684,1.4,602742,9.5,14607,10.9,20,2.6
"C3166","0","10","80","0","2017","4","",1155,18360,18249,18222,202314281,9004159,283414,851,"",1.00,1.00,1.00,1.00,1.00,1.00,1.00,1.00,"",0,0.0,-235,-1.3,-175,-0.9,-108,-0.6,8833546,4.6,602282,7.2,2178,0.8,44,5.5
"C3168","0","10","80","0","2017","4","",643,8487,8446,8532,78922359,8734050,123026,715,"",1.00,1.00,1.00,1.00,1.00,1.00,1.00,1.00,"",17,2.7,-13,-0.2,-13,-0.2,-6,-0.1,2216285,2.9,301117,3.6,-29438,-19.3,21,3.0
"C3170","0","10","40","0","2017","4","",12204,203250,204081,205972,3297903512,216468025,1896504,1241,"",1.00,1.00,1.00,1.00,1.00,1.00,1.00,1.00,"",28,0.2,1845,0.9,1877,0.9,1836,0.9,129571977,4.1,9209543,4.4,105939,5.9,38,3.2
"C3170","1","10","41","0","2017","4","",72,3943,3976,4073,88587845,0,0,1705,"",0.98,1.01,1.02,1.03,0.98,0.00,0.00,0.96,"",0,0.0,9,0.2,47,1.2,-45,-1.1,2713589,3.2,0,0.0,0,0.0,51,3.1
"C3170","2","10","41","0","2017","4","",140,1964,1778,1802,18682841,0,0,778,"",1.64,0.30,0.27,0.27,0.17,0.00,0.00,0.61,"",2,1.4,250,14.6,-26,-1.4,-29,-1.6,475040,2.6,0,0.0,0,0.0,-8,-1.0
"C3170","3","10","41","0","2017","4","",116,16053,16324,16204,191611401,10630,13,910,"",0.56,0.80,0.81,0.79,0.68,0.00,0.00,0.85,"",0,0.0,-7,0.0,28,0.2,39,0.2,3537047,1.9,-19978,-65.3,-27,-67.5,16,1.8
"C3170","5","10","41","0","2017","4","",11876,181290,182003,183893,2999021425,216457395,1896491,1265,"",1.00,1.05,1.05,1.05,1.06,1.03,1.01,1.01,"",26,0.2,1593,0.9,1828,1.0,1871,1.0,122846301,4.3,9229521,4.5,105966,5.9,40,3.3
"C3174","0","10","40","0","2017","4","",2334,39333,39488,39024,383222510,70830556,467996,750,"",1.00,1.00,1.00,1.00,1.00,1.00,1.00,1.00,"",-15,-0.6,468,1.2,776,2.0,634,1.7,4188030,1.1,-2172290,-3.0,-63511,-11.9,-4,-0.5
"C3174","1","10","41","0","2017","4","",32,450,460,440,7090059,0,0,1212,"",2.29,0.59,0.61,0.59,0.67,0.00,0.00,1.13,"",-1,-3.0,-8,-1.7,4,0.9,-21,-4.6,-309080,-4.2,0,0.0,0,0.0,-30,-2.4
"C3174","2","10","41","0","2017","4","N",29,0,0,0,0,0,0,0,"N",1.77,0,0,0,0,0,0,0,"N",5,20.8,0,0,0,0,0,0,0,0,0,0,0,0,0,0
"C3174","3","10","41","0","2017","4","N",66,0,0,0,0,0,0,0,"N",1.66,0,0,0,0,0,0,0,"N",-1,-1.5,0,0,0,0,0,0,0,0,0,0,0,0,0,0
"C3174","5","10","41","0","2017","4","",2207,29093,29138,28787,257842661,37479977,433703,684,"",0.97,0.87,0.87,0.87,0.79,0.55,0.93,0.91,"",-18,-0.8,227,0.8,401,1.4,306,1.1,4657151,1.8,-3268758,-8.0,-59558,-12.1,5,0.7
"C3182","0","10","80","0","2017","4","",1889,33827,33604,33459,379504294,37702185,992762,868,"",1.00,1.00,1.00,1.00,1.00,1.00,1.00,1.00,"",37,2.0,22,0.1,-155,-0.5,89,0.3,25260369,7.1,3937321,11.7,4615,0.5,58,7.2
"C3186","0","10","40","0","2017","4","",2783,57091,56250,55871,612206261,134766496,1338086,835,"",1.00,1.00,1.00,1.00,1.00,1.00,1.00,1.00,"",137,5.2,1453,2.6,1405,2.6,1408,2.6,37383301,6.5,10451033,8.4,55880,4.4,31,3.9
"C3186","1","10","41","0","2017","4","",28,290,292,293,4562099,0,0,1203,"",1.68,0.26,0.27,0.27,0.27,0.00,0.00,1.01,"",0,0.0,9,3.2,3,1.0,-2,-0.7,105486,2.4,0,0.0,0,0.0,14,1.2
"C3186","2","10","41","0","2017","4","",44,3462,3477,3469,47692062,0,0,1057,"",2.26,1.89,1.93,1.95,2.39,0.00,0.00,1.24,"",2,4.8,-8,-0.2,20,0.6,42,1.2,-770376,-1.6,0,0.0,0,0.0,-23,-2.1
"C3186","3","10","41","0","2017","4","",86,4426,4414,4449,48796924,1106,84,847,"",1.82,0.78,0.79,0.80,0.93,0.00,0.01,1.17,"",0,0.0,80,1.8,119,2.8,30,0.7,2097667,4.5,4,0.4,-15,-15.2,22,2.7
"C3186","5","10","41","0","2017","4","",2625,48913,48067,47660,511155176,134765390,1338002,816,"",0.97,1.01,1.01,1.00,0.98,1.03,1.01,0.97,"",135,5.4,1372,2.9,1263,2.7,1338,2.9,35950524,7.6,10451029,8.4,55895,4.4,36,4.6
"C3190","0","10","40","0","2017","4","",2742,50122,50545,50285,503663580,40292597,1003876,770,"",1.00,1.00,1.00,1.00,1.00,1.00,1.00,1.00,"",19,0.7,-854,-1.7,-382,-0.8,-520,-1.0,17382634,3.6,1321328,3.4,192532,23.7,35,4.8
"C3190","1","10","41","0","2017","4","",21,610,625,648,10417714,0,0,1277,"",1.28,0.63,0.65,0.67,0.75,0.00,0.00,1.16,"",-1,-4.5,-39,-6.0,-30,-4.6,-14,-2.1,-373864,-3.5,0,0.0,0,0.0,10,0.8
"C3190","2","10","41","0","2017","4","",19,1450,1439,1435,19236823,0,0,1027,"",0.99,0.90,0.89,0.89,1.17,0.00,0.00,1.31,"",0,0.0,19,1.3,14,1.0,-9,-0.6,-2009535,-9.5,0,0.0,0,0.0,-113,-9.9
"C3190","3","10","41","0","2017","4","",126,5501,5524,5403,53991485,80449,3675,758,"",2.70,1.11,1.10,1.09,1.25,0.10,0.70,1.13,"",2,1.6,-107,-1.9,-104,-1.8,7,0.1,337564,0.6,10287,14.7,1583,75.7,14,1.9
"C3190","5","10","41","0","2017","4","",2576,42561,42957,42799,420017558,40212148,1000201,755,"",0.97,1.00,1.00,1.00,0.98,1.03,1.00,0.98,"",18,0.7,-727,-1.7,-262,-0.6,-504,-1.2,19428469,4.8,1311041,3.4,190949,23.6,43,6.0
"C3193","0","10","80","0","2017","4","",1646,25139,25131,25069,297549116,17275665,599497,911,"",1.00,1.00,1.00,1.00,1.00,1.00,1.00,1.00,"",15,0.9,-68,-0.3,41,0.2,257,1.0,12514483,4.4,546693,3.3,133354,28.6,35,4.0
"C3194","0","10","80","0","2017","4","",1659,25776,25795,25711,265837876,23526042,570132,794,"",1.00,1.00,1.00,1.00,1.00,1.00,1.00,1.00,"",20,1.2,306,1.2,240,0.9,415,1.6,8499070,3.3,3343677,16.6,13594,2.4,16,2.1
"C3198","0","10","80","0","2017","4","",1217,27618,27637,27610,270051359,24192571,362280,752,"",1.00,1.00,1.00,1.00,1.00,1.00,1.00,1.00,"",-20,-1.6,133,0.5,107,0.4,205,0.7,2870208,1.1,1901732,8.5,-49348,-12.0,4,0.5
"C3200","0","10","80","0","2017","4","",779,16217,16123,16102,151218836,31856024,392006,720,"",1.00,1.00,1.00,1.00,1.00,1.00,1.00,1.00,"",27,3.6,201,1.3,120,0.7,114,0.7,8184001,5.7,4259120,15.4,-119022,-23.3,32,4.7
"C3202","0","10","80","0","2017","4","",1233,24674,24852,24801,257737410,18928613,508779,800,"",1.00,1.00,1.00,1.00,1.00,1.00,1.00,1.00,"",-10,-0.8,454,1.9,501,2.1,435,1.8,3240552,1.3,1937940,11.4,153961,43.4,-5,-0.6
"C3210","0","10","80","0","2017","4","",1587,27032,26943,26817,285405542,18907077,570607,815,"",1.00,1.00,1.00,1.00,1.00,1.00,1.00,1.00,"",-7,-0.4,-444,-1.6,-142,-0.5,181,0.7,4760628,1.7,-396179,-2.1,-42316,-6.9,17,2.1
"C3214","0","10","80","0","2017","4","",819,14645,14597,14566,148633567,34178979,321322,783,"",1.00,1.00,1.00,1.00,1.00,1.00,1.00,1.00,"",15,1.9,-368,-2.5,-239,-1.6,-156,-1.1,723987,0.5,-148668,-0.4,-76475,-19.2,17,2.2
"C3218","0","10","80","0","2017","4","",634,8772,8760,8772,77689141,7486483,91585,682,"",1.00,1.00,1.00,1.00,1.00,1.00,1.00,1.00,"",10,1.6,149,1.7,97,1.1,171,2.0,4153361,5.6,545426,7.9,-30465,-25.0,26,4.0
"C3222","0","10","80","0","2017","4","",1383,22958,23028,23066,280660486,18937147,665881,938,"",1.00,1.00,1.00,1.00,1.00,1.00,1.00,1.00,"",6,0.4,-294,-1.3,-202,-0.9,140,0.6,4846678,1.8,2375768,14.3,240784,56.6,21,2.3
"C3226","0","10","80","0","2017","4","",1022,17264,17040,16967,200495394,44397720,843734,902,"",1.00,1.00,1.00,1.00,1.00,1.00,1.00,1.00,"",-9,-0.9,-806,-4.5,-830,-4.6,-498,-2.9,-11137436,-5.3,-6200049,-12.3,-481365,-36.3,-12,-1.3
"C3228","0","10","80","0","2017","4","",569,10798,11286,11335,97023254,7825969,150767,670,"",1.00,1.00,1.00,1.00,1.00,1.00,1.00,1.00,"",14,2.5,-225,-2.0,83,0.7,121,1.1,3956628,4.3,237575,3.1,6446,4.5,28,4.4
"C3230","0","10","80","0","2017","4","",2742,25309,25379,25295,213913676,18938756,306535,650,"",1.00,1.00,1.00,1.00,1.00,1.00,1.00,1.00,"",152,5.9,726,3.0,706,2.9,602,2.4,5791093,2.8,-9707697,-33.9,-175455,-36.4,1,0.2
"C3234","0","10","80","0","2017","4","",572,7668,7683,7741,70690030,6899547,81508,706,"",1.00,1.00,1.00,1.00,1.00,1.00,1.00,1.00,"",9,1.6,-27,-0.4,-32,-0.4,56,0.7,3872180,5.8,1308995,23.4,-1324,-1.6,38,5.7
"C3238","0","10","80","0","2017","4","",1928,27058,27071,26942,290468229,62798188,922795,827,"",1.00,1.00,1.00,1.00,1.00,1.00,1.00,1.00,"",13,0.7,55,0.2,-69,-0.3,-117,-0.4,7341121,2.6,2645685,4.4,62996,7.3,22,2.7
"C3242","0","10","40","0","2017","4","",1668,30179,31158,32059,199965348,10925165,374566,494,"",1.00,1.00,1.00,1.00,1.00,1.00,1.00,1.00,"",-43,-2.5,-3146,-9.4,-2673,-7.9,-2618,-7.5,-10485850,-5.0,-2127160,-16.3,-91171,-19.6,17,3.6
"C3242","1","10","41","0","2017","4","",11,304,312,317,6715612,0,0,1661,"",1.10,0.52,0.52,0.51,1.22,0.00,0.00,2.35,"",-1,-8.3,-19,-5.9,-13,-4.0,-3,-0.9,52507,0.8,0,0.0,0,0.0,73,4.6
"C3242","2","10","41","0","2017","4","N",60,0,0,0,0,0,0,0,"N",5.13,0,0,0,0,0,0,0,"N",-1,-1.6,0,0,0,0,0,0,0,0,0,0,0,0,0,0
"C3242","3","10","41","0","2017","4","N",5,0,0,0,0,0,0,0,"N",0.18,0,0,0,0,0,0,0,"N",1,25.0,0,0,0,0,0,0,0,0,0,0,0,0,0,0
"C3242","5","10","41","0","2017","4","",1592,21898,22876,23785,122958912,10921728,374456,414,"",0.98,0.85,0.86,0.87,0.72,1.03,1.01,0.83,"",-42,-2.6,-2405,-9.9,-1971,-7.9,-1864,-7.3,-9182311,-6.9,-2052360,-15.8,-87847,-19.0,6,1.5
"C3246","0","10","80","0","2017","4","",865,11138,11069,11261,105557704,9980655,195200,728,"",1.00,1.00,1.00,1.00,1.00,1.00,1.00,1.00,"",-16,-1.8,234,2.1,-143,-1.3,90,0.8,5060567,5.0,-226795,-2.2,-67704,-25.8,31,4.4
"C3250","0","10","80","0","2017","4","",525,8599,8713,8728,88309489,8284047,199413,783,"",1.00,1.00,1.00,1.00,1.00,1.00,1.00,1.00,"",-11,-2.1,-23,-0.3,13,0.1,-8,-0.1,399771,0.5,-119510,-1.4,-12312,-5.8,4,0.5
"C3254","0","10","80","0","2017","4","",1051,16678,16674,16984,189215028,29019844,396219,867,"",1.00,1.00,1.00,1.00,1.00,1.00,1.00,1.00,"",25,2.4,365,2.2,289,1.8,807,5.0,11558078,6.5,2654633,10.1,80869,25.6,28,3.3
"C3258","0","10","40","0","2017","4","",12452,256044,259672,261813,2238231600,219280044,4489962,664,"",1.00,1.00,1.00,1.00,1.00,1.00,1.00,1.00,"",214,1.7,4625,1.8,5214,2.0,5595,2.2,99458183,4.7,10097944,4.8,538839,13.6,16,2.5
"C3258","1","10","41","0","2017","4","",60,4389,4390,4398,94892551,0,0,1662,"",0.80,0.89,0.88,0.87,1.54,0.00,0.00,1.75,"",-2,-3.2,76,1.8,73,1.7,19,0.4,2809947,3.1,0,0.0,0,0.0,29,1.8
"C3258","2","10","41","0","2017","4","",42,7160,7242,7280,85923700,0,0,915,"",0.48,0.87,0.87,0.87,1.18,0.00,0.00,1.35,"",-2,-4.5,-11,-0.2,-9,-0.1,19,0.3,4280014,5.2,0,0.0,0,0.0,46,5.3
"C3258","3","10","41","0","2017","4","",241,46862,47531,47849,498298566,3032053,3013,808,"",1.14,1.85,1.84,1.85,2.59,0.70,0.13,1.40,"",9,3.9,155,0.3,629,1.3,489,1.0,16359679,3.4,-279339,-8.4,-59885,-95.2,19,2.4
"C3258","5","10","41","0","2017","4","",12109,197633,200509,202286,1559116783,216247991,4486949,599,"",1.00,0.91,0.91,0.91,0.82,1.02,1.01,0.90,"",209,1.8,4405,2.3,4521,2.3,5068,2.6,76008543,5.1,10377283,5.0,598724,15.4,15,2.6
"C3262","0","10","80","0","2017","4","",1212,16723,16715,16782,140359505,21403309,131517,645,"",1.00,1.00,1.00,1.00,1.00,1.00,1.00,1.00,"",-7,-0.6,204,1.2,-28,-0.2,16,0.1,7830381,5.9,1663257,8.4,19477,17.4,34,5.6
"C3266","0","10","80","0","2017","4","",819,13017,13007,12960,132222585,7830952,88505,783,"",1.00,1.00,1.00,1.00,1.00,1.00,1.00,1.00,"",15,1.9,-655,-4.8,-795,-5.8,-910,-6.6,-7276956,-5.2,-3443696,-30.5,-49422,-35.8,4,0.5
"C3270","0","10","80","0","2017","4","",922,14579,14653,14901,160583105,27418836,168108,840,"",1.00,1.00,1.00,1.00,1.00,1.00,1.00,1.00,"",-23,-2.4,150,1.0,282,2.0,505,3.5,6440617,4.2,1493993,5.8,28901,20.8,17,2.1
"C3274","0","10","80","0","2017","4","",2189,30378,30154,30125,307647827,20480164,1134474,783,"",1.00,1.00,1.00,1.00,1.00,1.00,1.00,1.00,"",-29,-1.3,-382,-1.2,-365,-1.2,-222,-0.7,12008858,4.1,658618,3.3,34270,3.1,38,5.1
"C3278","0","10","40","0","2017","4","",7435,90134,90236,89398,973516575,360898237,8197077,833,"",1.00,1.00,1.00,1.00,1.00,1.00,1.00,1.00,"",219,3.0,2441,2.8,2509,2.9,1961,2.2,60137977,6.6,33719247,10.3,907125,12.4,31,3.9
"C3278","1","10","41","0","2017","4","",45,1757,1710,1719,30470387,0,0,1356,"",1.01,1.01,0.99,1.00,1.14,0.00,0.00,1.14,"",-2,-4.3,-12,-0.7,-40,-2.3,-48,-2.7,704858,2.4,0,0.0,0,0.0,57,4.4
"C3278","2","10","41","0","2017","4","",36,1641,1650,1615,16759786,0,0,788,"",0.69,0.57,0.57,0.57,0.53,0.00,0.00,0.93,"",-1,-2.7,-70,-4.1,-51,-3.0,-77,-4.6,-169106,-1.0,0,0.0,0,0.0,23,3.0
"C3278","3","10","41","0","2017","4","",141,7903,8006,7935,90928138,17960171,47802,880,"",1.12,0.88,0.89,0.90,1.09,2.51,1.11,1.22,"",5,3.7,-422,-5.1,-510,-6.0,-515,-6.1,-733077,-0.8,17429,0.1,7075,17.4,44,5.3
"C3278","5","10","41","0","2017","4","",7213,78833,78870,78129,835358264,342938066,8149275,817,"",1.00,1.03,1.03,1.03,1.00,0.98,1.00,0.98,"",217,3.1,2945,3.9,3110,4.1,2601,3.4,60335302,7.8,33701818,10.9,900050,12.4,30,3.8
"C3282","0","10","40","0","2017","4","",27276,614788,622568,624340,8364276043,559466441,5792626,1037,"",1.00,1.00,1.00,1.00,1.00,1.00,1.00,1.00,"",314,1.2,4837,0.8,5472,0.9,5696,0.9,276890434,3.4,-419927,-0.1,-588781,-9.2,26,2.6
"C3282","1","10","41","0","2017","4","",171,13113,13320,13347,254369633,0,0,1476,"",1.05,1.11,1.12,1.11,1.11,0.00,0.00,1.00,"",1,0.6,-305,-2.3,-1,0.0,-546,-3.9,4547535,1.8,0,0.0,0,0.0,57,4.0
"C3282","2","10","41","0","2017","4","",124,13039,13069,12114,168692843,0,0,1019,"",0.65,0.66,0.66,0.61,0.62,0.00,0.00,0.96,"",0,0.0,543,4.3,531,4.2,544,4.7,8040997,5.0,0,0.0,0,0.0,6,0.6
"C3282","3","10","41","0","2017","4","",203,53302,53480,53635,656226295,1730875,16300,944,"",0.44,0.88,0.87,0.87,0.91,0.16,0.53,1.05,"",-3,-1.5,1134,2.2,968,1.8,1217,2.3,25776695,4.1,263010,17.9,-144,-0.9,18,1.9
"C3282","5","10","41","0","2017","4","",26778,535334,542699,545244,7284987272,557735566,5776326,1036,"",1.01,1.02,1.03,1.03,1.02,1.03,1.00,0.99,"",316,1.2,3465,0.7,3974,0.7,4481,0.8,238525207,3.4,-682937,-0.1,-588637,-9.2,27,2.7
"C3286","0","10","80","0","2017","4","",1020,17769,17713,17572,185299340,21282139,418346,806,"",1.00,1.00,1.00,1.00,1.00,1.00,1.00,1.00,"",37,3.8,82,0.5,-225,-1.3,-125,-0.7,11665455,6.7,956022,4.7,-41364,-9.0,55,7.3
"C3290","0","10","40","0","2017","4","",6685,84909,81262,79342,869759317,59448849,2877709,818,"",1.00,1.00,1.00,1.00,1.00,1.00,1.00,1.00,"",341,5.4,4249,5.3,2648,3.4,3575,4.7,47743506,5.8,5310570,9.8,187743,7.0,11,1.4
"C3290","1","10","41","0","2017","4","",27,748,761,757,12261466,0,0,1249,"",0.67,0.46,0.49,0.50,0.51,0.00,0.00,1.07,"",0,0.0,-34,-4.3,-16,-2.1,-19,-2.4,-111388,-0.9,0,0.0,0,0.0,26,2.1
"C3290","2","10","41","0","2017","4","",19,3785,3819,3299,51282241,0,0,1085,"",0.41,1.39,1.47,1.30,1.81,0.00,0.00,1.30,"",0,0.0,640,20.3,567,17.4,23,0.7,-49841,-0.1,0,0.0,0,0.0,-140,-11.4
"C3290","3","10","41","0","2017","4","",178,13996,14208,14054,181753510,163241,6650,993,"",1.57,1.66,1.76,1.79,2.43,0.14,0.44,1.40,"",0,0.0,131,0.9,220,1.6,196,1.4,4750425,2.7,16764,11.4,215,3.3,14,1.4
"C3290","5","10","41","0","2017","4","",6461,66380,62474,61232,624462100,59285608,2871059,758,"",1.00,0.92,0.90,0.91,0.84,1.03,1.00,0.92,"",341,5.6,3512,5.6,1877,3.1,3375,5.8,43154310,7.4,5293806,9.8,187528,7.0,18,2.4
"C3294","0","10","80","0","2017","4","",2309,38167,38192,38559,351097769,43016646,366315,705,"",1.00,1.00,1.00,1.00,1.00,1.00,1.00,1.00,"",-41,-1.7,-656,-1.7,-987,-2.5,-1118,-2.8,-10561085,-2.9,-2517204,-5.5,-58337,-13.7,-4,-0.6
"C3298","0","10","80","0","2017","4","",773,11214,11258,11202,111250693,10266257,261316,762,"",1.00,1.00,1.00,1.00,1.00,1.00,1.00,1.00,"",37,5.0,242,2.2,299,2.7,403,3.7,-12907328,-10.4,24565,0.2,-32771,-11.1,-113,-12.9
"C3302","0","10","80","0","2017","4","",653,9199,9296,9342,84757451,9143958,102518,703,"",1.00,1.00,1.00,1.00,1.00,1.00,1.00,1.00,"",13,2.0,-268,-2.8,-329,-3.4,-300,-3.1,98524,0.1,-562166,-5.8,-52124,-33.7,23,3.4
"C3306","0","10","80","0","2017","4","",723,12175,12212,12181,104370421,20782838,182837,659,"",1.00,1.00,1.00,1.00,1.00,1.00,1.00,1.00,"",19,2.7,-137,-1.1,-75,-0.6,-204,-1.6,3352376,3.3,-38068,-0.2,-27859,-13.2,29,4.6
"C3310","0","10","40","0","2017","4","",223705,2523691,2558341,2576045,35446975491,1903265130,23998828,1068,"",1.00,1.00,1.00,1.00,1.00,1.00,1.00,1.00,"",3286,1.5,34389,1.4,34005,1.3,33566,1.3,1851555756,5.5,36541982,2.0,-5710141,-19.2,42,4.1
"C3310","1","10","41","0","2017","4","",373,33500,33508,34248,724118123,0,0,1650,"",0.28,0.69,0.68,0.69,0.74,0.00,0.00,1.08,"",-2,-0.5,34,0.1,-84,-0.3,-106,-0.3,39453911,5.8,0,0.0,0,0.0,92,5.9
"C3310","2","10","41","0","2017","4","",248,41658,41854,41898,450670813,0,0,829,"",0.16,0.51,0.51,0.51,0.39,0.00,0.00,0.76,"",-8,-3.1,13516,48.0,13672,48.5,13654,48.3,112992819,33.5,0,0.0,0,0.0,-92,-10.0
"C3310","3","10","41","0","2017","4","",294,230869,231015,231435,3503984603,8971962,52508,1166,"",0.08,0.92,0.91,0.91,1.15,0.24,0.42,1.26,"",6,2.1,-10761,-4.5,-12106,-5.0,-11776,-4.8,35890633,1.0,664437,8.0,1353,2.6,67,6.1
"C3310","5","10","41","0","2017","4","",222790,2217664,2251964,2268464,30768201952,1894293168,23946320,1054,"",1.03,1.03,1.04,1.04,1.02,1.03,1.00,0.98,"",3290,1.5,31600,1.4,32523,1.5,31794,1.4,1663218393,5.7,35877545,1.9,-5711494,-19.3,43,4.3
"C3314","0","10","40","0","2017","4","",2298,40604,40674,40517,419323605,32987798,683120,795,"",1.00,1.00,1.00,1.00,1.00,1.00,1.00,1.00,"",-2,-0.1,-207,-0.5,-280,-0.7,-26,-0.1,12415771,3.1,387250,1.2,-64960,-8.7,27,3.5
"C3314","1","10","41","0","2017","4","",14,179,180,182,2640929,0,0,1127,"",1.02,0.23,0.23,0.23,0.23,0.00,0.00,0.99,"",-1,-6.7,6,3.5,12,7.1,5,2.8,38073,1.5,0,0.0,0,0.0,-33,-2.8
"C3314","2","10","41","0","2017","4","",27,1983,2041,2006,23187994,0,0,887,"",1.68,1.52,1.57,1.55,1.69,0.00,0.00,1.09,"",3,12.5,-109,-5.2,-58,-2.8,-66,-3.2,471565,2.1,0,0.0,0,0.0,50,6.0
"C3314","3","10","41","0","2017","4","",55,4378,4362,4347,39941219,108182,1869,704,"",1.41,1.09,1.08,1.08,1.11,0.17,0.52,1.02,"",0,0.0,-40,-0.9,-36,-0.8,-18,-0.4,1785766,4.7,3063,2.9,912,95.3,36,5.4
"C3314","5","10","41","0","2017","4","",2202,34064,34091,33982,353553463,32879616,681251,799,"",0.99,0.99,0.99,0.99,0.99,1.03,1.00,1.00,"",-4,-0.2,-64,-0.2,-198,-0.6,53,0.2,10120367,2.9,384187,1.2,-65872,-8.8,25,3.2
"C3318","0","10","80","0","2017","4","",565,8371,8462,8451,72546655,8317545,294796,662,"",1.00,1.00,1.00,1.00,1.00,1.00,1.00,1.00,"",-15,-2.6,99,1.2,177,2.1,108,1.3,855488,1.2,1526703,22.5,132415,81.5,-2,-0.3
"C3322","0","10","40","0","2017","4","",3155,36846,37076,36712,863004301,25248673,772638,1800,"",1.00,1.00,1.00,1.00,1.00,1.00,1.00,1.00,"",298,10.4,-95,-0.3,-68,-0.2,-145,-0.4,358338389,71.0,841665,3.4,-63855,-7.6,750,71.4
"C3322","1","10","41","0","2017","4","",8,155,157,165,2253394,0,0,1090,"",0.42,0.22,0.22,0.23,0.09,0.00,0.00,0.42,"",-1,-11.1,13,9.2,12,8.3,17,11.5,130828,6.2,0,0.0,0,0.0,-36,-3.2
"C3322","2","10","41","0","2017","4","",7,112,111,111,1803629,0,0,1246,"",0.32,0.09,0.09,0.09,0.06,0.00,0.00,0.68,"",0,0.0,-4,-3.4,-4,-3.5,-4,-3.5,-23570,-1.3,0,0.0,0,0.0,27,2.2
"C3322","3","10","41","0","2017","4","",44,2642,2613,2649,29671969,133300,4665,866,"",0.82,0.72,0.71,0.73,0.40,0.27,1.15,0.55,"",-1,-2.2,-28,-1.0,-46,-1.7,-8,-0.3,562806,1.9,17265,14.9,296,6.8,25,3.0
"C3322","5","10","41","0","2017","4","",3096,33937,34195,33787,829275309,25115373,767973,1878,"",1.01,1.08,1.09,1.08,1.13,1.03,1.00,1.04,"",300,10.7,-76,-0.2,-30,-0.1,-150,-0.4,357668325,75.8,824400,3.4,-64151,-7.7,813,76.3
"C3326","0","10","40","0","2017","4","",5765,95612,96743,97523,1677375535,124836471,3969743,1335,"",1.00,1.00,1.00,1.00,1.00,1.00,1.00,1.00,"",128,2.3,9865,11.5,10107,11.7,10549,12.1,228257776,15.8,33148141,36.2,2063457,108.2,46,3.6
"C3326","1","10","41","0","2017","4","",23,557,560,555,10593357,0,0,1462,"",0.67,0.30,0.30,0.30,0.23,0.00,0.00,0.77,"",0,0.0,-8,-1.4,-21,-3.6,-37,-6.2,169324,1.6,0,0.0,0,0.0,78,5.6
"C3326","2","10","41","0","2017","4","",27,580,582,589,8488829,0,0,1119,"",0.67,0.19,0.19,0.19,0.16,0.00,0.00,0.82,"",0,0.0,16,2.8,18,3.2,21,3.7,628465,8.0,0,0.0,0,0.0,49,4.6
"C3326","3","10","41","0","2017","4","",86,8607,8667,8692,109101964,123714,122,970,"",0.88,0.91,0.90,0.90,0.76,0.05,0.01,0.84,"",3,3.6,-89,-1.0,-209,-2.4,-81,-0.9,5419176,5.2,-69991,-36.1,-3556,-96.7,62,6.8
"C3326","5","10","41","0","2017","4","",5629,85868,86934,87687,1549191385,124712757,3969621,1372,"",1.01,1.06,1.06,1.06,1.08,1.03,1.01,1.02,"",125,2.3,9946,13.1,10319,13.5,10646,13.8,222040811,16.7,33218132,36.3,2067013,108.6,38,2.8
"C3330","0","10","80","0","2017","4","",886,16606,16590,16574,141876420,11996502,190420,658,"",1.00,1.00,1.00,1.00,1.00,1.00,1.00,1.00,"",-109,-11.0,-558,-3.3,-716,-4.1,-574,-3.3,-3880394,-2.7,-1046453,-8.0,-34780,-15.4,6,0.9
"C3334","0","10","40","0","2017","4","",46387,832455,833755,837373,11380879773,928724088,19691357,1049,"",1.00,1.00,1.00,1.00,1.00,1.00,1.00,1.00,"",1866,4.2,7205,0.9,5994,0.7,11360,1.4,281015436,2.5,53568173,6.1,-3697773,-15.8,16,1.5
"C3334","1","10","41","0","2017","4","",140,10388,10415,10618,196230512,0,0,1441,"",0.50,0.65,0.65,0.66,0.63,0.00,0.00,0.96,"",1,0.7,-14,-0.1,-52,-0.5,-67,-0.6,3608546,1.9,0,0.0,0,0.0,32,2.3
"C3334","2","10","41","0","2017","4","",49,8052,7885,7797,86663885,0,0,843,"",0.15,0.30,0.30,0.29,0.23,0.00,0.00,0.79,"",-5,-9.3,-198,-2.4,-392,-4.7,-158,-2.0,-4123521,-4.5,0,0.0,0,0.0,-13,-1.5
"C3334","3","10","41","0","2017","4","",664,64087,64250,64478,820317251,1067053,42242,982,"",0.84,0.78,0.78,0.78,0.84,0.06,0.41,1.08,"",-36,-5.1,-513,-0.8,-1918,-2.9,-688,-1.1,-8678792,-1.0,21205,2.0,-6452,-13.3,6,0.6
"C3334","5","10","41","0","2017","4","",45534,749928,751205,754480,10277668125,927657035,19649115,1051,"",1.01,1.06,1.06,1.06,1.06,1.03,1.00,1.00,"",1906,4.4,7930,1.1,8356,1.1,12273,1.7,290209203,2.9,53546968,6.1,-3691321,-15.8,16,1.5
"C3342","0","10","80","0","2017","4","",713,8729,8725,8699,98937395,7923929,217663,873,"",1.00,1.00,1.00,1.00,1.00,1.00,1.00,1.00,"",9,1.3,437,5.3,457,5.5,448,5.4,12729999,14.8,465082,6.2,61473,39.4,71,8.9
"C3346","0","10","40","0","2017","4","",93923,1918423,1919024,1914510,29632405611,4773585654,56463206,1189,"",1.00,1.00,1.00,1.00,1.00,1.00,1.00,1.00,"",4764,5.3,28499,1.5,27519,1.5,27301,1.4,1417837293,5.0,233530709,5.1,-2218752,-3.8,40,3.5
"C3346","1","10","41","0","2017","4","",413,21100,21021,21137,421460461,0,0,1538,"",0.73,0.57,0.57,0.57,0.52,0.00,0.00,0.90,"",6,1.5,157,0.7,-7,0.0,-104,-0.5,13050940,3.2,0,0.0,0,0.0,47,3.2
"C3346","2","10","41","0","2017","4","",554,57505,57528,56108,792284612,0,0,1068,"",0.84,0.93,0.94,0.92,0.82,0.00,0.00,0.88,"",13,2.4,3132,5.8,3260,6.0,3488,6.6,-4756816,-0.6,0,0.0,0,0.0,-73,-6.4
"C3346","3","10","41","0","2017","4","",1644,162404,162630,161851,2140224610,4543519,50161,1014,"",1.03,0.85,0.85,0.85,0.84,0.05,0.17,0.98,"",17,1.0,1866,1.2,1827,1.1,1590,1.0,65660657,3.2,-146172,-3.1,-25045,-33.3,20,2.0
"C3346","5","10","41","0","2017","4","",91312,1677414,1677845,1675414,26278435928,4769042135,56413045,1205,"",1.00,1.03,1.03,1.03,1.04,1.03,1.01,1.01,"",4728,5.5,23344,1.4,22439,1.4,22327,1.4,1343882512,5.4,233676881,5.2,-2193707,-3.7,45,3.9
"C3350","0","10","80","0","2017","4","",2752,33896,33733,33693,416728231,101447692,2217642,949,"",1.00,1.00,1.00,1.00,1.00,1.00,1.00,1.00,"",-57,-2.0,-925,-2.7,-740,-2.1,-300,-0.9,7412650,1.8,-9161065,-8.3,533472,31.7,34,3.7
"C3354","0","10","40","0","2017","4","",5369,60358,60140,60280,641734107,238592436,2467386,819,"",1.00,1.00,1.00,1.00,1.00,1.00,1.00,1.00,"",311,6.1,627,1.0,770,1.3,961,1.6,22849146,3.7,9709744,4.2,357672,17.0,19,2.4
"C3354","1","10","41","0","2017","4","",40,1420,1295,1274,23362823,0,0,1352,"",1.24,1.22,1.13,1.10,1.32,0.00,0.00,1.15,"",-1,-2.4,78,5.8,61,4.9,78,6.5,-2096774,-8.2,0,0.0,0,0.0,-206,-13.2
"C3354","2","10","41","0","2017","4","",20,3962,3963,3845,46149152,46149152,166888,905,"",0.53,2.04,2.06,2.00,2.20,15.23,51.31,1.08,"",-1,-4.8,-364,-8.4,-306,-7.2,-477,-11.0,-7505259,-14.0,-7505259,-14.0,28093,20.2,-54,-5.6
"C3354","3","10","41","0","2017","4","",54,4266,4221,4228,46266230,20428776,71779,840,"",0.59,0.71,0.71,0.71,0.84,4.33,5.53,1.18,"",1,1.9,110,2.6,21,0.5,91,2.2,2426220,5.5,1646175,8.8,24576,52.1,30,3.7
"C3354","5","10","41","0","2017","4","",5255,50710,50661,50933,525955902,172014508,2228719,797,"",1.01,0.99,0.99,0.99,0.96,0.75,0.91,0.97,"",312,6.3,803,1.6,994,2.0,1269,2.6,30024959,6.1,15568828,10.0,305003,15.9,30,3.9
"C3358","0","10","80","0","2017","4","",915,12763,12760,12678,129431571,13935343,76876,782,"",1.00,1.00,1.00,1.00,1.00,1.00,1.00,1.00,"",-10,-1.1,-349,-2.7,-262,-2.0,-244,-1.9,3908881,3.1,377811,2.8,-5316,-6.5,40,5.4
"C3362","0","10","80","0","2017","4","",689,9419,9510,9475,84270351,9736686,102320,685,"",1.00,1.00,1.00,1.00,1.00,1.00,1.00,1.00,"",23,3.5,-403,-4.1,-315,-3.2,-380,-3.9,-93715,-0.1,-761568,-7.3,-45698,-30.9,25,3.8
"C3366","0","10","40","0","2017","4","",10251,171383,172093,171805,2175149719,141162471,2734459,974,"",1.00,1.00,1.00,1.00,1.00,1.00,1.00,1.00,"",198,2.0,2409,1.4,2511,1.5,1876,1.1,110453170,5.3,15559447,12.4,255364,10.3,37,3.9
"C3366","1","10","41","0","2017","4","",71,2549,2546,2564,50691334,0,0,1527,"",1.15,0.77,0.77,0.77,0.85,0.00,0.00,1.10,"",1,1.4,-35,-1.4,-62,-2.4,-53,-2.0,1982167,4.1,0,0.0,0,0.0,88,6.1
"C3366","2","10","41","0","2017","4","",62,6329,6347,6347,96192600,0,0,1167,"",0.86,1.15,1.15,1.16,1.35,0.00,0.00,1.17,"",0,0.0,-162,-2.5,-127,-2.0,-124,-1.9,1851730,2.0,0,0.0,0,0.0,47,4.2
"C3366","3","10","41","0","2017","4","",217,15257,15285,15229,150080280,728008,9428,757,"",1.25,0.90,0.89,0.90,0.80,0.26,0.66,0.90,"",11,5.3,-137,-0.9,-240,-1.5,-272,-1.8,-1500806,-1.0,167316,29.8,3157,50.3,3,0.4
"C3366","5","10","41","0","2017","4","",9901,147248,147915,147665,1878185505,140434463,2725031,979,"",1.00,1.01,1.01,1.01,1.01,1.03,1.00,1.00,"",186,1.9,2743,1.9,2940,2.0,2325,1.6,108120079,6.1,15392131,12.3,252207,10.2,40,4.3
"C3370","0","10","40","0","2017","4","",15711,191398,190727,186766,2254773121,137882216,6340583,915,"",1.00,1.00,1.00,1.00,1.00,1.00,1.00,1.00,"",908,6.1,3060,1.6,3592,1.9,5024,2.8,118399476,5.5,9226935,7.2,296767,4.9,30,3.4
"C3370","1","10","41","0","2017","4","",37,865,849,858,14658934,0,0,1315,"",0.39,0.23,0.23,0.24,0.24,0.00,0.00,1.00,"",-1,-2.6,24,2.9,11,1.3,-8,-0.9,259631,1.8,0,0.0,0,0.0,9,0.7
"C3370","2","10","41","0","2017","4","",77,1542,1554,1561,25916356,0,0,1284,"",0.70,0.25,0.25,0.26,0.35,0.00,0.00,1.38,"",-2,-2.5,14,0.9,56,3.7,40,2.6,2000843,8.4,0,0.0,0,0.0,70,5.8
"C3370","3","10","41","0","2017","4","",307,27647,27589,25603,346124638,287345,10812,988,"",1.15,1.46,1.46,1.39,1.79,0.11,0.32,1.24,"",-3,-1.0,969,3.6,821,3.1,821,3.3,24884996,7.7,-29838,-9.4,-2405,-18.2,40,4.2
"C3370","5","10","41","0","2017","4","",15290,161344,160735,158744,1868073193,137594871,6329771,897,"",1.00,0.99,0.99,1.00,0.97,1.03,1.00,0.98,"",914,6.4,2053,1.3,2704,1.7,4171,2.7,91254006,5.1,9256773,7.2,299172,5.0,28,3.2
"C3374","0","10","40","0","2017","4","",5161,76161,77051,77091,771265733,55584974,889718,773,"",1.00,1.00,1.00,1.00,1.00,1.00,1.00,1.00,"",55,1.1,-638,-0.8,33,0.0,419,0.5,16064485,2.1,961891,1.8,5228,0.6,17,2.2
"C3374","1","10","41","0","2017","4","",36,523,525,533,8608962,0,0,1257,"",1.16,0.36,0.36,0.36,0.41,0.00,0.00,1.14,"",-1,-2.7,-1,-0.2,-3,-0.6,7,1.3,163451,1.9,0,0.0,0,0.0,22,1.8
"C3374","2","10","41","0","2017","4","",49,2605,2627,2665,30368129,0,0,887,"",1.35,1.07,1.06,1.08,1.21,0.00,0.00,1.13,"",-1,-2.0,4,0.2,19,0.7,26,1.0,331815,1.1,-3830,-100.0,-10,-100.0,4,0.5
"C3374","3","10","41","0","2017","4","",122,8547,8601,8576,81286295,103815,1022,729,"",1.39,1.13,1.12,1.12,1.23,0.09,0.22,1.09,"",-3,-2.4,-4,0.0,6,0.1,63,0.7,-175224,-0.2,-4227,-3.9,-101,-9.0,-4,-0.5
"C3374","5","10","41","0","2017","4","",4954,64486,65298,65317,651002347,55481159,888696,770,"",0.99,1.00,1.00,1.00,0.99,1.03,1.01,0.99,"",60,1.2,-637,-1.0,11,0.0,323,0.5,15744443,2.5,969948,1.8,5339,0.6,20,2.7
"C3378","0","10","40","0","2017","4","",2167,41067,40892,40697,496201419,31255231,854777,934,"",1.00,1.00,1.00,1.00,1.00,1.00,1.00,1.00,"",24,1.1,-354,-0.9,-432,-1.0,-238,-0.6,7427992,1.5,-1521692,-4.6,-246918,-22.4,22,2.4
"C3378","1","10","41","0","2017","4","",22,236,230,241,3591907,0,0,1172,"",1.69,0.30,0.29,0.31,0.26,0.00,0.00,0.88,"",0,0.0,16,7.3,6,2.7,-7,-2.8,1763,0.0,0,0.0,0,0.0,-25,-2.1
"C3378","2","10","41","0","2017","4","",12,235,231,231,3915069,0,0,1296,"",0.79,0.18,0.18,0.18,0.24,0.00,0.00,1.36,"",0,0.0,-10,-4.1,-12,-4.9,-10,-4.1,-25642,-0.7,0,0.0,0,0.0,49,3.9
"C3378","3","10","41","0","2017","4","",56,4777,4791,4805,50551064,35531,243,812,"",1.52,1.17,1.18,1.19,1.18,0.06,0.05,1.00,"",0,0.0,-1,0.0,-11,-0.2,38,0.8,386729,0.8,10524,42.1,49,25.3,5,0.6
"C3378","5","10","41","0","2017","4","",2077,35819,35640,35420,438143379,31219700,854534,946,"",0.99,1.03,1.03,1.02,1.03,1.03,1.01,1.01,"",24,1.2,-359,-1.0,-415,-1.2,-259,-0.7,7065142,1.6,-1532216,-4.7,-246967,-22.4,24,2.6
"C3386","0","10","40","0","2017","4","",8915,164694,165644,165570,1928959509,103929591,1566342,898,"",1.00,1.00,1.00,1.00,1.00,1.00,1.00,1.00,"",92,1.0,393,0.2,301,0.2,-78,0.0,8504781,0.4,-1759964,-1.7,-196617,-11.2,3,0.3
"C3386","1","10","41","0","2017","4","",121,6504,6485,6449,119667277,0,0,1421,"",2.26,2.05,2.05,2.02,2.26,0.00,0.00,1.11,"",4,3.4,-25,-0.4,-61,-0.9,-132,-2.0,1049064,0.9,0,0.0,0,0.0,28,2.0
"C3386","2","10","41","0","2017","4","",261,21893,22002,21947,315864876,6415,38,1107,"",4.18,4.14,4.15,4.16,5.02,0.00,0.02,1.21,"",0,0.0,426,2.0,511,2.4,386,1.8,5541083,1.8,6415,100.0,38,100.0,-3,-0.3
"C3386","3","10","41","0","2017","4","",241,14540,14514,14580,139697227,908643,8898,739,"",1.59,0.89,0.88,0.89,0.84,0.44,1.08,0.95,"",-2,-0.8,47,0.3,-5,0.0,36,0.2,2237211,1.6,71922,8.6,-43,-0.5,11,1.5
"C3386","5","10","41","0","2017","4","",8292,121757,122643,122594,1353730129,103014533,1557406,851,"",0.96,0.87,0.87,0.87,0.82,1.02,1.00,0.94,"",90,1.1,-55,0.0,-144,-0.1,-368,-0.3,-322577,0.0,-1838301,-1.8,-196612,-11.2,1,0.1
"C3394","0","10","80","0","2017","4","",1391,15263,15156,15181,150875697,20399686,391470,764,"",1.00,1.00,1.00,1.00,1.00,1.00,1.00,1.00,"",76,5.8,604,4.1,597,4.1,650,4.5,8241411,5.8,1732004,9.3,31605,8.8,12,1.6
"C3398","0","10","80","0","2017","4","",2208,23580,23188,22998,206912145,49739231,480708,684,"",1.00,1.00,1.00,1.00,1.00,1.00,1.00,1.00,"",36,1.7,526,2.3,269,1.2,367,1.6,10841776,5.5,4506715,10.0,-177033,-26.9,24,3.6
"C3402","0","10","80","0","2017","4","",1463,21166,21182,21290,254759664,14140663,236309,924,"",1.00,1.00,1.00,1.00,1.00,1.00,1.00,1.00,"",-39,-2.6,-809,-3.7,-512,-2.4,-399,-1.8,-12222059,-4.6,767451,5.7,3366,1.4,-19,-2.0
"C3406","0","10","40","0","2017","4","",3397,65262,65118,64689,774064535,53534822,1520840,916,"",1.00,1.00,1.00,1.00,1.00,1.00,1.00,1.00,"",55,1.6,1631,2.6,997,1.6,956,1.5,30526545,4.1,716973,1.4,95546,6.7,20,2.2
"C3406","1","10","41","0","2017","4","",44,2015,2016,2028,37272189,0,0,1420,"",2.16,1.60,1.62,1.63,1.75,0.00,0.00,1.08,"",0,0.0,-57,-2.8,-72,-3.4,-54,-2.6,-325837,-0.9,0,0.0,0,0.0,30,2.2
"C3406","2","10","41","0","2017","4","",46,7627,7605,7606,109521649,0,0,1107,"",1.93,3.64,3.65,3.69,4.33,0.00,0.00,1.19,"N",11,31.4,0,0,0,0,0,0,0,0,0,0,0,0,0,0
"C3406","3","10","41","0","2017","4","",88,4340,4352,4350,42435111,113005,2415,751,"",1.52,0.67,0.67,0.68,0.64,0.11,0.30,0.95,"N",0,0.0,0,0,0,0,0,0,0,0,0,0,0,0,0,0
"C3406","5","10","41","0","2017","4","",3219,51280,51145,50705,584835586,53421817,1518425,881,"",0.98,0.92,0.92,0.92,0.88,1.03,1.01,0.96,"",44,1.4,1444,2.9,848,1.7,857,1.7,36933742,6.7,1596792,3.1,115669,8.2,38,4.5
"C3410","0","10","40","0","2017","4","",2083,45070,45334,45569,465847097,34980321,363278,791,"",1.00,1.00,1.00,1.00,1.00,1.00,1.00,1.00,"",41,2.0,714,1.6,943,2.1,978,2.2,27546551,6.3,1922737,5.8,-108615,-23.0,32,4.2
"C3410","1","10","41","0","2017","4","",27,293,300,289,4816429,0,0,1260,"",2.16,0.34,0.35,0.33,0.38,0.00,0.00,1.11,"",0,0.0,11,3.9,7,2.4,0,0.0,278135,6.1,0,0.0,0,0.0,48,4.0
"C3410","2","10","41","0","2017","4","",29,1340,1286,1288,13522180,0,0,797,"",1.99,0.93,0.89,0.89,0.89,0.00,0.00,0.99,"",0,0.0,-14,-1.0,-71,-5.2,-124,-8.8,506652,3.9,0,0.0,0,0.0,69,9.5
"C3410","3","10","41","0","2017","4","",67,4855,4900,4964,42965726,808657,12640,674,"",1.89,1.09,1.09,1.10,1.07,1.17,6.61,0.98,"",0,0.0,-66,-1.3,-62,-1.2,-29,-0.6,1664915,4.0,-11480,-1.4,-547,-4.1,33,5.1
"C3410","5","10","41","0","2017","4","",1960,38582,38848,39028,404542762,34171664,350638,802,"",0.97,1.01,1.01,1.01,1.02,1.01,0.97,1.01,"",41,2.1,783,2.1,1069,2.8,1131,3.0,25096849,6.6,1934217,6.0,-108068,-23.6,30,3.9
"C3414","0","10","80","0","2017","4","",1091,13786,13752,13666,130345043,33253782,385626,730,"",1.00,1.00,1.00,1.00,1.00,1.00,1.00,1.00,"",23,2.2,40,0.3,90,0.7,95,0.7,6999078,5.7,1902753,6.1,10590,2.8,35,5.0
"C3418","0","10","80","0","2017","4","",3216,41183,38013,36360,398102764,168176174,2485304,795,"",1.00,1.00,1.00,1.00,1.00,1.00,1.00,1.00,"",-69,-2.1,965,2.4,1030,2.8,1125,3.2,18060696,4.8,9839470,6.2,-124013,-4.8,15,1.9
"C3422","0","10","80","0","2017","4","",1005,15143,15278,15279,134387123,14680371,208245,679,"",1.00,1.00,1.00,1.00,1.00,1.00,1.00,1.00,"",-85,-7.8,22,0.1,171,1.1,76,0.5,8113539,6.4,126460,0.9,-25228,-10.8,38,5.9
"C3426","0","10","80","0","2017","4","",1235,15053,15054,15151,139056388,15392500,288507,709,"",1.00,1.00,1.00,1.00,1.00,1.00,1.00,1.00,"",14,1.1,301,2.0,310,2.1,405,2.7,8856942,6.8,2266610,17.3,12426,4.5,30,4.4
"C3430","0","10","80","0","2017","4","",624,7011,6872,6745,60146741,22859150,269600,673,"",1.00,1.00,1.00,1.00,1.00,1.00,1.00,1.00,"",4,0.6,104,1.5,63,0.9,56,0.8,1914636,3.3,422858,1.9,-9434,-3.4,14,2.1
"C3434","0","10","80","0","2017","4","",1798,28785,28814,29130,268772024,64682588,649261,715,"",1.00,1.00,1.00,1.00,1.00,1.00,1.00,1.00,"",-2,-0.1,69,0.2,82,0.3,584,2.0,15474169,6.1,4305156,7.1,-304943,-32.0,35,5.1
"C3438","0","10","80","0","2017","4","",1290,29636,29537,29142,295813928,18212350,518834,773,"",1.00,1.00,1.00,1.00,1.00,1.00,1.00,1.00,"",-28,-2.1,-333,-1.1,-349,-1.2,-731,-2.4,5205292,1.8,-233925,-1.3,-47456,-8.4,26,3.5
"C3442","0","10","80","0","2017","4","",794,15782,15771,15870,146443280,12749995,215374,713,"",1.00,1.00,1.00,1.00,1.00,1.00,1.00,1.00,"",69,9.5,181,1.2,76,0.5,140,0.9,4851172,3.4,-446573,-3.4,-13724,-6.0,18,2.6
"C3446","0","10","80","0","2017","4","",984,13297,13364,13307,127068675,10442294,309046,734,"",1.00,1.00,1.00,1.00,1.00,1.00,1.00,1.00,"",-9,-0.9,-668,-4.8,-520,-3.7,-399,-2.9,676645,0.5,29564,0.3,6088,2.0,32,4.6
"C3450","0","10","80","0","2017","4","",885,20225,20239,20335,215301487,22015552,680162,817,"",1.00,1.00,1.00,1.00,1.00,1.00,1.00,1.00,"",-80,-8.3,593,3.0,503,2.5,566,2.9,8551914,4.1,3359485,18.0,91825,15.6,10,1.2
"C3454","0","10","80","0","2017","4","",1195,20345,20174,20163,225012559,14413194,372677,856,"",1.00,1.00,1.00,1.00,1.00,1.00,1.00,1.00,"",35,3.0,146,0.7,-155,-0.8,-7,0.0,15350625,7.3,1464855,11.3,86030,30.0,59,7.4
"C3458","0","10","40","0","2017","4","",4043,51556,50465,50110,612841462,209025347,2715565,930,"",1.00,1.00,1.00,1.00,1.00,1.00,1.00,1.00,"",-30,-0.7,1132,2.2,998,2.0,484,1.0,51442755,9.2,16072066,8.3,56010,2.1,64,7.4
"C3458","1","10","41","0","2017","4","",29,424,361,362,6060416,0,0,1219,"",1.20,0.43,0.37,0.38,0.36,0.00,0.00,0.92,"",0,0.0,9,2.2,-22,-5.7,-9,-2.4,316214,5.5,0,0.0,0,0.0,85,7.5
"C3458","2","10","41","0","2017","4","",27,1354,1324,1183,16469534,0,0,984,"",0.95,0.82,0.82,0.74,0.82,0.00,0.00,1.04,"",1,3.8,47,3.6,19,1.5,0,0.0,1278959,8.4,0,0.0,0,0.0,60,6.5
"C3458","3","10","41","0","2017","4","",79,9581,9722,9735,132406673,6019693,16292,1052,"",1.15,1.88,1.94,1.96,2.51,1.45,1.14,1.30,"",-2,-2.5,66,0.7,93,1.0,139,1.4,5538996,4.4,15760,0.3,-2714,-14.3,33,3.2
"C3458","5","10","41","0","2017","4","",3908,40197,39058,38830,457904839,203005654,2699273,895,"",1.00,0.92,0.91,0.91,0.88,1.00,1.00,0.96,"",-29,-0.7,1010,2.6,908,2.4,354,0.9,44308586,10.7,16056306,8.6,58724,2.2,71,8.6
"C3462","0","10","40","0","2017","4","",2153,45429,45590,45342,454028772,37801966,644222,768,"",1.00,1.00,1.00,1.00,1.00,1.00,1.00,1.00,"",-37,-1.7,-902,-1.9,-1099,-2.4,-948,-2.0,9528217,2.1,1179662,3.2,-121661,-15.9,32,4.3
"C3462","1","10","41","0","2017","4","",16,295,294,297,4872148,0,0,1269,"",1.24,0.34,0.34,0.34,0.39,0.00,0.00,1.16,"",0,0.0,12,4.2,2,0.7,-5,-1.7,52559,1.1,0,0.0,0,0.0,1,0.1
"C3462","2","10","41","0","2017","4","N",21,0,0,0,0,0,0,0,"N",1.39,0,0,0,0,0,0,0,"N",1,5.0,0,0,0,0,0,0,0,0,0,0,0,0,0,0
"C3462","3","10","41","0","2017","4","N",48,0,0,0,0,0,0,0,"N",1.31,0,0,0,0,0,0,0,"N",-3,-5.9,0,0,0,0,0,0,0,0,0,0,0,0,0,0
"C3462","5","10","41","0","2017","4","",2068,36823,36923,36684,355312755,37524677,640212,743,"",0.99,0.95,0.95,0.95,0.92,1.03,1.00,0.96,"",-35,-1.7,-778,-2.1,-955,-2.5,-677,-1.8,8061351,2.3,1139196,3.1,-123432,-16.2,33,4.6
"C3466","0","10","80","0","2017","4","",1016,16302,16270,16438,146712230,13794042,283129,691,"",1.00,1.00,1.00,1.00,1.00,1.00,1.00,1.00,"",-7,-0.7,-225,-1.4,-264,-1.6,-1,0.0,4194865,2.9,-75063,-0.5,-45673,-13.9,27,4.1
"C3470","0","10","80","0","2017","4","",1186,23534,23583,23357,304947819,55543741,840393,999,"",1.00,1.00,1.00,1.00,1.00,1.00,1.00,1.00,"",-17,-1.4,-523,-2.2,-522,-2.2,-374,-1.6,5583380,1.9,-4453526,-7.4,-375408,-30.9,38,4.0
"C3474","0","10","40","0","2017","4","",2824,62741,62858,62658,694460886,45698582,1354763,851,"",1.00,1.00,1.00,1.00,1.00,1.00,1.00,1.00,"",-16,-0.6,80,0.1,246,0.4,447,0.7,7241882,1.1,-663112,-1.4,-159445,-10.5,5,0.6
"C3474","1","10","41","0","2017","4","",19,350,355,361,5778439,0,0,1251,"",1.12,0.29,0.30,0.30,0.30,0.00,0.00,1.03,"",0,0.0,5,1.4,9,2.6,12,3.4,291737,5.3,0,0.0,0,0.0,34,2.8
"C3474","2","10","41","0","2017","4","",16,980,969,961,14800429,0,0,1174,"",0.81,0.49,0.48,0.48,0.65,0.00,0.00,1.35,"",0,0.0,-33,-3.3,-34,-3.4,-33,-3.3,119479,0.8,0,0.0,0,0.0,48,4.3
"C3474","3","10","41","0","2017","4","",109,5885,6016,5884,63831266,4815,470,828,"",2.27,0.95,0.96,0.95,1.07,0.01,0.07,1.12,"",1,0.9,48,0.8,-57,-0.9,211,3.7,2129622,3.5,-845,-14.9,318,209.2,18,2.2
"C3474","5","10","41","0","2017","4","",2680,55526,55518,55452,610050752,45693767,1354293,846,"",0.98,1.04,1.04,1.04,1.03,1.03,1.01,0.99,"",-17,-0.6,60,0.1,328,0.6,257,0.5,4701044,0.8,-662267,-1.4,-159763,-10.6,4,0.5
"C3478","0","10","80","0","2017","4","",1566,29578,29613,29625,301435464,46848484,417460,783,"",1.00,1.00,1.00,1.00,1.00,1.00,1.00,1.00,"",21,1.4,-193,-0.6,-121,-0.4,-129,-0.4,1644990,0.5,915973,2.0,-12207,-2.8,8,1.0
"C3482","0","10","40","0","2017","4","",11837,158610,157269,153994,1403003720,245228120,3526047,689,"",1.00,1.00,1.00,1.00,1.00,1.00,1.00,1.00,"",395,3.5,7938,5.3,6555,4.3,5465,3.7,93988321,7.2,13825007,6.0,-342592,-8.9,18,2.7
"C3482","1","10","41","0","2017","4","",48,1161,1178,1167,19865743,0,0,1308,"",0.68,0.38,0.39,0.39,0.52,0.00,0.00,1.33,"",-1,-2.0,79,7.3,82,7.5,41,3.6,1889132,10.5,0,0.0,0,0.0,52,4.1
"C3482","2","10","41","0","2017","4","",59,4264,4305,4321,49992461,3581,36,895,"",0.71,0.84,0.85,0.88,1.09,0.00,0.01,1.27,"",10,20.4,247,6.1,259,6.4,276,6.8,5170105,11.5,-1267,-26.1,-12,-25.0,41,4.8
"C3482","3","10","41","0","2017","4","",77,16956,16993,16821,181002092,1070138,8923,823,"",0.38,1.08,1.09,1.10,1.50,0.22,0.48,1.38,"",1,1.3,716,4.4,525,3.2,383,2.3,1358912,0.8,274694,34.5,-3092,-25.7,-21,-2.5
"C3482","5","10","41","0","2017","4","",11653,136229,134793,131685,1152143424,244154401,3517088,660,"",1.01,1.01,1.01,1.01,0.96,1.03,1.00,0.95,"",385,3.4,6896,5.3,5689,4.4,4765,3.8,85570172,8.0,13551580,5.9,-339488,-8.8,21,3.3
"C3486","0","10","80","0","2017","4","",1423,22462,22619,22520,217703738,17802116,324274,743,"",1.00,1.00,1.00,1.00,1.00,1.00,1.00,1.00,"",38,2.7,-342,-1.5,-246,-1.1,-379,-1.7,2793189,1.3,709250,4.1,-14141,-4.2,20,2.8
"C3490","0","10","40","0","2017","4","",5889,77485,75653,74500,1103732734,54070663,2393103,1119,"",1.00,1.00,1.00,1.00,1.00,1.00,1.00,1.00,"",132,2.3,-36,0.0,1095,1.5,1362,1.9,66360564,6.4,1320123,2.5,-17714,-0.7,56,5.3
"C3490","1","10","41","0","2017","4","",12,224,222,219,3934569,0,0,1365,"",0.34,0.15,0.15,0.15,0.13,0.00,0.00,0.85,"",0,0.0,4,1.8,3,1.4,-6,-2.7,-54561,-1.4,0,0.0,0,0.0,-21,-1.5
"C3490","2","10","41","0","2017","4","",208,4268,3970,3950,63240231,0,0,1197,"",5.04,1.72,1.64,1.66,1.76,0.00,0.00,1.05,"",2,1.0,426,11.1,107,2.8,206,5.5,6543303,11.5,0,0.0,0,0.0,54,4.7
"C3490","3","10","41","0","2017","4","",94,6431,6478,6467,108156255,34088,1140,1288,"",0.94,0.84,0.86,0.88,1.14,0.03,0.09,1.33,"",-1,-1.1,-171,-2.6,-196,-2.9,-140,-2.1,4949252,4.8,-8880,-20.7,-516,-31.2,90,7.5
"C3490","5","10","41","0","2017","4","",5575,66562,64983,63864,928401679,54036575,2391963,1096,"",0.98,1.01,1.01,1.01,0.99,1.03,1.01,0.97,"",131,2.4,-295,-0.4,1181,1.9,1302,2.1,54922570,6.3,1329003,2.5,-17198,-0.7,53,5.1
"C3494","0","10","40","0","2017","4","",13980,140822,147548,150670,1830205355,121018550,1363448,962,"",1.00,1.00,1.00,1.00,1.00,1.00,1.00,1.00,"",339,2.5,-93,-0.1,587,0.4,466,0.3,81413181,4.7,-1617441,-1.3,-416749,-23.4,41,4.5
"C3494","1","10","41","0","2017","4","",27,687,679,685,11986061,0,0,1349,"",0.32,0.25,0.24,0.24,0.24,0.00,0.00,0.98,"",0,0.0,27,4.1,-2,-0.3,-14,-2.0,251154,2.1,0,0.0,0,0.0,22,1.7
"C3494","2","10","41","0","2017","4","",32,759,758,758,7509099,0,0,762,"",0.33,0.17,0.16,0.16,0.13,0.00,0.00,0.78,"",-2,-5.9,-14,-1.8,-20,-2.6,-17,-2.2,539753,7.7,0,0.0,0,0.0,71,10.3
"C3494","3","10","41","0","2017","4","",24,12452,12635,12607,178744593,31025,31,1094,"",0.10,0.89,0.86,0.85,1.14,0.01,0.00,1.31,"",0,0.0,127,1.0,200,1.6,137,1.1,12656928,7.6,8089,35.3,8,34.8,65,6.3
"C3494","5","10","41","0","2017","4","",13897,126924,133476,136620,1631965602,120987525,1363417,949,"",1.02,1.06,1.06,1.07,1.04,1.03,1.01,0.98,"",341,2.5,-233,-0.2,409,0.3,360,0.3,67965346,4.3,-1625530,-1.3,-416757,-23.4,39,4.3
"C3498","0","10","40","0","2017","4","",49773,946490,955680,954383,13630148593,835980362,10214611,1101,"",1.00,1.00,1.00,1.00,1.00,1.00,1.00,1.00,"",2036,4.3,30476,3.3,32760,3.5,28994,3.1,767783416,6.0,25254059,3.1,-297201,-2.8,27,2.5
"C3498","1","10","41","0","2017","4","",259,13114,13188,13278,258400324,0,0,1507,"",0.87,0.72,0.72,0.72,0.69,0.00,0.00,0.96,"",-1,-0.4,-65,-0.5,22,0.2,-109,-0.8,3043793,1.2,0,0.0,0,0.0,24,1.6
"C3498","2","10","41","0","2017","4","",242,27045,27158,27172,363764209,4990,15,1032,"",0.69,0.89,0.89,0.89,0.82,0.00,0.00,0.92,"",-6,-2.4,807,3.1,720,2.7,945,3.6,20259184,5.9,4990,100.0,15,100.0,27,2.7
"C3498","3","10","41","0","2017","4","",259,74451,74752,75196,850687384,4918639,38371,875,"",0.31,0.79,0.79,0.80,0.73,0.30,0.71,0.92,"",-2,-0.8,977,1.3,705,1.0,941,1.3,40782959,5.0,-5167008,-51.2,-37202,-49.2,32,3.8
"C3498","5","10","41","0","2017","4","",49013,831880,840582,838737,12157296676,831056733,10176225,1117,"",1.02,1.03,1.04,1.03,1.04,1.03,1.00,1.01,"",2045,4.4,28757,3.6,31313,3.9,27217,3.4,703697480,6.1,30416077,3.8,-260014,-2.5,27,2.5
"C3502","0","10","80","0","2017","4","",1297,15859,15956,15819,136197002,18080676,192942,660,"",1.00,1.00,1.00,1.00,1.00,1.00,1.00,1.00,"",-10,-0.8,-206,-1.3,-135,-0.8,-75,-0.5,2036324,1.5,-20301,-0.1,10933,6.0,16,2.5
"C3506","0","10","80","0","2017","4","",962,12946,12909,13119,115142475,7963204,130275,682,"",1.00,1.00,1.00,1.00,1.00,1.00,1.00,1.00,"",-2,-0.2,-465,-3.5,-407,-3.1,-372,-2.8,-89783,-0.1,229950,3.0,1885,1.5,21,3.2
"C3510","0","10","40","0","2017","4","",2872,44185,44355,44325,483337123,73481566,631745,839,"",1.00,1.00,1.00,1.00,1.00,1.00,1.00,1.00,"",71,2.5,-466,-1.0,-861,-1.9,-668,-1.5,3955949,0.8,224438,0.3,-460726,-42.2,19,2.3
"C3510","1","10","41","0","2017","4","",37,5606,5598,5610,99337401,0,0,1363,"",2.15,6.59,6.59,6.57,7.48,0.00,0.00,1.14,"",-1,-2.6,-144,-2.5,-176,-3.0,-272,-4.6,546700,0.6,0,0.0,0,0.0,53,4.0
"C3510","2","10","41","0","2017","4","",37,1733,1759,1742,16367447,0,0,722,"",1.84,1.22,1.24,1.23,1.04,0.00,0.00,0.84,"",1,2.8,23,1.3,35,2.0,8,0.5,39880,0.2,0,0.0,0,0.0,-7,-1.0
"C3510","3","10","41","0","2017","4","",96,6614,6671,6676,72693028,61926,409,840,"",1.97,1.51,1.51,1.52,1.75,0.04,0.12,1.15,"",-1,-1.0,-34,-0.5,13,0.2,115,1.8,988169,1.4,20748,50.4,86,26.6,7,0.8
"C3510","5","10","41","0","2017","4","",2702,30232,30327,30297,294939247,73419640,631336,749,"",0.97,0.81,0.80,0.80,0.71,1.03,1.01,0.89,"",72,2.7,-311,-1.0,-733,-2.4,-519,-1.7,2381200,0.8,203690,0.3,-460812,-42.2,18,2.5
"C3514","0","10","80","0","2017","4","",784,13807,14095,14186,130337112,17976439,179452,715,"",1.00,1.00,1.00,1.00,1.00,1.00,1.00,1.00,"",47,6.4,-1077,-7.2,-849,-5.7,-1018,-6.7,-701783,-0.5,1263023,7.6,-2635,-1.4,43,6.4
"C3522","0","10","80","0","2017","4","",809,13583,13640,13686,123977490,11346695,200017,699,"",1.00,1.00,1.00,1.00,1.00,1.00,1.00,1.00,"",3,0.4,263,2.0,171,1.3,207,1.5,6965221,6.0,-588993,-4.9,-37129,-15.7,28,4.2
"C3526","0","10","80","0","2017","4","",1994,28012,27867,27726,294552270,20105519,1121024,813,"",1.00,1.00,1.00,1.00,1.00,1.00,1.00,1.00,"",-6,-0.3,-335,-1.2,-425,-1.5,-171,-0.6,5888426,2.0,848506,4.4,26105,2.4,25,3.2
"C3530","0","10","40","0","2017","4","",24303,366603,369822,369342,5377711231,414419009,14913333,1122,"",1.00,1.00,1.00,1.00,1.00,1.00,1.00,1.00,"",550,2.3,524,0.1,2119,0.6,660,0.2,154438748,3.0,5098988,1.2,-479471,-3.1,29,2.7
"C3530","1","10","41","0","2017","4","",92,5431,5444,5660,120499420,0,0,1682,"",0.63,0.77,0.77,0.80,0.82,0.00,0.00,1.05,"",-1,-1.1,38,0.7,37,0.7,130,2.4,2537525,2.2,0,0.0,0,0.0,15,0.9
"C3530","2","10","41","0","2017","4","",130,10424,10331,10336,161953995,0,0,1202,"",0.76,0.89,0.87,0.88,0.92,0.00,0.00,1.05,"",-1,-0.8,-448,-4.1,-329,-3.1,-370,-3.5,361932,0.2,0,0.0,0,0.0,45,3.9
"C3530","3","10","41","0","2017","4","",383,32585,32621,32723,472319468,325221,10698,1113,"",0.93,0.90,0.89,0.90,1.02,0.04,0.14,1.14,"",-7,-1.8,-210,-0.6,-474,-1.4,-662,-2.0,-4955810,-1.0,-7203,-2.2,503,4.9,4,0.4
"C3530","5","10","41","0","2017","4","",23698,318163,321426,320623,4622938348,414093788,14902635,1111,"",1.01,1.02,1.02,1.02,1.01,1.03,1.01,0.98,"",559,2.4,1144,0.4,2885,0.9,1562,0.5,156495101,3.5,5106191,1.2,-479974,-3.1,31,2.9
"C3538","0","10","40","0","2017","4","",39378,544147,547871,547577,7233102827,414755826,6656253,1018,"",1.00,1.00,1.00,1.00,1.00,1.00,1.00,1.00,"",837,2.2,-3729,-0.7,-2920,-0.5,-1024,-0.2,161197386,2.3,-344051,-0.1,-31260,-0.5,27,2.7
"C3538","1","10","41","0","2017","4","",160,12683,12708,12959,256379992,0,0,1543,"",0.68,1.21,1.21,1.23,1.29,0.00,0.00,1.06,"",-2,-1.2,504,4.1,495,4.1,342,2.7,20387262,8.6,0,0.0,0,0.0,71,4.8
"C3538","2","10","41","0","2017","4","",184,11539,11581,11653,141471076,17647,145,939,"",0.67,0.66,0.66,0.67,0.60,0.00,0.02,0.90,"",-7,-3.7,149,1.3,102,0.9,142,1.2,4715518,3.4,-650,-3.6,26,21.8,21,2.3
"C3538","3","10","41","0","2017","4","",655,47159,47295,46735,545950759,645729,5818,892,"",0.98,0.87,0.87,0.86,0.88,0.08,0.17,1.01,"",3,0.5,214,0.5,423,0.9,533,1.2,14295466,2.7,120506,22.9,402,7.4,16,1.8
"C3538","5","10","41","0","2017","4","",38379,472766,476287,476230,6289301000,414092450,6650290,1018,"",1.00,1.02,1.02,1.02,1.02,1.03,1.01,0.99,"",843,2.2,-4596,-1.0,-3940,-0.8,-2041,-0.4,121799140,2.0,-463907,-0.1,-31688,-0.5,27,2.7
"C3542","0","10","80","0","2017","4","",2327,37136,37054,37111,377229436,28144404,787894,782,"",1.00,1.00,1.00,1.00,1.00,1.00,1.00,1.00,"",33,1.4,525,1.4,602,1.7,993,2.7,20863958,5.9,2138895,8.2,156694,24.8,29,3.9
"C3544","0","10","80","0","2017","4","",1896,18578,18184,17871,172686004,61700824,1385031,729,"",1.00,1.00,1.00,1.00,1.00,1.00,1.00,1.00,"",12,0.6,401,2.2,194,1.1,-12,-0.1,9314645,5.7,6076225,10.9,120203,9.5,31,4.4
"C3546","0","10","80","0","2017","4","",506,7695,7494,7477,69896385,4664862,49571,712,"",1.00,1.00,1.00,1.00,1.00,1.00,1.00,1.00,"",17,3.5,28,0.4,18,0.2,49,0.7,4976915,7.7,-75357,-1.6,1560,3.2,48,7.2
"C3550","0","10","80","0","2017","4","",921,11597,11543,11512,115229581,26440207,455148,767,"",1.00,1.00,1.00,1.00,1.00,1.00,1.00,1.00,"",7,0.8,-74,-0.6,-162,-1.4,14,0.1,1171651,1.0,-1618101,-5.8,-230009,-33.6,12,1.6
"C3558","0","10","80","0","2017","4","",822,13976,13870,13820,155414229,34058415,432752,861,"",1.00,1.00,1.00,1.00,1.00,1.00,1.00,1.00,"",23,2.9,-148,-1.0,-237,-1.7,-38,-0.3,7958555,5.4,2871081,9.2,65822,17.9,53,6.6
"C3562","0","10","40","0","2017","4","",635951,9345756,9411398,9435856,186579013317,14636973724,355359221,1527,"",1.00,1.00,1.00,1.00,1.00,1.00,1.00,1.00,"",2519,0.4,147465,1.6,148096,1.6,144498,1.6,13114815872,7.6,766236729,5.5,-12944785,-3.5,85,5.9
"C3562","1","10","41","0","2017","4","",1568,110659,110211,111789,2338360930,0,0,1622,"",0.41,0.62,0.61,0.61,0.46,0.00,0.00,0.74,"",3,0.2,-1220,-1.1,-1921,-1.7,-2553,-2.2,51228302,2.2,0,0.0,0,0.0,62,4.0
"C3562","2","10","41","0","2017","4","",1684,140573,140622,138034,2858753820,843809,6325,1574,"",0.38,0.47,0.47,0.46,0.47,0.00,0.01,1.01,"N",44,2.7,0,0,0,0,0,0,0,0,0,0,0,0,0,0
"C3562","3","10","41","0","2017","4","",6608,1016208,1022613,1022649,17095368581,96169250,723015,1289,"",0.61,1.10,1.09,1.10,1.07,0.33,0.39,0.97,"N",16,0.2,0,0,0,0,0,0,0,0,0,0,0,0,0,0
"C3562","5","10","41","0","2017","4","",626091,8078316,8137952,8163384,164286529986,14539960665,354629881,1555,"",1.01,1.02,1.02,1.02,1.03,1.03,1.00,1.01,"",2456,0.4,145136,1.8,148796,1.9,144286,1.8,12377526827,8.1,764211644,5.5,-12954268,-3.5,91,6.2
"C3566","0","10","40","0","2017","4","",3433,62410,61364,60682,733947443,49258967,1370576,918,"",1.00,1.00,1.00,1.00,1.00,1.00,1.00,1.00,"",-9,-0.3,262,0.4,104,0.2,217,0.4,9455608,1.3,2768992,6.0,-78564,-5.4,9,1.0
"C3566","1","10","41","0","2017","4","",28,320,319,326,5025264,0,0,1202,"",1.36,0.27,0.27,0.28,0.25,0.00,0.00,0.92,"",0,0.0,8,2.6,-1,-0.3,-3,-0.9,-43817,-0.9,0,0.0,0,0.0,-15,-1.2
"C3566","2","10","41","0","2017","4","",14,398,397,397,6401112,0,0,1239,"",0.58,0.20,0.20,0.21,0.27,0.00,0.00,1.32,"",0,0.0,-14,-3.4,-10,-2.5,-13,-3.2,-59528,-0.9,0,0.0,0,0.0,26,2.1
"C3566","3","10","41","0","2017","4","",120,7857,8010,7897,85308855,2257633,52632,828,"",2.06,1.27,1.31,1.31,1.35,2.32,7.30,1.04,"",-4,-3.2,61,0.8,17,0.2,112,1.4,3557998,4.4,567170,33.6,6875,15.0,28,3.5
"C3566","5","10","41","0","2017","4","",3271,53835,52638,52062,637212212,47001334,1317944,928,"",0.98,1.02,1.01,1.01,1.02,0.99,0.97,1.01,"",-5,-0.2,207,0.4,98,0.2,121,0.2,6000955,1.0,2201822,4.9,-85439,-6.1,7,0.8
"C3570","0","10","80","0","2017","4","",1197,12799,13367,13595,156308904,8524357,309447,907,"",1.00,1.00,1.00,1.00,1.00,1.00,1.00,1.00,"",12,1.0,29,0.2,0,0.0,-41,-0.3,5326010,3.5,249165,3.0,30861,11.1,31,3.5
"C3574","0","10","80","0","2017","4","",1867,25273,25265,25143,268522723,19242148,176491,819,"",1.00,1.00,1.00,1.00,1.00,1.00,1.00,1.00,"",-14,-0.7,156,0.6,102,0.4,182,0.7,9902378,3.8,-1166122,-5.7,-18118,-9.3,26,3.3
"C3582","0","10","80","0","2017","4","",1350,14998,15053,14960,148647851,11882250,98825,762,"",1.00,1.00,1.00,1.00,1.00,1.00,1.00,1.00,"",-21,-1.5,-318,-2.1,-249,-1.6,-212,-1.4,1700928,1.2,-76310,-0.6,-19707,-16.6,21,2.8
"C3584","0","10","40","0","2017","4","",26811,289165,294653,296952,3398968970,237767009,2482581,891,"",1.00,1.00,1.00,1.00,1.00,1.00,1.00,1.00,"",624,2.4,5539,2.0,4472,1.5,4343,1.5,164358338,5.1,4972228,2.1,-500379,-16.8,29,3.4
"C3584","1","10","41","0","2017","4","",66,2022,2034,2051,34760536,0,0,1314,"",0.41,0.36,0.36,0.36,0.37,0.00,0.00,1.03,"",-1,-1.5,74,3.8,80,4.1,14,0.7,672852,2.0,0,0.0,0,0.0,-11,-0.8
"C3584","2","10","41","0","2017","4","",75,3553,3551,3570,35199311,0,0,761,"",0.40,0.38,0.38,0.38,0.32,0.00,0.00,0.84,"",-2,-2.6,895,33.7,868,32.4,878,32.6,8940334,34.0,0,0.0,0,0.0,7,0.9
"C3584","3","10","41","0","2017","4","",60,22143,22268,22302,274182634,543204,2023,948,"",0.13,0.77,0.76,0.76,0.94,0.12,0.15,1.23,"",-2,-3.2,-623,-2.7,-356,-1.6,-311,-1.4,4346483,1.6,60940,12.6,-1439,-41.6,32,3.5
"C3584","5","10","41","0","2017","4","",26610,261447,266800,269029,3054826489,237223805,2480558,884,"",1.02,1.06,1.07,1.07,1.05,1.03,1.01,0.99,"",629,2.4,5193,2.0,3880,1.5,3762,1.4,150398669,5.2,4911288,2.1,-498940,-16.7,30,3.5
"C3586","0","10","80","0","2017","4","",395,7277,7351,7397,71405650,6313737,139217,748,"",1.00,1.00,1.00,1.00,1.00,1.00,1.00,1.00,"",9,2.3,84,1.2,101,1.4,169,2.3,4876283,7.3,765480,13.8,5993,4.5,40,5.6
"C3590","0","10","80","0","2017","4","",1334,22572,22576,22558,204617383,45163537,382474,697,"",1.00,1.00,1.00,1.00,1.00,1.00,1.00,1.00,"",40,3.1,376,1.7,143,0.6,300,1.3,7948930,4.0,3950978,9.6,-202884,-34.7,18,2.7
"C3594","0","10","80","0","2017","4","",1295,21623,21105,20579,227836521,14561587,487519,831,"",1.00,1.00,1.00,1.00,1.00,1.00,1.00,1.00,"",6,0.5,-15,-0.1,-13,-0.1,-24,-0.1,7253400,3.3,183506,1.3,71531,17.2,28,3.5
"C3598","0","10","40","0","2017","4","",7528,124803,125050,124374,1702140397,129566492,4503482,1050,"",1.00,1.00,1.00,1.00,1.00,1.00,1.00,1.00,"",173,2.4,1570,1.3,1266,1.0,1087,0.9,62385415,3.8,2809091,2.2,-140357,-3.0,28,2.7
"C3598","1","10","41","0","2017","4","",67,2771,2782,2781,48898648,0,0,1354,"",1.48,1.15,1.16,1.16,1.05,0.00,0.00,0.90,"",-1,-1.5,44,1.6,13,0.5,3,0.1,1550698,3.3,0,0.0,0,0.0,33,2.5
"C3598","2","10","41","0","2017","4","",77,3590,3588,3613,60993587,0,0,1304,"",1.46,0.90,0.90,0.91,1.10,0.00,0.00,1.22,"",-1,-1.3,-189,-5.0,-87,-2.4,-75,-2.0,615230,1.0,0,0.0,0,0.0,53,4.2
"C3598","3","10","41","0","2017","4","",280,24119,24443,24293,293783543,6386046,267602,931,"",2.19,1.95,1.97,1.97,2.01,2.49,11.29,1.02,"",1,0.4,-229,-0.9,-203,-0.8,-147,-0.6,-3450109,-1.2,-924061,-12.6,-113499,-29.8,-3,-0.3
"C3598","5","10","41","0","2017","4","",7104,94323,94237,93687,1298464619,123180446,4235880,1062,"",0.97,0.89,0.89,0.89,0.89,0.98,0.95,1.01,"",174,2.5,1944,2.1,1543,1.7,1306,1.4,63669596,5.2,3733152,3.1,-26858,-0.6,35,3.4
"C3602","0","10","80","0","2017","4","",2013,16396,16369,16423,168059023,66490199,568182,788,"",1.00,1.00,1.00,1.00,1.00,1.00,1.00,1.00,"",-10,-0.5,417,2.6,234,1.5,348,2.2,12673686,8.2,5218360,8.5,-44518,-7.3,44,5.9
"C3610","0","10","40","0","2017","4","",8349,101600,102750,103123,1006422788,75933731,754289,755,"",1.00,1.00,1.00,1.00,1.00,1.00,1.00,1.00,"",158,1.9,754,0.7,661,0.6,415,0.4,12617578,1.3,3313329,4.6,-155415,-17.1,5,0.7
"C3610","1","10","41","0","2017","4","",37,679,693,691,11758015,0,0,1315,"",0.74,0.35,0.35,0.35,0.43,0.00,0.00,1.22,"",1,2.8,-1,-0.1,18,2.7,15,2.2,676902,6.1,0,0.0,0,0.0,56,4.4
"C3610","2","10","41","0","2017","4","",43,3679,3662,3637,33659249,0,0,708,"",0.74,1.13,1.11,1.11,1.02,0.00,0.00,0.92,"",0,0.0,968,35.7,962,35.6,951,35.4,9028191,36.7,0,0.0,0,0.0,6,0.9
"C3610","3","10","41","0","2017","4","",20,10618,10659,10656,110834782,517474,4037,801,"",0.14,1.05,1.04,1.04,1.28,0.34,1.02,1.22,"",-1,-4.8,-857,-7.5,-921,-8.0,-883,-7.7,-5138054,-4.4,-5947,-1.1,-98,-2.4,27,3.5
"C3610","5","10","41","0","2017","4","",8249,86624,87736,88139,850170742,75416257,750252,747,"",1.02,1.00,1.01,1.01,0.99,1.03,1.00,0.98,"",158,2.0,644,0.7,602,0.7,332,0.4,8050539,1.0,3319276,4.6,-155317,-17.2,2,0.3
"C3614","0","10","40","0","2017","4","",3911,39757,36099,35297,383317013,109302507,3121110,796,"",1.00,1.00,1.00,1.00,1.00,1.00,1.00,1.00,"",-36,-0.9,1156,3.0,-37,-0.1,-3,0.0,-3666463,-0.9,7936611,7.8,201326,6.9,-16,-2.0
"C3614","1","10","41","0","2017","4","",32,452,448,452,6212276,0,0,1060,"",1.36,0.59,0.65,0.66,0.59,0.00,0.00,0.93,"",0,0.0,15,3.4,14,3.2,9,2.0,173705,2.9,0,0.0,0,0.0,-1,-0.1
"C3614","2","10","41","0","2017","4","",18,1027,1000,1003,15387706,538182,3767,1172,"",0.66,0.80,0.86,0.89,1.23,0.39,0.92,1.44,"",-1,-5.3,-40,-3.7,-57,-5.4,-55,-5.2,-891493,-5.5,-10112,-1.8,-71,-1.8,-9,-0.8
"C3614","3","10","41","0","2017","4","",50,6714,6511,6498,88494422,4360755,30525,1035,"",0.75,1.70,1.82,1.86,2.68,2.02,1.86,1.50,"",-1,-2.0,-64,-0.9,7,0.1,88,1.4,1131184,1.3,199751,4.8,1398,4.8,11,1.1
"C3614","5","10","41","0","2017","4","",3811,31564,28140,27344,273222609,104403570,3086818,724,"",1.00,0.93,0.92,0.91,0.83,0.99,1.00,0.90,"",-34,-0.9,1245,4.1,-1,0.0,-45,-0.2,-4079859,-1.5,7746972,8.0,199999,6.9,-21,-2.8
"C3622","0","10","40","0","2017","4","",3938,73644,74637,74662,1106049318,96633030,3160968,1145,"",1.00,1.00,1.00,1.00,1.00,1.00,1.00,1.00,"",64,1.7,6998,10.5,7550,11.3,7250,10.8,198445649,21.9,29876855,44.8,1692107,115.2,104,10.0
"C3622","1","10","41","0","2017","4","",8,193,192,189,3045328,0,0,1224,"",0.34,0.14,0.13,0.13,0.10,0.00,0.00,0.75,"",0,0.0,6,3.2,2,1.1,-6,-3.1,196552,6.9,0,0.0,0,0.0,75,6.5
"C3622","2","10","41","0","2017","4","",17,1409,1397,1395,20544567,0,0,1129,"",0.62,0.60,0.58,0.59,0.57,0.00,0.00,0.97,"",0,0.0,-33,-2.3,-44,-3.1,-43,-3.0,66760,0.3,0,0.0,0,0.0,35,3.2
"C3622","3","10","41","0","2017","4","",47,8479,8403,8649,107534080,394281,392,972,"",0.70,1.16,1.13,1.17,1.13,0.21,0.02,0.98,"",-3,-6.0,-425,-4.8,-508,-5.7,-389,-4.3,-712353,-0.7,-19907,-4.8,-7476,-95.0,42,4.5
"C3622","5","10","41","0","2017","4","",3866,63563,64645,64429,974925343,96238749,3160576,1168,"",1.01,1.02,1.02,1.02,1.03,1.03,1.01,1.01,"",67,1.8,7450,13.3,8100,14.3,7688,13.5,198894690,25.6,29896762,45.1,1699583,116.3,111,10.5
"C3626","0","10","40","0","2017","4","",16468,256161,256275,255889,2824048711,780188667,4798903,848,"",1.00,1.00,1.00,1.00,1.00,1.00,1.00,1.00,"",632,4.0,5261,2.1,6107,2.4,7080,2.8,150874250,5.6,58508729,8.1,-5168,-0.1,25,3.0
"C3626","1","10","41","0","2017","4","",80,18721,18935,19076,338683451,0,0,1378,"",0.81,3.80,3.86,3.87,4.36,0.00,0.00,1.14,"",4,5.3,-451,-2.4,-328,-1.7,-288,-1.5,2071704,0.6,0,0.0,0,0.0,34,2.5
"C3626","2","10","41","0","2017","4","",80,6300,6359,6391,74214844,998448,2995,899,"",0.69,0.77,0.77,0.78,0.80,0.10,0.47,1.04,"",0,0.0,141,2.3,175,2.8,206,3.3,4017743,5.7,148334,17.4,445,17.5,25,2.9
"C3626","3","10","41","0","2017","4","",500,25449,25486,25562,221977749,824310,3747,670,"",1.79,1.00,1.00,1.01,0.91,0.05,0.15,0.91,"",2,0.4,561,2.3,506,2.0,890,3.6,14749435,7.1,12738,1.6,-658,-14.9,28,4.4
"C3626","5","10","41","0","2017","4","",15808,205691,205495,204860,2189172667,778365909,4792161,820,"",0.99,0.95,0.94,0.94,0.91,1.03,1.01,0.96,"",626,4.1,5010,2.5,5754,2.9,6272,3.2,130035368,6.3,58347657,8.1,-4955,-0.1,27,3.4
"C3630","0","10","80","0","2017","4","",2163,36378,36259,36306,397255944,22957744,790586,841,"",1.00,1.00,1.00,1.00,1.00,1.00,1.00,1.00,"",-1,0.0,461,1.3,309,0.9,832,2.3,18699759,4.9,2021928,9.7,-32033,-3.9,27,3.3
"C3634","0","10","80","0","2017","4","",1254,18115,18112,18052,183559684,11768908,608249,780,"",1.00,1.00,1.00,1.00,1.00,1.00,1.00,1.00,"",1,0.1,9,0.0,97,0.5,15,0.1,6642106,3.8,951039,8.8,28298,4.9,26,3.4
"C3638","0","10","80","0","2017","4","",987,11265,11375,11534,108201789,8541780,81776,731,"",1.00,1.00,1.00,1.00,1.00,1.00,1.00,1.00,"",38,4.0,27,0.2,-19,-0.2,117,1.0,7220124,7.1,321489,3.9,-36465,-30.8,47,6.9
"C3642","0","10","40","0","2017","4","",40987,606229,609671,610665,7562466910,989958715,9303615,955,"",1.00,1.00,1.00,1.00,1.00,1.00,1.00,1.00,"",1169,2.9,10505,1.8,11340,1.9,12192,2.0,419045524,5.9,68345441,7.4,1532983,19.7,35,3.8
"C3642","1","10","41","0","2017","4","",215,28867,28912,29000,554709252,0,0,1475,"",0.87,2.47,2.48,2.47,2.67,0.00,0.00,1.08,"",0,0.0,126,0.4,93,0.3,121,0.4,15921584,3.0,0,0.0,0,0.0,37,2.6
"C3642","2","10","41","0","2017","4","",234,36467,36353,36298,481830884,22825541,29904,1019,"",0.81,1.87,1.86,1.86,1.95,1.82,2.44,1.05,"",3,1.3,-394,-1.1,-451,-1.2,-366,-1.0,4960204,1.0,1967664,9.4,431,1.5,22,2.2
"C3642","3","10","41","0","2017","4","",474,51725,52181,51812,517496500,10014479,83598,767,"",0.68,0.86,0.86,0.86,0.80,0.51,1.71,0.93,"",-2,-0.4,-330,-0.6,-138,-0.3,130,0.3,1650500,0.3,36200,0.4,1687,2.1,4,0.5
"C3642","5","10","41","0","2017","4","",40064,489170,492225,493555,6008430274,957118695,9190113,940,"",1.01,0.95,0.95,0.95,0.93,1.00,0.99,0.98,"",1168,3.0,11103,2.3,11836,2.5,12307,2.6,396513236,7.1,66341577,7.4,1530865,20.0,40,4.4
"C3646","0","10","80","0","2017","4","",1802,29651,29590,29929,305986992,18215231,540846,792,"",1.00,1.00,1.00,1.00,1.00,1.00,1.00,1.00,"",-4,-0.2,-350,-1.2,-305,-1.0,-35,-0.1,10088673,3.4,590227,3.3,-88454,-14.1,32,4.2
"C3650","0","10","40","0","2017","4","",8323,114481,114787,114785,1446401317,377367344,4298712,970,"",1.00,1.00,1.00,1.00,1.00,1.00,1.00,1.00,"",84,1.0,2862,2.6,2727,2.4,2940,2.6,88218626,6.5,34651426,10.1,-113700,-2.6,36,3.9
"C3650","1","10","41","0","2017","4","",44,885,850,861,17423225,0,0,1549,"",0.88,0.40,0.39,0.39,0.44,0.00,0.00,1.12,"",0,0.0,18,2.1,-13,-1.5,-18,-2.0,1345887,8.4,0,0.0,0,0.0,127,8.9
"C3650","2","10","41","0","2017","4","",108,24543,24559,24435,407826643,0,0,1280,"",1.85,6.68,6.68,6.68,8.64,0.00,0.00,1.29,"",-1,-0.9,388,1.6,340,1.4,218,0.9,20357542,5.3,0,0.0,0,0.0,48,3.9
"C3650","3","10","41","0","2017","4","",50,12528,12699,12616,161165152,2720919,17319,983,"",0.35,1.10,1.11,1.11,1.30,0.36,0.77,1.17,"",-1,-2.0,278,2.3,292,2.4,176,1.4,9337287,6.1,605546,28.6,3067,21.5,39,4.1
"C3650","5","10","41","0","2017","4","",8121,76525,76679,76873,859986297,374646425,4281393,863,"",1.01,0.79,0.79,0.79,0.70,1.03,1.00,0.88,"",86,1.1,2178,2.9,2108,2.8,2564,3.5,57177910,7.1,34045880,10.0,-116767,-2.7,33,4.0
"C3654","0","10","40","0","2017","4","",28030,478147,480344,479805,6045009407,472056075,5618592,970,"",1.00,1.00,1.00,1.00,1.00,1.00,1.00,1.00,"",86,0.3,1301,0.3,3892,0.8,3448,0.7,191455646,3.3,20486421,4.5,-220568,-3.8,25,2.6
"C3654","1","10","41","0","2017","4","",179,9383,9363,9400,179528237,0,0,1472,"",1.06,1.02,1.02,1.02,1.08,0.00,0.00,1.06,"",-1,-0.6,-31,-0.3,-66,-0.7,-65,-0.7,5682047,3.3,0,0.0,0,0.0,55,3.9
"C3654","2","10","41","0","2017","4","N",157,0,0,0,0,0,0,0,"N",0.80,0,0,0,0,0,0,0,"N",-3,-1.9,0,0,0,0,0,0,0,0,0,0,0,0,0,0
"C3654","3","10","41","0","2017","4","N",327,0,0,0,0,0,0,0,"N",0.69,0,0,0,0,0,0,0,"N",5,1.6,0,0,0,0,0,0,0,0,0,0,0,0,0,0
"C3654","5","10","41","0","2017","4","",27367,414221,416458,416666,5226386607,470577831,5611122,967,"",1.01,1.02,1.02,1.02,1.01,1.03,1.01,0.99,"",85,0.3,1280,0.3,3775,0.9,3311,0.8,181186286,3.6,20423618,4.5,-219621,-3.8,27,2.9
"C3658","0","10","80","0","2017","4","",1575,24248,23708,23225,256673163,13415105,411185,832,"",1.00,1.00,1.00,1.00,1.00,1.00,1.00,1.00,"",-17,-1.1,389,1.6,-58,-0.2,11,0.0,7466526,3.0,24012,0.2,-94451,-18.7,20,2.5
"C3662","0","10","80","0","2017","4","",1672,20057,19580,19315,177629443,73331839,1451729,695,"",1.00,1.00,1.00,1.00,1.00,1.00,1.00,1.00,"",40,2.5,269,1.4,177,0.9,246,1.3,8110797,4.8,4576256,6.7,59840,4.3,24,3.6
"C3666","0","10","80","0","2017","4","",1893,23442,23458,23512,222708825,15663397,234244,730,"",1.00,1.00,1.00,1.00,1.00,1.00,1.00,1.00,"",-1,-0.1,-47,-0.2,-130,-0.6,17,0.1,4425572,2.0,-306566,-1.9,13659,6.2,16,2.2
"C3670","0","10","80","0","2017","4","",1684,27832,28566,28745,286358988,33022091,505809,776,"",1.00,1.00,1.00,1.00,1.00,1.00,1.00,1.00,"",17,1.0,-326,-1.2,-291,-1.0,-204,-0.7,12306179,4.5,1264111,4.0,-79087,-13.5,40,5.4
"C3674","0","10","40","0","2017","4","",72274,1214042,1228142,1233821,14776331408,910671983,9984658,928,"",1.00,1.00,1.00,1.00,1.00,1.00,1.00,1.00,"",1857,2.6,41288,3.5,43666,3.7,44938,3.8,903512074,6.5,57373557,6.7,-2175859,-17.9,25,2.8
"C3674","1","10","41","0","2017","4","",165,14370,14423,14606,289217396,0,0,1538,"",0.38,0.61,0.61,0.61,0.71,0.00,0.00,1.16,"",2,1.2,365,2.6,329,2.3,240,1.7,25106472,9.5,0,0.0,0,0.0,103,7.2
"C3674","2","10","41","0","2017","4","",184,21884,21896,21230,255291363,0,0,906,"",0.36,0.56,0.56,0.54,0.53,0.00,0.00,0.96,"",-9,-4.7,6765,44.7,6731,44.4,6548,44.6,70370571,38.1,-8104,-100.0,-219,-100.0,-43,-4.5
"C3674","3","10","41","0","2017","4","",119,86100,87306,87088,1036203474,252155,3620,918,"",0.10,0.72,0.72,0.71,0.82,0.01,0.07,1.14,"",-3,-2.5,-3944,-4.4,-3372,-3.7,-3747,-4.1,-12390295,-1.2,224366,807.4,3265,919.7,27,3.0
"C3674","5","10","41","0","2017","4","",71806,1091688,1104517,1110897,13195619175,910419828,9981038,921,"",1.02,1.06,1.06,1.06,1.05,1.03,1.01,0.99,"",1867,2.7,38102,3.6,39978,3.8,41897,3.9,820425326,6.6,57157295,6.7,-2178905,-17.9,25,2.8
"C3678","0","10","40","0","2017","4","",3788,93901,94036,94569,1271609632,87964146,1710792,1039,"",1.00,1.00,1.00,1.00,1.00,1.00,1.00,1.00,"",97,2.6,265,0.3,-186,-0.2,620,0.7,44931561,3.7,-247469,-0.3,-816605,-32.3,34,3.4
"C3678","1","10","41","0","2017","4","",15,420,415,414,6699050,0,0,1238,"",0.66,0.23,0.23,0.23,0.19,0.00,0.00,0.83,"",0,0.0,-1,-0.2,1,0.2,-9,-2.1,-89996,-1.3,0,0.0,0,0.0,-7,-0.6
"C3678","2","10","41","0","2017","4","",15,3677,3701,3694,41134822,0,0,857,"",0.57,1.22,1.23,1.22,0.99,0.00,0.00,0.81,"",-2,-11.8,-113,-3.0,-85,-2.2,-111,-2.9,-302806,-0.7,0,0.0,0,0.0,17,2.0
"C3678","3","10","41","0","2017","4","",115,6746,6815,6785,73783638,9031,42,837,"",1.79,0.73,0.73,0.72,0.67,0.01,0.00,0.93,"",1,0.9,-105,-1.5,-586,-7.9,-139,-2.0,1378509,1.9,-8632,-48.9,-135,-76.3,48,6.1
"C3678","5","10","41","0","2017","4","",3643,83058,83105,83676,1149992122,87955115,1710750,1062,"",0.99,1.04,1.04,1.04,1.06,1.03,1.01,1.02,"",98,2.8,484,0.6,484,0.6,879,1.1,43945854,4.0,-238837,-0.3,-816470,-32.3,33,3.2
"C3682","0","10","80","0","2017","4","",630,7912,7959,7939,84408298,18099330,252710,818,"",1.00,1.00,1.00,1.00,1.00,1.00,1.00,1.00,"",6,1.0,-193,-2.4,-182,-2.2,-80,-1.0,-918229,-1.1,-546528,-2.9,-168818,-40.0,7,0.9
"C3683","0","10","80","0","2017","4","",839,8703,7934,7451,81951289,37397155,508976,785,"",1.00,1.00,1.00,1.00,1.00,1.00,1.00,1.00,"",-11,-1.3,354,4.2,277,3.6,458,6.5,3362203,4.3,1912051,5.4,17396,3.5,-4,-0.5
"C3684","0","10","80","0","2017","4","",637,9540,9545,9443,93360940,30556120,163828,755,"",1.00,1.00,1.00,1.00,1.00,1.00,1.00,1.00,"",-6,-0.9,-3,0.0,-107,-1.1,-105,-1.1,1074700,1.2,566296,1.9,-11043,-6.3,14,1.9
"C3686","0","10","80","0","2017","4","",3491,56632,56390,56293,630509963,56401853,1502916,859,"",1.00,1.00,1.00,1.00,1.00,1.00,1.00,1.00,"",-263,-7.0,586,1.0,389,0.7,706,1.3,15471861,2.5,-856377,-1.5,-168624,-10.1,12,1.4
"C3690","0","10","80","0","2017","4","",1121,18205,18261,18221,191426158,54113422,1095024,808,"",1.00,1.00,1.00,1.00,1.00,1.00,1.00,1.00,"",-18,-1.6,-90,-0.5,-201,-1.1,-190,-1.0,437585,0.2,168909,0.3,-38116,-3.4,9,1.1
"C3694","0","10","80","0","2017","4","",973,21114,21145,21199,237597543,60475944,950092,864,"",1.00,1.00,1.00,1.00,1.00,1.00,1.00,1.00,"",25,2.6,-1387,-6.2,-1095,-4.9,-1145,-5.1,11173060,4.9,3053324,5.3,188823,24.8,85,10.9
"C3698","0","10","40","0","2017","4","",3382,52993,52869,53167,574745036,45624156,1056795,834,"",1.00,1.00,1.00,1.00,1.00,1.00,1.00,1.00,"",-133,-3.8,1068,2.1,758,1.5,904,1.7,13849593,2.5,1255992,2.8,-149067,-12.4,6,0.7
"C3698","1","10","41","0","2017","4","",28,306,318,306,4727202,0,0,1173,"",1.38,0.30,0.31,0.30,0.30,0.00,0.00,0.98,"",0,0.0,5,1.7,8,2.6,-10,-3.2,160754,3.5,0,0.0,0,0.0,36,3.2
"C3698","2","10","41","0","2017","4","N",58,0,0,0,0,0,0,0,"N",2.45,0,0,0,0,0,0,0,"N",-2,-3.3,0,0,0,0,0,0,0,0,0,0,0,0,0,0
"C3698","3","10","41","0","2017","4","N",47,0,0,0,0,0,0,0,"N",0.82,0,0,0,0,0,0,0,"N",0,0.0,0,0,0,0,0,0,0,0,0,0,0,0,0,0
"C3698","5","10","41","0","2017","4","",3249,46326,46180,46475,511238484,45564670,1055723,849,"",0.99,1.03,1.03,1.03,1.04,1.03,1.01,1.01,"",-131,-3.9,1038,2.3,728,1.6,957,2.1,12273670,2.5,1250880,2.8,-148850,-12.4,4,0.5
"C3702","0","10","80","0","2017","4","",1089,16290,16231,16040,161429580,9884506,281453,767,"",1.00,1.00,1.00,1.00,1.00,1.00,1.00,1.00,"",-2,-0.2,-353,-2.1,-169,-1.0,-114,-0.7,4920535,3.1,-344743,-3.4,-37454,-11.7,33,4.5
"C3706","0","10","80","0","2017","4","",1317,24505,24768,24072,237019408,25769409,219274,746,"",1.00,1.00,1.00,1.00,1.00,1.00,1.00,1.00,"",42,3.3,685,2.9,758,3.2,719,3.1,4034596,1.7,410677,1.6,-23493,-9.7,-9,-1.2
"C3708","0","10","80","0","2017","4","",937,21614,21770,21658,240193621,33969952,321398,852,"",1.00,1.00,1.00,1.00,1.00,1.00,1.00,1.00,"",-23,-2.4,656,3.1,628,3.0,458,2.2,11233522,4.9,3080448,10.0,-167418,-34.2,17,2.0
"C3710","0","10","40","0","2017","4","",27292,325286,326621,326370,4552889198,236310324,9875043,1074,"",1.00,1.00,1.00,1.00,1.00,1.00,1.00,1.00,"",1060,4.0,4060,1.3,4701,1.5,3697,1.1,183010537,4.2,5259104,2.3,-398912,-3.9,30,2.9
"C3710","1","10","41","0","2017","4","",64,7245,7241,7283,173537327,0,0,1840,"",0.39,1.16,1.16,1.16,1.39,0.00,0.00,1.20,"",0,0.0,103,1.4,92,1.3,27,0.4,5597974,3.3,0,0.0,0,0.0,41,2.3
"C3710","2","10","41","0","2017","4","",127,2150,2086,2113,34306621,0,0,1247,"",0.66,0.21,0.20,0.20,0.23,0.00,0.00,1.14,"",-6,-4.5,-8,-0.4,-31,-1.5,-34,-1.6,2438509,7.7,0,0.0,0,0.0,102,8.9
"C3710","3","10","41","0","2017","4","",367,36352,37070,36424,554464011,432112,14721,1165,"",0.79,1.13,1.14,1.13,1.42,0.09,0.28,1.25,"",-1,-0.3,244,0.7,272,0.7,-282,-0.8,22502069,4.2,195706,82.8,6267,74.1,45,4.0
"C3710","5","10","41","0","2017","4","",26734,279539,280224,280550,3790581239,235878212,9860322,1041,"",1.01,1.01,1.01,1.01,0.98,1.03,1.01,0.96,"",1067,4.2,3721,1.3,4368,1.6,3986,1.4,152471985,4.2,5063398,2.2,-405179,-3.9,27,2.7
"C3712","0","10","80","0","2017","4","",891,16857,16882,16790,222016833,7568085,116848,1014,"",1.00,1.00,1.00,1.00,1.00,1.00,1.00,1.00,"",13,1.5,-87,-0.5,6,0.0,-93,-0.6,3993969,1.8,-2856302,-27.4,-29707,-20.3,22,2.2
"C3714","0","10","80","0","2017","4","",3007,46957,47153,46762,515924699,49453717,1169954,845,"",1.00,1.00,1.00,1.00,1.00,1.00,1.00,1.00,"",-60,-2.0,-396,-0.8,-328,-0.7,-667,-1.4,-5384056,-1.0,5950609,13.7,-63743,-5.2,-1,-0.1
"C3722","0","10","80","0","2017","4","",860,11631,11734,11695,151192228,42740573,1007683,995,"",1.00,1.00,1.00,1.00,1.00,1.00,1.00,1.00,"",-9,-1.0,290,2.6,386,3.4,338,3.0,8234696,5.8,10885873,34.2,321597,46.9,26,2.7
"C3726","0","10","80","0","2017","4","",1443,16504,16351,16501,156042380,10364177,109608,730,"",1.00,1.00,1.00,1.00,1.00,1.00,1.00,1.00,"",7,0.5,-75,-0.5,-121,-0.7,-470,-2.8,2833715,1.8,-285717,-2.7,-47040,-30.0,23,3.3
"C3730","0","10","80","0","2017","4","",1645,20168,20243,20201,223124695,18436982,389481,850,"",1.00,1.00,1.00,1.00,1.00,1.00,1.00,1.00,"",-55,-3.2,-615,-3.0,-525,-2.5,-591,-2.8,1114841,0.5,-720354,-3.8,49671,14.6,28,3.4
"C3734","0","10","40","0","2017","4","",15835,207986,210464,211541,2656452498,147730834,1762509,973,"",1.00,1.00,1.00,1.00,1.00,1.00,1.00,1.00,"",415,2.7,5367,2.6,5404,2.6,5392,2.6,153149546,6.1,7393455,5.3,-384495,-17.9,32,3.4
"C3734","1","10","41","0","2017","4","",85,6280,6274,6317,133630411,0,0,1634,"",0.89,1.57,1.56,1.55,1.83,0.00,0.00,1.17,"",-2,-2.3,3,0.0,-20,-0.3,9,0.1,4945133,3.8,0,0.0,0,0.0,61,3.9
"C3734","2","10","41","0","2017","4","",46,3061,3029,2563,30060566,0,0,802,"",0.41,0.46,0.45,0.38,0.35,0.00,0.00,0.81,"",1,2.2,1462,91.4,1409,87.0,944,58.3,14252091,90.2,0,0.0,0,0.0,48,6.4
"C3734","3","10","41","0","2017","4","",41,18605,18867,18938,203526734,1115215,4030,833,"",0.15,0.90,0.90,0.90,0.89,0.38,0.43,0.99,"",2,5.1,-1137,-5.8,-866,-4.4,-705,-3.6,-9605506,-4.5,-51534,-4.4,-1383,-25.5,1,0.1
"C3734","5","10","41","0","2017","4","",15663,180040,182294,183723,2289234787,146615619,1758479,967,"",1.02,1.02,1.02,1.02,1.01,1.03,1.00,0.99,"",414,2.7,5039,2.9,4881,2.8,5144,2.9,143557828,6.7,7444989,5.3,-383112,-17.9,34,3.6
"C3742","0","10","80","0","2017","4","",608,7672,7679,7717,95543698,5734766,144004,956,"",1.00,1.00,1.00,1.00,1.00,1.00,1.00,1.00,"",-11,-1.8,31,0.4,31,0.4,71,0.9,6834442,7.7,623746,12.2,81218,129.4,63,7.1
"C3746","0","10","40","0","2017","4","",5970,81686,81807,80852,836230347,58939195,600453,790,"",1.00,1.00,1.00,1.00,1.00,1.00,1.00,1.00,"",66,1.1,732,0.9,1165,1.4,977,1.2,21101098,2.6,1226714,2.1,-236236,-28.2,11,1.4
"C3746","1","10","41","0","2017","4","",58,3792,3811,3795,77439285,0,0,1568,"",1.62,2.41,2.43,2.44,3.37,0.00,0.00,1.39,"",-1,-1.7,-30,-0.8,-18,-0.5,-42,-1.1,3189589,4.3,0,0.0,0,0.0,76,5.1
"C3746","2","10","41","0","2017","4","",65,2595,2601,2598,24289139,0,0,719,"",1.55,0.99,0.99,1.01,0.89,0.00,0.00,0.89,"",-2,-3.0,661,34.2,659,33.9,656,33.8,6842981,39.2,0,0.0,0,0.0,27,3.9
"C3746","3","10","41","0","2017","4","",33,7971,8093,8040,72687494,3413420,3414,696,"",0.33,0.98,1.00,1.00,1.01,2.93,1.08,1.02,"",-2,-5.7,-485,-5.7,-434,-5.1,-468,-5.5,-3569588,-4.7,417335,13.9,-746,-17.9,6,0.9
"C3746","5","10","41","0","2017","4","",5814,67328,67302,66419,661814429,55525775,597039,760,"",1.00,0.97,0.97,0.97,0.93,0.97,1.00,0.96,"",71,1.2,586,0.9,958,1.4,831,1.3,14638116,2.3,809379,1.5,-235490,-28.3,8,1.1
"C3750","0","10","80","0","2017","4","",913,15316,15443,15271,145017075,13337741,264502,727,"",1.00,1.00,1.00,1.00,1.00,1.00,1.00,1.00,"",24,2.7,112,0.7,194,1.3,98,0.6,4216603,3.0,206369,1.6,11611,4.6,15,2.1
"C3754","0","10","80","0","2017","4","",735,11260,11396,11466,113344590,7224528,98354,767,"",1.00,1.00,1.00,1.00,1.00,1.00,1.00,1.00,"",7,1.0,-56,-0.5,65,0.6,99,0.9,1506311,1.3,137951,1.9,-3735,-3.7,8,1.1
"C3758","0","10","80","0","2017","4","",1248,21906,21859,21899,249221568,21763486,553003,876,"",1.00,1.00,1.00,1.00,1.00,1.00,1.00,1.00,"",43,3.6,688,3.2,881,4.2,761,3.6,21954659,9.7,2617213,13.7,97533,21.4,48,5.8
"C3762","0","10","40","0","2017","4","",2372,35970,36190,36323,365902518,34783891,914923,778,"",1.00,1.00,1.00,1.00,1.00,1.00,1.00,1.00,"",2,0.1,-1268,-3.4,-1473,-3.9,-1239,-3.3,8647162,2.4,-654909,-1.8,26230,3.0,45,6.1
"C3762","1","10","41","0","2017","4","",26,2425,2417,2405,41741860,0,0,1329,"",1.83,3.50,3.49,3.44,4.15,0.00,0.00,1.19,"",0,0.0,-14,-0.6,-33,-1.3,-53,-2.2,1269708,3.1,0,0.0,0,0.0,58,4.6
"C3762","2","10","41","0","2017","4","",38,1007,1007,1003,8455941,0,0,647,"",2.29,0.87,0.87,0.87,0.71,0.00,0.00,0.82,"",2,5.6,-35,-3.4,-36,-3.5,-42,-4.0,-424428,-4.8,-37248,-100.0,-782,-100.0,-8,-1.2
"C3762","3","10","41","0","2017","4","N",77,0,0,0,0,0,0,0,"N",1.91,0,0,0,0,0,0,0,"N",3,4.1,0,0,0,0,0,0,0,0,0,0,0,0,0,0
"C3762","5","10","41","0","2017","4","N",2231,0,0,0,0,0,0,0,"N",0.97,0,0,0,0,0,0,0,"N",-3,-0.1,0,0,0,0,0,0,0,0,0,0,0,0,0,0
"C3766","0","10","80","0","2017","4","",484,9137,9187,9250,85406900,26288262,186756,715,"",1.00,1.00,1.00,1.00,1.00,1.00,1.00,1.00,"",-19,-3.8,-162,-1.7,-146,-1.6,-98,-1.0,2197953,2.6,1038453,4.1,-50317,-21.2,29,4.2
"C3774","0","10","80","0","2017","4","",970,14915,14782,14813,153274955,8899118,227656,795,"",1.00,1.00,1.00,1.00,1.00,1.00,1.00,1.00,"",2,0.2,108,0.7,-56,-0.4,-25,-0.2,8935463,6.2,-777362,-8.0,-35765,-13.6,46,6.1
"C3778","0","10","80","0","2017","4","",364,6096,6180,6168,85645915,10764498,419119,1072,"",1.00,1.00,1.00,1.00,1.00,1.00,1.00,1.00,"",42,13.0,1600,35.6,1715,38.4,1642,36.3,37216312,76.8,6553895,155.7,347416,484.5,243,29.3
"C3786","0","10","40","0","2017","4","",11497,172398,173420,173163,1888485173,114521574,1271653,840,"",1.00,1.00,1.00,1.00,1.00,1.00,1.00,1.00,"",-15,-0.1,4167,2.5,4467,2.6,4568,2.7,125492013,7.1,7794450,7.3,-282995,-18.2,36,4.5
"C3786","1","10","41","0","2017","4","",81,6555,6546,6593,103038207,0,0,1207,"",1.17,1.98,1.97,1.98,1.98,0.00,0.00,1.00,"",1,1.2,-119,-1.8,-119,-1.8,-111,-1.7,1824584,1.8,0,0.0,0,0.0,42,3.6
"C3786","2","10","41","0","2017","4","",98,6051,6075,6046,64397541,0,0,818,"",1.22,1.09,1.09,1.09,1.04,0.00,0.00,0.95,"",-4,-3.9,860,16.6,895,17.3,864,16.7,11275083,21.2,0,0.0,0,0.0,30,3.8
"C3786","3","10","41","0","2017","4","",32,14888,15022,14894,154525805,4808,5,796,"",0.16,0.87,0.87,0.87,0.95,0.00,0.00,1.09,"",-2,-5.9,-749,-4.8,-614,-3.9,-892,-5.7,-3798568,-2.4,-150437,-96.9,-1925,-99.7,20,2.6
"C3786","5","10","41","0","2017","4","",11286,144904,145777,145630,1566523620,114516766,1271648,829,"",1.01,0.99,0.99,0.99,0.97,1.03,1.01,0.98,"",-10,-0.1,4175,3.0,4305,3.0,4707,3.3,116190914,8.0,7944887,7.5,-281070,-18.1,38,4.8
"C3790","0","10","40","0","2017","4","",8021,168993,169034,168736,2204809766,162615145,5519035,1004,"",1.00,1.00,1.00,1.00,1.00,1.00,1.00,1.00,"",-555,-6.5,-947,-0.6,-1085,-0.6,582,0.3,-32423379,-1.4,23485558,16.9,1164772,26.8,-12,-1.2
"C3790","1","10","41","0","2017","4","",99,2202,2187,2197,38384100,0,0,1345,"",2.06,0.68,0.68,0.68,0.63,0.00,0.00,0.94,"",-5,-4.8,-50,-2.2,-75,-3.3,-79,-3.5,197462,0.5,0,0.0,0,0.0,47,3.6
"C3790","2","10","41","0","2017","4","N",2,0,0,0,0,0,0,0,"N",0.04,0,0,0,0,0,0,0,"N",0,0.0,0,0,0,0,0,0,0,0,0,0,0,0,0,0
"C3790","3","10","41","0","2017","4","N",376,0,0,0,0,0,0,0,"N",2.76,0,0,0,0,0,0,0,"N",-12,-3.1,0,0,0,0,0,0,0,0,0,0,0,0,0,0
"C3790","5","10","41","0","2017","4","",7544,148522,148563,148216,1985202727,160373808,5492582,1029,"",0.97,1.03,1.03,1.03,1.05,1.02,1.00,1.02,"",-538,-6.7,-903,-0.6,-958,-0.6,526,0.4,-37104115,-1.8,23561563,17.2,1167763,27.0,-16,-1.5
"C3794","0","10","80","0","2017","4","",602,9236,9285,9361,91340410,7396242,140115,756,"",1.00,1.00,1.00,1.00,1.00,1.00,1.00,1.00,"",9,1.5,-280,-2.9,-352,-3.7,-169,-1.8,2223533,2.5,644022,9.5,-12424,-8.1,39,5.4
"C3798","0","10","40","0","2017","4","",163709,2790683,2806588,2808945,43919427740,3566286649,118826299,1206,"",1.00,1.00,1.00,1.00,1.00,1.00,1.00,1.00,"",45,0.0,31450,1.1,34862,1.3,32871,1.2,1712706847,4.1,195299320,5.8,-671125,-0.6,33,2.8
"C3798","1","10","41","0","2017","4","",733,50483,50394,50932,1046424983,0,0,1591,"",0.75,0.94,0.94,0.94,0.87,0.00,0.00,0.92,"",-8,-1.1,-356,-0.7,-482,-0.9,-916,-1.8,25530227,2.5,0,0.0,0,0.0,57,3.7
"C3798","2","10","41","0","2017","4","N",344,0,0,0,0,0,0,0,"N",0.30,0,0,0,0,0,0,0,"N",-7,-2.0,0,0,0,0,0,0,0,0,0,0,0,0,0,0
"C3798","3","10","41","0","2017","4","N",2630,0,0,0,0,0,0,0,"N",0.95,0,0,0,0,0,0,0,"N",-13,-0.5,0,0,0,0,0,0,0,0,0,0,0,0,0,0
"C3798","5","10","41","0","2017","4","",160002,2459616,2473803,2476113,38644167062,3512355849,118002211,1204,"",1.01,1.04,1.04,1.04,1.03,1.02,1.00,0.99,"",73,0.0,31973,1.3,35744,1.5,33412,1.4,1581440799,4.3,192416204,5.8,-479847,-0.4,34,2.9
"C3806","0","10","40","0","2017","4","",101821,2024600,2048965,2054895,27014740108,1592629367,36420212,1017,"",1.00,1.00,1.00,1.00,1.00,1.00,1.00,1.00,"",3222,3.3,58987,3.0,63841,3.2,65034,3.3,1611213755,6.3,97110446,6.5,1986592,5.8,30,3.0
"C3806","1","10","41","0","2017","4","",230,22598,22567,22780,436968350,0,0,1484,"",0.38,0.58,0.58,0.58,0.59,0.00,0.00,1.02,"",0,0.0,347,1.6,205,0.9,127,0.6,12864333,3.0,0,0.0,0,0.0,29,2.0
"C3806","2","10","41","0","2017","4","",143,40801,40020,39535,535922906,51360,1155,1028,"",0.20,0.63,0.61,0.60,0.61,0.00,0.02,0.99,"",-2,-1.4,671,1.7,-224,-0.6,226,0.6,23519746,4.6,28740,127.1,763,194.6,40,4.0
"C3806","3","10","41","0","2017","4","",537,171575,172688,171307,2087378127,3737572,42691,934,"",0.31,0.86,0.85,0.84,0.90,0.12,0.22,1.06,"",1,0.2,581,0.3,757,0.4,-332,-0.2,48895328,2.4,-44115,-1.2,-2750,-6.1,20,2.2
"C3806","5","10","41","0","2017","4","",100911,1789626,1813690,1821273,23954470725,1588840435,36376366,1019,"",1.02,1.04,1.04,1.04,1.04,1.03,1.01,1.00,"",3223,3.3,57388,3.3,63103,3.6,65013,3.7,1525934348,6.8,97125821,6.5,1988579,5.8,31,3.1
"C3810","0","10","80","0","2017","4","",829,10240,10263,10287,86789845,11855101,70383,650,"",1.00,1.00,1.00,1.00,1.00,1.00,1.00,1.00,"",-18,-2.1,-141,-1.4,-33,-0.3,24,0.2,1301224,1.5,3906,0.0,-9611,-12.0,12,1.9
"C3818","0","10","80","0","2017","4","",1095,12706,12563,12529,136994350,11930206,89089,836,"",1.00,1.00,1.00,1.00,1.00,1.00,1.00,1.00,"",12,1.1,-129,-1.0,-252,-2.0,-187,-1.5,2063702,1.5,-1036155,-8.0,-26234,-22.7,24,3.0
"C3822","0","10","40","0","2017","4","",2572,31708,31795,31687,324717890,28127962,543229,787,"",1.00,1.00,1.00,1.00,1.00,1.00,1.00,1.00,"",20,0.8,-687,-2.1,-554,-1.7,-522,-1.6,7502708,2.4,470935,1.7,-162629,-23.0,32,4.2
"C3822","1","10","41","0","2017","4","",45,1419,1415,1423,26244731,0,0,1423,"",2.92,2.32,2.33,2.33,2.94,0.00,0.00,1.26,"",-2,-4.3,-71,-4.8,-84,-5.6,-80,-5.3,-999377,-3.7,0,0.0,0,0.0,23,1.6
"C3822","2","10","41","0","2017","4","",52,4272,4317,4304,40763362,42702,171,730,"",2.89,4.20,4.24,4.26,3.85,0.12,0.24,0.91,"",-1,-1.9,8,0.2,-4,-0.1,17,0.4,2271778,5.9,10699,33.4,11,6.9,40,5.8
"C3822","3","10","41","0","2017","4","",58,3355,3356,3383,29562089,221918,2435,676,"",1.33,1.07,1.06,1.08,1.06,0.40,0.85,0.99,"N",1,1.8,0,0,0,0,0,0,0,0,0,0,0,0,0,0
"C3822","5","10","41","0","2017","4","",2417,22662,22707,22577,228147708,27863342,540623,775,"",0.97,0.84,0.84,0.84,0.82,1.02,1.00,0.98,"N",22,0.9,0,0,0,0,0,0,0,0,0,0,0,0,0,0
"C3824","0","10","80","0","2017","4","",2558,35167,35285,35072,366368191,67684672,622923,801,"",1.00,1.00,1.00,1.00,1.00,1.00,1.00,1.00,"",17,0.7,-218,-0.6,-277,-0.8,-213,-0.6,8951457,2.5,93284,0.1,-329035,-34.6,25,3.2
"C3826","0","10","80","0","2017","4","",962,17319,17481,17413,152663607,40143190,290102,675,"",1.00,1.00,1.00,1.00,1.00,1.00,1.00,1.00,"",-26,-2.6,107,0.6,170,1.0,90,0.5,3421524,2.3,-351414,-0.9,-16815,-5.5,11,1.7
"C3830","0","10","40","0","2017","4","",63034,1118671,1119744,1118264,15884582904,859944793,47534116,1092,"",1.00,1.00,1.00,1.00,1.00,1.00,1.00,1.00,"",-27,0.0,14340,1.3,12203,1.1,14148,1.3,674833550,4.4,53967746,6.7,1701812,3.7,34,3.2
"C3830","1","10","41","0","2017","4","",495,17868,17858,18405,346061962,0,0,1475,"",1.31,0.83,0.83,0.85,0.79,0.00,0.00,0.94,"",0,0.0,21,0.1,80,0.4,-189,-1.0,7892101,2.3,0,0.0,0,0.0,36,2.5
"C3830","2","10","41","0","2017","4","",184,12212,12487,12547,174488290,0,0,1081,"",0.42,0.34,0.35,0.35,0.34,0.00,0.00,0.97,"",-1,-0.5,-641,-5.0,-574,-4.4,-507,-3.9,-8047854,-4.4,0,0.0,0,0.0,0,0.0
"C3830","3","10","41","0","2017","4","",1698,83954,84232,83543,1107239338,2087260,85269,1015,"",1.58,0.76,0.76,0.75,0.81,0.12,0.34,1.07,"",-7,-0.4,-129,-0.2,-489,-0.6,-824,-1.0,27312548,2.5,-39683,-1.9,-13811,-13.9,31,3.2
"C3830","5","10","41","0","2017","4","",60657,1004637,1005167,1003769,14256793314,857857533,47448847,1092,"",0.99,1.06,1.06,1.06,1.05,1.03,1.00,0.99,"",-19,0.0,15089,1.5,13186,1.3,15668,1.6,647676755,4.8,54007429,6.7,1715623,3.8,34,3.2
"C3834","0","10","40","0","2017","4","",5179,61921,61547,61932,737394532,100709762,1923432,918,"",1.00,1.00,1.00,1.00,1.00,1.00,1.00,1.00,"",4,0.1,49,0.1,-6,0.0,132,0.2,17709389,2.5,-393933,-0.4,-72170,-3.6,21,2.3
"C3834","1","10","41","0","2017","4","",35,381,387,393,6433290,0,0,1279,"",1.13,0.32,0.33,0.33,0.32,0.00,0.00,0.97,"",0,0.0,-10,-2.6,0,0.0,6,1.6,38146,0.6,0,0.0,0,0.0,12,0.9
"C3834","2","10","41","0","2017","4","",80,2226,2194,2173,31021421,31021421,62044,1086,"",2.20,1.12,1.11,1.10,1.29,24.26,24.47,1.16,"",8,11.1,18,0.8,16,0.7,-5,-0.2,767165,2.5,767165,2.5,-28716,-31.6,22,2.1
"C3834","3","10","41","0","2017","4","",168,5848,5893,6011,64582272,6112507,27314,840,"",1.91,0.95,0.96,0.98,1.02,3.07,2.70,1.05,"",0,0.0,19,0.3,-156,-2.6,25,0.4,1374135,2.2,310987,5.4,-6162,-18.4,23,2.8
"C3834","5","10","41","0","2017","4","",4896,53466,53073,53355,635357549,63575834,1834074,917,"",0.97,1.02,1.02,1.01,1.01,0.65,0.96,0.99,"",-4,-0.1,22,0.0,134,0.3,106,0.2,15529943,2.5,-1472085,-2.3,-37292,-2.0,21,2.3
"C3838","0","10","80","0","2017","4","",894,12127,12569,12461,119764793,13035769,297811,744,"",1.00,1.00,1.00,1.00,1.00,1.00,1.00,1.00,"",5,0.6,166,1.4,357,2.9,371,3.1,9261480,8.4,1162920,9.8,64525,27.7,41,5.8
"C3842","0","10","80","0","2017","4","",1386,18091,18010,18017,171712281,16320381,274125,732,"",1.00,1.00,1.00,1.00,1.00,1.00,1.00,1.00,"",2,0.1,8,0.0,-133,-0.7,-18,-0.1,4387994,2.6,-502907,-3.0,-75045,-21.5,20,2.8
"C3846","0","10","80","0","2017","4","",2032,35596,35267,34834,395178717,31836643,996822,863,"",1.00,1.00,1.00,1.00,1.00,1.00,1.00,1.00,"",29,1.4,942,2.7,1081,3.2,924,2.7,26822858,7.3,4462277,16.3,16767,1.7,36,4.4
"C3850","0","10","80","0","2017","4","",1022,18792,18666,18783,188885545,14996858,273270,775,"",1.00,1.00,1.00,1.00,1.00,1.00,1.00,1.00,"",-6,-0.6,-643,-3.3,-773,-4.0,-652,-3.4,3127215,1.7,352168,2.4,-27618,-9.2,40,5.4
"C3854","0","10","40","0","2017","4","",2354,33738,33853,33413,317252761,114150016,1264573,725,"",1.00,1.00,1.00,1.00,1.00,1.00,1.00,1.00,"",56,2.4,477,1.4,492,1.5,201,0.6,13593955,4.5,5292021,4.9,-56512,-4.3,23,3.3
"C3854","1","10","41","0","2017","4","",26,559,537,551,9804723,0,0,1374,"",1.84,0.86,0.83,0.86,1.12,0.00,0.00,1.33,"",-2,-7.1,3,0.5,9,1.7,20,3.8,376212,4.0,0,0.0,0,0.0,27,2.0
"C3854","2","10","41","0","2017","4","",30,3144,3143,3152,38829824,0,0,949,"",1.82,2.90,2.90,2.96,3.75,0.00,0.00,1.28,"",0,0.0,-11,-0.3,-92,-2.8,52,1.7,-512324,-1.3,0,0.0,0,0.0,-8,-0.8
"C3854","3","10","41","0","2017","4","",54,3312,3330,3277,28376599,254817,2971,660,"",1.35,0.99,0.99,0.99,1.04,0.11,0.45,1.05,"",0,0.0,33,1.0,13,0.4,45,1.4,1218443,4.5,-12460,-4.7,-439,-12.9,22,3.4
"C3854","5","10","41","0","2017","4","",2244,26723,26843,26433,240241615,113895199,1261602,693,"",0.98,0.93,0.93,0.93,0.89,1.03,1.00,0.95,"",58,2.7,452,1.7,562,2.1,84,0.3,12511624,5.5,5304481,4.9,-56073,-4.3,27,4.1
"C3858","0","10","80","0","2017","4","",1117,16893,16860,16741,159841135,9894135,281035,731,"",1.00,1.00,1.00,1.00,1.00,1.00,1.00,1.00,"",8,0.7,331,2.0,-109,-0.6,-83,-0.5,2139223,1.4,386347,4.1,56148,25.0,8,1.1
"C3862","0","10","80","0","2017","4","",1227,18301,18048,17937,195244602,32368409,462047,830,"",1.00,1.00,1.00,1.00,1.00,1.00,1.00,1.00,"",-16,-1.3,962,5.5,685,3.9,580,3.3,15314394,8.5,5654570,21.2,187932,68.6,32,4.0
"C3866","0","10","40","0","2017","4","",3440,64413,66313,69007,424628206,23556660,824230,491,"",1.00,1.00,1.00,1.00,1.00,1.00,1.00,1.00,"",-10,-0.3,-7054,-9.9,-5563,-7.7,-4378,-6.0,-22752564,-5.1,-4179096,-15.1,-167590,-16.9,15,3.2
"C3866","1","10","41","0","2017","4","",24,572,578,580,10841207,0,0,1446,"",1.16,0.46,0.46,0.44,0.93,0.00,0.00,2.06,"",0,0.0,-17,-2.9,-15,-2.5,-5,-0.9,-243531,-2.2,0,0.0,0,0.0,-2,-0.1
"C3866","2","10","41","0","2017","4","",125,13057,13028,12964,105569907,5660,124,624,"",5.19,6.32,6.13,5.89,7.62,0.02,0.11,1.25,"",-4,-3.1,-744,-5.4,-757,-5.5,-895,-6.5,-4997166,-4.5,-15932,-73.8,-394,-76.1,8,1.3
"C3866","3","10","41","0","2017","4","",13,5093,5097,5334,21972334,501113,17314,327,"",0.22,0.80,0.77,0.78,0.60,1.07,3.99,0.77,"",-1,-7.1,-461,-8.3,-421,-7.6,-236,-4.2,-3149568,-12.5,2028,0.4,-1592,-8.4,-21,-6.0
"C3866","5","10","41","0","2017","4","",3278,45691,47610,50129,286244758,23049887,806792,461,"",0.98,0.83,0.85,0.85,0.79,1.01,0.99,0.93,"",-5,-0.2,-5832,-11.3,-4370,-8.4,-3242,-6.1,-14362299,-4.8,-4165192,-15.3,-165604,-17.0,19,4.3
"C3870","0","10","80","0","2017","4","",880,14107,14058,14020,162686365,11970367,325768,890,"",1.00,1.00,1.00,1.00,1.00,1.00,1.00,1.00,"",-45,-4.9,327,2.4,207,1.5,311,2.3,6254116,4.0,2096017,21.2,71691,28.2,17,1.9
"C3874","0","10","80","0","2017","4","",1626,18706,18677,18736,164505434,21802799,298282,676,"",1.00,1.00,1.00,1.00,1.00,1.00,1.00,1.00,"",83,5.4,-395,-2.1,-357,-1.9,-403,-2.1,3083720,1.9,336581,1.6,-118185,-28.4,26,4.0
"C3878","0","10","80","0","2017","4","",427,5905,5905,5922,51189283,12409141,96936,666,"",1.00,1.00,1.00,1.00,1.00,1.00,1.00,1.00,"",0,0.0,-38,-0.6,17,0.3,1,0.0,54196,0.1,263190,2.2,-37647,-28.0,1,0.2
"C3882","0","10","80","0","2017","4","",2410,23043,22917,22667,222909996,79707525,1015118,750,"",1.00,1.00,1.00,1.00,1.00,1.00,1.00,1.00,"",9,0.4,172,0.8,190,0.8,205,0.9,8295459,3.9,4198790,5.6,-83912,-7.6,22,3.0
"C3884","0","10","80","0","2017","4","",1134,13966,12875,12488,138082110,7500233,245107,810,"",1.00,1.00,1.00,1.00,1.00,1.00,1.00,1.00,"",28,2.5,46,0.3,29,0.2,30,0.2,2289482,1.7,106533,1.4,28534,13.2,11,1.4
"C3886","0","10","40","0","2017","4","",22173,273474,271108,271828,3460635234,257033926,4567298,978,"",1.00,1.00,1.00,1.00,1.00,1.00,1.00,1.00,"",108,0.5,5192,1.9,6269,2.4,6821,2.6,168534707,5.1,8269758,3.3,-424040,-8.5,26,2.7
"C3886","1","10","41","0","2017","4","",148,8816,8844,8832,188260477,0,0,1640,"",1.11,1.67,1.70,1.69,1.98,0.00,0.00,1.17,"",1,0.7,111,1.3,98,1.1,53,0.6,9378215,5.2,0,0.0,0,0.0,66,4.2
"C3886","2","10","41","0","2017","4","",40,4340,4381,4480,46408773,83285,925,811,"",0.26,0.49,0.50,0.52,0.41,0.03,0.15,0.81,"",0,0.0,-39,-0.9,9,0.2,9,0.2,-154282,-0.3,-7178,-7.9,-669,-42.0,-2,-0.2
"C3886","3","10","41","0","2017","4","",541,23482,23576,23399,259197015,501480,7302,849,"",1.44,0.87,0.88,0.87,0.87,0.10,0.30,1.00,"",-7,-1.3,4,0.0,-367,-1.5,165,0.7,9402753,3.8,-67819,-11.9,-1084,-12.9,33,4.0
"C3886","5","10","41","0","2017","4","",21444,236836,234307,235117,2966768969,256449161,4559071,969,"",1.00,1.02,1.02,1.02,1.00,1.03,1.00,0.99,"",114,0.5,5116,2.2,6529,2.9,6594,2.9,149908021,5.3,8344755,3.4,-422287,-8.5,24,2.5
"C3890","0","10","40","0","2017","4","",88733,1173792,1177814,1179348,17404278696,4411520654,89554188,1137,"",1.00,1.00,1.00,1.00,1.00,1.00,1.00,1.00,"",2266,2.6,29409,2.6,28571,2.5,32582,2.8,1271521893,7.9,417582899,10.5,7004472,8.5,55,5.1
"C3890","1","10","41","0","2017","4","",248,18203,18119,18399,393661536,0,0,1660,"",0.47,0.81,0.80,0.81,0.82,0.00,0.00,1.02,"",-4,-1.6,6,0.0,0,0.0,-60,-0.3,20135059,5.4,0,0.0,0,0.0,86,5.5
"C3890","2","10","41","0","2017","4","",241,19213,19116,18976,202240273,0,0,814,"",0.39,0.51,0.51,0.50,0.36,0.00,0.00,0.70,"",-2,-0.8,345,1.8,292,1.6,260,1.4,6190645,3.2,0,0.0,0,0.0,12,1.5
"C3890","3","10","41","0","2017","4","",1159,115660,117177,117113,1717219622,15735086,150670,1132,"",0.77,0.99,1.00,1.00,1.15,0.18,0.32,1.15,"",7,0.6,1927,1.7,1988,1.7,2636,2.3,78802538,4.8,8467965,116.5,99040,191.8,31,2.8
"C3890","5","10","41","0","2017","4","",87085,1020716,1023402,1024860,15091157265,4395785568,89403518,1135,"",1.01,1.02,1.02,1.02,1.02,1.03,1.00,0.99,"",2265,2.7,27131,2.7,26291,2.6,29746,3.0,1166393651,8.4,409114934,10.3,6905432,8.4,59,5.5
"C3892","0","10","80","0","2017","4","",613,11000,11035,10979,183428464,10435813,408487,1282,"",1.00,1.00,1.00,1.00,1.00,1.00,1.00,1.00,"",22,3.7,160,1.5,303,2.8,307,2.9,8982059,5.1,538511,5.4,66476,19.4,33,2.6
"C3894","0","10","40","0","2017","4","",12749,142521,144928,146037,1532635837,109015363,1346432,816,"",1.00,1.00,1.00,1.00,1.00,1.00,1.00,1.00,"",202,1.6,3214,2.3,3207,2.3,3255,2.3,66107821,4.5,1392974,1.3,-375906,-21.8,17,2.1
"C3894","1","10","41","0","2017","4","",44,992,999,1014,18712055,0,0,1437,"",0.58,0.36,0.36,0.36,0.44,0.00,0.00,1.23,"",0,0.0,-14,-1.4,-8,-0.8,-2,-0.2,199836,1.1,0,0.0,0,0.0,27,1.9
"C3894","2","10","41","0","2017","4","",74,4093,4079,4086,41386693,0,0,779,"",0.83,0.89,0.88,0.88,0.83,0.00,0.00,0.94,"",-5,-6.3,1872,84.3,1846,82.7,1844,82.2,18575463,81.4,0,0.0,0,0.0,-7,-0.9
"C3894","3","10","41","0","2017","4","",31,14608,14934,14897,183308104,0,0,952,"",0.14,1.03,1.04,1.03,1.39,0.00,0.00,1.34,"",-1,-3.1,-1701,-10.4,-1400,-8.6,-1419,-8.7,-5221034,-2.8,0,0.0,0,0.0,63,7.1
"C3894","5","10","41","0","2017","4","",12600,122828,124916,126040,1289228985,109015363,1346432,796,"",1.02,1.01,1.01,1.02,0.99,1.03,1.01,0.97,"",208,1.7,3057,2.6,2769,2.3,2832,2.3,52553556,4.2,1392974,1.3,-375906,-21.8,14,1.8
"C3902","0","10","80","0","2017","4","",1435,23902,23974,23840,234383856,15464784,396723,754,"",1.00,1.00,1.00,1.00,1.00,1.00,1.00,1.00,"",12,0.8,-34,-0.1,-37,-0.2,-129,-0.5,2225880,1.0,504791,3.4,57334,16.9,9,1.2
"C3906","0","10","80","0","2017","4","",3045,49118,49219,49341,516273520,38135591,2081270,807,"",1.00,1.00,1.00,1.00,1.00,1.00,1.00,1.00,"",-64,-2.1,-941,-1.9,-1042,-2.1,-1014,-2.0,7460062,1.5,-666419,-1.7,-193794,-8.5,28,3.6
"C3914","0","10","40","0","2017","4","",5704,64072,64099,63742,635974605,46028708,989797,765,"",1.00,1.00,1.00,1.00,1.00,1.00,1.00,1.00,"",84,1.5,1503,2.4,1277,2.0,1297,2.1,33893111,5.6,1490825,3.3,34678,3.6,25,3.4
"C3914","1","10","41","0","2017","4","",43,1551,1527,1515,29515517,0,0,1483,"",1.26,1.26,1.24,1.23,1.69,0.00,0.00,1.36,"",-1,-2.3,-19,-1.2,-25,-1.6,-50,-3.2,1728175,6.2,0,0.0,0,0.0,115,8.4
"C3914","2","10","41","0","2017","4","",17,603,609,612,6229196,0,0,788,"",0.43,0.29,0.30,0.30,0.30,0.00,0.00,1.01,"",-1,-5.6,0,0.0,-3,-0.5,4,0.7,142327,2.3,0,0.0,0,0.0,17,2.2
"C3914","3","10","41","0","2017","4","",120,8865,8843,8662,90048166,1241739,23318,788,"",1.24,1.40,1.39,1.37,1.65,1.36,4.48,1.19,"",0,0.0,23,0.3,-95,-1.1,-51,-0.6,3415099,3.9,72669,6.2,881,3.9,33,4.4
"C3914","5","10","41","0","2017","4","",5524,53053,53120,52953,510181726,44786969,966479,740,"",1.00,0.97,0.98,0.98,0.94,1.01,0.98,0.96,"",86,1.6,1499,2.9,1400,2.7,1394,2.7,28607510,5.9,1418156,3.3,33797,3.6,22,3.1
"C3922","0","10","80","0","2017","4","",612,8209,8241,8089,81200308,21300077,172189,764,"",1.00,1.00,1.00,1.00,1.00,1.00,1.00,1.00,"",-10,-1.6,272,3.4,365,4.6,192,2.4,1251645,1.6,1336029,6.7,-7513,-4.2,-14,-1.8
"C3926","0","10","80","0","2017","4","",674,6292,6190,6086,71461310,23044957,516699,888,"",1.00,1.00,1.00,1.00,1.00,1.00,1.00,1.00,"",21,3.2,98,1.6,121,2.0,99,1.7,3884199,5.7,2223912,10.7,36051,7.5,33,3.9
"C3930","0","10","40","0","2017","4","",51029,703428,703778,702862,9366760097,1287188815,34444874,1024,"",1.00,1.00,1.00,1.00,1.00,1.00,1.00,1.00,"",670,1.3,6997,1.0,6703,1.0,6194,0.9,377155383,4.2,37021192,3.0,-3516717,-9.3,31,3.1
"C3930","1","10","41","0","2017","4","",219,11973,11932,11981,253535821,0,0,1630,"",0.72,0.88,0.89,0.88,0.98,0.00,0.00,1.11,"",-4,-1.8,128,1.1,72,0.6,-20,-0.2,5808478,2.3,0,0.0,0,0.0,29,1.8
"C3930","2","10","41","0","2017","4","N",274,0,0,0,0,0,0,0,"N",0.77,0,0,0,0,0,0,0,"N",33,13.7,0,0,0,0,0,0,0,0,0,0,0,0,0,0
"C3930","3","10","41","0","2017","4","",799,55294,55138,55349,834287380,25311137,106712,1161,"",0.92,0.79,0.79,0.80,1.04,0.99,0.59,1.31,"",-9,-1.1,553,1.0,-336,-0.6,238,0.4,45851962,5.8,1517678,6.4,-11356,-9.6,60,5.4
"C3930","5","10","41","0","2017","4","N",49737,0,0,0,0,0,0,0,"N",1.00,0,0,0,0,0,0,0,"N",650,1.3,0,0,0,0,0,0,0,0,0,0,0,0,0,0
"C3934","0","10","40","0","2017","4","",16729,241162,241840,242132,2793125691,794802933,4188953,889,"",1.00,1.00,1.00,1.00,1.00,1.00,1.00,1.00,"",873,5.5,13019,5.7,13212,5.8,13864,6.1,248592261,9.8,84100971,11.8,-84405,-2.0,32,3.7
"C3934","1","10","41","0","2017","4","",45,1043,1020,1038,16753883,0,0,1247,"",0.45,0.22,0.22,0.22,0.22,0.00,0.00,0.98,"",1,2.3,48,4.8,16,1.6,21,2.1,873731,5.5,0,0.0,0,0.0,32,2.6
"C3934","2","10","41","0","2017","4","",48,7392,7352,7437,77233115,0,0,804,"",0.41,0.95,0.95,0.96,0.85,0.00,0.00,0.89,"",0,0.0,168,2.3,132,1.8,225,3.1,3030465,4.1,0,0.0,0,0.0,13,1.6
"C3934","3","10","41","0","2017","4","",397,22482,22354,22045,207083422,477267,1961,715,"",1.40,0.94,0.93,0.92,0.86,0.03,0.09,0.93,"",-3,-0.8,661,3.0,461,2.1,499,2.3,17247532,9.1,32959,7.4,182,10.2,44,6.6
"C3934","5","10","41","0","2017","4","",16239,210245,211114,211612,2492055271,794325666,4186992,909,"",1.00,1.03,1.03,1.03,1.04,1.03,1.01,1.02,"",875,5.7,12142,6.1,12603,6.3,13119,6.6,227440533,10.0,84068012,11.8,-84587,-2.0,31,3.5
"C3938","0","10","40","0","2017","4","",3415,61347,61269,61214,665312907,73318265,1519109,835,"",1.00,1.00,1.00,1.00,1.00,1.00,1.00,1.00,"",227,7.1,886,1.5,714,1.2,1058,1.8,37502593,6.0,4581354,6.7,123103,8.8,35,4.4
"C3938","1","10","41","0","2017","4","",30,1092,1088,1097,18032766,0,0,1270,"",1.46,0.92,0.93,0.93,0.99,0.00,0.00,1.06,"",-2,-6.2,7,0.6,-17,-1.5,7,0.6,317668,1.8,0,0.0,0,0.0,24,1.9
"C3938","2","10","41","0","2017","4","",26,4339,4325,4285,52535080,0,0,936,"",1.09,2.20,2.20,2.20,2.42,0.00,0.00,1.10,"",0,0.0,71,1.7,72,1.7,60,1.4,2071209,4.1,0,0.0,0,0.0,22,2.4
"C3938","3","10","41","0","2017","4","",28,6741,6771,6701,68962785,8244794,24892,787,"",0.48,1.11,1.11,1.11,1.21,5.68,3.11,1.09,"",0,0.0,25,0.4,18,0.3,-31,-0.5,1319631,2.0,413748,5.3,1052,4.4,14,1.8
"C3938","5","10","41","0","2017","4","",3331,49175,49085,49131,525782276,65073471,1494217,823,"",1.01,0.94,0.94,0.94,0.93,0.92,0.99,0.98,"",229,7.4,783,1.6,641,1.3,1022,2.1,33794085,6.9,4167606,6.8,122051,8.9,40,5.1
"C3942","0","10","80","0","2017","4","",1265,18519,18665,18502,225212597,55303848,324538,933,"",1.00,1.00,1.00,1.00,1.00,1.00,1.00,1.00,"",-31,-2.4,-43,-0.2,94,0.5,133,0.7,8945438,4.1,3815584,7.4,-18519,-5.4,34,3.8
"C3946","0","10","40","0","2017","4","",4638,46389,47480,48168,470902253,36834341,374012,765,"",1.00,1.00,1.00,1.00,1.00,1.00,1.00,1.00,"",68,1.5,-180,-0.4,112,0.2,218,0.5,21367292,4.8,77973,0.2,-73962,-16.5,34,4.7
"C3946","1","10","41","0","2017","4","",11,304,316,313,5659358,0,0,1400,"",0.40,0.34,0.35,0.34,0.44,0.00,0.00,1.28,"",1,10.0,-10,-3.2,5,1.6,-3,-0.9,494618,9.6,0,0.0,0,0.0,133,10.5
"C3946","2","10","41","0","2017","4","",34,860,853,856,7908670,0,0,710,"",1.05,0.58,0.56,0.56,0.51,0.00,0.00,0.91,"",-2,-5.6,-14,-1.6,-4,-0.5,1,0.1,894501,12.8,0,0.0,0,0.0,84,13.4
"C3946","3","10","41","0","2017","4","",11,4855,4876,4859,54983056,0,0,870,"",0.14,1.06,1.03,1.02,1.36,0.00,0.00,1.31,"",0,0.0,-41,-0.8,-58,-1.2,-22,-0.5,2135817,4.0,0,0.0,0,0.0,41,4.9
"C3946","5","10","41","0","2017","4","",4582,40370,41435,42140,402351169,36834341,374012,749,"",1.02,1.02,1.03,1.03,1.00,1.03,1.01,0.97,"",69,1.5,-115,-0.3,169,0.4,242,0.6,17842356,4.6,77973,0.2,-73962,-16.5,31,4.3
"C3950","0","10","80","0","2017","4","",1973,35782,35838,36127,379094165,33433402,731550,812,"",1.00,1.00,1.00,1.00,1.00,1.00,1.00,1.00,"",-82,-4.0,493,1.4,690,2.0,808,2.3,9876923,2.7,1010551,3.1,10118,1.4,6,0.7
"C3954","0","10","40","0","2017","4","",4440,75221,75216,75271,948190253,88593911,2049471,969,"",1.00,1.00,1.00,1.00,1.00,1.00,1.00,1.00,"",172,4.0,76,0.1,125,0.2,703,0.9,30331654,3.3,8221081,10.2,-196087,-8.7,27,2.9
"C3954","1","10","41","0","2017","4","",20,341,360,363,5679305,0,0,1232,"",0.75,0.24,0.25,0.25,0.22,0.00,0.00,0.89,"",-1,-4.8,-6,-1.7,21,6.2,19,5.5,145155,2.6,0,0.0,0,0.0,-8,-0.6
"C3954","2","10","41","0","2017","4","",11,1759,1760,1741,18471382,0,0,810,"",0.35,0.73,0.73,0.73,0.60,0.00,0.00,0.82,"",-1,-8.3,51,3.0,15,0.9,19,1.1,-204028,-1.1,0,0.0,0,0.0,-23,-2.8
"C3954","3","10","41","0","2017","4","",93,7451,7537,7543,90997277,1313724,39990,932,"",1.23,1.00,1.01,1.01,1.12,0.75,3.71,1.11,"",1,1.1,77,1.0,-148,-1.9,42,0.6,1612127,1.8,1287673,4942.9,39718,14602.2,18,2.0
"C3954","5","10","41","0","2017","4","",4316,65670,65559,65624,833042289,87280187,2009481,977,"",1.00,1.03,1.03,1.03,1.03,1.02,0.99,1.00,"",173,4.2,-46,-0.1,237,0.4,623,1.0,28778400,3.6,6933408,8.6,-235805,-10.5,30,3.2
"C3958","0","10","40","0","2017","4","",39306,610642,614733,615647,8670686177,1245873813,12781961,1087,"",1.00,1.00,1.00,1.00,1.00,1.00,1.00,1.00,"",992,2.6,14843,2.5,13700,2.3,14970,2.5,447027997,5.4,69216843,5.9,-6391240,-33.3,31,2.9
"C3958","1","10","41","0","2017","4","",110,5776,5816,5951,110890992,0,0,1459,"",0.47,0.49,0.49,0.50,0.47,0.00,0.00,0.94,"",-2,-1.8,173,3.1,163,2.9,185,3.2,2734853,2.5,0,0.0,0,0.0,-7,-0.5
"C3958","2","10","41","0","2017","4","",98,40370,40814,40820,549310635,8544,85,1039,"",0.36,2.06,2.07,2.08,1.94,0.00,0.01,0.94,"",2,2.1,116,0.3,30,0.1,489,1.2,-14191864,-2.5,-23305,-73.2,19,28.8,-32,-3.0
"C3958","3","10","41","0","2017","4","",355,45849,46265,46192,561049319,173771,374,936,"",0.53,0.76,0.76,0.76,0.75,0.01,0.01,0.99,"",4,1.1,1037,2.3,1025,2.3,1395,3.1,28732614,5.4,16911,10.8,-692,-64.9,25,2.7
"C3958","5","10","41","0","2017","4","",38743,518647,521838,522684,7449435231,1245691498,12781502,1100,"",1.02,1.00,1.00,1.00,1.01,1.03,1.01,1.01,"",988,2.6,13517,2.7,12482,2.5,12901,2.5,429752394,6.1,69223237,5.9,-6390567,-33.3,37,3.5
"C3966","0","10","40","0","2017","4","",5644,66823,65432,65325,698048802,80544076,595002,815,"",1.00,1.00,1.00,1.00,1.00,1.00,1.00,1.00,"",48,0.9,1197,1.8,864,1.3,1393,2.2,31486156,4.7,2866215,3.7,36334,6.5,23,2.9
"C3966","1","10","41","0","2017","4","",88,3093,3113,3151,50456305,0,0,1244,"",2.60,2.40,2.49,2.50,2.63,0.00,0.00,1.07,"",-4,-4.3,42,1.4,57,1.9,74,2.4,1776447,3.6,0,0.0,0,0.0,21,1.7
"C3966","2","10","41","0","2017","4","",88,1501,1465,1455,17862503,0,0,932,"",2.23,0.70,0.70,0.70,0.78,0.00,0.00,1.12,"",2,2.3,38,2.6,12,0.8,14,1.0,-268746,-1.5,0,0.0,0,0.0,-28,-2.9
"C3966","3","10","41","0","2017","4","",47,6621,6624,6636,63452176,387592,1489,737,"",0.49,1.00,1.02,1.03,1.06,0.24,0.48,1.04,"",2,4.4,126,1.9,8,0.1,51,0.8,3796543,6.4,45018,13.1,182,13.9,38,5.4
"C3966","5","10","41","0","2017","4","",5421,55608,54230,54083,566277818,80156484,593513,797,"",0.99,0.98,0.98,0.97,0.95,1.03,1.00,0.97,"",48,0.9,991,1.8,787,1.5,1254,2.4,26181912,4.8,2821197,3.6,36152,6.5,22,2.8
"C3970","0","10","80","0","2017","4","",314,3455,3447,3434,30910858,2333467,70880,690,"",1.00,1.00,1.00,1.00,1.00,1.00,1.00,1.00,"",1,0.3,-26,-0.7,-46,-1.3,-40,-1.2,1273090,4.3,257324,12.4,17786,33.5,35,5.3
"C3974","0","10","40","0","2017","4","",8890,173084,174042,174550,2196080350,137479657,6952764,971,"",1.00,1.00,1.00,1.00,1.00,1.00,1.00,1.00,"",-59,-0.7,1205,0.7,1342,0.8,1602,0.9,88514293,4.2,10223554,8.0,-17390,-0.2,31,3.3
"C3974","1","10","41","0","2017","4","",70,934,942,932,16380877,0,0,1346,"",1.31,0.28,0.28,0.28,0.27,0.00,0.00,0.97,"",-1,-1.4,24,2.6,30,3.3,1,0.1,552937,3.5,0,0.0,0,0.0,19,1.4
"C3974","2","10","41","0","2017","4","",29,3207,3235,3227,44713375,0,0,1067,"",0.47,0.58,0.58,0.58,0.62,0.00,0.00,1.08,"",0,0.0,-99,-3.0,-88,-2.6,-81,-2.4,-58909,-0.1,0,0.0,0,0.0,27,2.6
"C3974","3","10","41","0","2017","4","",269,16479,16619,16595,191973272,292707,13549,892,"",1.78,0.96,0.96,0.96,1.02,0.11,0.37,1.06,"",-4,-1.5,-8,0.0,-6,0.0,-36,-0.2,1540504,0.8,-66213,-18.4,-10859,-44.5,9,1.0
"C3974","5","10","41","0","2017","4","",8522,152464,153246,153796,1943012826,137186950,6939215,976,"",0.99,1.04,1.04,1.04,1.04,1.03,1.00,1.00,"",-54,-0.6,1288,0.9,1406,0.9,1718,1.1,86479761,4.7,10289767,8.1,-6531,-0.1,35,3.7
"C3978","0","10","80","0","2017","4","",1857,19881,19038,18404,211871909,17673961,895281,853,"",1.00,1.00,1.00,1.00,1.00,1.00,1.00,1.00,"",62,3.5,953,5.0,872,4.8,880,5.0,17984278,9.3,2530585,16.7,116079,14.9,34,4.2
"C3982","0","10","40","0","2017","4","",6994,67123,66808,66202,742794794,46067158,2130650,857,"",1.00,1.00,1.00,1.00,1.00,1.00,1.00,1.00,"",251,3.7,308,0.5,957,1.5,1599,2.5,49663382,7.2,477829,1.0,-64879,-3.0,46,5.7
"C3982","1","10","41","0","2017","4","",58,1356,1237,1249,23723399,0,0,1425,"",1.38,1.05,0.97,0.98,1.16,0.00,0.00,1.16,"",-1,-1.7,12,0.9,-42,-3.3,18,1.5,1431508,6.4,0,0.0,0,0.0,90,6.7
"C3982","2","10","41","0","2017","4","",122,1746,1757,1785,27981911,0,0,1221,"",2.49,0.81,0.82,0.85,1.15,0.00,0.00,1.40,"",-1,-0.8,9,0.5,-9,-0.5,66,3.8,3079519,12.4,0,0.0,0,0.0,121,11.0
"C3982","3","10","41","0","2017","4","",202,9863,10012,9947,116724991,541430,31427,903,"",1.70,1.48,1.51,1.52,1.83,0.59,2.80,1.21,"",-3,-1.5,-37,-0.4,-11,-0.1,85,0.9,4726672,4.2,-215095,-28.4,-13420,-29.9,35,4.0
"C3982","5","10","41","0","2017","4","",6612,54158,53802,53221,574364493,45525728,2099223,822,"",0.97,0.95,0.95,0.95,0.91,1.02,0.99,0.95,"",256,4.0,324,0.6,1019,1.9,1430,2.8,40425683,7.6,692924,1.5,-51459,-2.4,44,5.7
"C3986","0","10","80","0","2017","4","",1333,21608,21804,21850,258313772,51823873,635737,913,"",1.00,1.00,1.00,1.00,1.00,1.00,1.00,1.00,"",49,3.8,14,0.1,210,1.0,353,1.6,15251329,6.3,4760611,10.1,35802,6.0,46,5.3
"C3990","0","10","40","0","2017","4","",15020,232274,233929,234891,2964509993,784050498,16388813,976,"",1.00,1.00,1.00,1.00,1.00,1.00,1.00,1.00,"",210,1.4,11032,5.0,11655,5.2,12413,5.6,224323819,8.2,103686279,15.2,2568465,18.6,27,2.8
"C3990","1","10","41","0","2017","4","",57,3715,3700,3754,74400132,0,0,1537,"",0.63,0.83,0.83,0.83,0.91,0.00,0.00,1.10,"",-1,-1.7,40,1.1,14,0.4,26,0.7,3841309,5.4,0,0.0,0,0.0,69,4.7
"C3990","2","10","41","0","2017","4","N",87,0,0,0,0,0,0,0,"N",0.83,0,0,0,0,0,0,0,"N",2,2.4,0,0,0,0,0,0,0,0,0,0,0,0,0,0
"C3990","3","10","41","0","2017","4","N",58,0,0,0,0,0,0,0,"N",0.23,0,0,0,0,0,0,0,"N",-1,-1.7,0,0,0,0,0,0,0,0,0,0,0,0,0,0
"C3990","5","10","41","0","2017","4","",14818,204444,205822,206766,2578210688,781634890,16336544,964,"",1.02,1.04,1.04,1.04,1.02,1.03,1.00,0.98,"",210,1.4,11233,5.8,11850,6.1,12651,6.5,248722414,10.7,103647423,15.3,2569000,18.7,39,4.2
"C3994","0","10","80","0","2017","4","",1423,19038,18509,18273,150421571,54964948,628786,622,"",1.00,1.00,1.00,1.00,1.00,1.00,1.00,1.00,"",37,2.7,136,0.7,653,3.7,891,5.1,9467336,6.7,3535927,6.9,-487,-0.1,21,3.5
"C3998","0","10","80","0","2017","4","",1421,30071,30416,30489,295946502,25270717,424284,751,"",1.00,1.00,1.00,1.00,1.00,1.00,1.00,1.00,"",-4,-0.3,105,0.4,436,1.5,335,1.1,15106735,5.4,892981,3.7,-65383,-13.4,32,4.5
"C4006","0","10","40","0","2017","4","",39856,638562,642164,643222,8548733780,473457228,7751127,1025,"",1.00,1.00,1.00,1.00,1.00,1.00,1.00,1.00,"",1542,4.0,7726,1.2,6035,0.9,5878,0.9,402853066,4.9,11993701,2.6,-1446429,-15.7,38,3.9
"C4006","1","10","41","0","2017","4","",204,16979,17030,17121,343314381,0,0,1550,"",0.85,1.38,1.39,1.38,1.46,0.00,0.00,1.06,"",0,0.0,-217,-1.3,-160,-0.9,-283,-1.6,8375417,2.5,0,0.0,0,0.0,58,3.9
"C4006","2","10","41","0","2017","4","",386,38590,38696,37781,496743735,0,0,996,"",1.38,1.88,1.88,1.84,1.78,0.00,0.00,0.95,"N",20,5.5,0,0,0,0,0,0,0,0,0,0,0,0,0,0
"C4006","3","10","41","0","2017","4","",377,53851,54822,54952,588899949,2451093,25452,831,"",0.56,0.85,0.86,0.86,0.80,0.26,0.62,0.93,"N",2,0.5,0,0,0,0,0,0,0,0,0,0,0,0,0,0
"C4006","5","10","41","0","2017","4","",38889,529142,531616,533368,7119775715,471006135,7725675,1031,"",1.01,0.98,0.97,0.98,0.98,1.03,1.00,1.00,"",1520,4.1,7537,1.4,5623,1.1,6201,1.2,375031598,5.6,11284393,2.5,-1455677,-15.9,43,4.4
"C4008","0","10","80","0","2017","4","",2250,37996,38257,38161,377572464,32499651,809986,762,"",1.00,1.00,1.00,1.00,1.00,1.00,1.00,1.00,"",-11,-0.5,448,1.2,622,1.7,474,1.3,10831884,3.0,-802613,-2.4,-164558,-16.9,12,1.6
"C4010","0","10","80","0","2017","4","",605,15482,15508,15634,117972552,9578479,226463,584,"",1.00,1.00,1.00,1.00,1.00,1.00,1.00,1.00,"",1,0.2,112,0.7,-36,-0.2,-41,-0.3,1294070,1.1,-373058,-3.7,-12756,-5.3,6,1.0
"C4014","0","10","40","0","2017","4","",123615,1463711,1487608,1486597,17115508442,1126767398,48400188,890,"",1.00,1.00,1.00,1.00,1.00,1.00,1.00,1.00,"",8003,6.9,49682,3.5,56742,4.0,52294,3.6,1103999309,6.9,72614630,6.9,817688,1.7,27,3.1
"C4014","1","10","41","0","2017","4","",264,20800,20715,20746,397174080,0,0,1472,"",0.36,0.74,0.73,0.72,0.84,0.00,0.00,1.16,"",1,0.4,226,1.1,22,0.1,6,0.0,13702848,3.6,0,0.0,0,0.0,45,3.2
"C4014","2","10","41","0","2017","4","",738,24531,25045,24760,382965888,0,0,1189,"",0.85,0.52,0.53,0.52,0.69,0.00,0.00,1.31,"",15,2.1,735,3.1,946,3.9,168,0.7,43169562,12.7,0,0.0,0,0.0,107,9.9
"C4014","3","10","41","0","2017","4","",1883,207530,208656,207673,2845019389,8846234,392136,1052,"",0.90,1.43,1.41,1.41,1.93,0.40,1.54,1.36,"",-7,-0.4,2871,1.4,2742,1.3,2419,1.2,67597905,2.4,1847334,26.4,41833,11.9,11,1.1
"C4014","5","10","41","0","2017","4","",120730,1210850,1233192,1233418,13490349085,1117921164,48008052,847,"",1.01,0.97,0.98,0.98,0.92,1.03,1.00,0.95,"",7994,7.1,45850,3.9,53032,4.5,49701,4.2,979528994,7.8,70767296,6.8,775855,1.6,29,3.5
"C4018","0","10","80","0","2017","4","",1705,15626,15277,15299,162539306,36242648,655074,812,"",1.00,1.00,1.00,1.00,1.00,1.00,1.00,1.00,"",30,1.8,-369,-2.3,-183,-1.2,-113,-0.7,4926015,3.1,2713548,8.1,124693,23.5,36,4.6
"C4022","0","10","40","0","2017","4","",9480,151779,152741,153147,1744812053,102187610,1553600,880,"",1.00,1.00,1.00,1.00,1.00,1.00,1.00,1.00,"",272,3.0,-494,-0.3,-240,-0.2,680,0.4,-12720464,-0.7,2862524,2.9,-257551,-14.2,-6,-0.7
"C4022","1","10","41","0","2017","4","",71,3837,3808,3865,74238022,0,0,1488,"",1.25,1.31,1.30,1.31,1.55,0.00,0.00,1.18,"",-1,-1.4,20,0.5,-16,-0.4,-15,-0.4,1744937,2.4,0,0.0,0,0.0,36,2.5
"C4022","2","10","41","0","2017","4","N",120,0,0,0,0,0,0,0,"N",1.81,0,0,0,0,0,0,0,"N",5,4.3,0,0,0,0,0,0,0,0,0,0,0,0,0,0
"C4022","3","10","41","0","2017","4","N",161,0,0,0,0,0,0,0,"N",1.00,0,0,0,0,0,0,0,"N",-2,-1.2,0,0,0,0,0,0,0,0,0,0,0,0,0,0
"C4022","5","10","41","0","2017","4","",9128,130271,130948,131401,1487652780,102096362,1551759,874,"",0.99,1.01,1.01,1.01,1.00,1.03,1.01,0.99,"",270,3.0,-640,-0.5,-310,-0.2,608,0.5,-16510195,-1.1,2857118,2.9,-258028,-14.3,-9,-1.0
"C4026","0","10","80","0","2017","4","",1310,21005,21028,20991,184597472,40022308,400458,676,"",1.00,1.00,1.00,1.00,1.00,1.00,1.00,1.00,"",1,0.1,134,0.6,-101,-0.5,-155,-0.7,2406163,1.3,1369904,3.5,-218983,-35.4,10,1.5
"C4030","0","10","80","0","2017","4","",1030,15922,15836,15517,178047011,15932360,408769,869,"",1.00,1.00,1.00,1.00,1.00,1.00,1.00,1.00,"",-101,-8.9,-236,-1.5,-363,-2.2,-283,-1.8,-1530867,-0.9,644603,4.2,-37945,-8.5,8,0.9
"C4034","0","10","40","0","2017","4","",5165,116800,116623,116481,1610364108,216156642,2745910,1062,"",1.00,1.00,1.00,1.00,1.00,1.00,1.00,1.00,"",226,4.6,1002,0.9,1181,1.0,1635,1.4,83179828,5.4,13624530,6.7,-3005,-0.1,44,4.3
"C4034","1","10","41","0","2017","4","",55,944,938,934,15802987,0,0,1295,"",1.78,0.42,0.42,0.42,0.36,0.00,0.00,0.85,"",0,0.0,-26,-2.7,-35,-3.6,-52,-5.3,69396,0.4,0,0.0,0,0.0,55,4.4
"C4034","2","10","41","0","2017","4","",57,1377,1366,1347,17390845,7491,115,981,"",1.57,0.37,0.37,0.36,0.33,0.00,0.03,0.91,"N",1,1.8,0,0,0,0,0,0,0,0,0,0,0,0,0,0
"C4034","3","10","41","0","2017","4","",150,9918,10128,10273,116950848,5786,6,890,"",1.71,0.86,0.87,0.89,0.84,0.00,0.00,0.97,"N",2,1.4,0,0,0,0,0,0,0,0,0,0,0,0,0,0
"C4034","5","10","41","0","2017","4","",4903,104561,104191,103927,1460219428,216143365,2745789,1078,"",0.98,1.05,1.05,1.05,1.06,1.03,1.01,1.01,"",223,4.8,1082,1.0,1090,1.1,1400,1.4,78877150,5.7,14276952,7.1,7365,0.3,47,4.6
"C4038","0","10","40","0","2017","4","",27074,517906,514585,513086,6449626611,406351480,12380519,963,"",1.00,1.00,1.00,1.00,1.00,1.00,1.00,1.00,"",23,0.1,1829,0.4,560,0.1,2685,0.5,217049682,3.5,15875414,4.1,-1600540,-11.4,29,3.1
"C4038","1","10","41","0","2017","4","",164,4453,4415,4770,77767377,0,0,1316,"",1.01,0.45,0.45,0.48,0.44,0.00,0.00,0.96,"",3,1.9,-335,-7.0,-10,-0.2,-69,-1.4,-1670297,-2.1,0,0.0,0,0.0,11,0.8
"C4038","2","10","41","0","2017","4","N",272,0,0,0,0,0,0,0,"N",1.43,0,0,0,0,0,0,0,"N",8,3.0,0,0,0,0,0,0,0,0,0,0,0,0,0,0
"C4038","3","10","41","0","2017","4","N",529,0,0,0,0,0,0,0,"N",1.15,0,0,0,0,0,0,0,"N",-5,-0.9,0,0,0,0,0,0,0,0,0,0,0,0,0,0
"C4038","5","10","41","0","2017","4","",26109,440684,436614,435109,5462577876,406132733,12377534,961,"",0.99,1.00,1.00,1.00,0.99,1.03,1.01,0.99,"",17,0.1,1750,0.4,-218,0.0,2436,0.6,176343880,3.3,15862270,4.1,-1598997,-11.4,29,3.1
"C4042","0","10","40","0","2017","4","",6829,145096,145769,146169,1738541613,150292496,4585037,918,"",1.00,1.00,1.00,1.00,1.00,1.00,1.00,1.00,"",-688,-9.2,-170,-0.1,267,0.2,976,0.7,79163090,4.8,2373884,1.6,-447096,-8.9,40,4.6
"C4042","1","10","41","0","2017","4","",39,898,893,903,15517644,0,0,1329,"",0.95,0.32,0.32,0.32,0.32,0.00,0.00,1.01,"",-2,-4.9,36,4.2,22,2.5,16,1.8,358164,2.4,0,0.0,0,0.0,-6,-0.4
"C4042","3","10","41","0","2017","4","",119,14516,14309,14419,158353615,841010,12706,845,"",1.03,1.01,0.99,1.00,1.06,0.28,0.53,1.06,"",-5,-4.0,-127,-0.9,-263,-1.8,-176,-1.2,-1962638,-1.2,-124565,-12.9,-11322,-47.1,1,0.1
"C4042","5","10","41","0","2017","4","",6671,129682,130567,130847,1564670354,149451486,4572331,923,"",1.01,1.05,1.05,1.05,1.05,1.03,1.00,1.00,"",-681,-9.3,-79,-0.1,508,0.4,1136,0.9,80767564,5.4,2498449,1.7,-435774,-8.7,44,5.0
"C4046","0","10","80","0","2017","4","",885,13556,13578,13654,118520098,25082697,290155,671,"",1.00,1.00,1.00,1.00,1.00,1.00,1.00,1.00,"",30,3.5,20,0.1,-42,-0.3,-8,-0.1,-132819,-0.1,892554,3.7,-107600,-27.1,0,0.0
"C4054","0","10","80","0","2017","4","",1610,22446,22504,22443,336407666,47982137,762502,1152,"",1.00,1.00,1.00,1.00,1.00,1.00,1.00,1.00,"",9,0.6,27,0.1,250,1.1,246,1.1,15772742,4.9,6601255,16.0,240820,46.2,45,4.1
"C4058","0","10","40","0","2017","4","",3063,56905,57292,56987,558539493,118267537,1475159,753,"",1.00,1.00,1.00,1.00,1.00,1.00,1.00,1.00,"",18,0.6,-707,-1.2,-1284,-2.2,-1114,-1.9,3506220,0.6,6012970,5.4,-612233,-29.3,18,2.4
"C4058","1","10","41","0","2017","4","",24,375,373,363,5982287,0,0,1243,"",1.31,0.34,0.34,0.33,0.39,0.00,0.00,1.15,"",0,0.0,0,0.0,4,1.1,-19,-5.0,97902,1.7,0,0.0,0,0.0,37,3.1
"C4058","2","10","41","0","2017","4","",31,1697,1734,1703,16808882,0,0,756,"",1.44,0.93,0.94,0.94,0.92,0.00,0.00,0.98,"",-2,-6.1,-33,-1.9,-6,-0.3,-43,-2.5,-636044,-3.6,0,0.0,0,0.0,-16,-2.1
"C4058","3","10","41","0","2017","4","",91,8624,8784,8635,87245958,76479,657,773,"",1.75,1.53,1.54,1.53,1.82,0.03,0.08,1.18,"",-2,-2.2,-3,0.0,-175,-2.0,-20,-0.2,-1279933,-1.4,60104,367.0,443,207.0,-6,-0.8
"C4058","5","10","41","0","2017","4","",2917,46209,46401,46286,448502366,118191058,1474502,745,"",0.98,0.96,0.95,0.96,0.94,1.03,1.01,0.98,"",22,0.8,-671,-1.4,-1107,-2.3,-1032,-2.2,5324295,1.2,5952866,5.3,-612676,-29.4,23,3.2
"C4062","0","10","80","0","2017","4","",1209,18465,18488,18393,182202087,17736454,205793,760,"",1.00,1.00,1.00,1.00,1.00,1.00,1.00,1.00,"",24,2.0,107,0.6,34,0.2,74,0.4,5164925,2.9,-785082,-4.2,-68165,-24.9,19,2.6
"C4066","0","10","40","0","2017","4","",1957,39627,39790,39713,436692318,36931533,637100,846,"",1.00,1.00,1.00,1.00,1.00,1.00,1.00,1.00,"",-181,-8.5,380,1.0,281,0.7,532,1.4,20252941,4.9,3254691,9.7,5231,0.8,31,3.8
"C4066","1","10","41","0","2017","4","",15,197,204,207,3376394,0,0,1282,"",1.28,0.26,0.27,0.27,0.28,0.00,0.00,1.06,"",-2,-11.8,-9,-4.4,-1,-0.5,5,2.5,105892,3.2,0,0.0,0,0.0,51,4.1
"C4066","2","10","41","0","2017","4","",44,1483,1405,1406,13262308,13560,226,713,"",3.21,1.17,1.10,1.11,0.93,0.03,0.27,0.83,"",0,0.0,33,2.3,-72,-4.9,-32,-2.2,86811,0.7,502,3.8,23,11.3,16,2.3
"C4066","3","10","41","0","2017","4","",42,3991,3979,3928,40744648,156080,1724,790,"",1.26,1.02,1.01,1.00,1.09,0.21,0.51,1.08,"",-1,-2.3,83,2.1,67,1.7,33,0.8,2866046,7.6,47449,43.7,371,27.4,44,5.9
"C4066","5","10","41","0","2017","4","",1856,33956,34202,34172,379308968,36761893,635150,855,"",0.98,1.01,1.01,1.01,1.02,1.03,1.00,1.01,"",-178,-8.8,273,0.8,287,0.8,526,1.6,17194192,4.7,3206740,9.6,4837,0.8,30,3.6
"C4070","0","10","80","0","2017","4","",3177,38493,38378,38349,401232748,131112945,3172640,804,"",1.00,1.00,1.00,1.00,1.00,1.00,1.00,1.00,"",47,1.5,615,1.6,373,1.0,410,1.1,23137039,6.1,7985609,6.5,177947,5.9,37,4.8
"C4074","0","10","80","0","2017","4","",1805,21212,21199,21172,191047690,50079023,454029,693,"",1.00,1.00,1.00,1.00,1.00,1.00,1.00,1.00,"",-17,-0.9,-432,-2.0,-326,-1.5,-427,-2.0,257858,0.1,1142402,2.3,-173876,-27.7,13,1.9
"C4078","0","10","80","0","2017","4","",2270,32292,32491,32609,320973340,33210888,620036,761,"",1.00,1.00,1.00,1.00,1.00,1.00,1.00,1.00,"",4,0.2,-785,-2.4,-639,-1.9,-283,-0.9,-9537863,-2.9,-1264636,-3.7,-363900,-37.0,-9,-1.2
"C4082","0","10","80","0","2017","4","",1266,19350,19409,19280,180712413,13543071,208822,719,"",1.00,1.00,1.00,1.00,1.00,1.00,1.00,1.00,"",43,3.5,470,2.5,510,2.7,490,2.6,8545328,5.0,894857,7.1,22335,12.0,17,2.4
"C4086","0","10","80","0","2017","4","",2400,27044,27409,27605,307930522,36049148,1275384,866,"",1.00,1.00,1.00,1.00,1.00,1.00,1.00,1.00,"",14,0.6,-203,-0.7,129,0.5,-210,-0.8,14372771,4.9,1996291,5.9,-67776,-5.0,43,5.2
"C4090","0","10","40","0","2017","4","",83756,980525,982772,980643,14709067582,630374188,27646370,1153,"",1.00,1.00,1.00,1.00,1.00,1.00,1.00,1.00,"",3844,4.8,22160,2.3,20245,2.1,25788,2.7,874720443,6.3,49429140,8.5,988544,3.7,43,3.9
"C4090","1","10","41","0","2017","4","",239,14350,14340,14479,297012664,0,0,1588,"",0.48,0.76,0.76,0.77,0.73,0.00,0.00,0.96,"",3,1.3,65,0.5,112,0.8,187,1.3,9028876,3.1,0,0.0,0,0.0,35,2.3
"C4090","2","10","41","0","2017","4","",4880,118291,118657,118275,2611909593,119435,6789,1697,"",8.32,3.76,3.77,3.78,5.44,0.01,0.19,1.44,"",-91,-1.8,-1539,-1.3,-1474,-1.2,-1598,-1.3,127159979,5.1,34629,40.8,2031,42.7,103,6.5
"C4090","3","10","41","0","2017","4","",1160,103895,104803,98972,1569950611,5747886,279381,1178,"",0.81,1.07,1.07,1.02,1.24,0.46,1.92,1.18,"",-11,-0.9,1704,1.7,654,0.6,2053,2.1,70801741,4.7,-85826,-1.5,-32216,-10.3,37,3.2
"C4090","5","10","41","0","2017","4","",77477,743989,744972,748917,10230194714,624506867,27360200,1055,"",0.95,0.89,0.89,0.90,0.81,1.02,1.00,0.91,"",3943,5.4,21930,3.0,20953,2.9,25146,3.5,667729847,7.0,49480337,8.6,1018729,3.9,38,3.7
"C4094","0","10","80","0","2017","4","",545,9090,9127,9050,92143618,4803549,127589,780,"",1.00,1.00,1.00,1.00,1.00,1.00,1.00,1.00,"",14,2.6,19,0.2,-87,-0.9,-163,-1.8,4670910,5.3,434957,10.0,16013,14.4,46,6.3
"C4098","0","10","40","0","2017","4","",3909,83994,84590,84551,984154336,59203451,1753041,897,"",1.00,1.00,1.00,1.00,1.00,1.00,1.00,1.00,"",-21,-0.5,-1043,-1.2,-1269,-1.5,-1075,-1.3,22285342,2.3,-219946,-0.4,-137642,-7.3,32,3.7
"C4098","1","10","41","0","2017","4","",29,1433,1434,1447,26810869,0,0,1434,"",1.24,0.89,0.89,0.89,0.99,0.00,0.00,1.12,"",0,0.0,-2,-0.1,-18,-1.2,-24,-1.6,232894,0.9,0,0.0,0,0.0,27,1.9
"C4098","2","10","41","0","2017","4","",27,2261,2224,2160,31397506,0,0,1090,"",0.99,0.84,0.82,0.80,0.98,0.00,0.00,1.19,"",0,0.0,-57,-2.5,-97,-4.2,-43,-2.0,-283573,-0.9,0,0.0,0,0.0,21,2.0
"C4098","3","10","41","0","2017","4","",113,6623,6611,6662,69705229,46773,1150,808,"",1.70,0.80,0.79,0.80,0.82,0.04,0.12,1.04,"",0,0.0,49,0.7,16,0.2,15,0.2,1238528,1.8,12919,38.2,290,33.7,11,1.4
"C4098","5","10","41","0","2017","4","",3740,73677,74321,74282,856240732,59156678,1751891,889,"",0.99,1.03,1.03,1.03,1.02,1.03,1.01,0.99,"",-21,-0.6,-1033,-1.4,-1170,-1.5,-1023,-1.4,21097493,2.5,-232865,-0.4,-137932,-7.3,34,4.0
"C4106","0","10","40","0","2017","4","",5304,105221,104811,104309,1217349812,256841821,3048043,894,"",1.00,1.00,1.00,1.00,1.00,1.00,1.00,1.00,"",186,3.6,639,0.6,526,0.5,628,0.6,58366118,5.0,7578003,3.0,-304751,-9.1,38,4.4
"C4106","1","10","41","0","2017","4","",42,2389,2389,2435,41771226,0,0,1336,"",1.32,1.18,1.19,1.21,1.25,0.00,0.00,1.04,"",0,0.0,104,4.6,109,4.8,128,5.5,2310420,5.9,0,0.0,0,0.0,11,0.8
"C4106","2","10","41","0","2017","4","",32,2276,2261,2230,31781692,0,0,1084,"",0.86,0.67,0.67,0.67,0.80,0.00,0.00,1.19,"",-1,-3.0,-57,-2.4,-76,-3.3,-88,-3.8,-1995397,-5.9,0,0.0,0,0.0,-31,-2.8
"C4106","3","10","41","0","2017","4","",133,8400,8437,8559,95708977,49918,179,870,"",1.48,0.81,0.81,0.83,0.91,0.01,0.01,1.12,"",1,0.8,-8,-0.1,1,0.0,24,0.3,4456566,4.9,-15246,-23.4,-111,-38.3,40,4.8
"C4106","5","10","41","0","2017","4","",5097,92156,91724,91085,1048087917,256791903,3047864,880,"",0.99,1.03,1.03,1.03,1.01,1.03,1.01,0.98,"",186,3.8,600,0.7,492,0.5,564,0.6,53594529,5.4,7593249,3.0,-304640,-9.1,40,4.8
"C4110","0","10","40","0","2017","4","",5768,64816,65046,64748,593613874,216304239,1200809,704,"",1.00,1.00,1.00,1.00,1.00,1.00,1.00,1.00,"",259,4.7,2964,4.8,3153,5.1,3326,5.4,38649998,7.0,14708872,7.3,-147468,-10.9,12,1.7
"C4110","1","10","41","0","2017","4","",28,595,538,554,8810152,0,0,1205,"",0.81,0.48,0.43,0.44,0.54,0.00,0.00,1.20,"",0,0.0,21,3.7,1,0.2,5,0.9,640585,7.8,0,0.0,0,0.0,69,6.1
"C4110","2","10","41","0","2017","4","",15,1567,1585,1562,13633769,0,0,667,"",0.37,0.75,0.76,0.76,0.70,0.00,0.00,0.93,"",0,0.0,49,3.2,60,3.9,79,5.3,762921,5.9,0,0.0,0,0.0,11,1.7
"C4110","3","10","41","0","2017","4","",123,6317,6344,6342,57473902,1646502,5071,698,"",1.25,0.98,0.98,0.99,1.13,0.38,0.80,1.14,"",-1,-0.8,225,3.7,166,2.7,200,3.3,3942235,7.4,143721,9.6,-2519,-33.2,27,4.0
"C4110","5","10","41","0","2017","4","",5602,56337,56579,56290,513696051,214657737,1195738,701,"",1.00,1.02,1.02,1.02,1.01,1.03,1.00,0.99,"",260,4.9,2669,5.0,2926,5.5,3042,5.7,33304257,6.9,14565151,7.3,-144949,-10.8,11,1.6
"C4114","0","10","40","0","2017","4","",3412,55703,56133,55965,614766565,66532540,815384,845,"",1.00,1.00,1.00,1.00,1.00,1.00,1.00,1.00,"",109,3.3,-1265,-2.2,-566,-1.0,-734,-1.3,4647175,0.8,498219,0.8,-272646,-25.1,19,2.3
"C4114","1","10","41","0","2017","4","",46,622,632,633,10246375,0,0,1253,"",2.25,0.58,0.59,0.59,0.61,0.00,0.00,1.04,"",-2,-4.2,0,0.0,4,0.6,-4,-0.6,246399,2.5,0,0.0,0,0.0,30,2.5
"C4114","2","10","41","0","2017","4","N",45,0,0,0,0,0,0,0,"N",1.88,0,0,0,0,0,0,0,"N",-2,-4.3,0,0,0,0,0,0,0,0,0,0,0,0,0,0
"C4114","3","10","41","0","2017","4","N",160,0,0,0,0,0,0,0,"N",2.76,0,0,0,0,0,0,0,"N",-1,-0.6,0,0,0,0,0,0,0,0,0,0,0,0,0,0
"C4114","5","10","41","0","2017","4","",3161,46418,46689,46716,527799512,60143502,798891,871,"",0.96,0.98,0.98,0.98,1.01,0.93,0.99,1.03,"",114,3.7,-888,-1.9,-401,-0.9,-283,-0.6,4579440,0.9,355219,0.6,-270632,-25.3,17,2.0
"C4118","0","10","40","0","2017","4","",87066,1330913,1334037,1333493,17959225516,1428731175,24695453,1037,"",1.00,1.00,1.00,1.00,1.00,1.00,1.00,1.00,"",3924,4.7,6560,0.5,12042,0.9,15454,1.2,630422593,3.6,49401171,3.6,-6414484,-20.6,28,2.8
"C4118","1","10","41","0","2017","4","",416,24390,24534,24610,454737565,0,0,1427,"",0.80,0.95,0.96,0.96,0.92,0.00,0.00,0.96,"",-6,-1.4,-215,-0.9,-50,-0.2,-443,-1.8,10135475,2.3,0,0.0,0,0.0,45,3.3
"C4118","2","10","41","0","2017","4","",150,16165,16140,15982,177487951,0,0,848,"",0.25,0.38,0.38,0.38,0.30,0.00,0.00,0.80,"",-3,-2.0,-30,-0.2,-186,-1.1,-199,-1.2,7258543,4.3,0,0.0,0,0.0,41,5.1
"C4118","3","10","41","0","2017","4","",2005,120783,120842,121027,1342617431,11066558,148120,854,"",1.35,0.92,0.91,0.92,0.87,0.39,1.14,0.95,"",-18,-0.9,-749,-0.6,238,0.2,883,0.7,26931808,2.0,221975,2.0,-24024,-14.0,16,1.9
"C4118","5","10","41","0","2017","4","",84495,1169575,1172521,1171874,15984382569,1417664617,24547333,1050,"",1.00,1.03,1.03,1.03,1.04,1.03,1.00,1.01,"",3951,4.9,7554,0.7,12040,1.0,15213,1.3,586096767,3.8,49179196,3.6,-6390460,-20.7,29,2.8
"C4122","0","10","80","0","2017","4","",861,13974,14181,14163,153254501,10349541,177357,836,"",1.00,1.00,1.00,1.00,1.00,1.00,1.00,1.00,"",-105,-10.9,129,0.9,288,2.1,344,2.5,5329483,3.6,970222,10.3,37345,26.7,15,1.8
"C4140","0","10","80","0","2017","4","",2135,29588,29510,29425,288174847,22271438,651988,751,"",1.00,1.00,1.00,1.00,1.00,1.00,1.00,1.00,"",-17,-0.8,-308,-1.0,-396,-1.3,-312,-1.0,9269902,3.3,1302947,6.2,175301,36.8,32,4.5
"C4142","0","10","40","0","2017","4","",12764,175090,174062,172514,1988600804,583835327,12884701,880,"",1.00,1.00,1.00,1.00,1.00,1.00,1.00,1.00,"",463,3.8,3534,2.1,2492,1.5,3344,2.0,116797039,6.2,51117583,9.6,964537,8.1,37,4.4
"C4142","1","10","41","0","2017","4","",67,1389,1372,1400,23711907,0,0,1315,"",0.88,0.41,0.41,0.42,0.43,0.00,0.00,1.04,"",0,0.0,9,0.7,-1,-0.1,-4,-0.3,367131,1.6,0,0.0,0,0.0,19,1.5
"C4142","2","10","41","0","2017","4","",192,21005,21185,20880,328307230,0,0,1201,"",2.15,3.74,3.80,3.80,5.06,0.00,0.00,1.34,"",-12,-5.9,-427,-2.0,-395,-1.8,-481,-2.3,7619737,2.4,0,0.0,0,0.0,51,4.4
"C4142","3","10","41","0","2017","4","",391,19913,19995,19956,237196893,8971307,179774,914,"",1.80,1.15,1.16,1.17,1.39,0.78,2.65,1.20,"",2,0.5,-163,-0.8,-296,-1.5,-100,-0.5,3646068,1.6,393814,4.6,-15241,-7.8,22,2.5
"C4142","5","10","41","0","2017","4","",12114,132783,131510,130278,1399384774,574864020,12704927,818,"",0.98,0.89,0.89,0.89,0.82,1.02,0.99,0.92,"",473,4.1,4115,3.2,3184,2.5,3929,3.1,105164103,8.1,50723769,9.7,979778,8.4,39,5.0
"C4146","0","10","80","0","2017","4","",1673,31482,31689,31533,309537799,62085735,375687,754,"",1.00,1.00,1.00,1.00,1.00,1.00,1.00,1.00,"",-60,-3.5,-304,-1.0,-215,-0.7,-277,-0.9,9282612,3.1,-493005,-0.8,27516,7.9,28,3.9
"C4150","0","10","40","0","2017","4","",13787,199354,193439,174820,2338359501,145169771,6881313,951,"",1.00,1.00,1.00,1.00,1.00,1.00,1.00,1.00,"",395,2.9,1419,0.7,5128,2.7,3392,2.0,134205798,6.1,1096546,0.8,-479643,-6.5,39,4.3
"C4150","1","10","41","0","2017","4","",68,5155,5154,5153,118755436,0,0,1772,"",0.82,1.34,1.39,1.53,1.85,0.00,0.00,1.30,"",2,3.0,36,0.7,47,0.9,19,0.4,8688854,7.9,0,0.0,0,0.0,118,7.1
"C4150","2","10","41","0","2017","4","",203,5352,5361,5359,78833903,0,0,1132,"",2.10,0.84,0.87,0.96,1.03,0.00,0.00,1.17,"",-1,-0.5,-139,-2.5,-153,-2.8,-334,-5.9,4529090,6.1,0,0.0,0,0.0,105,10.2
"C4150","3","10","41","0","2017","4","",347,23112,23190,23371,386641671,391607,17844,1281,"",1.48,1.17,1.21,1.35,1.92,0.14,0.49,1.55,"",-3,-0.9,639,2.8,638,2.8,546,2.4,19466403,5.3,-26353,-6.3,-1732,-8.8,32,2.6
"C4150","5","10","41","0","2017","4","",13169,165735,159734,140937,1754128491,144778164,6863469,868,"",0.98,0.98,0.97,0.95,0.88,1.03,1.00,0.91,"",397,3.1,883,0.5,4596,3.0,3161,2.3,101521451,6.1,1122899,0.8,-477911,-6.5,35,4.2
"C4154","0","10","40","0","2017","4","",12104,155493,152788,151404,1619284142,187515864,3295679,813,"",1.00,1.00,1.00,1.00,1.00,1.00,1.00,1.00,"",224,1.9,2706,1.8,3168,2.1,3024,2.0,73012705,4.7,5321384,2.9,-333964,-9.2,21,2.7
"C4154","1","10","41","0","2017","4","",92,1116,1114,1118,17117834,0,0,1180,"",1.27,0.37,0.38,0.38,0.38,0.00,0.00,1.01,"",0,0.0,42,3.9,49,4.6,37,3.4,1106863,6.9,0,0.0,0,0.0,33,2.9
"C4154","2","10","41","0","2017","4","N",35,0,0,0,0,0,0,0,"N",0.41,0,0,0,0,0,0,0,"N",-1,-2.8,0,0,0,0,0,0,0,0,0,0,0,0,0,0
"C4154","3","10","41","0","2017","4","N",201,0,0,0,0,0,0,0,"N",0.98,0,0,0,0,0,0,0,"N",0,0.0,0,0,0,0,0,0,0,0,0,0,0,0,0,0
"C4154","5","10","41","0","2017","4","",11776,132089,129307,128056,1346413855,183687620,3283144,798,"",1.00,1.00,1.00,1.00,0.97,1.01,1.00,0.98,"",225,1.9,2827,2.2,3127,2.5,3139,2.5,68723051,5.4,5316109,3.0,-333410,-9.2,23,3.0
"C4162","0","10","40","0","2017","4","",46602,709746,715279,717670,9747721522,2282388933,14167278,1050,"",1.00,1.00,1.00,1.00,1.00,1.00,1.00,1.00,"",1472,3.3,15505,2.2,18410,2.6,20338,2.9,500614587,5.4,157668627,7.4,-715738,-4.8,28,2.7
"C4162","1","10","41","0","2017","4","",172,12581,12579,12736,236276166,0,0,1439,"",0.62,0.92,0.92,0.92,0.88,0.00,0.00,0.96,"",18,11.7,-226,-1.8,-131,-1.0,-84,-0.7,9353455,4.1,0,0.0,0,0.0,73,5.3
"C4162","2","10","41","0","2017","4","",152,43281,43230,43394,675528163,497088,3302,1200,"",0.47,1.90,1.89,1.90,2.12,0.02,0.18,1.12,"",-2,-1.3,1113,2.6,1048,2.5,1230,2.9,33754713,5.3,44562,9.8,-1843,-35.8,29,2.5
"C4162","3","10","41","0","2017","4","",512,48521,48395,48540,466142533,2045202,11128,740,"",0.65,0.69,0.68,0.68,0.56,0.05,0.15,0.81,"",4,0.8,416,0.9,653,1.4,731,1.5,29707644,6.8,208593,11.4,-984,-8.1,39,5.6
"C4162","5","10","41","0","2017","4","",45766,605363,611075,613000,8369774660,2279846643,14152848,1056,"",1.01,1.00,1.01,1.01,1.01,1.03,1.01,1.00,"",1452,3.3,14202,2.4,16840,2.8,18461,3.1,427798775,5.4,157415472,7.4,-712911,-4.8,26,2.5
"C4166","0","10","40","0","2017","4","",3002,48350,48477,48538,527811426,38972183,727458,838,"",1.00,1.00,1.00,1.00,1.00,1.00,1.00,1.00,"",-36,-1.2,635,1.3,477,1.0,583,1.2,22647190,4.5,2105212,5.7,145275,25.0,27,3.3
"C4166","1","10","41","0","2017","4","",53,1177,1184,1186,17700916,0,0,1152,"",2.94,1.26,1.28,1.27,1.22,0.00,0.00,0.96,"",0,0.0,-17,-1.4,-24,-2.0,-11,-0.9,556059,3.2,0,0.0,0,0.0,53,4.8
"C4166","2","10","41","0","2017","4","",40,2328,2323,2336,28191997,0,0,931,"",1.90,1.50,1.50,1.51,1.64,0.00,0.00,1.09,"",-1,-2.4,-57,-2.4,-64,-2.7,-53,-2.2,1631753,6.1,0,0.0,0,0.0,75,8.8
"C4166","3","10","41","0","2017","4","",67,5366,5370,5370,50937168,284206,282,730,"",1.31,1.12,1.12,1.12,1.12,0.37,0.07,1.00,"",0,0.0,-149,-2.7,-144,-2.6,-125,-2.3,925161,1.8,14488,5.4,-4839,-94.5,32,4.6
"C4166","5","10","41","0","2017","4","",2842,39479,39600,39646,430981345,38687977,727176,838,"",0.98,0.96,0.96,0.96,0.96,1.03,1.01,0.99,"",-35,-1.2,858,2.2,709,1.8,772,2.0,19534217,4.7,2090724,5.7,150114,26.0,22,2.7
"C4170","0","10","40","0","2017","4","",51993,1004249,1009297,1011340,12614405538,913025643,18549217,962,"",1.00,1.00,1.00,1.00,1.00,1.00,1.00,1.00,"",1607,3.2,17232,1.7,15485,1.6,16729,1.7,519589842,4.3,23355864,2.6,2407086,14.9,24,2.6
"C4170","1","10","41","0","2017","4","",260,35391,35384,35424,674196316,0,0,1465,"",0.83,1.83,1.83,1.82,1.94,0.00,0.00,1.06,"",0,0.0,1,0.0,-194,-0.5,-412,-1.1,16138180,2.5,0,0.0,0,0.0,43,3.0
"C4170","2","10","41","0","2017","4","",140,18255,18315,18356,288595681,0,0,1213,"",0.38,0.57,0.57,0.57,0.70,0.00,0.00,1.24,"",-1,-0.7,-196,-1.1,-166,-0.9,-262,-1.4,11815150,4.3,0,0.0,0,0.0,63,5.5
"C4170","3","10","41","0","2017","4","",406,114354,115464,115507,1412517242,2522237,2491,944,"",0.46,1.15,1.15,1.15,1.30,0.14,0.03,1.13,"",1,0.2,887,0.8,1155,1.0,1628,1.4,41860043,3.1,-456072,-15.3,-54069,-95.6,18,1.9
"C4170","5","10","41","0","2017","4","",51187,836249,840134,842053,10239096299,910503406,18546726,938,"",1.01,0.98,0.98,0.98,0.95,1.03,1.01,0.97,"",1607,3.2,16540,2.0,14690,1.8,15775,1.9,449776469,4.6,23811936,2.7,2461155,15.3,24,2.6
"C4174","0","10","40","0","2017","4","",111429,1451385,1460012,1460901,23140408127,952840382,40567799,1221,"",1.00,1.00,1.00,1.00,1.00,1.00,1.00,1.00,"",4194,3.9,30831,2.2,31148,2.2,32785,2.3,1441200727,6.6,45901924,5.1,147715,0.4,50,4.3
"C4174","1","10","41","0","2017","4","",249,47073,47056,47224,1062063327,0,0,1734,"",0.37,1.68,1.68,1.68,1.67,0.00,0.00,0.99,"",-2,-0.8,-51,-0.1,-195,-0.4,-334,-0.7,37298370,3.6,0,0.0,0,0.0,68,4.1
"C4174","2","10","41","0","2017","4","",596,37689,37904,37167,727225575,0,0,1488,"",0.76,0.81,0.81,0.80,0.96,0.00,0.00,1.19,"",19,3.3,1734,4.8,1663,4.6,1341,3.7,61960274,9.3,0,0.0,0,0.0,67,4.7
"C4174","3","10","41","0","2017","4","",1072,149225,150444,150670,2294035351,4106606,206892,1176,"",0.57,1.04,1.04,1.04,1.15,0.22,0.97,1.11,"",-8,-0.7,276,0.2,258,0.2,593,0.4,59213561,2.6,183870,4.7,-1371,-0.7,28,2.4
"C4174","5","10","41","0","2017","4","",109512,1217398,1224608,1225840,19057083874,948733776,40360907,1199,"",1.01,0.99,0.99,0.99,0.96,1.03,1.00,0.98,"",4185,4.0,28872,2.4,29422,2.5,31185,2.6,1282728522,7.2,45718054,5.1,149086,0.4,53,4.6
"C4176","0","10","80","0","2017","4","",1705,13895,13994,14003,125828914,54635776,741109,693,"",1.00,1.00,1.00,1.00,1.00,1.00,1.00,1.00,"",74,4.5,433,3.2,428,3.2,507,3.8,8964583,7.7,4237841,8.4,30818,4.3,28,4.2
"C4178","0","10","80","0","2017","4","",1970,37824,36134,35285,385543312,29219692,726273,814,"",1.00,1.00,1.00,1.00,1.00,1.00,1.00,1.00,"",-20,-1.0,600,1.6,564,1.6,303,0.9,30746220,8.7,3562837,13.9,159479,28.1,54,7.1
"C4182","0","10","80","0","2017","4","",1397,26084,26293,26154,273958855,62932317,707572,805,"",1.00,1.00,1.00,1.00,1.00,1.00,1.00,1.00,"",7,0.5,258,1.0,322,1.2,-335,-1.3,15835790,6.1,3794371,6.4,-341436,-32.5,44,5.8
"C4186","0","10","40","0","2017","4","",197870,2397506,2408729,2408897,56927853004,1660606409,70450146,1821,"",1.00,1.00,1.00,1.00,1.00,1.00,1.00,1.00,"",5662,2.9,47083,2.0,49076,2.1,53898,2.3,4976706922,9.6,101223111,6.5,995188,1.4,124,7.3
"C4186","1","10","41","0","2017","4","",390,32029,31834,32077,748328770,0,0,1800,"",0.33,0.69,0.69,0.69,0.48,0.00,0.00,0.69,"",1,0.3,-426,-1.3,-700,-2.2,-766,-2.3,-3697313,-0.5,0,0.0,0,0.0,26,1.5
"C4186","2","10","41","0","2017","4","",1061,67753,68183,67834,1447123743,0,0,1639,"",0.77,0.88,0.88,0.88,0.78,0.00,0.00,0.88,"",62,6.2,1210,1.8,1858,2.8,1355,2.0,94815745,7.0,0,0.0,0,0.0,74,4.7
"C4186","3","10","41","0","2017","4","",1758,208732,209803,203319,4086476731,3322335,151147,1516,"",0.52,0.88,0.88,0.85,0.83,0.10,0.41,0.96,"",-5,-0.3,1411,0.7,1666,0.8,2651,1.3,211146523,5.4,-560252,-14.4,-38251,-20.2,64,4.4
"C4186","5","10","41","0","2017","4","",194661,2088992,2098909,2105667,50645923760,1657284074,70298999,1857,"",1.01,1.03,1.03,1.03,1.04,1.03,1.00,1.01,"",5604,3.0,44888,2.2,46252,2.3,50658,2.5,4674441967,10.2,101783363,6.5,1033439,1.5,132,7.7
"C4190","0","10","40","0","2017","4","",1302,18332,19462,19910,99279933,7794843,302122,397,"",1.00,1.00,1.00,1.00,1.00,1.00,1.00,1.00,"",-33,-2.5,-2959,-13.9,-1898,-8.9,-1958,-9.0,-16322830,-14.1,-2073468,-21.0,-98114,-24.5,-16,-3.9
"C4190","1","10","41","0","2017","4","",6,54,65,64,1056436,0,0,1332,"",0.77,0.15,0.17,0.17,0.39,0.00,0.00,2.35,"",-1,-14.3,4,8.0,10,18.2,8,14.3,27295,2.7,0,0.0,0,0.0,-143,-9.7
"C4190","2","10","41","0","2017","4","",53,2542,2520,2523,18997239,0,0,578,"",5.81,4.32,4.04,3.97,5.86,0.00,0.00,1.43,"",-3,-5.4,-181,-6.6,-202,-7.4,-200,-7.3,-1310510,-6.5,0,0.0,0,0.0,4,0.7
"C4190","3","10","41","0","2017","4","",9,2169,2157,2186,8970451,154166,7019,318,"",0.41,1.19,1.12,1.11,1.05,1.00,4.41,0.92,"",0,0.0,-258,-10.6,-239,-10.0,-182,-7.7,-2485904,-21.7,52576,51.8,2146,44.0,-50,-13.6
"C4190","5","10","41","0","2017","4","",1234,13567,14720,15137,70255807,7640677,295103,373,"",0.98,0.87,0.89,0.89,0.83,1.01,0.98,0.93,"",-29,-2.3,-2524,-15.7,-1467,-9.1,-1584,-9.5,-12553711,-15.2,-2126044,-21.8,-100260,-25.4,-17,-4.4
"C4194","0","10","40","0","2017","4","",74684,1101994,1106666,1107846,36680291301,708860520,30232746,2552,"",1.00,1.00,1.00,1.00,1.00,1.00,1.00,1.00,"",2583,3.6,25361,2.4,26341,2.4,26818,2.5,3823025842,11.6,27825615,4.1,-450691,-1.5,210,9.0
"C4194","1","10","41","0","2017","4","",103,10168,10142,10186,254080333,0,0,1923,"",0.23,0.48,0.48,0.48,0.25,0.00,0.00,0.53,"",-1,-1.0,39,0.4,-48,-0.5,-77,-0.8,3426651,1.4,0,0.0,0,0.0,32,1.7
"C4194","2","10","41","0","2017","4","",221,6372,6385,6321,102781299,0,0,1243,"",0.42,0.18,0.18,0.18,0.09,0.00,0.00,0.48,"",4,1.8,314,5.2,263,4.3,252,4.2,9499629,10.2,0,0.0,0,0.0,63,5.3
"C4194","3","10","41","0","2017","4","",1123,79786,80652,79893,1497178715,604589,22564,1438,"",0.88,0.73,0.73,0.73,0.47,0.04,0.14,0.65,"",-14,-1.2,1468,1.9,858,1.1,666,0.8,75490162,5.3,77135,14.6,1570,7.5,56,4.1
"C4194","5","10","41","0","2017","4","",73237,1005668,1009487,1011446,34826250954,708255931,30210182,2655,"",1.01,1.07,1.07,1.07,1.11,1.03,1.01,1.03,"",2594,3.7,23540,2.4,25268,2.6,25977,2.6,3734609400,12.0,27748480,4.1,-452261,-1.5,224,9.2
"C4198","0","10","40","0","2017","4","",30453,599358,618575,644989,4874244409,292979291,10328137,604,"",1.00,1.00,1.00,1.00,1.00,1.00,1.00,1.00,"",-630,-2.0,-45951,-7.1,-30330,-4.7,-20963,-3.1,-113214659,-2.3,14032998,5.0,469356,4.8,17,2.9
"C4198","1","10","41","0","2017","4","",157,11889,13085,13498,233506257,0,0,1401,"",0.86,1.03,1.11,1.09,1.74,0.00,0.00,1.62,"",-5,-3.1,-10,-0.1,946,7.8,1250,10.2,13030576,5.9,0,0.0,0,0.0,-1,-0.1
"C4198","2","10","41","0","2017","4","",761,96456,97050,96793,871018552,289679,10635,692,"",3.57,5.01,4.90,4.71,5.47,0.08,0.78,1.12,"",-22,-2.8,-7669,-7.4,-5355,-5.2,-5665,-5.5,-56946555,-6.1,-108574,-27.3,154,1.5,-1,-0.1
"C4198","3","10","41","0","2017","4","",80,31989,33282,33626,168636835,1873812,50649,394,"",0.15,0.54,0.54,0.53,0.40,0.32,0.93,0.75,"",0,0.0,-3190,-9.1,-1969,-5.6,-1844,-5.2,-27782694,-14.1,303548,19.3,-7070,-12.2,-34,-7.9
"C4198","5","10","41","0","2017","4","",29455,459024,475158,501072,3601082765,290815800,10266853,579,"",1.00,0.90,0.90,0.91,0.87,1.03,1.00,0.95,"",-603,-2.0,-35082,-7.1,-23952,-4.8,-14704,-2.9,-41515986,-1.1,13838024,5.0,476272,4.9,22,3.9
"C4202","0","10","40","0","2017","4","",10437,119535,118822,115833,1428770051,82322957,3302971,931,"",1.00,1.00,1.00,1.00,1.00,1.00,1.00,1.00,"",196,1.9,2710,2.3,2527,2.2,2142,1.9,100505791,7.6,5223553,6.8,68691,2.1,47,5.3
"C4202","1","10","41","0","2017","4","",39,573,547,549,8413685,0,0,1163,"",0.62,0.25,0.24,0.25,0.21,0.00,0.00,0.87,"",-1,-2.5,15,2.7,-16,-2.8,5,0.9,-91237,-1.1,0,0.0,0,0.0,-16,-1.4
"C4202","2","10","41","0","2017","4","",292,9437,9416,8972,146692151,0,0,1217,"",3.99,2.46,2.47,2.43,3.14,0.00,0.00,1.28,"",2,0.7,226,2.5,263,2.9,-213,-2.3,11466122,8.5,0,0.0,0,0.0,84,7.4
"C4202","3","10","41","0","2017","4","",213,11496,11675,10389,142743180,233381,8649,982,"",1.20,0.97,0.99,0.91,1.16,0.14,0.50,1.22,"",-1,-0.5,62,0.5,11,0.1,304,3.0,4426464,3.2,3757,1.6,-2089,-19.5,20,2.1
"C4202","5","10","41","0","2017","4","",9893,98029,97184,95923,1130921035,82089576,3294322,896,"",0.98,0.97,0.96,0.97,0.93,1.03,1.00,0.96,"",196,2.0,2407,2.5,2269,2.4,2046,2.2,84704442,8.1,5219796,6.8,70780,2.2,47,5.5
"C4210","0","10","40","0","2017","4","",9581,106738,103588,100493,1310053305,72694242,3081661,973,"",1.00,1.00,1.00,1.00,1.00,1.00,1.00,1.00,"",110,1.2,344,0.3,-182,-0.2,1105,1.1,57543881,4.6,886319,1.2,-174972,-5.4,39,4.2
"C4210","1","10","41","0","2017","4","",27,532,535,530,11079128,0,0,1601,"",0.47,0.26,0.27,0.27,0.31,0.00,0.00,1.15,"",0,0.0,-4,-0.7,-9,-1.7,-19,-3.5,358985,3.3,0,0.0,0,0.0,82,5.4
"C4210","2","10","41","0","2017","4","",22,4931,4870,4884,67744873,1485,92,1065,"",0.33,1.44,1.47,1.52,1.58,0.00,0.02,1.07,"",0,0.0,80,1.6,103,2.2,74,1.5,5301087,8.5,-1170,-44.1,-73,-44.2,66,6.6
"C4210","3","10","41","0","2017","4","",156,12571,12850,12413,178565229,191301,6602,1089,"",0.96,1.19,1.25,1.25,1.59,0.13,0.41,1.29,"",-1,-0.6,-118,-0.9,-215,-1.6,-329,-2.6,7755074,4.5,-150915,-44.1,-5786,-46.7,65,6.3
"C4210","5","10","41","0","2017","4","",9376,88704,85333,82666,1052664075,72501456,3074967,946,"",1.01,0.98,0.97,0.97,0.94,1.03,1.00,0.97,"",111,1.2,386,0.4,-61,-0.1,1379,1.7,44128735,4.4,1038404,1.5,-169113,-5.2,33,3.6
"C4214","0","10","40","0","2017","4","",5623,61071,61060,61271,742504488,133819381,1292159,934,"",1.00,1.00,1.00,1.00,1.00,1.00,1.00,1.00,"",46,0.8,-364,-0.6,-170,-0.3,-147,-0.2,2226226,0.3,1182796,0.9,-712207,-35.5,6,0.6
"C4214","1","10","41","0","2017","4","",31,983,957,946,16151350,0,0,1291,"",0.92,0.84,0.82,0.80,0.79,0.00,0.00,0.97,"",-1,-3.1,26,2.7,-3,-0.3,-28,-2.9,73928,0.5,0,0.0,0,0.0,8,0.6
"C4214","2","10","41","0","2017","4","",171,7332,7372,7396,95939761,22079,516,1002,"",4.34,3.74,3.77,3.79,3.96,0.01,0.30,1.05,"",0,0.0,-251,-3.3,-177,-2.3,-224,-2.9,-1269254,-1.3,18344,491.1,492,2050.0,16,1.6
"C4214","3","10","41","0","2017","4","",117,7011,7042,7059,72038190,2097729,33332,787,"",1.22,1.16,1.16,1.16,1.13,0.79,4.90,0.97,"",0,0.0,-153,-2.1,-110,-1.5,-73,-1.0,-2562380,-3.4,-763950,-26.7,-32629,-49.5,-16,-2.0
"C4214","5","10","41","0","2017","4","",5304,45745,45689,45870,558375187,131699573,1258311,938,"",0.97,0.88,0.88,0.88,0.88,1.02,0.98,1.00,"",47,0.9,14,0.0,120,0.3,178,0.4,5983932,1.1,1928402,1.5,-680070,-35.1,7,0.8
"C4218","0","10","80","0","2017","4","",192,5256,5058,5285,30669559,1579224,58853,454,"",1.00,1.00,1.00,1.00,1.00,1.00,1.00,1.00,"",-7,-3.5,-1246,-19.2,-1565,-23.6,-1716,-24.5,-2584313,-7.8,-1573141,-49.9,-79525,-57.5,73,19.2
"C4220","0","10","40","0","2017","4","",15582,201629,200676,195324,2765136784,139312463,5753329,1068,"",1.00,1.00,1.00,1.00,1.00,1.00,1.00,1.00,"",400,2.6,3601,1.8,3631,1.8,3684,1.9,160551706,6.2,6193043,4.7,-29188,-0.5,44,4.3
"C4220","1","10","41","0","2017","4","",75,3600,3522,3567,65430926,0,0,1413,"",0.80,0.93,0.92,0.95,0.86,0.00,0.00,0.93,"",0,0.0,-44,-1.2,-134,-3.7,-94,-2.6,626346,1.0,0,0.0,0,0.0,49,3.6
"C4220","2","10","41","0","2017","4","N",32,0,0,0,0,0,0,0,"N",0.29,0,0,0,0,0,0,0,"N",2,6.7,0,0,0,0,0,0,0,0,0,0,0,0,0,0
"C4220","3","10","41","0","2017","4","N",281,0,0,0,0,0,0,0,"N",1.06,0,0,0,0,0,0,0,"N",-3,-1.1,0,0,0,0,0,0,0,0,0,0,0,0,0,0
"C4220","5","10","41","0","2017","4","",15194,167911,166905,161078,2241945235,138911351,5737428,1043,"",1.01,0.98,0.98,0.97,0.95,1.03,1.00,0.97,"",401,2.7,3825,2.3,4046,2.5,3342,2.1,146665078,7.0,6112472,4.6,-30675,-0.5,45,4.5
"C4222","0","10","40","0","2017","4","",20095,205900,206799,208456,2879376107,141079661,5925759,1070,"",1.00,1.00,1.00,1.00,1.00,1.00,1.00,1.00,"",556,2.8,1339,0.7,3592,1.8,4974,2.4,182277225,6.8,5439178,4.0,-68425,-1.1,52,5.1
"C4222","1","10","41","0","2017","4","",58,1368,1349,1373,25480671,0,0,1438,"",0.48,0.35,0.34,0.34,0.32,0.00,0.00,0.94,"",1,1.8,13,1.0,-34,-2.5,-55,-3.9,-315450,-1.2,0,0.0,0,0.0,9,0.6
"C4222","2","10","41","0","2017","4","",170,3616,3580,3512,54295750,0,0,1170,"",1.21,0.55,0.54,0.53,0.58,0.00,0.00,1.07,"",13,8.3,-180,-4.7,-250,-6.5,-290,-7.6,1740403,3.3,0,0.0,0,0.0,109,10.3
"C4222","3","10","41","0","2017","4","",306,23321,23276,23673,349370797,1546703,74437,1147,"",0.90,1.14,1.13,1.15,1.41,0.55,2.39,1.24,"",0,0.0,-28,-0.1,-307,-1.3,128,0.5,16808301,5.1,-442931,-22.3,-28863,-27.9,58,5.3
"C4222","5","10","41","0","2017","4","",19561,177595,178594,179898,2450228889,139532958,5851322,1055,"",1.00,1.02,1.02,1.02,1.00,1.02,0.99,0.98,"",542,2.8,1534,0.9,4183,2.4,5191,3.0,164043971,7.2,5882109,4.4,-39562,-0.7,50,5.0
"C4230","0","10","80","0","2017","4","",796,12688,12324,12274,119545715,6231805,256269,740,"",1.00,1.00,1.00,1.00,1.00,1.00,1.00,1.00,"",-18,-2.2,107,0.9,-24,-0.2,-5,0.0,580878,0.5,60223,1.0,5858,2.3,2,0.3
"C4234","0","10","40","0","2017","4","",9432,172781,174482,172897,2013868816,187873574,3012438,893,"",1.00,1.00,1.00,1.00,1.00,1.00,1.00,1.00,"",-898,-8.7,6304,3.8,5010,3.0,3973,2.4,115657503,6.1,19021731,11.3,51147,1.7,25,2.9
"C4234","1","10","41","0","2017","4","",66,2852,2861,2863,51049454,0,0,1374,"",1.17,0.86,0.86,0.86,0.92,0.00,0.00,1.08,"",-20,-23.3,-41,-1.4,-36,-1.2,-48,-1.6,763805,1.5,0,0.0,0,0.0,40,3.0
"C4234","2","10","41","0","2017","4","",73,5010,5064,5082,70653641,36049,593,1076,"",1.10,0.90,0.91,0.92,1.07,0.02,0.15,1.18,"",-6,-7.6,-69,-1.4,-79,-1.5,-54,-1.1,3207518,4.8,4010,12.5,41,7.4,63,6.2
"C4234","3","10","41","0","2017","4","",54,15223,15127,15103,168998498,386086,4727,858,"",0.34,0.89,0.87,0.88,0.98,0.10,0.30,1.11,"",1,1.9,-464,-3.0,-670,-4.2,-667,-4.2,-2282476,-1.3,-449598,-53.8,-3563,-43.0,22,2.6
"C4234","5","10","41","0","2017","4","",9239,149696,151430,149849,1723167223,187451439,3007118,882,"",1.01,1.02,1.02,1.02,1.00,1.03,1.00,0.98,"",-873,-8.6,6878,4.8,5795,4.0,4742,3.3,113968656,7.1,19467319,11.6,54669,1.9,25,2.9
"C4238","0","10","80","0","2017","4","",1633,23152,23165,23051,268198582,16107144,989347,892,"",1.00,1.00,1.00,1.00,1.00,1.00,1.00,1.00,"",-31,-1.9,-222,-0.9,-244,-1.0,-120,-0.5,13522909,5.3,651731,4.2,99500,11.2,52,6.2
"C4242","0","10","80","0","2017","4","",1513,17182,17180,17009,172363806,13111583,129134,774,"",1.00,1.00,1.00,1.00,1.00,1.00,1.00,1.00,"",-30,-1.9,-398,-2.3,-294,-1.7,-167,-1.0,1564427,0.9,35014,0.3,-13416,-9.4,19,2.5
"C4246","0","10","80","0","2017","4","",986,15656,15706,15773,146075750,11543465,216020,715,"",1.00,1.00,1.00,1.00,1.00,1.00,1.00,1.00,"",24,2.5,-476,-3.0,-528,-3.3,-352,-2.2,1010862,0.7,215794,1.9,-7772,-3.5,25,3.6
"C4254","0","10","40","0","2017","4","",13744,255329,256980,256096,2803405155,213688295,11794772,842,"",1.00,1.00,1.00,1.00,1.00,1.00,1.00,1.00,"",-178,-1.3,2162,0.9,3019,1.2,2475,1.0,124867693,4.7,15184059,7.6,-49701,-0.4,29,3.6
"C4254","1","10","41","0","2017","4","",107,4265,4269,4297,73969780,0,0,1330,"",1.30,0.87,0.87,0.87,0.96,0.00,0.00,1.10,"",-2,-1.8,2,0.0,15,0.4,2,0.0,3596228,5.1,0,0.0,0,0.0,62,4.9
"C4254","2","10","41","0","2017","4","",88,5737,5842,5850,83860194,0,0,1110,"",0.91,0.70,0.71,0.72,0.92,0.00,0.00,1.29,"N",2,2.3,0,0,0,0,0,0,0,0,0,0,0,0,0,0
"C4254","3","10","41","0","2017","4","",404,18924,18938,18597,222310198,1102190,52646,909,"",1.73,0.75,0.74,0.73,0.92,0.26,0.85,1.24,"N",-3,-0.7,0,0,0,0,0,0,0,0,0,0,0,0,0,0
"C4254","5","10","41","0","2017","4","",13145,226403,227931,227352,2423264983,212586105,11742126,820,"",0.99,1.04,1.04,1.04,1.01,1.03,1.00,0.97,"",-175,-1.3,2334,1.0,3239,1.4,2677,1.2,117394307,5.1,15038547,7.6,-50237,-0.4,30,3.8
"C4262","0","10","80","0","2017","4","",1816,23957,24079,24216,229701235,22656077,435470,734,"",1.00,1.00,1.00,1.00,1.00,1.00,1.00,1.00,"",-20,-1.1,-339,-1.4,-263,-1.1,-184,-0.8,-1234337,-0.5,-390970,-1.7,-71160,-14.0,4,0.5
"C4266","0","10","40","0","2017","4","",129508,1952343,1962027,1970586,36283638381,7919152926,83341278,1423,"",1.00,1.00,1.00,1.00,1.00,1.00,1.00,1.00,"",-483,-0.4,42377,2.2,42656,2.2,45150,2.3,2898485282,8.7,491289386,6.6,-4791804,-5.4,84,6.3
"C4266","1","10","41","0","2017","4","",375,33874,33719,33916,680254683,0,0,1546,"",0.48,0.90,0.90,0.89,0.68,0.00,0.00,0.76,"",0,0.0,-247,-0.7,-435,-1.3,-727,-2.1,17133728,2.6,0,0.0,0,0.0,59,4.0
"C4266","2","10","41","0","2017","4","",183,65236,65236,63800,1104604987,0,0,1312,"",0.20,1.04,1.04,1.02,0.93,0.00,0.00,0.90,"",2,1.1,-1472,-2.2,-1770,-2.6,-2227,-3.4,14464255,1.3,0,0.0,0,0.0,53,4.2
"C4266","3","10","41","0","2017","4","",509,167940,169409,168861,2775777678,49975471,233654,1265,"",0.23,0.87,0.87,0.87,0.89,0.32,0.53,1.02,"",-3,-0.6,3436,2.1,3007,1.8,3675,2.2,177707288,6.8,3795814,8.2,-15522,-6.2,56,4.6
"C4266","5","10","41","0","2017","4","",128441,1685293,1693663,1704009,31723001033,7869177455,83107624,1440,"",1.02,1.02,1.02,1.02,1.02,1.03,1.00,1.01,"",-482,-0.4,40660,2.5,41854,2.5,44429,2.7,2689180011,9.3,487493572,6.6,-4776282,-5.4,88,6.5
"C4268","0","10","40","0","2017","4","",5085,51422,52844,53573,599723459,38916603,516257,877,"",1.00,1.00,1.00,1.00,1.00,1.00,1.00,1.00,"",66,1.3,1620,3.3,867,1.7,969,1.8,7772602,1.3,454702,1.2,-100590,-16.3,-8,-0.9
"C4268","1","10","41","0","2017","4","",18,361,360,361,6271661,0,0,1338,"",0.59,0.36,0.36,0.35,0.38,0.00,0.00,1.07,"",1,5.9,3,0.8,12,3.4,3,0.8,340605,5.7,0,0.0,0,0.0,52,4.0
"C4268","2","10","41","0","2017","4","",21,310,310,306,3184120,0,0,794,"",0.59,0.19,0.18,0.18,0.16,0.00,0.00,0.89,"",-2,-8.7,-13,-4.0,-18,-5.5,-18,-5.6,42680,1.4,0,0.0,0,0.0,50,6.7
"C4268","3","10","41","0","2017","4","",17,4613,4653,4678,54424528,0,0,901,"",0.20,0.91,0.89,0.88,1.06,0.00,0.00,1.18,"",1,6.2,105,2.3,121,2.7,144,3.2,2334182,4.5,0,0.0,0,0.0,15,1.7
"C4268","5","10","41","0","2017","4","",5029,46138,47521,48228,535843150,38916603,516257,872,"",1.02,1.06,1.06,1.06,1.05,1.03,1.01,0.99,"",66,1.3,1525,3.4,752,1.6,840,1.8,5055135,1.0,454702,1.2,-100590,-16.3,-11,-1.2
"C4270","0","10","40","0","2017","4","",2301,27785,28683,29242,246901191,21516832,228576,665,"",1.00,1.00,1.00,1.00,1.00,1.00,1.00,1.00,"",30,1.3,747,2.8,789,2.8,863,3.0,13397418,5.7,2952361,15.9,-2594,-1.1,18,2.8
"C4270","1","10","41","0","2017","4","",16,267,262,262,4277427,0,0,1248,"",1.16,0.50,0.48,0.47,0.63,0.00,0.00,1.31,"",0,0.0,-4,-1.5,-2,-0.8,-5,-1.9,290938,7.3,0,0.0,0,0.0,101,8.8
"C4270","2","10","41","0","2017","4","",28,727,772,784,6942788,0,0,702,"",1.74,0.82,0.84,0.84,0.86,0.00,0.00,1.04,"",-1,-3.4,415,133.0,450,139.8,459,141.2,4194900,152.7,0,0.0,0,0.0,41,6.2
"C4270","3","10","41","0","2017","4","",16,3254,3316,3236,31373987,86080,86,738,"",0.41,1.18,1.16,1.12,1.48,0.20,0.07,1.28,"",-1,-5.9,-480,-12.9,-721,-17.9,-518,-13.8,-3620601,-10.3,-7125,-7.6,-7,-7.5,37,5.3
"C4270","5","10","41","0","2017","4","",2241,23537,24333,24960,204306989,21430752,228490,647,"",1.00,1.00,1.00,1.00,0.97,1.03,1.01,0.97,"",32,1.4,816,3.6,1062,4.6,927,3.9,12532181,6.5,2959486,16.0,-2587,-1.1,15,2.4
"C4274","0","10","80","0","2017","4","",1256,19651,19561,19628,170629415,20362749,275359,669,"",1.00,1.00,1.00,1.00,1.00,1.00,1.00,1.00,"",61,5.1,163,0.8,166,0.9,214,1.1,1045111,0.6,-860237,-4.1,-144438,-34.4,-2,-0.3
"C4278","0","10","80","0","2017","4","",975,16582,16675,16701,159262735,12503982,693783,736,"",1.00,1.00,1.00,1.00,1.00,1.00,1.00,1.00,"",10,1.0,201,1.2,135,0.8,93,0.6,12174240,8.3,-126868,-1.0,-83688,-10.8,51,7.4
"C4282","0","10","80","0","2017","4","",857,12500,12480,12461,116413616,8322328,162607,718,"",1.00,1.00,1.00,1.00,1.00,1.00,1.00,1.00,"",6,0.7,-149,-1.2,-344,-2.7,-361,-2.8,-2174198,-1.8,-365871,-4.2,-23673,-12.7,3,0.4
"C4286","0","10","80","0","2017","4","",1599,23423,24111,23516,284808341,25045248,320715,925,"",1.00,1.00,1.00,1.00,1.00,1.00,1.00,1.00,"",63,4.1,153,0.7,559,2.4,404,1.7,347139,0.1,1566367,6.7,26912,9.2,-14,-1.5
"C4290","0","10","80","0","2017","4","",768,12678,12560,12278,138495902,10029768,289197,852,"",1.00,1.00,1.00,1.00,1.00,1.00,1.00,1.00,"",6,0.8,1115,9.6,1079,9.4,907,8.0,14605888,11.8,1837699,22.4,33782,13.2,21,2.5
"C4294","0","10","80","0","2017","4","",2793,46684,46871,46587,388571576,44555796,748575,640,"",1.00,1.00,1.00,1.00,1.00,1.00,1.00,1.00,"",84,3.1,430,0.9,510,1.1,741,1.6,20512430,5.6,308783,0.7,-64737,-8.0,27,4.4
"C4298","0","10","80","0","2017","4","",972,21383,21459,21627,241165839,20148933,277422,863,"",1.00,1.00,1.00,1.00,1.00,1.00,1.00,1.00,"",5,0.5,74,0.3,-14,-0.1,78,0.4,4994206,2.1,-330705,-1.6,-98605,-26.2,16,1.9
"C4302","0","10","80","0","2017","4","",1149,14841,14897,14931,129206227,14870935,288830,668,"",1.00,1.00,1.00,1.00,1.00,1.00,1.00,1.00,"",9,0.8,101,0.7,9,0.1,190,1.3,6209906,5.0,407340,2.8,-94279,-24.6,28,4.4
"C4306","0","10","80","0","2017","4","",1437,23082,23184,23064,203295476,38796256,344680,677,"",1.00,1.00,1.00,1.00,1.00,1.00,1.00,1.00,"",38,2.7,-273,-1.2,-134,-0.6,-416,-1.8,3641875,1.8,2013330,5.5,53894,18.5,20,3.0
"C4310","0","10","40","0","2017","4","",2841,60937,60999,60960,745857131,58865456,998403,941,"",1.00,1.00,1.00,1.00,1.00,1.00,1.00,1.00,"",61,2.2,816,1.4,828,1.4,941,1.6,32614451,4.6,-301327,-0.5,-291623,-22.6,28,3.1
"C4310","1","10","41","0","2017","4","",18,192,196,198,2885703,0,0,1136,"",1.06,0.16,0.17,0.17,0.14,0.00,0.00,0.84,"",0,0.0,0,0.0,6,3.2,2,1.0,61550,2.2,0,0.0,0,0.0,8,0.7
"C4310","2","10","41","0","2017","4","",11,539,518,514,5541769,0,0,814,"",0.55,0.28,0.27,0.26,0.23,0.00,0.00,0.85,"",0,0.0,59,12.3,-3,-0.6,16,3.2,27796,0.5,0,0.0,0,0.0,-35,-4.1
"C4310","3","10","41","0","2017","4","",120,5092,5276,5264,52459492,0,0,774,"",2.49,0.84,0.87,0.87,0.82,0.00,0.00,0.95,"",1,0.8,-8,-0.2,-159,-2.9,-25,-0.5,1216836,2.4,0,0.0,0,0.0,27,3.6
"C4310","5","10","41","0","2017","4","",2692,55114,55009,54984,684970167,58865456,998403,957,"",0.98,1.06,1.06,1.06,1.08,1.03,1.01,1.01,"",60,2.3,765,1.4,984,1.8,948,1.8,31308269,4.8,-301327,-0.5,-291623,-22.6,28,3.0
"C4314","0","10","80","0","2017","4","",2018,35380,35351,35388,360874145,72580184,770788,785,"",1.00,1.00,1.00,1.00,1.00,1.00,1.00,1.00,"",-6,-0.3,610,1.8,451,1.3,569,1.6,15498920,4.5,6772653,10.3,-307662,-28.5,22,2.9
"C4318","0","10","80","0","2017","4","",830,17525,17477,17509,176682875,15504054,135402,776,"",1.00,1.00,1.00,1.00,1.00,1.00,1.00,1.00,"",7,0.9,-985,-5.3,-1056,-5.7,-963,-5.2,-15261436,-8.0,497883,3.3,-17500,-11.4,-22,-2.8
"C4322","0","10","80","0","2017","4","",1371,14725,14835,14424,150309785,51110547,588291,789,"",1.00,1.00,1.00,1.00,1.00,1.00,1.00,1.00,"",43,3.2,163,1.1,271,1.9,267,1.9,11315032,8.1,2839654,5.9,-62872,-9.7,48,6.5
"C4326","0","10","80","0","2017","4","",1414,13290,13182,13124,142373557,27869594,417729,830,"",1.00,1.00,1.00,1.00,1.00,1.00,1.00,1.00,"",20,1.4,-41,-0.3,-68,-0.5,-104,-0.8,2930707,2.1,1783503,6.8,80391,23.8,22,2.7
"C4330","0","10","40","0","2017","4","",3086,45878,46221,45972,509370588,42284870,860670,851,"",1.00,1.00,1.00,1.00,1.00,1.00,1.00,1.00,"",10,0.3,146,0.3,284,0.6,-37,-0.1,19687943,4.0,1176926,2.9,106335,14.1,30,3.7
"C4330","1","10","41","0","2017","4","",25,328,323,319,5823429,0,0,1385,"",1.35,0.37,0.37,0.36,0.42,0.00,0.00,1.14,"",0,0.0,-9,-2.7,-11,-3.3,-19,-5.6,307229,5.6,0,0.0,0,0.0,123,9.7
"C4330","2","10","41","0","2017","4","",14,209,207,207,2763036,0,0,1023,"",0.65,0.14,0.14,0.14,0.17,0.00,0.00,1.18,"",-1,-6.7,-3,-1.4,-5,-2.4,-6,-2.8,48762,1.8,0,0.0,0,0.0,40,4.1
"C4330","3","10","41","0","2017","4","",91,6468,6527,6496,62565323,462849,454,741,"",1.73,1.42,1.42,1.43,1.43,0.55,0.10,1.00,"",2,2.2,70,1.1,45,0.7,114,1.8,2517382,4.2,163831,54.8,-5221,-92.0,22,3.1
"C4330","5","10","41","0","2017","4","",2956,38873,39164,38950,438218800,41822021,860216,864,"",0.99,1.00,1.00,1.00,1.01,1.02,1.01,1.01,"",9,0.3,88,0.2,255,0.7,-126,-0.3,16814570,4.0,1013095,2.5,111556,14.9,31,3.7
"C4332","0","10","80","0","2017","4","",1668,28130,27927,27809,276580408,16906078,456599,761,"",1.00,1.00,1.00,1.00,1.00,1.00,1.00,1.00,"",26,1.6,39,0.1,415,1.5,693,2.6,14493730,5.5,1853759,12.3,65825,16.8,30,4.1
"C4334","0","10","40","0","2017","4","",11620,173911,174672,174825,1921203602,127251566,2081672,847,"",1.00,1.00,1.00,1.00,1.00,1.00,1.00,1.00,"",89,0.8,-1637,-0.9,-2265,-1.3,-2134,-1.2,34822815,1.8,4438520,3.6,120181,6.1,25,3.0
"C4334","1","10","41","0","2017","4","",107,4845,4846,4961,88737841,0,0,1398,"",1.54,1.45,1.45,1.47,1.68,0.00,0.00,1.15,"",0,0.0,-20,-0.4,-32,-0.7,-33,-0.7,3614216,4.2,0,0.0,0,0.0,65,4.9
"C4334","2","10","41","0","2017","4","",92,5337,5320,5321,78998047,0,0,1141,"",1.13,0.96,0.95,0.95,1.26,0.00,0.00,1.32,"",-2,-2.1,-286,-5.1,-276,-4.9,-242,-4.4,653187,0.8,0,0.0,0,0.0,64,5.9
"C4334","3","10","41","0","2017","4","",242,19788,19888,19623,196146128,342742,4348,763,"",1.23,1.15,1.15,1.13,1.19,0.14,0.40,1.04,"",1,0.4,-457,-2.3,-363,-1.8,-253,-1.3,4423374,2.3,28663,9.1,-26,-0.6,30,4.1
"C4334","5","10","41","0","2017","4","",11179,143941,144618,144920,1557321586,126908824,2077324,829,"",0.99,0.97,0.97,0.98,0.95,1.03,1.00,0.97,"",90,0.8,-874,-0.6,-1594,-1.1,-1606,-1.1,26132038,1.7,4409857,3.6,120207,6.1,21,2.6
"C4338","0","10","80","0","2017","4","",1020,27313,27515,27396,376716164,19714794,439102,1057,"",1.00,1.00,1.00,1.00,1.00,1.00,1.00,1.00,"",-12,-1.2,-160,-0.6,-101,-0.4,12,0.0,8399780,2.3,1726883,9.6,80085,22.3,26,2.5
"C4342","0","10","40","0","2017","4","",2254,33596,33692,33645,377297290,20090901,523393,863,"",1.00,1.00,1.00,1.00,1.00,1.00,1.00,1.00,"",11,0.5,-889,-2.6,-941,-2.7,-1169,-3.4,4978760,1.3,-531339,-2.6,-64152,-10.9,36,4.4
"C4342","1","10","41","0","2017","4","",65,4682,4677,4660,91975679,0,0,1514,"",4.81,7.24,7.25,7.19,8.87,0.00,0.00,1.23,"",0,0.0,-244,-5.0,-229,-4.7,-259,-5.3,-2238631,-2.4,0,0.0,0,0.0,40,2.7
"C4342","2","10","41","0","2017","4","",12,920,920,927,9342397,0,0,779,"",0.76,0.85,0.85,0.86,0.76,0.00,0.00,0.89,"",-1,-7.7,-124,-11.9,-133,-12.6,-122,-11.6,-959768,-9.3,0,0.0,0,0.0,23,3.0
"C4342","3","10","41","0","2017","4","",149,5372,5374,5406,50284785,358385,6074,718,"",3.89,1.61,1.61,1.62,1.55,0.90,2.21,0.96,"",-5,-3.2,-148,-2.7,-177,-3.2,-150,-2.7,344752,0.7,179579,100.4,3302,119.1,25,3.6
"C4342","5","10","41","0","2017","4","",2028,22622,22721,22652,225694429,19732516,517319,766,"",0.93,0.79,0.79,0.79,0.70,1.02,0.99,0.88,"",17,0.8,-373,-1.6,-402,-1.7,-638,-2.7,7832407,3.6,-710918,-3.5,-67454,-11.5,42,5.8
"C4346","0","10","80","0","2017","4","",1501,15755,15616,15742,147608056,18202629,273362,723,"",1.00,1.00,1.00,1.00,1.00,1.00,1.00,1.00,"",77,5.4,230,1.5,204,1.3,295,1.9,5086964,3.6,1702817,10.3,-65357,-19.3,14,2.0
"C4350","0","10","80","0","2017","4","",729,9040,9011,8999,87996976,15678619,168520,751,"",1.00,1.00,1.00,1.00,1.00,1.00,1.00,1.00,"",-21,-2.8,-184,-2.0,-105,-1.2,-50,-0.6,1266108,1.5,768173,5.2,-60180,-26.3,20,2.7
"C4358","0","10","40","0","2017","4","",5464,87946,88250,88066,1014010565,187255244,2716103,885,"",1.00,1.00,1.00,1.00,1.00,1.00,1.00,1.00,"",9,0.2,346,0.4,815,0.9,1235,1.4,23038795,2.3,4699432,2.6,-457318,-14.4,12,1.4
"C4358","1","10","41","0","2017","4","",78,926,914,912,14943154,0,0,1253,"",2.38,0.55,0.54,0.54,0.54,0.00,0.00,0.99,"",0,0.0,-8,-0.9,-17,-1.8,-27,-2.9,-120090,-0.8,0,0.0,0,0.0,13,1.0
"C4358","2","10","41","0","2017","4","",75,608,603,589,7857945,9166,9,1007,"",1.96,0.22,0.21,0.21,0.24,0.00,0.00,1.12,"N",2,2.7,0,0,0,0,0,0,0,0,0,0,0,0,0,0
"C4358","3","10","41","0","2017","4","",164,9522,9484,9455,99881344,3188442,65049,810,"",1.77,1.09,1.08,1.08,1.15,0.86,4.55,1.06,"N",-2,-1.2,0,0,0,0,0,0,0,0,0,0,0,0,0,0
"C4358","5","10","41","0","2017","4","",5147,76890,77249,77110,891328122,184057636,2651045,889,"",0.97,1.03,1.03,1.03,1.03,1.02,0.98,1.00,"",9,0.2,273,0.4,727,1.0,1161,1.5,21288031,2.4,4842538,2.7,-432170,-14.0,13,1.5
"C4362","0","10","40","0","2017","4","",9782,151984,152326,152426,1879958946,162708454,1177946,950,"",1.00,1.00,1.00,1.00,1.00,1.00,1.00,1.00,"",171,1.8,2184,1.5,1830,1.2,1866,1.2,80615724,4.5,2285455,1.4,47368,4.2,29,3.1
"C4362","1","10","41","0","2017","4","",81,2692,2699,2737,50373336,0,0,1430,"",1.38,0.92,0.93,0.93,0.97,0.00,0.00,1.05,"",0,0.0,-11,-0.4,-41,-1.5,-40,-1.4,1160090,2.4,0,0.0,0,0.0,48,3.5
"C4362","2","10","41","0","2017","4","",78,1467,1458,1453,17289526,0,0,911,"",1.14,0.30,0.30,0.30,0.28,0.00,0.00,0.94,"",0,0.0,24,1.7,9,0.6,10,0.7,191041,1.1,0,0.0,0,0.0,1,0.1
"C4362","3","10","41","0","2017","4","",114,10177,10088,10172,100933671,425060,1386,765,"",0.69,0.68,0.67,0.67,0.62,0.13,0.22,0.93,"",1,0.9,305,3.1,200,2.0,206,2.1,3044016,3.1,26818,6.7,53,4.0,5,0.7
"C4362","5","10","41","0","2017","4","",9509,137648,138081,138064,1711362413,162283394,1176560,954,"",1.00,1.07,1.07,1.07,1.07,1.03,1.01,1.00,"",170,1.8,1866,1.4,1662,1.2,1690,1.2,76220577,4.7,2258637,1.4,47315,4.2,30,3.2
"C4366","0","10","80","0","2017","4","",476,6548,6631,6628,84908314,5199882,160865,989,"",1.00,1.00,1.00,1.00,1.00,1.00,1.00,1.00,"",8,1.7,-325,-4.7,-278,-4.0,-368,-5.3,1421800,1.7,-26348,-0.5,46403,40.5,62,6.7
"C4370","0","10","80","0","2017","4","",1687,25609,25496,25175,231284448,25880988,601078,700,"",1.00,1.00,1.00,1.00,1.00,1.00,1.00,1.00,"",-23,-1.3,-449,-1.7,-443,-1.7,-330,-1.3,-2271055,-1.0,2427902,10.4,-21801,-3.5,5,0.7
"C4374","0","10","80","0","2017","4","",1880,24204,24014,24032,239614344,15606356,924751,765,"",1.00,1.00,1.00,1.00,1.00,1.00,1.00,1.00,"",-6,-0.3,166,0.7,198,0.8,215,0.9,15175288,6.8,1252906,8.7,87761,10.5,42,5.8
"C4376","0","10","80","0","2017","4","",1614,17498,17445,17303,198006340,10637537,472706,875,"",1.00,1.00,1.00,1.00,1.00,1.00,1.00,1.00,"",26,1.6,-291,-1.6,-480,-2.7,-435,-2.5,10567777,5.6,890473,9.1,34396,7.8,66,8.2
"C4378","0","10","40","0","2017","4","",6445,133083,132945,132892,1511289268,104165555,1900431,874,"",1.00,1.00,1.00,1.00,1.00,1.00,1.00,1.00,"",11,0.2,-794,-0.6,-850,-0.6,-473,-0.4,17463346,1.2,4729301,4.8,-283162,-13.0,14,1.6
"C4378","1","10","41","0","2017","4","",42,955,947,969,16600063,0,0,1334,"",1.09,0.37,0.37,0.38,0.40,0.00,0.00,1.07,"",0,0.0,18,1.9,18,1.9,-13,-1.3,351975,2.2,0,0.0,0,0.0,17,1.3
"C4378","2","10","41","0","2017","4","",30,2112,2143,2089,18385563,0,0,669,"",0.66,0.49,0.50,0.49,0.37,0.00,0.00,0.75,"",5,20.0,-58,-2.7,-33,-1.5,-68,-3.2,188847,1.0,0,0.0,0,0.0,23,3.6
"C4378","3","10","41","0","2017","4","",102,12109,11997,12221,120927507,715002,17885,768,"",0.93,0.92,0.91,0.93,0.93,0.35,1.79,1.01,"",2,2.0,-116,-0.9,-102,-0.8,-43,-0.4,7903853,7.0,156292,28.0,6387,55.5,55,7.7
"C4378","5","10","41","0","2017","4","",6271,117907,117858,117613,1355376135,103450553,1882546,885,"",1.00,1.04,1.04,1.04,1.05,1.03,1.00,1.01,"",4,0.1,-638,-0.5,-733,-0.6,-349,-0.3,9018671,0.7,4573009,4.6,-289549,-13.3,10,1.1
"C4390","0","10","40","0","2017","4","",6767,146636,148135,149000,1717456687,195284468,2785010,893,"",1.00,1.00,1.00,1.00,1.00,1.00,1.00,1.00,"",282,4.3,4293,3.0,3843,2.7,3655,2.5,96859808,6.0,11381639,6.2,-222965,-7.4,27,3.1
"C4390","1","10","41","0","2017","4","",56,596,578,604,9762970,0,0,1267,"",1.38,0.21,0.20,0.21,0.21,0.00,0.00,0.99,"",2,3.7,1,0.2,-22,-3.7,8,1.3,329395,3.5,0,0.0,0,0.0,51,4.2
"C4390","2","10","41","0","2017","4","",49,3445,3470,3452,31899550,0,0,710,"",1.03,0.73,0.73,0.73,0.57,0.00,0.00,0.78,"",1,2.1,75,2.2,73,2.1,69,2.0,-1338049,-4.0,0,0.0,0,0.0,-46,-6.1
"C4390","3","10","41","0","2017","4","",151,18917,19364,19241,238347273,578098,3808,956,"",1.31,1.30,1.32,1.30,1.61,0.15,0.26,1.23,"",-2,-1.3,-133,-0.7,227,1.2,168,0.9,3169069,1.3,-116728,-16.8,743,24.2,8,0.8
"C4390","5","10","41","0","2017","4","",6511,123678,124723,125703,1437446894,194706370,2781202,887,"",0.99,0.99,0.99,0.99,0.98,1.03,1.01,0.99,"",281,4.5,4350,3.6,3565,2.9,3410,2.8,94699393,7.1,11498367,6.3,-223708,-7.4,33,3.9
"C4394","0","10","80","0","2017","4","",1203,11780,11560,11529,103484843,14183983,105016,685,"",1.00,1.00,1.00,1.00,1.00,1.00,1.00,1.00,"",26,2.2,19,0.2,1,0.0,30,0.3,3818649,3.8,-2027,0.0,13959,15.3,24,3.6
"C4398","0","10","80","0","2017","4","",729,8560,8570,8551,92828430,19817015,274516,834,"",1.00,1.00,1.00,1.00,1.00,1.00,1.00,1.00,"",11,1.5,-97,-1.1,-74,-0.9,-65,-0.8,-785640,-0.8,504224,2.6,17029,6.6,0,0.0
"C4402","0","10","80","0","2017","4","",893,9416,9095,9094,92306451,26897784,443774,772,"",1.00,1.00,1.00,1.00,1.00,1.00,1.00,1.00,"",16,1.8,-302,-3.1,-429,-4.5,-203,-2.2,5243684,6.0,974603,3.8,85624,23.9,68,9.7
"C4406","0","10","40","0","2017","4","",17274,234694,235071,234213,2787102432,921632172,11681986,914,"",1.00,1.00,1.00,1.00,1.00,1.00,1.00,1.00,"",-94,-0.5,2977,1.3,2784,1.2,3068,1.3,156127210,5.9,53342371,6.1,-416131,-3.4,41,4.7
"C4406","1","10","41","0","2017","4","",148,5099,5075,5142,93422925,0,0,1408,"",1.43,1.13,1.13,1.14,1.22,0.00,0.00,1.08,"",0,0.0,13,0.3,-13,-0.3,-33,-0.6,4667579,5.3,0,0.0,0,0.0,74,5.5
"C4406","2","10","41","0","2017","4","",83,9139,9135,9157,139528623,0,0,1174,"",0.69,1.21,1.21,1.23,1.53,0.00,0.00,1.26,"",1,1.2,-504,-5.2,-497,-5.2,-416,-4.3,7094402,5.4,0,0.0,0,0.0,115,10.9
"C4406","3","10","41","0","2017","4","",201,25675,25649,25491,314758142,8638449,121456,946,"",0.68,1.10,1.10,1.10,1.31,0.47,1.98,1.19,"",1,0.5,515,2.0,432,1.7,403,1.6,20842907,7.1,603805,7.5,-17533,-12.6,47,5.2
"C4406","5","10","41","0","2017","4","",16842,194781,195212,194423,2239392742,912993723,11560530,884,"",1.01,0.98,0.98,0.98,0.94,1.02,1.00,0.96,"",-96,-0.6,2953,1.5,2862,1.5,3114,1.6,123522322,5.8,52738566,6.1,-398598,-3.3,36,4.2
"C4410","0","10","40","0","2017","4","",4992,130944,131511,131270,1806390548,97713458,2813578,1059,"",1.00,1.00,1.00,1.00,1.00,1.00,1.00,1.00,"",-402,-7.5,-448,-0.3,-134,-0.1,561,0.4,68445745,3.9,-774122,-0.8,-256605,-8.4,40,3.9
"C4410","1","10","41","0","2017","4","",70,1798,1778,1793,31261429,0,0,1344,"",2.34,0.71,0.71,0.71,0.63,0.00,0.00,0.89,"",0,0.0,-10,-0.6,-23,-1.3,-49,-2.7,-9942,0.0,0,0.0,0,0.0,20,1.5
"C4410","2","10","41","0","2017","4","",68,38149,38130,38241,685541161,0,0,1381,"",1.94,9.08,9.05,9.14,11.62,0.00,0.00,1.28,"",7,11.5,2094,5.8,2000,5.5,2087,5.8,30060074,4.6,0,0.0,0,0.0,-15,-1.1
"C4410","3","10","41","0","2017","4","",139,10429,10451,10366,121657385,1091884,13532,899,"",1.64,0.80,0.80,0.80,0.78,0.56,0.91,0.98,"",-1,-0.7,27,0.3,112,1.1,0,0.0,6539694,5.7,-15963,-1.4,-2500,-15.6,45,5.3
"C4410","5","10","41","0","2017","4","",4715,80568,81152,80870,967930573,96621574,2800046,921,"",0.97,0.72,0.73,0.72,0.63,1.02,1.00,0.87,"",-408,-8.0,-2559,-3.1,-2223,-2.7,-1477,-1.8,31855919,3.4,-758159,-0.8,-254105,-8.3,53,6.1
"C4414","0","10","40","0","2017","4","",23155,278323,278068,277894,3488649054,628498479,10057035,965,"",1.00,1.00,1.00,1.00,1.00,1.00,1.00,1.00,"",144,0.6,2704,1.0,2266,0.8,2618,1.0,114037945,3.4,6577836,1.1,192404,2.0,23,2.4
"C4414","1","10","41","0","2017","4","",111,5233,5218,5551,99862092,0,0,1440,"",0.80,0.98,0.98,1.04,1.04,0.00,0.00,1.04,"",-2,-1.8,51,1.0,3,0.1,-3,-0.1,2308837,2.4,0,0.0,0,0.0,29,2.1
"C4414","2","10","41","0","2017","4","",269,16866,16948,16892,278792078,278785868,557551,1269,"",1.66,1.89,1.90,1.91,2.45,34.93,42.06,1.29,"",37,15.9,-827,-4.7,-846,-4.8,-804,-4.5,-6030482,-2.1,-6036692,-2.1,-297026,-34.8,33,2.7
"C4414","3","10","41","0","2017","4","",429,27925,28380,28102,363256384,42085568,159916,993,"",1.09,1.01,1.03,1.02,1.21,3.38,3.02,1.19,"",-2,-0.5,-130,-0.5,-492,-1.7,-339,-1.2,7554512,2.1,1756332,4.4,-13241,-7.6,31,3.2
"C4414","5","10","41","0","2017","4","",22346,228299,227522,227349,2746738500,307627043,9339568,928,"",0.99,0.97,0.96,0.96,0.92,0.51,0.93,0.96,"",111,0.5,3610,1.6,3601,1.6,3764,1.7,110205078,4.2,10858196,3.7,502671,5.7,23,2.5
"C4418","0","10","40","0","2017","4","",12880,201977,202341,202564,2118736341,228163561,2869899,806,"",1.00,1.00,1.00,1.00,1.00,1.00,1.00,1.00,"",719,5.9,2320,1.2,1904,0.9,2620,1.3,102668464,5.1,7364914,3.3,-940041,-24.7,31,4.0
"C4418","1","10","41","0","2017","4","",90,2405,2388,2435,38808851,0,0,1239,"",1.17,0.62,0.62,0.62,0.67,0.00,0.00,1.07,"",0,0.0,-14,-0.6,-69,-2.8,-81,-3.2,-728824,-1.8,0,0.0,0,0.0,5,0.4
"C4418","2","10","41","0","2017","4","",64,5470,5506,5453,55728884,0,0,783,"",0.71,0.84,0.85,0.84,0.81,0.00,0.00,0.95,"",-1,-1.5,-131,-2.3,-102,-1.8,-126,-2.3,257827,0.5,0,0.0,0,0.0,20,2.6
"C4418","3","10","41","0","2017","4","",330,20235,20189,20146,191082823,950726,8051,728,"",1.51,1.01,1.00,1.00,1.05,0.21,0.53,1.04,"",0,0.0,149,0.7,102,0.5,92,0.5,5339458,2.9,100058,11.8,-1842,-18.6,16,2.2
"C4418","5","10","41","0","2017","4","",12396,173867,174258,174530,1833115783,227212835,2861848,809,"",0.99,1.01,1.01,1.01,1.01,1.03,1.00,1.00,"",720,6.2,2316,1.4,1973,1.1,2735,1.6,97800003,5.6,7264856,3.3,-938199,-24.7,32,4.1
"C4422","0","10","40","0","2017","4","",2529,48445,48724,48377,499565589,39560224,939628,792,"",1.00,1.00,1.00,1.00,1.00,1.00,1.00,1.00,"",-11,-0.4,-185,-0.4,159,0.3,107,0.2,24264248,5.1,-39334,-0.1,109846,13.2,38,5.0
"C4422","1","10","41","0","2017","4","",16,551,578,571,9659415,0,0,1311,"",1.05,0.59,0.62,0.61,0.70,0.00,0.00,1.16,"",0,0.0,18,3.4,24,4.3,10,1.8,564118,6.2,0,0.0,0,0.0,37,2.9
"C4422","2","10","41","0","2017","4","",14,162,156,157,1986233,0,0,965,"",0.79,0.10,0.10,0.10,0.12,0.00,0.00,1.19,"",0,0.0,11,7.3,9,6.1,4,2.6,-242144,-10.9,0,0.0,0,0.0,-175,-15.4
"C4422","3","10","41","0","2017","4","",126,6328,6380,6259,63251382,47764,1624,770,"",2.93,1.32,1.32,1.31,1.47,0.06,0.33,1.12,"",-1,-0.8,-173,-2.7,-63,-1.0,-96,-1.5,1500536,2.4,4338,10.0,278,20.7,32,4.3
"C4422","5","10","41","0","2017","4","",2373,41404,41610,41390,424668559,39512460,938004,788,"",0.97,1.01,1.01,1.01,1.00,1.03,1.00,0.99,"",-10,-0.4,-41,-0.1,189,0.5,189,0.5,22441738,5.6,-43672,-0.1,109568,13.2,40,5.3
"C4426","0","10","80","0","2017","4","",944,20373,20267,19881,187765580,20359816,166152,716,"",1.00,1.00,1.00,1.00,1.00,1.00,1.00,1.00,"",-3,-0.3,-133,-0.6,-127,-0.6,-58,-0.3,2054290,1.1,-662692,-3.2,-53452,-24.3,12,1.7
"C4430","0","10","40","0","2017","4","",3556,69857,70444,69121,864653380,41728658,1982766,953,"",1.00,1.00,1.00,1.00,1.00,1.00,1.00,1.00,"",-29,-0.8,254,0.4,596,0.9,431,0.6,23802243,2.8,3388450,8.8,85893,4.5,21,2.3
"C4430","1","10","41","0","2017","4","",49,475,471,468,8083391,0,0,1319,"",2.30,0.35,0.35,0.35,0.34,0.00,0.00,0.97,"",-2,-3.9,2,0.4,2,0.4,-6,-1.3,94242,1.2,0,0.0,0,0.0,17,1.3
"C4430","2","10","41","0","2017","4","",30,18638,18956,18722,311758478,0,0,1278,"",1.20,8.31,8.40,8.49,11.04,0.00,0.00,1.31,"N",1,3.4,0,0,0,0,0,0,0,0,0,0,0,0,0,0
"C4430","3","10","41","0","2017","4","",120,4640,4688,4646,53664915,171007,6299,886,"",1.99,0.67,0.67,0.68,0.72,0.21,0.60,1.07,"N",1,0.8,0,0,0,0,0,0,0,0,0,0,0,0,0,0
"C4430","5","10","41","0","2017","4","",3357,46104,46329,45285,491146596,41557651,1976467,823,"",0.97,0.78,0.77,0.77,0.67,1.03,1.00,0.86,"",-29,-0.9,480,1.1,643,1.4,161,0.4,12847763,2.7,3446517,9.0,87575,4.6,14,1.7
"C4434","0","10","80","0","2017","4","",1486,25892,26072,25638,229075044,23263417,347211,681,"",1.00,1.00,1.00,1.00,1.00,1.00,1.00,1.00,"",-107,-6.7,404,1.6,296,1.1,136,0.5,7371994,3.3,1019237,4.6,-50183,-12.6,15,2.3
"C4442","0","10","40","0","2017","4","",3514,47870,48103,48154,509139676,32162903,442078,815,"",1.00,1.00,1.00,1.00,1.00,1.00,1.00,1.00,"",181,5.4,-241,-0.5,-149,-0.3,-119,-0.2,24361637,5.0,-746652,-2.3,-64424,-12.7,42,5.4
"C4442","1","10","41","0","2017","4","",31,276,270,262,3998285,0,0,1142,"",1.47,0.30,0.29,0.28,0.29,0.00,0.00,0.98,"",0,0.0,11,4.2,16,6.3,-5,-1.9,156533,4.1,0,0.0,0,0.0,14,1.2
"C4442","2","10","41","0","2017","4","",63,3101,3111,3140,32093912,0,0,792,"",2.56,2.02,2.02,2.04,1.93,0.00,0.00,0.95,"",2,3.3,-85,-2.7,-61,-1.9,-51,-1.6,59650,0.2,0,0.0,0,0.0,18,2.3
"C4442","3","10","41","0","2017","4","",103,5173,5175,5186,47355018,384181,2844,703,"",1.72,1.09,1.08,1.09,1.08,0.60,1.22,0.99,"",0,0.0,43,0.8,17,0.3,38,0.7,1032303,2.2,-155618,-28.8,-1664,-36.9,10,1.4
"C4442","5","10","41","0","2017","4","",3317,39320,39547,39566,425692461,31778722,439234,829,"",0.97,0.97,0.97,0.97,0.98,1.02,1.00,1.01,"",179,5.7,-210,-0.5,-121,-0.3,-101,-0.3,23113151,5.7,-591034,-1.8,-62760,-12.5,47,6.0
"C4446","0","10","80","0","2017","4","",1793,13927,14935,16234,165084746,26639439,446461,845,"",1.00,1.00,1.00,1.00,1.00,1.00,1.00,1.00,"",16,0.9,260,1.9,1216,8.9,360,2.3,-523465,-0.3,937306,3.6,-16443,-3.6,-38,-4.3
"C4450","0","10","80","0","2017","4","",1163,17361,17588,17528,159260557,15368620,286946,700,"",1.00,1.00,1.00,1.00,1.00,1.00,1.00,1.00,"",45,4.0,758,4.6,873,5.2,908,5.5,16839086,11.8,2505229,19.5,94324,49.0,42,6.4
"C4454","0","10","80","0","2017","4","",671,8056,8064,8069,79198752,11132578,146723,756,"",1.00,1.00,1.00,1.00,1.00,1.00,1.00,1.00,"",27,4.2,-94,-1.2,-97,-1.2,-105,-1.3,1780135,2.3,270082,2.5,17549,13.6,26,3.6
"C4458","0","10","80","0","2017","4","",1223,20902,20860,20826,198648075,21826438,598236,732,"",1.00,1.00,1.00,1.00,1.00,1.00,1.00,1.00,"",-83,-6.4,-386,-1.8,-619,-2.9,-515,-2.4,8193038,4.3,1473482,7.2,-13954,-2.3,46,6.7
"C4462","0","10","80","0","2017","4","",1740,34703,34401,34110,373028913,36023948,799452,834,"",1.00,1.00,1.00,1.00,1.00,1.00,1.00,1.00,"",37,2.2,50,0.1,12,0.0,-252,-0.7,10335996,2.8,66953,0.2,-238132,-23.0,25,3.1
"C4466","0","10","80","0","2017","4","",2028,34234,34259,34218,361212701,58514178,371530,812,"",1.00,1.00,1.00,1.00,1.00,1.00,1.00,1.00,"",16,0.8,-99,-0.3,-137,-0.4,371,1.1,28228439,8.5,2572851,4.6,56336,17.9,63,8.4
"C4470","0","10","40","0","2017","4","",17814,252909,251877,251594,3022836566,192703327,8693931,922,"",1.00,1.00,1.00,1.00,1.00,1.00,1.00,1.00,"",476,2.7,6695,2.7,8984,3.7,8300,3.4,197122940,7.0,10381841,5.7,185037,2.2,32,3.6
"C4470","1","10","41","0","2017","4","",59,3049,3058,3086,54109152,0,0,1358,"",0.55,0.63,0.63,0.64,0.65,0.00,0.00,1.03,"",3,5.4,10,0.3,21,0.7,47,1.5,2097526,4.0,0,0.0,0,0.0,41,3.1
"C4470","2","10","41","0","2017","4","",219,6744,6878,7194,92181819,0,0,1022,"",1.75,0.83,0.85,0.90,0.93,0.00,0.00,1.09,"",4,1.9,233,3.6,319,4.9,338,4.9,3295671,3.7,0,0.0,0,0.0,-7,-0.7
"C4470","3","10","41","0","2017","4","",472,33065,33655,33377,508795960,750692,34721,1173,"",1.56,1.32,1.35,1.34,1.96,0.20,0.76,1.47,"",16,3.5,727,2.2,935,2.9,605,1.8,40630572,8.7,-55263,-6.9,-2419,-6.5,69,6.2
"C4470","5","10","41","0","2017","4","",17064,210051,208286,207937,2367749635,191952635,8659210,872,"",0.99,0.98,0.97,0.97,0.92,1.03,1.00,0.94,"",453,2.7,5725,2.8,7709,3.8,7310,3.6,151099171,6.8,10437104,5.7,187456,2.2,27,3.2
"C4474","0","10","80","0","2017","4","",655,10993,11289,11186,122009004,29565695,425318,841,"",1.00,1.00,1.00,1.00,1.00,1.00,1.00,1.00,"",-5,-0.8,-9,-0.1,152,1.4,57,0.5,5663451,4.9,-25266,-0.1,-66951,-13.6,34,4.2
"C4478","0","10","80","0","2017","4","",4955,24530,24400,24319,239608742,20551871,576805,755,"",1.00,1.00,1.00,1.00,1.00,1.00,1.00,1.00,"",672,15.7,220,0.9,385,1.6,396,1.7,3110795,1.3,1662691,8.8,12637,2.2,0,0.0
"C4486","0","10","80","0","2017","4","",861,12549,12604,12646,126853283,9615134,171191,774,"",1.00,1.00,1.00,1.00,1.00,1.00,1.00,1.00,"",10,1.2,-281,-2.2,-352,-2.7,-124,-1.0,3631404,2.9,-483078,-4.8,13227,8.4,36,4.9
"C4490","0","10","80","0","2017","4","",319,6259,6302,6244,53735298,4665885,100270,659,"",1.00,1.00,1.00,1.00,1.00,1.00,1.00,1.00,"",-30,-8.6,155,2.5,157,2.6,101,1.6,3043780,6.0,301555,6.9,2767,2.8,23,3.6
"C4492","0","10","80","0","2017","4","",2928,24473,25572,29204,314472565,99460801,760735,916,"",1.00,1.00,1.00,1.00,1.00,1.00,1.00,1.00,"",125,4.5,146,0.6,425,1.7,193,0.7,18801892,6.4,7682559,8.4,-90358,-10.6,47,5.4
"C4494","0","10","40","0","2017","4","",2063,37263,37468,37673,366667953,44128924,666105,753,"",1.00,1.00,1.00,1.00,1.00,1.00,1.00,1.00,"",71,3.6,155,0.4,127,0.3,402,1.1,12402334,3.5,-517336,-1.2,-83512,-11.1,21,2.9
"C4494","1","10","41","0","2017","4","",36,1190,1187,1191,17665069,0,0,1143,"",2.91,1.66,1.66,1.64,1.75,0.00,0.00,1.06,"",1,2.9,10,0.8,14,1.2,9,0.8,867207,5.2,0,0.0,0,0.0,46,4.2
"C4494","2","10","41","0","2017","4","",28,1288,1316,1311,12040789,2124,25,710,"",1.94,1.08,1.10,1.09,1.01,0.00,0.03,0.92,"",0,0.0,4,0.3,31,2.4,22,1.7,180429,1.5,-2304,-52.0,-34,-57.6,1,0.1
"C4494","3","10","41","0","2017","4","",51,3883,3887,3885,34812790,157502,2475,689,"",1.45,1.05,1.04,1.04,1.10,0.18,0.71,1.05,"",0,0.0,-326,-7.7,-315,-7.5,-326,-7.7,-2461897,-6.6,55803,54.9,117,5.0,8,1.2
"C4494","5","10","41","0","2017","4","",1948,30902,31078,31286,302149305,43969298,663605,748,"",0.97,0.98,0.98,0.98,0.97,1.03,1.00,0.99,"",70,3.7,467,1.5,397,1.3,697,2.3,13816595,4.8,-570835,-1.3,-83595,-11.2,22,3.0
"C4498","0","10","80","0","2017","4","",1877,28460,27362,27318,286540732,23426612,1227393,795,"",1.00,1.00,1.00,1.00,1.00,1.00,1.00,1.00,"",-10,-0.5,-261,-0.9,-243,-0.9,53,0.2,8430782,3.0,2327250,11.0,63889,5.5,27,3.5
"C4500","0","10","80","0","2017","4","",715,11204,10853,10167,122492452,7450375,405081,877,"",1.00,1.00,1.00,1.00,1.00,1.00,1.00,1.00,"",-1,-0.1,-85,-0.8,829,8.3,160,1.6,4000278,3.4,-298678,-3.9,-24381,-5.7,4,0.5
"C4502","0","10","80","0","2017","4","",420,5984,6002,6036,65354037,4711953,101523,837,"",1.00,1.00,1.00,1.00,1.00,1.00,1.00,1.00,"",0,0.0,-2,0.0,3,0.1,60,1.0,4064878,6.6,514149,12.2,22215,28.0,50,6.4
"C4506","0","10","40","0","2017","4","",16886,304179,304577,304118,3886235269,227214277,6702851,982,"",1.00,1.00,1.00,1.00,1.00,1.00,1.00,1.00,"",-110,-0.6,-42,0.0,862,0.3,800,0.3,167709213,4.5,11062813,5.1,-743065,-10.0,40,4.2
"C4506","1","10","41","0","2017","4","",131,4945,4906,5000,94305725,0,0,1465,"",1.29,0.84,0.84,0.85,0.88,0.00,0.00,1.04,"",0,0.0,26,0.5,15,0.3,29,0.6,2980106,3.3,0,0.0,0,0.0,39,2.7
"C4506","2","10","41","0","2017","4","",162,14783,14782,14799,252499091,50562,2413,1313,"",1.37,1.51,1.52,1.53,1.99,0.02,0.27,1.31,"",4,2.5,-37,-0.2,-31,-0.2,18,0.1,77715770,44.5,-25419,-33.5,-1763,-42.2,405,44.6
"C4506","3","10","41","0","2017","4","",406,34927,35524,35564,446830437,438650,7106,973,"",1.41,1.16,1.17,1.18,1.34,0.10,0.20,1.14,"",9,2.3,-31,-0.1,112,0.3,-118,-0.3,-357103,-0.1,17237,4.1,-1649,-18.8,0,0.0
"C4506","5","10","41","0","2017","4","",16187,249524,249365,248755,3092600016,226725065,6693332,955,"",0.99,0.97,0.96,0.96,0.93,1.03,1.01,0.97,"",-123,-0.8,0,0.0,766,0.3,871,0.4,87370440,2.9,11070995,5.1,-739653,-10.0,25,2.7
"C4514","0","10","80","0","2017","4","",774,15644,15577,15301,140049252,20640174,149741,695,"",1.00,1.00,1.00,1.00,1.00,1.00,1.00,1.00,"",9,1.2,278,1.8,269,1.8,96,0.6,2157324,1.6,-34666,-0.2,410,0.3,1,0.1
"C4518","0","10","80","0","2017","4","",1491,31148,30683,30796,377690403,22727726,376588,941,"",1.00,1.00,1.00,1.00,1.00,1.00,1.00,1.00,"",34,2.3,509,1.7,247,0.8,293,1.0,582764,0.2,1875576,9.0,26514,7.6,-9,-0.9
"C4522","0","10","40","0","2017","4","",10337,172037,173056,171687,1946739699,99481723,1154275,869,"",1.00,1.00,1.00,1.00,1.00,1.00,1.00,1.00,"",70,0.7,1586,0.9,1684,1.0,2455,1.5,98063890,5.3,4862340,5.1,-157544,-12.0,34,4.1
"C4522","1","10","41","0","2017","4","",73,2051,2021,2051,37596960,0,0,1417,"",1.18,0.62,0.61,0.62,0.70,0.00,0.00,1.14,"",0,0.0,21,1.0,-26,-1.3,-32,-1.5,1492123,4.1,0,0.0,0,0.0,64,4.7
"C4522","2","10","41","0","2017","4","",237,38594,38849,38828,466480277,0,0,926,"",3.27,6.99,7.01,7.09,7.34,0.00,0.00,1.04,"",-5,-2.1,200,0.5,380,1.0,655,1.7,21210750,4.8,0,0.0,0,0.0,33,3.7
"C4522","3","10","41","0","2017","4","",55,14840,14797,14415,159279256,0,0,834,"",0.31,0.87,0.86,0.85,0.95,0.00,0.00,1.11,"",1,1.9,-273,-1.8,-375,-2.5,-646,-4.3,416840,0.3,0,0.0,0,0.0,26,3.2
"C4522","5","10","41","0","2017","4","",9972,116552,117389,116393,1283383206,99481723,1154275,845,"",0.99,0.80,0.80,0.80,0.77,1.03,1.01,0.97,"",74,0.7,1638,1.4,1705,1.5,2478,2.2,74944177,6.2,4862340,5.1,-157544,-12.0,36,4.4
"C4530","0","10","40","0","2017","4","",89777,1267804,1285005,1289194,16491060069,937486015,10562991,991,"",1.00,1.00,1.00,1.00,1.00,1.00,1.00,1.00,"",1710,1.9,15245,1.2,17702,1.4,15074,1.2,729700956,4.6,13600870,1.5,-2742417,-20.6,32,3.3
"C4530","1","10","41","0","2017","4","",239,23171,23157,23461,467874851,0,0,1547,"",0.44,0.95,0.94,0.94,1.03,0.00,0.00,1.09,"",1,0.4,150,0.7,-20,-0.1,-133,-0.6,36479641,8.5,0,0.0,0,0.0,121,8.5
"C4530","2","10","41","0","2017","4","",216,22742,22744,22805,276727632,0,0,935,"",0.34,0.56,0.55,0.55,0.51,0.00,0.00,0.93,"",-6,-2.7,3545,18.5,3540,18.4,3612,18.8,42948988,18.4,0,0.0,0,0.0,-2,-0.2
"C4530","3","10","41","0","2017","4","",131,102139,102183,102886,1211852921,2337728,8090,910,"",0.09,0.81,0.80,0.81,0.85,0.13,0.15,1.06,"",-2,-1.5,-4281,-4.0,-4368,-4.1,-3718,-3.5,-9059877,-0.7,89167,4.0,-16844,-67.6,28,3.2
"C4530","5","10","41","0","2017","4","",89191,1119752,1136921,1140042,14534604665,935148287,10554901,987,"",1.02,1.04,1.04,1.04,1.03,1.03,1.01,0.99,"",1717,2.0,15831,1.4,18550,1.7,15313,1.4,659332204,4.8,13511703,1.5,-2725573,-20.5,30,3.1
"C4534","0","10","80","0","2017","4","",1285,10573,10848,11217,88531877,27057069,440975,626,"",1.00,1.00,1.00,1.00,1.00,1.00,1.00,1.00,"",-1,-0.1,214,2.1,220,2.1,-18,-0.2,4030930,4.8,1157837,4.5,-165938,-27.3,21,3.5
"C4538","0","10","80","0","2017","4","",688,10017,10156,10224,94812113,8557103,227698,720,"",1.00,1.00,1.00,1.00,1.00,1.00,1.00,1.00,"",-77,-10.1,-342,-3.3,-198,-1.9,-182,-1.7,2499832,2.7,442527,5.5,-5595,-2.4,35,5.1
"C4546","0","10","40","0","2017","4","",3576,66851,67138,67281,665282620,57625250,1028389,763,"",1.00,1.00,1.00,1.00,1.00,1.00,1.00,1.00,"",1,0.0,-283,-0.4,-309,-0.5,-158,-0.2,20484088,3.2,3729340,6.9,-93532,-8.3,26,3.5
"C4546","1","10","41","0","2017","4","",60,1260,1267,1264,20681697,0,0,1259,"",2.80,0.98,0.99,0.98,1.13,0.00,0.00,1.15,"",1,1.7,-16,-1.3,2,0.2,-16,-1.2,259606,1.3,0,0.0,0,0.0,26,2.1
"C4546","2","10","41","0","2017","4","",59,3375,3413,3393,33375132,0,0,757,"",2.35,1.57,1.59,1.58,1.54,0.00,0.00,0.97,"",1,1.7,-78,-2.3,-50,-1.4,-47,-1.4,866823,2.7,0,0.0,0,0.0,33,4.6
"C4546","3","10","41","0","2017","4","",107,6836,6852,6943,57964059,361573,4421,648,"",1.76,1.03,1.03,1.04,1.01,0.32,0.82,0.98,"",1,0.9,11,0.2,-30,-0.4,88,1.3,2445559,4.4,35250,10.8,-1349,-23.4,25,4.0
"C4546","5","10","41","0","2017","4","",3350,55380,55606,55681,553261732,57263677,1023968,766,"",0.97,0.98,0.97,0.97,0.97,1.03,1.00,1.00,"",-2,-0.1,-200,-0.4,-231,-0.4,-183,-0.3,16912100,3.2,3694090,6.9,-92183,-8.3,26,3.5
"C4550","0","10","40","0","2017","4","",3568,57665,58148,58281,610372842,53055452,1108639,809,"",1.00,1.00,1.00,1.00,1.00,1.00,1.00,1.00,"",25,0.7,-855,-1.5,-654,-1.1,-482,-0.8,7916675,1.3,3041120,6.1,74938,7.2,19,2.4
"C4550","1","10","41","0","2017","4","",56,3780,3802,3814,58077148,0,0,1176,"",2.62,3.41,3.42,3.40,3.46,0.00,0.00,1.02,"",-1,-1.8,-201,-5.0,-176,-4.4,-144,-3.6,-954878,-1.6,0,0.0,0,0.0,33,2.9
"C4550","2","10","41","0","2017","4","",49,1929,1916,1901,20948143,0,0,841,"",1.96,1.04,1.03,1.02,1.05,0.00,0.00,1.02,"",-3,-5.8,-38,-1.9,-60,-3.0,-74,-3.7,809865,4.0,0,0.0,0,0.0,56,7.1
"C4550","3","10","41","0","2017","4","",99,7101,7157,7137,65905149,631001,4348,711,"",1.63,1.24,1.24,1.24,1.26,0.60,0.75,1.01,"",-1,-1.0,-14,-0.2,-8,-0.1,-27,-0.4,625948,1.0,-106733,-14.5,-8889,-67.2,8,1.1
"C4550","5","10","41","0","2017","4","",3364,44855,45273,45429,465442402,52424451,1104291,792,"",0.97,0.92,0.92,0.92,0.89,1.02,1.00,0.97,"",30,0.9,-602,-1.3,-410,-0.9,-237,-0.5,7435740,1.6,3147853,6.4,83827,8.2,19,2.5
"C4552","0","10","80","0","2017","4","",1048,11108,11161,11034,112727004,41626243,859540,781,"",1.00,1.00,1.00,1.00,1.00,1.00,1.00,1.00,"",30,2.9,-165,-1.5,-110,-1.0,-38,-0.3,2235939,2.0,3092967,8.0,85359,11.0,22,2.9
"C4554","0","10","40","0","2017","4","",1847,28810,29247,29678,306642097,21982151,254073,807,"",1.00,1.00,1.00,1.00,1.00,1.00,1.00,1.00,"",67,3.8,1470,5.4,1505,5.4,1691,6.0,33283283,12.2,3410051,18.4,24824,10.8,48,6.3
"C4554","1","10","41","0","2017","4","",13,1666,1650,1650,29131976,0,0,1354,"",1.17,3.00,2.95,2.89,3.46,0.00,0.00,1.17,"",0,0.0,-28,-1.7,-44,-2.6,-97,-5.6,2469246,9.3,0,0.0,0,0.0,156,13.0
"C4554","2","10","41","0","2017","4","",24,779,781,787,6921658,0,0,681,"",1.85,0.84,0.83,0.83,0.69,0.00,0.00,0.83,"",-2,-7.7,6,0.8,-3,-0.4,3,0.4,626484,10.0,0,0.0,0,0.0,60,9.7
"C4554","3","10","41","0","2017","4","",13,2675,2706,2700,23259345,38177,405,664,"",0.41,0.94,0.93,0.92,0.88,0.09,0.30,0.95,"",0,0.0,70,2.7,100,3.8,84,3.2,1251160,5.7,1863,5.1,6,1.5,15,2.3
"C4554","5","10","41","0","2017","4","",1797,23690,24110,24541,247329118,21943974,253668,789,"",1.00,0.97,0.97,0.97,0.94,1.03,1.01,0.97,"",69,4.0,1422,6.4,1452,6.4,1701,7.4,28936393,13.2,3408188,18.4,24818,10.8,45,6.0
"C4558","0","10","80","0","2017","4","",448,6475,6538,6550,60990688,4400472,65858,719,"",1.00,1.00,1.00,1.00,1.00,1.00,1.00,1.00,"",-44,-8.9,13,0.2,75,1.2,74,1.1,2937133,5.1,-561480,-11.3,-23189,-26.0,28,4.1
"C4562","0","10","80","0","2017","4","",1418,20508,20275,20305,229210169,19887793,305707,866,"",1.00,1.00,1.00,1.00,1.00,1.00,1.00,1.00,"",-102,-6.7,-836,-3.9,-1059,-5.0,-759,-3.6,813852,0.4,-1127814,-5.4,-91450,-23.0,39,4.7
"C4566","0","10","80","0","2017","4","",1155,19551,19581,19500,182218984,11556283,279709,717,"",1.00,1.00,1.00,1.00,1.00,1.00,1.00,1.00,"",-19,-1.6,300,1.6,416,2.2,294,1.5,6188717,3.5,-23226,-0.2,52161,22.9,12,1.7
"C4570","0","10","80","0","2017","4","",1068,19510,19703,19726,198698768,18256339,220399,778,"",1.00,1.00,1.00,1.00,1.00,1.00,1.00,1.00,"",-141,-11.7,273,1.4,147,0.8,438,2.3,10787486,5.7,598400,3.4,-8229,-3.6,31,4.1
"C4574","0","10","80","0","2017","4","",552,9109,9135,9094,93645029,8106093,149990,790,"",1.00,1.00,1.00,1.00,1.00,1.00,1.00,1.00,"",-66,-10.7,-132,-1.4,-103,-1.1,10,0.1,3366732,3.7,-114572,-1.4,-28181,-15.8,34,4.5
"C4578","0","10","40","0","2017","4","",14299,295573,297681,296454,3467796843,226579724,6513220,899,"",1.00,1.00,1.00,1.00,1.00,1.00,1.00,1.00,"",165,1.2,-1314,-0.4,-61,0.0,-740,-0.2,73826387,2.2,9322124,4.3,1078541,19.8,21,2.4
"C4578","1","10","41","0","2017","4","",91,2108,2118,2142,36353163,0,0,1317,"",1.06,0.37,0.37,0.38,0.38,0.00,0.00,1.02,"",1,1.1,-2,-0.1,-4,-0.2,-17,-0.8,-189022,-0.5,0,0.0,0,0.0,-2,-0.2
"C4578","2","10","41","0","2017","4","",54,10475,10496,10386,151509140,0,0,1115,"",0.54,1.10,1.10,1.10,1.34,0.00,0.00,1.22,"",0,0.0,-135,-1.3,-88,-0.8,-151,-1.4,-18218008,-10.7,0,0.0,0,0.0,-119,-9.6
"C4578","3","10","41","0","2017","4","",473,27153,27191,26970,311255019,634239,14360,883,"",1.95,0.93,0.92,0.92,1.04,0.14,0.42,1.13,"",3,0.6,-183,-0.7,-132,-0.5,-34,-0.1,-1484320,-0.5,-14645,-2.3,1706,13.5,-1,-0.1
"C4578","5","10","41","0","2017","4","",13681,255837,257876,256956,2968679521,225945485,6498860,889,"",0.99,1.02,1.02,1.02,1.00,1.03,1.00,0.98,"",161,1.2,-994,-0.4,163,0.1,-538,-0.2,93717737,3.3,9336769,4.3,1076835,19.9,30,3.5
"C4582","0","10","40","0","2017","4","",6224,109400,109754,109203,1189662513,180450977,1818034,836,"",1.00,1.00,1.00,1.00,1.00,1.00,1.00,1.00,"",-188,-2.9,-1436,-1.3,-1453,-1.3,-1319,-1.2,8884124,0.8,-794143,-0.4,-66742,-3.5,17,2.1
"C4582","1","10","41","0","2017","4","",94,3429,3460,3483,58228870,0,0,1296,"",2.52,1.63,1.65,1.66,1.78,0.00,0.00,1.08,"",-2,-2.1,-55,-1.6,-34,-1.0,-20,-0.6,170123,0.3,0,0.0,0,0.0,18,1.4
"C4582","2","10","41","0","2017","4","",111,8014,7998,8000,99796402,8094,16,959,"",2.55,2.28,2.27,2.30,2.57,0.00,0.01,1.12,"",7,6.7,-113,-1.4,-165,-2.0,-251,-3.0,-1813919,-1.8,-11528,-58.8,-23,-59.0,4,0.4
"C4582","3","10","41","0","2017","4","",190,14992,14993,14910,130433483,64213731,101667,670,"",1.80,1.38,1.38,1.38,1.28,17.98,10.63,0.92,"",0,0.0,-118,-0.8,-98,-0.6,-122,-0.8,3146826,2.5,1347778,2.1,-8876,-8.0,21,3.2
"C4582","5","10","41","0","2017","4","",5829,82965,83303,82810,901203758,116229152,1716351,835,"",0.97,0.89,0.89,0.89,0.89,0.67,0.95,0.99,"",-193,-3.2,-1150,-1.4,-1156,-1.4,-926,-1.1,7381094,0.8,-2130393,-1.8,-57843,-3.3,17,2.1
"C4586","0","10","80","0","2017","4","",6038,60408,60670,61174,744100624,74432293,2564321,942,"",1.00,1.00,1.00,1.00,1.00,1.00,1.00,1.00,"",79,1.3,-971,-1.6,-997,-1.6,98,0.2,9481160,1.3,-339958,-0.5,-161089,-5.9,21,2.3
"C4590","0","10","80","0","2017","4","",4742,65728,64257,63665,729022401,44441656,1407091,869,"",1.00,1.00,1.00,1.00,1.00,1.00,1.00,1.00,"",65,1.4,432,0.7,-12,0.0,200,0.3,22162291,3.1,-2086426,-4.5,-176941,-11.2,24,2.8
"C4594","0","10","40","0","2017","4","",11162,251395,252320,253435,4448642348,541920325,10305356,1356,"",1.00,1.00,1.00,1.00,1.00,1.00,1.00,1.00,"",-3,0.0,2864,1.2,1325,0.5,1433,0.6,54365216,1.2,13078185,2.5,-334812,-3.1,7,0.5
"C4594","1","10","41","0","2017","4","",51,2306,2276,2306,47803413,0,0,1602,"",0.76,0.48,0.47,0.47,0.39,0.00,0.00,0.83,"",0,0.0,-18,-0.8,-20,-0.9,-54,-2.3,280388,0.6,0,0.0,0,0.0,31,2.0
"C4594","2","10","41","0","2017","4","",115,51776,51835,52520,942708504,170429,1192,1393,"",1.47,6.42,6.41,6.50,6.49,0.02,0.09,1.01,"",0,0.0,1594,3.2,1481,2.9,1562,3.1,23586532,2.6,-75994,-30.8,-533,-30.9,-7,-0.5
"C4594","3","10","41","0","2017","4","",116,17101,17257,17317,302827367,3197051,22672,1352,"",0.61,0.69,0.69,0.69,0.79,0.30,0.42,1.15,"",1,0.9,-179,-1.0,-78,-0.4,-88,-0.5,3706207,1.2,-48718,-1.5,-433,-1.9,25,1.9
"C4594","5","10","41","0","2017","4","",10880,180212,180952,181292,3155303064,538552845,10281492,1342,"",1.00,0.84,0.84,0.84,0.83,1.03,1.00,0.98,"",-4,0.0,1467,0.8,-58,0.0,13,0.0,26792089,0.9,13202897,2.5,-333846,-3.1,8,0.6
"C4598","0","10","80","0","2017","4","",704,14512,14430,14421,146183007,9865950,162236,778,"",1.00,1.00,1.00,1.00,1.00,1.00,1.00,1.00,"",6,0.9,520,3.7,289,2.0,458,3.3,139473,0.1,337498,3.5,-13689,-7.8,-23,-2.9
"C4602","0","10","80","0","2017","4","",3679,31013,31194,31864,374879595,21934791,941277,920,"",1.00,1.00,1.00,1.00,1.00,1.00,1.00,1.00,"",85,2.4,415,1.4,347,1.1,590,1.9,22765333,6.5,2191931,11.1,34200,3.8,44,5.0
"C4606","0","10","40","0","2017","4","",18829,367654,370603,372474,4294495562,239543669,5138212,892,"",1.00,1.00,1.00,1.00,1.00,1.00,1.00,1.00,"",186,1.0,4768,1.3,4665,1.3,5049,1.4,209337593,5.1,8031871,3.5,-60408,-1.2,32,3.7
"C4606","1","10","41","0","2017","4","",105,12796,12708,12752,249672701,0,0,1506,"",0.93,1.81,1.79,1.78,2.12,0.00,0.00,1.18,"",-2,-1.9,25,0.2,-36,-0.3,-87,-0.7,8311956,3.4,0,0.0,0,0.0,54,3.7
"C4606","2","10","41","0","2017","4","",43,17654,17742,17642,252075072,0,0,1097,"",0.33,1.50,1.49,1.49,1.80,0.00,0.00,1.21,"",-1,-2.3,635,3.7,569,3.3,637,3.7,12828346,5.4,0,0.0,0,0.0,19,1.8
"C4606","3","10","41","0","2017","4","",84,40244,40622,40771,450837371,2260913,40637,855,"",0.26,1.10,1.10,1.11,1.22,0.48,1.50,1.10,"",-1,-1.2,73,0.2,22,0.1,188,0.5,14262958,3.3,72624,3.3,-10364,-20.3,25,3.0
"C4606","5","10","41","0","2017","4","",18597,296960,299531,301309,3341910418,237282756,5097575,859,"",1.02,0.95,0.95,0.95,0.91,1.02,1.00,0.96,"",190,1.0,4035,1.4,4110,1.4,4311,1.5,173934333,5.5,7959247,3.5,-50044,-1.0,33,4.0
"C4610","0","10","80","0","2017","4","",2175,40102,40229,40207,444199753,29253236,312277,850,"",1.00,1.00,1.00,1.00,1.00,1.00,1.00,1.00,"",30,1.4,145,0.4,135,0.3,144,0.4,12517478,2.9,-5395932,-15.6,-131534,-29.6,21,2.5
"C4614","0","10","40","0","2017","4","",28534,428953,431319,433190,5273696157,719517823,7339233,941,"",1.00,1.00,1.00,1.00,1.00,1.00,1.00,1.00,"",756,2.7,3947,0.9,4287,1.0,5889,1.4,209784890,4.1,43717629,6.5,987724,15.6,28,3.1
"C4614","1","10","41","0","2017","4","",154,4727,4722,4735,85731713,0,0,1395,"",0.90,0.57,0.57,0.57,0.59,0.00,0.00,1.04,"",-2,-1.3,49,1.0,14,0.3,-51,-1.1,2642232,3.2,0,0.0,0,0.0,42,3.1
"C4614","2","10","41","0","2017","4","",101,6006,5953,5931,52695301,5114317,2709,680,"",0.51,0.44,0.43,0.43,0.31,0.56,0.28,0.71,"",-1,-1.0,-25,-0.4,-130,-2.1,-140,-2.3,53081,0.1,335193,7.0,-6963,-72.0,12,1.8
"C4614","3","10","41","0","2017","4","",506,43111,43439,43806,428323343,15706878,69247,758,"",1.04,1.01,1.01,1.02,0.94,1.10,1.79,0.93,"",-3,-0.6,166,0.4,365,0.8,155,0.4,4421597,1.0,-714530,-4.4,-15079,-17.9,4,0.5
"C4614","5","10","41","0","2017","4","",27773,375109,377205,378718,4706945800,698696628,7267277,960,"",1.00,1.03,1.03,1.03,1.05,1.00,1.00,1.01,"",762,2.8,3757,1.0,4038,1.1,5925,1.6,202667980,4.5,44096966,6.7,1009766,16.1,30,3.2
"C4618","0","10","80","0","2017","4","",3375,72473,73020,73251,696168728,94037017,560368,734,"",1.00,1.00,1.00,1.00,1.00,1.00,1.00,1.00,"",3,0.1,-64,-0.1,140,0.2,-103,-0.1,8160568,1.2,-1224411,-1.3,-176422,-23.9,8,1.1
"C4622","0","10","40","0","2017","4","",5240,100816,100728,100542,1180376582,69799497,1038597,902,"",1.00,1.00,1.00,1.00,1.00,1.00,1.00,1.00,"",85,1.6,2270,2.3,1649,1.7,2064,2.1,71314380,6.4,3597564,5.4,-28352,-2.7,38,4.4
"C4622","1","10","41","0","2017","4","",51,1979,1964,1974,32980233,0,0,1286,"",1.62,1.02,1.02,1.02,1.02,0.00,0.00,1.00,"",-2,-3.8,45,2.3,37,1.9,15,0.8,1401767,4.4,0,0.0,0,0.0,34,2.7
"C4622","2","10","41","0","2017","4","",58,9542,9554,9634,149068034,0,0,1197,"",1.58,2.95,2.96,3.00,3.87,0.00,0.00,1.30,"",-3,-4.9,209,2.2,176,1.9,98,1.0,6403429,4.5,0,0.0,0,0.0,31,2.7
"C4622","3","10","41","0","2017","4","",120,13226,13206,13243,145187177,398336,3403,844,"",1.35,1.32,1.32,1.33,1.43,0.29,0.62,1.08,"",-1,-0.8,-52,-0.4,-114,-0.9,-71,-0.5,1131412,0.8,25997,7.0,-2715,-44.4,11,1.3
"C4622","5","10","41","0","2017","4","",5011,76069,76004,75691,853141138,69401161,1035194,864,"",0.99,0.89,0.89,0.89,0.85,1.03,1.00,0.95,"",91,1.8,2068,2.8,1550,2.1,2022,2.7,62377772,7.9,3571567,5.4,-25637,-2.4,42,5.1
"C4630","0","10","80","0","2017","4","",3636,49999,49737,49124,453722418,201354937,2286663,703,"",1.00,1.00,1.00,1.00,1.00,1.00,1.00,1.00,"",39,1.1,1576,3.3,1853,3.9,1737,3.7,30715511,7.3,8905886,4.6,-28276,-1.2,24,3.5
"C4634","0","10","40","0","2017","4","",6265,104165,104796,104992,1224882470,89248347,1738900,900,"",1.00,1.00,1.00,1.00,1.00,1.00,1.00,1.00,"",145,2.4,1860,1.8,2055,2.0,1781,1.7,70984039,6.2,5303929,6.3,253193,17.0,36,4.2
"C4634","1","10","41","0","2017","4","",29,626,627,623,11707600,0,0,1440,"",0.77,0.31,0.31,0.31,0.35,0.00,0.00,1.12,"",-2,-6.5,-14,-2.2,-4,-0.6,-35,-5.3,84242,0.7,0,0.0,0,0.0,49,3.5
"C4634","2","10","41","0","2017","4","",30,4128,4149,4108,55844603,0,0,1041,"",0.68,1.23,1.24,1.23,1.40,0.00,0.00,1.13,"",-1,-3.2,140,3.5,137,3.4,105,2.6,3535187,6.8,0,0.0,0,0.0,35,3.5
"C4634","3","10","41","0","2017","4","",65,9527,9685,9726,93975272,354541,348,749,"",0.61,0.92,0.93,0.94,0.89,0.20,0.04,0.96,"",1,1.6,3,0.0,0,0.0,23,0.2,1737623,1.9,-104576,-22.8,-8368,-96.0,13,1.8
"C4634","5","10","41","0","2017","4","",6141,89884,90335,90535,1063354995,88893806,1738552,906,"",1.01,1.02,1.01,1.01,1.02,1.03,1.01,1.00,"",147,2.5,1731,2.0,1922,2.2,1688,1.9,65626987,6.6,5408505,6.5,261561,17.7,39,4.5
"C4638","0","10","80","0","2017","4","",4227,32551,31925,32201,332411139,20620399,856187,793,"",1.00,1.00,1.00,1.00,1.00,1.00,1.00,1.00,"",112,2.7,486,1.5,388,1.2,654,2.1,25583484,8.3,1100698,5.6,-17100,-2.0,49,6.6
"C4646","0","10","80","0","2017","4","",870,11629,11660,11703,107783529,9599138,139826,711,"",1.00,1.00,1.00,1.00,1.00,1.00,1.00,1.00,"",-1,-0.1,-107,-0.9,-120,-1.0,-39,-0.3,1778758,1.7,-370908,-3.7,-21882,-13.5,17,2.4
"C4650","0","10","80","0","2017","4","",692,10879,10914,10863,116831568,8151747,205647,826,"",1.00,1.00,1.00,1.00,1.00,1.00,1.00,1.00,"",-1,-0.1,166,1.5,135,1.3,193,1.8,8179830,7.5,1413097,21.0,66852,48.2,46,5.9
"C4652","0","10","40","0","2017","4","",26102,474011,477635,481040,6390820241,1773680672,17617849,1029,"",1.00,1.00,1.00,1.00,1.00,1.00,1.00,1.00,"",435,1.7,304,0.1,-370,-0.1,890,0.2,223156285,3.6,75635623,4.5,1550522,9.7,35,3.5
"C4652","1","10","41","0","2017","4","",193,30625,30793,30924,623954282,0,0,1559,"",1.23,3.36,3.37,3.34,3.55,0.00,0.00,1.06,"",-9,-4.5,71,0.2,-51,-0.2,-59,-0.2,12989390,2.1,0,0.0,0,0.0,33,2.2
"C4652","2","10","41","0","2017","4","",328,54211,55153,55492,662752973,0,0,928,"",1.79,3.56,3.60,3.62,3.18,0.00,0.00,0.88,"",1,0.3,-51,-0.1,321,0.6,194,0.4,26051686,4.1,0,0.0,0,0.0,34,3.8
"C4652","3","10","41","0","2017","4","",29,12167,12188,12309,212464559,0,0,1337,"",0.07,0.26,0.26,0.26,0.39,0.00,0.00,1.50,"",1,3.6,-41,-0.3,-32,-0.3,161,1.3,7592661,3.7,0,0.0,0,0.0,44,3.4
"C4652","5","10","41","0","2017","4","",25552,377008,379501,382315,4891648427,1773680672,17617849,991,"",1.01,0.94,0.94,0.94,0.90,1.03,1.01,0.96,"",442,1.8,325,0.1,-608,-0.2,594,0.2,176522548,3.7,75635623,4.5,1550522,9.7,35,3.7
"C4654","0","10","40","0","2017","4","",6567,124093,123836,123036,1328434419,80661978,2269221,826,"",1.00,1.00,1.00,1.00,1.00,1.00,1.00,1.00,"",-35,-0.5,554,0.4,107,0.1,830,0.7,51792275,4.1,-292490,-0.4,-457960,-16.8,29,3.6
"C4654","1","10","41","0","2017","4","",85,2382,2387,2380,41812203,0,0,1350,"",2.16,1.00,1.01,1.00,1.15,0.00,0.00,1.14,"",-1,-1.2,-36,-1.5,-8,-0.3,-41,-1.7,1024540,2.5,0,0.0,0,0.0,49,3.8
"C4654","2","10","41","0","2017","4","",154,7226,7225,7207,115724996,0,0,1233,"",3.35,1.81,1.82,1.84,2.67,0.00,0.00,1.46,"",7,4.8,252,3.6,324,4.7,268,3.9,14783720,14.6,0,0.0,0,0.0,114,10.2
"C4654","3","10","41","0","2017","4","",204,21162,21210,21288,220926676,224283,3704,801,"",1.83,1.72,1.72,1.75,1.93,0.14,0.31,1.12,"",-2,-1.0,-55,-0.3,-452,-2.1,-110,-0.5,2753998,1.3,1092,0.5,-2165,-36.9,18,2.3
"C4654","5","10","41","0","2017","4","",6124,93323,93014,92161,949970544,80437695,2265517,787,"",0.96,0.89,0.88,0.88,0.84,1.03,1.00,0.95,"",-39,-0.6,393,0.4,243,0.3,713,0.8,33230017,3.6,-293582,-0.4,-455795,-16.7,24,3.1
"C4662","0","10","80","0","2017","4","",712,9878,9802,9658,89366281,6934174,124307,703,"",1.00,1.00,1.00,1.00,1.00,1.00,1.00,1.00,"",-19,-2.6,-111,-1.1,-287,-2.8,-261,-2.6,5339409,6.4,-869631,-11.1,-12007,-8.8,57,8.8
"C4666","0","10","40","0","2017","4","",3196,54192,54791,54349,522760866,53247203,960781,739,"",1.00,1.00,1.00,1.00,1.00,1.00,1.00,1.00,"",-280,-8.1,-1112,-2.0,-767,-1.4,-982,-1.8,31743777,6.5,443587,0.8,21519,2.3,57,8.4
"C4666","1","10","41","0","2017","4","",51,1160,1176,1181,13741817,0,0,902,"",2.66,1.11,1.12,1.13,0.96,0.00,0.00,0.85,"",-13,-20.3,-7,-0.6,-6,-0.5,5,0.4,607305,4.6,0,0.0,0,0.0,42,4.9
"C4666","2","10","41","0","2017","4","N",62,0,0,0,0,0,0,0,"N",2.77,0,0,0,0,0,0,0,"N",2,3.3,0,0,0,0,0,0,0,0,0,0,0,0,0,0
"C4666","3","10","41","0","2017","4","N",52,0,0,0,0,0,0,0,"N",0.96,0,0,0,0,0,0,0,"N",2,4.0,0,0,0,0,0,0,0,0,0,0,0,0,0,0
"C4666","5","10","41","0","2017","4","",3031,41924,42491,42134,392360099,53003773,959650,715,"",0.98,0.91,0.91,0.91,0.88,1.03,1.01,0.96,"",-271,-8.2,-1093,-2.5,-771,-1.8,-988,-2.3,27641652,7.6,365953,0.7,21522,2.3,65,10.0
"C4670","0","10","40","0","2017","4","",11499,140546,141068,141151,2045125062,88355133,3836402,1116,"",1.00,1.00,1.00,1.00,1.00,1.00,1.00,1.00,"",505,4.6,2890,2.1,2821,2.0,2920,2.1,119754463,6.2,-1193684,-1.3,-370898,-8.8,43,4.0
"C4670","1","10","41","0","2017","4","",54,3603,3598,3634,66752003,0,0,1422,"",0.78,1.33,1.33,1.34,1.19,0.00,0.00,0.89,"",1,1.9,-114,-3.1,-139,-3.7,-118,-3.1,135845,0.2,0,0.0,0,0.0,50,3.6
"C4670","2","10","41","0","2017","4","",244,5907,5937,5914,96546909,0,0,1255,"",3.03,1.31,1.31,1.31,1.45,0.00,0.00,1.10,"",-2,-0.8,-57,-1.0,-9,-0.2,-229,-3.7,1461396,1.5,0,0.0,0,0.0,40,3.3
"C4670","3","10","41","0","2017","4","",229,15875,15887,15708,243833091,214114,10069,1185,"",1.17,1.14,1.13,1.12,1.39,0.12,0.50,1.22,"",-5,-2.1,84,0.5,-43,-0.3,-226,-1.4,3316204,1.4,45463,27.0,1030,11.4,20,1.7
"C4670","5","10","41","0","2017","4","",10972,115161,115646,115895,1637993059,88141019,3826333,1090,"",0.98,0.96,0.96,0.97,0.94,1.03,1.00,0.97,"",511,4.9,2977,2.7,3012,2.7,3493,3.1,114841018,7.5,-1239147,-1.4,-371928,-8.9,48,4.6
"C4674","0","10","80","0","2017","4","",602,8417,8459,8495,82393621,5686680,73476,749,"",1.00,1.00,1.00,1.00,1.00,1.00,1.00,1.00,"",-5,-0.8,305,3.8,308,3.8,237,2.9,5386436,7.0,198544,3.6,-11847,-13.9,24,3.3
"C4678","0","10","80","0","2017","4","",627,11276,11210,11187,109341332,7995943,229687,749,"",1.00,1.00,1.00,1.00,1.00,1.00,1.00,1.00,"",-2,-0.3,384,3.5,400,3.7,284,2.6,9044233,9.0,830818,11.6,57230,33.2,39,5.5
"C4682","0","10","80","0","2017","4","",391,5947,5967,5917,55746087,5288498,35783,721,"",1.00,1.00,1.00,1.00,1.00,1.00,1.00,1.00,"",17,4.5,223,3.9,222,3.9,248,4.4,3288734,6.3,124618,2.4,1062,3.1,15,2.1
"C4686","0","10","80","0","2017","4","",1248,12631,12627,12641,145655613,38976698,388594,887,"",1.00,1.00,1.00,1.00,1.00,1.00,1.00,1.00,"",-8,-0.6,519,4.3,508,4.2,572,4.7,13989675,10.6,5247091,15.6,170693,78.3,50,6.0
"C4690","0","10","80","0","2017","4","",338,5866,5910,5946,54356475,3450611,59912,708,"",1.00,1.00,1.00,1.00,1.00,1.00,1.00,1.00,"",-8,-2.3,-75,-1.3,-36,-0.6,-2,0.0,-1111652,-2.0,-28107,-0.8,-3564,-5.6,-10,-1.4
"C4698","0","10","80","0","2017","4","",1263,23437,23369,23509,269305247,27644988,227457,884,"",1.00,1.00,1.00,1.00,1.00,1.00,1.00,1.00,"",-8,-0.6,-272,-1.1,-225,-1.0,-19,-0.1,6863889,2.6,-495391,-1.8,-31704,-12.2,29,3.4
"C4702","0","10","40","0","2017","4","",2655,39474,39820,39938,462982105,33137212,769071,896,"",1.00,1.00,1.00,1.00,1.00,1.00,1.00,1.00,"",-1,0.0,-791,-2.0,-670,-1.7,-464,-1.1,10803765,2.4,1148373,3.6,126844,19.8,35,4.1
"C4702","1","10","41","0","2017","4","",25,203,201,201,3352733,0,0,1279,"",1.57,0.27,0.26,0.26,0.26,0.00,0.00,1.00,"",-1,-3.8,-7,-3.3,-5,-2.4,-10,-4.7,5239,0.2,0,0.0,0,0.0,47,3.8
"C4702","2","10","41","0","2017","4","",26,293,290,295,4430717,0,0,1165,"",1.40,0.23,0.23,0.23,0.29,0.00,0.00,1.27,"",0,0.0,-11,-3.6,-14,-4.6,-8,-2.6,632449,16.7,0,0.0,0,0.0,203,21.1
"C4702","3","10","41","0","2017","4","",76,6574,6614,6614,69446863,176854,172,809,"",1.68,1.68,1.67,1.67,1.74,0.27,0.04,1.04,"",8,11.8,-89,-1.3,-82,-1.2,-76,-1.1,506342,0.7,-68384,-27.9,-4483,-96.3,15,1.9
"C4702","5","10","41","0","2017","4","",2528,32404,32715,32828,385751792,32960358,768899,909,"",0.98,0.97,0.97,0.97,0.98,1.03,1.01,1.01,"",-8,-0.3,-684,-2.1,-569,-1.7,-370,-1.1,9659735,2.6,1216757,3.8,131327,20.6,37,4.2
"C4708","0","10","80","0","2017","4","",813,13079,13301,13218,111351286,10997405,203607,649,"",1.00,1.00,1.00,1.00,1.00,1.00,1.00,1.00,"",-108,-11.7,61,0.5,115,0.9,207,1.6,-1348141,-1.2,-101781,-0.9,-29984,-12.8,-14,-2.1
"C4718","0","10","80","0","2017","4","",944,17369,17502,17510,175404859,11958765,219675,773,"",1.00,1.00,1.00,1.00,1.00,1.00,1.00,1.00,"",3,0.3,-246,-1.4,-74,-0.4,-106,-0.6,1729164,1.0,42164,0.4,-31869,-12.7,14,1.8
"C4722","0","10","40","0","2017","4","",3148,59894,59742,59395,714554307,181138587,4176203,921,"",1.00,1.00,1.00,1.00,1.00,1.00,1.00,1.00,"",-12,-0.4,-576,-1.0,-294,-0.5,-100,-0.2,7298078,1.0,9246167,5.4,206387,5.2,14,1.5
"C4722","1","10","41","0","2017","4","",31,607,590,593,9988749,0,0,1288,"",1.64,0.53,0.52,0.52,0.51,0.00,0.00,0.98,"",0,0.0,-35,-5.5,-46,-7.2,-36,-5.7,-113786,-1.1,0,0.0,0,0.0,65,5.3
"C4722","2","10","41","0","2017","4","",31,2285,2264,2293,46989825,26456,185,1585,"",1.41,1.19,1.18,1.21,2.01,0.01,0.03,1.69,"",0,0.0,-175,-7.1,-173,-7.1,-163,-6.6,-3180681,-6.3,6613,33.3,46,33.1,10,0.6
"C4722","3","10","41","0","2017","4","",84,8342,8431,8520,119568515,3908466,28154,1091,"",1.57,1.41,1.42,1.45,1.95,1.09,1.28,1.37,"",0,0.0,-112,-1.3,-150,-1.7,-102,-1.2,-1286590,-1.1,221982,6.0,2071,7.9,4,0.4
"C4722","5","10","41","0","2017","4","",3002,48660,48457,47989,538007218,177203665,4147864,856,"",0.98,0.96,0.95,0.95,0.88,1.01,1.00,0.92,"",-12,-0.4,-254,-0.5,75,0.2,201,0.4,11879135,2.3,9017572,5.4,204270,5.2,19,2.3
"C4724","0","10","80","0","2017","4","",1297,8746,7758,7713,113513116,23708438,388370,1082,"",1.00,1.00,1.00,1.00,1.00,1.00,1.00,1.00,"",35,2.8,73,0.8,-10,-0.1,15,0.2,4196036,3.8,868167,3.8,-11987,-3.0,37,3.5
"C4726","0","10","40","0","2017","4","",41996,745545,747598,750703,9048540877,534486533,9261830,931,"",1.00,1.00,1.00,1.00,1.00,1.00,1.00,1.00,"",1005,2.5,7502,1.0,6948,0.9,10881,1.5,274018997,3.1,33079209,6.6,-424092,-4.4,18,2.0
"C4726","1","10","41","0","2017","4","",373,57135,57492,57687,1153745079,0,0,1545,"",1.48,3.98,4.02,3.99,4.64,0.00,0.00,1.16,"",-3,-0.8,-313,-0.5,-230,-0.4,-102,-0.2,25065915,2.2,0,0.0,0,0.0,39,2.6
"C4726","2","10","41","0","2017","4","",292,20383,20485,20588,235064493,0,0,883,"",0.99,0.85,0.86,0.86,0.80,0.00,0.00,0.93,"",14,5.0,-186,-0.9,-96,-0.5,-38,-0.2,-2464195,-1.0,0,0.0,0,0.0,-4,-0.5
"C4726","3","10","41","0","2017","4","",513,81484,83141,82353,894646888,1799969,11085,836,"",0.72,1.10,1.12,1.11,1.15,0.17,0.23,1.04,"",1,0.2,345,0.4,872,1.1,343,0.4,13225085,1.5,222337,14.1,-7377,-40.0,7,0.8
"C4726","5","10","41","0","2017","4","",40818,586543,586480,590075,6765084417,532686564,9250745,885,"",1.00,0.93,0.92,0.92,0.88,1.03,1.01,0.95,"",993,2.5,7656,1.3,6402,1.1,10678,1.8,238192192,3.6,32856872,6.6,-416715,-4.3,19,2.2
"C4730","0","10","40","0","2017","4","",10511,161424,162609,159382,1698319906,155731396,7795917,811,"",1.00,1.00,1.00,1.00,1.00,1.00,1.00,1.00,"",525,5.3,1059,0.7,2143,1.3,-355,-0.2,88873517,5.5,-1130309,-0.7,-46473,-0.6,38,4.9
"C4730","1","10","41","0","2017","4","",50,1138,983,970,14707343,0,0,1098,"",0.79,0.37,0.32,0.32,0.32,0.00,0.00,0.95,"",0,0.0,41,3.7,-2,-0.2,-3,-0.3,396642,2.8,0,0.0,0,0.0,17,1.6
"C4730","2","10","41","0","2017","4","",75,1870,1877,1877,22505869,0,0,923,"",1.02,0.36,0.36,0.37,0.41,0.00,0.00,1.12,"",12,19.0,-24,-1.3,-20,-1.1,22,1.2,1124643,5.3,0,0.0,0,0.0,49,5.6
"C4730","3","10","41","0","2017","4","",317,29798,30028,29747,400639244,735148,33202,1032,"",1.77,1.86,1.86,1.89,2.74,0.24,0.81,1.47,"",-2,-0.6,396,1.3,359,1.2,-215,-0.7,17757520,4.6,-173708,-19.1,-12878,-27.9,40,4.0
"C4730","5","10","41","0","2017","4","",10069,128618,129721,126788,1260467450,154996248,7762715,755,"",0.99,0.94,0.94,0.94,0.87,1.03,1.00,0.93,"",515,5.4,646,0.5,1806,1.4,-159,-0.1,69594712,5.8,-956601,-0.6,-33595,-0.4,37,5.2
"C4734","0","10","80","0","2017","4","",733,12396,12327,12302,111301216,7961958,127517,694,"",1.00,1.00,1.00,1.00,1.00,1.00,1.00,1.00,"",-10,-1.3,-192,-1.5,-220,-1.8,-212,-1.7,2908270,2.7,627907,8.6,-16571,-11.5,30,4.5
"C4738","0","10","40","0","2017","4","",5588,115311,116163,116482,1359343741,94868988,1833978,902,"",1.00,1.00,1.00,1.00,1.00,1.00,1.00,1.00,"",130,2.4,218,0.2,344,0.3,407,0.4,71746392,5.6,4934924,5.5,138048,8.1,46,5.4
"C4738","1","10","41","0","2017","4","",52,2756,2763,2779,45816617,0,0,1274,"",1.55,1.24,1.24,1.24,1.23,0.00,0.00,0.99,"",-1,-1.9,79,3.0,50,1.8,50,1.8,3111049,7.3,0,0.0,0,0.0,60,4.9
"C4738","2","10","41","0","2017","4","",47,2720,2730,2729,34255242,0,0,967,"",1.20,0.73,0.73,0.73,0.77,0.00,0.00,1.05,"",-4,-7.8,-136,-4.8,-141,-4.9,-124,-4.3,13221,0.0,0,0.0,0,0.0,46,5.0
"C4738","3","10","41","0","2017","4","",147,12935,13005,12969,135413007,308992,304,803,"",1.55,1.13,1.13,1.13,1.16,0.16,0.03,1.03,"",-3,-2.0,195,1.5,171,1.3,130,1.0,4967595,3.8,-59137,-16.1,-6685,-95.7,19,2.4
"C4738","5","10","41","0","2017","4","",5342,96900,97665,98005,1143858875,94559996,1833674,902,"",0.99,0.99,0.99,0.99,0.99,1.03,1.01,0.99,"",138,2.7,80,0.1,264,0.3,351,0.4,63654527,5.9,4994061,5.6,144733,8.6,48,5.6
"C4742","0","10","80","0","2017","4","",833,10117,9652,9477,103259411,28445248,368796,815,"",1.00,1.00,1.00,1.00,1.00,1.00,1.00,1.00,"",-7,-0.8,-371,-3.5,-341,-3.4,-264,-2.7,-4023379,-3.8,-3949614,-12.2,24671,7.2,-4,-0.5
"C4746","0","10","40","0","2017","4","",2340,29530,29424,27454,322808021,112711880,1046901,862,"",1.00,1.00,1.00,1.00,1.00,1.00,1.00,1.00,"",-39,-1.6,-26,-0.1,366,1.3,245,0.9,15705675,5.1,11537321,11.4,31171,3.1,36,4.4
"C4746","1","10","41","0","2017","4","",25,1514,1515,1524,26799094,0,0,1358,"",1.78,2.66,2.69,2.88,3.02,0.00,0.00,1.10,"",0,0.0,110,7.8,89,6.2,110,7.8,2622165,10.8,0,0.0,0,0.0,43,3.3
"C4746","2","10","41","0","2017","4","",37,1854,1865,1748,25991728,0,0,1097,"",2.26,1.96,1.98,2.00,2.47,0.00,0.00,1.25,"",-1,-2.6,57,3.2,64,3.6,94,5.7,2392026,10.1,0,0.0,0,0.0,60,5.8
"C4746","3","10","41","0","2017","4","",42,2881,2909,2875,30748202,1014952,4927,819,"",1.06,0.98,1.00,1.06,1.11,0.45,0.89,1.10,"",0,0.0,48,1.7,15,0.5,23,0.8,226803,0.7,-123697,-10.9,-1784,-26.6,-2,-0.2
"C4746","5","10","41","0","2017","4","",2236,23281,23135,21307,239268997,111696928,1041974,815,"",0.99,0.93,0.93,0.91,0.87,1.02,1.00,0.94,"",-38,-1.7,-241,-1.0,198,0.9,18,0.1,10464681,4.6,11661018,11.7,32955,3.3,36,4.6
"C4754","0","10","80","0","2017","4","",1068,21523,21567,21683,246203111,15062124,349737,877,"",1.00,1.00,1.00,1.00,1.00,1.00,1.00,1.00,"",16,1.5,487,2.3,436,2.1,518,2.4,11542530,4.9,1963575,15.0,115680,49.4,22,2.6
"C4758","0","10","40","0","2017","4","",3353,72242,72305,72734,813308341,50922187,793327,864,"",1.00,1.00,1.00,1.00,1.00,1.00,1.00,1.00,"",-324,-8.8,921,1.3,694,1.0,1311,1.8,18690273,2.4,-13349,0.0,-73578,-8.5,9,1.1
"C4758","1","10","41","0","2017","4","",50,14754,14868,15010,284942804,0,0,1473,"",2.49,10.61,10.74,10.71,12.75,0.00,0.00,1.19,"",-13,-20.6,13,0.1,101,0.7,276,1.9,9802254,3.6,0,0.0,0,0.0,38,2.6
"C4758","2","10","41","0","2017","4","",57,2332,2118,2077,19858952,336064,1,702,"",2.43,1.01,0.91,0.90,0.75,0.52,0.00,0.80,"",0,0.0,130,5.9,113,5.6,121,6.2,1601381,8.8,67608,25.2,0,0.0,18,2.6
"C4758","3","10","41","0","2017","4","",106,9892,9883,9834,95349262,118084,2200,743,"",1.86,1.38,1.38,1.37,1.36,0.12,0.53,0.99,"",-9,-7.8,-128,-1.3,-117,-1.2,-62,-0.6,2484570,2.7,221,0.2,173,8.5,27,3.8
"C4758","5","10","41","0","2017","4","",3140,45264,45436,45813,413157323,50468039,791126,698,"",0.97,0.74,0.74,0.74,0.59,1.02,1.00,0.80,"",-302,-8.8,906,2.0,597,1.3,976,2.2,4802068,1.2,-81178,-0.2,-73751,-8.5,-5,-0.7
"C4762","0","10","80","0","2017","4","",1070,14555,14575,14648,151149362,9354606,480948,797,"",1.00,1.00,1.00,1.00,1.00,1.00,1.00,1.00,"",-27,-2.5,-176,-1.2,-147,-1.0,-76,-0.5,-1105892,-0.7,-776482,-7.7,-22982,-4.6,2,0.3
"C4766","0","10","80","0","2017","4","",1171,15900,15903,15563,139453938,14726568,235703,679,"",1.00,1.00,1.00,1.00,1.00,1.00,1.00,1.00,"",48,4.3,-128,-0.8,19,0.1,-94,-0.6,-73543,-0.1,39149,0.3,-61909,-20.8,2,0.3
"C4770","0","10","80","0","2017","4","",1944,38144,38264,38065,463686644,33662676,582595,935,"",1.00,1.00,1.00,1.00,1.00,1.00,1.00,1.00,"",39,2.0,302,0.8,315,0.8,246,0.7,17046452,3.8,2641493,8.5,24795,4.4,28,3.1
"C4778","0","10","80","0","2017","4","",903,11632,11633,11707,110229384,9475943,131096,727,"",1.00,1.00,1.00,1.00,1.00,1.00,1.00,1.00,"",10,1.1,216,1.9,251,2.2,27,0.2,5927731,5.7,-81263,-0.9,-40446,-23.6,29,4.2
"C4782","0","10","80","0","2017","4","",1217,15855,15908,16068,151946635,35393544,342975,733,"",1.00,1.00,1.00,1.00,1.00,1.00,1.00,1.00,"",34,2.9,-300,-1.9,-446,-2.7,-267,-1.6,1904988,1.3,2763830,8.5,-148580,-30.2,24,3.4
"C4790","0","10","40","0","2017","4","",195869,3137548,3150467,3147392,60337309915,2161992340,42404970,1476,"",1.00,1.00,1.00,1.00,1.00,1.00,1.00,1.00,"",3938,2.1,34417,1.1,30138,1.0,25003,0.8,2231590556,3.8,-46572095,-2.1,-6104938,-12.6,41,2.9
"C4790","1","10","41","0","2017","4","",1184,365587,365177,365214,10136671441,0,0,2134,"",1.01,6.05,6.06,6.02,6.11,0.00,0.00,1.01,"",0,0.0,-2589,-0.7,-3841,-1.0,-4974,-1.3,224912878,2.3,0,0.0,0,0.0,68,3.3
"C4790","2","10","41","0","2017","4","N",389,0,0,0,0,0,0,0,"N",0.28,0,0,0,0,0,0,0,"N",22,6.0,0,0,0,0,0,0,0,0,0,0,0,0,0,0
"C4790","3","10","41","0","2017","4","N",1641,0,0,0,0,0,0,0,"N",0.49,0,0,0,0,0,0,0,"N",0,0.0,0,0,0,0,0,0,0,0,0,0,0,0,0,0
"C4790","5","10","41","0","2017","4","",192655,2445183,2454904,2455630,45338668753,2104407979,42372327,1422,"",1.01,0.92,0.92,0.92,0.88,1.01,1.01,0.96,"",3916,2.1,35139,1.5,31542,1.3,29835,1.2,1937112720,4.5,-45660617,-2.1,-6097046,-12.6,42,3.0
"C4792","0","10","80","0","2017","4","",667,11742,11967,11903,103806540,11116670,271604,673,"",1.00,1.00,1.00,1.00,1.00,1.00,1.00,1.00,"",-1,-0.1,-282,-2.3,-264,-2.2,-381,-3.1,2005165,2.0,-980329,-8.1,-10574,-3.7,30,4.7
"C4794","0","10","40","0","2017","4","",4885,88089,88356,88480,1107196115,186351629,3328088,964,"",1.00,1.00,1.00,1.00,1.00,1.00,1.00,1.00,"",-17,-0.3,164,0.2,320,0.4,582,0.7,45782390,4.3,4949725,2.7,-4657,-0.1,36,3.9
"C4794","1","10","41","0","2017","4","",44,606,607,619,9651789,0,0,1216,"",1.50,0.36,0.36,0.36,0.32,0.00,0.00,0.88,"",0,0.0,-28,-4.4,-22,-3.5,-35,-5.4,-66175,-0.7,0,0.0,0,0.0,46,3.9
"C4794","2","10","41","0","2017","4","",55,2651,2651,2664,37789279,11247,11,1095,"",1.61,0.94,0.94,0.94,1.05,0.00,0.00,1.11,"",1,1.9,-36,-1.3,-53,-2.0,-53,-2.0,-474941,-1.2,52,0.5,0,0.0,6,0.6
"C4794","3","10","41","0","2017","4","",131,9397,9450,9353,100279940,912753,1189,821,"",1.58,1.08,1.08,1.07,1.05,0.25,0.07,0.98,"",-2,-1.5,-73,-0.8,-43,-0.5,-117,-1.2,2000926,2.0,1542,0.2,-529,-30.8,23,2.9
"C4794","5","10","41","0","2017","4","",4655,75435,75648,75844,959475107,185427629,3326888,976,"",0.98,1.01,1.01,1.01,1.01,1.03,1.01,1.01,"",-16,-0.3,301,0.4,438,0.6,787,1.0,44322580,4.8,4948131,2.7,-4128,-0.1,39,4.2
"C4798","0","10","80","0","2017","4","",1220,15941,15983,16065,160566641,17410737,142726,772,"",1.00,1.00,1.00,1.00,1.00,1.00,1.00,1.00,"",-24,-1.9,-6,0.0,101,0.6,263,1.7,9126135,6.0,1099309,6.7,19911,16.2,38,5.2
"C4802","0","10","80","0","2017","4","",2121,32904,32753,32952,345247854,34269770,691056,808,"",1.00,1.00,1.00,1.00,1.00,1.00,1.00,1.00,"",93,4.6,414,1.3,345,1.1,614,1.9,12489777,3.8,975552,2.9,-94009,-12.0,18,2.3
"C4806","0","10","40","0","2017","4","",2881,41537,41468,41252,424278051,30583878,954391,788,"",1.00,1.00,1.00,1.00,1.00,1.00,1.00,1.00,"",9,0.3,-391,-0.9,86,0.2,299,0.7,13711214,3.3,2195258,7.7,-8814,-0.9,26,3.4
"C4806","1","10","41","0","2017","4","",63,2963,3103,3122,40898783,0,0,1027,"",3.65,3.71,3.91,3.93,3.51,0.00,0.00,0.91,"",0,0.0,-42,-1.4,17,0.6,0,0.0,628818,1.6,0,0.0,0,0.0,18,1.8
"C4806","2","10","41","0","2017","4","",55,1638,1606,1616,29309366,0,0,1392,"",2.72,1.23,1.21,1.23,2.12,0.00,0.00,1.73,"",2,3.8,-17,-1.0,-3,-0.2,13,0.8,1471644,5.3,0,0.0,0,0.0,72,5.5
"C4806","3","10","41","0","2017","4","",103,6927,7181,7034,69757543,264710,11182,761,"",2.10,1.68,1.74,1.72,1.91,0.44,2.23,1.11,"",0,0.0,-84,-1.2,241,3.5,96,1.4,2170419,3.2,47947,22.1,1790,19.1,14,1.9
"C4806","5","10","41","0","2017","4","",2660,30009,29578,29480,284312359,30319168,943209,737,"",0.95,0.85,0.84,0.84,0.78,1.02,0.99,0.93,"",7,0.3,-248,-0.8,-169,-0.6,190,0.6,9440333,3.4,2147311,7.6,-10604,-1.1,27,3.8
"C4810","0","10","80","0","2017","4","",557,6897,7113,7905,63103522,5183520,74358,664,"",1.00,1.00,1.00,1.00,1.00,1.00,1.00,1.00,"",-7,-1.2,134,2.0,92,1.3,176,2.3,3695461,6.2,508169,10.9,-7059,-8.7,27,4.2
"C4814","0","10","40","0","2017","4","",3523,71060,71470,71843,821000528,69675462,1372639,884,"",1.00,1.00,1.00,1.00,1.00,1.00,1.00,1.00,"",96,2.8,11,0.0,180,0.3,600,0.8,33100113,4.2,1660602,2.4,-379478,-21.7,33,3.9
"C4814","1","10","41","0","2017","4","",25,401,394,388,5927575,0,0,1156,"",1.18,0.29,0.29,0.28,0.26,0.00,0.00,0.91,"",0,0.0,6,1.5,0,0.0,-24,-5.8,-236903,-3.8,0,0.0,0,0.0,-28,-2.4
"C4814","2","10","41","0","2017","4","",15,348,332,336,3814269,0,0,866,"",0.61,0.15,0.15,0.15,0.14,0.00,0.00,0.96,"",0,0.0,-13,-3.6,-32,-8.8,-20,-5.6,-28759,-0.7,0,0.0,0,0.0,46,5.6
"C4814","3","10","41","0","2017","4","",129,6722,6747,6872,65416876,15296,166,742,"",2.15,0.95,0.95,0.97,0.93,0.01,0.02,0.97,"",0,0.0,-106,-1.6,-372,-5.2,-91,-1.3,712767,1.1,-61617,-80.1,-913,-84.6,28,3.9
"C4814","5","10","41","0","2017","4","",3354,63589,63997,64247,745841808,69660166,1372473,897,"",0.98,1.05,1.05,1.05,1.06,1.03,1.01,1.01,"",96,2.9,124,0.2,584,0.9,735,1.2,32653008,4.6,1722219,2.5,-378565,-21.6,33,3.8
"C4818","0","10","80","0","2017","4","",1241,19470,19627,19651,174490762,20766678,295769,685,"",1.00,1.00,1.00,1.00,1.00,1.00,1.00,1.00,"",-121,-8.9,-102,-0.5,-24,-0.1,-176,-0.9,4059366,2.4,3357431,19.3,24369,9.0,19,2.9
"C4822","0","10","80","0","2017","4","",986,12815,12837,12921,147388629,22852503,174802,882,"",1.00,1.00,1.00,1.00,1.00,1.00,1.00,1.00,"",-6,-0.6,650,5.3,497,4.0,529,4.3,23550414,19.0,3482579,18.0,51960,42.3,107,13.8
"C4826","0","10","40","0","2017","4","",2561,38142,38015,37705,392046583,31292590,957954,795,"",1.00,1.00,1.00,1.00,1.00,1.00,1.00,1.00,"",-9,-0.4,-391,-1.0,-581,-1.5,-611,-1.6,11753712,3.1,1701183,5.7,177882,22.8,35,4.6
"C4826","1","10","41","0","2017","4","",35,259,251,247,3544770,0,0,1081,"",2.28,0.35,0.35,0.34,0.33,0.00,0.00,0.95,"",0,0.0,3,1.2,-8,-3.1,-14,-5.4,-102504,-2.8,0,0.0,0,0.0,-4,-0.4
"C4826","2","10","41","0","2017","4","",32,366,363,365,3125819,0,0,659,"",1.78,0.30,0.30,0.30,0.24,0.00,0.00,0.81,"",1,3.2,-8,-2.1,-3,-0.8,2,0.6,-337016,-9.7,0,0.0,0,0.0,-65,-9.0
"C4826","3","10","41","0","2017","4","",189,5133,5207,5065,44816483,414912,6507,671,"",4.34,1.36,1.38,1.36,1.33,0.67,1.29,0.97,"",-4,-2.1,77,1.5,24,0.5,-29,-0.6,722469,1.6,27670,7.1,-247,-3.7,7,1.1
"C4826","5","10","41","0","2017","4","",2305,32384,32194,32028,340559511,30877678,951447,814,"",0.93,1.00,1.00,1.00,1.02,1.02,1.00,1.02,"",-6,-0.3,-463,-1.4,-594,-1.8,-570,-1.7,11470763,3.5,1673513,5.7,178129,23.0,41,5.3
"C4830","0","10","40","0","2017","4","",4637,58845,54528,52688,558724199,248564185,3355270,776,"",1.00,1.00,1.00,1.00,1.00,1.00,1.00,1.00,"",-70,-1.5,2515,4.5,1539,2.9,1781,3.5,52402553,10.3,26046600,11.7,114476,3.5,47,6.4
"C4830","1","10","41","0","2017","4","",50,935,796,760,14651180,0,0,1357,"",1.80,0.83,0.76,0.75,0.95,0.00,0.00,1.22,"",1,2.0,12,1.3,-42,-5.0,3,0.4,702140,5.0,0,0.0,0,0.0,79,6.2
"C4830","2","10","41","0","2017","4","",47,1248,1240,1116,16459135,0,0,1054,"",1.45,0.66,0.71,0.66,0.90,0.00,0.00,1.33,"",2,4.4,-133,-9.6,31,2.6,27,2.5,1092489,7.1,0,0.0,0,0.0,90,9.3
"C4830","3","10","41","0","2017","4","",99,7203,7215,7202,96673210,5698384,60260,1032,"",1.26,1.24,1.33,1.38,2.01,1.16,3.41,1.53,"",0,0.0,159,2.3,62,0.9,151,2.1,5862818,6.5,135397,2.4,-3394,-5.3,46,4.7
"C4830","5","10","41","0","2017","4","",4441,49459,45277,43610,430940674,242865801,3295010,719,"",0.99,0.99,0.98,0.97,0.90,1.01,0.99,0.92,"",-73,-1.6,2477,5.3,1488,3.4,1600,3.8,44745106,11.6,25911203,11.9,117870,3.7,48,7.2
"C4846","0","10","80","0","2017","4","",1290,14940,15001,15057,125813561,15776510,206156,645,"",1.00,1.00,1.00,1.00,1.00,1.00,1.00,1.00,"",57,4.6,-21,-0.1,42,0.3,32,0.2,4366714,3.6,1379278,9.6,-46628,-18.4,21,3.4
"C4854","0","10","40","0","2017","4","",3776,64610,64981,64924,741941198,59763635,2042071,880,"",1.00,1.00,1.00,1.00,1.00,1.00,1.00,1.00,"",39,1.0,1566,2.5,1598,2.5,1828,2.9,90110308,13.8,9712174,19.4,760409,59.3,86,10.8
"C4854","1","10","41","0","2017","4","",50,588,590,587,10595500,0,0,1385,"",2.21,0.47,0.47,0.47,0.52,0.00,0.00,1.10,"",0,0.0,-17,-2.8,-8,-1.3,-32,-5.2,161982,1.6,0,0.0,0,0.0,64,4.8
"C4854","2","10","41","0","2017","4","",61,2033,2019,2017,20192181,0,0,768,"",2.31,0.98,0.97,0.97,0.83,0.00,0.00,0.86,"",5,8.9,49,2.5,53,2.7,93,4.8,-1426904,-6.6,-37925,-100.0,-796,-100.0,-81,-9.5
"C4854","3","10","41","0","2017","4","",182,6721,6700,6783,61143324,366526,7244,698,"",2.84,1.05,1.04,1.06,0.96,0.31,0.67,0.91,"",0,0.0,-206,-3.0,-118,-1.7,21,0.3,1457755,2.4,42919,13.3,1225,20.4,26,3.9
"C4854","5","10","41","0","2017","4","",3483,55268,55672,55537,650010193,59397109,2034827,901,"",0.95,1.01,1.01,1.01,1.03,1.03,1.00,1.02,"",34,1.0,1740,3.3,1671,3.1,1746,3.2,89917475,16.1,9707180,19.5,759980,59.6,100,12.5
"C4858","0","10","80","0","2017","4","",2893,42014,41399,41379,412722104,47701479,959556,763,"",1.00,1.00,1.00,1.00,1.00,1.00,1.00,1.00,"",153,5.6,600,1.4,356,0.9,816,2.0,14224371,3.6,3832813,8.7,-171128,-15.1,15,2.0
"C4862","0","10","40","0","2017","4","",15503,291247,292801,292844,3377320970,619161484,5234730,889,"",1.00,1.00,1.00,1.00,1.00,1.00,1.00,1.00,"",-331,-2.1,-2192,-0.7,-1252,-0.4,-111,0.0,37118773,1.1,-10416371,-1.7,-595253,-10.2,14,1.6
"C4862","1","10","41","0","2017","4","",129,4781,4769,4806,85392884,0,0,1373,"",1.39,0.85,0.85,0.85,0.92,0.00,0.00,1.08,"",-4,-3.0,74,1.6,64,1.4,63,1.3,2530667,3.1,0,0.0,0,0.0,22,1.6
"C4862","2","10","41","0","2017","4","",81,4693,4676,4677,61620502,2455,53,1012,"",0.75,0.50,0.50,0.50,0.56,0.00,0.01,1.12,"",7,9.5,297,6.8,265,6.0,398,9.3,-4751134,-7.2,992,67.8,52,5200.0,-158,-13.5
"C4862","3","10","41","0","2017","4","",294,31719,31824,31559,297174530,288837641,395660,721,"",1.12,1.10,1.09,1.09,1.02,23.57,14.36,0.93,"",2,0.7,188,0.6,240,0.8,160,0.5,11425460,4.0,10966264,3.9,-29271,-6.9,23,3.3
"C4862","5","10","41","0","2017","4","",14999,250054,251532,251802,2933133054,330321388,4839017,898,"",1.00,1.01,1.01,1.01,1.02,0.55,0.93,1.00,"",-336,-2.2,-2751,-1.1,-1821,-0.7,-732,-0.3,27913780,1.0,-21383627,-6.1,-566034,-10.5,14,1.6
"C4866","0","10","40","0","2017","4","",3675,57531,58238,58344,583952368,44778788,905629,774,"",1.00,1.00,1.00,1.00,1.00,1.00,1.00,1.00,"",62,1.7,1562,2.8,1993,3.5,1710,3.0,22754886,4.1,1184377,2.7,137525,17.9,7,0.9
"C4866","1","10","41","0","2017","4","",53,1875,1883,1872,26382693,0,0,1081,"",2.40,1.69,1.69,1.67,1.64,0.00,0.00,0.98,"",0,0.0,-13,-0.7,-12,-0.6,-42,-2.2,884993,3.5,0,0.0,0,0.0,48,4.6
"C4866","2","10","41","0","2017","4","",37,3042,3078,3095,34934388,0,0,875,"",1.44,1.65,1.65,1.66,1.83,0.00,0.00,1.11,"",-1,-2.6,-79,-2.5,-61,-1.9,-61,-1.9,-546749,-1.5,0,0.0,0,0.0,5,0.6
"C4866","3","10","41","0","2017","4","",134,7128,7181,7158,69404043,210054,203,746,"",2.15,1.25,1.24,1.24,1.38,0.24,0.04,1.11,"",-8,-5.6,-34,-0.5,-11,-0.2,3,0.0,265829,0.4,-139080,-39.8,-6424,-96.9,4,0.5
"C4866","5","10","41","0","2017","4","",3451,45486,46096,46219,453231244,44568734,905426,759,"",0.97,0.93,0.93,0.93,0.91,1.03,1.01,0.98,"",71,2.1,1688,3.9,2077,4.7,1810,4.1,22150813,5.1,1323457,3.1,143949,18.9,7,0.9
"C4870","0","10","40","0","2017","4","",3143,51716,52139,51527,582774290,39122887,2318850,866,"",1.00,1.00,1.00,1.00,1.00,1.00,1.00,1.00,"",-11,-0.3,383,0.7,484,0.9,201,0.4,37222363,6.8,5876921,17.7,383455,19.8,50,6.1
"C4870","1","10","41","0","2017","4","",37,361,363,365,5972625,0,0,1266,"",1.96,0.36,0.36,0.37,0.37,0.00,0.00,1.02,"",-1,-2.6,-1,-0.3,1,0.3,2,0.6,210033,3.6,0,0.0,0,0.0,43,3.5
"C4870","2","10","41","0","2017","4","",22,2935,3109,2644,41293328,0,0,1097,"",1.00,1.77,1.86,1.61,2.17,0.00,0.00,1.24,"",-1,-4.3,1,0.0,134,4.5,-83,-3.0,1048661,2.6,0,0.0,0,0.0,22,2.0
"C4870","3","10","41","0","2017","4","",167,3961,4048,4013,42465954,38852,1615,815,"",3.13,0.77,0.78,0.79,0.85,0.05,0.13,1.08,"",3,1.8,-120,-2.9,-92,-2.2,-93,-2.3,-936490,-2.2,-8007,-17.1,-327,-16.8,2,0.2
"C4870","5","10","41","0","2017","4","",2917,44459,44619,44505,493042383,39084035,2317235,852,"",0.96,1.01,1.01,1.02,0.99,1.03,1.01,0.98,"",-12,-0.4,503,1.1,441,1.0,375,0.8,36900159,8.1,5884928,17.7,383782,19.8,56,7.0
"C4878","0","10","80","0","2017","4","",2105,28282,28088,28170,545618130,137402748,6097030,1489,"",1.00,1.00,1.00,1.00,1.00,1.00,1.00,1.00,"",-64,-3.0,2299,8.8,2047,7.9,2513,9.8,78741722,16.9,15889158,13.1,3271392,115.8,102,7.4
"C4882","0","10","80","0","2017","4","",1383,24685,24578,24724,256338409,73882321,776319,800,"",1.00,1.00,1.00,1.00,1.00,1.00,1.00,1.00,"",52,3.9,948,4.0,955,4.0,1073,4.5,12339140,5.1,5496500,8.0,-73009,-8.6,7,0.9
"C4890","0","10","40","0","2017","4","",9421,123657,124135,123179,1378933390,250485296,2562261,858,"",1.00,1.00,1.00,1.00,1.00,1.00,1.00,1.00,"",248,2.7,2300,1.9,1542,1.3,1486,1.2,33384385,2.5,11472697,4.8,-1258237,-32.9,9,1.1
"C4890","1","10","41","0","2017","4","",45,1074,1073,1076,19198931,0,0,1375,"",0.80,0.45,0.45,0.45,0.51,0.00,0.00,1.12,"",0,0.0,52,5.1,30,2.9,25,2.4,478662,2.6,0,0.0,0,0.0,-11,-0.8
"C4890","2","10","41","0","2017","4","",40,5284,5367,5319,65062835,7463,128,940,"",0.61,1.33,1.35,1.35,1.45,0.00,0.04,1.07,"",0,0.0,-32,-0.6,111,2.1,80,1.5,733272,1.1,-6915,-48.1,-16,-11.1,1,0.1
"C4890","3","10","41","0","2017","4","",127,16283,16493,16294,196537070,78431,563,924,"",0.79,1.33,1.34,1.34,1.66,0.02,0.04,1.24,"",2,1.6,315,2.0,10,0.1,287,1.8,4901147,2.6,44813,133.3,163,40.8,11,1.2
"C4890","5","10","41","0","2017","4","",9209,101016,101202,100490,1098134554,250399402,2561570,837,"",1.01,0.96,0.96,0.96,0.93,1.03,1.01,0.97,"",246,2.7,1965,2.0,1391,1.4,1094,1.1,27271304,2.5,11434799,4.8,-1258384,-32.9,8,1.0
"C4894","0","10","80","0","2017","4","",834,17488,17545,17593,202438272,11612006,273489,888,"",1.00,1.00,1.00,1.00,1.00,1.00,1.00,1.00,"",20,2.5,66,0.4,18,0.1,48,0.3,11516638,6.0,-874286,-7.0,17826,7.0,49,5.8
"C4898","0","10","80","0","2017","4","",1916,36679,36691,36847,399334407,69367339,815304,836,"",1.00,1.00,1.00,1.00,1.00,1.00,1.00,1.00,"",41,2.2,-472,-1.3,-368,-1.0,-456,-1.2,10079790,2.6,208390,0.3,-404176,-33.1,30,3.7
"C4902","0","10","40","0","2017","4","",3927,61270,61485,61199,698939813,44307807,643034,877,"",1.00,1.00,1.00,1.00,1.00,1.00,1.00,1.00,"",129,3.4,1147,1.9,912,1.5,1280,2.1,40961703,6.2,452973,1.0,-150565,-19.0,36,4.3
"C4902","1","10","41","0","2017","4","",41,2325,2365,2366,52068599,0,0,1703,"",1.74,1.97,2.01,2.01,2.71,0.00,0.00,1.36,"",2,5.1,271,13.2,294,14.2,297,14.4,8911343,20.6,0,0.0,0,0.0,95,5.9
"C4902","2","10","41","0","2017","4","",51,1408,1418,1423,12120778,0,0,658,"",1.85,0.72,0.72,0.73,0.53,0.00,0.00,0.74,"",2,4.1,1,0.1,16,1.1,8,0.6,-494446,-3.9,0,0.0,0,0.0,-31,-4.5
"C4902","3","10","41","0","2017","4","",79,5907,5955,5954,63403770,384923,5006,821,"",1.18,0.97,0.98,0.98,1.05,0.44,1.48,1.08,"",3,3.9,-1,0.0,-31,-0.5,-45,-0.8,2194662,3.6,106454,38.2,1331,36.2,32,4.1
"C4902","5","10","41","0","2017","4","",3756,51630,51747,51456,571346666,43922884,638028,852,"",0.99,0.99,0.99,0.99,0.96,1.02,1.00,0.97,"",122,3.4,876,1.7,633,1.2,1020,2.0,30350144,5.6,346519,0.8,-151896,-19.2,32,3.9
"C4908","0","10","80","0","2017","4","",495,7609,7543,7459,108062767,19229532,363330,1103,"",1.00,1.00,1.00,1.00,1.00,1.00,1.00,1.00,"",-13,-2.6,-36,-0.5,-48,-0.6,-67,-0.9,3917849,3.8,1478617,8.3,46650,14.7,47,4.5
"C4910","0","10","80","0","2017","4","",1168,24895,24994,24811,267488411,58156830,620209,826,"",1.00,1.00,1.00,1.00,1.00,1.00,1.00,1.00,"",34,3.0,-131,-0.5,1,0.0,70,0.3,15751016,6.3,2614611,4.7,9537,1.6,49,6.3
"C4918","0","10","40","0","2017","4","",14337,259342,260251,260723,3158375326,477425311,4908622,934,"",1.00,1.00,1.00,1.00,1.00,1.00,1.00,1.00,"",68,0.5,1814,0.7,1951,0.8,2300,0.9,177953350,6.0,674310,0.1,-2616319,-34.8,46,5.2
"C4918","1","10","41","0","2017","4","",67,1931,1957,1983,34577160,0,0,1359,"",0.78,0.39,0.39,0.39,0.40,0.00,0.00,1.02,"",0,0.0,-54,-2.7,24,1.2,33,1.7,306355,0.9,0,0.0,0,0.0,11,0.8
"C4918","2","10","41","0","2017","4","",77,5333,5410,5306,56597696,19025,190,814,"",0.77,0.64,0.65,0.64,0.55,0.00,0.03,0.85,"",-2,-2.5,-91,-1.7,-54,-1.0,-108,-2.0,-1936539,-3.3,19025,100.0,190,100.0,-15,-1.8
"C4918","3","10","41","0","2017","4","",276,24038,24096,24138,244990855,39029,177,782,"",1.13,0.94,0.93,0.94,0.90,0.00,0.01,0.97,"",11,4.2,28,0.1,33,0.1,128,0.5,7082687,3.0,-3903,-9.1,-327,-64.9,20,2.6
"C4918","5","10","41","0","2017","4","",13917,228040,228788,229296,2822209615,477367257,4908255,949,"",1.00,1.03,1.03,1.03,1.05,1.03,1.01,1.01,"",59,0.4,1931,0.9,1948,0.9,2247,1.0,172500847,6.5,659188,0.1,-2616182,-34.8,50,5.6
"C4922","0","10","80","0","2017","4","",2011,38826,38613,38410,435515337,37774568,844430,868,"",1.00,1.00,1.00,1.00,1.00,1.00,1.00,1.00,"",58,3.0,299,0.8,7,0.0,42,0.1,10029406,2.4,1738576,4.8,-141727,-14.4,18,2.1
"C4926","0","10","80","0","2017","4","",842,8890,8896,8953,108283841,17028865,227897,935,"",1.00,1.00,1.00,1.00,1.00,1.00,1.00,1.00,"",1,0.1,280,3.3,174,2.0,218,2.5,9286642,9.4,3129066,22.5,112934,98.2,59,6.7
"C4930","0","10","80","0","2017","4","",2725,48858,48708,48666,562121263,33336704,872540,887,"",1.00,1.00,1.00,1.00,1.00,1.00,1.00,1.00,"",8,0.3,837,1.7,601,1.2,722,1.5,38169294,7.3,3943150,13.4,328868,60.5,48,5.7
"C4934","0","10","40","0","2017","4","",28378,390680,391909,392736,5373744262,770899018,14425348,1055,"",1.00,1.00,1.00,1.00,1.00,1.00,1.00,1.00,"",748,2.7,6218,1.6,5476,1.4,7269,1.9,230711427,4.5,35503230,4.8,-249296,-1.7,29,2.8
"C4934","1","10","41","0","2017","4","",164,3321,3315,3313,55790973,0,0,1294,"",0.96,0.44,0.44,0.44,0.38,0.00,0.00,0.86,"",0,0.0,61,1.9,57,1.7,-18,-0.5,542200,1.0,0,0.0,0,0.0,-1,-0.1
"C4934","2","10","41","0","2017","4","N",341,0,0,0,0,0,0,0,"N",1.71,0,0,0,0,0,0,0,"N",47,16.0,0,0,0,0,0,0,0,0,0,0,0,0,0,0
"C4934","3","10","41","0","2017","4","N",864,0,0,0,0,0,0,0,"N",1.79,0,0,0,0,0,0,0,"N",15,1.8,0,0,0,0,0,0,0,0,0,0,0,0,0,0
"C4934","5","10","41","0","2017","4","",27009,331733,332336,332963,4504051719,442540471,13674579,1042,"",0.98,1.00,1.00,1.00,0.98,0.59,0.95,0.98,"",686,2.6,5147,1.6,5525,1.7,6049,1.9,200234992,4.7,16857654,4.0,9721,0.1,29,2.9
"C4938","0","10","80","0","2017","4","",623,10462,10570,10520,113174647,27260143,242274,828,"",1.00,1.00,1.00,1.00,1.00,1.00,1.00,1.00,"",17,2.8,-100,-0.9,-25,-0.2,44,0.4,336733,0.3,541200,2.0,28830,13.5,5,0.6
"C4942","0","10","40","0","2017","4","",7749,121832,111862,106682,1142820709,526643296,7205533,775,"",1.00,1.00,1.00,1.00,1.00,1.00,1.00,1.00,"",-59,-0.8,4522,3.9,5744,5.4,4481,4.4,99267741,9.5,62242408,13.4,558964,8.4,35,4.7
"C4942","1","10","41","0","2017","4","",56,1253,1217,1218,20034625,0,0,1254,"",1.20,0.53,0.57,0.59,0.64,0.00,0.00,1.13,"",0,0.0,-1,-0.1,-23,-1.9,-8,-0.7,765969,4.0,0,0.0,0,0.0,59,4.9
"C4942","2","10","41","0","2017","4","",42,2761,2741,2557,37049277,0,0,1061,"",0.77,0.71,0.76,0.75,0.99,0.00,0.00,1.34,"",1,2.4,45,1.7,55,2.0,-40,-1.5,2742820,8.0,0,0.0,0,0.0,71,7.2
"C4942","3","10","41","0","2017","4","",92,14134,14150,14055,160944074,6365993,56364,877,"",0.70,1.17,1.27,1.33,1.64,0.61,1.49,1.30,"",4,4.5,626,4.6,522,3.8,468,3.4,10419953,6.9,651882,11.4,-1279,-2.2,24,2.8
"C4942","5","10","41","0","2017","4","",7559,103684,93754,88852,924792733,520277303,7149169,745,"",1.01,1.00,0.99,0.98,0.95,1.02,1.00,0.96,"",-64,-0.8,3852,3.9,5190,5.9,4061,4.8,85338999,10.2,61590526,13.4,560243,8.5,36,5.1
"C4946","0","10","80","0","2017","4","",840,12634,12676,12713,140796234,14278406,82537,855,"",1.00,1.00,1.00,1.00,1.00,1.00,1.00,1.00,"",0,0.0,141,1.1,179,1.4,255,2.0,9933765,7.6,2405648,20.3,13197,19.0,49,6.1
"C4962","0","10","40","0","2017","4","",9128,179195,180705,180889,2238851256,151148350,7836812,955,"",1.00,1.00,1.00,1.00,1.00,1.00,1.00,1.00,"",78,0.9,1195,0.7,1609,0.9,2210,1.2,128772295,6.1,5818158,4.0,-426851,-5.2,46,5.1
"C4962","1","10","41","0","2017","4","",83,4259,4306,4305,82867557,0,0,1486,"",1.52,1.23,1.25,1.24,1.35,0.00,0.00,1.09,"",0,0.0,109,2.6,146,3.5,175,4.2,5593373,7.2,0,0.0,0,0.0,53,3.7
"C4962","2","10","41","0","2017","4","",26,979,1036,1005,11198721,0,0,856,"",0.41,0.17,0.18,0.17,0.15,0.00,0.00,0.88,"",-1,-3.7,-38,-3.7,13,1.3,-18,-1.8,-368279,-3.2,0,0.0,0,0.0,-15,-1.7
"C4962","3","10","41","0","2017","4","",260,14996,15177,14996,190790971,696638,39017,975,"",1.68,0.84,0.85,0.84,0.99,0.23,0.95,1.18,"",2,0.8,-73,-0.5,-57,-0.4,-70,-0.5,5586030,3.0,-172647,-19.9,-8214,-17.4,33,3.5
"C4962","5","10","41","0","2017","4","",8759,158961,160186,160583,1953994007,150451712,7797795,940,"",0.99,1.04,1.04,1.04,1.02,1.03,1.00,0.98,"",77,0.9,1197,0.8,1507,0.9,2123,1.3,117961171,6.4,5990805,4.1,-418637,-5.1,48,5.4
"C4966","0","10","40","0","2017","4","",13141,212471,213517,212678,2170792300,161822917,5429145,784,"",1.00,1.00,1.00,1.00,1.00,1.00,1.00,1.00,"",0,0.0,-2684,-1.2,-2574,-1.2,-2033,-0.9,21764624,1.0,2105062,1.3,653432,13.7,16,2.1
"C4966","1","10","41","0","2017","4","",104,1968,1965,2002,32206925,0,0,1252,"",1.32,0.48,0.48,0.49,0.54,0.00,0.00,1.12,"",0,0.0,38,2.0,34,1.8,62,3.2,1556120,5.1,0,0.0,0,0.0,33,2.7
"C4966","2","10","41","0","2017","4","",61,4539,4535,4506,65753581,0,0,1117,"",0.66,0.67,0.66,0.66,0.93,0.00,0.00,1.40,"",-1,-1.6,-57,-1.2,-62,-1.3,-96,-2.1,-2346311,-3.4,0,0.0,0,0.0,-22,-1.9
"C4966","3","10","41","0","2017","4","",525,22229,22433,22226,229262010,242770,7370,791,"",2.35,1.06,1.06,1.06,1.23,0.08,0.26,1.16,"",0,0.0,250,1.1,348,1.6,407,1.9,8312180,3.8,21015,9.5,2029,38.0,17,2.2
"C4966","5","10","41","0","2017","4","",12451,183735,184584,183944,1843569784,161580147,5421775,770,"",0.98,1.02,1.02,1.02,0.99,1.03,1.01,0.98,"",1,0.0,-2915,-1.6,-2894,-1.5,-2406,-1.3,14242635,0.8,2084047,1.3,651403,13.7,17,2.3
"C4970","0","10","40","0","2017","4","",4931,49571,48088,47273,558309635,35841181,1710464,889,"",1.00,1.00,1.00,1.00,1.00,1.00,1.00,1.00,"",214,4.5,1388,2.9,1495,3.2,2009,4.4,33358084,6.4,4273384,13.5,170671,11.1,24,2.8
"C4970","1","10","41","0","2017","4","",50,1635,1582,1582,22049579,0,0,1060,"",1.69,1.71,1.72,1.74,1.44,0.00,0.00,0.83,"",0,0.0,0,0.0,-64,-3.9,-13,-0.8,744310,3.5,0,0.0,0,0.0,52,5.2
"C4970","2","10","41","0","2017","4","",19,1029,1055,1077,24993974,0,0,1825,"",0.55,0.65,0.68,0.71,1.37,0.00,0.00,2.01,"",0,0.0,39,3.9,61,6.1,81,8.1,1182067,5.0,0,0.0,0,0.0,-19,-1.0
"C4970","3","10","41","0","2017","4","",165,8758,8893,8888,112521350,179742,8292,978,"",1.97,1.78,1.86,1.90,2.34,0.25,0.92,1.27,"",-2,-1.2,-182,-2.0,48,0.5,86,1.0,5481226,5.1,54147,43.1,1713,26.0,49,5.3
"C4970","5","10","41","0","2017","4","",4697,38149,36558,35726,398744732,35661439,1702172,833,"",0.98,0.91,0.89,0.89,0.84,1.03,1.00,0.93,"",216,4.8,1531,4.2,1450,4.1,1855,5.5,25950481,7.0,4219237,13.4,168958,11.0,18,2.2
"C4974","0","10","40","0","2017","4","",3235,68418,75078,77416,706918586,76838473,4572903,738,"",1.00,1.00,1.00,1.00,1.00,1.00,1.00,1.00,"",30,0.9,-1798,-2.6,981,1.3,-65,-0.1,42690525,6.4,3396418,4.6,466246,11.4,47,6.8
"C4974","1","10","41","0","2017","4","",56,3539,3493,3470,66398676,0,0,1459,"",2.89,2.69,2.43,2.33,3.42,0.00,0.00,1.38,"",1,1.8,106,3.1,75,2.2,27,0.8,1239778,1.9,0,0.0,0,0.0,-2,-0.1
"C4974","2","10","41","0","2017","4","",16,1576,1568,1581,15955323,0,0,779,"",0.71,0.72,0.65,0.64,0.69,0.00,0.00,1.04,"",0,0.0,10,0.6,-19,-1.2,16,1.0,584390,3.8,0,0.0,0,0.0,27,3.6
"C4974","3","10","41","0","2017","4","",97,9469,9611,9510,85793530,1180810,30487,692,"",1.76,1.40,1.29,1.24,1.41,0.78,1.27,1.08,"",-2,-2.0,-96,-1.0,-38,-0.4,-111,-1.2,1589259,1.9,10302,0.9,4852,18.9,18,2.7
"C4974","5","10","41","0","2017","4","",3066,53834,60406,62855,538771057,75657663,4542416,702,"",0.98,0.93,0.95,0.96,0.89,1.02,1.00,0.95,"",31,1.0,-1818,-3.3,963,1.6,3,0.0,39277098,7.9,3386116,4.7,461394,11.3,54,8.3
"C4978","0","10","80","0","2017","4","",1841,33929,34484,34087,345786764,27326883,746892,779,"",1.00,1.00,1.00,1.00,1.00,1.00,1.00,1.00,"",11,0.6,-240,-0.7,-368,-1.1,-875,-2.5,7033953,2.1,-1873104,-6.4,75150,11.2,27,3.6
"C4982","0","10","80","0","2017","4","",187,3523,3579,3590,45038270,2895446,147764,972,"",1.00,1.00,1.00,1.00,1.00,1.00,1.00,1.00,"",-2,-1.1,272,8.4,318,9.8,350,10.8,9000686,25.0,561195,24.0,62703,73.7,119,14.0
"CS104","0","10","30","0","2017","4","",32022,568118,566400,563805,7529674726,421149451,12451928,1023,"",1.00,1.00,1.00,1.00,1.00,1.00,1.00,1.00,"",52,0.2,5630,1.0,6283,1.1,5664,1.0,347373928,4.8,20461599,5.1,-1466933,-10.5,37,3.8
"CS106","0","10","30","0","2017","4","",30428,480074,480886,480612,5637542719,1031669011,11026846,902,"",1.00,1.00,1.00,1.00,1.00,1.00,1.00,1.00,"",395,1.3,3577,0.8,4023,0.8,3472,0.7,138988340,2.5,18526298,1.8,-6466521,-37.0,15,1.7
"CS108","0","10","30","0","2017","4","",7260,123535,124303,123932,1501186081,96199332,1629751,932,"",1.00,1.00,1.00,1.00,1.00,1.00,1.00,1.00,"",37,0.5,-815,-0.7,-719,-0.6,-1339,-1.1,34438444,2.3,-926140,-1.0,104973,6.9,29,3.2
"CS118","0","10","30","0","2017","4","",9926,215053,215820,216461,2732836110,220811043,4473418,974,"",1.00,1.00,1.00,1.00,1.00,1.00,1.00,1.00,"",285,3.0,-200,-0.1,-819,-0.4,1481,0.7,77183517,2.9,2718894,1.2,-1502358,-25.1,27,2.9
"CS120","0","10","30","0","2017","4","",15154,200127,200527,200470,2130566464,434616636,3917789,818,"",1.00,1.00,1.00,1.00,1.00,1.00,1.00,1.00,"",312,2.1,2903,1.5,3498,1.8,3059,1.5,80510465,3.9,17726586,4.3,-2195553,-35.9,18,2.2
"CS122","0","10","30","0","2017","4","",166961,2879150,2901997,2902289,42033925511,2985032839,51411494,1117,"",1.00,1.00,1.00,1.00,1.00,1.00,1.00,1.00,"",-17045,-9.3,79798,2.9,79275,2.8,72778,2.6,2476524694,6.3,113190167,3.9,-3018470,-5.5,37,3.4
"CS140","0","10","30","0","2017","4","",9186,87465,87577,87159,994167283,353842311,7901694,875,"",1.00,1.00,1.00,1.00,1.00,1.00,1.00,1.00,"",517,6.0,3005,3.6,2954,3.5,3149,3.7,73891491,8.0,32465210,10.1,612638,8.4,36,4.3
"CS142","0","10","30","0","2017","4","",32934,551506,554402,554659,7309302457,409385238,6074393,1016,"",1.00,1.00,1.00,1.00,1.00,1.00,1.00,1.00,"",610,1.9,6934,1.3,7071,1.3,6955,1.3,335307406,4.8,27511532,7.2,39313,0.7,34,3.5
"CS144","0","10","30","0","2017","4","",4171,81662,81833,81454,870471759,60570344,1069910,820,"",1.00,1.00,1.00,1.00,1.00,1.00,1.00,1.00,"",75,1.8,653,0.8,525,0.6,955,1.2,58595135,7.2,2929724,5.1,-20765,-1.9,48,6.2
"CS145","0","10","30","0","2017","4","",4642,103245,103207,102385,1254468323,89686256,2438495,937,"",1.00,1.00,1.00,1.00,1.00,1.00,1.00,1.00,"",-451,-8.9,-777,-0.7,-847,-0.8,-439,-0.4,24393651,2.0,-936941,-1.0,-59556,-2.4,24,2.6
"CS146","0","10","30","0","2017","4","",5865,103784,102974,102394,1164984475,69015167,3617081,870,"",1.00,1.00,1.00,1.00,1.00,1.00,1.00,1.00,"",29,0.5,75,0.1,168,0.2,396,0.4,43567353,3.9,2436457,3.7,-152246,-4.0,31,3.7
"CS147","0","10","30","0","2017","4","",24391,338971,337918,337037,4159017517,1250456212,15242369,947,"",1.00,1.00,1.00,1.00,1.00,1.00,1.00,1.00,"",1161,5.0,11705,3.6,10779,3.3,12009,3.7,502829769,13.8,109062398,9.6,655378,4.5,86,10.0
"CS148","0","10","30","0","2017","4","",274490,4165704,4170582,4174027,73997525266,6894637446,144987032,1365,"",1.00,1.00,1.00,1.00,1.00,1.00,1.00,1.00,"",4736,1.8,51516,1.3,49698,1.2,51003,1.2,3921804496,5.6,178862787,2.7,-3246347,-2.2,56,4.3
"CS150","0","10","30","0","2017","4","",5705,92535,93427,92919,955573914,91657700,2134238,791,"",1.00,1.00,1.00,1.00,1.00,1.00,1.00,1.00,"",-81,-1.4,-114,-0.1,156,0.2,111,0.1,32893733,3.6,461257,0.5,-548771,-20.5,27,3.5
"CS154","0","10","30","0","2017","4","",6862,142711,143636,144102,1216378259,122711759,2689250,652,"",1.00,1.00,1.00,1.00,1.00,1.00,1.00,1.00,"",5,0.1,327,0.2,-53,0.0,2,0.0,24716980,2.1,3946096,3.3,324210,13.7,13,2.0
"CS160","0","10","30","0","2017","4","",31456,579523,580544,579239,7124202177,475289811,14299653,945,"",1.00,1.00,1.00,1.00,1.00,1.00,1.00,1.00,"",98,0.3,-250,0.0,1791,0.3,2178,0.4,252809390,3.7,25778773,5.7,-1401520,-8.9,31,3.4
"CS162","0","10","30","0","2017","4","",35963,397551,410952,416737,4802613871,332138519,3528032,905,"",1.00,1.00,1.00,1.00,1.00,1.00,1.00,1.00,"",708,2.0,4630,1.2,6309,1.6,6396,1.6,241356422,5.3,5225278,1.6,-1119083,-24.1,34,3.9
"CS164","0","10","30","0","2017","4","",4702,59847,59929,60260,603031446,64652603,881373,773,"",1.00,1.00,1.00,1.00,1.00,1.00,1.00,1.00,"",233,5.2,413,0.7,336,0.6,512,0.9,18635828,3.2,4807190,8.0,-193032,-18.0,19,2.5
"CS168","0","10","30","0","2017","4","",13176,236517,237291,237188,3182265253,497085039,7954612,1033,"",1.00,1.00,1.00,1.00,1.00,1.00,1.00,1.00,"",208,1.6,664,0.3,1235,0.5,2190,0.9,152365564,5.0,10905273,2.2,-218919,-2.7,44,4.4
"CS170","0","10","30","0","2017","4","",16898,269488,269936,268456,2989181628,239787728,6818879,854,"",1.00,1.00,1.00,1.00,1.00,1.00,1.00,1.00,"",-81,-0.5,-1010,-0.4,-1390,-0.5,-2102,-0.8,68266922,2.3,4666272,2.0,380740,5.9,24,2.9
"CS172","0","10","30","0","2017","4","",73406,1230109,1235049,1236917,17028115853,2521135849,28087629,1061,"",1.00,1.00,1.00,1.00,1.00,1.00,1.00,1.00,"",1655,2.3,31597,2.6,31031,2.6,31624,2.6,944950009,5.9,164190250,7.0,-10957045,-28.1,32,3.1
"CS174","0","10","30","0","2017","4","",19506,396287,400657,402034,4839219894,329020479,4815697,931,"",1.00,1.00,1.00,1.00,1.00,1.00,1.00,1.00,"",5,0.0,1369,0.3,4088,1.0,2186,0.5,231432972,5.0,-295233,-0.1,27895,0.6,38,4.3
"CS176","0","10","30","0","2017","4","",260348,4676772,4691662,4686027,73129209456,5066430237,138369440,1201,"",1.00,1.00,1.00,1.00,1.00,1.00,1.00,1.00,"",-22586,-8.0,36207,0.8,39891,0.9,44716,1.0,2497719873,3.5,230066499,4.8,-5976041,-4.1,31,2.6
"CS178","0","10","30","0","2017","4","",55873,1072805,1076850,1079789,14493365554,886477139,23359974,1036,"",1.00,1.00,1.00,1.00,1.00,1.00,1.00,1.00,"",678,1.2,13255,1.3,14056,1.3,16838,1.6,552355221,4.0,16590638,1.9,2079317,9.8,26,2.6
"CS184","0","10","30","0","2017","4","",90646,1637640,1634575,1628490,20969170222,1202468442,34452018,987,"",1.00,1.00,1.00,1.00,1.00,1.00,1.00,1.00,"",603,0.7,8144,0.5,4987,0.3,7396,0.5,722195047,3.6,47531401,4.1,6431896,23.0,30,3.1
"CS185","0","10","30","0","2017","4","",1385,19831,19725,19651,175178030,23817218,260258,683,"",1.00,1.00,1.00,1.00,1.00,1.00,1.00,1.00,"",-15,-1.1,-586,-2.9,-656,-3.2,-578,-2.9,-7293139,-4.0,783289,3.4,-59580,-18.6,-7,-1.0
"CS188","0","10","30","0","2017","4","",1635,23483,23515,23672,216446524,54041487,504678,707,"",1.00,1.00,1.00,1.00,1.00,1.00,1.00,1.00,"",26,1.6,443,1.9,510,2.2,551,2.4,8873805,4.3,2487390,4.8,-66149,-11.6,14,2.0
"CS190","0","10","30","0","2017","4","",6371,113423,114077,113271,1212796322,105164467,1316861,821,"",1.00,1.00,1.00,1.00,1.00,1.00,1.00,1.00,"",194,3.1,-20,0.0,285,0.3,242,0.2,14758819,1.2,-1677892,-1.6,-418216,-24.1,8,1.0
"CS192","0","10","30","0","2017","4","",21614,414033,419516,419760,4663193538,495979906,7439283,859,"",1.00,1.00,1.00,1.00,1.00,1.00,1.00,1.00,"",689,3.3,-3264,-0.8,-3182,-0.8,-2609,-0.6,47064531,1.0,3689825,0.7,-426428,-5.4,15,1.8
"CS194","0","10","30","0","2017","4","",9861,182682,184041,183547,1954132243,146780220,2190133,820,"",1.00,1.00,1.00,1.00,1.00,1.00,1.00,1.00,"",-541,-5.2,1349,0.7,1808,1.0,813,0.4,69397794,3.7,-1029909,-0.7,-365519,-14.3,24,3.0
"CS198","0","10","30","0","2017","4","",56910,1187084,1196315,1191960,15429812770,992018126,25778029,996,"",1.00,1.00,1.00,1.00,1.00,1.00,1.00,1.00,"",1200,2.2,16891,1.4,15792,1.3,12960,1.1,623249386,4.2,23022301,2.4,4214867,19.5,28,2.9
"CS204","0","10","30","0","2017","4","",11654,214090,214657,216317,2564893657,212057846,6542910,918,"",1.00,1.00,1.00,1.00,1.00,1.00,1.00,1.00,"",-26,-0.2,-2576,-1.2,-3305,-1.5,-656,-0.3,89074567,3.6,13238574,6.7,1397078,27.1,41,4.7
"CS206","0","10","30","0","2017","4","",189306,3627108,3657425,3659747,55987079366,3427482731,78959527,1181,"",1.00,1.00,1.00,1.00,1.00,1.00,1.00,1.00,"",6573,3.6,88746,2.5,92381,2.6,85895,2.4,3189449094,6.0,85937672,2.6,9092875,13.0,40,3.5
"CS209","0","10","30","0","2017","4","",12565,226927,227974,227395,2978738108,411831900,8565085,1007,"",1.00,1.00,1.00,1.00,1.00,1.00,1.00,1.00,"",-244,-1.9,635,0.3,1019,0.4,1262,0.6,78351893,2.7,16330168,4.1,225016,2.7,22,2.2
"CS212","0","10","30","0","2017","4","",23223,477473,480528,479027,5768291986,355796058,9281334,926,"",1.00,1.00,1.00,1.00,1.00,1.00,1.00,1.00,"",40,0.2,4632,1.0,5674,1.2,4646,1.0,226627110,4.1,8089436,2.3,1714772,22.7,27,3.0
"CS216","0","10","30","0","2017","4","",124745,1749778,1757564,1760155,28261573639,2393263091,46207999,1238,"",1.00,1.00,1.00,1.00,1.00,1.00,1.00,1.00,"",2992,2.5,37356,2.2,41994,2.4,46389,2.7,1970195628,7.5,186859557,8.5,2925368,6.8,58,4.9
"CS217","0","10","30","0","2017","4","",1659,21005,20961,20692,203691752,12082798,183904,750,"",1.00,1.00,1.00,1.00,1.00,1.00,1.00,1.00,"",-7,-0.4,-980,-4.5,-810,-3.7,-450,-2.1,1504029,0.7,-603551,-4.8,-7388,-3.9,31,4.3
"CS218","0","10","30","0","2017","4","",26226,431451,432606,431208,5965483257,979661193,15349363,1063,"",1.00,1.00,1.00,1.00,1.00,1.00,1.00,1.00,"",527,2.1,3687,0.9,5486,1.3,6190,1.5,233692699,4.1,23270825,2.4,-727381,-4.5,30,2.9
"CS220","0","10","30","0","2017","4","",116777,2331728,2343076,2335591,35181319129,1747521918,54894079,1158,"",1.00,1.00,1.00,1.00,1.00,1.00,1.00,1.00,"",1525,1.3,18908,0.8,16530,0.7,17990,0.8,1340009792,4.0,11311545,0.7,-4291651,-7.3,35,3.1
"CS221","0","10","30","0","2017","4","",1919,34265,34040,34089,347112620,32396446,890811,782,"",1.00,1.00,1.00,1.00,1.00,1.00,1.00,1.00,"",-132,-6.4,-338,-1.0,-541,-1.6,-286,-0.8,14309052,4.3,1609782,5.2,-39760,-4.3,40,5.4
"CS222","0","10","30","0","2017","4","",5807,88989,89355,89166,970309767,64727587,939595,837,"",1.00,1.00,1.00,1.00,1.00,1.00,1.00,1.00,"",59,1.0,906,1.0,993,1.1,329,0.4,30296769,3.2,-474604,-0.7,-32391,-3.3,19,2.3
"CS232","0","10","30","0","2017","4","",5440,100690,100877,100637,1106179599,114344730,2434236,845,"",1.00,1.00,1.00,1.00,1.00,1.00,1.00,1.00,"",161,3.0,650,0.6,-69,-0.1,847,0.8,73586836,7.1,4473811,4.1,-284848,-10.5,53,6.7
"CS233","0","10","30","0","2017","4","",7924,70621,70632,78345,920094581,148331073,2122130,967,"",1.00,1.00,1.00,1.00,1.00,1.00,1.00,1.00,"",166,2.1,1069,1.5,1973,2.9,272,0.3,32837042,3.7,5584697,3.9,-134807,-6.0,20,2.1
"CS236","0","10","30","0","2017","4","",4090,73234,73234,73035,935045453,52163366,1569739,983,"",1.00,1.00,1.00,1.00,1.00,1.00,1.00,1.00,"",-11,-0.3,-224,-0.3,-83,-0.1,-113,-0.2,29811095,3.3,3158875,6.4,-234579,-13.0,33,3.5
"CS238","0","10","30","0","2017","4","",20057,375559,377766,378719,3670318936,408950023,7090071,748,"",1.00,1.00,1.00,1.00,1.00,1.00,1.00,1.00,"",466,2.4,2116,0.6,2970,0.8,3180,0.8,121450607,3.4,-273178,-0.1,-679679,-8.7,19,2.6
"CS240","0","10","30","0","2017","4","",9102,152714,152723,151896,1597469282,105050065,5509252,806,"",1.00,1.00,1.00,1.00,1.00,1.00,1.00,1.00,"",-90,-1.0,-950,-0.6,-409,-0.3,3,0.0,14035559,0.9,4489319,4.5,33322,0.6,9,1.1
"CS244","0","10","30","0","2017","4","",9433,148553,147480,146609,1825677207,418893965,5482061,952,"",1.00,1.00,1.00,1.00,1.00,1.00,1.00,1.00,"",116,1.2,-97,-0.1,-112,-0.1,582,0.4,47383220,2.7,-42242503,-9.2,562039,11.4,24,2.6
"CS246","0","10","30","0","2017","4","",9352,178531,179778,180061,1827833308,327846775,3576044,783,"",1.00,1.00,1.00,1.00,1.00,1.00,1.00,1.00,"",87,0.9,2206,1.3,249,0.1,299,0.2,67042668,3.8,11938065,3.8,-1418071,-28.4,24,3.2
"CS248","0","10","30","0","2017","4","",2970,65494,66121,66063,748218468,48580898,1129824,873,"",1.00,1.00,1.00,1.00,1.00,1.00,1.00,1.00,"",-11,-0.4,431,0.7,1165,1.8,1375,2.1,48736275,7.0,3011869,6.6,271581,31.6,44,5.3
"CS258","0","10","30","0","2017","4","",14448,293797,294553,294665,3264394089,237245542,4426396,853,"",1.00,1.00,1.00,1.00,1.00,1.00,1.00,1.00,"",85,0.6,2531,0.9,2600,0.9,3268,1.1,179937414,5.8,12120871,5.4,-390155,-8.1,39,4.8
"CS260","0","10","30","0","2017","4","",39886,433795,430438,428889,4947388381,329827750,15696207,883,"",1.00,1.00,1.00,1.00,1.00,1.00,1.00,1.00,"",2265,6.0,7584,1.8,7773,1.8,10058,2.4,262623554,5.6,12380674,3.9,332631,2.2,30,3.5
"CS264","0","10","30","0","2017","4","",9033,158216,159695,159167,1824876290,95133678,941549,883,"",1.00,1.00,1.00,1.00,1.00,1.00,1.00,1.00,"",85,0.9,1333,0.8,1503,1.0,935,0.6,111417657,6.5,3793316,4.2,-234909,-20.0,48,5.7
"CS266","0","10","30","0","2017","4","",28814,692840,693246,690623,8402851354,556426616,14742388,934,"",1.00,1.00,1.00,1.00,1.00,1.00,1.00,1.00,"",469,1.7,8520,1.2,8603,1.3,7195,1.1,295654360,3.6,4015410,0.7,-1416388,-8.8,22,2.4
"CS267","0","10","30","0","2017","4","",9470,188720,189750,188467,2308107707,191105246,3912188,940,"",1.00,1.00,1.00,1.00,1.00,1.00,1.00,1.00,"",311,3.4,1582,0.8,2303,1.2,1951,1.0,106430216,4.8,10076277,5.6,-562853,-12.6,34,3.8
"CS268","0","10","30","0","2017","4","",38112,701682,704343,704319,8176931693,1389416152,14304695,894,"",1.00,1.00,1.00,1.00,1.00,1.00,1.00,1.00,"",200,0.5,825,0.1,-917,-0.1,379,0.1,377190614,4.8,24825925,1.8,-7899348,-35.6,41,4.8
"CS273","0","10","30","0","2017","4","",31878,615727,621693,623115,7173978228,826823826,12449061,890,"",1.00,1.00,1.00,1.00,1.00,1.00,1.00,1.00,"",595,1.9,9938,1.6,10713,1.8,10295,1.7,309156954,4.5,30271763,3.8,-1027659,-7.6,24,2.8
"CS274","0","10","30","0","2017","4","",5036,93085,93388,93289,1021796710,166186093,1906984,843,"",1.00,1.00,1.00,1.00,1.00,1.00,1.00,1.00,"",100,2.0,1741,1.9,611,0.7,540,0.6,26415786,2.7,12380164,8.0,-573003,-23.1,13,1.6
"CS276","0","10","30","0","2017","4","",28970,590340,592146,592564,7478739035,471570337,23987639,972,"",1.00,1.00,1.00,1.00,1.00,1.00,1.00,1.00,"",121,0.4,5336,0.9,5326,0.9,6055,1.0,403581571,5.7,23568003,5.3,-845166,-3.4,43,4.6
"CS277","0","10","30","0","2017","4","",6993,112658,113192,113143,1169166294,74285682,994169,796,"",1.00,1.00,1.00,1.00,1.00,1.00,1.00,1.00,"",302,4.5,19,0.0,512,0.5,160,0.1,45138621,4.0,123150,0.2,-132824,-11.8,29,3.8
"CS278","0","10","30","0","2017","4","",44109,745975,749637,748757,11865392286,833742166,29370820,1220,"",1.00,1.00,1.00,1.00,1.00,1.00,1.00,1.00,"",838,1.9,3523,0.5,3597,0.5,3266,0.4,350287499,3.0,-1559623,-0.2,-2055994,-6.5,30,2.5
"CS280","0","10","30","0","2017","4","",8602,167760,168830,168708,1719990433,348042663,3789091,786,"",1.00,1.00,1.00,1.00,1.00,1.00,1.00,1.00,"",94,1.1,2238,1.4,2457,1.5,2327,1.4,71191635,4.3,19531961,5.9,-1784952,-32.0,22,2.9
"CS284","0","10","30","0","2017","4","",3776,45006,44964,45081,429107960,51803179,888532,733,"",1.00,1.00,1.00,1.00,1.00,1.00,1.00,1.00,"",35,0.9,213,0.5,115,0.3,315,0.7,23397349,5.8,1972066,4.0,-112110,-11.2,36,5.2
"CS288","0","10","30","0","2017","4","",161170,2991693,3011894,3017566,49694745519,2755255754,79012706,1271,"",1.00,1.00,1.00,1.00,1.00,1.00,1.00,1.00,"",3653,2.3,39710,1.3,52968,1.8,56021,1.9,2119166701,4.5,191621360,7.5,17888780,29.3,34,2.7
"CS290","0","10","30","0","2017","4","",16527,309345,311240,311711,4160782703,222922699,3766081,1030,"",1.00,1.00,1.00,1.00,1.00,1.00,1.00,1.00,"",235,1.4,5021,1.6,5823,1.9,5872,1.9,203097547,5.1,5419482,2.5,-112391,-2.9,32,3.2
"CS292","0","10","30","0","2017","4","",7265,100502,99123,98258,1034294704,342788980,3763253,801,"",1.00,1.00,1.00,1.00,1.00,1.00,1.00,1.00,"",160,2.3,1775,1.8,2297,2.4,2808,2.9,76225098,8.0,1862360,0.5,-279118,-6.9,41,5.4
"CS294","0","10","30","0","2017","4","",55931,1174229,1182445,1184317,14997404797,1102196383,19064131,977,"",1.00,1.00,1.00,1.00,1.00,1.00,1.00,1.00,"",547,1.0,11706,1.0,11344,1.0,15727,1.3,595546140,4.1,41812010,3.9,-2420805,-11.3,28,3.0
"CS296","0","10","30","0","2017","4","",3799,68918,68871,68592,848025158,41568180,1108922,948,"",1.00,1.00,1.00,1.00,1.00,1.00,1.00,1.00,"",16,0.4,-540,-0.8,-653,-0.9,76,0.1,23227088,2.8,-666413,-1.6,-215449,-16.3,31,3.4
"CS298","0","10","30","0","2017","4","",16717,295939,297038,298349,3227565707,336390246,2122760,836,"",1.00,1.00,1.00,1.00,1.00,1.00,1.00,1.00,"",24,0.1,1492,0.5,1848,0.6,2551,0.9,55927739,1.8,-1201252,-0.4,-314711,-12.9,9,1.1
"CS300","0","10","30","0","2017","4","",45921,696571,704508,705976,8828116131,534419923,6638944,967,"",1.00,1.00,1.00,1.00,1.00,1.00,1.00,1.00,"",739,1.6,23221,3.4,23638,3.5,23551,3.5,556477909,6.7,34986026,7.0,-1510355,-18.5,30,3.2
"CS304","0","10","30","0","2017","4","",10687,193754,194727,195224,2152183122,131305063,1620549,851,"",1.00,1.00,1.00,1.00,1.00,1.00,1.00,1.00,"",223,2.1,571,0.3,848,0.4,991,0.5,99703283,4.9,6983412,5.6,-22958,-1.4,36,4.4
"CS306","0","10","30","0","2017","4","",5366,75778,75766,75658,749461353,52186457,2949091,761,"",1.00,1.00,1.00,1.00,1.00,1.00,1.00,1.00,"",-59,-1.1,-1119,-1.5,-701,-0.9,-724,-0.9,20784713,2.9,1982153,3.9,129682,4.6,29,4.0
"CS308","0","10","30","0","2017","4","",4297,71865,72368,71931,699021831,77752092,1487409,746,"",1.00,1.00,1.00,1.00,1.00,1.00,1.00,1.00,"",57,1.3,1600,2.3,1895,2.7,1636,2.3,31057337,4.6,4774981,6.5,-89585,-5.7,16,2.2
"CS309","0","10","30","0","2017","4","",5495,90187,90833,90968,882760018,110987191,1213310,749,"",1.00,1.00,1.00,1.00,1.00,1.00,1.00,1.00,"",178,3.3,812,0.9,927,1.0,663,0.7,38492200,4.6,5339286,5.1,-228104,-15.8,26,3.6
"CS310","0","10","30","0","2017","4","",13583,220884,220605,219457,2741291730,158759869,4312354,957,"",1.00,1.00,1.00,1.00,1.00,1.00,1.00,1.00,"",704,5.5,-1323,-0.6,-1590,-0.7,-387,-0.2,25128989,0.9,-1278899,-0.8,-735178,-14.6,13,1.4
"CS312","0","10","30","0","2017","4","",73332,1180867,1184732,1183480,15525798431,2086114721,23190617,1010,"",1.00,1.00,1.00,1.00,1.00,1.00,1.00,1.00,"",1203,1.7,10006,0.9,13417,1.1,12996,1.1,532383801,3.6,-4778080,-0.2,-3072773,-11.7,25,2.5
"CS314","0","10","30","0","2017","4","",24814,477377,480763,480426,5809999976,369420460,4696932,932,"",1.00,1.00,1.00,1.00,1.00,1.00,1.00,1.00,"",548,2.3,1599,0.3,3003,0.6,3855,0.8,209376369,3.7,1466817,0.4,-312420,-6.2,28,3.1
"CS316","0","10","30","0","2017","4","",2284,49456,49688,49801,567750927,38625464,649514,880,"",1.00,1.00,1.00,1.00,1.00,1.00,1.00,1.00,"",11,0.5,-423,-0.8,141,0.3,-32,-0.1,20021222,3.7,3740861,10.7,-40847,-5.9,33,3.9
"CS318","0","10","30","0","2017","4","",18447,239593,239997,239724,2773441554,174735342,2701170,890,"",1.00,1.00,1.00,1.00,1.00,1.00,1.00,1.00,"",188,1.0,-1109,-0.5,-707,-0.3,-1105,-0.5,58799035,2.2,8872126,5.3,193049,7.7,23,2.7
"CS320","0","10","30","0","2017","4","",4599,103124,103443,103416,1196367524,80580209,1308236,891,"",1.00,1.00,1.00,1.00,1.00,1.00,1.00,1.00,"",16,0.3,616,0.6,567,0.6,1184,1.2,44980271,3.9,2915923,3.8,-101890,-7.2,27,3.1
"CS330","0","10","30","0","2017","4","",10190,228628,229072,227510,2946584388,145400382,4049501,992,"",1.00,1.00,1.00,1.00,1.00,1.00,1.00,1.00,"",83,0.8,108,0.0,162,0.1,-6,0.0,53526285,1.9,-4258723,-2.8,-493081,-10.9,17,1.7
"CS332","0","10","30","0","2017","4","",58980,1038575,1044224,1043950,12589923183,3313216329,69845715,929,"",1.00,1.00,1.00,1.00,1.00,1.00,1.00,1.00,"",-1738,-2.9,28398,2.8,29036,2.9,31576,3.1,734486454,6.2,279024677,9.2,7198840,11.5,28,3.1
"CS336","0","10","30","0","2017","4","",21211,359701,364471,363270,4283781874,336937250,8212800,909,"",1.00,1.00,1.00,1.00,1.00,1.00,1.00,1.00,"",-24,-0.1,1065,0.3,3869,1.1,3064,0.9,81108926,1.9,-4885547,-1.4,-1658216,-16.8,11,1.2
"CS338","0","10","30","0","2017","4","",5285,104202,104389,104273,1156921080,74252389,1845300,853,"",1.00,1.00,1.00,1.00,1.00,1.00,1.00,1.00,"",44,0.8,1455,1.4,1293,1.3,1335,1.3,56564323,5.1,5148667,7.5,435778,30.9,31,3.8
"CS339","0","10","30","0","2017","4","",11559,185081,186081,185985,2105037554,132594123,1201324,872,"",1.00,1.00,1.00,1.00,1.00,1.00,1.00,1.00,"",127,1.1,-467,-0.3,-339,-0.2,1510,0.8,73961164,3.6,5349183,4.2,-217354,-15.3,30,3.6
"CS340","0","10","30","0","2017","4","",25507,392274,393647,393633,4555909107,385177057,6743419,891,"",1.00,1.00,1.00,1.00,1.00,1.00,1.00,1.00,"",101,0.4,2460,0.6,3174,0.8,2419,0.6,126264979,2.9,11249379,3.0,-1175924,-14.8,18,2.1
"CS346","0","10","30","0","2017","4","",7095,116748,117024,117423,1402253449,110569510,3854607,921,"",1.00,1.00,1.00,1.00,1.00,1.00,1.00,1.00,"",46,0.7,-850,-0.7,-464,-0.4,563,0.5,69551696,5.2,10675062,10.7,1035136,36.7,47,5.4
"CS348","0","10","30","0","2017","4","",764704,7835335,7898307,7904805,125856063182,5855709578,248869368,1229,"",1.00,1.00,1.00,1.00,1.00,1.00,1.00,1.00,"",36978,5.1,136483,1.8,145971,1.9,142473,1.8,8511318131,7.3,300869253,5.4,-481477,-0.2,62,5.3
"CS350","0","10","30","0","2017","4","",41345,725825,732524,733116,9127882607,710437525,16441517,961,"",1.00,1.00,1.00,1.00,1.00,1.00,1.00,1.00,"",-326,-0.8,9159,1.3,9151,1.3,6839,0.9,357429425,4.1,12349855,1.8,-2482233,-13.1,27,2.9
"CS352","0","10","30","0","2017","4","",8717,153557,155110,154531,1744592625,135118699,2551485,869,"",1.00,1.00,1.00,1.00,1.00,1.00,1.00,1.00,"",114,1.3,2043,1.3,1737,1.1,1451,0.9,83601822,5.0,1862877,1.4,365295,16.7,32,3.8
"CS356","0","10","30","0","2017","4","",8600,170030,171038,171928,1864566408,137603577,2062594,839,"",1.00,1.00,1.00,1.00,1.00,1.00,1.00,1.00,"",-821,-8.7,969,0.6,815,0.5,1644,1.0,54446554,3.0,3034369,2.3,-174615,-7.8,19,2.3
"CS357","0","10","30","0","2017","4","",24677,486972,489355,489011,6325094526,501783018,9975744,996,"",1.00,1.00,1.00,1.00,1.00,1.00,1.00,1.00,"",1154,4.9,3943,0.8,1871,0.4,6133,1.3,268115901,4.4,9384138,1.9,-2064480,-17.1,34,3.5
"CS358","0","10","30","0","2017","4","",3027,52431,52599,52205,510698035,105674782,737066,750,"",1.00,1.00,1.00,1.00,1.00,1.00,1.00,1.00,"",-38,-1.2,-265,-0.5,159,0.3,187,0.4,1067011,0.2,-3889898,-3.6,-23759,-3.1,2,0.3
"CS359","0","10","30","0","2017","4","",3605,71067,70120,69691,767620490,168824911,1770838,840,"",1.00,1.00,1.00,1.00,1.00,1.00,1.00,1.00,"",160,4.6,1305,1.9,1168,1.7,1370,2.0,45341856,6.3,13322114,8.6,121702,7.4,35,4.3
"CS360","0","10","30","0","2017","4","",4813,82140,82379,81901,820697007,60400711,1508719,769,"",1.00,1.00,1.00,1.00,1.00,1.00,1.00,1.00,"",33,0.7,-884,-1.1,-431,-0.5,-703,-0.9,29903549,3.8,752834,1.3,262587,21.1,34,4.6
"CS362","0","10","30","0","2017","4","",1439,22427,22946,23038,204806783,17425107,290593,691,"",1.00,1.00,1.00,1.00,1.00,1.00,1.00,1.00,"",13,0.9,-332,-1.5,-37,-0.2,82,0.4,5735386,2.9,-133333,-0.8,-15436,-5.0,22,3.3
"CS364","0","10","30","0","2017","4","",2970,48511,50620,51969,299245281,18720008,676688,457,"",1.00,1.00,1.00,1.00,1.00,1.00,1.00,1.00,"",-76,-2.5,-6105,-11.2,-4571,-8.3,-4576,-8.1,-26808680,-8.2,-4200628,-18.3,-189285,-21.9,5,1.1
"CS365","0","10","30","0","2017","4","",13057,271526,275180,277447,2356204152,228858523,4716425,660,"",1.00,1.00,1.00,1.00,1.00,1.00,1.00,1.00,"",215,1.7,4737,1.8,5178,1.9,5554,2.0,100752253,4.5,9724886,4.4,526083,12.6,16,2.5
"CS366","0","10","30","0","2017","4","",9966,117596,117269,116416,1232031927,468850241,10742305,809,"",1.00,1.00,1.00,1.00,1.00,1.00,1.00,1.00,"",265,2.7,3376,3.0,3247,2.8,2720,2.4,73336296,6.3,42762186,10.0,1090192,11.3,27,3.5
"CS368","0","10","30","0","2017","4","",28009,622280,630015,631795,8431767561,567049783,5928480,1033,"",1.00,1.00,1.00,1.00,1.00,1.00,1.00,1.00,"",289,1.0,4338,0.7,5026,0.8,5329,0.9,276275942,3.4,-1388218,-0.2,-623913,-9.5,26,2.6
"CS370","0","10","30","0","2017","4","",242526,2728899,2767488,2787189,37687536576,2059738876,25943293,1050,"",1.00,1.00,1.00,1.00,1.00,1.00,1.00,1.00,"",3592,1.5,39250,1.5,38060,1.4,37907,1.4,1932656303,5.4,38711147,1.9,-6223102,-19.3,40,4.0
"CS372","0","10","30","0","2017","4","",9703,169256,171380,172185,2783424853,221469501,7130711,1253,"",1.00,1.00,1.00,1.00,1.00,1.00,1.00,1.00,"",192,2.0,16863,11.1,17657,11.5,17799,11.5,426703425,18.1,63024996,39.8,3755564,111.3,72,6.1
"CS376","0","10","30","0","2017","4","",57711,1018601,1018678,1022335,13501625594,1134553051,24319024,1018,"",1.00,1.00,1.00,1.00,1.00,1.00,1.00,1.00,"",2343,4.2,8871,0.9,6999,0.7,13611,1.3,358192547,2.7,66624132,6.2,-4292919,-15.0,17,1.7
"CS378","0","10","30","0","2017","4","",103069,2086843,2087059,2081932,31604169590,5176205846,61195318,1166,"",1.00,1.00,1.00,1.00,1.00,1.00,1.00,1.00,"",5094,5.2,29233,1.4,28172,1.4,28392,1.4,1508325894,5.0,251007550,5.1,-2561925,-4.0,40,3.6
"CS380","0","10","30","0","2017","4","",16476,242983,243494,242592,2846102025,201150434,3552286,901,"",1.00,1.00,1.00,1.00,1.00,1.00,1.00,1.00,"",460,2.9,4237,1.8,4119,1.7,3452,1.4,148316942,5.5,18603551,10.2,239021,7.2,33,3.8
"CS382","0","10","30","0","2017","4","",22396,276307,271989,266108,3124532438,197331065,9218292,885,"",1.00,1.00,1.00,1.00,1.00,1.00,1.00,1.00,"",1249,5.9,7309,2.7,6240,2.3,8599,3.3,166142982,5.6,14537505,8.0,484510,5.5,23,2.7
"CS384","0","10","30","0","2017","4","",6968,102385,103182,103203,1007508160,74515462,1205843,753,"",1.00,1.00,1.00,1.00,1.00,1.00,1.00,1.00,"",112,1.6,-207,-0.2,444,0.4,838,0.8,26721114,2.7,2379600,3.3,42206,3.6,17,2.3
"CS390","0","10","30","0","2017","4","",4762,83560,83509,82880,969293376,72826814,2114852,895,"",1.00,1.00,1.00,1.00,1.00,1.00,1.00,1.00,"",71,1.5,1666,2.0,1108,1.3,832,1.0,39397525,4.2,1852190,2.6,216317,11.4,24,2.8
"CS393","0","10","30","0","2017","4","",4055,49886,45947,43811,480054053,205573329,2994280,793,"",1.00,1.00,1.00,1.00,1.00,1.00,1.00,1.00,"",-80,-1.9,1319,2.7,1307,2.9,1583,3.7,21422899,4.7,11751521,6.1,-106617,-3.4,12,1.5
"CS394","0","10","30","0","2017","4","",1991,42205,42070,41628,440180909,25062837,719897,807,"",1.00,1.00,1.00,1.00,1.00,1.00,1.00,1.00,"",-51,-2.5,-868,-2.0,-763,-1.8,-1209,-2.8,8778564,2.0,-667523,-2.6,-77315,-9.7,34,4.4
"CS396","0","10","30","0","2017","4","",13706,182068,180402,176941,1639086963,274527843,3973154,701,"",1.00,1.00,1.00,1.00,1.00,1.00,1.00,1.00,"",343,2.6,8808,5.1,6904,4.0,5710,3.3,106305478,6.9,16067516,6.2,-288154,-6.8,18,2.6
"CS400","0","10","30","0","2017","4","",51872,984375,993540,992285,14014510119,866077996,10524275,1089,"",1.00,1.00,1.00,1.00,1.00,1.00,1.00,1.00,"",2046,4.1,30577,3.2,32636,3.4,28837,3.0,773736961,5.8,23756750,2.8,-413751,-3.8,27,2.5
"CS404","0","10","30","0","2017","4","",5080,67765,67543,67323,690249268,123220797,1112453,786,"",1.00,1.00,1.00,1.00,1.00,1.00,1.00,1.00,"",107,2.2,60,0.1,-592,-0.9,-301,-0.4,14797725,2.2,4731153,4.0,-637759,-36.4,20,2.6
"CS406","0","10","30","0","2017","4","",43969,609279,613848,613323,7829346402,467658941,7365463,984,"",1.00,1.00,1.00,1.00,1.00,1.00,1.00,1.00,"",961,2.2,-2616,-0.4,-1288,-0.2,442,0.1,178478704,2.3,179454,0.0,-54399,-0.7,24,2.5
"CS408","0","10","30","0","2017","4","",741343,10921223,10995167,11020637,212421791978,16651687079,420546276,1488,"",1.00,1.00,1.00,1.00,1.00,1.00,1.00,1.00,"",3608,0.5,150066,1.4,153067,1.4,149846,1.4,13590564723,6.8,802189471,5.1,-16416741,-3.8,75,5.3
"CS412","0","10","30","0","2017","4","",32079,344339,350994,354399,3953392941,281142816,2924972,869,"",1.00,1.00,1.00,1.00,1.00,1.00,1.00,1.00,"",679,2.2,5548,1.6,4733,1.4,4945,1.4,190491589,5.1,5067676,1.8,-590526,-16.8,30,3.6
"CS416","0","10","30","0","2017","4","",42424,629311,632855,633729,7765762386,1028754971,9648295,945,"",1.00,1.00,1.00,1.00,1.00,1.00,1.00,1.00,"",1207,2.9,10232,1.7,11206,1.8,11776,1.9,422687399,5.8,70358771,7.3,1586877,19.7,35,3.8
"CS420","0","10","30","0","2017","4","",29222,495691,497861,497377,6220861110,485432329,5730802,963,"",1.00,1.00,1.00,1.00,1.00,1.00,1.00,1.00,"",76,0.3,1579,0.3,4166,0.8,3800,0.8,198132836,3.3,21077855,4.5,-240680,-4.0,25,2.7
"CS422","0","10","30","0","2017","4","",90909,1436736,1453635,1459781,17063381358,1066309667,11824244,905,"",1.00,1.00,1.00,1.00,1.00,1.00,1.00,1.00,"",2234,2.5,45500,3.3,47594,3.4,48935,3.5,1034638839,6.5,66210981,6.6,-2493940,-17.4,26,3.0
"CS424","0","10","30","0","2017","4","",3872,58095,58222,58023,621482403,59434372,1365154,823,"",1.00,1.00,1.00,1.00,1.00,1.00,1.00,1.00,"",-76,-1.9,-162,-0.3,-471,-0.8,-577,-1.0,-323489,-0.1,5723814,10.7,-131447,-8.8,6,0.7
"CS425","0","10","30","0","2017","4","",4018,61109,61321,61392,663451634,52059556,1514420,833,"",1.00,1.00,1.00,1.00,1.00,1.00,1.00,1.00,"",17,0.4,-1336,-2.1,-1432,-2.3,-982,-1.6,21161645,3.3,-108216,-0.2,159584,11.8,43,5.4
"CS426","0","10","30","0","2017","4","",8687,177406,177370,177061,2277505838,170339821,5717733,988,"",1.00,1.00,1.00,1.00,1.00,1.00,1.00,1.00,"",-616,-6.6,-969,-0.5,-1173,-0.7,477,0.3,-30924137,-1.3,23690492,16.2,1167312,25.7,-11,-1.1
"CS428","0","10","30","0","2017","4","",190297,3254500,3267039,3267122,49419262941,4444611401,142370486,1165,"",1.00,1.00,1.00,1.00,1.00,1.00,1.00,1.00,"",-4,0.0,31105,1.0,35225,1.1,33947,1.0,1862952759,3.9,231360408,5.5,-675838,-0.5,32,2.8
"CS430","0","10","30","0","2017","4","",69545,1214936,1215938,1213927,16905753633,933108066,50878090,1070,"",1.00,1.00,1.00,1.00,1.00,1.00,1.00,1.00,"",-91,-0.1,13478,1.1,11136,0.9,13595,1.1,708052895,4.4,57699983,6.6,1929411,3.9,34,3.3
"CS434","0","10","30","0","2017","4","",4132,74537,76318,79415,481245004,27157573,948696,482,"",1.00,1.00,1.00,1.00,1.00,1.00,1.00,1.00,"",-43,-1.0,-9099,-10.9,-7892,-9.4,-6794,-7.9,-30146660,-5.9,-6527318,-19.4,-282890,-23.0,17,3.7
"CS438","0","10","30","0","2017","4","",25367,323038,320307,321241,3997070724,301575656,5370585,956,"",1.00,1.00,1.00,1.00,1.00,1.00,1.00,1.00,"",140,0.6,4555,1.4,5635,1.8,6220,2.0,181389558,4.8,8094396,2.8,-533878,-9.0,27,2.9
"CS440","0","10","30","0","2017","4","",110718,1473533,1476404,1475707,20866312373,5421455417,110456749,1088,"",1.00,1.00,1.00,1.00,1.00,1.00,1.00,1.00,"",2787,2.6,35793,2.5,33530,2.3,38449,2.7,1443784417,7.4,506804944,10.3,8502140,8.3,50,4.8
"CS444","0","10","30","0","2017","4","",4358,74974,74889,74698,801508711,91674097,1765015,824,"",1.00,1.00,1.00,1.00,1.00,1.00,1.00,1.00,"",254,6.2,1110,1.5,917,1.2,1173,1.6,42501797,5.6,5892504,6.9,125773,7.7,33,4.2
"CS446","0","10","30","0","2017","4","",2356,32305,32417,32168,355557640,88557630,710164,847,"",1.00,1.00,1.00,1.00,1.00,1.00,1.00,1.00,"",-8,-0.3,-3,0.0,184,0.6,228,0.7,15944516,4.7,5718337,6.9,-7929,-1.1,35,4.3
"CS448","0","10","30","0","2017","4","",3178,52613,52977,53221,544023449,50226657,945010,791,"",1.00,1.00,1.00,1.00,1.00,1.00,1.00,1.00,"",-30,-0.9,65,0.1,264,0.5,527,1.0,13421748,2.5,1018475,2.1,-78418,-7.7,16,2.1
"CS450","0","10","30","0","2017","4","",58916,997374,1002972,1002042,14232113191,1878035482,18954632,1094,"",1.00,1.00,1.00,1.00,1.00,1.00,1.00,1.00,"",1212,2.1,21204,2.2,19040,1.9,18162,1.8,661661843,4.9,90627356,5.1,-9783619,-34.0,30,2.8
"CS452","0","10","30","0","2017","4","",6847,78603,76992,76854,801533645,94728059,700018,796,"",1.00,1.00,1.00,1.00,1.00,1.00,1.00,1.00,"",74,1.1,1216,1.6,865,1.1,1423,1.9,35304805,4.6,2864188,3.1,50293,7.7,24,3.1
"CS454","0","10","30","0","2017","4","",8851,87004,85846,84606,954666703,63741119,3025931,856,"",1.00,1.00,1.00,1.00,1.00,1.00,1.00,1.00,"",313,3.7,1261,1.5,1829,2.2,2479,3.0,67647660,7.6,3008414,5.0,51200,1.7,43,5.3
"CS456","0","10","30","0","2017","4","",19939,293788,295353,296129,3714799879,958905035,20273671,968,"",1.00,1.00,1.00,1.00,1.00,1.00,1.00,1.00,"",212,1.1,13466,4.8,14202,5.1,14635,5.2,278823662,8.1,123386436,14.8,3163458,18.5,27,2.9
"CS458","0","10","30","0","2017","4","",1854,36456,36867,36950,355966267,30484621,546736,745,"",1.00,1.00,1.00,1.00,1.00,1.00,1.00,1.00,"",-11,-0.6,-170,-0.5,281,0.8,223,0.6,16131014,4.7,1045768,3.6,-72342,-11.7,32,4.5
"CS462","0","10","30","0","2017","4","",6008,133499,133486,133034,1831402706,255799816,3066648,1057,"",1.00,1.00,1.00,1.00,1.00,1.00,1.00,1.00,"",240,4.2,1103,0.8,1279,1.0,1600,1.2,45390739,2.5,13080341,5.4,-26241,-0.8,16,1.5
"CS464","0","10","30","0","2017","4","",29329,553970,550382,548620,6832076799,434007081,13182583,954,"",1.00,1.00,1.00,1.00,1.00,1.00,1.00,1.00,"",31,0.1,3271,0.6,1907,0.3,3951,0.7,240293476,3.6,19839144,4.8,-1558043,-10.6,29,3.1
"CS466","0","10","30","0","2017","4","",8919,178773,179352,179393,2111054423,184675520,5522875,906,"",1.00,1.00,1.00,1.00,1.00,1.00,1.00,1.00,"",-843,-8.6,963,0.5,1334,0.7,1971,1.1,97572062,4.8,6018696,3.4,-477948,-8.0,35,4.0
"CS468","0","10","30","0","2017","4","",6289,114589,115011,114825,1142471372,227657184,2690921,765,"",1.00,1.00,1.00,1.00,1.00,1.00,1.00,1.00,"",60,1.0,-1045,-0.9,-1753,-1.5,-1725,-1.5,15992173,1.4,7591264,3.4,-1235392,-31.5,20,2.7
"CS470","0","10","30","0","2017","4","",2276,45886,46092,45957,490427616,41597418,737370,820,"",1.00,1.00,1.00,1.00,1.00,1.00,1.00,1.00,"",-211,-8.5,535,1.2,438,1.0,633,1.4,23296721,5.0,3556246,9.3,7998,1.1,29,3.7
"CS472","0","10","30","0","2017","4","",92366,1061109,1062054,1059780,15642256812,688150160,30298111,1134,"",1.00,1.00,1.00,1.00,1.00,1.00,1.00,1.00,"",4143,4.7,23963,2.3,22087,2.1,28387,2.8,930843860,6.3,55894455,8.8,1193415,4.1,42,3.8
"CS474","0","10","30","0","2017","4","",9147,155081,155810,155132,2229482380,109266761,3340727,1104,"",1.00,1.00,1.00,1.00,1.00,1.00,1.00,1.00,"",256,2.9,-2126,-1.4,-2548,-1.6,-2058,-1.3,374793336,20.2,1987297,1.9,-172265,-4.9,199,22.0
"CS476","0","10","30","0","2017","4","",89859,1367443,1370601,1370097,18275892164,1466244586,25354835,1027,"",1.00,1.00,1.00,1.00,1.00,1.00,1.00,1.00,"",3965,4.6,6775,0.5,12276,0.9,15668,1.2,642667839,3.6,49707223,3.5,-6579548,-20.6,28,2.8
"CS482","0","10","30","0","2017","4","",83844,1240571,1247982,1253995,15771989633,3987101522,24085840,973,"",1.00,1.00,1.00,1.00,1.00,1.00,1.00,1.00,"",3192,4.0,34634,2.9,38936,3.2,42334,3.5,928328744,6.3,311989614,8.5,-907470,-3.6,28,3.0
"CS488","0","10","30","0","2017","4","",337432,4283078,4294380,4292937,103969268079,2918369955,124613748,1864,"",1.00,1.00,1.00,1.00,1.00,1.00,1.00,1.00,"",10024,3.1,83676,2.0,91727,2.2,99377,2.4,9422791837,10.0,145882503,5.3,97525,0.1,132,7.6
"CS490","0","10","30","0","2017","4","",33352,648228,668446,696888,5200364489,308136473,10839740,596,"",1.00,1.00,1.00,1.00,1.00,1.00,1.00,1.00,"",-709,-2.1,-49807,-7.1,-33826,-4.8,-23658,-3.3,-128563212,-2.4,9990191,3.4,324630,3.1,16,2.8
"CS496","0","10","30","0","2017","4","",11875,218438,220364,218295,2439463996,226233861,3578952,857,"",1.00,1.00,1.00,1.00,1.00,1.00,1.00,1.00,"",-1079,-8.3,7486,3.5,5893,2.7,4724,2.2,130538539,5.7,19259254,9.3,-46727,-1.3,23,2.8
"CS500","0","10","30","0","2017","4","",154306,2263511,2272944,2280615,40094068848,9001476155,95586227,1357,"",1.00,1.00,1.00,1.00,1.00,1.00,1.00,1.00,"",-453,-0.3,49185,2.2,48990,2.2,51365,2.3,3146003654,8.5,582713035,6.9,-5216244,-5.2,78,6.1
"CS512","0","10","30","0","2017","4","",5855,93893,94217,93983,1069756652,192543742,2751886,875,"",1.00,1.00,1.00,1.00,1.00,1.00,1.00,1.00,"",26,0.4,569,0.6,1037,1.1,1483,1.6,26327529,2.5,4824050,2.6,-456256,-14.2,12,1.4
"CS515","0","10","30","0","2017","4","",15583,350606,350017,350139,4185937707,323734807,7709681,919,"",1.00,1.00,1.00,1.00,1.00,1.00,1.00,1.00,"",11,0.1,6468,1.9,6124,1.8,6524,1.9,236754651,6.0,37353367,13.0,138439,1.8,36,4.1
"CS518","0","10","30","0","2017","4","",22636,296000,295436,294477,3396057152,1157811605,14629004,885,"",1.00,1.00,1.00,1.00,1.00,1.00,1.00,1.00,"",138,0.6,5198,1.8,4651,1.6,5460,1.9,203296710,6.4,74778512,6.9,-302716,-2.0,39,4.6
"CS520","0","10","30","0","2017","4","",15653,238462,238721,237848,2402711469,282800117,4122808,775,"",1.00,1.00,1.00,1.00,1.00,1.00,1.00,1.00,"",822,5.5,3124,1.3,2371,1.0,3296,1.4,112268015,4.9,8767933,3.2,-1446540,-26.0,27,3.6
"CS521","0","10","30","0","2017","4","",25634,305689,305302,305105,3777439330,689015050,10967787,952,"",1.00,1.00,1.00,1.00,1.00,1.00,1.00,1.00,"",174,0.7,2781,0.9,2178,0.7,2675,0.9,120893484,3.3,9608065,1.4,257912,2.4,23,2.5
"CS522","0","10","30","0","2017","4","",7120,165380,166035,165881,2143858853,126216640,3499986,995,"",1.00,1.00,1.00,1.00,1.00,1.00,1.00,1.00,"",-568,-7.4,-1002,-0.6,-699,-0.4,184,0.1,68083999,3.3,-689007,-0.5,-324517,-8.5,35,3.6
"CS524","0","10","30","0","2017","4","",5682,99677,100401,98995,1161603252,63966414,3119628,896,"",1.00,1.00,1.00,1.00,1.00,1.00,1.00,1.00,"",-59,-1.0,434,0.4,778,0.8,627,0.6,39624241,3.5,5167167,8.8,123376,4.1,25,2.9
"CS525","0","10","30","0","2017","4","",2260,18680,19746,20962,224186104,37505920,594126,871,"",1.00,1.00,1.00,1.00,1.00,1.00,1.00,1.00,"",46,2.1,233,1.3,1310,7.1,436,2.1,2059721,0.9,2954489,8.6,3244,0.5,-22,-2.5
"CS532","0","10","30","0","2017","4","",18634,329938,330137,329635,4169928035,246916525,7279927,972,"",1.00,1.00,1.00,1.00,1.00,1.00,1.00,1.00,"",-149,-0.8,-459,-0.1,378,0.1,380,0.1,165133903,4.1,11832716,5.0,-841867,-10.4,38,4.1
"CS533","0","10","30","0","2017","4","",10971,181283,182413,181100,2022675352,106406765,1246232,857,"",1.00,1.00,1.00,1.00,1.00,1.00,1.00,1.00,"",10,0.1,2103,1.2,2554,1.4,3503,2.0,101055987,5.3,4642827,4.6,-166176,-11.8,31,3.8
"CS534","0","10","30","0","2017","4","",15433,309539,310556,308942,3605878953,234079957,6758327,896,"",1.00,1.00,1.00,1.00,1.00,1.00,1.00,1.00,"",193,1.3,-1268,-0.4,-32,0.0,-710,-0.2,76115869,2.2,9428657,4.2,1107075,19.6,21,2.4
"CS536","0","10","30","0","2017","4","",20026,380453,383970,386069,4450804466,248068026,5447659,893,"",1.00,1.00,1.00,1.00,1.00,1.00,1.00,1.00,"",198,1.0,4797,1.3,4665,1.2,5008,1.3,214663603,5.1,8281036,3.5,-29547,-0.5,32,3.7
"CS538","0","10","30","0","2017","4","",32157,493907,496202,497719,5949009082,817675134,8155685,923,"",1.00,1.00,1.00,1.00,1.00,1.00,1.00,1.00,"",770,2.5,3637,0.7,4082,0.8,5461,1.1,206469404,3.6,46049378,6.0,971060,13.5,24,2.7
"CS540","0","10","30","0","2017","4","",7091,118513,119299,119592,1356196191,100066531,1942514,876,"",1.00,1.00,1.00,1.00,1.00,1.00,1.00,1.00,"",159,2.3,1502,1.3,1761,1.5,1625,1.4,72049860,5.6,5046619,5.3,273978,16.4,35,4.2
"CS544","0","10","30","0","2017","4","",3268,50474,50855,50917,646410569,43573025,1177558,980,"",1.00,1.00,1.00,1.00,1.00,1.00,1.00,1.00,"",21,0.6,-631,-1.2,-367,-0.7,-157,-0.3,19785824,3.2,1686884,4.0,193320,19.6,37,3.9
"CS545","0","10","30","0","2017","4","",45467,785362,785978,787639,9398568968,609338150,10424151,919,"",1.00,1.00,1.00,1.00,1.00,1.00,1.00,1.00,"",1059,2.4,7758,1.0,7016,0.9,10976,1.4,284191390,3.1,37012535,6.5,-686974,-6.2,18,2.0
"CS546","0","10","30","0","2017","4","",14458,209771,210199,206650,2219199767,187977506,9335939,817,"",1.00,1.00,1.00,1.00,1.00,1.00,1.00,1.00,"",746,5.4,2880,1.4,3288,1.6,861,0.4,116350387,5.5,1713046,0.9,131066,1.4,34,4.3
"CS548","0","10","30","0","2017","4","",285616,4770967,4792763,4786768,84793131138,3414207415,71689957,1364,"",1.00,1.00,1.00,1.00,1.00,1.00,1.00,1.00,"",4206,1.5,49413,1.0,44554,0.9,36496,0.8,3211192861,3.9,-41443339,-1.2,-8501996,-10.6,40,3.0
"CS554","0","10","30","0","2017","4","",8047,155803,155742,155565,1740795471,153740235,3277837,860,"",1.00,1.00,1.00,1.00,1.00,1.00,1.00,1.00,"",228,2.9,602,0.4,498,0.3,793,0.5,40558187,2.4,3490696,2.3,-792108,-19.5,17,2.0
"CS556","0","10","30","0","2017","4","",16295,305783,307164,307227,3516380245,651951287,5446307,882,"",1.00,1.00,1.00,1.00,1.00,1.00,1.00,1.00,"",-356,-2.1,-2235,-0.7,-1296,-0.4,-32,0.0,40266031,1.2,-12546120,-1.9,-647761,-10.6,14,1.6
"CS558","0","10","30","0","2017","4","",4055,64832,65271,64658,725929385,48603142,2839349,860,"",1.00,1.00,1.00,1.00,1.00,1.00,1.00,1.00,"",1,0.0,497,0.8,734,1.1,483,0.8,44885305,6.6,6666925,15.9,412005,17.0,46,5.7
"CS566","0","10","30","0","2017","4","",15276,242059,243027,242103,2458967147,184094355,6081133,780,"",1.00,1.00,1.00,1.00,1.00,1.00,1.00,1.00,"",-17,-0.1,-2992,-1.2,-2970,-1.2,-2345,-1.0,31034526,1.3,3408009,1.9,828733,15.8,18,2.4
"US000","0","10","10","0","2017","4","",9942980,145403955,145980535,145941717,2101934259089,186934710970,3900587482,1109,"",1.00,1.00,1.00,1.00,1.00,1.00,1.00,1.00,"",114139,1.2,1960489,1.4,2048440,1.4,2143622,1.5,108151915360,5.4,8308334833,4.7,-74217316,-1.9,42,3.9
"US000","1","10","11","0","2017","4","",59637,2798855,2793716,2811410,57775869586,0,0,1586,"",1.00,1.00,1.00,1.00,1.00,0.00,0.00,1.00,"",-722,-1.2,-800,0.0,-10024,-0.4,-23002,-0.8,1560894269,2.8,0,0.0,0,0.0,49,3.2
"US000","2","10","11","0","2017","4","",69670,4667318,4676126,4653967,68622791724,2373552806,5141636,1131,"",1.00,1.00,1.00,1.00,1.00,1.00,1.00,1.00,"",346,0.5,51018,1.1,51850,1.1,46267,1.0,2596738938,3.9,2833434,0.1,-1716178,-25.0,31,2.8
"US000","3","10","11","0","2017","4","",169000,14407320,14496237,14443108,180742085116,3700536009,20528362,962,"",1.00,1.00,1.00,1.00,1.00,1.00,1.00,1.00,"",-398,-0.2,22684,0.2,-7639,-0.1,15476,0.1,4821317076,2.7,114660096,3.2,-2600170,-11.2,25,2.7
"US000","5","10","11","0","2017","4","",9644673,123530462,124014456,124033232,1794793512663,180860622155,3874917484,1115,"",1.00,1.00,1.00,1.00,1.00,1.00,1.00,1.00,"",114913,1.2,1887587,1.6,2014253,1.7,2104881,1.7,99172965077,5.8,8190841303,4.7,-69900968,-1.8,45,4.2
"US000","8","10","95","0","2017","4","",298307,21873493,21966079,21908485,307140746426,6074088815,25669998,1078,"",1.00,1.00,1.00,1.00,1.00,1.00,1.00,1.00,"",-774,-0.3,72902,0.3,34187,0.2,38741,0.2,8978950283,3.0,117493530,2.0,-4316348,-14.4,29,2.8
"US000","9","10","94","0","2017","4","",9883343,142605100,143186819,143130307,2044158389503,186934710970,3900587482,1100,"",1.00,1.00,1.00,1.00,1.00,1.00,1.00,1.00,"",114861,1.2,1961289,1.4,2058464,1.5,2166624,1.5,106591021091,5.5,8308334833,4.7,-74217316,-1.9,42,4.0
"USCMS","0","10","92","0","2017","4","",7171074,111485468,112034050,112062477,1679912152589,141581260946,3007408141,1155,"",0.72,0.77,0.77,0.77,0.80,0.76,0.77,1.04,"",91920,1.3,1536134,1.4,1599817,1.4,1661317,1.5,88390756015,5.6,6539038611,4.8,-71843830,-2.3,45,4.1
"USMSA","0","10","91","0","2017","4","",8048510,125740111,126361975,126349273,1867846239945,157769873687,3320149610,1139,"",0.81,0.86,0.87,0.87,0.89,0.84,0.85,1.03,"",116152,1.5,1805568,1.5,1876950,1.5,1939838,1.6,97627186395,5.5,7266967208,4.8,-65933412,-1.9,43,3.9
"USNMS","0","10","93","0","2017","4","",1894470,19663844,19618560,19592444,234088019144,29164837283,580437872,918,"",0.19,0.14,0.13,0.13,0.11,0.16,0.15,0.83,"",-2013,-0.1,154921,0.8,171490,0.9,203784,1.1,10524728965,4.7,1041367625,3.7,-8283904,-1.4,34,3.8
